0.000000,0.296186,0.345212,0.390963,0.397427,0.398862,0.404450,0.437783,0.444481,0.449693,0.462710,0.471165,0.474026,0.477236,0.483841,0.490174,0.499167,0.499838,0.502291,0.505307,0.511739,0.512564,0.512724,0.513431,0.516198,0.519475,0.529933,0.530210,0.530340,0.530763,0.532352,0.534261,0.534720,0.535539,0.538027,0.538466,0.540884,0.541225,0.541792,0.542427,0.542879,0.543651,0.543811,0.546322,0.547390,0.548219,0.550028,0.550580,0.550697,0.550865,0.553929,0.554767,0.556606,0.557889,0.558070,0.558246,0.559102,0.560252,0.560966,0.561505,0.562061,0.563320,0.565121,0.566373,0.566540,0.566980,0.567063,0.567200,0.567825,0.568444,0.568617,0.569225,0.571113,0.571194,0.571236,0.571278,0.572777,0.573797,0.574174,0.574287,0.574407,0.574569,0.575425,0.576066,0.576178,0.576786,0.576842,0.577851,0.579048,0.579366,0.579436,0.580154,0.580283,0.580396,0.580629,0.580631,0.581513,0.581610,0.582009,0.582165,0.582189
0.296186,0.000000,0.360307,0.301111,0.481254,0.390847,0.556161,0.504021,0.210734,0.291993,0.277161,0.441412,0.310227,0.322438,0.450814,0.542696,0.338922,0.553105,0.507877,0.467822,0.518237,0.452462,0.397554,0.529034,0.578526,0.423602,0.593870,0.577169,0.607843,0.480755,0.514822,0.592668,0.422468,0.617125,0.638693,0.609880,0.547531,0.405960,0.487634,0.506971,0.449626,0.603106,0.736026,0.543546,0.494373,0.450283,0.577567,0.521501,0.391503,0.446150,0.502384,0.523568,0.431291,0.629634,0.479043,0.408214,0.599115,0.544967,0.662976,0.640930,0.466363,0.649523,0.579572,0.430632,0.611853,0.531748,0.574844,0.355662,0.612790,0.510347,0.501427,0.433463,0.742320,0.559698,0.693348,0.383520,0.559776,0.581348,0.555722,0.552334,0.488445,0.531541,0.421033,0.615932,0.560018,0.540576,0.466206,0.603925,0.615225,0.623999,0.525324,0.455311,0.536375,0.462361,0.538581,0.611773,0.605441,0.458922,0.572728,0.656029,0.643485
0.345212,0.360307,0.000000,0.450859,0.323027,0.403923,0.627705,0.490698,0.485913,0.414528,0.516914,0.322895,0.387880,0.502122,0.367970,0.562384,0.380223,0.397637,0.364873,0.406078,0.578858,0.519849,0.432142,0.580925,0.559430,0.591772,0.491724,0.592841,0.674308,0.614643,0.366518,0.451652,0.545863,0.568496,0.490547,0.559458,0.427682,0.579744,0.440694,0.450129,0.605844,0.586793,0.641695,0.463867,0.651821,0.490970,0.609227,0.509308,0.594972,0.622830,0.608936,0.421684,0.525428,0.599404,0.386860,0.493790,0.672814,0.451109,0.668567,0.613043,0.506699,0.564316,0.632113,0.561339,0.603795,0.500124,0.637282,0.602805,0.571400,0.493909,0.592653,0.519172,0.638695,0.594971,0.621963,0.581480,0.481246,0.555614,0.513308,0.577220,0.452664,0.637644,0.552020,0.591411,0.468120,0.611868,0.465818,0.456199,0.513085,0.548222,0.462848,0.587825,0.500864,0.624534,0.352749,0.672634,0.557589,0.674711,0.567320,0.751764,0.583623
0.390963,0.301111,0.450859,0.000000,0.417475,0.438010,0.496098,0.553100,0.318521,0.342037,0.368767,0.450768,0.362295,0.296132,0.459323,0.377481,0.352380,0.513882,0.461957,0.427452,0.486418,0.441783,0.418169,0.437608,0.550349,0.331248,0.545306,0.503864,0.530692,0.452756,0.550596,0.755476,0.477740,0.573725,0.559397,0.582819,0.546726,0.398372,0.433270,0.440128,0.434691,0.610595,0.589339,0.516023,0.401880,0.442468,0.494065,0.442267,0.321775,0.475971,0.426127,0.541885,0.512203,0.442320,0.434756,0.485061,0.438340,0.522978,0.596230,0.603638,0.586179,0.605870,0.484415,0.465826,0.585690,0.461750,0.502078,0.416732,0.561253,0.509244,0.398772,0.409759,0.746385,0.505883,0.662436,0.477262,0.570095,0.578032,0.534969,0.462899,0.464837,0.314820,0.414518,0.569759,0.534505,0.444839,0.448107,0.607890,0.506927,0.595704,0.505492,0.462877,0.496855,0.352318,0.552080,0.492406,0.619665,0.362013,0.566412,0.677179,0.686723
0.397427,0.481254,0.323027,0.417475,0.000000,0.373684,0.664813,0.436512,0.587259,0.519710,0.554069,0.302060,0.510371,0.622892,0.384007,0.595908,0.246794,0.365471,0.282604,0.285864,0.568111,0.543879,0.506773,0.582386,0.612606,0.660419,0.504930,0.496568,0.639516,0.581581,0.372374,0.497452,0.571860,0.530639,0.493520,0.528633,0.347412,0.656704,0.430509,0.421396,0.641032,0.652489,0.580104,0.277292,0.720687,0.579200,0.539428,0.467723,0.679554,0.692343,0.598959,0.351854,0.601101,0.538748,0.550842,0.653627,0.730525,0.328164,0.647606,0.591201,0.462552,0.597411,0.581316,0.586572,0.572972,0.397719,0.558985,0.653813,0.555906,0.456396,0.647865,0.581969,0.666743,0.660316,0.550572,0.671511,0.395679,0.560756,0.554164,0.545381,0.489488,0.572974,0.554784,0.648634,0.441010,0.691862,0.444961,0.383646,0.559052,0.532779,0.449747,0.559476,0.494858,0.673091,0.387129,0.559700,0.639953,0.742636,0.534086,0.777709,0.660561
0.398862,0.390847,0.403923,0.438010,0.373684,0.000000,0.677849,0.516036,0.435131,0.472424,0.450525,0.467065,0.476640,0.424461,0.529061,0.528367,0.449880,0.614969,0.509265,0.489220,0.427116,0.627448,0.550410,0.526798,0.658232,0.554537,0.501922,0.387167,0.701015,0.396909,0.556276,0.514873,0.314483,0.513801,0.623490,0.683189,0.586655,0.502334,0.568705,0.462309,0.503197,0.729617,0.654469,0.532648,0.521257,0.451834,0.648718,0.576844,0.555448,0.537258,0.635462,0.561256,0.403640,0.577663,0.638370,0.619845,0.647681,0.550968,0.688953,0.546625,0.539373,0.710962,0.476161,0.530041,0.727889,0.474252,0.643421,0.548835,0.577219,0.659408,0.550510,0.494266,0.756004,0.588208,0.477405,0.601150,0.584359,0.531247,0.619162,0.487893,0.638043,0.547232,0.489372,0.541864,0.589351,0.575244,0.614927,0.521300,0.667866,0.599460,0.663567,0.525933,0.684603,0.582930,0.579767,0.629940,0.589769,0.636238,0.579337,0.788823,0.623328
0.404450,0.556161,0.627705,0.496098,0.664813,0.677849,0.000000,0.723769,0.561172,0.623560,0.564688,0.632796,0.608929,0.581228,0.601631,0.547257,0.626135,0.712185,0.660957,0.652659,0.667690,0.580436,0.610065,0.507363,0.635977,0.608489,0.650149,0.670763,0.691434,0.586137,0.726090,0.737780,0.674949,0.715581,0.664651,0.485699,0.736151,0.632053,0.575145,0.674064,0.657451,0.399820,0.738291,0.688552,0.505498,0.602441,0.473533,0.630365,0.597788,0.674385,0.455506,0.747206,0.726764,0.713483,0.546591,0.651498,0.598155,0.655208,0.583234,0.683282,0.723124,0.532799,0.642343,0.671835,0.453639,0.653794,0.492754,0.682066,0.579475,0.620259,0.616794,0.642382,0.757880,0.665660,0.764177,0.692077,0.745209,0.620255,0.674338,0.594461,0.565314,0.602999,0.642606,0.708180,0.586948,0.657792,0.576888,0.744426,0.689924,0.601724,0.634592,0.640819,0.599689,0.671502,0.795813,0.533518,0.629003,0.577991,0.697644,0.349171,0.781264
0.437783,0.504021,0.490698,0.553100,0.436512,0.516036,0.723769,0.000000,0.581279,0.531719,0.591341,0.523383,0.533851,0.608096,0.546112,0.653361,0.513047,0.492024,0.513695,0.445006,0.633713,0.650327,0.499252,0.714631,0.624506,0.639306,0.636511,0.613598,0.702790,0.721481,0.437230,0.557405,0.640659,0.713499,0.648523,0.694868,0.500406,0.634729,0.549009,0.590085,0.630216,0.672530,0.681529,0.627124,0.722745,0.657540,0.717231,0.633089,0.616683,0.664870,0.702283,0.506030,0.575399,0.708942,0.648254,0.572900,0.709736,0.659839,0.721441,0.704283,0.604205,0.700225,0.706117,0.591274,0.731098,0.617240,0.717305,0.648764,0.671586,0.596782,0.638474,0.707984,0.627980,0.617154,0.682114,0.668668,0.446267,0.739898,0.665056,0.660436,0.594085,0.652716,0.626543,0.712642,0.698548,0.659883,0.621135,0.514674,0.649560,0.687519,0.638451,0.709878,0.608405,0.666351,0.326269,0.694788,0.694395,0.694687,0.743236,0.770202,0.622231
0.444481,0.210734,0.485913,0.318521,0.587259,0.435131,0.561172,0.581279,0.000000,0.335212,0.237223,0.560679,0.343513,0.330874,0.517510,0.553829,0.451770,0.637934,0.625239,0.581917,0.489071,0.523652,0.386499,0.537794,0.683475,0.421441,0.666076,0.557763,0.647719,0.458391,0.577961,0.647966,0.439543,0.661738,0.673543,0.667003,0.651996,0.365226,0.525409,0.528379,0.398301,0.712095,0.813300,0.621193,0.453829,0.476272,0.581056,0.541053,0.360082,0.375962,0.519358,0.590885,0.462473,0.599731,0.459331,0.363282,0.624794,0.636892,0.683134,0.660934,0.471692,0.682884,0.537980,0.424117,0.643169,0.573410,0.568399,0.239945,0.615640,0.594420,0.503399,0.400019,0.819359,0.524379,0.723725,0.443192,0.609565,0.596020,0.556734,0.505813,0.525905,0.569630,0.413695,0.639598,0.606208,0.550670,0.486834,0.678740,0.654842,0.690612,0.583150,0.477563,0.552537,0.481167,0.599248,0.631667,0.624957,0.420118,0.642367,0.665381,0.666337
0.449693,0.291993,0.414528,0.342037,0.519710,0.472424,0.623560,0.531719,0.335212,0.000000,0.389989,0.434143,0.069877,0.377515,0.411653,0.570006,0.420662,0.588752,0.477105,0.443376,0.604248,0.543300,0.388457,0.584305,0.636560,0.466732,0.627620,0.572935,0.664923,0.565966,0.459812,0.610254,0.501539,0.653390,0.636992,0.606299,0.544352,0.481776,0.479721,0.480070,0.502367,0.738495,0.698408,0.594826,0.500162,0.527284,0.658945,0.557148,0.433275,0.478101,0.635836,0.524761,0.553916,0.622931,0.430959,0.494421,0.624877,0.607137,0.657994,0.693523,0.540243,0.729695,0.579263,0.474196,0.597112,0.548022,0.656682,0.438723,0.662558,0.505469,0.456919,0.445688,0.713528,0.608731,0.670457,0.527711,0.531621,0.604637,0.551257,0.561871,0.460753,0.569164,0.482170,0.577661,0.575967,0.463163,0.491659,0.570559,0.562868,0.670821,0.506926,0.494512,0.485860,0.462298,0.471290,0.700098,0.629940,0.540132,0.658587,0.689929,0.695828
0.462710,0.277161,0.516914,0.368767,0.554069,0.450525,0.564688,0.591341,0.237223,0.389989,0.000000,0.513927,0.399158,0.387791,0.510619,0.596818,0.439723,0.618348,0.551511,0.483868,0.616902,0.668011,0.369653,0.645332,0.663117,0.446514,0.674961,0.629821,0.669521,0.518134,0.487959,0.593981,0.469598,0.702772,0.756795,0.650381,0.568468,0.474603,0.502851,0.503719,0.516051,0.704202,0.746955,0.660067,0.592147,0.462437,0.611225,0.694370,0.419844,0.418541,0.546915,0.543575,0.511576,0.698620,0.525056,0.498387,0.623735,0.656288,0.657200,0.730468,0.370253,0.711807,0.631795,0.508114,0.643229,0.550745,0.584150,0.356287,0.613464,0.586721,0.550924,0.507793,0.752169,0.635875,0.766492,0.589201,0.540065,0.702986,0.631285,0.574532,0.522150,0.594747,0.330037,0.719226,0.611636,0.600513,0.510230,0.733843,0.667582,0.668570,0.593957,0.490741,0.550562,0.540783,0.566199,0.659715,0.739336,0.512596,0.717401,0.636322,0.716056
0.471165,0.441412,0.322895,0.450768,0.302060,0.467065,0.632796,0.523383,0.560679,0.434143,0.513927,0.000000,0.403500,0.541505,0.315721,0.661933,0.324864,0.409400,0.277316,0.284572,0.729125,0.632147,0.442613,0.642865,0.620266,0.646043,0.564816,0.651708,0.746187,0.676389,0.372882,0.524782,0.563849,0.683133,0.602145,0.537839,0.350677,0.670775,0.354848,0.463254,0.687737,0.633592,0.720482,0.453823,0.662828,0.543324,0.606555,0.561485,0.632026,0.694850,0.617971,0.414016,0.560432,0.719005,0.462382,0.614074,0.746145,0.450022,0.723544,0.716851,0.504471,0.639818,0.655541,0.526393,0.556467,0.460477,0.624116,0.638796,0.648203,0.376238,0.620689,0.580332,0.680915,0.720044,0.686876,0.669136,0.423350,0.572756,0.522052,0.569394,0.377783,0.635399,0.540419,0.666697,0.382692,0.642424,0.401625,0.491474,0.597798,0.588353,0.401621,0.572827,0.457504,0.634173,0.355703,0.661512,0.672530,0.748158,0.615804,0.680828,0.693551
0.474026,0.310227,0.387880,0.362295,0.510371,0.476640,0.608929,0.533851,0.343513,0.069877,0.399158,0.403500,0.000000,0.391907,0.395940,0.571596,0.408289,0.563361,0.450762,0.425425,0.605578,0.575196,0.397991,0.602664,0.634620,0.486229,0.597750,0.590070,0.686178,0.552708,0.448429,0.615149,0.494384,0.661775,0.622631,0.579692,0.516789,0.471047,0.461328,0.501473,0.520797,0.709612,0.718587,0.574401,0.521640,0.521569,0.659543,0.570781,0.461817,0.501800,0.631353,0.504152,0.557286,0.664394,0.379919,0.427794,0.623484,0.569523,0.650162,0.720671,0.537050,0.708570,0.581773,0.434218,0.563415,0.552547,0.664079,0.468768,0.676260,0.484663,0.497136,0.440571,0.720314,0.568209,0.700619,0.536744,0.531599,0.588014,0.577070,0.563875,0.406878,0.594572,0.471800,0.645696,0.517215,0.525100,0.429521,0.550232,0.579946,0.683260,0.455464,0.509093,0.463493,0.494469,0.425255,0.708732,0.657956,0.572415,0.638458,0.672249,0.707222
0.477236,0.322438,0.502122,0.296132,0.622892,0.424461,0.581228,0.608096,0.330874,0.377515,0.387791,0.541505,0.391907,0.000000,0.523474,0.468361,0.445507,0.632120,0.589273,0.543732,0.584664,0.504439,0.532082,0.540323,0.548335,0.376117,0.581880,0.533448,0.663121,0.513869,0.649668,0.715763,0.340846,0.634869,0.678611,0.648115,0.666969,0.505638,0.542013,0.447832,0.517558,0.656405,0.725964,0.617568,0.358537,0.319846,0.579463,0.516164,0.399487,0.467676,0.543912,0.641203,0.398243,0.599398,0.528151,0.552240,0.561620,0.609258,0.626546,0.671400,0.665952,0.621475,0.540677,0.452861,0.661498,0.513435,0.578691,0.413369,0.659853,0.584618,0.267290,0.437632,0.818946,0.554005,0.690441,0.470078,0.656673,0.639034,0.619965,0.391835,0.558918,0.449027,0.426226,0.531357,0.549337,0.401061,0.566455,0.695225,0.567001,0.621526,0.603050,0.374669,0.617538,0.300146,0.651491,0.634090,0.628540,0.487806,0.576479,0.705970,0.662468
0.483841,0.450814,0.367970,0.459323,0.384007,0.529061,0.601631,0.546112,0.517510,0.411653,0.510619,0.315721,0.395940,0.523474,0.000000,0.640251,0.402869,0.380882,0.300444,0.298349,0.673192,0.676713,0.465821,0.608132,0.683617,0.644892,0.590506,0.624124,0.744807,0.606811,0.466448,0.601670,0.627946,0.652163,0.669586,0.583761,0.314934,0.593964,0.188825,0.534538,0.622772,0.720083,0.738941,0.556159,0.601567,0.624047,0.603154,0.616834,0.586133,0.679463,0.572243,0.348641,0.595217,0.733269,0.350606,0.583684,0.720702,0.559246,0.675317,0.719079,0.500569,0.621464,0.652831,0.596113,0.524518,0.500412,0.605403,0.608159,0.646380,0.253541,0.623524,0.517476,0.655056,0.678192,0.712534,0.706968,0.502747,0.534930,0.416665,0.547485,0.252463,0.649526,0.576394,0.746705,0.329858,0.647639,0.258811,0.590182,0.599759,0.535705,0.276500,0.521447,0.295771,0.592579,0.403680,0.650642,0.586523,0.559851,0.673107,0.620352,0.686499
0.490174,0.542696,0.562384,0.377481,0.595908,0.528367,0.547257,0.653361,0.553829,0.570006,0.596818,0.661933,0.571596,0.468361,0.640251,0.000000,0.620403,0.611969,0.642685,0.625787,0.525271,0.547230,0.653360,0.361490,0.663994,0.350312,0.550441,0.505347,0.522948,0.482734,0.690222,0.756124,0.619685,0.597610,0.529427,0.758903,0.697511,0.488694,0.654518,0.459131,0.462910,0.605571,0.528578,0.636664,0.430548,0.540037,0.593297,0.555220,0.436890,0.482910,0.557715,0.682098,0.717749,0.549630,0.601098,0.650420,0.311302,0.637068,0.531515,0.582568,0.794825,0.636152,0.482155,0.661114,0.754065,0.462042,0.613720,0.651040,0.565593,0.643398,0.477431,0.556028,0.742694,0.624399,0.652629,0.636269,0.712746,0.529065,0.622160,0.515035,0.700516,0.382838,0.484971,0.521083,0.693333,0.454901,0.715824,0.647968,0.605830,0.745096,0.694614,0.633372,0.727300,0.465402,0.723381,0.556428,0.542481,0.500379,0.671618,0.831745,0.726196
0.499167,0.338922,0.380223,0.352380,0.246794,0.449880,0.626135,0.513047,0.451770,0.420662,0.439723,0.324864,0.408289,0.445507,0.402869,0.620403,0.000000,0.457051,0.369175,0.332154,0.651821,0.484631,0.423420,0.609988,0.681685,0.642021,0.569957,0.614397,0.748100,0.621828,0.435015,0.574470,0.480375,0.634023,0.570195,0.523665,0.423598,0.603115,0.444277,0.452801,0.658679,0.606665,0.742424,0.338961,0.635993,0.504064,0.526676,0.479108,0.572642,0.672103,0.496267,0.432078,0.509534,0.623255,0.524861,0.531544,0.729293,0.346934,0.691499,0.711257,0.445674,0.575990,0.635006,0.514144,0.520917,0.450381,0.542235,0.541398,0.594248,0.465569,0.592472,0.542437,0.760562,0.627833,0.704102,0.447722,0.461273,0.624897,0.596787,0.557556,0.476317,0.585814,0.461827,0.706076,0.442983,0.687366,0.428512,0.485363,0.577395,0.561756,0.447239,0.452223,0.508598,0.621308,0.400971,0.624315,0.696636,0.655542,0.572370,0.741340,0.744360
0.499838,0.553105,0.397637,0.513882,0.365471,0.614969,0.712185,0.492024,0.637934,0.588752,0.618348,0.409400,0.563361,0.632120,0.380882,0.611969,0.457051,0.000000,0.254947,0.327530,0.760501,0.638983,0.518959,0.685636,0.646107,0.683582,0.617236,0.648060,0.626149,0.740524,0.435480,0.645337,0.725892,0.684821,0.613765,0.647190,0.272881,0.688563,0.380593,0.538214,0.689899,0.638173,0.601442,0.585574,0.796816,0.641489,0.596877,0.619004,0.663357,0.743504,0.627866,0.322835,0.682480,0.650781,0.461950,0.663171,0.713873,0.606149,0.672891,0.686908,0.576745,0.630657,0.749460,0.635322,0.660770,0.522008,0.629352,0.750443,0.642793,0.276940,0.663414,0.675023,0.581215,0.736282,0.688372,0.756796,0.411632,0.662291,0.510961,0.626341,0.375430,0.628495,0.651575,0.753299,0.468866,0.702037,0.385682,0.621107,0.559721,0.587025,0.377371,0.660460,0.360803,0.673451,0.398951,0.683979,0.652488,0.716604,0.647312,0.831385,0.693107
0.502291,0.507877,0.364873,0.461957,0.282604,0.509265,0.660957,0.513695,0.625239,0.477105,0.551511,0.277316,0.450762,0.589273,0.300444,0.642685,0.369175,0.254947,0.000000,0.210056,0.675378,0.666100,0.443464,0.633531,0.692845,0.667912,0.620787,0.644799,0.696998,0.641456,0.409001,0.556606,0.656102,0.618051,0.613914,0.511096,0.240152,0.635782,0.309371,0.464175,0.635758,0.669134,0.628557,0.503116,0.688301,0.588521,0.575126,0.581437,0.650135,0.736831,0.584084,0.325473,0.595161,0.705200,0.405941,0.665201,0.741149,0.506704,0.720743,0.636118,0.533617,0.622972,0.693788,0.622611,0.512532,0.442632,0.557008,0.705182,0.612503,0.285849,0.674618,0.614055,0.567019,0.797199,0.685314,0.782769,0.358153,0.531607,0.470288,0.611551,0.283187,0.649379,0.574646,0.718446,0.432196,0.678751,0.319245,0.541993,0.523845,0.517675,0.309588,0.593910,0.335997,0.647710,0.349252,0.616214,0.607618,0.706485,0.578365,0.737660,0.656772
0.505307,0.467822,0.406078,0.427452,0.285864,0.489220,0.652659,0.445006,0.581917,0.443376,0.483868,0.284572,0.425425,0.543732,0.298349,0.625787,0.332154,0.327530,0.210056,0.000000,0.725013,0.656105,0.442594,0.659026,0.634313,0.627445,0.633421,0.620592,0.700071,0.654529,0.381140,0.636977,0.586611,0.668925,0.640747,0.558275,0.221693,0.689832,0.262389,0.493503,0.693011,0.665081,0.648048,0.520702,0.690607,0.587918,0.603012,0.612342,0.615516,0.715309,0.623887,0.290903,0.632051,0.672607,0.410319,0.619741,0.730381,0.480964,0.674872,0.652210,0.464945,0.701047,0.675480,0.566422,0.543614,0.460587,0.637859,0.634043,0.667477,0.308933,0.606463,0.618920,0.629457,0.781873,0.657667,0.727914,0.357259,0.653111,0.487926,0.562351,0.280373,0.617603,0.554747,0.754733,0.422468,0.658060,0.271830,0.510628,0.514468,0.536455,0.314154,0.564053,0.332148,0.604776,0.339638,0.672175,0.708283,0.675411,0.643227,0.713117,0.708210
0.511739,0.518237,0.578858,0.486418,0.568111,0.427116,0.667690,0.633713,0.489071,0.604248,0.616902,0.729125,0.605578,0.584664,0.673192,0.525271,0.651821,0.760501,0.675378,0.725013,0.000000,0.523909,0.717455,0.426854,0.736572,0.554352,0.606767,0.299244,0.671484,0.204575,0.756086,0.677343,0.663309,0.406290,0.596399,0.665922,0.765874,0.259172,0.666231,0.604377,0.273818,0.779730,0.692221,0.594140,0.451042,0.672368,0.597737,0.519863,0.449560,0.487402,0.521316,0.719922,0.661937,0.541303,0.620801,0.619714,0.625698,0.635799,0.695072,0.430823,0.661293,0.686499,0.250889,0.586659,0.690369,0.564344,0.563601,0.610941,0.548652,0.733334,0.549899,0.275328,0.758517,0.566723,0.506206,0.633688,0.747223,0.348240,0.640121,0.463777,0.720230,0.557123,0.624335,0.541091,0.650335,0.496662,0.702336,0.652792,0.672984,0.718685,0.710593,0.514304,0.748986,0.566109,0.726097,0.457075,0.360025,0.414756,0.542043,0.768829,0.747098
0.512564,0.452462,0.519849,0.441783,0.543879,0.627448,0.580436,0.650327,0.523652,0.543300,0.668011,0.632147,0.575196,0.504439,0.676713,0.547230,0.484631,0.638983,0.666100,0.656105,0.523909,0.000000,0.651319,0.532975,0.562644,0.524062,0.581462,0.502448,0.614771,0.546856,0.688132,0.726774,0.611305,0.551869,0.451779,0.537676,0.741793,0.507809,0.631502,0.595233,0.498814,0.485204,0.727259,0.516819,0.545924,0.562081,0.517088,0.135768,0.464493,0.600979,0.528279,0.661763,0.657547,0.493915,0.590220,0.587752,0.624991,0.550470,0.637703,0.606369,0.749720,0.518917,0.574380,0.574367,0.532104,0.607058,0.557219,0.648866,0.538346,0.651067,0.461445,0.473225,0.804525,0.529757,0.647057,0.481545,0.660350,0.553222,0.723885,0.495010,0.664831,0.514197,0.689577,0.493230,0.613905,0.511893,0.633930,0.581205,0.548554,0.637121,0.617466,0.538207,0.605631,0.431686,0.706598,0.584797,0.563142,0.578043,0.496264,0.734307,0.760403
0.512724,0.397554,0.432142,0.418169,0.506773,0.550410,0.610065,0.499252,0.386499,0.388457,0.369653,0.442613,0.397991,0.532082,0.465821,0.653360,0.423420,0.518959,0.443464,0.442594,0.717455,0.651319,0.000000,0.682834,0.707075,0.539905,0.600439,0.712667,0.733211,0.699241,0.424180,0.612315,0.630427,0.749478,0.647747,0.586608,0.508332,0.621231,0.481874,0.543317,0.642603,0.717779,0.708975,0.616721,0.693183,0.564729,0.582052,0.626234,0.507585,0.562271,0.601267,0.533345,0.564081,0.645340,0.415338,0.488293,0.639066,0.609059,0.642961,0.773409,0.519629,0.679129,0.608896,0.576973,0.581197,0.609054,0.597489,0.500009,0.639231,0.534440,0.619458,0.600988,0.659365,0.717406,0.756825,0.586881,0.463810,0.733402,0.629953,0.672700,0.428045,0.608795,0.524456,0.773477,0.643549,0.630348,0.475386,0.676288,0.512799,0.711106,0.495980,0.667381,0.389660,0.617021,0.466588,0.693240,0.749337,0.666047,0.708510,0.696599,0.667791
0.513431,0.529034,0.580925,0.437608,0.582386,0.526798,0.507363,0.714631,0.537794,0.584305,0.645332,0.642865,0.602664,0.540323,0.608132,0.361490,0.609988,0.685636,0.633531,0.659026,0.426854,0.532975,0.682834,0.000000,0.722401,0.504782,0.621600,0.452569,0.629358,0.361510,0.692336,0.659472,0.626841,0.518851,0.510135,0.669069,0.697106,0.407750,0.572540,0.585260,0.420971,0.637103,0.691660,0.533092,0.311257,0.573693,0.503635,0.497183,0.457583,0.607193,0.447930,0.684804,0.644201,0.630682,0.616090,0.659749,0.456929,0.551850,0.681136,0.316039,0.767571,0.614505,0.445153,0.635082,0.664995,0.509500,0.500724,0.637744,0.511442,0.661111,0.543806,0.455736,0.757630,0.594271,0.598996,0.576049,0.718743,0.371131,0.556431,0.496790,0.681899,0.475726,0.642293,0.541750,0.608898,0.513543,0.643539,0.617402,0.660773,0.676133,0.662670,0.503658,0.692331,0.542945,0.704958,0.499744,0.457508,0.433586,0.573407,0.718921,0.740523
0.516198,0.578526,0.559430,0.550349,0.612606,0.658232,0.635977,0.624506,0.683475,0.636560,0.663117,0.620266,0.634620,0.548335,0.683617,0.663994,0.681685,0.646107,0.692845,0.634313,0.736572,0.562644,0.707075,0.722401,0.000000,0.596383,0.579130,0.655288,0.659987,0.779562,0.656434,0.749559,0.687694,0.736440,0.691350,0.716813,0.721067,0.746909,0.685683,0.656106,0.769577,0.637706,0.689638,0.673012,0.649816,0.544460,0.742294,0.654540,0.662362,0.716266,0.776754,0.683498,0.691501,0.674225,0.701986,0.747670,0.626757,0.680091,0.664175,0.745169,0.782260,0.673482,0.704638,0.684922,0.750746,0.726733,0.773553,0.740543,0.790149,0.712980,0.496295,0.694623,0.766393,0.676760,0.678696,0.690594,0.710841,0.790575,0.781967,0.622589,0.725772,0.641636,0.674959,0.667955,0.666955,0.606913,0.744184,0.657163,0.512010,0.644980,0.729241,0.686734,0.720815,0.551651,0.657476,0.738638,0.691398,0.759962,0.611902,0.733416,0.702641
0.519475,0.423602,0.591772,0.331248,0.660419,0.554537,0.608489,0.639306,0.421441,0.466732,0.446514,0.646043,0.486229,0.376117,0.644892,0.350312,0.642021,0.683582,0.667912,0.627445,0.554352,0.524062,0.539905,0.504782,0.596383,0.000000,0.634750,0.541200,0.529215,0.527425,0.684149,0.797573,0.592578,0.686649,0.661723,0.749601,0.724730,0.444413,0.624464,0.479467,0.411496,0.697182,0.592510,0.694669,0.452800,0.512618,0.659958,0.527752,0.295659,0.405024,0.601100,0.722229,0.653609,0.597116,0.552574,0.602114,0.320389,0.695016,0.562376,0.627018,0.779189,0.734560,0.560851,0.598214,0.718912,0.532920,0.658261,0.469030,0.620618,0.634102,0.418446,0.514682,0.727909,0.680532,0.696922,0.605908,0.667588,0.666568,0.676847,0.506330,0.635080,0.416208,0.433546,0.514473,0.765243,0.369402,0.684148,0.743020,0.587446,0.722889,0.688249,0.621189,0.618478,0.335226,0.704672,0.631335,0.637181,0.495209,0.694453,0.747666,0.713421
0.529933,0.593870,0.491724,0.545306,0.504930,0.501922,0.650149,0.636511,0.666076,0.627620,0.674961,0.564816,0.597750,0.581880,0.590506,0.550441,0.569957,0.617236,0.620787,0.633421,0.606767,0.581462,0.600439,0.621600,0.579130,0.634750,0.000000,0.564607,0.736923,0.637875,0.647533,0.680775,0.621319,0.703415,0.569316,0.634183,0.662219,0.664503,0.609858,0.523132,0.661145,0.578395,0.675751,0.561738,0.708514,0.560050,0.579393,0.526468,0.642641,0.702615,0.603840,0.627097,0.637022,0.600786,0.670569,0.610943,0.631394,0.583285,0.619158,0.685939,0.728447,0.548648,0.521437,0.671093,0.671137,0.595475,0.629332,0.722411,0.621925,0.687625,0.664630,0.611544,0.749805,0.587392,0.658157,0.627753,0.653214,0.647513,0.641003,0.645465,0.701637,0.621666,0.635615,0.650069,0.633281,0.645460,0.701798,0.598165,0.637490,0.629395,0.670903,0.637839,0.658210,0.665415,0.650925,0.676531,0.637990,0.770387,0.683040,0.842339,0.618872
0.530210,0.577169,0.592841,0.503864,0.496568,0.387167,0.670763,0.613598,0.557763,0.572935,0.629821,0.651708,0.590070,0.533448,0.624124,0.505347,0.614397,0.648060,0.644799,0.620592,0.299244,0.502448,0.712667,0.452569,0.655288,0.541200,0.564607,0.000000,0.650482,0.297824,0.657796,0.696282,0.646839,0.384715,0.579893,0.651109,0.711489,0.407015,0.584433,0.574520,0.403395,0.741732,0.672629,0.532951,0.481661,0.654834,0.548280,0.464995,0.462014,0.508109,0.549825,0.648608,0.720554,0.528247,0.603748,0.708467,0.635141,0.600073,0.647577,0.440937,0.695088,0.642554,0.372985,0.557517,0.675030,0.563528,0.569812,0.656973,0.563732,0.639147,0.396195,0.336882,0.702580,0.635563,0.493912,0.654503,0.671922,0.419066,0.594757,0.309648,0.658350,0.499414,0.642678,0.517239,0.551323,0.449771,0.661255,0.600953,0.619695,0.708390,0.622273,0.419228,0.644992,0.467024,0.682229,0.546339,0.454228,0.535220,0.491698,0.813656,0.738852
0.530340,0.607843,0.674308,0.530692,0.639516,0.701015,0.691434,0.702790,0.647719,0.664923,0.669521,0.746187,0.686178,0.663121,0.744807,0.522948,0.748100,0.626149,0.696998,0.700071,0.671484,0.614771,0.733211,0.629358,0.659987,0.529215,0.736923,0.650482,0.000000,0.702232,0.770161,0.826778,0.808240,0.586361,0.751311,0.786045,0.717842,0.603109,0.701196,0.659925,0.582619,0.705609,0.346883,0.689818,0.711518,0.689191,0.718972,0.644883,0.536060,0.666989,0.704891,0.723858,0.772919,0.557733,0.708517,0.764177,0.562484,0.740051,0.618482,0.682812,0.855392,0.752166,0.740039,0.724057,0.776903,0.624846,0.718315,0.697177,0.632740,0.691464,0.628371,0.701732,0.662471,0.758538,0.685732,0.772665,0.751603,0.690557,0.703152,0.672689,0.707190,0.560354,0.673061,0.640406,0.791899,0.618494,0.738113,0.745015,0.663583,0.710099,0.750178,0.748325,0.691290,0.604280,0.818891,0.636318,0.723382,0.639186,0.647872,0.778028,0.690707
0.530763,0.480755,0.614643,0.452756,0.581581,0.396909,0.586137,0.721481,0.458391,0.565966,0.518134,0.676389,0.552708,0.513869,0.606811,0.482734,0.621828,0.740524,0.641456,0.654529,0.204575,0.546856,0.699241,0.361510,0.779562,0.527425,0.637875,0.297824,0.702232,0.000000,0.749381,0.673677,0.574714,0.448894,0.590738,0.660236,0.697572,0.269512,0.577236,0.598940,0.299584,0.685238,0.708126,0.624758,0.386686,0.625661,0.552791,0.526957,0.390621,0.515209,0.465614,0.664600,0.644201,0.630614,0.617909,0.601340,0.589072,0.630610,0.679122,0.441593,0.569366,0.691308,0.264977,0.553095,0.649157,0.486531,0.532772,0.605501,0.504586,0.643130,0.493230,0.268548,0.761592,0.626996,0.577139,0.675981,0.731930,0.354793,0.669533,0.401166,0.625693,0.530173,0.536212,0.537564,0.567232,0.485015,0.607112,0.685895,0.707942,0.740645,0.629329,0.436087,0.681837,0.536456,0.759765,0.490426,0.423520,0.382284,0.542685,0.762851,0.765424
0.532352,0.514822,0.366518,0.550596,0.372374,0.556276,0.726090,0.437230,0.577961,0.459812,0.487959,0.372882,0.448429,0.649668,0.466448,0.690222,0.435015,0.435480,0.409001,0.381140,0.756086,0.688132,0.424180,0.692336,0.656434,0.684149,0.647533,0.657796,0.770161,0.749381,0.000000,0.486401,0.647644,0.726281,0.626648,0.643843,0.432824,0.723970,0.521212,0.486145,0.707175,0.706892,0.661521,0.538523,0.760380,0.579549,0.679421,0.666622,0.664442,0.658571,0.711384,0.449344,0.623507,0.708616,0.535373,0.576725,0.699613,0.553477,0.712803,0.705598,0.475000,0.688026,0.702386,0.553850,0.664187,0.532523,0.695023,0.635591,0.669237,0.547776,0.649904,0.662802,0.660498,0.714939,0.698443,0.681849,0.422078,0.721229,0.629247,0.656920,0.492628,0.704436,0.572731,0.669656,0.587732,0.633140,0.537974,0.543220,0.581238,0.689713,0.521279,0.685674,0.505025,0.708802,0.292673,0.778724,0.727876,0.767766,0.736871,0.811823,0.710461
0.534261,0.592668,0.451652,0.755476,0.497452,0.514873,0.737780,0.557405,0.647966,0.610254,0.593981,0.524782,0.615149,0.715763,0.601670,0.756124,0.574470,0.645337,0.556606,0.636977,0.677343,0.726774,0.612315,0.659472,0.749559,0.797573,0.680775,0.696282,0.826778,0.673677,0.486401,0.000000,0.602305,0.637496,0.658237,0.717290,0.656615,0.698503,0.690704,0.573106,0.680542,0.742815,0.818763,0.575266,0.728524,0.716475,0.749443,0.690518,0.727275,0.738797,0.754271,0.559992,0.604137,0.851660,0.721040,0.681891,0.809908,0.598069,0.777825,0.552263,0.578438,0.721454,0.757191,0.631281,0.753110,0.592503,0.713188,0.681317,0.635875,0.719144,0.788497,0.752783,0.745300,0.753816,0.653673,0.765671,0.546230,0.572302,0.692266,0.715110,0.712586,0.822602,0.698616,0.758026,0.636360,0.779748,0.687333,0.495263,0.764889,0.697967,0.717690,0.706096,0.711691,0.818270,0.585787,0.794007,0.647349,0.798021,0.691065,0.736399,0.671591
0.534720,0.422468,0.545863,0.477740,0.571860,0.314483,0.674949,0.640659,0.439543,0.501539,0.469598,0.563849,0.494384,0.340846,0.627946,0.619685,0.480375,0.725892,0.656102,0.586611,0.663309,0.611305,0.630427,0.626841,0.687694,0.592578,0.621319,0.646839,0.808240,0.574714,0.647644,0.602305,0.000000,0.671136,0.693843,0.679852,0.708407,0.635105,0.673255,0.579579,0.653069,0.712935,0.814619,0.633142,0.520964,0.408113,0.666946,0.596387,0.602660,0.620983,0.660333,0.630417,0.381747,0.696419,0.670542,0.580544,0.714192,0.639866,0.785845,0.701755,0.616596,0.699344,0.684343,0.529297,0.681595,0.593530,0.694807,0.557545,0.647543,0.734962,0.568174,0.603249,0.865968,0.572564,0.688389,0.518218,0.662382,0.733939,0.703122,0.599451,0.681874,0.653061,0.527990,0.703170,0.619995,0.680180,0.628582,0.576882,0.743596,0.628184,0.750817,0.543330,0.715859,0.561563,0.695249,0.744589,0.777718,0.682482,0.632520,0.792989,0.649048
0.535539,0.617125,0.568496,0.573725,0.530639,0.513801,0.715581,0.713499,0.661738,0.653390,0.702772,0.683133,0.661775,0.634869,0.652163,0.597610,0.634023,0.684821,0.618051,0.668925,0.406290,0.551869,0.749478,0.518851,0.736440,0.686649,0.703415,0.384715,0.586361,0.448894,0.726281,0.637496,0.671136,0.000000,0.581196,0.650425,0.681763,0.549514,0.672582,0.603924,0.536195,0.768749,0.610062,0.513999,0.585526,0.694679,0.616304,0.556409,0.635940,0.598587,0.624031,0.694737,0.685181,0.532882,0.667081,0.801034,0.699519,0.585795,0.691442,0.450325,0.692166,0.705407,0.564134,0.639501,0.687196,0.587182,0.633640,0.768606,0.543322,0.689261,0.555988,0.533855,0.654982,0.689940,0.464715,0.713344,0.703534,0.527087,0.605224,0.475011,0.719623,0.647631,0.726237,0.611741,0.581200,0.639900,0.717465,0.602285,0.621697,0.625270,0.714120,0.550906,0.669963,0.581280,0.723006,0.651183,0.585499,0.644913,0.314301,0.795526,0.710394
0.538027,0.638693,0.490547,0.559397,0.493520,0.623490,0.664651,0.648523,0.673543,0.636992,0.756795,0.602145,0.622631,0.678611,0.669586,0.529427,0.570195,0.613765,0.613914,0.640747,0.596399,0.451779,0.647747,0.510135,0.691350,0.661723,0.569316,0.579893,0.751311,0.590738,0.626648,0.658237,0.693843,0.581196,0.000000,0.525533,0.666142,0.624287,0.660856,0.633245,0.642171,0.677666,0.625323,0.459850,0.680361,0.664879,0.499976,0.383759,0.637836,0.732549,0.573107,0.662668,0.676752,0.514956,0.671113,0.704883,0.621654,0.469918,0.705396,0.551499,0.750666,0.495445,0.550274,0.664696,0.565430,0.615720,0.593231,0.792118,0.586253,0.667885,0.637328,0.603304,0.773292,0.594788,0.605455,0.579603,0.619299,0.596333,0.755956,0.557116,0.675645,0.562957,0.738775,0.562127,0.612975,0.596391,0.687286,0.502619,0.561029,0.763030,0.622631,0.678833,0.685343,0.680256,0.614423,0.645837,0.592610,0.758698,0.556259,0.841962,0.747631
0.538466,0.609880,0.559458,0.582819,0.528633,0.683189,0.485699,0.694868,0.667003,0.606299,0.650381,0.537839,0.579692,0.648115,0.583761,0.758903,0.523665,0.647190,0.511096,0.558275,0.665922,0.537676,0.586608,0.669069,0.716813,0.749601,0.634183,0.651109,0.786045,0.660236,0.643843,0.717290,0.679852,0.650425,0.525533,0.000000,0.629049,0.656902,0.505553,0.709720,0.692563,0.599990,0.784500,0.579841,0.729337,0.622251,0.443174,0.524550,0.710307,0.783262,0.485314,0.640214,0.712164,0.677561,0.474617,0.631615,0.796729,0.603632,0.719687,0.731597,0.728069,0.345978,0.654023,0.642051,0.097404,0.761751,0.494264,0.766621,0.645604,0.598505,0.683789,0.587630,0.706146,0.642502,0.758190,0.669832,0.605517,0.628983,0.632533,0.613019,0.522735,0.729641,0.777464,0.632908,0.467428,0.651256,0.514452,0.688207,0.655180,0.620578,0.500302,0.590624,0.500392,0.775521,0.665355,0.570679,0.712932,0.727792,0.551354,0.616414,0.768449
0.540884,0.547531,0.427682,0.546726,0.347412,0.586655,0.736151,0.500406,0.651996,0.544352,0.568468,0.350677,0.516789,0.666969,0.314934,0.697511,0.423598,0.272881,0.240152,0.221693,0.765874,0.741793,0.508332,0.697106,0.721067,0.724730,0.662219,0.711489,0.717842,0.697572,0.432824,0.656615,0.708407,0.681763,0.666142,0.629049,0.000000,0.700263,0.290146,0.558391,0.701508,0.693921,0.661637,0.568144,0.806008,0.653295,0.711745,0.701112,0.677665,0.755826,0.710728,0.265958,0.658891,0.764037,0.493717,0.655698,0.797329,0.532549,0.758569,0.708876,0.504010,0.728607,0.728987,0.630281,0.616054,0.527057,0.711031,0.719424,0.718692,0.275292,0.718417,0.688480,0.551992,0.767960,0.703814,0.803793,0.388199,0.648434,0.500260,0.695585,0.318991,0.743532,0.596908,0.780161,0.458992,0.742699,0.311324,0.586020,0.627979,0.605922,0.325135,0.646929,0.402686,0.720379,0.356821,0.753423,0.730956,0.727509,0.693959,0.776559,0.692628
0.541225,0.405960,0.579744,0.398372,0.656704,0.502334,0.632053,0.634729,0.365226,0.481776,0.474603,0.670775,0.471047,0.505638,0.593964,0.488694,0.603115,0.688563,0.635782,0.689832,0.259172,0.507809,0.621231,0.407750,0.746909,0.444413,0.664503,0.407015,0.603109,0.269512,0.723970,0.698503,0.635105,0.549514,0.624287,0.656902,0.700263,0.000000,0.570661,0.591040,0.073521,0.707660,0.731564,0.617796,0.407711,0.599594,0.594587,0.510384,0.202618,0.418664,0.452082,0.690948,0.668278,0.637836,0.524763,0.499592,0.543524,0.643272,0.699589,0.506731,0.672995,0.718030,0.420254,0.503789,0.628435,0.574521,0.541008,0.560357,0.553149,0.624728,0.484402,0.316540,0.723003,0.617550,0.654096,0.574270,0.695399,0.400725,0.611320,0.493884,0.591102,0.500134,0.559294,0.569180,0.654179,0.458760,0.562322,0.741359,0.665157,0.741846,0.603470,0.514453,0.627598,0.412856,0.647039,0.521324,0.463955,0.318148,0.600718,0.743666,0.762319
0.541792,0.487634,0.440694,0.433270,0.430509,0.568705,0.575145,0.549009,0.525409,0.479721,0.502851,0.354848,0.461328,0.542013,0.188825,0.654518,0.444277,0.380593,0.309371,0.262389,0.666231,0.631502,0.481874,0.572540,0.685683,0.624464,0.609858,0.584433,0.701196,0.577236,0.521212,0.690704,0.673255,0.672582,0.660856,0.505553,0.290146,0.570661,0.000000,0.545633,0.613262,0.679032,0.714632,0.589610,0.601775,0.615134,0.535085,0.604571,0.579298,0.712657,0.511979,0.364406,0.641213,0.699301,0.311521,0.568438,0.741063,0.589160,0.702682,0.677224,0.543651,0.577659,0.615858,0.599301,0.441708,0.512099,0.562666,0.612605,0.630099,0.214012,0.582287,0.494992,0.662620,0.651993,0.727127,0.716700,0.487903,0.546204,0.402915,0.500507,0.192931,0.620890,0.555470,0.711303,0.311105,0.620757,0.187360,0.642012,0.642123,0.528497,0.207380,0.447660,0.265206,0.596023,0.405221,0.572476,0.613185,0.515560,0.620688,0.583822,0.736645
0.542427,0.506971,0.450129,0.440128,0.421396,0.462309,0.674064,0.590085,0.528379,0.480070,0.503719,0.463254,0.501473,0.447832,0.534538,0.459131,0.452801,0.538214,0.464175,0.493503,0.604377,0.595233,0.543317,0.585260,0.656106,0.479467,0.523132,0.574520,0.659925,0.598940,0.486145,0.573106,0.579579,0.603924,0.633245,0.709720,0.558391,0.591040,0.545633,0.000000,0.564619,0.687877,0.625860,0.531502,0.598084,0.446728,0.621739,0.578666,0.535012,0.498886,0.650852,0.566770,0.565485,0.697792,0.590713,0.700835,0.551363,0.558599,0.527451,0.682663,0.550173,0.673761,0.619216,0.550379,0.755855,0.211615,0.635131,0.575137,0.591636,0.581505,0.532690,0.580028,0.769058,0.692276,0.643160,0.621613,0.555012,0.602524,0.587254,0.520297,0.635669,0.533234,0.323396,0.601065,0.578050,0.549002,0.645082,0.541928,0.597058,0.604178,0.632459,0.526945,0.616551,0.558122,0.545279,0.668295,0.594207,0.662523,0.623421,0.801722,0.658419
0.542879,0.449626,0.605844,0.434691,0.641032,0.503197,0.657451,0.630216,0.398301,0.502367,0.516051,0.687737,0.520797,0.517558,0.622772,0.462910,0.658679,0.689899,0.635758,0.693011,0.273818,0.498814,0.642603,0.420971,0.769577,0.411496,0.661145,0.403395,0.582619,0.299584,0.707175,0.680542,0.653069,0.536195,0.642171,0.692563,0.701508,0.073521,0.613262,0.564619,0.000000,0.740533,0.704351,0.667232,0.429340,0.630356,0.620789,0.486834,0.230481,0.392219,0.513374,0.686868,0.711556,0.625155,0.564490,0.586494,0.529722,0.687499,0.683903,0.479901,0.716440,0.752963,0.425974,0.555647,0.659363,0.546267,0.591214,0.586323,0.547791,0.639017,0.475689,0.337387,0.712899,0.670548,0.646101,0.601075,0.662371,0.436378,0.597126,0.476294,0.625042,0.483804,0.602585,0.536996,0.705918,0.445391,0.614957,0.727330,0.651195,0.772659,0.648100,0.567866,0.625134,0.386300,0.693965,0.548974,0.494932,0.374604,0.642420,0.772299,0.744419
0.543651,0.603106,0.586793,0.610595,0.652489,0.729617,0.399820,0.672530,0.712095,0.738495,0.704202,0.633592,0.709612,0.656405,0.720083,0.605571,0.606665,0.638173,0.669134,0.665081,0.779730,0.485204,0.717779,0.637103,0.637706,0.697182,0.578395,0.741732,0.705609,0.685238,0.706892,0.742815,0.712935,0.768749,0.677666,0.599990,0.693921,0.707660,0.679032,0.687877,0.740533,0.000000,0.731945,0.691177,0.641583,0.586239,0.612338,0.528069,0.694123,0.800458,0.534690,0.720563,0.668331,0.735597,0.691459,0.605898,0.676339,0.629898,0.659632,0.697665,0.768935,0.557239,0.748100,0.686416,0.588147,0.681438,0.609044,0.809572,0.574800,0.707771,0.689336,0.734997,0.754974,0.593776,0.742661,0.670594,0.742469,0.712271,0.745604,0.721687,0.683911,0.701349,0.717352,0.693110,0.634600,0.734676,0.669825,0.690415,0.678558,0.591828,0.703299,0.710094,0.711109,0.753525,0.743028,0.642959,0.672932,0.706746,0.659112,0.750789,0.736889
0.543811,0.736026,0.641695,0.589339,0.580104,0.654469,0.738291,0.681529,0.813300,0.698408,0.746955,0.720482,0.718587,0.725964,0.738941,0.528578,0.742424,0.601442,0.628557,0.648048,0.692221,0.727259,0.708975,0.691660,0.689638,0.592510,0.675751,0.672629,0.346883,0.708126,0.661521,0.818763,0.814619,0.610062,0.625323,0.784500,0.661637,0.731564,0.714632,0.625860,0.704351,0.731945,0.000000,0.669073,0.797579,0.692717,0.754811,0.727682,0.666627,0.692531,0.766432,0.681310,0.769102,0.483235,0.787049,0.848259,0.573142,0.734379,0.614837,0.714572,0.824896,0.768524,0.691985,0.777984,0.771082,0.595616,0.777568,0.858405,0.675049,0.684643,0.704265,0.783723,0.588718,0.817946,0.620435,0.814397,0.725584,0.736462,0.785218,0.724135,0.709343,0.613984,0.681354,0.638810,0.815828,0.584983,0.794825,0.782166,0.672812,0.745057,0.747820,0.852636,0.728052,0.698595,0.711099,0.713449,0.719967,0.765918,0.668930,0.870299,0.710831
0.546322,0.543546,0.463867,0.516023,0.277292,0.532648,0.688552,0.627124,0.621193,0.594826,0.660067,0.453823,0.574401,0.617568,0.556159,0.636664,0.338961,0.585574,0.503116,0.520702,0.594140,0.516819,0.616721,0.533092,0.673012,0.694669,0.561738,0.532951,0.689818,0.624758,0.538523,0.575266,0.633142,0.513999,0.459850,0.579841,0.568144,0.617796,0.589610,0.531502,0.667232,0.691177,0.669073,0.000000,0.634773,0.623642,0.533771,0.393444,0.641094,0.698112,0.571658,0.558611,0.635892,0.611260,0.570714,0.625292,0.752912,0.122274,0.688685,0.576875,0.596393,0.640001,0.592281,0.548455,0.598117,0.521658,0.567107,0.648393,0.547622,0.591968,0.607810,0.593462,0.756473,0.637417,0.596553,0.569543,0.590242,0.502126,0.626898,0.550336,0.616410,0.640340,0.623801,0.606372,0.517047,0.653445,0.535937,0.438443,0.564528,0.598435,0.518312,0.583068,0.642189,0.623850,0.539665,0.663153,0.649299,0.707645,0.461094,0.794626,0.708152
