0.000000,0.210418,0.489082,0.505002,0.520120,0.534825,0.535497,0.537235,0.537834,0.539119,0.548533,0.548954,0.553013,0.560518,0.560903,0.563602,0.566952,0.569090,0.569143,0.571868,0.571992,0.572366,0.573788,0.574971,0.575561,0.584422,0.585709,0.586549,0.586837,0.586918,0.590461,0.590517,0.590781,0.591642,0.595291,0.595459,0.595572,0.598269,0.598323,0.600150,0.601670,0.601737,0.601826,0.602161,0.602178,0.602436,0.603443,0.603938,0.605105,0.605722,0.607656,0.607761,0.607806,0.607811,0.608494,0.609155,0.609226,0.609339,0.610176,0.611284,0.611748,0.612759,0.613344,0.613970,0.614871,0.615497,0.615875,0.616045,0.618157,0.618598,0.619396,0.619610,0.619957,0.620614,0.621052,0.621234,0.621762,0.622107,0.622331,0.622824,0.623266,0.623547,0.623596,0.624027,0.624854,0.625198,0.626001,0.626630,0.627301,0.628221,0.628278,0.629216,0.629355,0.629533,0.629543,0.629896,0.630738,0.630921,0.631129,0.632255,0.632385
0.210418,0.000000,0.486904,0.502577,0.588939,0.471377,0.714623,0.560185,0.530272,0.481346,0.479697,0.511244,0.420252,0.630568,0.481426,0.648204,0.457375,0.578569,0.476505,0.581033,0.550829,0.685743,0.628988,0.651163,0.518983,0.536003,0.586661,0.697724,0.641828,0.578470,0.539661,0.532807,0.509125,0.561109,0.680406,0.616643,0.550306,0.523599,0.540313,0.550746,0.560917,0.522735,0.660979,0.633173,0.492327,0.669087,0.696509,0.636349,0.580861,0.522637,0.498425,0.620399,0.641679,0.672300,0.555628,0.620848,0.634834,0.657290,0.528506,0.488086,0.578226,0.599770,0.562176,0.621770,0.575826,0.573921,0.639533,0.585146,0.578252,0.510223,0.616935,0.586552,0.579117,0.604335,0.593941,0.511845,0.626443,0.570619,0.600450,0.613479,0.654775,0.605290,0.657163,0.666422,0.648830,0.684884,0.642840,0.653020,0.517186,0.605618,0.542483,0.655738,0.522873,0.636084,0.631530,0.684993,0.654399,0.618637,0.689612,0.561839,0.576457
0.489082,0.486904,0.000000,0.657048,0.751993,0.219321,0.828726,0.579254,0.672779,0.395948,0.343161,0.474815,0.399454,0.661439,0.520650,0.790242,0.526425,0.595782,0.424752,0.441287,0.519724,0.823194,0.703473,0.651545,0.521366,0.573723,0.822729,0.843084,0.739047,0.570075,0.716655,0.431483,0.421883,0.460590,0.778343,0.660605,0.510642,0.509901,0.455183,0.642175,0.554619,0.483596,0.717366,0.683770,0.552182,0.720736,0.667683,0.826456,0.411204,0.481438,0.496068,0.549841,0.815356,0.838868,0.488739,0.606792,0.817589,0.747616,0.507981,0.465491,0.507921,0.722645,0.493178,0.488509,0.604157,0.595145,0.719819,0.491682,0.553247,0.551751,0.551634,0.538542,0.431289,0.471747,0.658632,0.454839,0.824575,0.590205,0.802946,0.606023,0.756686,0.577224,0.464751,0.700301,0.606217,0.676739,0.551273,0.675156,0.522641,0.586874,0.450855,0.813205,0.474533,0.525433,0.773789,0.735206,0.683771,0.489895,0.805949,0.596942,0.594704
0.505002,0.502577,0.657048,0.000000,0.780628,0.662848,0.700024,0.647813,0.668142,0.626737,0.591190,0.670118,0.552634,0.699495,0.535944,0.845411,0.735601,0.542010,0.599935,0.447346,0.665245,0.666449,0.804180,0.605758,0.688946,0.706565,0.780954,0.696300,0.820600,0.703949,0.687909,0.664697,0.486382,0.640052,0.699891,0.733760,0.714616,0.400218,0.503515,0.711349,0.756769,0.769963,0.829931,0.663732,0.650472,0.806285,0.814098,0.830961,0.655123,0.719946,0.650772,0.682936,0.789927,0.811306,0.724098,0.532029,0.826007,0.834891,0.709013,0.694588,0.708000,0.788123,0.688108,0.728465,0.579024,0.630088,0.803417,0.769056,0.663347,0.591319,0.725371,0.743831,0.501688,0.764941,0.592461,0.669173,0.781688,0.569217,0.804406,0.797795,0.678103,0.736874,0.774330,0.644811,0.616512,0.589125,0.724983,0.660701,0.757189,0.765399,0.714711,0.830166,0.498822,0.796961,0.831969,0.778120,0.555780,0.707803,0.798404,0.628037,0.780043
0.520120,0.588939,0.751993,0.780628,0.000000,0.781309,0.766810,0.757514,0.394013,0.814042,0.831806,0.770426,0.803168,0.779475,0.617309,0.198749,0.683150,0.754309,0.778594,0.811578,0.779866,0.737275,0.305438,0.830621,0.887521,0.822967,0.518339,0.746766,0.303986,0.794877,0.625327,0.768658,0.829524,0.745164,0.720410,0.754156,0.745565,0.808369,0.872615,0.784161,0.778323,0.830717,0.353832,0.454977,0.747991,0.302401,0.739956,0.513264,0.810927,0.795739,0.805167,0.793410,0.465163,0.192502,0.811596,0.864960,0.505806,0.303804,0.732469,0.696832,0.822866,0.307540,0.826416,0.772750,0.784182,0.701174,0.290898,0.818902,0.711752,0.821540,0.755412,0.700502,0.834115,0.820668,0.795930,0.801166,0.521357,0.729519,0.545899,0.803862,0.818140,0.809607,0.816526,0.805828,0.808822,0.800676,0.840077,0.787598,0.702315,0.795579,0.755442,0.321480,0.831528,0.744827,0.337859,0.369500,0.806984,0.764364,0.366692,0.791675,0.828038
0.534825,0.471377,0.219321,0.662848,0.781309,0.000000,0.828749,0.571897,0.642248,0.373294,0.354326,0.460419,0.327152,0.717629,0.572842,0.783814,0.454068,0.627123,0.363957,0.499123,0.497117,0.823152,0.728855,0.678981,0.500808,0.536018,0.806239,0.812559,0.765029,0.538995,0.683271,0.411986,0.388415,0.424338,0.774827,0.651151,0.480753,0.496492,0.389773,0.592371,0.521741,0.439964,0.739877,0.690778,0.450832,0.765934,0.757956,0.851195,0.418684,0.459255,0.403587,0.545859,0.839251,0.841772,0.408690,0.624022,0.836325,0.781665,0.475602,0.370929,0.469970,0.732292,0.473169,0.433794,0.581222,0.619339,0.734253,0.477381,0.599432,0.539717,0.543936,0.469528,0.405721,0.430810,0.695929,0.365214,0.841601,0.611262,0.820585,0.657620,0.777818,0.539708,0.500175,0.716171,0.598972,0.739481,0.557818,0.688507,0.466807,0.479818,0.394176,0.821063,0.391898,0.478176,0.768257,0.764485,0.738329,0.512158,0.819148,0.510049,0.574636
0.535497,0.714623,0.828726,0.700024,0.766810,0.828749,0.000000,0.703483,0.797941,0.869456,0.880017,0.850378,0.863384,0.634125,0.817869,0.763502,0.919187,0.824021,0.858695,0.770047,0.808890,0.463648,0.768346,0.710999,0.909748,0.932853,0.798081,0.132629,0.786701,0.854776,0.832140,0.921030,0.842276,0.821416,0.362178,0.782083,0.889260,0.801684,0.850837,0.860810,0.939113,0.885011,0.783545,0.761061,0.860899,0.754644,0.455140,0.783516,0.785311,0.883008,0.908913,0.842467,0.790037,0.789904,0.797427,0.834907,0.800123,0.786252,0.897132,0.911558,0.921813,0.841922,0.836311,0.849009,0.861872,0.791378,0.806328,0.818866,0.832974,0.775403,0.840255,0.804043,0.852677,0.845109,0.816761,0.907700,0.785664,0.782136,0.755682,0.802232,0.469171,0.841725,0.751713,0.672924,0.800024,0.641122,0.801688,0.822365,0.891621,0.846786,0.863035,0.819017,0.889902,0.898896,0.786286,0.790348,0.600394,0.832232,0.821979,0.874098,0.883502
0.537235,0.560185,0.579254,0.647813,0.757514,0.571897,0.703483,0.000000,0.761376,0.744961,0.717628,0.719609,0.728005,0.391155,0.770728,0.771925,0.788350,0.735360,0.697552,0.716086,0.789575,0.711174,0.745079,0.736040,0.668707,0.699916,0.780339,0.698199,0.783048,0.729056,0.757682,0.720681,0.692419,0.796051,0.620590,0.639202,0.745953,0.717526,0.705416,0.834933,0.752592,0.728197,0.727937,0.778678,0.719153,0.724950,0.680654,0.801141,0.716680,0.769124,0.700197,0.671294,0.809726,0.774184,0.617916,0.706564,0.812813,0.760124,0.777835,0.691010,0.778052,0.779177,0.772784,0.631948,0.751364,0.663009,0.824841,0.747901,0.828255,0.812427,0.850712,0.696546,0.699904,0.624243,0.860516,0.726823,0.836358,0.820260,0.825405,0.830096,0.649293,0.676178,0.689286,0.410574,0.795834,0.590661,0.675935,0.609549,0.768692,0.684781,0.716298,0.801941,0.675173,0.785637,0.814208,0.739514,0.564438,0.786320,0.820331,0.586139,0.775927
0.537834,0.530272,0.672779,0.668142,0.394013,0.642248,0.797941,0.761376,0.000000,0.579245,0.681636,0.719162,0.569576,0.775481,0.467687,0.437506,0.578465,0.582298,0.626521,0.636580,0.603730,0.799278,0.427926,0.723945,0.770098,0.788859,0.566272,0.776726,0.442633,0.728368,0.571120,0.702134,0.628949,0.631928,0.782676,0.780005,0.674915,0.609825,0.659701,0.746425,0.759113,0.771186,0.488453,0.258499,0.676590,0.492646,0.804149,0.559065,0.664784,0.752503,0.756950,0.646330,0.510134,0.518669,0.691692,0.785376,0.550361,0.418267,0.702817,0.660473,0.739786,0.368044,0.667831,0.628099,0.636147,0.472655,0.518378,0.651929,0.598185,0.746882,0.626824,0.556452,0.607696,0.657867,0.686543,0.705688,0.560990,0.596504,0.566332,0.718781,0.838807,0.789726,0.726273,0.808632,0.703407,0.804030,0.706856,0.758943,0.577227,0.703435,0.669696,0.428063,0.638727,0.719105,0.408951,0.457482,0.786842,0.615284,0.531840,0.745685,0.756152
0.539119,0.481346,0.395948,0.626737,0.814042,0.373294,0.869456,0.744961,0.579245,0.000000,0.413566,0.438388,0.166746,0.806361,0.433641,0.830820,0.477706,0.509741,0.363850,0.428704,0.390957,0.766159,0.793284,0.672264,0.543666,0.523770,0.762737,0.865123,0.802778,0.441943,0.627142,0.399315,0.372900,0.414131,0.823032,0.735495,0.424640,0.439676,0.318385,0.584675,0.424645,0.464288,0.881431,0.658568,0.496305,0.853099,0.834208,0.802219,0.378577,0.413569,0.441135,0.667991,0.795522,0.867196,0.519467,0.556190,0.795567,0.807378,0.458351,0.419509,0.415257,0.775511,0.478440,0.479618,0.654678,0.545146,0.808450,0.468875,0.522130,0.506927,0.551810,0.539796,0.379177,0.516168,0.604966,0.380145,0.804269,0.520124,0.744054,0.621826,0.755700,0.598101,0.542988,0.839986,0.569993,0.775078,0.512716,0.611495,0.427246,0.574038,0.381173,0.789617,0.401802,0.513813,0.808763,0.791999,0.768257,0.388074,0.819316,0.510050,0.575813
0.548533,0.479697,0.343161,0.591190,0.831806,0.354326,0.880017,0.717628,0.681636,0.413566,0.000000,0.482918,0.360085,0.683651,0.466309,0.853037,0.505460,0.463148,0.398380,0.483101,0.401650,0.834942,0.847250,0.468774,0.509867,0.515744,0.784520,0.902730,0.821164,0.489117,0.645498,0.419849,0.404862,0.523285,0.825961,0.624985,0.483196,0.467769,0.282051,0.495577,0.467023,0.415419,0.831260,0.727164,0.526397,0.873873,0.775392,0.825562,0.514600,0.450510,0.470195,0.538433,0.806268,0.857201,0.575865,0.481072,0.805018,0.866327,0.489125,0.445765,0.412286,0.818319,0.480046,0.524915,0.577832,0.537447,0.804401,0.494587,0.549076,0.482332,0.598858,0.625094,0.497716,0.483083,0.660781,0.462035,0.801196,0.592604,0.779854,0.621526,0.706270,0.569386,0.598656,0.718776,0.597971,0.644170,0.562232,0.568172,0.492189,0.589718,0.482987,0.842574,0.478664,0.540451,0.835648,0.813680,0.625203,0.409486,0.856746,0.468660,0.589897
0.548954,0.511244,0.474815,0.670118,0.770426,0.460419,0.850378,0.719609,0.719162,0.438388,0.482918,0.000000,0.378602,0.814539,0.629969,0.798163,0.393457,0.606901,0.378588,0.655853,0.455839,0.857032,0.718582,0.614640,0.485487,0.446557,0.798742,0.867787,0.756518,0.348062,0.684683,0.243214,0.526048,0.426321,0.856914,0.689752,0.260765,0.699703,0.488536,0.547061,0.284873,0.380298,0.778644,0.725377,0.374619,0.784523,0.832068,0.828429,0.386868,0.264487,0.397059,0.574287,0.826928,0.849140,0.498803,0.551177,0.828267,0.772864,0.298924,0.332565,0.360794,0.766368,0.449277,0.465971,0.647732,0.687958,0.772865,0.416198,0.634012,0.597123,0.499180,0.680768,0.554521,0.488225,0.680473,0.435217,0.843381,0.675370,0.832183,0.710947,0.720759,0.540703,0.527877,0.810653,0.593583,0.750262,0.658367,0.692830,0.351312,0.564863,0.353886,0.853978,0.580449,0.508053,0.833832,0.728477,0.792656,0.496466,0.796015,0.514943,0.418208
0.553013,0.420252,0.399454,0.552634,0.803168,0.327152,0.863384,0.728005,0.569576,0.166746,0.360085,0.378602,0.000000,0.797297,0.446735,0.815839,0.391633,0.497095,0.286686,0.413204,0.308753,0.755898,0.752316,0.600147,0.480854,0.442317,0.822128,0.829436,0.767600,0.396164,0.626930,0.303396,0.281644,0.373373,0.824251,0.660909,0.359315,0.357529,0.242778,0.561633,0.375084,0.374452,0.818709,0.655387,0.376971,0.811056,0.850645,0.848174,0.360427,0.325448,0.361493,0.578665,0.822160,0.860057,0.433929,0.533090,0.837653,0.781499,0.377352,0.327316,0.363645,0.718336,0.378423,0.419513,0.579959,0.535929,0.784331,0.438876,0.515262,0.453388,0.515251,0.597276,0.321292,0.453816,0.615450,0.305105,0.821627,0.532907,0.798814,0.670542,0.744775,0.506017,0.536076,0.824798,0.554943,0.737189,0.499675,0.619845,0.358674,0.534501,0.294693,0.801692,0.309185,0.480821,0.799616,0.736962,0.715765,0.369513,0.794932,0.433729,0.544029
0.560518,0.630568,0.661439,0.699495,0.779475,0.717629,0.634125,0.391155,0.775481,0.806361,0.683651,0.814539,0.797297,0.000000,0.741011,0.792874,0.870527,0.702054,0.805012,0.771312,0.858225,0.683267,0.806728,0.657314,0.711448,0.779201,0.751557,0.697088,0.757067,0.765598,0.834700,0.795768,0.753587,0.830305,0.582219,0.694835,0.800582,0.787179,0.753075,0.849451,0.797254,0.792828,0.766234,0.786615,0.810964,0.744934,0.648526,0.791448,0.835265,0.832767,0.798513,0.730298,0.796556,0.828990,0.786999,0.789953,0.815875,0.791466,0.861186,0.766737,0.810454,0.802376,0.861747,0.761172,0.749763,0.590517,0.842995,0.861793,0.797236,0.770606,0.884761,0.783836,0.741616,0.724650,0.827935,0.864773,0.819524,0.798564,0.769641,0.856689,0.606664,0.773686,0.799850,0.276352,0.728703,0.439405,0.708409,0.584776,0.871967,0.845235,0.819824,0.824439,0.749056,0.829895,0.829239,0.783729,0.360293,0.835022,0.772481,0.686712,0.916719
0.560903,0.481426,0.520650,0.535944,0.617309,0.572842,0.817869,0.770728,0.467687,0.433641,0.466309,0.629969,0.446735,0.741011,0.000000,0.656500,0.579661,0.399345,0.511386,0.444959,0.481165,0.723107,0.666390,0.616530,0.689358,0.669536,0.523976,0.804675,0.651982,0.611094,0.626535,0.611017,0.535313,0.534201,0.815437,0.689987,0.596050,0.482190,0.485319,0.611891,0.677020,0.719844,0.694367,0.505087,0.612734,0.700112,0.770511,0.620567,0.543876,0.630988,0.650553,0.701039,0.628250,0.735143,0.645367,0.570811,0.601478,0.629222,0.597612,0.605225,0.590578,0.615905,0.621498,0.622567,0.630410,0.517727,0.638569,0.644596,0.345079,0.552854,0.577629,0.438469,0.492131,0.636378,0.522972,0.567367,0.650686,0.514507,0.461347,0.529480,0.777338,0.632330,0.667810,0.760640,0.580922,0.712051,0.661856,0.690086,0.453998,0.651371,0.564335,0.622868,0.546335,0.634011,0.629204,0.619144,0.683889,0.484042,0.697259,0.649667,0.733249
0.563602,0.648204,0.790242,0.845411,0.198749,0.783814,0.763502,0.771925,0.437506,0.830820,0.853037,0.798163,0.815839,0.792874,0.656500,0.000000,0.679471,0.811561,0.806920,0.858774,0.770776,0.829070,0.390320,0.832710,0.922222,0.848877,0.514467,0.770108,0.383346,0.826780,0.618859,0.773680,0.870336,0.792262,0.801632,0.745142,0.766131,0.871090,0.889819,0.781282,0.817891,0.847517,0.468654,0.481037,0.802064,0.397950,0.781764,0.522668,0.821714,0.822382,0.836643,0.810061,0.486854,0.355574,0.839276,0.849452,0.510682,0.357579,0.772755,0.746465,0.840077,0.441541,0.835597,0.796522,0.853200,0.768502,0.396764,0.838194,0.707135,0.851623,0.755625,0.681764,0.851314,0.819914,0.829753,0.826851,0.549991,0.789922,0.535373,0.817218,0.855722,0.784740,0.837071,0.851771,0.867540,0.835009,0.818805,0.786692,0.720906,0.832357,0.761319,0.356410,0.849625,0.776266,0.348324,0.482166,0.823703,0.763310,0.427159,0.848334,0.893140
0.566952,0.457375,0.526425,0.735601,0.683150,0.454068,0.919187,0.788350,0.578465,0.477706,0.505460,0.393457,0.391633,0.870527,0.579661,0.679471,0.000000,0.654068,0.386137,0.726016,0.478785,0.871917,0.622818,0.722969,0.543108,0.556466,0.631716,0.899471,0.671606,0.534337,0.526352,0.386179,0.532775,0.502064,0.864476,0.722079,0.389820,0.678254,0.543032,0.588845,0.429243,0.400566,0.711087,0.663650,0.387308,0.710257,0.807121,0.625322,0.561870,0.368403,0.414448,0.622909,0.628894,0.794887,0.488510,0.661410,0.614255,0.645145,0.376448,0.398893,0.489787,0.650231,0.422500,0.533426,0.593650,0.663905,0.693723,0.440444,0.621259,0.625171,0.245675,0.526617,0.583392,0.542957,0.701884,0.389550,0.642914,0.690453,0.657682,0.613030,0.798605,0.589823,0.559657,0.861706,0.691754,0.793807,0.632429,0.718662,0.375587,0.566727,0.389878,0.651552,0.537304,0.526443,0.641312,0.677374,0.857067,0.515637,0.718714,0.588710,0.540834
0.569090,0.578569,0.595782,0.542010,0.754309,0.627123,0.824021,0.735360,0.582298,0.509741,0.463148,0.606901,0.497095,0.702054,0.399345,0.811561,0.654068,0.000000,0.561908,0.486719,0.394889,0.729591,0.805858,0.438704,0.668943,0.550011,0.697699,0.816383,0.782497,0.518919,0.683941,0.569372,0.572171,0.546444,0.785464,0.603414,0.574344,0.500326,0.498031,0.654380,0.595851,0.698057,0.769951,0.615534,0.640550,0.816153,0.839387,0.776842,0.625422,0.637170,0.623976,0.604267,0.740217,0.788111,0.675877,0.468587,0.748434,0.809624,0.596553,0.598323,0.560673,0.734946,0.612517,0.603624,0.563263,0.456149,0.790220,0.684576,0.483756,0.563799,0.660638,0.575803,0.572713,0.624760,0.612753,0.615402,0.781354,0.619965,0.707145,0.672673,0.764971,0.672323,0.681465,0.678667,0.591573,0.628613,0.571714,0.506009,0.580935,0.681871,0.609109,0.791307,0.598878,0.659553,0.824262,0.787384,0.638641,0.446555,0.822829,0.586829,0.678189
0.569143,0.476505,0.424752,0.599935,0.778594,0.363957,0.858695,0.697552,0.626521,0.363850,0.398380,0.378588,0.286686,0.805012,0.511386,0.806920,0.386137,0.561908,0.000000,0.525607,0.395209,0.805485,0.738679,0.684923,0.512398,0.445409,0.776177,0.822748,0.747532,0.391258,0.603632,0.339818,0.388706,0.494430,0.793387,0.658518,0.346466,0.478391,0.356561,0.566111,0.379317,0.395613,0.794408,0.705004,0.376397,0.797624,0.773335,0.773056,0.419251,0.294238,0.416376,0.632141,0.771853,0.833803,0.432858,0.477147,0.767130,0.760709,0.348885,0.294108,0.398728,0.758854,0.448414,0.505791,0.573535,0.636954,0.799545,0.476579,0.573773,0.537166,0.499982,0.557056,0.432126,0.525097,0.661576,0.324600,0.770595,0.578640,0.778291,0.672535,0.719925,0.475248,0.543222,0.810572,0.626436,0.761635,0.597857,0.656509,0.333753,0.509930,0.341080,0.754885,0.406326,0.470352,0.767768,0.761954,0.750098,0.476836,0.760576,0.448679,0.583307
0.571868,0.581033,0.441287,0.447346,0.811578,0.499123,0.770047,0.716086,0.636580,0.428704,0.483101,0.655853,0.413204,0.771312,0.444959,0.858774,0.726016,0.486719,0.525607,0.000000,0.521656,0.732345,0.806163,0.603679,0.692142,0.665816,0.872676,0.760709,0.842716,0.638801,0.719791,0.614898,0.408348,0.521518,0.752574,0.691435,0.676739,0.128614,0.405583,0.665294,0.692965,0.708664,0.823460,0.698263,0.663021,0.817393,0.745664,0.871474,0.493779,0.675717,0.587010,0.673551,0.855120,0.890542,0.682252,0.595631,0.865313,0.860991,0.648064,0.644633,0.622238,0.788343,0.637755,0.623219,0.603690,0.543662,0.790550,0.650764,0.550081,0.529643,0.678622,0.619002,0.349372,0.645661,0.471619,0.575222,0.858715,0.428883,0.829604,0.670595,0.655177,0.662639,0.648343,0.734489,0.526069,0.667497,0.543241,0.621290,0.660144,0.668221,0.571225,0.832684,0.414708,0.645122,0.846060,0.801510,0.586572,0.559530,0.840036,0.607264,0.795149
0.571992,0.550829,0.519724,0.665245,0.779866,0.497117,0.808890,0.789575,0.603730,0.390957,0.401650,0.455839,0.308753,0.858225,0.481165,0.770776,0.478785,0.394889,0.395209,0.521656,0.000000,0.780884,0.775981,0.493637,0.543427,0.417491,0.809370,0.809391,0.731704,0.355358,0.686262,0.347419,0.468228,0.474661,0.809888,0.676470,0.334911,0.492054,0.338512,0.558812,0.380507,0.409298,0.785378,0.687166,0.375713,0.802054,0.854909,0.803474,0.521212,0.361122,0.480396,0.560827,0.769334,0.822165,0.460755,0.510570,0.774367,0.767559,0.419831,0.378256,0.363564,0.729073,0.383076,0.480999,0.646263,0.539845,0.829788,0.485053,0.514725,0.563316,0.532490,0.589112,0.526445,0.467554,0.670731,0.432239,0.774706,0.602427,0.768257,0.702615,0.759312,0.467553,0.535557,0.846555,0.571428,0.740557,0.426979,0.553604,0.389965,0.541800,0.372907,0.748873,0.543202,0.523283,0.780471,0.730986,0.735253,0.326267,0.767039,0.500526,0.575719
0.572366,0.685743,0.823194,0.666449,0.737275,0.823152,0.463648,0.711174,0.799278,0.766159,0.834942,0.857032,0.755898,0.683267,0.723107,0.829070,0.871917,0.729591,0.805485,0.732345,0.780884,0.000000,0.849837,0.729279,0.825769,0.782671,0.704417,0.421495,0.819420,0.751351,0.757136,0.814306,0.830125,0.840149,0.439999,0.732793,0.755207,0.724184,0.757442,0.805351,0.762544,0.833006,0.813288,0.775134,0.789632,0.814730,0.580283,0.695458,0.823323,0.796935,0.824536,0.830101,0.692552,0.771959,0.749766,0.776345,0.707144,0.792667,0.828445,0.818781,0.801308,0.817006,0.791288,0.843273,0.864667,0.778663,0.819014,0.854797,0.860735,0.796276,0.875354,0.836179,0.806731,0.811494,0.853924,0.841445,0.675964,0.776960,0.715138,0.771499,0.561787,0.768991,0.756641,0.657973,0.807012,0.711270,0.742480,0.795439,0.819803,0.831110,0.790802,0.787229,0.806573,0.845992,0.831112,0.840506,0.657545,0.862769,0.832613,0.788807,0.869038
0.573788,0.628988,0.703473,0.804180,0.305438,0.728855,0.768346,0.745079,0.427926,0.793284,0.847250,0.718582,0.752316,0.806728,0.666390,0.390320,0.622818,0.805858,0.738679,0.806163,0.775981,0.849837,0.000000,0.862878,0.878927,0.821509,0.573313,0.753979,0.182337,0.813868,0.678695,0.747286,0.841243,0.720385,0.811621,0.797024,0.740493,0.813889,0.870859,0.842545,0.796565,0.816205,0.281795,0.534575,0.720665,0.170404,0.815930,0.582890,0.732016,0.742124,0.790409,0.771807,0.558235,0.498377,0.764605,0.868443,0.571615,0.233947,0.697375,0.716337,0.841789,0.237497,0.830977,0.731447,0.744149,0.707930,0.476421,0.791842,0.739470,0.849218,0.688441,0.629547,0.831095,0.786012,0.817994,0.774351,0.585022,0.805433,0.592313,0.803243,0.862145,0.725061,0.758005,0.793072,0.859805,0.811688,0.863903,0.854620,0.686695,0.794054,0.792247,0.324350,0.833148,0.779614,0.272958,0.311287,0.796462,0.776275,0.287809,0.815708,0.759406
0.574971,0.651163,0.651545,0.605758,0.830621,0.678981,0.710999,0.736040,0.723945,0.672264,0.468774,0.614640,0.600147,0.657314,0.616530,0.832710,0.722969,0.438704,0.684923,0.603679,0.493637,0.729279,0.862878,0.000000,0.690090,0.640325,0.790387,0.719169,0.802935,0.629598,0.739693,0.570193,0.581841,0.601624,0.734141,0.659124,0.615619,0.573199,0.521940,0.675349,0.612839,0.714178,0.865317,0.727875,0.669468,0.831517,0.827814,0.799941,0.650814,0.666781,0.680956,0.426762,0.802587,0.893737,0.692809,0.593826,0.801236,0.851226,0.699511,0.653549,0.615875,0.813254,0.668399,0.593006,0.710181,0.650191,0.835800,0.655647,0.670789,0.672653,0.737353,0.752759,0.655367,0.611234,0.689222,0.704880,0.820431,0.730326,0.780963,0.822062,0.706718,0.654249,0.706004,0.715440,0.558134,0.625887,0.644111,0.536648,0.670750,0.778662,0.655244,0.860836,0.648911,0.707353,0.866739,0.818673,0.580789,0.612775,0.862787,0.717202,0.708246
0.575561,0.518983,0.521366,0.688946,0.887521,0.500808,0.909748,0.668707,0.770098,0.543666,0.509867,0.485487,0.480854,0.711448,0.689358,0.922222,0.543108,0.668943,0.512398,0.692142,0.543427,0.825769,0.878927,0.690090,0.000000,0.543931,0.889743,0.851584,0.923029,0.547655,0.788175,0.458945,0.597412,0.555180,0.855939,0.684263,0.514336,0.652189,0.544825,0.671411,0.517362,0.522952,0.905795,0.827795,0.506538,0.933981,0.827327,0.878683,0.596465,0.482882,0.527478,0.674021,0.872108,0.913345,0.558566,0.537172,0.877876,0.888907,0.491686,0.518668,0.491246,0.899399,0.571717,0.629404,0.725674,0.639663,0.860857,0.644458,0.737658,0.656341,0.587082,0.673942,0.621416,0.672746,0.746484,0.508906,0.872676,0.674523,0.892046,0.715939,0.701804,0.691477,0.641533,0.735107,0.689540,0.612259,0.672238,0.608110,0.585017,0.620161,0.475382,0.900499,0.577462,0.585083,0.924588,0.885402,0.703059,0.631063,0.923958,0.575281,0.576999
0.584422,0.536003,0.573723,0.706565,0.822967,0.536018,0.932853,0.699916,0.788859,0.523770,0.515744,0.446557,0.442317,0.779201,0.669536,0.848877,0.556466,0.550011,0.445409,0.665816,0.417491,0.782671,0.821509,0.640325,0.543931,0.000000,0.891290,0.885305,0.810155,0.176672,0.770498,0.352059,0.539726,0.584258,0.845018,0.534599,0.346246,0.604285,0.494471,0.567587,0.333000,0.435761,0.830059,0.862197,0.377685,0.826211,0.901185,0.929077,0.582398,0.333603,0.453033,0.627457,0.901991,0.887938,0.513519,0.553779,0.918864,0.864499,0.396209,0.358022,0.408726,0.767647,0.539531,0.608141,0.622653,0.683150,0.853185,0.628721,0.645938,0.574989,0.703305,0.692291,0.605252,0.597757,0.737594,0.402642,0.887705,0.639187,0.892108,0.759608,0.823349,0.571826,0.648225,0.751463,0.672966,0.804807,0.560523,0.669397,0.405881,0.587160,0.440262,0.843447,0.570403,0.624799,0.899034,0.852581,0.800116,0.570135,0.811196,0.464475,0.596592
0.585709,0.586661,0.822729,0.780954,0.518339,0.806239,0.798081,0.780339,0.566272,0.762737,0.784520,0.798742,0.822128,0.751557,0.523976,0.514467,0.631716,0.697699,0.776177,0.872676,0.809370,0.704417,0.573313,0.790387,0.889743,0.891290,0.000000,0.844456,0.540935,0.871251,0.350349,0.837864,0.886495,0.797692,0.780509,0.741430,0.787430,0.864971,0.884759,0.795427,0.848435,0.859924,0.688448,0.452626,0.801809,0.636171,0.816518,0.138797,0.851945,0.839146,0.832633,0.827611,0.179456,0.633001,0.851434,0.914936,0.124301,0.530302,0.803203,0.842393,0.798277,0.638713,0.844504,0.820345,0.830187,0.811685,0.632399,0.862324,0.622811,0.852238,0.758420,0.579311,0.853743,0.824585,0.838520,0.862906,0.209320,0.838347,0.118040,0.632840,0.812894,0.815971,0.883697,0.774130,0.819978,0.796455,0.888188,0.808360,0.680282,0.820538,0.854116,0.423312,0.864604,0.815742,0.427672,0.627631,0.843206,0.830572,0.562540,0.847007,0.844114
0.586549,0.697724,0.843084,0.696300,0.746766,0.812559,0.132629,0.698199,0.776726,0.865123,0.902730,0.867787,0.829436,0.697088,0.804675,0.770108,0.899471,0.816383,0.822748,0.760709,0.809391,0.421495,0.753979,0.719169,0.851584,0.885305,0.844456,0.000000,0.781106,0.853984,0.839519,0.891386,0.859955,0.832264,0.342047,0.816117,0.887615,0.744041,0.862722,0.863295,0.919188,0.883136,0.789663,0.785025,0.817208,0.746414,0.426626,0.828787,0.812300,0.884590,0.891940,0.809417,0.824573,0.784267,0.780738,0.830904,0.842203,0.806835,0.863345,0.885660,0.909092,0.795826,0.853832,0.904601,0.839196,0.797203,0.796339,0.862839,0.868245,0.802214,0.867102,0.802635,0.864935,0.880004,0.809011,0.868278,0.825586,0.778288,0.786648,0.833328,0.439034,0.845506,0.780645,0.717005,0.786033,0.629195,0.798356,0.844086,0.864718,0.842198,0.875221,0.853190,0.845063,0.930487,0.817295,0.797171,0.625197,0.870128,0.839885,0.844469,0.882297
0.586837,0.641828,0.739047,0.820600,0.303986,0.765029,0.786701,0.783048,0.442633,0.802778,0.821164,0.756518,0.767600,0.757067,0.651982,0.383346,0.671606,0.782497,0.747532,0.842716,0.731704,0.819420,0.182337,0.802935,0.923029,0.810155,0.540935,0.781106,0.000000,0.808083,0.615347,0.769855,0.825749,0.742632,0.785782,0.756076,0.728692,0.835453,0.856734,0.820192,0.791993,0.820250,0.398052,0.514035,0.732476,0.278463,0.809103,0.523504,0.790702,0.751799,0.799907,0.745677,0.487114,0.479554,0.740970,0.880658,0.510443,0.289550,0.747591,0.716516,0.835480,0.286128,0.825701,0.728186,0.782060,0.672550,0.509864,0.820423,0.701043,0.831225,0.739584,0.742204,0.830887,0.759301,0.874608,0.801412,0.473494,0.804891,0.570945,0.845378,0.888417,0.728680,0.780022,0.812305,0.821101,0.851203,0.843502,0.880091,0.717218,0.813126,0.809575,0.347421,0.840992,0.784002,0.305444,0.278392,0.801157,0.727866,0.207853,0.829290,0.778865
0.586918,0.578470,0.570075,0.703949,0.794877,0.538995,0.854776,0.729056,0.728368,0.441943,0.489117,0.348062,0.396164,0.765598,0.611094,0.826780,0.534337,0.518919,0.391258,0.638801,0.355358,0.751351,0.813868,0.629598,0.547655,0.176672,0.871251,0.853984,0.808083,0.000000,0.756282,0.295221,0.505237,0.551131,0.790478,0.604020,0.252403,0.625113,0.437903,0.562947,0.267684,0.406175,0.812909,0.785622,0.346385,0.826315,0.831231,0.903079,0.511070,0.270868,0.467758,0.635319,0.875882,0.867799,0.441171,0.540952,0.897433,0.803541,0.327354,0.303061,0.346215,0.748264,0.481843,0.542973,0.646911,0.620077,0.848648,0.531094,0.622799,0.558091,0.657987,0.669305,0.551176,0.506916,0.714806,0.377905,0.854144,0.646078,0.872118,0.712215,0.729416,0.516426,0.545131,0.767137,0.634074,0.741050,0.512292,0.656415,0.344012,0.546471,0.387816,0.821898,0.584063,0.523981,0.885420,0.774806,0.760024,0.493408,0.771749,0.454054,0.520235
0.590461,0.539661,0.716655,0.687909,0.625327,0.683271,0.832140,0.757682,0.571120,0.627142,0.645498,0.684683,0.626930,0.834700,0.626535,0.618859,0.526352,0.683941,0.603632,0.719791,0.686262,0.757136,0.678695,0.739693,0.788175,0.770498,0.350349,0.839519,0.615347,0.756282,0.000000,0.699051,0.653171,0.663475,0.791041,0.736594,0.645183,0.690841,0.680971,0.674943,0.680599,0.728452,0.732270,0.529975,0.667667,0.723991,0.794529,0.336705,0.727904,0.715912,0.662820,0.696736,0.299896,0.727018,0.799037,0.787437,0.317489,0.626688,0.704235,0.703357,0.675110,0.687704,0.721201,0.709709,0.748178,0.752239,0.739094,0.744485,0.693923,0.764079,0.666115,0.672700,0.678218,0.708646,0.764124,0.716184,0.312209,0.710432,0.397830,0.715082,0.792864,0.753139,0.855019,0.808681,0.704108,0.808762,0.813630,0.751643,0.647427,0.783027,0.783082,0.555390,0.645873,0.779079,0.519966,0.690592,0.781302,0.745598,0.608650,0.686915,0.773101
0.590517,0.532807,0.431483,0.664697,0.768658,0.411986,0.921030,0.720681,0.702134,0.399315,0.419849,0.243214,0.303396,0.795768,0.611017,0.773680,0.386179,0.569372,0.339818,0.614898,0.347419,0.814306,0.747286,0.570193,0.458945,0.352059,0.837864,0.891386,0.769855,0.295221,0.699051,0.000000,0.431751,0.454049,0.846261,0.649909,0.174192,0.556358,0.377494,0.514300,0.155752,0.315204,0.789329,0.765451,0.309294,0.764505,0.845333,0.863502,0.421000,0.226952,0.391295,0.565159,0.833896,0.856587,0.451325,0.552096,0.852692,0.739517,0.285713,0.279029,0.300708,0.727403,0.403721,0.451961,0.611503,0.612681,0.805555,0.457133,0.628744,0.588350,0.533628,0.642755,0.483912,0.429925,0.633089,0.336685,0.838810,0.648057,0.854179,0.749831,0.716138,0.454080,0.532452,0.770262,0.586197,0.736376,0.538799,0.644109,0.316719,0.547054,0.262125,0.817673,0.457726,0.475363,0.812154,0.718293,0.752364,0.421002,0.767855,0.438753,0.558354
0.590781,0.509125,0.421883,0.486382,0.829524,0.388415,0.842276,0.692419,0.628949,0.372900,0.404862,0.526048,0.281644,0.753587,0.535313,0.870336,0.532775,0.572171,0.388706,0.408348,0.468228,0.830125,0.841243,0.581841,0.597412,0.539726,0.886495,0.859955,0.825749,0.505237,0.653171,0.431751,0.000000,0.449952,0.814177,0.711611,0.476737,0.348768,0.181129,0.570430,0.504263,0.489986,0.887590,0.764647,0.464227,0.835542,0.882544,0.906789,0.456827,0.479020,0.366444,0.555242,0.891961,0.885599,0.468247,0.580423,0.894647,0.842212,0.509949,0.437367,0.469256,0.754747,0.465474,0.438618,0.518861,0.548280,0.869013,0.536273,0.559145,0.503668,0.576698,0.671678,0.173783,0.472931,0.583257,0.373951,0.880483,0.445163,0.873018,0.697522,0.776752,0.577374,0.556841,0.779983,0.547846,0.759768,0.496383,0.610588,0.521086,0.521799,0.439358,0.876749,0.173826,0.523399,0.866222,0.788141,0.731477,0.542660,0.834192,0.477942,0.632848
0.591642,0.561109,0.460590,0.640052,0.745164,0.424338,0.821416,0.796051,0.631928,0.414131,0.523285,0.426321,0.373373,0.830305,0.534201,0.792262,0.502064,0.546444,0.494430,0.521518,0.474661,0.840149,0.720385,0.601624,0.555180,0.584258,0.797692,0.832264,0.742632,0.551131,0.663475,0.454049,0.449952,0.000000,0.828293,0.679268,0.483462,0.544367,0.467940,0.564616,0.554782,0.546809,0.776384,0.660836,0.499112,0.769301,0.790352,0.835752,0.358174,0.488173,0.479412,0.578257,0.824611,0.835034,0.550879,0.648124,0.820450,0.757990,0.511867,0.439732,0.486178,0.690100,0.482137,0.451795,0.607043,0.576826,0.793019,0.526619,0.552111,0.499488,0.513658,0.613748,0.421908,0.531311,0.625007,0.487326,0.830886,0.463259,0.780387,0.733482,0.768280,0.609187,0.576256,0.831103,0.420638,0.816426,0.699234,0.706728,0.525894,0.597593,0.404401,0.764995,0.468186,0.594254,0.774269,0.744457,0.797003,0.454731,0.782311,0.625739,0.433539
0.595291,0.680406,0.778343,0.699891,0.720410,0.774827,0.362178,0.620590,0.782676,0.823032,0.825961,0.856914,0.824251,0.582219,0.815437,0.801632,0.864476,0.785464,0.793387,0.752574,0.809888,0.439999,0.811621,0.734141,0.855939,0.845018,0.780509,0.342047,0.785782,0.790478,0.791041,0.846261,0.814177,0.828293,0.000000,0.754165,0.825042,0.724905,0.826356,0.793698,0.845253,0.822684,0.766060,0.762614,0.775701,0.771670,0.393158,0.795968,0.794524,0.844564,0.859781,0.796911,0.784299,0.753770,0.744727,0.779098,0.792221,0.749925,0.834182,0.804744,0.848358,0.818135,0.787628,0.843837,0.843146,0.715589,0.797745,0.803049,0.857680,0.771199,0.821485,0.770514,0.805931,0.800632,0.790790,0.861776,0.757361,0.749038,0.790991,0.748231,0.360484,0.892288,0.744225,0.598563,0.796747,0.562091,0.719371,0.725579,0.832038,0.756582,0.823030,0.837242,0.808227,0.868667,0.830767,0.739607,0.496833,0.841766,0.837810,0.780387,0.869673
0.595459,0.616643,0.660605,0.733760,0.754156,0.651151,0.782083,0.639202,0.780005,0.735495,0.624985,0.689752,0.660909,0.694835,0.689987,0.745142,0.722079,0.603414,0.658518,0.691435,0.676470,0.732793,0.797024,0.659124,0.684263,0.534599,0.741430,0.816117,0.756076,0.604020,0.736594,0.649909,0.711611,0.679268,0.754165,0.000000,0.710771,0.678634,0.725127,0.694903,0.688084,0.766663,0.776126,0.801294,0.736042,0.780302,0.795104,0.750882,0.649088,0.720406,0.693064,0.758269,0.756205,0.861253,0.779069,0.616869,0.723903,0.776064,0.687795,0.673808,0.688875,0.783707,0.721812,0.749229,0.744713,0.792881,0.718954,0.760713,0.728701,0.594834,0.797875,0.734655,0.683805,0.747660,0.777816,0.678394,0.779261,0.722558,0.751623,0.770665,0.740662,0.699377,0.806066,0.685956,0.774510,0.761666,0.754056,0.745269,0.687356,0.773506,0.639664,0.796391,0.674972,0.729066,0.818153,0.760685,0.709599,0.658575,0.777966,0.704508,0.744079
0.595572,0.550306,0.510642,0.714616,0.745565,0.480753,0.889260,0.745953,0.674915,0.424640,0.483196,0.260765,0.359315,0.800582,0.596050,0.766131,0.389820,0.574344,0.346466,0.676739,0.334911,0.755207,0.740493,0.615619,0.514336,0.346246,0.787430,0.887615,0.728692,0.252403,0.645183,0.174192,0.476737,0.483462,0.825042,0.710771,0.000000,0.660505,0.417712,0.477602,0.117706,0.260446,0.786401,0.728379,0.259696,0.781933,0.849884,0.805289,0.457407,0.182374,0.390496,0.572539,0.778057,0.823198,0.435265,0.586456,0.784390,0.716264,0.257295,0.220881,0.262691,0.715420,0.400966,0.468205,0.639275,0.611323,0.815965,0.431098,0.597123,0.638854,0.550052,0.659260,0.546492,0.438889,0.669633,0.392984,0.776150,0.698788,0.788560,0.727111,0.754644,0.499571,0.526323,0.782142,0.594565,0.745761,0.514339,0.669013,0.262661,0.539178,0.295552,0.778249,0.553751,0.451572,0.783451,0.732537,0.786928,0.451384,0.730432,0.441386,0.479255
0.598269,0.523599,0.509901,0.400218,0.808369,0.496492,0.801684,0.717526,0.609825,0.439676,0.467769,0.699703,0.357529,0.787179,0.482190,0.871090,0.678254,0.500326,0.478391,0.128614,0.492054,0.724184,0.813889,0.573199,0.652189,0.604285,0.864971,0.744041,0.835453,0.625113,0.690841,0.556358,0.348768,0.544367,0.724905,0.678634,0.660505,0.000000,0.354237,0.672473,0.658851,0.687203,0.817088,0.734213,0.622299,0.801909,0.771418,0.874843,0.535868,0.636175,0.558366,0.647758,0.855735,0.878245,0.636569,0.584051,0.860713,0.852431,0.638380,0.574134,0.603087,0.747197,0.600879,0.609176,0.573558,0.553544,0.828320,0.671089,0.570770,0.541337,0.704849,0.625402,0.335261,0.620068,0.489607,0.507273,0.847005,0.456520,0.838799,0.690295,0.633128,0.669819,0.678036,0.727956,0.514874,0.690911,0.552558,0.606655,0.616130,0.644517,0.558011,0.802936,0.323930,0.647273,0.829674,0.801420,0.574192,0.582692,0.831858,0.532715,0.843565
0.598323,0.540313,0.455183,0.503515,0.872615,0.389773,0.850837,0.705416,0.659701,0.318385,0.282051,0.488536,0.242778,0.753075,0.485319,0.889819,0.543032,0.498031,0.356561,0.405583,0.338512,0.757442,0.870859,0.521940,0.544825,0.494471,0.884759,0.862722,0.856734,0.437903,0.680971,0.377494,0.181129,0.467940,0.826356,0.725127,0.417712,0.354237,0.000000,0.502342,0.411302,0.422257,0.901717,0.740852,0.473412,0.887202,0.885459,0.902814,0.421145,0.421519,0.379618,0.577149,0.886172,0.900476,0.452530,0.478854,0.898329,0.872470,0.489894,0.403919,0.350844,0.825002,0.456325,0.418303,0.600334,0.536308,0.861811,0.541013,0.557862,0.521054,0.590178,0.654755,0.258710,0.414756,0.602444,0.360059,0.877809,0.506475,0.874619,0.714315,0.726780,0.495892,0.549195,0.757771,0.540232,0.738044,0.475512,0.500385,0.501103,0.480997,0.390564,0.874418,0.266651,0.513863,0.895840,0.792137,0.698545,0.486426,0.844760,0.403070,0.647835
0.600150,0.550746,0.642175,0.711349,0.784161,0.592371,0.860810,0.834933,0.746425,0.584675,0.495577,0.547061,0.561633,0.849451,0.611891,0.781282,0.588845,0.654380,0.566111,0.665294,0.558812,0.805351,0.842545,0.675349,0.671411,0.567587,0.795427,0.863295,0.820192,0.562947,0.674943,0.514300,0.570430,0.564616,0.793698,0.694903,0.477602,0.672473,0.502342,0.000000,0.475351,0.541165,0.865449,0.801276,0.596445,0.894657,0.793602,0.803510,0.615629,0.524188,0.550172,0.645276,0.770735,0.857052,0.651788,0.669057,0.800726,0.846259,0.537920,0.501379,0.464272,0.853835,0.679835,0.640596,0.506507,0.724015,0.807885,0.601749,0.674150,0.642684,0.598578,0.719075,0.588162,0.600862,0.558583,0.584413,0.776212,0.699648,0.791136,0.716732,0.756462,0.660705,0.731844,0.881969,0.599541,0.836090,0.655545,0.734277,0.543091,0.594062,0.542775,0.816443,0.588621,0.604569,0.806775,0.821764,0.839547,0.533351,0.825596,0.606813,0.661114
0.601670,0.560917,0.554619,0.756769,0.778323,0.521741,0.939113,0.752592,0.759113,0.424645,0.467023,0.284873,0.375084,0.797254,0.677020,0.817891,0.429243,0.595851,0.379317,0.692965,0.380507,0.762544,0.796565,0.612839,0.517362,0.333000,0.848435,0.919188,0.791993,0.267684,0.680599,0.155752,0.504263,0.554782,0.845253,0.688084,0.117706,0.658851,0.411302,0.475351,0.000000,0.276600,0.818876,0.833607,0.329377,0.830349,0.893194,0.870237,0.478717,0.209028,0.422633,0.600909,0.844980,0.847899,0.491593,0.618679,0.850473,0.793179,0.289314,0.272974,0.266927,0.762925,0.445209,0.504984,0.687289,0.644310,0.868095,0.491042,0.671534,0.648207,0.613302,0.714344,0.562281,0.481668,0.666921,0.397130,0.834461,0.703071,0.856001,0.799564,0.746519,0.498313,0.598679,0.765972,0.609065,0.784036,0.565592,0.674313,0.329171,0.565085,0.314759,0.819348,0.547377,0.477083,0.841192,0.782036,0.784722,0.482775,0.768360,0.427963,0.536727
0.601737,0.522735,0.483596,0.769963,0.830717,0.439964,0.885011,0.728197,0.771186,0.464288,0.415419,0.380298,0.374452,0.792828,0.719844,0.847517,0.400566,0.698057,0.395613,0.708664,0.409298,0.833006,0.816205,0.714178,0.522952,0.435761,0.859924,0.883136,0.820250,0.406175,0.728452,0.315204,0.489986,0.546809,0.822684,0.766663,0.260446,0.687203,0.422257,0.541165,0.276600,0.000000,0.829572,0.821178,0.320213,0.833898,0.797858,0.858556,0.495200,0.297468,0.435982,0.598118,0.842007,0.880896,0.433385,0.613988,0.841375,0.819383,0.400771,0.340326,0.354545,0.787547,0.332875,0.490233,0.693000,0.628337,0.854612,0.411900,0.661855,0.658102,0.580049,0.717296,0.604266,0.427052,0.786066,0.419217,0.834461,0.741200,0.865334,0.717416,0.745492,0.511102,0.528748,0.761207,0.672161,0.770676,0.517253,0.685869,0.432059,0.489786,0.378356,0.805386,0.574233,0.446712,0.842688,0.803020,0.800835,0.452799,0.799614,0.466803,0.537343
0.601826,0.660979,0.717366,0.829931,0.353832,0.739877,0.783545,0.727937,0.488453,0.881431,0.831260,0.778644,0.818709,0.766234,0.694367,0.468654,0.711087,0.769951,0.794408,0.823460,0.785378,0.813288,0.281795,0.865317,0.905795,0.830059,0.688448,0.789663,0.398052,0.812909,0.732270,0.789329,0.887590,0.776384,0.766060,0.776126,0.786401,0.817088,0.901717,0.865449,0.818876,0.829572,0.000000,0.615960,0.759869,0.296574,0.777121,0.686109,0.778560,0.829234,0.870827,0.761939,0.647832,0.512702,0.777307,0.881552,0.688330,0.344649,0.774691,0.739040,0.855681,0.270586,0.786001,0.725949,0.778700,0.701932,0.479740,0.801728,0.806448,0.865536,0.754771,0.691078,0.850059,0.759802,0.788712,0.816423,0.675789,0.774935,0.684003,0.827088,0.821853,0.766570,0.751409,0.765735,0.836345,0.773974,0.877839,0.842215,0.749040,0.777862,0.808782,0.504754,0.868070,0.824850,0.478751,0.396101,0.765076,0.787505,0.479299,0.830066,0.782907
0.602161,0.633173,0.683770,0.663732,0.454977,0.690778,0.761061,0.778678,0.258499,0.658568,0.727164,0.725377,0.655387,0.786615,0.505087,0.481037,0.663650,0.615534,0.705004,0.698263,0.687166,0.775134,0.534575,0.727875,0.827795,0.862197,0.452626,0.785025,0.514035,0.785622,0.529975,0.765451,0.764647,0.660836,0.762614,0.801294,0.728379,0.734213,0.740852,0.801276,0.833607,0.821178,0.615960,0.000000,0.757403,0.610265,0.769986,0.451727,0.707875,0.815282,0.796635,0.714858,0.428887,0.577583,0.774984,0.801300,0.457076,0.540961,0.756681,0.751538,0.767573,0.516876,0.753482,0.654311,0.738907,0.596945,0.489616,0.695574,0.556186,0.814994,0.710455,0.563481,0.713177,0.716990,0.759667,0.804750,0.481903,0.735039,0.472389,0.726851,0.866163,0.829568,0.785453,0.807597,0.752955,0.795027,0.790977,0.796111,0.625956,0.747101,0.729227,0.490840,0.741448,0.751956,0.520790,0.574566,0.802092,0.658817,0.590939,0.795906,0.820191
