0.000000,0.210418,0.489082,0.505002,0.520120,0.534825,0.535497,0.537235,0.537834,0.539119,0.548533,0.548954,0.553013,0.560518,0.560903,0.563602,0.566952,0.569090,0.569143,0.571868,0.571992,0.572366,0.573788,0.574971,0.575561,0.584422,0.585709,0.586549,0.586837,0.586918,0.590461,0.590517,0.590781,0.591642,0.595291,0.595459,0.595572,0.598269,0.598323,0.600150,0.601670,0.601737,0.601826,0.602161,0.602178,0.602436,0.603443,0.603938,0.605105,0.605722,0.607656,0.607761,0.607806,0.607811,0.608494,0.609155,0.609226,0.609339,0.610176,0.611284,0.611748,0.612759,0.613344,0.613970,0.614871,0.615497,0.615875,0.616045,0.618157,0.618598,0.619396,0.619610,0.619957,0.620614,0.621052,0.621234,0.621762,0.622107,0.622331,0.622824,0.623266,0.623547,0.623596,0.624027,0.624854,0.625198,0.626001,0.626630,0.627301,0.628221,0.628278,0.629216,0.629355,0.629533,0.629543,0.629896,0.630738,0.630921,0.631129,0.632255,0.632385,0.632400,0.632609,0.633334,0.633552,0.633590,0.633631,0.633901,0.634246,0.634815,0.635176,0.635458,0.635631,0.636136,0.636338,0.636502,0.636628,0.636716,0.636942,0.636960,0.637180,0.637497,0.637665,0.637747,0.638447,0.638468,0.638934,0.639121,0.639155,0.639262,0.639702,0.639922,0.640365,0.640413,0.640442,0.640958,0.641037,0.641310,0.641485,0.641491,0.641534,0.641538,0.641623,0.641699,0.641718,0.641959,0.642138,0.642310,0.642577,0.643021,0.643292,0.643432,0.643494,0.643641,0.644631,0.644771,0.645121,0.645396,0.645708,0.645847,0.646245,0.646747,0.647521,0.647628,0.647724,0.647831,0.647910,0.648230,0.648333,0.648570,0.649439,0.649459,0.649532,0.650116,0.650569,0.650674,0.651215,0.651322,0.651744,0.651885,0.652111,0.652965,0.653100,0.653172,0.653350,0.653375,0.653856,0.653948,0.654015,0.654218,0.654295,0.654653,0.654667,0.654701,0.655002,0.655150,0.655159,0.655427,0.655483,0.655504,0.655720
0.210418,0.000000,0.486904,0.502577,0.588939,0.471377,0.714623,0.560185,0.530272,0.481346,0.479697,0.511244,0.420252,0.630568,0.481426,0.648204,0.457375,0.578569,0.476505,0.581033,0.550829,0.685743,0.628988,0.651163,0.518983,0.536003,0.586661,0.697724,0.641828,0.578470,0.539661,0.532807,0.509125,0.561109,0.680406,0.616643,0.550306,0.523599,0.540313,0.550746,0.560917,0.522735,0.660979,0.633173,0.492327,0.669087,0.696509,0.636349,0.580861,0.522637,0.498425,0.620399,0.641679,0.672300,0.555628,0.620848,0.634834,0.657290,0.528506,0.488086,0.578226,0.599770,0.562176,0.621770,0.575826,0.573921,0.639533,0.585146,0.578252,0.510223,0.616935,0.586552,0.579117,0.604335,0.593941,0.511845,0.626443,0.570619,0.600450,0.613479,0.654775,0.605290,0.657163,0.666422,0.648830,0.684884,0.642840,0.653020,0.517186,0.605618,0.542483,0.655738,0.522873,0.636084,0.631530,0.684993,0.654399,0.618637,0.689612,0.561839,0.576457,0.656027,0.708052,0.645402,0.603863,0.590868,0.597525,0.554661,0.668073,0.572437,0.592831,0.712817,0.663444,0.692021,0.602639,0.593935,0.665266,0.638654,0.575454,0.634949,0.615447,0.529917,0.670808,0.604253,0.591786,0.652899,0.635780,0.627719,0.691358,0.585669,0.695634,0.658765,0.532294,0.607546,0.591478,0.671143,0.519201,0.544103,0.641473,0.540575,0.691089,0.549725,0.665122,0.629679,0.639215,0.541510,0.702616,0.723462,0.611573,0.596413,0.660261,0.596265,0.640389,0.661327,0.589912,0.640515,0.639567,0.632561,0.603014,0.614954,0.712409,0.676528,0.589456,0.687120,0.668369,0.599461,0.542021,0.674869,0.614943,0.618729,0.560628,0.670978,0.604392,0.581270,0.609406,0.541995,0.659283,0.619300,0.617982,0.486600,0.619175,0.628371,0.684143,0.631781,0.712773,0.601716,0.655764,0.547526,0.566066,0.558779,0.659566,0.588314,0.654221,0.591221,0.710494,0.682256,0.681686,0.642473,0.661250,0.654337,0.538520
0.489082,0.486904,0.000000,0.657048,0.751993,0.219321,0.828726,0.579254,0.672779,0.395948,0.343161,0.474815,0.399454,0.661439,0.520650,0.790242,0.526425,0.595782,0.424752,0.441287,0.519724,0.823194,0.703473,0.651545,0.521366,0.573723,0.822729,0.843084,0.739047,0.570075,0.716655,0.431483,0.421883,0.460590,0.778343,0.660605,0.510642,0.509901,0.455183,0.642175,0.554619,0.483596,0.717366,0.683770,0.552182,0.720736,0.667683,0.826456,0.411204,0.481438,0.496068,0.549841,0.815356,0.838868,0.488739,0.606792,0.817589,0.747616,0.507981,0.465491,0.507921,0.722645,0.493178,0.488509,0.604157,0.595145,0.719819,0.491682,0.553247,0.551751,0.551634,0.538542,0.431289,0.471747,0.658632,0.454839,0.824575,0.590205,0.802946,0.606023,0.756686,0.577224,0.464751,0.700301,0.606217,0.676739,0.551273,0.675156,0.522641,0.586874,0.450855,0.813205,0.474533,0.525433,0.773789,0.735206,0.683771,0.489895,0.805949,0.596942,0.594704,0.793716,0.624429,0.669518,0.540773,0.519360,0.585429,0.488532,0.788344,0.529067,0.563704,0.688066,0.827694,0.737566,0.774014,0.562025,0.816434,0.475124,0.602252,0.549699,0.897118,0.531141,0.728824,0.522186,0.509570,0.752896,0.774844,0.551589,0.754210,0.550745,0.637765,0.645822,0.643571,0.524478,0.523071,0.536870,0.410556,0.592311,0.702285,0.574400,0.730605,0.481465,0.669664,0.731277,0.728945,0.486678,0.666809,0.863946,0.729309,0.664100,0.534958,0.554780,0.622927,0.725145,0.652981,0.747749,0.565528,0.637986,0.731791,0.474234,0.626798,0.762769,0.678704,0.603802,0.795712,0.531461,0.536002,0.729072,0.679515,0.836968,0.543758,0.768421,0.609624,0.581655,0.507203,0.658547,0.782489,0.503520,0.578117,0.578886,0.790102,0.715266,0.745748,0.840224,0.842842,0.518371,0.753674,0.577544,0.464333,0.504216,0.447714,0.548782,0.732600,0.545479,0.750943,0.733460,0.695522,0.573167,0.700366,0.735680,0.520762
0.505002,0.502577,0.657048,0.000000,0.780628,0.662848,0.700024,0.647813,0.668142,0.626737,0.591190,0.670118,0.552634,0.699495,0.535944,0.845411,0.735601,0.542010,0.599935,0.447346,0.665245,0.666449,0.804180,0.605758,0.688946,0.706565,0.780954,0.696300,0.820600,0.703949,0.687909,0.664697,0.486382,0.640052,0.699891,0.733760,0.714616,0.400218,0.503515,0.711349,0.756769,0.769963,0.829931,0.663732,0.650472,0.806285,0.814098,0.830961,0.655123,0.719946,0.650772,0.682936,0.789927,0.811306,0.724098,0.532029,0.826007,0.834891,0.709013,0.694588,0.708000,0.788123,0.688108,0.728465,0.579024,0.630088,0.803417,0.769056,0.663347,0.591319,0.725371,0.743831,0.501688,0.764941,0.592461,0.669173,0.781688,0.569217,0.804406,0.797795,0.678103,0.736874,0.774330,0.644811,0.616512,0.589125,0.724983,0.660701,0.757189,0.765399,0.714711,0.830166,0.498822,0.796961,0.831969,0.778120,0.555780,0.707803,0.798404,0.628037,0.780043,0.717715,0.707541,0.625903,0.681050,0.680006,0.603251,0.781348,0.737202,0.508711,0.750708,0.637912,0.799970,0.697172,0.657780,0.740576,0.717541,0.713775,0.610110,0.537894,0.804191,0.741628,0.581080,0.706035,0.746650,0.813133,0.799360,0.801543,0.739068,0.497827,0.773544,0.653925,0.694557,0.764574,0.809532,0.732537,0.593468,0.645039,0.781639,0.654225,0.805963,0.561925,0.614494,0.692214,0.698334,0.683284,0.626603,0.651551,0.653822,0.629582,0.824254,0.736000,0.720563,0.707217,0.738782,0.674411,0.650105,0.565743,0.771132,0.697371,0.680463,0.650215,0.622687,0.596485,0.729173,0.790295,0.697919,0.572058,0.393815,0.827796,0.711964,0.657129,0.692116,0.558291,0.754244,0.679971,0.691339,0.796824,0.806365,0.527506,0.825170,0.750119,0.619716,0.782386,0.793100,0.755823,0.632195,0.656191,0.740434,0.778156,0.609324,0.537135,0.622991,0.721434,0.689638,0.632342,0.788872,0.534297,0.579388,0.627459,0.749559
0.520120,0.588939,0.751993,0.780628,0.000000,0.781309,0.766810,0.757514,0.394013,0.814042,0.831806,0.770426,0.803168,0.779475,0.617309,0.198749,0.683150,0.754309,0.778594,0.811578,0.779866,0.737275,0.305438,0.830621,0.887521,0.822967,0.518339,0.746766,0.303986,0.794877,0.625327,0.768658,0.829524,0.745164,0.720410,0.754156,0.745565,0.808369,0.872615,0.784161,0.778323,0.830717,0.353832,0.454977,0.747991,0.302401,0.739956,0.513264,0.810927,0.795739,0.805167,0.793410,0.465163,0.192502,0.811596,0.864960,0.505806,0.303804,0.732469,0.696832,0.822866,0.307540,0.826416,0.772750,0.784182,0.701174,0.290898,0.818902,0.711752,0.821540,0.755412,0.700502,0.834115,0.820668,0.795930,0.801166,0.521357,0.729519,0.545899,0.803862,0.818140,0.809607,0.816526,0.805828,0.808822,0.800676,0.840077,0.787598,0.702315,0.795579,0.755442,0.321480,0.831528,0.744827,0.337859,0.369500,0.806984,0.764364,0.366692,0.791675,0.828038,0.698368,0.839179,0.801545,0.789187,0.653695,0.857607,0.784786,0.771766,0.862468,0.853785,0.848480,0.504433,0.910561,0.704961,0.768412,0.748403,0.817166,0.746520,0.782168,0.545049,0.833802,0.818885,0.821108,0.798692,0.566385,0.512544,0.759564,0.811840,0.794740,0.749329,0.856141,0.748569,0.689858,0.838659,0.753533,0.795892,0.800728,0.854403,0.764331,0.365711,0.877737,0.840677,0.575327,0.625700,0.790619,0.682746,0.811152,0.860883,0.609525,0.893366,0.799906,0.801773,0.683096,0.869711,0.823961,0.769337,0.805651,0.722789,0.887344,0.793888,0.837027,0.634701,0.707722,0.761871,0.730485,0.798636,0.842587,0.824653,0.590980,0.616394,0.816385,0.806344,0.789939,0.779431,0.676110,0.840559,0.754368,0.771048,0.820011,0.569674,0.519810,0.767914,0.572549,0.723698,0.757005,0.786097,0.837773,0.739911,0.812469,0.781881,0.794757,0.768627,0.729479,0.840373,0.808343,0.687011,0.750555,0.799874,0.804964,0.811795
0.534825,0.471377,0.219321,0.662848,0.781309,0.000000,0.828749,0.571897,0.642248,0.373294,0.354326,0.460419,0.327152,0.717629,0.572842,0.783814,0.454068,0.627123,0.363957,0.499123,0.497117,0.823152,0.728855,0.678981,0.500808,0.536018,0.806239,0.812559,0.765029,0.538995,0.683271,0.411986,0.388415,0.424338,0.774827,0.651151,0.480753,0.496492,0.389773,0.592371,0.521741,0.439964,0.739877,0.690778,0.450832,0.765934,0.757956,0.851195,0.418684,0.459255,0.403587,0.545859,0.839251,0.841772,0.408690,0.624022,0.836325,0.781665,0.475602,0.370929,0.469970,0.732292,0.473169,0.433794,0.581222,0.619339,0.734253,0.477381,0.599432,0.539717,0.543936,0.469528,0.405721,0.430810,0.695929,0.365214,0.841601,0.611262,0.820585,0.657620,0.777818,0.539708,0.500175,0.716171,0.598972,0.739481,0.557818,0.688507,0.466807,0.479818,0.394176,0.821063,0.391898,0.478176,0.768257,0.764485,0.738329,0.512158,0.819148,0.510049,0.574636,0.780352,0.659754,0.616409,0.531379,0.620250,0.538042,0.520696,0.768742,0.517213,0.494963,0.666538,0.848061,0.768608,0.780256,0.503728,0.848439,0.524039,0.581910,0.605620,0.889193,0.418041,0.765225,0.471691,0.468388,0.777887,0.804342,0.527746,0.755316,0.556998,0.584469,0.641579,0.620513,0.492381,0.488092,0.579952,0.402200,0.578045,0.697405,0.528771,0.730962,0.448968,0.700883,0.759071,0.801117,0.406321,0.718907,0.821490,0.770832,0.648438,0.572905,0.537640,0.568480,0.709383,0.586059,0.791171,0.610318,0.689841,0.736293,0.463009,0.740437,0.820728,0.676795,0.640499,0.804733,0.529693,0.490505,0.723623,0.678284,0.846704,0.530007,0.757227,0.538330,0.594526,0.452568,0.671291,0.773946,0.506983,0.563138,0.472184,0.751007,0.737692,0.744986,0.871837,0.855963,0.560359,0.765847,0.532146,0.489104,0.423509,0.490595,0.552487,0.747918,0.527184,0.754791,0.781701,0.700510,0.623796,0.760117,0.681008,0.467184
0.535497,0.714623,0.828726,0.700024,0.766810,0.828749,0.000000,0.703483,0.797941,0.869456,0.880017,0.850378,0.863384,0.634125,0.817869,0.763502,0.919187,0.824021,0.858695,0.770047,0.808890,0.463648,0.768346,0.710999,0.909748,0.932853,0.798081,0.132629,0.786701,0.854776,0.832140,0.921030,0.842276,0.821416,0.362178,0.782083,0.889260,0.801684,0.850837,0.860810,0.939113,0.885011,0.783545,0.761061,0.860899,0.754644,0.455140,0.783516,0.785311,0.883008,0.908913,0.842467,0.790037,0.789904,0.797427,0.834907,0.800123,0.786252,0.897132,0.911558,0.921813,0.841922,0.836311,0.849009,0.861872,0.791378,0.806328,0.818866,0.832974,0.775403,0.840255,0.804043,0.852677,0.845109,0.816761,0.907700,0.785664,0.782136,0.755682,0.802232,0.469171,0.841725,0.751713,0.672924,0.800024,0.641122,0.801688,0.822365,0.891621,0.846786,0.863035,0.819017,0.889902,0.898896,0.786286,0.790348,0.600394,0.832232,0.821979,0.874098,0.883502,0.823818,0.736734,0.779971,0.834610,0.829690,0.788194,0.953464,0.665691,0.799544,0.886722,0.759246,0.794952,0.725355,0.797920,0.882264,0.388844,0.867515,0.910377,0.770292,0.775412,0.848116,0.586456,0.856712,0.884448,0.789087,0.755410,0.861505,0.421617,0.797512,0.735456,0.715296,0.798992,0.913767,0.906782,0.839829,0.856170,0.850126,0.833646,0.846803,0.839952,0.918475,0.696781,0.873846,0.730665,0.895260,0.800899,0.369379,0.549108,0.854867,0.865030,0.922602,0.800365,0.855717,0.869223,0.632129,0.785470,0.709196,0.779939,0.903124,0.620944,0.573143,0.819257,0.784686,0.664871,0.861187,0.903352,0.815329,0.799135,0.814170,0.889727,0.631621,0.913701,0.828329,0.940914,0.800453,0.467133,0.886485,0.784514,0.865043,0.869252,0.791942,0.645673,0.813533,0.727610,0.909522,0.644983,0.805732,0.848188,0.901937,0.763867,0.857625,0.792768,0.960580,0.653185,0.686520,0.768998,0.809431,0.681265,0.704849,0.933451
0.537235,0.560185,0.579254,0.647813,0.757514,0.571897,0.703483,0.000000,0.761376,0.744961,0.717628,0.719609,0.728005,0.391155,0.770728,0.771925,0.788350,0.735360,0.697552,0.716086,0.789575,0.711174,0.745079,0.736040,0.668707,0.699916,0.780339,0.698199,0.783048,0.729056,0.757682,0.720681,0.692419,0.796051,0.620590,0.639202,0.745953,0.717526,0.705416,0.834933,0.752592,0.728197,0.727937,0.778678,0.719153,0.724950,0.680654,0.801141,0.716680,0.769124,0.700197,0.671294,0.809726,0.774184,0.617916,0.706564,0.812813,0.760124,0.777835,0.691010,0.778052,0.779177,0.772784,0.631948,0.751364,0.663009,0.824841,0.747901,0.828255,0.812427,0.850712,0.696546,0.699904,0.624243,0.860516,0.726823,0.836358,0.820260,0.825405,0.830096,0.649293,0.676178,0.689286,0.410574,0.795834,0.590661,0.675935,0.609549,0.768692,0.684781,0.716298,0.801941,0.675173,0.785637,0.814208,0.739514,0.564438,0.786320,0.820331,0.586139,0.775927,0.835499,0.693920,0.735865,0.786707,0.761709,0.540636,0.764108,0.399533,0.710748,0.801773,0.806276,0.818045,0.720002,0.730030,0.744691,0.746352,0.789062,0.802204,0.792206,0.810922,0.576924,0.494240,0.707582,0.726450,0.652643,0.833263,0.699817,0.699079,0.766967,0.470356,0.736188,0.846661,0.794541,0.718188,0.796280,0.771446,0.802749,0.732362,0.771465,0.781598,0.773484,0.675416,0.842403,0.764440,0.754530,0.795034,0.595939,0.582491,0.848230,0.652565,0.796349,0.733872,0.828032,0.669095,0.536365,0.719293,0.598215,0.800206,0.691357,0.786714,0.593346,0.674850,0.702846,0.424126,0.734086,0.714359,0.882885,0.736778,0.824486,0.817210,0.446135,0.734169,0.610140,0.766608,0.857975,0.567010,0.756697,0.726825,0.716358,0.726796,0.814987,0.483856,0.843157,0.686848,0.786993,0.533106,0.667117,0.718221,0.678993,0.723669,0.754000,0.741123,0.674137,0.392935,0.525815,0.756132,0.799023,0.569830,0.456019,0.740175
0.537834,0.530272,0.672779,0.668142,0.394013,0.642248,0.797941,0.761376,0.000000,0.579245,0.681636,0.719162,0.569576,0.775481,0.467687,0.437506,0.578465,0.582298,0.626521,0.636580,0.603730,0.799278,0.427926,0.723945,0.770098,0.788859,0.566272,0.776726,0.442633,0.728368,0.571120,0.702134,0.628949,0.631928,0.782676,0.780005,0.674915,0.609825,0.659701,0.746425,0.759113,0.771186,0.488453,0.258499,0.676590,0.492646,0.804149,0.559065,0.664784,0.752503,0.756950,0.646330,0.510134,0.518669,0.691692,0.785376,0.550361,0.418267,0.702817,0.660473,0.739786,0.368044,0.667831,0.628099,0.636147,0.472655,0.518378,0.651929,0.598185,0.746882,0.626824,0.556452,0.607696,0.657867,0.686543,0.705688,0.560990,0.596504,0.566332,0.718781,0.838807,0.789726,0.726273,0.808632,0.703407,0.804030,0.706856,0.758943,0.577227,0.703435,0.669696,0.428063,0.638727,0.719105,0.408951,0.457482,0.786842,0.615284,0.531840,0.745685,0.756152,0.760683,0.808242,0.732587,0.651762,0.488629,0.798405,0.805680,0.819652,0.734688,0.722113,0.745452,0.554792,0.873896,0.709699,0.753195,0.769992,0.769441,0.667051,0.768670,0.625422,0.741094,0.820558,0.693932,0.773855,0.574020,0.538947,0.759602,0.830200,0.730750,0.806086,0.767526,0.646243,0.645073,0.793506,0.653134,0.623340,0.706763,0.785952,0.715089,0.452388,0.649815,0.663718,0.500477,0.549897,0.692430,0.534631,0.907806,0.830934,0.498022,0.746273,0.676339,0.656131,0.629656,0.781533,0.776019,0.586595,0.738871,0.704738,0.835796,0.764109,0.875531,0.590115,0.641880,0.815573,0.783711,0.710534,0.609454,0.692648,0.613929,0.421505,0.784964,0.750467,0.687731,0.731609,0.538496,0.888430,0.674505,0.675901,0.607914,0.663434,0.439585,0.775723,0.628314,0.661875,0.785371,0.768619,0.841247,0.631228,0.766175,0.653133,0.544202,0.624697,0.803185,0.840319,0.778017,0.680840,0.574636,0.795358,0.808781,0.691929
0.539119,0.481346,0.395948,0.626737,0.814042,0.373294,0.869456,0.744961,0.579245,0.000000,0.413566,0.438388,0.166746,0.806361,0.433641,0.830820,0.477706,0.509741,0.363850,0.428704,0.390957,0.766159,0.793284,0.672264,0.543666,0.523770,0.762737,0.865123,0.802778,0.441943,0.627142,0.399315,0.372900,0.414131,0.823032,0.735495,0.424640,0.439676,0.318385,0.584675,0.424645,0.464288,0.881431,0.658568,0.496305,0.853099,0.834208,0.802219,0.378577,0.413569,0.441135,0.667991,0.795522,0.867196,0.519467,0.556190,0.795567,0.807378,0.458351,0.419509,0.415257,0.775511,0.478440,0.479618,0.654678,0.545146,0.808450,0.468875,0.522130,0.506927,0.551810,0.539796,0.379177,0.516168,0.604966,0.380145,0.804269,0.520124,0.744054,0.621826,0.755700,0.598101,0.542988,0.839986,0.569993,0.775078,0.512716,0.611495,0.427246,0.574038,0.381173,0.789617,0.401802,0.513813,0.808763,0.791999,0.768257,0.388074,0.819316,0.510050,0.575813,0.800480,0.607622,0.641969,0.440028,0.545955,0.664029,0.547503,0.873794,0.562698,0.433704,0.681030,0.814853,0.676102,0.746052,0.487812,0.845846,0.499007,0.543467,0.568870,0.858292,0.516709,0.872829,0.461927,0.451978,0.804626,0.731855,0.551674,0.790932,0.542560,0.842160,0.635997,0.522474,0.498189,0.436775,0.460836,0.294965,0.483900,0.692532,0.503932,0.771421,0.364685,0.618976,0.628711,0.747191,0.415180,0.648694,0.842482,0.728580,0.587510,0.595473,0.450936,0.671230,0.624507,0.596324,0.778120,0.527170,0.692281,0.631704,0.519315,0.615189,0.840502,0.673322,0.619519,0.895375,0.596142,0.495230,0.568587,0.571277,0.829292,0.444121,0.874160,0.604841,0.576597,0.468142,0.564726,0.795577,0.507431,0.643237,0.457611,0.774613,0.630901,0.820780,0.853180,0.841418,0.543162,0.872886,0.604413,0.398353,0.464531,0.520685,0.364960,0.662762,0.486698,0.880949,0.796939,0.761519,0.504389,0.833247,0.718897,0.488390
0.548533,0.479697,0.343161,0.591190,0.831806,0.354326,0.880017,0.717628,0.681636,0.413566,0.000000,0.482918,0.360085,0.683651,0.466309,0.853037,0.505460,0.463148,0.398380,0.483101,0.401650,0.834942,0.847250,0.468774,0.509867,0.515744,0.784520,0.902730,0.821164,0.489117,0.645498,0.419849,0.404862,0.523285,0.825961,0.624985,0.483196,0.467769,0.282051,0.495577,0.467023,0.415419,0.831260,0.727164,0.526397,0.873873,0.775392,0.825562,0.514600,0.450510,0.470195,0.538433,0.806268,0.857201,0.575865,0.481072,0.805018,0.866327,0.489125,0.445765,0.412286,0.818319,0.480046,0.524915,0.577832,0.537447,0.804401,0.494587,0.549076,0.482332,0.598858,0.625094,0.497716,0.483083,0.660781,0.462035,0.801196,0.592604,0.779854,0.621526,0.706270,0.569386,0.598656,0.718776,0.597971,0.644170,0.562232,0.568172,0.492189,0.589718,0.482987,0.842574,0.478664,0.540451,0.835648,0.813680,0.625203,0.409486,0.856746,0.468660,0.589897,0.838252,0.610464,0.523298,0.401899,0.622185,0.506304,0.541064,0.776977,0.534546,0.480482,0.564477,0.822982,0.637927,0.559817,0.537906,0.853227,0.568313,0.525578,0.626146,0.861296,0.604143,0.676114,0.495142,0.501181,0.789623,0.751614,0.584796,0.808417,0.593851,0.734037,0.538062,0.489224,0.564645,0.490180,0.537595,0.474724,0.514499,0.513278,0.573577,0.818331,0.456107,0.597268,0.688450,0.769958,0.483243,0.647503,0.809112,0.622821,0.648799,0.596243,0.435977,0.578982,0.655344,0.565202,0.745136,0.604451,0.567648,0.642432,0.486933,0.632773,0.686331,0.614758,0.682531,0.770966,0.627861,0.541739,0.623470,0.543676,0.831956,0.447356,0.728385,0.586231,0.572899,0.585912,0.585817,0.722536,0.550891,0.632221,0.473873,0.826394,0.663580,0.713130,0.816630,0.809790,0.556659,0.701757,0.521080,0.515564,0.529654,0.610955,0.510670,0.630022,0.561558,0.729310,0.665004,0.792656,0.462394,0.648832,0.635124,0.546040
0.548954,0.511244,0.474815,0.670118,0.770426,0.460419,0.850378,0.719609,0.719162,0.438388,0.482918,0.000000,0.378602,0.814539,0.629969,0.798163,0.393457,0.606901,0.378588,0.655853,0.455839,0.857032,0.718582,0.614640,0.485487,0.446557,0.798742,0.867787,0.756518,0.348062,0.684683,0.243214,0.526048,0.426321,0.856914,0.689752,0.260765,0.699703,0.488536,0.547061,0.284873,0.380298,0.778644,0.725377,0.374619,0.784523,0.832068,0.828429,0.386868,0.264487,0.397059,0.574287,0.826928,0.849140,0.498803,0.551177,0.828267,0.772864,0.298924,0.332565,0.360794,0.766368,0.449277,0.465971,0.647732,0.687958,0.772865,0.416198,0.634012,0.597123,0.499180,0.680768,0.554521,0.488225,0.680473,0.435217,0.843381,0.675370,0.832183,0.710947,0.720759,0.540703,0.527877,0.810653,0.593583,0.750262,0.658367,0.692830,0.351312,0.564863,0.353886,0.853978,0.580449,0.508053,0.833832,0.728477,0.792656,0.496466,0.796015,0.514943,0.418208,0.772802,0.719133,0.662862,0.531320,0.683283,0.589426,0.413772,0.829012,0.645230,0.385687,0.639901,0.847711,0.770851,0.789945,0.315720,0.852783,0.291601,0.471898,0.611774,0.854780,0.541181,0.871407,0.400521,0.300274,0.780476,0.796062,0.466106,0.803393,0.624590,0.793670,0.691780,0.622518,0.363118,0.374255,0.542058,0.425291,0.632961,0.685491,0.375950,0.754980,0.555920,0.631414,0.705451,0.809038,0.476264,0.665130,0.762308,0.721246,0.656252,0.684076,0.469014,0.587779,0.745140,0.614947,0.860218,0.670862,0.783450,0.704638,0.455121,0.721848,0.803407,0.616225,0.629065,0.860080,0.433616,0.471114,0.794468,0.726952,0.848073,0.606610,0.855618,0.461494,0.694108,0.383851,0.660356,0.844343,0.343426,0.698658,0.577974,0.803432,0.713006,0.802345,0.864700,0.853606,0.326858,0.895058,0.637569,0.418074,0.508287,0.660281,0.580636,0.775320,0.401664,0.842175,0.848797,0.819300,0.681238,0.862818,0.733205,0.455187
0.553013,0.420252,0.399454,0.552634,0.803168,0.327152,0.863384,0.728005,0.569576,0.166746,0.360085,0.378602,0.000000,0.797297,0.446735,0.815839,0.391633,0.497095,0.286686,0.413204,0.308753,0.755898,0.752316,0.600147,0.480854,0.442317,0.822128,0.829436,0.767600,0.396164,0.626930,0.303396,0.281644,0.373373,0.824251,0.660909,0.359315,0.357529,0.242778,0.561633,0.375084,0.374452,0.818709,0.655387,0.376971,0.811056,0.850645,0.848174,0.360427,0.325448,0.361493,0.578665,0.822160,0.860057,0.433929,0.533090,0.837653,0.781499,0.377352,0.327316,0.363645,0.718336,0.378423,0.419513,0.579959,0.535929,0.784331,0.438876,0.515262,0.453388,0.515251,0.597276,0.321292,0.453816,0.615450,0.305105,0.821627,0.532907,0.798814,0.670542,0.744775,0.506017,0.536076,0.824798,0.554943,0.737189,0.499675,0.619845,0.358674,0.534501,0.294693,0.801692,0.309185,0.480821,0.799616,0.736962,0.715765,0.369513,0.794932,0.433729,0.544029,0.826159,0.631858,0.563707,0.379890,0.584124,0.580304,0.475630,0.858679,0.497864,0.389456,0.618243,0.844899,0.674473,0.752816,0.393910,0.822655,0.441654,0.507436,0.554275,0.877857,0.432119,0.794965,0.385892,0.374016,0.829585,0.760664,0.479346,0.759724,0.489169,0.820275,0.586120,0.527562,0.419545,0.410095,0.457824,0.249975,0.541460,0.646206,0.415844,0.710834,0.311113,0.633339,0.658836,0.760307,0.343287,0.689303,0.823741,0.699322,0.582340,0.634665,0.440632,0.583085,0.636500,0.575769,0.839303,0.504272,0.652463,0.668742,0.472336,0.607055,0.822226,0.573901,0.607336,0.875561,0.575099,0.426418,0.575955,0.531560,0.836719,0.400865,0.829430,0.507406,0.489239,0.440772,0.570696,0.742100,0.425392,0.598155,0.332407,0.826412,0.641957,0.798550,0.849348,0.820948,0.498299,0.819348,0.536769,0.384883,0.412738,0.540929,0.350577,0.698552,0.479420,0.875857,0.797728,0.771853,0.461002,0.797053,0.694438,0.425976
0.560518,0.630568,0.661439,0.699495,0.779475,0.717629,0.634125,0.391155,0.775481,0.806361,0.683651,0.814539,0.797297,0.000000,0.741011,0.792874,0.870527,0.702054,0.805012,0.771312,0.858225,0.683267,0.806728,0.657314,0.711448,0.779201,0.751557,0.697088,0.757067,0.765598,0.834700,0.795768,0.753587,0.830305,0.582219,0.694835,0.800582,0.787179,0.753075,0.849451,0.797254,0.792828,0.766234,0.786615,0.810964,0.744934,0.648526,0.791448,0.835265,0.832767,0.798513,0.730298,0.796556,0.828990,0.786999,0.789953,0.815875,0.791466,0.861186,0.766737,0.810454,0.802376,0.861747,0.761172,0.749763,0.590517,0.842995,0.861793,0.797236,0.770606,0.884761,0.783836,0.741616,0.724650,0.827935,0.864773,0.819524,0.798564,0.769641,0.856689,0.606664,0.773686,0.799850,0.276352,0.728703,0.439405,0.708409,0.584776,0.871967,0.845235,0.819824,0.824439,0.749056,0.829895,0.829239,0.783729,0.360293,0.835022,0.772481,0.686712,0.916719,0.880503,0.651645,0.663988,0.838790,0.832843,0.583577,0.916598,0.282503,0.793951,0.825927,0.676140,0.794586,0.697980,0.744347,0.785849,0.706191,0.828517,0.870640,0.844264,0.791020,0.796568,0.311162,0.750304,0.782932,0.693954,0.852112,0.783856,0.716705,0.852464,0.608750,0.657077,0.843138,0.849311,0.784652,0.839111,0.830545,0.825107,0.715977,0.855677,0.775768,0.832135,0.709228,0.840874,0.846622,0.808279,0.849099,0.570738,0.466187,0.846055,0.677070,0.828543,0.786087,0.890959,0.805797,0.360332,0.791022,0.512670,0.825196,0.789940,0.767485,0.478745,0.763329,0.793665,0.257173,0.877726,0.839272,0.803210,0.736332,0.791967,0.836243,0.295003,0.797197,0.678136,0.886520,0.799854,0.519133,0.841771,0.823108,0.846265,0.699911,0.757393,0.431898,0.846856,0.718998,0.878724,0.324273,0.701124,0.831141,0.791570,0.740205,0.856287,0.657770,0.850868,0.310241,0.300800,0.855250,0.756152,0.334016,0.510381,0.865183
0.560903,0.481426,0.520650,0.535944,0.617309,0.572842,0.817869,0.770728,0.467687,0.433641,0.466309,0.629969,0.446735,0.741011,0.000000,0.656500,0.579661,0.399345,0.511386,0.444959,0.481165,0.723107,0.666390,0.616530,0.689358,0.669536,0.523976,0.804675,0.651982,0.611094,0.626535,0.611017,0.535313,0.534201,0.815437,0.689987,0.596050,0.482190,0.485319,0.611891,0.677020,0.719844,0.694367,0.505087,0.612734,0.700112,0.770511,0.620567,0.543876,0.630988,0.650553,0.701039,0.628250,0.735143,0.645367,0.570811,0.601478,0.629222,0.597612,0.605225,0.590578,0.615905,0.621498,0.622567,0.630410,0.517727,0.638569,0.644596,0.345079,0.552854,0.577629,0.438469,0.492131,0.636378,0.522972,0.567367,0.650686,0.514507,0.461347,0.529480,0.777338,0.632330,0.667810,0.760640,0.580922,0.712051,0.661856,0.690086,0.453998,0.651371,0.564335,0.622868,0.546335,0.634011,0.629204,0.619144,0.683889,0.484042,0.697259,0.649667,0.733249,0.645803,0.694258,0.608692,0.505503,0.454264,0.655284,0.766443,0.857538,0.616808,0.667888,0.636144,0.653503,0.738623,0.582133,0.654729,0.834910,0.681898,0.506109,0.583144,0.635769,0.695190,0.735593,0.571698,0.627809,0.688774,0.509577,0.699459,0.803890,0.578862,0.823567,0.680810,0.306668,0.611147,0.714969,0.510258,0.486452,0.571610,0.718994,0.599373,0.652611,0.575683,0.642183,0.504648,0.507403,0.603883,0.554941,0.884255,0.673379,0.484299,0.683645,0.580385,0.730424,0.642039,0.683273,0.669091,0.560554,0.683588,0.636370,0.625803,0.639818,0.794481,0.564596,0.681314,0.817585,0.671966,0.642492,0.560887,0.533173,0.653757,0.404668,0.798602,0.702333,0.572659,0.648521,0.290102,0.783373,0.626624,0.696689,0.610468,0.524036,0.382893,0.766190,0.663649,0.749145,0.673143,0.746234,0.676865,0.534930,0.630579,0.503820,0.339081,0.624255,0.711600,0.792545,0.718973,0.566478,0.490791,0.666562,0.693720,0.684500
0.563602,0.648204,0.790242,0.845411,0.198749,0.783814,0.763502,0.771925,0.437506,0.830820,0.853037,0.798163,0.815839,0.792874,0.656500,0.000000,0.679471,0.811561,0.806920,0.858774,0.770776,0.829070,0.390320,0.832710,0.922222,0.848877,0.514467,0.770108,0.383346,0.826780,0.618859,0.773680,0.870336,0.792262,0.801632,0.745142,0.766131,0.871090,0.889819,0.781282,0.817891,0.847517,0.468654,0.481037,0.802064,0.397950,0.781764,0.522668,0.821714,0.822382,0.836643,0.810061,0.486854,0.355574,0.839276,0.849452,0.510682,0.357579,0.772755,0.746465,0.840077,0.441541,0.835597,0.796522,0.853200,0.768502,0.396764,0.838194,0.707135,0.851623,0.755625,0.681764,0.851314,0.819914,0.829753,0.826851,0.549991,0.789922,0.535373,0.817218,0.855722,0.784740,0.837071,0.851771,0.867540,0.835009,0.818805,0.786692,0.720906,0.832357,0.761319,0.356410,0.849625,0.776266,0.348324,0.482166,0.823703,0.763310,0.427159,0.848334,0.893140,0.708814,0.847837,0.842858,0.783016,0.684243,0.851702,0.816347,0.806610,0.899896,0.869391,0.885980,0.515248,0.904729,0.732316,0.811605,0.816497,0.808966,0.795479,0.855588,0.555234,0.847362,0.848380,0.831180,0.836688,0.579202,0.559640,0.767841,0.845349,0.873320,0.782346,0.872864,0.781003,0.700042,0.838155,0.750534,0.822740,0.826665,0.904104,0.797180,0.430052,0.897155,0.830519,0.634727,0.714501,0.833288,0.718454,0.850639,0.886163,0.685461,0.918925,0.799722,0.819931,0.643278,0.889828,0.868947,0.837395,0.874274,0.769387,0.880993,0.802468,0.859276,0.696560,0.758772,0.796687,0.745366,0.784214,0.874427,0.882422,0.591992,0.622053,0.844256,0.815022,0.836556,0.768797,0.715693,0.876242,0.793727,0.779208,0.846425,0.597712,0.568576,0.839352,0.609767,0.738175,0.772971,0.813435,0.851150,0.778679,0.841288,0.832252,0.824025,0.784161,0.753133,0.889465,0.859426,0.684714,0.804397,0.825085,0.849710,0.830705
0.566952,0.457375,0.526425,0.735601,0.683150,0.454068,0.919187,0.788350,0.578465,0.477706,0.505460,0.393457,0.391633,0.870527,0.579661,0.679471,0.000000,0.654068,0.386137,0.726016,0.478785,0.871917,0.622818,0.722969,0.543108,0.556466,0.631716,0.899471,0.671606,0.534337,0.526352,0.386179,0.532775,0.502064,0.864476,0.722079,0.389820,0.678254,0.543032,0.588845,0.429243,0.400566,0.711087,0.663650,0.387308,0.710257,0.807121,0.625322,0.561870,0.368403,0.414448,0.622909,0.628894,0.794887,0.488510,0.661410,0.614255,0.645145,0.376448,0.398893,0.489787,0.650231,0.422500,0.533426,0.593650,0.663905,0.693723,0.440444,0.621259,0.625171,0.245675,0.526617,0.583392,0.542957,0.701884,0.389550,0.642914,0.690453,0.657682,0.613030,0.798605,0.589823,0.559657,0.861706,0.691754,0.793807,0.632429,0.718662,0.375587,0.566727,0.389878,0.651552,0.537304,0.526443,0.641312,0.677374,0.857067,0.515637,0.718714,0.588710,0.540834,0.786679,0.761862,0.696567,0.522955,0.545803,0.646480,0.421463,0.889015,0.648836,0.524760,0.758049,0.644210,0.784224,0.717716,0.475905,0.862029,0.516694,0.405294,0.719351,0.655737,0.515247,0.895794,0.496871,0.432096,0.771393,0.689269,0.533444,0.810826,0.684903,0.809451,0.776998,0.677290,0.485879,0.479738,0.492625,0.452396,0.602721,0.776785,0.405158,0.672577,0.585811,0.700267,0.687394,0.741672,0.433099,0.638294,0.854449,0.832561,0.626437,0.631797,0.568557,0.607092,0.592678,0.632553,0.872181,0.616853,0.815171,0.577755,0.563879,0.695846,0.921578,0.642425,0.680479,0.918885,0.603151,0.469785,0.744529,0.757990,0.657939,0.420978,0.888685,0.467796,0.658498,0.490836,0.645618,0.824788,0.469952,0.635902,0.542078,0.734412,0.661952,0.875211,0.668550,0.783871,0.460910,0.927656,0.644055,0.449007,0.570059,0.640138,0.601388,0.820629,0.551873,0.897444,0.897959,0.704379,0.637245,0.905506,0.780384,0.438146
0.569090,0.578569,0.595782,0.542010,0.754309,0.627123,0.824021,0.735360,0.582298,0.509741,0.463148,0.606901,0.497095,0.702054,0.399345,0.811561,0.654068,0.000000,0.561908,0.486719,0.394889,0.729591,0.805858,0.438704,0.668943,0.550011,0.697699,0.816383,0.782497,0.518919,0.683941,0.569372,0.572171,0.546444,0.785464,0.603414,0.574344,0.500326,0.498031,0.654380,0.595851,0.698057,0.769951,0.615534,0.640550,0.816153,0.839387,0.776842,0.625422,0.637170,0.623976,0.604267,0.740217,0.788111,0.675877,0.468587,0.748434,0.809624,0.596553,0.598323,0.560673,0.734946,0.612517,0.603624,0.563263,0.456149,0.790220,0.684576,0.483756,0.563799,0.660638,0.575803,0.572713,0.624760,0.612753,0.615402,0.781354,0.619965,0.707145,0.672673,0.764971,0.672323,0.681465,0.678667,0.591573,0.628613,0.571714,0.506009,0.580935,0.681871,0.609109,0.791307,0.598878,0.659553,0.824262,0.787384,0.638641,0.446555,0.822829,0.586829,0.678189,0.713154,0.596767,0.513086,0.429076,0.604073,0.634272,0.776894,0.771734,0.646587,0.641038,0.528391,0.765903,0.583978,0.585304,0.662909,0.829140,0.620922,0.604505,0.578414,0.781383,0.703141,0.630555,0.571570,0.656373,0.711046,0.731062,0.723050,0.792948,0.578497,0.794413,0.455879,0.559988,0.675249,0.683511,0.478429,0.575327,0.589419,0.608401,0.627136,0.745764,0.593856,0.573762,0.603677,0.633262,0.616591,0.632428,0.786477,0.656598,0.601347,0.677108,0.485859,0.613759,0.650348,0.663272,0.704743,0.555034,0.598054,0.632351,0.552790,0.622585,0.731592,0.629768,0.697276,0.773011,0.718115,0.681437,0.556465,0.491852,0.789308,0.463430,0.718581,0.652555,0.539591,0.718762,0.580204,0.732911,0.652405,0.706902,0.605280,0.745192,0.619956,0.724679,0.781696,0.801408,0.703853,0.708291,0.600835,0.585442,0.675196,0.634351,0.508599,0.532459,0.669090,0.685791,0.647604,0.767558,0.429196,0.630146,0.613115,0.677745
0.569143,0.476505,0.424752,0.599935,0.778594,0.363957,0.858695,0.697552,0.626521,0.363850,0.398380,0.378588,0.286686,0.805012,0.511386,0.806920,0.386137,0.561908,0.000000,0.525607,0.395209,0.805485,0.738679,0.684923,0.512398,0.445409,0.776177,0.822748,0.747532,0.391258,0.603632,0.339818,0.388706,0.494430,0.793387,0.658518,0.346466,0.478391,0.356561,0.566111,0.379317,0.395613,0.794408,0.705004,0.376397,0.797624,0.773335,0.773056,0.419251,0.294238,0.416376,0.632141,0.771853,0.833803,0.432858,0.477147,0.767130,0.760709,0.348885,0.294108,0.398728,0.758854,0.448414,0.505791,0.573535,0.636954,0.799545,0.476579,0.573773,0.537166,0.499982,0.557056,0.432126,0.525097,0.661576,0.324600,0.770595,0.578640,0.778291,0.672535,0.719925,0.475248,0.543222,0.810572,0.626436,0.761635,0.597857,0.656509,0.333753,0.509930,0.341080,0.754885,0.406326,0.470352,0.767768,0.761954,0.750098,0.476836,0.760576,0.448679,0.583307,0.787465,0.665208,0.633704,0.454666,0.563964,0.554262,0.407517,0.857104,0.556740,0.414615,0.692171,0.778956,0.647817,0.724242,0.374683,0.839841,0.471100,0.474628,0.627590,0.801025,0.425632,0.826405,0.382951,0.364602,0.798612,0.774392,0.449918,0.732151,0.562019,0.778704,0.618176,0.569024,0.404414,0.424067,0.513912,0.319390,0.571518,0.637205,0.376902,0.757107,0.426516,0.695699,0.697142,0.728687,0.392217,0.718362,0.791448,0.719424,0.589441,0.602283,0.483358,0.650166,0.702325,0.554360,0.821108,0.574752,0.701199,0.640720,0.482995,0.696588,0.828588,0.596042,0.640066,0.889750,0.491740,0.423447,0.612797,0.625190,0.795590,0.459972,0.827298,0.500063,0.541233,0.427645,0.623195,0.791963,0.399663,0.600237,0.455195,0.781648,0.683547,0.817915,0.787101,0.798357,0.424329,0.834264,0.554328,0.400817,0.401598,0.575330,0.448997,0.792007,0.418114,0.807560,0.804085,0.767607,0.502253,0.798451,0.722165,0.420345
0.571868,0.581033,0.441287,0.447346,0.811578,0.499123,0.770047,0.716086,0.636580,0.428704,0.483101,0.655853,0.413204,0.771312,0.444959,0.858774,0.726016,0.486719,0.525607,0.000000,0.521656,0.732345,0.806163,0.603679,0.692142,0.665816,0.872676,0.760709,0.842716,0.638801,0.719791,0.614898,0.408348,0.521518,0.752574,0.691435,0.676739,0.128614,0.405583,0.665294,0.692965,0.708664,0.823460,0.698263,0.663021,0.817393,0.745664,0.871474,0.493779,0.675717,0.587010,0.673551,0.855120,0.890542,0.682252,0.595631,0.865313,0.860991,0.648064,0.644633,0.622238,0.788343,0.637755,0.623219,0.603690,0.543662,0.790550,0.650764,0.550081,0.529643,0.678622,0.619002,0.349372,0.645661,0.471619,0.575222,0.858715,0.428883,0.829604,0.670595,0.655177,0.662639,0.648343,0.734489,0.526069,0.667497,0.543241,0.621290,0.660144,0.668221,0.571225,0.832684,0.414708,0.645122,0.846060,0.801510,0.586572,0.559530,0.840036,0.607264,0.795149,0.771738,0.631145,0.598124,0.598295,0.529170,0.615047,0.738713,0.826400,0.448556,0.620245,0.614116,0.888572,0.668754,0.700502,0.747468,0.651662,0.630979,0.652811,0.381210,0.921268,0.676026,0.643966,0.613608,0.698640,0.779664,0.847262,0.710091,0.688175,0.379035,0.741504,0.582649,0.679795,0.662994,0.697159,0.583228,0.455700,0.568486,0.761406,0.712782,0.733924,0.448719,0.680902,0.635030,0.735938,0.583301,0.672308,0.771676,0.679959,0.611418,0.783826,0.624892,0.723775,0.654628,0.726021,0.729747,0.490509,0.546773,0.710846,0.586353,0.508260,0.660254,0.654438,0.545562,0.811761,0.727583,0.693139,0.492704,0.344160,0.903100,0.535906,0.749281,0.691351,0.517037,0.736543,0.632262,0.811684,0.702749,0.640097,0.497663,0.911120,0.690074,0.704926,0.891776,0.815104,0.774342,0.691814,0.594323,0.627134,0.610234,0.425440,0.357287,0.549920,0.667254,0.746433,0.674214,0.720537,0.409890,0.651065,0.686112,0.665433
0.571992,0.550829,0.519724,0.665245,0.779866,0.497117,0.808890,0.789575,0.603730,0.390957,0.401650,0.455839,0.308753,0.858225,0.481165,0.770776,0.478785,0.394889,0.395209,0.521656,0.000000,0.780884,0.775981,0.493637,0.543427,0.417491,0.809370,0.809391,0.731704,0.355358,0.686262,0.347419,0.468228,0.474661,0.809888,0.676470,0.334911,0.492054,0.338512,0.558812,0.380507,0.409298,0.785378,0.687166,0.375713,0.802054,0.854909,0.803474,0.521212,0.361122,0.480396,0.560827,0.769334,0.822165,0.460755,0.510570,0.774367,0.767559,0.419831,0.378256,0.363564,0.729073,0.383076,0.480999,0.646263,0.539845,0.829788,0.485053,0.514725,0.563316,0.532490,0.589112,0.526445,0.467554,0.670731,0.432239,0.774706,0.602427,0.768257,0.702615,0.759312,0.467553,0.535557,0.846555,0.571428,0.740557,0.426979,0.553604,0.389965,0.541800,0.372907,0.748873,0.543202,0.523283,0.780471,0.730986,0.735253,0.326267,0.767039,0.500526,0.575719,0.816240,0.638292,0.525008,0.291566,0.562141,0.554301,0.488288,0.901101,0.634377,0.432578,0.560153,0.784532,0.651236,0.688161,0.370096,0.853996,0.525127,0.537338,0.634465,0.835764,0.477571,0.759525,0.364903,0.369187,0.790459,0.727035,0.505986,0.752108,0.606092,0.837957,0.531909,0.570792,0.482298,0.417307,0.385798,0.471022,0.571275,0.588523,0.442700,0.753064,0.463016,0.648562,0.625749,0.780359,0.450511,0.699429,0.825280,0.708121,0.605409,0.718410,0.436487,0.591108,0.633743,0.609531,0.829565,0.569928,0.680578,0.654426,0.477974,0.618696,0.817347,0.546803,0.699272,0.901416,0.640961,0.494798,0.633473,0.582514,0.823205,0.367181,0.868559,0.472852,0.582619,0.544101,0.628821,0.763635,0.393673,0.691504,0.533363,0.879080,0.610933,0.837590,0.823755,0.755791,0.530384,0.832424,0.597810,0.420374,0.490644,0.660360,0.420221,0.677328,0.532338,0.853909,0.797246,0.825704,0.489892,0.798460,0.719686,0.437609
0.572366,0.685743,0.823194,0.666449,0.737275,0.823152,0.463648,0.711174,0.799278,0.766159,0.834942,0.857032,0.755898,0.683267,0.723107,0.829070,0.871917,0.729591,0.805485,0.732345,0.780884,0.000000,0.849837,0.729279,0.825769,0.782671,0.704417,0.421495,0.819420,0.751351,0.757136,0.814306,0.830125,0.840149,0.439999,0.732793,0.755207,0.724184,0.757442,0.805351,0.762544,0.833006,0.813288,0.775134,0.789632,0.814730,0.580283,0.695458,0.823323,0.796935,0.824536,0.830101,0.692552,0.771959,0.749766,0.776345,0.707144,0.792667,0.828445,0.818781,0.801308,0.817006,0.791288,0.843273,0.864667,0.778663,0.819014,0.854797,0.860735,0.796276,0.875354,0.836179,0.806731,0.811494,0.853924,0.841445,0.675964,0.776960,0.715138,0.771499,0.561787,0.768991,0.756641,0.657973,0.807012,0.711270,0.742480,0.795439,0.819803,0.831110,0.790802,0.787229,0.806573,0.845992,0.831112,0.840506,0.657545,0.862769,0.832613,0.788807,0.869038,0.805457,0.776042,0.670281,0.798142,0.846287,0.853621,0.898487,0.658766,0.820250,0.859205,0.722812,0.709298,0.608884,0.768004,0.790342,0.621359,0.806466,0.900515,0.792003,0.762140,0.767217,0.649260,0.741869,0.769316,0.827087,0.664616,0.770224,0.564389,0.769659,0.792895,0.655537,0.806978,0.892550,0.793263,0.843436,0.818910,0.829018,0.809115,0.847625,0.851237,0.829196,0.720593,0.800932,0.734401,0.810401,0.861702,0.541303,0.666848,0.875910,0.836608,0.795809,0.819329,0.833145,0.757090,0.678051,0.754380,0.732010,0.741026,0.873600,0.693945,0.635993,0.791524,0.878179,0.689603,0.884046,0.823781,0.745099,0.720226,0.747637,0.871891,0.718031,0.819831,0.769399,0.874985,0.848336,0.629014,0.892558,0.777653,0.762756,0.772953,0.736609,0.679539,0.776974,0.759835,0.885327,0.689560,0.758001,0.828314,0.808211,0.806089,0.852639,0.740024,0.932656,0.715898,0.685942,0.798093,0.794663,0.677056,0.739576,0.810994
