0.000000,0.200991,0.243239,0.250975,0.255380,0.257264,0.258663,0.273222,0.274446,0.289889,0.294062,0.295507,0.303768,0.306879,0.309236,0.316403,0.320321,0.321440,0.325670,0.327617,0.327900,0.328410,0.329196,0.335717,0.336080,0.336186,0.336806,0.336826,0.337523,0.340648,0.340775,0.340958,0.342420,0.344087,0.345451,0.346631,0.348635,0.349266,0.351281,0.351892,0.352084,0.352198,0.355542,0.355877,0.357546,0.359560,0.360919,0.361095,0.363691,0.365317,0.366080,0.367865,0.368645,0.374025,0.374302,0.375173,0.375725,0.375726,0.375765,0.379402,0.379430,0.379503,0.379969,0.380056,0.380135,0.380339,0.380525,0.382448,0.384945,0.385768,0.385852,0.386042,0.386664,0.387371,0.389294,0.390039,0.390085,0.390550,0.393554,0.395309,0.395434,0.397818,0.399113,0.399709,0.400130,0.400376,0.401534,0.402326,0.402584,0.403445,0.403778,0.404391,0.405398,0.407073,0.410050,0.410457,0.410599,0.410763,0.411835,0.412392,0.412731,0.414055,0.414206,0.414425,0.414582,0.415150,0.415478,0.415731,0.416029,0.417086,0.417416,0.417447,0.419644,0.420148,0.421553,0.421762,0.421775,0.421878,0.422156,0.422528,0.422684,0.422786,0.422869,0.423160,0.423425,0.425012,0.425020,0.425859,0.425902,0.426735,0.427340,0.427748,0.428628,0.428673,0.428948,0.429479,0.430051,0.431258,0.432063,0.432222,0.432324,0.433147,0.433175,0.433949,0.434399,0.435243,0.435790,0.436815,0.438528,0.438657,0.438893,0.439372,0.439451,0.439688,0.439945,0.440360,0.440381,0.440959,0.442304,0.443254,0.443303,0.443550,0.443702,0.444566,0.444712,0.445243,0.445573,0.445655,0.445767,0.445835,0.445957,0.446936,0.447901,0.448538,0.449158,0.449482,0.450433,0.450462,0.450897,0.450912,0.451178,0.451746,0.452205,0.452753,0.453013,0.453415,0.454468,0.454670,0.456412,0.456442,0.458112,0.458149,0.459248,0.460392,0.460492,0.461104,0.461484,0.461750,0.461811,0.462823,0.463031
0.200991,0.000000,0.331936,0.299611,0.279714,0.275286,0.271316,0.245118,0.294394,0.324399,0.365121,0.246485,0.277390,0.314717,0.258126,0.255951,0.323262,0.175198,0.379618,0.369641,0.317478,0.293955,0.373648,0.488750,0.246585,0.342569,0.265910,0.313490,0.352194,0.305147,0.257729,0.296992,0.287954,0.342418,0.267534,0.294936,0.271819,0.293697,0.184524,0.373158,0.191737,0.400602,0.386255,0.353855,0.295041,0.304901,0.317972,0.322979,0.387793,0.294474,0.386015,0.411901,0.373162,0.380820,0.278763,0.294930,0.229759,0.254073,0.321008,0.351420,0.349287,0.232818,0.357019,0.385737,0.327770,0.415560,0.301697,0.355418,0.264491,0.335460,0.331872,0.332300,0.312587,0.370852,0.381463,0.362786,0.401657,0.339595,0.354681,0.421609,0.260330,0.401215,0.416870,0.336452,0.356985,0.426564,0.333899,0.352075,0.413755,0.355282,0.361995,0.404581,0.393113,0.414327,0.372889,0.360032,0.370921,0.342956,0.378539,0.401621,0.396863,0.482319,0.235680,0.366577,0.428896,0.453582,0.301987,0.368690,0.356201,0.377007,0.278699,0.359717,0.366225,0.328756,0.372942,0.355337,0.355315,0.316692,0.374179,0.392598,0.334816,0.458000,0.358916,0.364640,0.377113,0.452885,0.432548,0.306175,0.293257,0.430903,0.356141,0.307223,0.290406,0.454352,0.447445,0.439674,0.368912,0.440937,0.407497,0.399466,0.425007,0.384540,0.363605,0.504991,0.365991,0.365425,0.419929,0.379354,0.486627,0.357182,0.429627,0.365275,0.406602,0.403518,0.321893,0.422418,0.371125,0.381922,0.444481,0.441441,0.557386,0.413951,0.447610,0.389516,0.457708,0.384803,0.501674,0.430363,0.399001,0.488578,0.441135,0.383529,0.416974,0.390645,0.471419,0.510491,0.399776,0.451274,0.327393,0.561784,0.427324,0.414658,0.329744,0.400721,0.406516,0.404343,0.403067,0.402925,0.409584,0.393757,0.411901,0.399271,0.502198,0.465556,0.398583,0.449018,0.434609,0.438983,0.348567,0.363551,0.376253
0.243239,0.331936,0.000000,0.397333,0.310018,0.370021,0.365914,0.342280,0.382809,0.414512,0.456795,0.343960,0.420493,0.477584,0.423883,0.407716,0.415746,0.397827,0.427360,0.431341,0.451059,0.426607,0.490093,0.469805,0.493261,0.409613,0.457329,0.455611,0.479714,0.444649,0.444812,0.428073,0.403037,0.434966,0.422807,0.464981,0.453739,0.433215,0.486849,0.518766,0.474844,0.446382,0.482946,0.513618,0.447371,0.410006,0.447930,0.438599,0.474711,0.531172,0.460625,0.489941,0.520186,0.530468,0.533208,0.473193,0.451426,0.525454,0.448128,0.495763,0.445354,0.499854,0.493558,0.526962,0.527220,0.519961,0.439828,0.520652,0.455887,0.493775,0.519841,0.514211,0.437266,0.505824,0.485087,0.503090,0.453331,0.503862,0.507947,0.548106,0.479998,0.457736,0.518140,0.465248,0.504129,0.542404,0.521231,0.572708,0.482511,0.503577,0.516351,0.522181,0.539124,0.461734,0.554989,0.536752,0.511943,0.564311,0.528465,0.457755,0.506567,0.545396,0.511776,0.476955,0.499002,0.503238,0.505578,0.518484,0.513439,0.555929,0.467687,0.487999,0.551067,0.480366,0.437803,0.513051,0.554268,0.537514,0.545225,0.500894,0.515104,0.511469,0.564985,0.512181,0.499648,0.518465,0.561791,0.471908,0.499867,0.484419,0.532643,0.507155,0.454764,0.591007,0.535900,0.592186,0.544176,0.516618,0.530358,0.514474,0.519441,0.491445,0.546383,0.533914,0.531687,0.565234,0.545160,0.578766,0.518844,0.563643,0.543170,0.535092,0.557518,0.526314,0.499664,0.547788,0.453749,0.582754,0.538464,0.486083,0.535335,0.511885,0.570898,0.509424,0.487007,0.506543,0.551618,0.575608,0.541906,0.527853,0.534935,0.530200,0.547748,0.559134,0.555210,0.557665,0.549101,0.540011,0.538760,0.483852,0.500108,0.544204,0.577760,0.604650,0.584062,0.445780,0.507097,0.549844,0.577221,0.521171,0.549396,0.565145,0.505866,0.454914,0.549259,0.526749,0.551533,0.536526,0.580804,0.489367,0.539826
0.250975,0.299611,0.397333,0.000000,0.411844,0.272170,0.388332,0.272484,0.268661,0.287506,0.348286,0.280817,0.316616,0.225003,0.318246,0.303713,0.316291,0.341950,0.440505,0.298723,0.324150,0.289993,0.329342,0.444299,0.316284,0.336016,0.297500,0.299025,0.348250,0.343310,0.349771,0.324137,0.380090,0.384517,0.332828,0.353613,0.311387,0.356093,0.342949,0.405351,0.371725,0.316327,0.382044,0.337442,0.384143,0.398616,0.416131,0.349632,0.277899,0.305956,0.410501,0.241401,0.386016,0.350852,0.334296,0.396551,0.386211,0.409779,0.325923,0.291992,0.303667,0.330522,0.357306,0.258539,0.359244,0.413960,0.281013,0.414165,0.330801,0.344857,0.387914,0.308270,0.302333,0.410746,0.402555,0.385459,0.515887,0.315000,0.343661,0.320030,0.434380,0.340887,0.304376,0.321648,0.391051,0.472309,0.327016,0.390705,0.431578,0.354290,0.367481,0.387380,0.349199,0.402540,0.329477,0.347814,0.356759,0.310086,0.341985,0.412797,0.418079,0.414640,0.350724,0.403427,0.391210,0.398307,0.357703,0.398223,0.392550,0.366663,0.360109,0.424031,0.450223,0.384292,0.423085,0.337880,0.436467,0.431436,0.406337,0.354870,0.434048,0.373595,0.332053,0.412896,0.348194,0.450251,0.367188,0.332297,0.337753,0.356323,0.397318,0.349158,0.446379,0.246701,0.411243,0.381927,0.372479,0.420278,0.447755,0.338600,0.376922,0.424664,0.385054,0.508249,0.338128,0.428025,0.309818,0.384298,0.447969,0.322021,0.355709,0.387962,0.388476,0.347141,0.423722,0.375139,0.433429,0.446979,0.409625,0.415690,0.526758,0.366708,0.302998,0.387679,0.475286,0.373678,0.436264,0.398553,0.386428,0.461449,0.435798,0.430798,0.421789,0.481555,0.405317,0.430202,0.394404,0.453945,0.330455,0.527864,0.415007,0.294520,0.334823,0.454056,0.462352,0.445172,0.482224,0.404169,0.304394,0.346565,0.371681,0.403865,0.465420,0.408025,0.391021,0.403856,0.424922,0.465488,0.337234,0.443474,0.379759
0.255380,0.279714,0.310018,0.411844,0.000000,0.341099,0.110278,0.336402,0.377781,0.349716,0.392264,0.401050,0.347555,0.476390,0.425747,0.381279,0.456409,0.373193,0.405861,0.448993,0.398817,0.358846,0.436101,0.521046,0.409281,0.376889,0.411162,0.455564,0.479711,0.436654,0.405978,0.431527,0.383063,0.442542,0.432781,0.442272,0.348833,0.394400,0.417721,0.455752,0.404301,0.495664,0.479243,0.423173,0.469379,0.332231,0.476058,0.437351,0.447151,0.461075,0.403802,0.501402,0.508248,0.479632,0.453088,0.368408,0.414386,0.384440,0.449883,0.457731,0.430137,0.439660,0.364650,0.513361,0.449680,0.507934,0.377857,0.391747,0.405180,0.440610,0.460641,0.488461,0.456230,0.434940,0.435202,0.412661,0.484638,0.394456,0.462253,0.499618,0.432763,0.440490,0.546734,0.408579,0.478461,0.593799,0.466912,0.505188,0.525467,0.464707,0.445433,0.409222,0.535985,0.552472,0.489245,0.424713,0.528205,0.472315,0.454009,0.469546,0.495146,0.540169,0.470717,0.514730,0.487407,0.487819,0.454804,0.442026,0.518519,0.517579,0.431474,0.519675,0.448561,0.394406,0.510128,0.492287,0.442016,0.514351,0.517149,0.550022,0.456389,0.570653,0.469276,0.494865,0.510737,0.561778,0.570659,0.496631,0.510193,0.491116,0.393606,0.436805,0.498116,0.583663,0.529723,0.560421,0.386723,0.547811,0.409184,0.424573,0.497034,0.441347,0.436178,0.539183,0.466102,0.541882,0.518342,0.516882,0.544596,0.450896,0.495036,0.557892,0.530246,0.459505,0.526051,0.554110,0.554338,0.488258,0.468928,0.564342,0.518893,0.466116,0.599899,0.526902,0.465724,0.504991,0.518889,0.500814,0.553810,0.487393,0.459894,0.404134,0.541234,0.469480,0.577390,0.533686,0.508051,0.571826,0.449404,0.551747,0.557727,0.511860,0.448994,0.513192,0.547283,0.585016,0.627395,0.499873,0.517881,0.560343,0.618576,0.590563,0.524235,0.582671,0.559167,0.499640,0.508695,0.532892,0.455024,0.489290,0.428557
0.257264,0.275286,0.370021,0.272170,0.341099,0.000000,0.314498,0.275077,0.302408,0.299139,0.349003,0.283616,0.295615,0.359431,0.356222,0.307754,0.332572,0.326648,0.452048,0.360243,0.315615,0.325586,0.425147,0.435457,0.327448,0.366145,0.333173,0.287367,0.376084,0.328655,0.414829,0.380031,0.336805,0.356360,0.422221,0.297470,0.326968,0.324880,0.363528,0.379966,0.367503,0.286786,0.344189,0.427216,0.404570,0.407121,0.354217,0.377486,0.359193,0.380769,0.431759,0.421381,0.395893,0.388407,0.369999,0.381655,0.400041,0.368109,0.351434,0.351552,0.346046,0.375075,0.352032,0.412145,0.328517,0.400046,0.362396,0.352657,0.328186,0.388020,0.332782,0.448467,0.337851,0.374325,0.453095,0.388367,0.532673,0.353715,0.398256,0.361094,0.418757,0.401072,0.391189,0.303427,0.367813,0.609826,0.355228,0.418838,0.391036,0.389064,0.332413,0.363606,0.413544,0.433537,0.429784,0.389863,0.435274,0.346336,0.317770,0.478736,0.393594,0.430229,0.373392,0.454313,0.492285,0.497975,0.422835,0.410724,0.459330,0.408904,0.382015,0.558820,0.437864,0.346809,0.417495,0.400482,0.446470,0.526022,0.530047,0.430436,0.372653,0.414961,0.412739,0.510270,0.433160,0.499627,0.454184,0.415713,0.451675,0.400687,0.414382,0.430028,0.478866,0.419147,0.483611,0.442561,0.379005,0.426273,0.445048,0.425046,0.349534,0.412081,0.405842,0.517112,0.415007,0.462741,0.393467,0.364076,0.416576,0.404988,0.394496,0.449797,0.468883,0.338104,0.452327,0.432357,0.459837,0.442481,0.429981,0.509122,0.546335,0.403418,0.444173,0.435644,0.432403,0.453055,0.449015,0.442905,0.458311,0.457441,0.516021,0.342839,0.452954,0.445202,0.411879,0.451991,0.350043,0.455122,0.414540,0.555547,0.445217,0.421121,0.430341,0.464051,0.467213,0.510063,0.519813,0.384704,0.362504,0.419821,0.481148,0.443460,0.522356,0.467528,0.499851,0.434996,0.392984,0.411533,0.412927,0.465125,0.436677
0.258663,0.271316,0.365914,0.388332,0.110278,0.314498,0.000000,0.295432,0.390917,0.342989,0.405296,0.397593,0.338290,0.455046,0.402333,0.377318,0.430572,0.379018,0.417378,0.431729,0.383428,0.355124,0.440744,0.502143,0.398076,0.376592,0.389184,0.409529,0.464102,0.408840,0.402313,0.453139,0.425332,0.448318,0.449996,0.434914,0.318506,0.383076,0.403635,0.437201,0.398189,0.459398,0.436603,0.425191,0.453572,0.376992,0.486490,0.440214,0.427513,0.450984,0.416062,0.502398,0.475957,0.464970,0.435765,0.400848,0.405173,0.388764,0.432500,0.446181,0.419556,0.424376,0.360264,0.486707,0.431826,0.497316,0.388369,0.374348,0.388197,0.435221,0.403384,0.492400,0.463061,0.449682,0.471284,0.409577,0.500257,0.346922,0.425456,0.468189,0.443226,0.457333,0.510406,0.375514,0.424279,0.584660,0.420360,0.503571,0.536914,0.444799,0.437939,0.372455,0.526100,0.538433,0.501808,0.439112,0.505925,0.451662,0.416024,0.495687,0.470546,0.526989,0.457698,0.512745,0.498421,0.513095,0.428308,0.450257,0.488589,0.482063,0.417946,0.508633,0.473893,0.401100,0.502885,0.427669,0.443944,0.498866,0.493651,0.523644,0.410845,0.563403,0.469491,0.507915,0.514032,0.552956,0.556145,0.444334,0.497960,0.480985,0.383839,0.425380,0.513457,0.545808,0.500834,0.548686,0.308335,0.523429,0.426714,0.431468,0.450849,0.487710,0.405603,0.537057,0.460007,0.517254,0.482179,0.476413,0.553638,0.390823,0.484839,0.499085,0.505235,0.434918,0.476477,0.495099,0.557897,0.456156,0.475585,0.537555,0.546576,0.468980,0.568807,0.511441,0.498202,0.498405,0.487011,0.484654,0.509669,0.514101,0.485313,0.396868,0.535903,0.501613,0.559472,0.505991,0.466134,0.565073,0.406254,0.572674,0.500416,0.428388,0.401852,0.522293,0.511034,0.584890,0.614763,0.482411,0.466730,0.521521,0.583762,0.520063,0.524485,0.589950,0.517678,0.487037,0.488485,0.503470,0.405063,0.505686,0.439480
0.273222,0.245118,0.342280,0.272484,0.336402,0.275077,0.295432,0.000000,0.336793,0.248186,0.351680,0.233608,0.211168,0.331849,0.282327,0.253306,0.300472,0.250686,0.411334,0.314595,0.320755,0.255909,0.381432,0.475866,0.289197,0.282728,0.293825,0.277161,0.320711,0.271985,0.328207,0.333144,0.293388,0.311249,0.363240,0.277403,0.261218,0.291322,0.291821,0.342653,0.292759,0.287568,0.363655,0.368301,0.301147,0.377853,0.347355,0.326101,0.356334,0.343315,0.348142,0.431584,0.330046,0.364414,0.332477,0.375777,0.296356,0.322707,0.338197,0.330385,0.326673,0.323901,0.317031,0.409420,0.332518,0.372914,0.351272,0.375278,0.277280,0.406513,0.399052,0.377494,0.318575,0.366375,0.485829,0.315538,0.470013,0.342384,0.340558,0.362230,0.348784,0.370642,0.349910,0.310719,0.392591,0.480583,0.327810,0.382953,0.363613,0.324257,0.301352,0.333883,0.410370,0.349768,0.400263,0.412602,0.405137,0.338714,0.309785,0.438229,0.377969,0.408055,0.320127,0.359959,0.500686,0.465638,0.361661,0.288344,0.403696,0.347506,0.334547,0.420130,0.453288,0.304167,0.394302,0.348322,0.371901,0.430257,0.406393,0.406653,0.422733,0.381348,0.365314,0.480978,0.381042,0.460216,0.463330,0.347540,0.397069,0.416223,0.396671,0.413555,0.407384,0.430292,0.395599,0.420783,0.330458,0.419185,0.419255,0.437192,0.337674,0.396141,0.362032,0.489175,0.403884,0.414986,0.408427,0.440104,0.344709,0.351734,0.443939,0.372414,0.429037,0.431113,0.373561,0.364625,0.346328,0.420284,0.376150,0.477982,0.490938,0.348800,0.412218,0.397331,0.452290,0.427191,0.436784,0.392257,0.423313,0.480485,0.545748,0.376633,0.387656,0.393933,0.408807,0.450790,0.339934,0.443539,0.384379,0.498062,0.383953,0.388521,0.372498,0.419543,0.416641,0.475749,0.396144,0.353175,0.392484,0.386579,0.434862,0.388925,0.556307,0.425053,0.437230,0.349080,0.348652,0.379977,0.390191,0.469199,0.445691
0.274446,0.294394,0.382809,0.268661,0.377781,0.302408,0.390917,0.336793,0.000000,0.363482,0.375441,0.343886,0.339325,0.377143,0.421658,0.379993,0.425879,0.377757,0.444238,0.328363,0.286452,0.335710,0.416609,0.508780,0.398906,0.382332,0.352894,0.323123,0.444932,0.415333,0.414441,0.324833,0.383327,0.437931,0.326145,0.384724,0.368552,0.387189,0.432611,0.459859,0.409097,0.418076,0.451306,0.422913,0.515695,0.314274,0.408717,0.453530,0.391912,0.412561,0.449783,0.347800,0.455718,0.437002,0.359175,0.339714,0.444428,0.412240,0.405031,0.415774,0.359067,0.353397,0.448322,0.393087,0.404685,0.495402,0.334326,0.396681,0.384778,0.381538,0.341120,0.346186,0.384344,0.437775,0.279737,0.441945,0.522255,0.350992,0.412729,0.425678,0.469649,0.395473,0.428274,0.366676,0.441792,0.484209,0.360663,0.470264,0.502282,0.408721,0.440315,0.398074,0.393557,0.479233,0.428398,0.403973,0.421805,0.415006,0.426449,0.417812,0.454567,0.575796,0.388609,0.491264,0.352930,0.318633,0.402886,0.512985,0.452490,0.453257,0.390608,0.388399,0.384027,0.422771,0.509535,0.395253,0.530501,0.444714,0.409957,0.451511,0.342904,0.452606,0.451362,0.355079,0.376939,0.517311,0.385552,0.370772,0.465382,0.369633,0.371052,0.365252,0.401849,0.427549,0.482065,0.496187,0.435452,0.521834,0.380552,0.347452,0.464177,0.467401,0.464401,0.551353,0.332906,0.491703,0.372916,0.287869,0.513650,0.427129,0.421042,0.523445,0.452531,0.391725,0.506438,0.511856,0.526532,0.436045,0.527254,0.475930,0.591670,0.353364,0.456968,0.519321,0.501764,0.429883,0.545651,0.450696,0.466590,0.466713,0.359092,0.365122,0.548611,0.501838,0.534630,0.570252,0.483606,0.527554,0.376336,0.583185,0.525105,0.453530,0.391697,0.541144,0.526401,0.471850,0.436188,0.476597,0.407244,0.435226,0.475611,0.526921,0.311790,0.474993,0.460758,0.458233,0.516214,0.552001,0.390449,0.427635,0.422503
0.289889,0.324399,0.414512,0.287506,0.349716,0.299139,0.342989,0.248186,0.363482,0.000000,0.301251,0.289858,0.223169,0.344884,0.317316,0.291283,0.362786,0.312621,0.377659,0.323043,0.295388,0.175937,0.422699,0.484784,0.291324,0.287972,0.326674,0.337477,0.356015,0.309058,0.368924,0.333579,0.307178,0.320532,0.377394,0.358778,0.279935,0.329905,0.321418,0.345826,0.321650,0.334134,0.364253,0.352975,0.320663,0.365424,0.380598,0.357502,0.345747,0.381599,0.332558,0.433171,0.328103,0.359620,0.308020,0.337033,0.301683,0.334540,0.331637,0.277464,0.326262,0.306902,0.309507,0.406861,0.343492,0.374116,0.307519,0.354329,0.270020,0.325553,0.339914,0.427427,0.309517,0.350665,0.468621,0.300550,0.458655,0.281247,0.339789,0.345697,0.336328,0.328300,0.344653,0.235545,0.417577,0.520985,0.307486,0.376143,0.447108,0.304969,0.317505,0.321844,0.385195,0.403465,0.409887,0.326472,0.361976,0.309320,0.288954,0.378142,0.404218,0.260142,0.328367,0.388475,0.404770,0.431519,0.370218,0.260918,0.451009,0.365389,0.312773,0.507314,0.396068,0.276720,0.454967,0.400196,0.322394,0.446150,0.465555,0.395206,0.423325,0.416064,0.416240,0.428281,0.344063,0.420831,0.413013,0.409618,0.441705,0.371507,0.350037,0.400182,0.481249,0.375865,0.365930,0.421036,0.279990,0.413098,0.416822,0.400482,0.367788,0.326384,0.350140,0.381084,0.359978,0.412304,0.398323,0.421353,0.407058,0.300214,0.452761,0.389096,0.376516,0.407993,0.409587,0.382181,0.409906,0.442468,0.309132,0.443425,0.477485,0.386845,0.428034,0.388587,0.454512,0.374208,0.264576,0.394343,0.425737,0.491112,0.486438,0.369838,0.387296,0.350998,0.479449,0.463537,0.323712,0.503518,0.346866,0.458857,0.449243,0.397032,0.337926,0.454517,0.424827,0.545682,0.533657,0.318680,0.345727,0.409476,0.438710,0.418235,0.585264,0.489437,0.390263,0.349796,0.326614,0.424763,0.350023,0.389792,0.353132
0.294062,0.365121,0.456795,0.348286,0.392264,0.349003,0.405296,0.351680,0.375441,0.301251,0.000000,0.311377,0.286076,0.414700,0.348963,0.327464,0.412502,0.411601,0.367095,0.359550,0.370041,0.297323,0.422418,0.492806,0.354404,0.325759,0.318013,0.431803,0.374337,0.336528,0.416357,0.362983,0.413155,0.441573,0.367270,0.461277,0.296117,0.290740,0.372539,0.305366,0.321780,0.379832,0.418218,0.394614,0.454323,0.375156,0.456014,0.407438,0.375226,0.403566,0.365620,0.435142,0.375808,0.364296,0.327924,0.415274,0.387627,0.335134,0.444280,0.390426,0.382013,0.346363,0.350833,0.459485,0.320783,0.309690,0.411849,0.343656,0.390417,0.383923,0.370264,0.403666,0.409936,0.387437,0.515821,0.324788,0.446743,0.357063,0.399207,0.324961,0.380768,0.421142,0.360690,0.373882,0.478457,0.492454,0.357301,0.417194,0.497484,0.339448,0.395075,0.309332,0.454180,0.474716,0.429681,0.391653,0.396141,0.365519,0.356901,0.405271,0.332389,0.420044,0.413949,0.467016,0.448143,0.471184,0.414942,0.397966,0.470131,0.388681,0.366697,0.503687,0.445768,0.356661,0.550345,0.477041,0.424664,0.474319,0.435947,0.460264,0.444148,0.460935,0.390313,0.448009,0.376935,0.498835,0.462275,0.503495,0.499103,0.416140,0.359035,0.420886,0.577830,0.454574,0.447347,0.435346,0.350410,0.502620,0.433201,0.388283,0.412107,0.445788,0.405537,0.419340,0.422833,0.481429,0.414669,0.442799,0.522902,0.390208,0.434828,0.457099,0.414013,0.418059,0.451578,0.467939,0.523925,0.494920,0.406433,0.526587,0.468901,0.399853,0.525105,0.496355,0.561731,0.441372,0.454117,0.364304,0.526311,0.474984,0.427707,0.357518,0.485978,0.395839,0.546737,0.503652,0.401617,0.602526,0.450199,0.498343,0.540131,0.438170,0.395571,0.486484,0.441145,0.598804,0.615898,0.410791,0.461626,0.516290,0.561497,0.518444,0.576660,0.519730,0.488613,0.441368,0.451732,0.415306,0.458597,0.451350,0.425384
0.295507,0.246485,0.343960,0.280817,0.401050,0.283616,0.397593,0.233608,0.343886,0.289858,0.311377,0.000000,0.302830,0.371826,0.296316,0.179125,0.240866,0.191969,0.385647,0.342421,0.378139,0.321747,0.451616,0.485193,0.244973,0.352928,0.228021,0.276379,0.350074,0.335846,0.384916,0.376097,0.328750,0.387431,0.350277,0.268805,0.289871,0.252458,0.234657,0.410972,0.314674,0.143764,0.372050,0.390337,0.330255,0.404905,0.398622,0.272629,0.374044,0.384728,0.391677,0.426384,0.408438,0.306520,0.330643,0.437397,0.331846,0.380218,0.387371,0.366838,0.332933,0.288005,0.404678,0.433322,0.302913,0.385685,0.329817,0.451692,0.287792,0.375251,0.420196,0.414552,0.317471,0.406506,0.513445,0.406934,0.413669,0.366358,0.378998,0.367815,0.311044,0.420466,0.320530,0.362704,0.451446,0.440386,0.359554,0.332777,0.333979,0.344727,0.342053,0.430314,0.437911,0.360516,0.462745,0.407526,0.381175,0.346399,0.371184,0.400927,0.328805,0.377591,0.328148,0.382995,0.483230,0.482488,0.374007,0.381795,0.285107,0.383451,0.338273,0.432882,0.490299,0.384460,0.378054,0.309352,0.427500,0.407708,0.427064,0.301602,0.443385,0.327514,0.413434,0.444163,0.379299,0.493555,0.442366,0.289675,0.426927,0.415022,0.455600,0.382201,0.381631,0.423327,0.446365,0.452059,0.389058,0.382990,0.486809,0.409985,0.416289,0.407153,0.388683,0.469186,0.421393,0.327927,0.389365,0.472153,0.486745,0.368373,0.516123,0.308557,0.449488,0.430438,0.378147,0.385984,0.358280,0.480859,0.403076,0.405801,0.480402,0.429414,0.333091,0.339750,0.466039,0.410493,0.409934,0.381812,0.408000,0.469417,0.523113,0.381209,0.446802,0.409068,0.383692,0.484737,0.388512,0.460200,0.381347,0.517049,0.367854,0.393224,0.388315,0.472707,0.411298,0.426876,0.427542,0.427160,0.334699,0.319291,0.320149,0.352315,0.607606,0.370810,0.440806,0.417055,0.463313,0.404520,0.398489,0.454530,0.435999
0.303768,0.277390,0.420493,0.316616,0.347555,0.295615,0.338290,0.211168,0.339325,0.223169,0.286076,0.302830,0.000000,0.381141,0.264081,0.308974,0.408489,0.336691,0.297134,0.376080,0.276971,0.144888,0.282240,0.521870,0.287811,0.150184,0.342041,0.333702,0.312500,0.277064,0.250424,0.298339,0.330076,0.390468,0.246349,0.374813,0.272532,0.260870,0.317276,0.255894,0.228880,0.369064,0.396555,0.278789,0.337306,0.319203,0.342140,0.371125,0.322721,0.387900,0.183006,0.407330,0.319949,0.392679,0.261619,0.297949,0.249863,0.229768,0.336059,0.326514,0.385794,0.272251,0.262700,0.475598,0.296193,0.310292,0.355111,0.246452,0.306166,0.287869,0.313600,0.295535,0.296966,0.306487,0.503811,0.183890,0.375492,0.330152,0.355101,0.318446,0.272715,0.353879,0.381191,0.232760,0.428640,0.417363,0.274000,0.379723,0.423576,0.237954,0.240835,0.197671,0.414322,0.436757,0.324109,0.281671,0.336772,0.260260,0.254897,0.404520,0.345485,0.436438,0.279881,0.404349,0.505739,0.496670,0.337912,0.218932,0.449016,0.371697,0.297777,0.426125,0.377346,0.204031,0.484448,0.475153,0.292035,0.393413,0.383826,0.465477,0.373819,0.489831,0.402628,0.497453,0.346634,0.428207,0.542556,0.481213,0.442841,0.358028,0.288490,0.343985,0.494755,0.446579,0.324850,0.347148,0.287384,0.450040,0.392158,0.363380,0.289661,0.355998,0.363428,0.467708,0.426818,0.413044,0.425016,0.372162,0.353167,0.375994,0.414183,0.461638,0.348471,0.345573,0.382784,0.456184,0.398916,0.440518,0.312124,0.481654,0.385925,0.263075,0.532712,0.490203,0.490263,0.437373,0.449309,0.348200,0.435688,0.428545,0.532891,0.315587,0.351585,0.307073,0.519321,0.456498,0.315109,0.536441,0.385445,0.402926,0.513260,0.425562,0.350110,0.370367,0.283759,0.583936,0.527552,0.291689,0.449426,0.508938,0.532348,0.496384,0.592260,0.503072,0.397459,0.333607,0.280589,0.385985,0.381261,0.354504,0.358948
0.306879,0.314717,0.477584,0.225003,0.476390,0.359431,0.455046,0.331849,0.377143,0.344884,0.414700,0.371826,0.381141,0.000000,0.253228,0.355870,0.372943,0.349106,0.486168,0.374802,0.379074,0.351695,0.342450,0.448647,0.307687,0.373176,0.349815,0.413945,0.268747,0.328278,0.331443,0.329123,0.370746,0.357556,0.369080,0.352091,0.352411,0.418535,0.340212,0.390794,0.394703,0.420130,0.427070,0.319964,0.330529,0.453604,0.373398,0.418646,0.366094,0.317777,0.464284,0.341874,0.357333,0.393485,0.352560,0.438434,0.367899,0.418417,0.261372,0.314960,0.342953,0.365401,0.418002,0.361564,0.405808,0.458840,0.353968,0.449417,0.371299,0.376659,0.493494,0.404043,0.366413,0.388773,0.467482,0.403844,0.574026,0.435717,0.352832,0.400493,0.433255,0.396207,0.381908,0.404280,0.410946,0.489587,0.405456,0.389013,0.490550,0.385294,0.415242,0.493837,0.359020,0.416702,0.320812,0.387765,0.387120,0.325578,0.426302,0.450888,0.463946,0.453321,0.349878,0.388197,0.459999,0.476896,0.414028,0.384897,0.485807,0.419143,0.420471,0.484332,0.487534,0.407875,0.428866,0.379339,0.398115,0.430854,0.454663,0.400355,0.514634,0.410786,0.327146,0.442628,0.386048,0.436954,0.404152,0.381024,0.120513,0.427838,0.426675,0.452244,0.483580,0.378765,0.413640,0.390441,0.434388,0.435061,0.492778,0.467343,0.469804,0.468766,0.413004,0.505786,0.397257,0.443145,0.425268,0.502155,0.490523,0.385711,0.381727,0.405695,0.413204,0.390896,0.487861,0.419148,0.387428,0.496226,0.406683,0.465193,0.558292,0.460140,0.375073,0.418761,0.516973,0.368286,0.534781,0.427613,0.347089,0.561258,0.484370,0.505250,0.392904,0.478983,0.439893,0.474987,0.401215,0.493206,0.410357,0.594641,0.421675,0.381240,0.411745,0.416027,0.525799,0.480032,0.487003,0.407111,0.405089,0.418610,0.418987,0.379830,0.541190,0.511278,0.454981,0.462544,0.473915,0.439340,0.411885,0.490664,0.470069
0.309236,0.258126,0.423883,0.318246,0.425747,0.356222,0.402333,0.282327,0.421658,0.317316,0.348963,0.296316,0.264081,0.253228,0.000000,0.281462,0.301972,0.283105,0.420423,0.376028,0.378636,0.274087,0.286516,0.501294,0.303648,0.281380,0.287055,0.395261,0.086419,0.276033,0.234834,0.308072,0.363503,0.393997,0.306156,0.345931,0.270576,0.244932,0.277700,0.274300,0.248490,0.380038,0.392623,0.199184,0.256667,0.392121,0.356464,0.300147,0.332250,0.386545,0.360521,0.429622,0.314214,0.360189,0.301348,0.404523,0.269927,0.255594,0.302578,0.302057,0.368447,0.283550,0.262243,0.397374,0.315149,0.331518,0.372745,0.341883,0.287180,0.314891,0.450306,0.371560,0.288790,0.328737,0.522479,0.296052,0.482178,0.425205,0.272904,0.339920,0.296055,0.336692,0.360840,0.363151,0.415046,0.461080,0.347451,0.348205,0.464610,0.267475,0.281481,0.386497,0.393194,0.343305,0.269800,0.330242,0.323851,0.273454,0.354232,0.411739,0.333203,0.395192,0.270819,0.281195,0.475991,0.501713,0.340992,0.269934,0.443634,0.357666,0.321201,0.412915,0.457964,0.315785,0.415809,0.415452,0.357727,0.395151,0.393919,0.382776,0.468012,0.420173,0.380528,0.487221,0.363290,0.431241,0.483148,0.381765,0.281275,0.394736,0.377104,0.377143,0.425273,0.442975,0.308370,0.292005,0.350051,0.381273,0.482069,0.481572,0.387364,0.404947,0.434817,0.508363,0.418598,0.390122,0.462913,0.500356,0.446555,0.375598,0.445759,0.337725,0.401131,0.384692,0.364605,0.379522,0.340767,0.458756,0.322016,0.468839,0.506068,0.400424,0.446015,0.403509,0.530335,0.408037,0.480524,0.391828,0.344911,0.526505,0.547598,0.433068,0.280145,0.372155,0.440219,0.401545,0.378125,0.472926,0.398948,0.538887,0.387401,0.437389,0.388446,0.343825,0.432967,0.490066,0.482553,0.329745,0.468025,0.450420,0.443212,0.411567,0.625453,0.475111,0.422027,0.395052,0.378994,0.342730,0.417948,0.456685,0.427097
0.316403,0.255951,0.407716,0.303713,0.381279,0.307754,0.377318,0.253306,0.379993,0.291283,0.327464,0.179125,0.308974,0.355870,0.281462,0.000000,0.227608,0.221793,0.396538,0.340618,0.358313,0.308694,0.444659,0.519085,0.255941,0.345251,0.259123,0.314952,0.319326,0.264104,0.383636,0.352900,0.347209,0.374077,0.369220,0.278208,0.301348,0.220165,0.246878,0.335660,0.290127,0.257109,0.387666,0.363890,0.288321,0.377143,0.371972,0.280546,0.393355,0.339953,0.380503,0.461897,0.355104,0.326542,0.332100,0.403952,0.298238,0.335803,0.372834,0.328491,0.373600,0.308199,0.359897,0.424518,0.305768,0.351557,0.388209,0.412709,0.283884,0.390724,0.421151,0.425338,0.292455,0.316833,0.496203,0.344464,0.428195,0.396460,0.311382,0.351962,0.299247,0.404025,0.326362,0.370062,0.403286,0.495570,0.379351,0.333692,0.354363,0.329343,0.322298,0.410233,0.373196,0.357001,0.431925,0.393009,0.360251,0.343298,0.328372,0.424685,0.288072,0.353815,0.333959,0.331964,0.477487,0.493566,0.392571,0.352643,0.388041,0.368813,0.353226,0.505249,0.459802,0.362742,0.378790,0.362279,0.362161,0.428311,0.471577,0.388486,0.464460,0.444465,0.367702,0.480618,0.390408,0.478588,0.455603,0.352117,0.430711,0.443347,0.451098,0.434757,0.424435,0.405908,0.450929,0.359312,0.387196,0.386621,0.419633,0.455159,0.370479,0.414873,0.422978,0.445049,0.439890,0.363711,0.377942,0.469264,0.460366,0.388397,0.516676,0.307067,0.425510,0.424097,0.366175,0.316513,0.338805,0.457439,0.350289,0.460069,0.494009,0.473964,0.432635,0.317947,0.498090,0.423285,0.432433,0.384461,0.392882,0.505048,0.528099,0.378656,0.370748,0.359867,0.337474,0.466164,0.352178,0.462952,0.409925,0.499420,0.350365,0.417316,0.424083,0.427745,0.428333,0.494429,0.471230,0.397211,0.389983,0.360704,0.434964,0.322669,0.609496,0.476684,0.475194,0.440672,0.404303,0.322550,0.440957,0.459581,0.440690
0.320321,0.323262,0.415746,0.316291,0.456409,0.332572,0.430572,0.300472,0.425879,0.362786,0.412502,0.240866,0.408489,0.372943,0.301972,0.227608,0.000000,0.247358,0.457542,0.376309,0.446685,0.385820,0.473844,0.530115,0.280929,0.413515,0.274959,0.363932,0.340045,0.371530,0.448373,0.417952,0.392194,0.405525,0.429133,0.308762,0.345002,0.321560,0.285160,0.415434,0.374740,0.280089,0.411737,0.405881,0.270943,0.461136,0.392361,0.332099,0.412934,0.369136,0.448207,0.463264,0.359308,0.349786,0.384988,0.476142,0.355916,0.441501,0.384959,0.343749,0.376527,0.370026,0.440501,0.398737,0.372215,0.402726,0.383167,0.490546,0.307582,0.441243,0.508735,0.471695,0.308607,0.408724,0.543986,0.413817,0.443716,0.377745,0.332572,0.398199,0.422836,0.412771,0.342847,0.407513,0.434312,0.511534,0.442040,0.329653,0.408285,0.423541,0.380587,0.492546,0.447260,0.326025,0.456558,0.471995,0.391013,0.385486,0.425692,0.494101,0.393345,0.377749,0.376385,0.309473,0.540727,0.543275,0.444216,0.389476,0.331834,0.395091,0.434331,0.513517,0.527622,0.458754,0.327887,0.357925,0.451029,0.454695,0.516407,0.376642,0.521785,0.401435,0.399895,0.531497,0.428548,0.490466,0.471917,0.332422,0.455805,0.490417,0.513949,0.478104,0.357537,0.404821,0.464632,0.450091,0.443222,0.379776,0.516646,0.539281,0.461883,0.456994,0.450400,0.486954,0.459582,0.374392,0.386502,0.547790,0.503819,0.390095,0.576519,0.333640,0.464613,0.504514,0.410238,0.364503,0.311060,0.515540,0.416806,0.481446,0.529855,0.539739,0.379329,0.368103,0.512251,0.438883,0.469502,0.481301,0.395120,0.559838,0.570224,0.473513,0.388650,0.478014,0.154405,0.460662,0.410276,0.423023,0.416063,0.526285,0.280767,0.432243,0.445834,0.434266,0.523236,0.431668,0.394242,0.456608,0.375648,0.327571,0.370444,0.322826,0.633459,0.439277,0.449815,0.468519,0.464014,0.370561,0.425800,0.532882,0.507195
0.321440,0.175198,0.397827,0.341950,0.373193,0.326648,0.379018,0.250686,0.377757,0.312621,0.411601,0.191969,0.336691,0.349106,0.283105,0.221793,0.247358,0.000000,0.428488,0.421431,0.394460,0.321072,0.497973,0.535841,0.192373,0.392670,0.300067,0.332783,0.358696,0.316441,0.360823,0.370614,0.290964,0.360947,0.346746,0.172418,0.250764,0.263336,0.141457,0.418258,0.230076,0.290404,0.381183,0.396738,0.266844,0.385354,0.342173,0.283236,0.431946,0.309525,0.415535,0.489486,0.358984,0.393743,0.299092,0.387542,0.254100,0.297842,0.370500,0.344886,0.317178,0.257492,0.390330,0.392003,0.346150,0.389285,0.275521,0.447085,0.279472,0.406152,0.427241,0.409312,0.324235,0.351723,0.515434,0.390500,0.420646,0.343658,0.354949,0.441078,0.257238,0.415178,0.356334,0.365673,0.409891,0.486463,0.392189,0.310796,0.417214,0.366450,0.367996,0.479858,0.459493,0.354560,0.488240,0.407873,0.409661,0.349426,0.403989,0.457297,0.386260,0.424073,0.248669,0.353338,0.556168,0.561228,0.354312,0.342795,0.315739,0.378423,0.337652,0.426504,0.455297,0.345244,0.352789,0.284484,0.342579,0.386068,0.416700,0.372685,0.453640,0.417667,0.362258,0.478941,0.422826,0.475509,0.499342,0.241945,0.354749,0.453777,0.437411,0.352791,0.267527,0.457764,0.456420,0.480709,0.367583,0.430038,0.464582,0.466935,0.452092,0.370727,0.374032,0.474828,0.443120,0.331165,0.402682,0.486934,0.498677,0.330424,0.535492,0.315350,0.438838,0.455573,0.344120,0.359167,0.336371,0.456012,0.431003,0.426477,0.542508,0.462611,0.377788,0.344022,0.482993,0.388528,0.470940,0.448991,0.376862,0.493400,0.586502,0.387826,0.422983,0.394242,0.387404,0.495742,0.389673,0.428791,0.331653,0.586593,0.369948,0.437609,0.345015,0.392043,0.436500,0.417429,0.354638,0.432877,0.348804,0.288014,0.338038,0.349310,0.626995,0.432060,0.407689,0.459570,0.449596,0.381272,0.348515,0.430888,0.387030
0.325670,0.379618,0.427360,0.440505,0.405861,0.452048,0.417378,0.411334,0.444238,0.377659,0.367095,0.385647,0.297134,0.486168,0.420423,0.396538,0.457542,0.428488,0.000000,0.390793,0.422835,0.327255,0.395612,0.517299,0.362259,0.330228,0.451093,0.458969,0.498345,0.409240,0.369007,0.442246,0.433058,0.487355,0.393511,0.511544,0.446599,0.435522,0.383634,0.409468,0.402415,0.437014,0.439374,0.419565,0.376038,0.447430,0.475918,0.462870,0.486682,0.502941,0.300670,0.459112,0.435990,0.476471,0.426587,0.457225,0.371668,0.434962,0.529199,0.464892,0.502152,0.408110,0.489000,0.538255,0.465035,0.405889,0.496379,0.433849,0.452859,0.478144,0.484064,0.463269,0.425965,0.432912,0.549652,0.417847,0.154077,0.454311,0.465445,0.453102,0.366748,0.476465,0.541688,0.512275,0.496958,0.361998,0.451687,0.328856,0.505672,0.480536,0.440244,0.473991,0.521563,0.553674,0.458656,0.498880,0.483925,0.466499,0.467283,0.508962,0.477012,0.428239,0.469535,0.413519,0.518225,0.517475,0.430081,0.412738,0.463991,0.484068,0.450520,0.452412,0.515089,0.427487,0.527777,0.533624,0.321408,0.397139,0.433122,0.518867,0.462381,0.552583,0.561800,0.491087,0.467234,0.564421,0.482456,0.534673,0.565865,0.547046,0.500649,0.469043,0.577761,0.543567,0.479550,0.440754,0.471531,0.506172,0.511339,0.488514,0.500320,0.469389,0.541630,0.303542,0.516290,0.337140,0.504453,0.528765,0.539697,0.546635,0.564133,0.545427,0.499996,0.520585,0.481529,0.548175,0.421494,0.481489,0.376809,0.594654,0.331225,0.501731,0.556463,0.545825,0.588758,0.494139,0.443932,0.531220,0.542850,0.516825,0.561478,0.535143,0.428570,0.411128,0.599333,0.518129,0.485200,0.569344,0.529427,0.374308,0.548666,0.505096,0.520447,0.502177,0.427630,0.595527,0.569885,0.523710,0.569129,0.549277,0.513711,0.541731,0.603431,0.557410,0.473727,0.426608,0.523051,0.510042,0.533120,0.533909,0.544891
0.327617,0.369641,0.431341,0.298723,0.448993,0.360243,0.431729,0.314595,0.328363,0.323043,0.359550,0.342421,0.376080,0.374802,0.376028,0.340618,0.376309,0.421431,0.390793,0.000000,0.350104,0.347649,0.444249,0.502842,0.399418,0.371791,0.317111,0.367797,0.407810,0.393252,0.414522,0.360323,0.426752,0.419192,0.451680,0.444648,0.408705,0.407914,0.424578,0.420693,0.423351,0.393856,0.418580,0.404957,0.397246,0.460906,0.462701,0.430041,0.385383,0.386524,0.431826,0.383648,0.397549,0.376220,0.398654,0.454491,0.411563,0.445540,0.439586,0.356466,0.366414,0.388801,0.448644,0.415316,0.417310,0.419681,0.393573,0.430188,0.403950,0.436088,0.424739,0.471953,0.406096,0.476774,0.426752,0.407785,0.454291,0.385887,0.407393,0.402458,0.493722,0.399880,0.365689,0.407601,0.466680,0.521148,0.423066,0.399260,0.459714,0.433979,0.439467,0.409099,0.393893,0.459379,0.418214,0.447504,0.419849,0.413463,0.396247,0.439691,0.436366,0.403618,0.444190,0.400171,0.360168,0.391228,0.435452,0.478576,0.497090,0.413257,0.441199,0.494991,0.513342,0.442246,0.487658,0.419614,0.461809,0.478322,0.509904,0.412114,0.433514,0.415270,0.431203,0.434844,0.412611,0.483064,0.350935,0.419389,0.457844,0.387679,0.429759,0.467793,0.510335,0.416498,0.466941,0.444196,0.426902,0.430192,0.534215,0.462764,0.484857,0.477361,0.484474,0.444400,0.323912,0.460653,0.382716,0.430723,0.507299,0.406290,0.412265,0.427311,0.450054,0.484347,0.447922,0.458081,0.433260,0.437140,0.418652,0.513938,0.527599,0.435115,0.418504,0.424186,0.501574,0.477519,0.452982,0.481600,0.465724,0.503244,0.413950,0.481375,0.436955,0.495158,0.504576,0.510584,0.435621,0.496496,0.456199,0.526648,0.445784,0.410840,0.420156,0.497681,0.533014,0.493996,0.521627,0.444562,0.396185,0.439226,0.436654,0.466381,0.496718,0.449194,0.441503,0.426609,0.484598,0.486643,0.467209,0.547107,0.478172
0.327900,0.317478,0.451059,0.324150,0.398817,0.315615,0.383428,0.320755,0.286452,0.295388,0.370041,0.378139,0.276971,0.379074,0.378636,0.358313,0.446685,0.394460,0.422835,0.350104,0.000000,0.271921,0.433534,0.497570,0.393547,0.291156,0.338972,0.383905,0.425385,0.314158,0.386112,0.318475,0.312551,0.360184,0.372552,0.448595,0.361263,0.349714,0.401955,0.333794,0.347001,0.426510,0.417532,0.371533,0.423994,0.342170,0.406039,0.487616,0.391053,0.422718,0.391754,0.449152,0.390382,0.394959,0.330338,0.317221,0.353666,0.322376,0.358183,0.350695,0.425129,0.348679,0.376181,0.520338,0.434164,0.418591,0.379820,0.368319,0.347830,0.344617,0.307866,0.413887,0.346592,0.406030,0.442595,0.342357,0.523752,0.365979,0.352112,0.348113,0.404913,0.361569,0.420106,0.322191,0.422465,0.513940,0.319275,0.477174,0.507415,0.363514,0.372215,0.327867,0.385648,0.465856,0.427216,0.386485,0.401799,0.351317,0.306736,0.392780,0.411930,0.481105,0.345840,0.446938,0.424269,0.350004,0.373312,0.402223,0.488672,0.431735,0.328808,0.454928,0.376771,0.344900,0.499006,0.450253,0.418550,0.479361,0.440101,0.475484,0.369541,0.484237,0.449832,0.430330,0.333353,0.470612,0.433769,0.450610,0.461593,0.386433,0.371221,0.391729,0.535387,0.418124,0.450018,0.426731,0.364360,0.460296,0.406005,0.391984,0.372455,0.346745,0.444903,0.534677,0.379949,0.493801,0.380994,0.331436,0.468762,0.398484,0.410765,0.488483,0.430965,0.439148,0.456905,0.499200,0.477585,0.471400,0.411652,0.532889,0.535044,0.370027,0.472109,0.414183,0.528457,0.429079,0.446647,0.427609,0.434826,0.475885,0.466499,0.367017,0.442712,0.419419,0.555531,0.505401,0.393590,0.569828,0.392880,0.576432,0.487991,0.474331,0.396023,0.497710,0.453479,0.573445,0.596511,0.385715,0.438059,0.457154,0.491262,0.490536,0.491014,0.483572,0.421194,0.407573,0.420943,0.465084,0.393150,0.353688,0.400661
0.328410,0.293955,0.426607,0.289993,0.358846,0.325586,0.355124,0.255909,0.335710,0.175937,0.297323,0.321747,0.144888,0.351695,0.274087,0.308694,0.385820,0.321072,0.327255,0.347649,0.271921,0.000000,0.320099,0.530895,0.301010,0.224718,0.349726,0.358384,0.326016,0.299299,0.278686,0.303037,0.352003,0.397619,0.296692,0.390104,0.303398,0.282019,0.328609,0.289769,0.272415,0.391549,0.403555,0.264274,0.348769,0.317451,0.380309,0.389778,0.312050,0.382467,0.240082,0.415419,0.329419,0.404603,0.259365,0.306088,0.273480,0.282505,0.325045,0.327737,0.331332,0.281659,0.262879,0.444683,0.346065,0.347879,0.296155,0.307010,0.303103,0.282615,0.369417,0.347859,0.323100,0.347287,0.446046,0.219803,0.442713,0.324022,0.328662,0.348123,0.328508,0.323752,0.375113,0.254528,0.404692,0.470780,0.268147,0.389394,0.473308,0.251154,0.289856,0.254418,0.413083,0.428191,0.310162,0.270906,0.334461,0.272363,0.260836,0.365106,0.369079,0.392767,0.294999,0.370107,0.430879,0.434273,0.337322,0.205289,0.460654,0.374754,0.283895,0.429892,0.385909,0.224799,0.490971,0.459081,0.315575,0.400386,0.391774,0.495853,0.425895,0.501361,0.405203,0.452043,0.295885,0.431438,0.462082,0.455963,0.416831,0.354266,0.285367,0.321878,0.469994,0.432719,0.309474,0.349519,0.280853,0.437724,0.388288,0.368422,0.330900,0.346644,0.377551,0.470025,0.356241,0.433406,0.372982,0.417282,0.413455,0.334496,0.439834,0.474953,0.387107,0.376022,0.413815,0.441092,0.412496,0.457693,0.193232,0.412402,0.418972,0.325693,0.465931,0.483377,0.518253,0.347065,0.387306,0.402012,0.430172,0.474907,0.451842,0.342325,0.339878,0.354459,0.529765,0.436641,0.339738,0.520209,0.348576,0.418195,0.472039,0.413585,0.330289,0.385833,0.387556,0.576026,0.511995,0.322528,0.396598,0.466798,0.480640,0.466474,0.518538,0.546380,0.376268,0.190704,0.313332,0.402641,0.347289,0.361256,0.330973
