0.000000,0.234972,0.353294,0.359292,0.373226,0.374725,0.382404,0.384111,0.392376,0.395253,0.402869,0.406213,0.408994,0.414052,0.421934,0.422408,0.423392,0.423480,0.424097,0.425401,0.425756,0.426539,0.426915,0.430380,0.431460,0.434865,0.436103,0.437206,0.441454,0.443406,0.443751,0.444043,0.444098,0.444416,0.447945,0.448907,0.449495,0.450286,0.453141,0.454270,0.454767,0.456380,0.456623,0.457097,0.457963,0.460118,0.460711,0.460746,0.461323,0.462031,0.464368,0.464806,0.466505,0.467307,0.468896,0.470478,0.471170,0.471286,0.471395,0.471610,0.472301,0.472592,0.472993,0.473006,0.473248,0.474223,0.474760,0.475382,0.475913,0.476215,0.476642,0.476912,0.478863,0.480054,0.480201,0.481295,0.481301,0.481451,0.481671,0.482252,0.482402,0.482587,0.482998,0.483210,0.483943,0.484658,0.485554,0.486537,0.486905,0.486936,0.487562,0.487580,0.488615,0.489059,0.491085,0.491087,0.491988,0.492631,0.493632,0.495828,0.495870
0.234972,0.000000,0.339273,0.341447,0.331826,0.378391,0.454472,0.403944,0.449923,0.394172,0.405726,0.394871,0.386258,0.430429,0.366655,0.440285,0.381220,0.379475,0.407609,0.382459,0.423252,0.396240,0.449936,0.403375,0.389566,0.459921,0.408408,0.379791,0.361903,0.436432,0.419764,0.471981,0.415718,0.376842,0.370871,0.478018,0.499491,0.457080,0.419428,0.408515,0.476362,0.423188,0.420575,0.461205,0.458086,0.408346,0.555921,0.450423,0.493155,0.467091,0.449788,0.401070,0.473999,0.447939,0.513810,0.456579,0.497898,0.391183,0.418009,0.473513,0.457464,0.459100,0.503399,0.512334,0.472237,0.468939,0.427975,0.510160,0.519133,0.446726,0.368918,0.567745,0.404474,0.494439,0.447211,0.422770,0.491554,0.535293,0.482886,0.505363,0.581402,0.516527,0.499528,0.475703,0.420875,0.437316,0.467427,0.441458,0.466791,0.498557,0.653546,0.511519,0.471279,0.492415,0.459609,0.470514,0.580880,0.504583,0.419411,0.498417,0.526502
0.353294,0.339273,0.000000,0.312914,0.295745,0.357710,0.460912,0.424723,0.489942,0.277359,0.417910,0.319149,0.312502,0.330969,0.331002,0.316687,0.407900,0.360557,0.345382,0.398020,0.394596,0.336252,0.364559,0.397207,0.317719,0.436974,0.284096,0.362703,0.353467,0.258183,0.362047,0.431462,0.380996,0.469310,0.362338,0.440676,0.414437,0.329842,0.349340,0.394728,0.569249,0.384635,0.340339,0.476198,0.354348,0.475370,0.700362,0.420032,0.466974,0.623883,0.528609,0.423783,0.480792,0.490898,0.431816,0.433852,0.383825,0.380945,0.379342,0.511246,0.403382,0.520492,0.521915,0.602272,0.446024,0.421865,0.408018,0.595474,0.588480,0.465271,0.368967,0.459364,0.375834,0.535803,0.444568,0.372634,0.560115,0.531818,0.511633,0.517354,0.500384,0.527455,0.591343,0.387911,0.383828,0.347660,0.458919,0.391284,0.444517,0.509587,0.553642,0.551364,0.549156,0.514690,0.419130,0.477800,0.611052,0.636623,0.429578,0.546497,0.535351
0.359292,0.341447,0.312914,0.000000,0.249929,0.307067,0.440699,0.351992,0.501985,0.268269,0.355087,0.199425,0.269539,0.366029,0.257413,0.333209,0.444112,0.248261,0.223646,0.373955,0.281152,0.278267,0.379295,0.372905,0.311723,0.464548,0.299274,0.244295,0.297407,0.346618,0.246407,0.382727,0.252701,0.501365,0.317021,0.414266,0.459594,0.364961,0.352704,0.371157,0.594672,0.372679,0.324819,0.458715,0.322655,0.421622,0.673115,0.482403,0.447908,0.526517,0.532352,0.352773,0.482285,0.443470,0.509859,0.423846,0.364609,0.297691,0.399463,0.473693,0.397888,0.421319,0.549206,0.567458,0.377409,0.400296,0.352394,0.550642,0.562512,0.459590,0.413863,0.503128,0.350548,0.548379,0.433069,0.329098,0.554954,0.539058,0.492673,0.539028,0.511651,0.454731,0.557534,0.409365,0.375210,0.339065,0.441847,0.336942,0.486709,0.489224,0.604055,0.588165,0.541939,0.540613,0.447440,0.432140,0.626526,0.597920,0.395947,0.568507,0.586693
0.373226,0.331826,0.295745,0.249929,0.000000,0.329930,0.494657,0.374688,0.548030,0.297152,0.403180,0.294284,0.286864,0.397562,0.321275,0.371134,0.396535,0.306443,0.317652,0.370817,0.358092,0.297106,0.390081,0.390863,0.306788,0.460563,0.222376,0.305426,0.312458,0.358942,0.296063,0.369834,0.374521,0.445569,0.322012,0.471577,0.436554,0.355348,0.299540,0.369973,0.576569,0.336481,0.334408,0.398565,0.314966,0.433638,0.646953,0.473911,0.480077,0.515047,0.550555,0.374108,0.494585,0.410037,0.420165,0.389509,0.363220,0.407684,0.437730,0.480627,0.431491,0.445825,0.548959,0.601152,0.399609,0.383017,0.443157,0.601370,0.567552,0.409001,0.313765,0.445681,0.322869,0.481084,0.411991,0.272474,0.504038,0.548458,0.422750,0.545277,0.534025,0.545104,0.518529,0.403078,0.330545,0.317120,0.368238,0.377037,0.462304,0.484992,0.590549,0.556813,0.571147,0.524419,0.398428,0.433343,0.605056,0.518914,0.378178,0.516382,0.544324
0.374725,0.378391,0.357710,0.307067,0.329930,0.000000,0.331950,0.297199,0.428600,0.325134,0.395953,0.307782,0.385148,0.343105,0.311927,0.305980,0.473200,0.307496,0.373383,0.431436,0.399057,0.336422,0.358640,0.325125,0.313191,0.409595,0.347617,0.352577,0.357283,0.393436,0.366165,0.390280,0.376049,0.518266,0.335529,0.356352,0.488775,0.362087,0.355107,0.315346,0.461303,0.302930,0.292434,0.395123,0.256381,0.487670,0.611105,0.498423,0.380886,0.589147,0.413763,0.376335,0.438675,0.360459,0.515579,0.421159,0.414182,0.321172,0.436133,0.298840,0.392222,0.477181,0.463092,0.578975,0.297831,0.439797,0.433554,0.463463,0.545544,0.392314,0.469517,0.467541,0.378934,0.532272,0.388329,0.400011,0.383828,0.461322,0.482453,0.527160,0.490325,0.422049,0.461537,0.384123,0.383211,0.397494,0.375269,0.341198,0.449742,0.470152,0.473311,0.470061,0.493405,0.467699,0.424577,0.355066,0.531818,0.532251,0.371894,0.469757,0.544187
0.382404,0.454472,0.460912,0.440699,0.494657,0.331950,0.000000,0.409793,0.402467,0.332682,0.303464,0.315747,0.471343,0.389586,0.318742,0.240361,0.481991,0.321540,0.429309,0.347169,0.352582,0.443009,0.437868,0.391850,0.391709,0.344407,0.458425,0.369664,0.368021,0.433801,0.445724,0.484387,0.356577,0.513476,0.409818,0.236426,0.433403,0.413945,0.443146,0.400459,0.403636,0.450614,0.373816,0.460164,0.426377,0.397022,0.566416,0.575536,0.477365,0.554606,0.368414,0.385363,0.332865,0.391841,0.577305,0.485716,0.517972,0.351842,0.514205,0.299960,0.439949,0.515669,0.401498,0.452192,0.396954,0.430492,0.543729,0.491029,0.500095,0.416397,0.543478,0.497821,0.472497,0.514679,0.419165,0.510543,0.459969,0.373982,0.593040,0.445191,0.396393,0.444683,0.499170,0.453460,0.515551,0.534243,0.509163,0.420066,0.512087,0.544804,0.574827,0.539864,0.510244,0.459781,0.458096,0.388798,0.655158,0.513843,0.465206,0.574330,0.594458
0.384111,0.403944,0.424723,0.351992,0.374688,0.297199,0.409793,0.000000,0.426763,0.412219,0.448309,0.404018,0.417318,0.463905,0.349842,0.368968,0.504763,0.348248,0.427736,0.475919,0.456349,0.361009,0.428726,0.315028,0.431113,0.406362,0.413781,0.403459,0.413574,0.494471,0.451944,0.399176,0.378024,0.537264,0.386415,0.457480,0.565272,0.490659,0.346855,0.381125,0.432088,0.402856,0.454695,0.341892,0.365057,0.496744,0.605979,0.490896,0.379255,0.473976,0.420679,0.429764,0.485962,0.337775,0.586717,0.458765,0.504484,0.400128,0.461127,0.399530,0.429586,0.553093,0.560061,0.626819,0.444708,0.460557,0.534821,0.310661,0.596327,0.411924,0.497937,0.541932,0.457840,0.607630,0.401149,0.466270,0.410236,0.593682,0.520053,0.545160,0.578716,0.426928,0.387518,0.470695,0.487164,0.490194,0.468087,0.380105,0.433101,0.500277,0.550724,0.368658,0.369675,0.415194,0.456408,0.373327,0.431937,0.555543,0.428080,0.397496,0.638419
0.392376,0.449923,0.489942,0.501985,0.548030,0.428600,0.402467,0.426763,0.000000,0.494569,0.375597,0.450757,0.504840,0.566874,0.392282,0.396462,0.469945,0.394634,0.577803,0.444938,0.399780,0.559605,0.442736,0.337175,0.491053,0.292107,0.570533,0.409227,0.418836,0.555792,0.515734,0.515261,0.425322,0.408217,0.387290,0.389579,0.547174,0.502946,0.424861,0.405914,0.152567,0.493549,0.511353,0.402716,0.531892,0.473472,0.435635,0.571727,0.562843,0.639245,0.264139,0.401238,0.424322,0.518935,0.573731,0.501654,0.458720,0.478665,0.425437,0.454437,0.437992,0.488777,0.421945,0.660593,0.496915,0.519504,0.554377,0.299288,0.555548,0.415105,0.442673,0.573853,0.521114,0.541060,0.427158,0.567860,0.471941,0.438433,0.502636,0.542387,0.574240,0.398145,0.381017,0.486511,0.573343,0.556716,0.524016,0.520052,0.454791,0.518658,0.592414,0.419345,0.368880,0.442568,0.469530,0.359542,0.649126,0.527530,0.430573,0.469324,0.596717
0.395253,0.394172,0.277359,0.268269,0.297152,0.325134,0.332682,0.412219,0.494569,0.000000,0.309083,0.147626,0.345900,0.338993,0.219097,0.229454,0.365515,0.194808,0.294393,0.253161,0.279612,0.329847,0.333152,0.332880,0.245683,0.424495,0.273878,0.252224,0.234236,0.296801,0.254235,0.383490,0.253042,0.438839,0.312380,0.313752,0.373491,0.295297,0.368497,0.416839,0.538244,0.374180,0.324097,0.405891,0.326212,0.322045,0.621379,0.520827,0.424559,0.572096,0.510242,0.285226,0.341151,0.398411,0.434535,0.394769,0.308427,0.291365,0.493998,0.445481,0.355716,0.434702,0.470947,0.551905,0.420180,0.293698,0.389539,0.609926,0.535866,0.411666,0.423193,0.446710,0.269562,0.422647,0.358847,0.385684,0.503822,0.469408,0.488372,0.474194,0.403104,0.491848,0.540000,0.404607,0.385985,0.395499,0.472301,0.279618,0.442901,0.503310,0.543189,0.576008,0.540806,0.549220,0.414893,0.377518,0.663082,0.561893,0.359872,0.574438,0.507275
0.402869,0.405726,0.417910,0.355087,0.403180,0.395953,0.303464,0.448309,0.375597,0.309083,0.000000,0.242853,0.420076,0.472883,0.269068,0.324296,0.373066,0.259938,0.475119,0.200451,0.183522,0.425289,0.438272,0.374685,0.389903,0.361600,0.432397,0.232395,0.292078,0.413585,0.289893,0.459762,0.266006,0.396754,0.379606,0.347864,0.327683,0.421405,0.384565,0.442663,0.405219,0.439101,0.406974,0.419610,0.454765,0.376819,0.512364,0.644557,0.553490,0.565161,0.442793,0.331128,0.135144,0.459858,0.471905,0.416978,0.457214,0.292560,0.545731,0.465975,0.384344,0.358338,0.386435,0.585392,0.507798,0.460338,0.430464,0.506841,0.444618,0.330413,0.411149,0.469883,0.361950,0.420526,0.371851,0.529238,0.473024,0.369366,0.534734,0.418122,0.499179,0.480497,0.533990,0.431115,0.478204,0.521654,0.523525,0.408864,0.456707,0.571528,0.607631,0.532734,0.491678,0.489715,0.435339,0.391080,0.678502,0.562017,0.389329,0.552865,0.492285
0.406213,0.394871,0.319149,0.199425,0.294284,0.307782,0.315747,0.404018,0.450757,0.147626,0.242853,0.000000,0.324782,0.336416,0.164129,0.227231,0.381139,0.157286,0.339467,0.248129,0.187827,0.286376,0.314483,0.323056,0.221071,0.381816,0.275176,0.169742,0.230991,0.303750,0.181307,0.370994,0.181668,0.459281,0.267992,0.278727,0.337986,0.307436,0.338090,0.398811,0.529509,0.365018,0.283364,0.392685,0.306099,0.346284,0.631750,0.563274,0.437553,0.568223,0.521487,0.277464,0.357961,0.396858,0.490064,0.363573,0.278454,0.226099,0.496571,0.455098,0.281047,0.385319,0.432664,0.518417,0.376019,0.383005,0.351151,0.576377,0.512492,0.365344,0.397979,0.455392,0.304538,0.483911,0.319212,0.355232,0.491238,0.417863,0.498505,0.435501,0.403143,0.442660,0.521058,0.371538,0.382027,0.354588,0.473879,0.248217,0.433642,0.516063,0.579834,0.559437,0.525746,0.518904,0.370963,0.316523,0.657874,0.556558,0.340433,0.593327,0.522013
0.408994,0.386258,0.312502,0.269539,0.286864,0.385148,0.471343,0.417318,0.504840,0.345900,0.420076,0.324782,0.000000,0.355841,0.340522,0.338439,0.490823,0.336726,0.373291,0.437843,0.385839,0.298479,0.342042,0.445385,0.377637,0.463802,0.314961,0.309996,0.355527,0.324937,0.341808,0.495873,0.391313,0.536392,0.330390,0.405345,0.488207,0.380355,0.363419,0.271499,0.537967,0.348882,0.337970,0.545834,0.354107,0.467984,0.697673,0.500967,0.465803,0.635491,0.495425,0.354192,0.543819,0.450035,0.511775,0.483725,0.374730,0.357212,0.373506,0.519153,0.445582,0.475951,0.548886,0.573341,0.413033,0.490070,0.472807,0.593412,0.678641,0.462502,0.347259,0.435901,0.417997,0.559954,0.527832,0.252584,0.529982,0.545526,0.530546,0.586518,0.562362,0.497167,0.588337,0.392075,0.349007,0.351168,0.370044,0.408533,0.563114,0.478130,0.629804,0.643992,0.626101,0.544191,0.507050,0.398248,0.698898,0.585009,0.377490,0.606522,0.591778
0.414052,0.430429,0.330969,0.366029,0.397562,0.343105,0.389586,0.463905,0.566874,0.338993,0.472883,0.336416,0.355841,0.000000,0.367752,0.333074,0.505435,0.381456,0.430279,0.434977,0.421530,0.415561,0.373079,0.432519,0.358032,0.505956,0.352418,0.406394,0.409819,0.271713,0.412643,0.486289,0.420844,0.609979,0.401647,0.372766,0.441555,0.331776,0.429898,0.403661,0.601791,0.376767,0.317587,0.528870,0.363539,0.512259,0.654683,0.456008,0.394791,0.685611,0.489378,0.449759,0.557139,0.460873,0.544065,0.455328,0.420849,0.352576,0.465599,0.440639,0.448579,0.553521,0.535946,0.582332,0.344397,0.510191,0.502917,0.638526,0.564998,0.505487,0.486746,0.505599,0.474159,0.586411,0.491367,0.352032,0.543363,0.560275,0.521236,0.556001,0.438661,0.567273,0.588039,0.473397,0.390224,0.380151,0.443162,0.413519,0.524114,0.486673,0.573741,0.598505,0.590748,0.537616,0.484567,0.501618,0.627221,0.608576,0.492679,0.617964,0.573166
0.421934,0.366655,0.331002,0.257413,0.321275,0.311927,0.318742,0.349842,0.392282,0.219097,0.269068,0.164129,0.340522,0.367752,0.000000,0.228148,0.345393,0.038414,0.364750,0.265675,0.217599,0.282888,0.291946,0.287935,0.200831,0.329409,0.328343,0.157621,0.199341,0.350487,0.232822,0.342946,0.086111,0.377799,0.211568,0.303295,0.379939,0.303751,0.322904,0.373298,0.455944,0.315825,0.280723,0.327924,0.289755,0.292790,0.642634,0.592623,0.446955,0.580311,0.441957,0.192614,0.360497,0.313964,0.446840,0.342814,0.302283,0.231674,0.467418,0.385210,0.291171,0.384385,0.406986,0.573799,0.386726,0.295132,0.398555,0.531217,0.543544,0.373921,0.404672,0.433277,0.309885,0.465747,0.307813,0.407544,0.433255,0.418983,0.478435,0.420178,0.473844,0.386117,0.507308,0.351178,0.401136,0.345108,0.447686,0.215912,0.409887,0.517623,0.573920,0.525259,0.485296,0.499617,0.339536,0.295790,0.684521,0.560204,0.291474,0.544931,0.509946
0.422408,0.440285,0.316687,0.333209,0.371134,0.305980,0.240361,0.368968,0.396462,0.229454,0.324296,0.227231,0.338439,0.333074,0.228148,0.000000,0.437578,0.221459,0.396848,0.341774,0.317618,0.327299,0.320934,0.300098,0.288081,0.298336,0.313609,0.249758,0.269617,0.297061,0.297669,0.410787,0.284115,0.472982,0.312577,0.201943,0.411410,0.293100,0.308470,0.342542,0.437541,0.329506,0.283988,0.366208,0.291113,0.405213,0.650538,0.577573,0.434492,0.640589,0.390392,0.286441,0.380451,0.359293,0.482455,0.342386,0.324280,0.279627,0.442584,0.376474,0.319605,0.494781,0.421759,0.537342,0.350071,0.414076,0.440092,0.486206,0.569551,0.355419,0.411706,0.445926,0.348927,0.504778,0.356081,0.404140,0.468809,0.403424,0.510829,0.483923,0.394285,0.399605,0.475826,0.364030,0.436310,0.400912,0.459400,0.311895,0.419666,0.522231,0.549691,0.528016,0.467207,0.428532,0.372692,0.291887,0.637676,0.536793,0.325315,0.541513,0.562312
0.423392,0.381220,0.407900,0.444112,0.396535,0.473200,0.481991,0.504763,0.469945,0.365515,0.373066,0.381139,0.490823,0.505435,0.345393,0.437578,0.000000,0.362625,0.499605,0.334017,0.363222,0.484732,0.468692,0.495882,0.322779,0.503580,0.492146,0.344118,0.316932,0.477232,0.342934,0.464668,0.382963,0.135170,0.399721,0.473216,0.401739,0.491403,0.512841,0.519130,0.525337,0.519597,0.484640,0.502978,0.471108,0.338926,0.554901,0.633672,0.586074,0.490741,0.527019,0.357059,0.435289,0.490726,0.307838,0.467524,0.466266,0.480881,0.575590,0.547155,0.542179,0.425423,0.415406,0.643509,0.544620,0.423764,0.444233,0.638430,0.518951,0.499948,0.453743,0.507814,0.332469,0.356696,0.503629,0.553597,0.559164,0.421076,0.505136,0.455407,0.574611,0.542940,0.635991,0.473688,0.484525,0.497517,0.536469,0.407809,0.553295,0.515706,0.589518,0.618222,0.587514,0.612117,0.524145,0.481519,0.727786,0.599486,0.479108,0.619875,0.439131
0.423480,0.379475,0.360557,0.248261,0.306443,0.307496,0.321540,0.348248,0.394634,0.194808,0.259938,0.157286,0.336726,0.381456,0.038414,0.221459,0.362625,0.000000,0.356577,0.259802,0.217316,0.269901,0.278968,0.269264,0.218296,0.329859,0.317041,0.148513,0.181535,0.347618,0.230022,0.331187,0.091956,0.382667,0.210572,0.294609,0.420434,0.308319,0.298439,0.376746,0.455534,0.328797,0.272675,0.310147,0.280647,0.312230,0.591529,0.608586,0.442425,0.575087,0.448385,0.197470,0.338048,0.318432,0.461256,0.351667,0.293853,0.234913,0.464577,0.386269,0.271053,0.384184,0.448748,0.566436,0.390839,0.313083,0.404270,0.517964,0.548771,0.327025,0.404742,0.437214,0.298849,0.473536,0.294996,0.383071,0.423621,0.436163,0.486526,0.455296,0.486251,0.382470,0.482971,0.353058,0.411079,0.350814,0.448886,0.220456,0.391874,0.529125,0.580902,0.515223,0.473225,0.497857,0.334490,0.267642,0.664897,0.559667,0.269979,0.520566,0.534681
0.424097,0.407609,0.345382,0.223646,0.317652,0.373383,0.429309,0.427736,0.577803,0.294393,0.475119,0.339467,0.373291,0.430279,0.364750,0.396848,0.499605,0.356577,0.000000,0.407520,0.444004,0.334617,0.486447,0.454086,0.412434,0.522255,0.365555,0.391366,0.331725,0.434537,0.422758,0.443441,0.385584,0.524529,0.413703,0.497254,0.489315,0.446868,0.416465,0.390123,0.598384,0.421852,0.405166,0.488605,0.389046,0.491958,0.707085,0.469887,0.456242,0.526275,0.546741,0.382470,0.471170,0.471859,0.536941,0.502086,0.492930,0.415297,0.451750,0.481934,0.466228,0.540327,0.558017,0.596895,0.451482,0.312814,0.500781,0.630111,0.592156,0.455627,0.455255,0.534464,0.381063,0.506823,0.463653,0.393276,0.536447,0.564142,0.549601,0.579181,0.548522,0.553197,0.639606,0.482387,0.415473,0.398182,0.484723,0.412225,0.510883,0.534898,0.593708,0.673599,0.619099,0.565680,0.501354,0.483717,0.642683,0.623627,0.462008,0.622318,0.642880
0.425401,0.382459,0.398020,0.373955,0.370817,0.431436,0.347169,0.475919,0.444938,0.253161,0.200451,0.248129,0.437843,0.434977,0.265675,0.341774,0.334017,0.259802,0.407520,0.000000,0.255428,0.477941,0.439083,0.429633,0.329835,0.441086,0.378452,0.257656,0.246396,0.369017,0.281935,0.457669,0.311700,0.363778,0.356315,0.399917,0.310933,0.424171,0.412823,0.489284,0.445873,0.443315,0.399004,0.460772,0.463696,0.278646,0.499115,0.608165,0.544778,0.529280,0.472198,0.325606,0.229237,0.481407,0.418613,0.426571,0.408290,0.359045,0.536886,0.470013,0.425687,0.399931,0.417363,0.556826,0.496788,0.385919,0.416948,0.627506,0.405376,0.401245,0.359247,0.478733,0.288516,0.344853,0.380095,0.472956,0.507788,0.422877,0.534530,0.423194,0.434315,0.552770,0.608060,0.443014,0.441705,0.436006,0.501398,0.387822,0.515274,0.560411,0.600679,0.639030,0.576965,0.567371,0.477857,0.419809,0.689910,0.613904,0.402828,0.664195,0.468284
0.425756,0.423252,0.394596,0.281152,0.358092,0.399057,0.352582,0.456349,0.399780,0.279612,0.183522,0.187827,0.385839,0.421530,0.217599,0.317618,0.363222,0.217316,0.444004,0.255428,0.000000,0.424797,0.338909,0.344531,0.319425,0.355524,0.378300,0.197778,0.269728,0.380786,0.239881,0.410545,0.197530,0.432615,0.331886,0.351025,0.326757,0.379114,0.365267,0.456859,0.471117,0.405596,0.370213,0.389908,0.403563,0.361951,0.594917,0.640329,0.522514,0.574845,0.513596,0.319484,0.322829,0.438351,0.455004,0.344718,0.384331,0.278716,0.528814,0.487812,0.326127,0.293761,0.455244,0.583731,0.459868,0.406453,0.326540,0.552024,0.508757,0.367495,0.407307,0.454723,0.342968,0.410252,0.342058,0.458977,0.504959,0.421027,0.499531,0.397262,0.467365,0.474738,0.516246,0.428636,0.427571,0.474674,0.498565,0.344153,0.442135,0.548218,0.597767,0.547469,0.479873,0.520610,0.377593,0.376075,0.705450,0.569019,0.414655,0.597670,0.456505
0.426539,0.396240,0.336252,0.278267,0.297106,0.336422,0.443009,0.361009,0.559605,0.329847,0.425289,0.286376,0.298479,0.415561,0.282888,0.327299,0.484732,0.269901,0.334617,0.477941,0.424797,0.000000,0.409720,0.399681,0.353470,0.456496,0.296550,0.331296,0.353956,0.400335,0.352077,0.356147,0.313382,0.561501,0.382879,0.432396,0.498899,0.396940,0.357876,0.377694,0.615281,0.386539,0.337150,0.443075,0.281328,0.529517,0.744726,0.547190,0.445191,0.641003,0.571290,0.363748,0.528881,0.380281,0.557867,0.435737,0.403642,0.335489,0.502922,0.441995,0.402847,0.501546,0.600126,0.641327,0.382722,0.442660,0.509076,0.569074,0.647379,0.420088,0.477899,0.499886,0.413938,0.598813,0.424179,0.359633,0.471877,0.590109,0.522018,0.573280,0.605184,0.477965,0.513974,0.460354,0.453960,0.377006,0.438893,0.301305,0.468413,0.552963,0.623062,0.581812,0.543730,0.538253,0.442872,0.398775,0.633524,0.559958,0.358479,0.520609,0.625236
0.426915,0.449936,0.364559,0.379295,0.390081,0.358640,0.437868,0.428726,0.442736,0.333152,0.438272,0.314483,0.342042,0.373079,0.291946,0.320934,0.468692,0.278968,0.486447,0.439083,0.338909,0.409720,0.000000,0.332109,0.340671,0.397573,0.362847,0.303916,0.351268,0.329823,0.342468,0.466636,0.342794,0.498917,0.366249,0.397668,0.497852,0.328567,0.386991,0.401656,0.522938,0.386368,0.335566,0.427194,0.319666,0.432427,0.642621,0.556824,0.399789,0.603358,0.522113,0.359719,0.518418,0.396485,0.493399,0.431732,0.355073,0.335291,0.440608,0.463355,0.351207,0.434841,0.497417,0.597478,0.405001,0.468706,0.466593,0.511294,0.597399,0.428578,0.470602,0.465172,0.433536,0.530975,0.345402,0.374090,0.508857,0.493336,0.435258,0.512563,0.478182,0.480880,0.486495,0.409902,0.452934,0.410101,0.479979,0.389725,0.449227,0.471050,0.533869,0.465951,0.465411,0.503953,0.397658,0.364191,0.586144,0.543796,0.393531,0.464231,0.526605
0.430380,0.403375,0.397207,0.372905,0.390863,0.325125,0.391850,0.315028,0.337175,0.332880,0.374685,0.323056,0.445385,0.432519,0.287935,0.300098,0.495882,0.269264,0.454086,0.429633,0.344531,0.399681,0.332109,0.000000,0.392476,0.173011,0.372527,0.343592,0.366012,0.415429,0.403540,0.456167,0.321219,0.492346,0.341381,0.352217,0.474041,0.408056,0.264806,0.383943,0.383623,0.358245,0.352735,0.224602,0.369491,0.477247,0.559342,0.564702,0.481994,0.600695,0.386282,0.388527,0.400958,0.413030,0.552819,0.395837,0.393192,0.345443,0.441384,0.395794,0.245334,0.514466,0.468863,0.639325,0.356888,0.447922,0.509481,0.278293,0.567404,0.334820,0.434023,0.540942,0.423039,0.574481,0.238910,0.457089,0.436362,0.470160,0.485867,0.514456,0.472098,0.407473,0.267375,0.385320,0.435743,0.477159,0.481003,0.403467,0.248439,0.536611,0.597314,0.309288,0.278595,0.284817,0.277375,0.351967,0.534681,0.462257,0.380727,0.306944,0.623289
0.431460,0.389566,0.317719,0.311723,0.306788,0.313191,0.391709,0.431113,0.491053,0.245683,0.389903,0.221071,0.377637,0.358032,0.200831,0.288081,0.322779,0.218296,0.412434,0.329835,0.319425,0.353470,0.340671,0.392476,0.000000,0.460009,0.308196,0.244496,0.259846,0.339011,0.255783,0.354045,0.263632,0.397244,0.181488,0.372332,0.400667,0.335363,0.407802,0.437471,0.574655,0.356052,0.346746,0.427472,0.313645,0.313629,0.608125,0.614966,0.476658,0.613255,0.539673,0.291059,0.479597,0.371568,0.431439,0.369424,0.282659,0.358040,0.510853,0.455456,0.395907,0.449726,0.430056,0.630219,0.452367,0.368601,0.397351,0.674736,0.509600,0.471156,0.413735,0.449987,0.312652,0.494390,0.411826,0.415730,0.528475,0.440311,0.483835,0.451552,0.491634,0.516779,0.626304,0.393449,0.391506,0.368874,0.479611,0.252902,0.467424,0.538944,0.591226,0.627378,0.596143,0.597197,0.409841,0.410994,0.695305,0.633981,0.358197,0.634744,0.510328
0.434865,0.459921,0.436974,0.464548,0.460563,0.409595,0.344407,0.406362,0.292107,0.424495,0.361600,0.381816,0.463802,0.505956,0.329409,0.298336,0.503580,0.329859,0.522255,0.441086,0.355524,0.456496,0.397573,0.173011,0.460009,0.000000,0.488071,0.344830,0.345622,0.464496,0.432043,0.498279,0.337925,0.457636,0.363658,0.350785,0.461188,0.440142,0.313777,0.332753,0.297854,0.388294,0.404691,0.283647,0.444619,0.463662,0.597751,0.553797,0.562113,0.642367,0.303248,0.355414,0.393059,0.402918,0.543338,0.353507,0.433679,0.386095,0.418427,0.414017,0.270730,0.520480,0.375537,0.637374,0.383735,0.420995,0.533071,0.306534,0.597385,0.335501,0.428382,0.514915,0.453668,0.533791,0.271632,0.506461,0.419705,0.368033,0.548162,0.530078,0.521038,0.349738,0.322598,0.414797,0.453006,0.512792,0.489303,0.454432,0.356468,0.548636,0.625104,0.407789,0.368839,0.164144,0.311914,0.295970,0.614638,0.411694,0.372628,0.441666,0.605242
0.436103,0.408408,0.284096,0.299274,0.222376,0.347617,0.458425,0.413781,0.570533,0.273878,0.432397,0.275176,0.314961,0.352418,0.328343,0.313609,0.492146,0.317041,0.365555,0.378452,0.378300,0.296550,0.362847,0.372527,0.308196,0.488071,0.000000,0.333642,0.358662,0.282427,0.317526,0.416687,0.386451,0.555804,0.359836,0.385057,0.460887,0.342419,0.354695,0.412894,0.617360,0.378126,0.309328,0.450022,0.312169,0.462692,0.679283,0.501751,0.438055,0.611116,0.594418,0.416069,0.511765,0.467367,0.510308,0.425200,0.355875,0.382526,0.492187,0.480603,0.427510,0.544823,0.546182,0.583807,0.422817,0.467876,0.470825,0.624628,0.559003,0.446869,0.414385,0.485904,0.373784,0.565006,0.425377,0.305588,0.508087,0.535136,0.531380,0.542478,0.445841,0.605154,0.547105,0.428047,0.382439,0.371006,0.472791,0.381085,0.426546,0.530126,0.575174,0.568597,0.537851,0.563402,0.431937,0.464408,0.590998,0.637960,0.419424,0.566288,0.596035
0.437206,0.379791,0.362703,0.244295,0.305426,0.352577,0.369664,0.403459,0.409227,0.252224,0.232395,0.169742,0.309996,0.406394,0.157621,0.249758,0.344118,0.148513,0.391366,0.257656,0.197778,0.331296,0.303916,0.343592,0.244496,0.344830,0.333642,0.000000,0.083257,0.356556,0.148593,0.390302,0.146845,0.362877,0.250030,0.338947,0.343804,0.338234,0.349073,0.364053,0.465648,0.302444,0.299373,0.394942,0.326900,0.263503,0.642649,0.558044,0.479521,0.562988,0.437563,0.123494,0.381792,0.359373,0.420537,0.337052,0.275445,0.243659,0.423868,0.435905,0.309618,0.307340,0.411967,0.588624,0.428164,0.333748,0.350418,0.557749,0.531888,0.400804,0.351765,0.458870,0.264012,0.445715,0.346114,0.387048,0.481085,0.403143,0.449665,0.455324,0.529501,0.408656,0.550046,0.351077,0.397254,0.354524,0.431274,0.251569,0.470455,0.505303,0.620199,0.562813,0.519277,0.500483,0.399954,0.282603,0.731564,0.541583,0.256760,0.594355,0.501831
0.441454,0.361903,0.353467,0.297407,0.312458,0.357283,0.368021,0.413574,0.418836,0.234236,0.292078,0.230991,0.355527,0.409819,0.199341,0.269617,0.316932,0.181535,0.331725,0.246396,0.269728,0.353956,0.351268,0.366012,0.259846,0.345622,0.358662,0.083257,0.000000,0.374749,0.239973,0.397108,0.207095,0.329120,0.259975,0.366702,0.384256,0.363866,0.363146,0.363930,0.427357,0.328017,0.332066,0.405134,0.357891,0.284297,0.625440,0.527749,0.485289,0.536686,0.397895,0.121290,0.330310,0.346257,0.409736,0.356082,0.340061,0.314051,0.433304,0.433417,0.355608,0.371458,0.404782,0.599357,0.435805,0.274985,0.376704,0.570305,0.513747,0.398700,0.337738,0.462342,0.209465,0.376711,0.370437,0.397736,0.479217,0.405522,0.456261,0.475967,0.528641,0.437086,0.562751,0.370172,0.364742,0.364336,0.413757,0.286671,0.452799,0.500813,0.616332,0.583038,0.551639,0.490194,0.400390,0.286767,0.748065,0.554712,0.258720,0.621784,0.492942
0.443406,0.436432,0.258183,0.346618,0.358942,0.393436,0.433801,0.494471,0.555792,0.296801,0.413585,0.303750,0.324937,0.271713,0.350487,0.297061,0.477232,0.347618,0.434537,0.369017,0.380786,0.400335,0.329823,0.415429,0.339011,0.464496,0.282427,0.356556,0.374749,0.000000,0.304881,0.492101,0.407964,0.532469,0.335839,0.374050,0.413570,0.273874,0.347859,0.367379,0.603428,0.385217,0.343724,0.520276,0.360104,0.421020,0.646420,0.496066,0.441193,0.645054,0.531487,0.439447,0.472140,0.460168,0.448152,0.442356,0.399916,0.347597,0.412784,0.493529,0.430222,0.483274,0.518978,0.571899,0.427999,0.497299,0.461870,0.656240,0.565206,0.441065,0.379217,0.428579,0.350195,0.509579,0.417486,0.325245,0.545974,0.513742,0.495814,0.550570,0.439684,0.568187,0.631500,0.402200,0.333514,0.320270,0.403266,0.394567,0.511492,0.465372,0.573309,0.612906,0.601104,0.533608,0.417274,0.457284,0.636007,0.584168,0.456519,0.642419,0.497397
0.443751,0.419764,0.362047,0.246407,0.296063,0.366165,0.445724,0.451944,0.515734,0.254235,0.289893,0.181307,0.341808,0.412643,0.232822,0.297669,0.342934,0.230022,0.422758,0.281935,0.239881,0.352077,0.342468,0.403540,0.255783,0.432043,0.317526,0.148593,0.239973,0.304881,0.000000,0.432406,0.240431,0.379137,0.296263,0.374904,0.358835,0.341227,0.359349,0.416367,0.611165,0.355550,0.331933,0.438867,0.319619,0.296997,0.697616,0.617936,0.484681,0.557215,0.560479,0.280959,0.454511,0.422392,0.369116,0.346126,0.289980,0.268751,0.484363,0.516737,0.379437,0.315872,0.473001,0.598561,0.408189,0.431443,0.305889,0.642957,0.547231,0.452017,0.390271,0.441209,0.160048,0.444792,0.401281,0.412488,0.556455,0.474375,0.427354,0.459418,0.520095,0.484406,0.594071,0.375219,0.402725,0.318567,0.460734,0.287264,0.524088,0.462427,0.601446,0.633396,0.586227,0.558809,0.430647,0.330839,0.695570,0.516427,0.294291,0.639815,0.461583
0.444043,0.471981,0.431462,0.382727,0.369834,0.390280,0.484387,0.399176,0.515261,0.383490,0.459762,0.370994,0.495873,0.486289,0.342946,0.410787,0.464668,0.331187,0.443441,0.457669,0.410545,0.356147,0.466636,0.456167,0.354045,0.498279,0.416687,0.390302,0.397108,0.492101,0.432406,0.000000,0.340125,0.541168,0.413096,0.524983,0.522425,0.425648,0.410143,0.521136,0.545449,0.403077,0.456386,0.441712,0.393805,0.495299,0.624633,0.570800,0.429904,0.559206,0.558147,0.408352,0.534619,0.416573,0.555662,0.411697,0.448094,0.433584,0.552069,0.466845,0.439872,0.486318,0.598974,0.662834,0.446106,0.401449,0.484923,0.621846,0.524873,0.442499,0.525307,0.505011,0.449348,0.511771,0.423955,0.518017,0.490101,0.569129,0.515021,0.517595,0.567225,0.569155,0.588912,0.544034,0.537769,0.501222,0.520570,0.374416,0.494301,0.631894,0.589251,0.600525,0.586429,0.571664,0.473755,0.451747,0.664078,0.625561,0.432980,0.620445,0.546178
0.444098,0.415718,0.380996,0.252701,0.374521,0.376049,0.356577,0.378024,0.425322,0.253042,0.266006,0.181668,0.391313,0.420844,0.086111,0.284115,0.382963,0.091956,0.385584,0.311700,0.197530,0.313382,0.342794,0.321219,0.263632,0.337925,0.386451,0.146845,0.207095,0.407964,0.240431,0.340125,0.000000,0.419166,0.303045,0.385563,0.387383,0.357962,0.362565,0.451071,0.501411,0.354539,0.371817,0.383584,0.348441,0.328283,0.653554,0.625866,0.463347,0.591175,0.482520,0.220746,0.386476,0.354997,0.471866,0.346328,0.343893,0.250082,0.508506,0.425097,0.303647,0.358213,0.473966,0.610234,0.443901,0.257617,0.392371,0.554229,0.525573,0.419009,0.463818,0.488958,0.343557,0.477306,0.344573,0.461707,0.456369,0.461322,0.495526,0.455139,0.522372,0.408544,0.536429,0.406115,0.431203,0.414980,0.501330,0.253384,0.444038,0.553503,0.576905,0.548885,0.519972,0.516334,0.374956,0.325991,0.702575,0.599289,0.331051,0.584618,0.528556
0.444416,0.376842,0.469310,0.501365,0.445569,0.518266,0.513476,0.537264,0.408217,0.438839,0.396754,0.459281,0.536392,0.609979,0.377799,0.472982,0.135170,0.382667,0.524529,0.363778,0.432615,0.561501,0.498917,0.492346,0.397244,0.457636,0.555804,0.362877,0.329120,0.532469,0.379137,0.541168,0.419166,0.000000,0.376514,0.480902,0.483106,0.557884,0.528816,0.479027,0.445187,0.549191,0.543069,0.502625,0.567571,0.343804,0.517013,0.621411,0.666728,0.493597,0.450531,0.366065,0.428814,0.564753,0.346249,0.496936,0.524122,0.513133,0.468624,0.561591,0.536546,0.452635,0.402512,0.679816,0.605894,0.459639,0.528692,0.588183,0.518640,0.502331,0.422176,0.565133,0.347577,0.397092,0.513210,0.588238,0.594381,0.428814,0.539996,0.491361,0.644850,0.541164,0.611691,0.471147,0.533227,0.502205,0.579143,0.481774,0.563573,0.541443,0.643517,0.583322,0.558636,0.570762,0.544837,0.467868,0.743818,0.588209,0.439323,0.608262,0.513009
0.447945,0.370871,0.362338,0.317021,0.322012,0.335529,0.409818,0.386415,0.387290,0.312380,0.379606,0.267992,0.330390,0.401647,0.211568,0.312577,0.399721,0.210572,0.413703,0.356315,0.331886,0.382879,0.366249,0.341381,0.181488,0.363658,0.359836,0.250030,0.259975,0.335839,0.296263,0.413096,0.303045,0.376514,0.000000,0.360205,0.474013,0.369738,0.321811,0.318609,0.436330,0.342874,0.347010,0.394670,0.335879,0.345474,0.594056,0.590208,0.494654,0.608255,0.435345,0.272124,0.426479,0.368978,0.505093,0.374819,0.319887,0.347840,0.379944,0.469291,0.359320,0.465779,0.388559,0.620326,0.444830,0.413075,0.454041,0.552928,0.611812,0.362752,0.345970,0.485289,0.340796,0.527837,0.344555,0.382232,0.482667,0.412614,0.492394,0.530056,0.577265,0.433737,0.536015,0.372078,0.380699,0.329643,0.407758,0.297545,0.455015,0.516865,0.630818,0.559566,0.511211,0.478627,0.390750,0.324527,0.657539,0.578988,0.310458,0.568397,0.571642
0.448907,0.478018,0.440676,0.414266,0.471577,0.356352,0.236426,0.457480,0.389579,0.313752,0.347864,0.278727,0.405345,0.372766,0.303295,0.201943,0.473216,0.294609,0.497254,0.399917,0.351025,0.432396,0.397668,0.352217,0.372332,0.350785,0.385057,0.338947,0.366702,0.374050,0.374904,0.524983,0.385563,0.480902,0.360205,0.000000,0.464100,0.364205,0.388977,0.373157,0.440806,0.448936,0.294938,0.449544,0.389913,0.436052,0.622993,0.602992,0.471599,0.621148,0.413914,0.363246,0.406681,0.435643,0.567563,0.422710,0.423079,0.316086,0.492511,0.409729,0.403140,0.505988,0.409336,0.485187,0.372742,0.531566,0.518059,0.482192,0.607647,0.406188,0.492977,0.503917,0.420435,0.555205,0.442056,0.454157,0.495418,0.401023,0.552833,0.489253,0.356134,0.405365,0.454592,0.410149,0.490599,0.481637,0.556186,0.406606,0.464380,0.537261,0.618446,0.524002,0.469275,0.469307,0.452262,0.324302,0.649794,0.523538,0.396939,0.591100,0.600104
0.449495,0.499491,0.414437,0.459594,0.436554,0.488775,0.433403,0.565272,0.547174,0.373491,0.327683,0.337986,0.488207,0.441555,0.379939,0.411410,0.401739,0.420434,0.489315,0.310933,0.326757,0.498899,0.497852,0.474041,0.400667,0.461188,0.460887,0.343804,0.384256,0.413570,0.358835,0.522425,0.387383,0.483106,0.474013,0.464100,0.000000,0.445665,0.472313,0.505140,0.537161,0.462200,0.424901,0.475324,0.499182,0.426689,0.590735,0.597898,0.588863,0.647646,0.536181,0.447711,0.399683,0.502727,0.450811,0.427608,0.526869,0.444233,0.564517,0.547039,0.496217,0.434528,0.450923,0.587839,0.498462,0.423973,0.534028,0.658880,0.390730,0.436201,0.420981,0.467819,0.425101,0.414818,0.408012,0.536207,0.595071,0.419065,0.515007,0.421518,0.458069,0.595397,0.640719,0.490127,0.467434,0.481355,0.507348,0.455346,0.518390,0.589745,0.597879,0.637511,0.620855,0.557858,0.500860,0.516017,0.701006,0.577503,0.502587,0.682269,0.449906
0.450286,0.457080,0.329842,0.364961,0.355348,0.362087,0.413945,0.490659,0.502946,0.295297,0.421405,0.307436,0.380355,0.331776,0.303751,0.293100,0.491403,0.308319,0.446868,0.424171,0.379114,0.396940,0.328567,0.408056,0.335363,0.440142,0.342419,0.338234,0.363866,0.273874,0.341227,0.425648,0.357962,0.557884,0.369738,0.364205,0.445665,0.000000,0.376459,0.421808,0.564316,0.358729,0.322650,0.449264,0.348968,0.445035,0.698956,0.497417,0.418643,0.611404,0.496491,0.379264,0.500324,0.444824,0.468601,0.446355,0.325828,0.320484,0.438563,0.519341,0.429574,0.513355,0.471270,0.574774,0.433388,0.435893,0.455136,0.617646,0.570078,0.446235,0.456212,0.456286,0.377291,0.570404,0.398778,0.356745,0.503841,0.476854,0.458650,0.528644,0.451400,0.488992,0.577548,0.400477,0.421710,0.382679,0.486606,0.416340,0.512925,0.470695,0.556364,0.618205,0.602963,0.509415,0.415366,0.430736,0.656082,0.573823,0.428803,0.618651,0.524858
0.453141,0.419428,0.349340,0.352704,0.299540,0.355107,0.443146,0.346855,0.424861,0.368497,0.384565,0.338090,0.363419,0.429898,0.322904,0.308470,0.512841,0.298439,0.416465,0.412823,0.365267,0.357876,0.386991,0.264806,0.407802,0.313777,0.354695,0.349073,0.363146,0.347859,0.359349,0.410143,0.362565,0.528816,0.321811,0.388977,0.472313,0.376459,0.000000,0.351755,0.470417,0.289305,0.355063,0.321846,0.284625,0.480127,0.648168,0.568884,0.446469,0.600459,0.465216,0.392619,0.431451,0.364644,0.544845,0.339724,0.405403,0.368002,0.449417,0.448048,0.314685,0.430248,0.503432,0.617706,0.399658,0.443001,0.446674,0.440246,0.619069,0.272372,0.343687,0.454309,0.364156,0.500035,0.327406,0.355730,0.387362,0.502064,0.431672,0.567978,0.540792,0.362902,0.394691,0.425158,0.383086,0.368984,0.380644,0.375108,0.355485,0.497614,0.542737,0.452067,0.434920,0.385669,0.319548,0.283187,0.583530,0.396384,0.321060,0.447455,0.507355
0.454270,0.408515,0.394728,0.371157,0.369973,0.315346,0.400459,0.381125,0.405914,0.416839,0.442663,0.398811,0.271499,0.403661,0.373298,0.342542,0.519130,0.376746,0.390123,0.489284,0.456859,0.377694,0.401656,0.383943,0.437471,0.332753,0.412894,0.364053,0.363930,0.367379,0.416367,0.521136,0.451071,0.479027,0.318609,0.373157,0.505140,0.421808,0.351755,0.000000,0.369795,0.314219,0.362070,0.468671,0.359867,0.437114,0.679213,0.423855,0.471623,0.642758,0.289618,0.312829,0.488937,0.409827,0.553903,0.507710,0.491663,0.376755,0.240969,0.384904,0.433251,0.515404,0.454691,0.630786,0.357989,0.474148,0.550203,0.441374,0.687600,0.428281,0.360043,0.492267,0.434845,0.553434,0.450848,0.301661,0.435221,0.493947,0.501377,0.622026,0.613327,0.431579,0.495240,0.387876,0.368303,0.385052,0.325385,0.427761,0.527625,0.458073,0.618797,0.574906,0.544474,0.369346,0.427228,0.338973,0.684131,0.469419,0.349580,0.578285,0.582490
0.454767,0.476362,0.569249,0.594672,0.576569,0.461303,0.403636,0.432088,0.152567,0.538244,0.405219,0.529509,0.537967,0.601791,0.455944,0.437541,0.525337,0.455534,0.598384,0.445873,0.471117,0.615281,0.522938,0.383623,0.574655,0.297854,0.617360,0.465648,0.427357,0.603428,0.611165,0.545449,0.501411,0.445187,0.436330,0.440806,0.537161,0.564316,0.470417,0.369795,0.000000,0.507864,0.544397,0.457551,0.579614,0.507370,0.444165,0.583790,0.579951,0.642317,0.129989,0.409831,0.400290,0.502386,0.634084,0.578156,0.587706,0.514355,0.420024,0.429644,0.510633,0.555981,0.432962,0.692087,0.526456,0.532556,0.628330,0.331958,0.551434,0.413487,0.409752,0.597829,0.567902,0.531785,0.476331,0.567080,0.468997,0.459856,0.567461,0.587809,0.620561,0.451041,0.450502,0.508365,0.549788,0.628004,0.482317,0.568495,0.518180,0.559240,0.638353,0.503013,0.467993,0.406469,0.478547,0.396363,0.685856,0.546371,0.441559,0.554846,0.629526
0.456380,0.423188,0.384635,0.372679,0.336481,0.302930,0.450614,0.402856,0.493549,0.374180,0.439101,0.365018,0.348882,0.376767,0.315825,0.329506,0.519597,0.328797,0.421852,0.443315,0.405596,0.386539,0.386368,0.358245,0.356052,0.388294,0.378126,0.302444,0.328017,0.385217,0.355550,0.403077,0.354539,0.549191,0.342874,0.448936,0.462200,0.358729,0.289305,0.314219,0.507864,0.000000,0.344372,0.417727,0.268675,0.459415,0.713126,0.558495,0.443898,0.697820,0.429930,0.305019,0.486929,0.356858,0.496651,0.430917,0.400364,0.318835,0.432889,0.426786,0.371112,0.431441,0.512181,0.652021,0.370074,0.431129,0.465281,0.547048,0.597182,0.391464,0.382927,0.452888,0.384007,0.526020,0.362305,0.409888,0.388174,0.522576,0.412455,0.580622,0.551885,0.460560,0.530386,0.394289,0.343577,0.362712,0.337788,0.358424,0.478253,0.482770,0.541146,0.565420,0.551290,0.454817,0.335058,0.355969,0.670843,0.493390,0.320128,0.528715,0.512921
0.456623,0.420575,0.340339,0.324819,0.334408,0.292434,0.373816,0.454695,0.511353,0.324097,0.406974,0.283364,0.337970,0.317587,0.280723,0.283988,0.484640,0.272675,0.405166,0.399004,0.370213,0.337150,0.335566,0.352735,0.346746,0.404691,0.309328,0.299373,0.332066,0.343724,0.331933,0.456386,0.371817,0.543069,0.347010,0.294938,0.424901,0.322650,0.355063,0.362070,0.544397,0.344372,0.000000,0.426473,0.297007,0.466877,0.670466,0.538844,0.453117,0.635431,0.483232,0.362926,0.500003,0.405634,0.509168,0.394805,0.360321,0.272046,0.436519,0.428164,0.369880,0.470411,0.538192,0.524956,0.269633,0.494693,0.463903,0.543329,0.583340,0.419982,0.431832,0.492707,0.396666,0.540942,0.391299,0.345395,0.480635,0.514438,0.490496,0.524456,0.431975,0.415959,0.509712,0.416695,0.413483,0.373967,0.445804,0.356267,0.447597,0.517455,0.637247,0.520811,0.527401,0.491531,0.375791,0.387574,0.639449,0.490003,0.376007,0.517274,0.578517
0.457097,0.461205,0.476198,0.458715,0.398565,0.395123,0.460164,0.341892,0.402716,0.405891,0.419610,0.392685,0.545834,0.528870,0.327924,0.366208,0.502978,0.310147,0.488605,0.460772,0.389908,0.443075,0.427194,0.224602,0.427472,0.283647,0.450022,0.394942,0.405134,0.520276,0.438867,0.441712,0.383584,0.502625,0.394670,0.449544,0.475324,0.449264,0.321846,0.468671,0.457551,0.417727,0.426473,0.000000,0.399024,0.487727,0.625504,0.587340,0.502750,0.584070,0.498068,0.429093,0.431852,0.409541,0.541545,0.403383,0.457606,0.435941,0.526287,0.486486,0.306634,0.529068,0.512834,0.657158,0.475451,0.436995,0.553307,0.393597,0.596117,0.315667,0.454999,0.515106,0.433083,0.590427,0.271069,0.522344,0.438202,0.519089,0.474724,0.530594,0.553224,0.434801,0.342948,0.465524,0.527375,0.536527,0.509659,0.426906,0.266193,0.589637,0.613313,0.396937,0.361840,0.384123,0.338168,0.354628,0.558121,0.483114,0.394244,0.392770,0.626682
