0.000000,0.299648,0.517328,0.519444,0.532930,0.542953,0.543597,0.549619,0.550753,0.550866,0.553845,0.560377,0.561073,0.563691,0.565757,0.569630,0.569805,0.569915,0.569975,0.570503,0.571987,0.574634,0.574761,0.575499,0.576467,0.578444,0.578701,0.578726,0.579135,0.579742,0.580407,0.581622,0.583236,0.583296,0.584250,0.584337,0.586391,0.588645,0.588748,0.589118,0.592815,0.593389,0.593650,0.594224,0.595493,0.595770,0.596655,0.598417,0.599147,0.599335,0.600852,0.600952,0.601444,0.601923,0.602024,0.602676,0.602706,0.603025,0.603057,0.603180,0.603469,0.603503,0.603968,0.604032,0.604177,0.605057,0.605105,0.605160,0.605185,0.605257,0.606463,0.606769,0.607118,0.607890,0.608026,0.608800,0.609299,0.610094,0.610337,0.610426,0.610503,0.611568,0.611737,0.612091,0.612721,0.612939,0.613263,0.613403,0.614132,0.615117,0.615401,0.616449,0.616535,0.616740,0.616807,0.616876,0.617143,0.617196,0.618583,0.618606,0.618770,0.619413,0.619804,0.620445,0.620642,0.620735,0.620822,0.621206,0.621208,0.621957,0.622008,0.622463,0.622787,0.623144,0.623719,0.623918,0.624152,0.624215,0.624808,0.625108,0.625708,0.625888,0.625952,0.626330,0.626821,0.627531,0.627588,0.627618,0.627865,0.628204,0.628446,0.628788,0.628791,0.629429,0.629790,0.630279,0.630377,0.630386,0.630913,0.631201,0.631239,0.631261,0.631366,0.631692,0.631943,0.632013,0.632177,0.632590,0.632623,0.632703,0.633209,0.633495,0.633619,0.633620,0.633987,0.634129,0.634474,0.635054,0.636408,0.636578,0.636901,0.637117,0.637121,0.637214,0.637366,0.637482,0.637790,0.638062,0.638131,0.638194,0.638338,0.639013,0.639036,0.639101,0.639171,0.639216,0.639317,0.639449,0.639529,0.639554,0.639684,0.639783,0.639998,0.640082,0.640158,0.640455,0.640674,0.640692,0.640703,0.640918,0.641206,0.641644,0.641873,0.641891,0.642098,0.642106,0.642423,0.642585,0.642853,0.642935,0.643106
0.299648,0.000000,0.751647,0.464933,0.747284,0.541113,0.387563,0.542548,0.421537,0.788541,0.762747,0.407314,0.737658,0.537203,0.537578,0.388368,0.781087,0.427944,0.424854,0.435374,0.399811,0.824872,0.808326,0.465978,0.785116,0.773429,0.464080,0.798968,0.515456,0.626028,0.682599,0.401684,0.451003,0.806445,0.437396,0.461648,0.395722,0.555212,0.481508,0.471447,0.832886,0.682530,0.820295,0.754033,0.516702,0.503516,0.524627,0.390976,0.631982,0.398488,0.575457,0.564560,0.422946,0.463916,0.552412,0.590742,0.773025,0.680860,0.815015,0.783216,0.832748,0.846233,0.746545,0.804556,0.568524,0.471832,0.465703,0.708390,0.574999,0.807832,0.557332,0.807141,0.813788,0.505880,0.754857,0.554295,0.596206,0.552386,0.534185,0.543314,0.694581,0.446727,0.744238,0.801881,0.506400,0.673509,0.425509,0.500729,0.832327,0.834677,0.544876,0.802386,0.603178,0.568068,0.791394,0.699764,0.823626,0.649269,0.544952,0.521756,0.719242,0.483636,0.837640,0.559023,0.541607,0.725655,0.844520,0.603035,0.483637,0.521821,0.561734,0.609411,0.581776,0.868245,0.591810,0.838749,0.417134,0.460479,0.884482,0.850384,0.427928,0.543078,0.576456,0.547403,0.799743,0.552315,0.640132,0.628857,0.685688,0.793157,0.794266,0.507820,0.591484,0.619175,0.595525,0.650086,0.486579,0.513941,0.565669,0.589448,0.581630,0.706672,0.828958,0.593843,0.654777,0.538799,0.534093,0.562521,0.831287,0.408974,0.819053,0.599448,0.661091,0.661067,0.554260,0.645678,0.818412,0.724545,0.537996,0.774479,0.828078,0.520580,0.514535,0.818743,0.477587,0.521815,0.805452,0.870884,0.800354,0.539076,0.781548,0.858646,0.830957,0.791159,0.769891,0.520929,0.519004,0.574847,0.513138,0.574495,0.820575,0.490389,0.838602,0.759775,0.811052,0.483081,0.623238,0.690018,0.829813,0.581174,0.513842,0.888538,0.560851,0.720136,0.793550,0.628179,0.766739,0.773737,0.590197,0.804663,0.758432
0.517328,0.751647,0.000000,0.633997,0.392032,0.671961,0.818502,0.682060,0.765938,0.273223,0.315353,0.846577,0.457578,0.731615,0.714905,0.863532,0.321469,0.744086,0.753075,0.818869,0.808179,0.456585,0.377970,0.726151,0.398365,0.448682,0.703577,0.340783,0.680548,0.625087,0.408095,0.879208,0.864571,0.330940,0.800659,0.834229,0.780829,0.746210,0.812407,0.726331,0.384417,0.674781,0.476924,0.358316,0.745083,0.717460,0.756733,0.896988,0.737635,0.718586,0.739715,0.676722,0.786898,0.763885,0.725210,0.548694,0.581847,0.484000,0.404553,0.563426,0.305229,0.321336,0.498137,0.535426,0.701051,0.733404,0.752263,0.525304,0.717038,0.381635,0.808479,0.511729,0.456297,0.733986,0.453772,0.657145,0.606608,0.799654,0.717689,0.707533,0.633038,0.806428,0.450318,0.437806,0.705606,0.614069,0.876851,0.832498,0.378752,0.363577,0.614010,0.306083,0.655511,0.728022,0.375482,0.629454,0.380650,0.732718,0.701996,0.688108,0.748459,0.824448,0.482316,0.780570,0.807606,0.651395,0.422328,0.731799,0.816343,0.779791,0.786640,0.711220,0.767249,0.556656,0.750385,0.653164,0.834962,0.887817,0.537678,0.469498,0.760071,0.730135,0.806903,0.778940,0.494619,0.710573,0.699699,0.737713,0.696646,0.348499,0.376654,0.866033,0.761442,0.738039,0.765371,0.489864,0.843698,0.790230,0.776916,0.733967,0.760441,0.705489,0.425830,0.731427,0.695761,0.843603,0.736394,0.757205,0.447413,0.837934,0.607030,0.764278,0.710452,0.736439,0.692549,0.668319,0.409142,0.660564,0.833022,0.408387,0.556665,0.822135,0.737948,0.451752,0.811194,0.783671,0.630535,0.336879,0.464855,0.732031,0.364981,0.407319,0.372602,0.561312,0.477095,0.700719,0.748150,0.785637,0.803163,0.810131,0.338824,0.851654,0.291958,0.442397,0.564095,0.751717,0.726793,0.484501,0.528821,0.646859,0.817955,0.455523,0.715460,0.710376,0.574801,0.619187,0.609601,0.448744,0.711109,0.469324,0.578135
0.519444,0.464933,0.633997,0.000000,0.667186,0.710450,0.484668,0.685017,0.654947,0.679100,0.683636,0.502742,0.739569,0.761708,0.731271,0.435035,0.718343,0.548388,0.663771,0.677015,0.601233,0.827261,0.750796,0.561718,0.716158,0.743166,0.742112,0.710378,0.697587,0.751644,0.716946,0.431067,0.568830,0.743337,0.443506,0.609883,0.453226,0.562056,0.646852,0.620024,0.721496,0.749533,0.763466,0.658347,0.660573,0.654612,0.642133,0.617256,0.757401,0.578204,0.718329,0.672749,0.640427,0.583544,0.625038,0.751821,0.729529,0.745413,0.775167,0.760269,0.754297,0.716512,0.748884,0.794717,0.691932,0.606350,0.690213,0.754243,0.771149,0.787003,0.676076,0.772681,0.760274,0.638861,0.705571,0.590800,0.647311,0.661277,0.785860,0.732270,0.670021,0.576206,0.742659,0.750887,0.622243,0.753164,0.421099,0.665583,0.725553,0.721782,0.597407,0.658105,0.679252,0.627049,0.682926,0.716115,0.682666,0.651553,0.762261,0.721526,0.822168,0.511746,0.654441,0.651176,0.621875,0.730859,0.785220,0.758339,0.655107,0.659968,0.675304,0.781053,0.764421,0.804688,0.675717,0.848597,0.762907,0.771769,0.808588,0.804113,0.563586,0.730896,0.684300,0.541901,0.811261,0.686849,0.671479,0.782631,0.717042,0.711252,0.777006,0.570439,0.766327,0.721686,0.660156,0.749585,0.605090,0.683325,0.702456,0.700566,0.753736,0.810667,0.746487,0.724697,0.740375,0.606570,0.687032,0.699228,0.681786,0.714528,0.817860,0.750056,0.764567,0.795378,0.738979,0.724267,0.660960,0.739215,0.656264,0.667851,0.782715,0.626455,0.690289,0.767655,0.695695,0.590028,0.814793,0.698060,0.765909,0.661756,0.652065,0.821101,0.701395,0.770869,0.702721,0.762635,0.598083,0.742904,0.443652,0.627693,0.638875,0.694984,0.641933,0.679124,0.722083,0.689606,0.736880,0.714153,0.778326,0.783194,0.766732,0.812775,0.666145,0.694553,0.760838,0.725670,0.829490,0.753160,0.636180,0.800715,0.744793
0.532930,0.747284,0.392032,0.667186,0.000000,0.696497,0.766659,0.657338,0.684352,0.327881,0.367824,0.822844,0.476978,0.748249,0.750610,0.791398,0.348021,0.644956,0.701893,0.775549,0.831309,0.533629,0.392539,0.710085,0.347445,0.450520,0.721517,0.393600,0.666541,0.596309,0.532792,0.805979,0.813102,0.410396,0.753725,0.854896,0.718436,0.667098,0.715851,0.712335,0.363816,0.739424,0.399600,0.405660,0.710617,0.754689,0.701015,0.851811,0.808024,0.762505,0.710182,0.708207,0.856277,0.669896,0.701368,0.583261,0.604821,0.608771,0.512327,0.553873,0.397382,0.413021,0.651078,0.523912,0.681285,0.767730,0.809001,0.550242,0.785636,0.491924,0.879892,0.511571,0.485297,0.695939,0.421645,0.670701,0.654474,0.830319,0.728828,0.697648,0.710401,0.741182,0.389115,0.527666,0.723167,0.638094,0.834190,0.792521,0.474293,0.421653,0.714871,0.384792,0.587721,0.679912,0.453927,0.651862,0.376312,0.696110,0.731972,0.646783,0.927221,0.841654,0.500585,0.788991,0.842504,0.681957,0.407034,0.771062,0.749169,0.762517,0.799219,0.818432,0.732888,0.448466,0.741933,0.571414,0.821892,0.871276,0.412950,0.464409,0.804395,0.761202,0.742875,0.759949,0.468109,0.701576,0.759166,0.745387,0.727924,0.405921,0.426713,0.853889,0.779872,0.743814,0.765748,0.621481,0.790905,0.757268,0.817099,0.789695,0.745373,0.714887,0.453129,0.647434,0.731349,0.786089,0.761813,0.705840,0.473875,0.856455,0.601427,0.846004,0.723638,0.763257,0.748418,0.697299,0.518759,0.707139,0.840408,0.451407,0.531605,0.877500,0.772741,0.480381,0.756114,0.758946,0.462817,0.425129,0.418216,0.841121,0.444364,0.478437,0.437700,0.591825,0.704681,0.735478,0.777713,0.814386,0.797306,0.774973,0.462260,0.835282,0.419570,0.534895,0.553592,0.750393,0.759599,0.627528,0.521809,0.676555,0.836518,0.520213,0.647694,0.747308,0.618670,0.689117,0.480860,0.447994,0.703053,0.539353,0.565891
0.542953,0.541113,0.671961,0.710450,0.696497,0.000000,0.706597,0.703174,0.578606,0.728269,0.716204,0.732448,0.782405,0.460727,0.486613,0.711606,0.739681,0.561107,0.599768,0.678022,0.606294,0.812268,0.753819,0.591838,0.756525,0.792702,0.354059,0.792383,0.322930,0.742365,0.610976,0.747667,0.670074,0.816847,0.725794,0.788038,0.674008,0.769574,0.733504,0.583523,0.782809,0.844828,0.786134,0.705119,0.768869,0.355623,0.656157,0.756186,0.727655,0.615119,0.749713,0.471425,0.678977,0.628176,0.662244,0.432522,0.866245,0.729185,0.705147,0.712259,0.724675,0.790808,0.718287,0.745447,0.754685,0.624521,0.660695,0.713398,0.474453,0.798577,0.744471,0.758149,0.756630,0.616310,0.769947,0.620072,0.513467,0.725192,0.443347,0.550341,0.819897,0.619608,0.751544,0.803523,0.608122,0.668113,0.794751,0.643382,0.774179,0.715610,0.600585,0.733731,0.699667,0.702045,0.675532,0.716537,0.743055,0.795191,0.611507,0.394423,0.750553,0.821733,0.816358,0.689854,0.836275,0.822496,0.796961,0.488611,0.651528,0.703530,0.652669,0.549650,0.801386,0.863878,0.809882,0.856638,0.624873,0.608134,0.772195,0.819566,0.668084,0.688605,0.636813,0.847117,0.842222,0.531229,0.700327,0.496153,0.743023,0.709237,0.776645,0.731991,0.484124,0.662510,0.725030,0.723184,0.796840,0.700538,0.484357,0.758092,0.505835,0.570363,0.782838,0.803992,0.626895,0.740712,0.579232,0.472670,0.785615,0.629212,0.822023,0.774432,0.577593,0.647954,0.425149,0.694535,0.720254,0.665816,0.732684,0.755362,0.776770,0.677646,0.490367,0.777369,0.533221,0.728024,0.839062,0.759415,0.748691,0.682004,0.694566,0.823647,0.700911,0.792029,0.848933,0.356168,0.688997,0.609686,0.813449,0.780859,0.754715,0.690995,0.726003,0.776299,0.778933,0.565242,0.680754,0.582979,0.755249,0.450258,0.543666,0.770656,0.549647,0.820785,0.770622,0.655325,0.737989,0.696637,0.735634,0.789291,0.797458
0.543597,0.387563,0.818502,0.484668,0.766659,0.706597,0.000000,0.639247,0.536563,0.842780,0.831531,0.515422,0.785114,0.659929,0.728740,0.485665,0.817684,0.458388,0.531460,0.654743,0.537746,0.914616,0.867211,0.334780,0.806852,0.818162,0.708634,0.821709,0.652704,0.756988,0.787331,0.419172,0.586155,0.874160,0.376250,0.578788,0.096979,0.617269,0.412429,0.608487,0.884438,0.831377,0.820527,0.828336,0.602064,0.562135,0.448124,0.561703,0.696379,0.594568,0.677253,0.647296,0.534914,0.450838,0.656470,0.731757,0.783867,0.801042,0.849950,0.801971,0.863878,0.880847,0.865269,0.874355,0.607873,0.627543,0.646476,0.857185,0.720252,0.864654,0.736703,0.822312,0.831507,0.648708,0.784088,0.407186,0.660811,0.635313,0.700730,0.663016,0.798180,0.483161,0.829844,0.836390,0.649054,0.770562,0.360145,0.620626,0.831116,0.873113,0.761323,0.825788,0.670530,0.351781,0.814578,0.724989,0.814216,0.484808,0.750526,0.537880,0.789967,0.499030,0.846753,0.630670,0.661885,0.772503,0.850831,0.616369,0.556088,0.639563,0.457597,0.766549,0.663887,0.852818,0.644795,0.782657,0.681695,0.728908,0.890752,0.828788,0.585028,0.702719,0.700562,0.599401,0.817560,0.678349,0.642056,0.753384,0.690537,0.845166,0.868960,0.337386,0.690077,0.751864,0.712774,0.815553,0.462531,0.720531,0.595694,0.663388,0.634665,0.778700,0.882504,0.662037,0.754138,0.549969,0.656314,0.718719,0.798745,0.668479,0.829513,0.732875,0.675968,0.792069,0.627074,0.629707,0.809339,0.792015,0.719942,0.790186,0.825057,0.685380,0.760017,0.839357,0.666606,0.498836,0.796572,0.885483,0.775375,0.631023,0.794630,0.897755,0.830526,0.825332,0.805735,0.711959,0.635156,0.738671,0.267236,0.420203,0.836476,0.671937,0.856715,0.818080,0.719005,0.517278,0.760832,0.862870,0.876435,0.659019,0.692593,0.857616,0.600510,0.687959,0.823085,0.779985,0.847732,0.839050,0.527873,0.853028,0.812093
0.549619,0.542548,0.682060,0.685017,0.657338,0.703174,0.639247,0.000000,0.600983,0.639003,0.611740,0.768992,0.668686,0.682154,0.727196,0.687511,0.687906,0.590343,0.595578,0.690418,0.708460,0.710037,0.665936,0.664740,0.746420,0.737288,0.621203,0.698305,0.657009,0.748815,0.715995,0.676817,0.744954,0.671921,0.624587,0.820560,0.631587,0.684447,0.742948,0.725468,0.596003,0.804153,0.705285,0.677622,0.617596,0.657299,0.616564,0.670534,0.828417,0.653847,0.666985,0.661436,0.706608,0.600213,0.716141,0.616608,0.749095,0.689853,0.744119,0.668199,0.643542,0.721383,0.728021,0.696860,0.533105,0.684060,0.648276,0.712430,0.684657,0.679247,0.755857,0.752684,0.708871,0.710389,0.706673,0.634120,0.639301,0.698929,0.696343,0.696820,0.781258,0.628235,0.662425,0.727731,0.684532,0.760683,0.821318,0.778499,0.657984,0.685750,0.678368,0.702659,0.660643,0.649265,0.683188,0.676415,0.775040,0.799648,0.685482,0.628117,0.851813,0.755743,0.732008,0.739932,0.764823,0.772430,0.728147,0.709779,0.721184,0.720829,0.624247,0.736034,0.533680,0.715906,0.640816,0.780523,0.725582,0.734557,0.659272,0.748096,0.631819,0.744769,0.799915,0.730797,0.761990,0.676986,0.654187,0.712440,0.780975,0.681462,0.697760,0.683570,0.651208,0.703166,0.710071,0.701544,0.644437,0.788623,0.640813,0.703519,0.611419,0.674479,0.683493,0.712487,0.671044,0.720676,0.794008,0.715452,0.646017,0.668129,0.763282,0.828899,0.727662,0.711021,0.658804,0.612450,0.704119,0.823177,0.759371,0.787929,0.687944,0.665038,0.735530,0.678992,0.726748,0.747785,0.696386,0.747780,0.714400,0.830339,0.742955,0.750003,0.750071,0.714616,0.841814,0.658387,0.678699,0.700101,0.772715,0.653360,0.729097,0.719374,0.709577,0.709034,0.827017,0.596614,0.738334,0.730063,0.653475,0.691349,0.715629,0.748668,0.725625,0.797600,0.767676,0.730381,0.633240,0.585696,0.744958,0.781903,0.806618
0.550753,0.421537,0.765938,0.654947,0.684352,0.578606,0.536563,0.600983,0.000000,0.778920,0.781454,0.595041,0.741148,0.575824,0.589572,0.660434,0.760549,0.273350,0.104694,0.581164,0.530616,0.822732,0.764553,0.496801,0.791496,0.789402,0.568957,0.798261,0.499542,0.786724,0.783679,0.654681,0.576744,0.759741,0.594512,0.589536,0.505810,0.674848,0.624452,0.386621,0.811528,0.875635,0.789984,0.724750,0.562291,0.471639,0.446688,0.552345,0.769060,0.505138,0.707073,0.580663,0.612429,0.359623,0.452227,0.647478,0.845352,0.740672,0.773860,0.767335,0.781242,0.858171,0.856969,0.752784,0.598363,0.438851,0.524578,0.712097,0.613131,0.826798,0.854064,0.779832,0.791969,0.411196,0.781255,0.555630,0.617474,0.550564,0.464847,0.462021,0.745716,0.516489,0.792010,0.876196,0.524906,0.779107,0.657485,0.374660,0.826983,0.853781,0.658494,0.794303,0.579878,0.626998,0.770100,0.622457,0.810941,0.621300,0.743010,0.364629,0.777950,0.648315,0.843364,0.705693,0.652243,0.831614,0.811348,0.554865,0.361864,0.728286,0.518440,0.737010,0.652659,0.847092,0.666834,0.781386,0.612519,0.659211,0.837489,0.779098,0.608254,0.646715,0.663720,0.669052,0.787120,0.393618,0.659286,0.566177,0.728457,0.776285,0.763684,0.657817,0.581005,0.703799,0.575199,0.743015,0.534925,0.654923,0.537753,0.718709,0.554794,0.731629,0.835859,0.629334,0.681964,0.491070,0.669298,0.590687,0.826693,0.625473,0.807920,0.747993,0.608099,0.721064,0.555263,0.460216,0.745646,0.682113,0.724343,0.760835,0.806071,0.730351,0.635177,0.772449,0.356189,0.553819,0.776985,0.850450,0.705270,0.704032,0.799171,0.778198,0.790737,0.781729,0.763005,0.586432,0.625552,0.686725,0.665312,0.640587,0.815822,0.705988,0.825792,0.795153,0.755899,0.542579,0.622021,0.769270,0.793913,0.548672,0.663428,0.831184,0.466691,0.801792,0.758802,0.785871,0.744863,0.742165,0.713419,0.832120,0.735835
0.550866,0.788541,0.273223,0.679100,0.327881,0.728269,0.842780,0.639003,0.778920,0.000000,0.218349,0.831235,0.396095,0.777393,0.738651,0.848007,0.076718,0.715979,0.745794,0.854205,0.832666,0.493626,0.429184,0.717175,0.356543,0.405100,0.736913,0.287014,0.661106,0.573251,0.410176,0.809995,0.836766,0.315469,0.779954,0.863877,0.791772,0.669743,0.822573,0.719643,0.345626,0.702765,0.369546,0.195645,0.770655,0.751100,0.753715,0.896644,0.718477,0.709403,0.767674,0.701867,0.857120,0.720114,0.716711,0.632561,0.578641,0.381302,0.469768,0.591381,0.300828,0.343759,0.552533,0.465730,0.735321,0.742411,0.842960,0.445940,0.760905,0.436709,0.832303,0.469355,0.373558,0.681911,0.306373,0.679009,0.651836,0.904535,0.703343,0.678529,0.731860,0.741914,0.297917,0.522921,0.665882,0.664295,0.883656,0.829580,0.335894,0.286565,0.667736,0.294316,0.664840,0.771280,0.353834,0.657249,0.329887,0.738890,0.779092,0.705370,0.848722,0.822133,0.478358,0.760382,0.839447,0.663484,0.408719,0.754150,0.768939,0.728422,0.846744,0.713067,0.775181,0.523881,0.676688,0.596556,0.839755,0.866868,0.475281,0.377129,0.835974,0.739879,0.806522,0.808143,0.367159,0.709721,0.750084,0.771170,0.696131,0.248408,0.318636,0.844711,0.779919,0.723117,0.754375,0.389439,0.855917,0.737994,0.849349,0.784317,0.794948,0.717884,0.387680,0.696084,0.747032,0.836500,0.687903,0.715100,0.425083,0.824093,0.601460,0.757693,0.658441,0.802059,0.731222,0.598215,0.415998,0.653626,0.843416,0.316540,0.568744,0.877815,0.806272,0.393438,0.772750,0.801528,0.550984,0.371168,0.428603,0.780255,0.316926,0.373739,0.416370,0.593025,0.645353,0.758929,0.792916,0.735523,0.840142,0.830781,0.404835,0.820284,0.377890,0.394430,0.535395,0.736896,0.730501,0.478548,0.546549,0.705732,0.821202,0.479808,0.644343,0.743347,0.608723,0.650046,0.550668,0.412857,0.678966,0.498816,0.506536
0.553845,0.762747,0.315353,0.683636,0.367824,0.716204,0.831531,0.611740,0.781454,0.218349,0.000000,0.793096,0.471623,0.782959,0.783096,0.782888,0.258488,0.766634,0.789875,0.797016,0.837110,0.520984,0.359840,0.751671,0.414926,0.499299,0.750639,0.373149,0.705392,0.629534,0.555872,0.841609,0.852755,0.444804,0.717211,0.859316,0.789799,0.760235,0.805604,0.767042,0.277717,0.670736,0.474389,0.293751,0.739103,0.802546,0.809388,0.861477,0.724043,0.729530,0.789805,0.675351,0.856438,0.796794,0.761326,0.638668,0.557635,0.538091,0.471218,0.542751,0.345083,0.335460,0.582583,0.614328,0.673517,0.754190,0.850376,0.474705,0.763983,0.494517,0.794431,0.550401,0.494315,0.713840,0.323865,0.732413,0.658847,0.904884,0.759741,0.714481,0.688729,0.839003,0.321183,0.472719,0.697367,0.717885,0.852973,0.878050,0.342964,0.299470,0.687876,0.372364,0.661533,0.734139,0.327452,0.582757,0.365235,0.772114,0.761095,0.730543,0.825449,0.806336,0.490898,0.828758,0.824845,0.651324,0.461479,0.739992,0.827959,0.798968,0.852685,0.753909,0.747552,0.608385,0.740359,0.638937,0.847444,0.868645,0.435402,0.502466,0.831957,0.729643,0.772349,0.770996,0.509967,0.694015,0.717487,0.740606,0.735142,0.429927,0.447676,0.860344,0.794776,0.715806,0.789020,0.553257,0.827081,0.728759,0.880733,0.857196,0.766831,0.724207,0.328920,0.728851,0.754416,0.892941,0.762670,0.719771,0.315457,0.809506,0.521900,0.820178,0.696266,0.762910,0.745675,0.669705,0.435490,0.696200,0.838601,0.460884,0.499764,0.838115,0.797750,0.283140,0.833470,0.808438,0.617384,0.353215,0.480972,0.818816,0.437664,0.535187,0.418959,0.588289,0.596601,0.757624,0.789360,0.805852,0.824717,0.817642,0.406928,0.876889,0.334074,0.407333,0.586572,0.810044,0.673040,0.503340,0.465217,0.691835,0.828368,0.493048,0.739014,0.759712,0.576282,0.725286,0.465518,0.345730,0.725432,0.419405,0.589791
0.560377,0.407314,0.846577,0.502742,0.822844,0.732448,0.515422,0.768992,0.595041,0.831235,0.793096,0.000000,0.828743,0.762969,0.713168,0.469810,0.826276,0.647230,0.662324,0.560250,0.501132,0.874076,0.868806,0.674872,0.885551,0.863239,0.699187,0.852250,0.712844,0.692911,0.848866,0.342285,0.444517,0.882100,0.483912,0.425158,0.561217,0.632862,0.619044,0.583533,0.842353,0.714117,0.857202,0.794841,0.610218,0.684169,0.571538,0.518663,0.602055,0.535376,0.536678,0.743571,0.502526,0.696558,0.548792,0.832826,0.760842,0.798976,0.883933,0.837137,0.894719,0.876774,0.836475,0.877575,0.745099,0.499298,0.659403,0.708484,0.623554,0.907377,0.633310,0.843938,0.889150,0.535415,0.794372,0.776820,0.736201,0.614597,0.660610,0.597971,0.632427,0.623455,0.819864,0.814943,0.600003,0.837570,0.411424,0.647240,0.894623,0.819621,0.671280,0.870399,0.640612,0.690318,0.802117,0.675503,0.873993,0.606376,0.735089,0.728117,0.776111,0.528233,0.889645,0.597540,0.498557,0.642463,0.869792,0.778354,0.647841,0.592461,0.663334,0.749281,0.704586,0.912047,0.639186,0.851421,0.645982,0.600550,0.908710,0.895295,0.543160,0.614344,0.649484,0.483110,0.839792,0.678392,0.736339,0.747345,0.699634,0.908034,0.937310,0.575606,0.749780,0.664281,0.633030,0.798203,0.646824,0.564999,0.684526,0.666550,0.744378,0.829924,0.822553,0.582761,0.836456,0.533968,0.711793,0.747648,0.796082,0.617518,0.859827,0.522756,0.687060,0.763216,0.812154,0.693350,0.826320,0.844663,0.489866,0.904786,0.817256,0.619529,0.663556,0.831585,0.638075,0.631614,0.884884,0.903838,0.909874,0.634763,0.843388,0.904104,0.833896,0.860130,0.775889,0.788078,0.516854,0.731906,0.460544,0.596252,0.832047,0.613444,0.877433,0.730190,0.811691,0.669442,0.634354,0.874467,0.833743,0.777220,0.705945,0.910692,0.786049,0.592801,0.849503,0.846689,0.787254,0.879626,0.597826,0.883574,0.790569
0.561073,0.737658,0.457578,0.739569,0.476978,0.782405,0.785114,0.668686,0.741148,0.396095,0.471623,0.828743,0.000000,0.799896,0.785524,0.828495,0.452399,0.680944,0.693724,0.753457,0.833401,0.586943,0.424647,0.737797,0.561875,0.447401,0.719838,0.404993,0.757396,0.577301,0.575697,0.808475,0.815116,0.400911,0.779090,0.793511,0.742509,0.699639,0.753119,0.687327,0.470466,0.755010,0.408971,0.545249,0.729819,0.785629,0.739249,0.780365,0.787456,0.753814,0.682795,0.740754,0.784262,0.669303,0.694822,0.668021,0.591624,0.539788,0.488757,0.546460,0.501224,0.463991,0.593635,0.561682,0.736579,0.747569,0.841324,0.625757,0.787433,0.432230,0.834422,0.552847,0.458539,0.736527,0.479152,0.642215,0.650471,0.873878,0.716331,0.699626,0.711752,0.775821,0.454635,0.613157,0.739299,0.657108,0.868874,0.798882,0.453592,0.522918,0.768456,0.497618,0.619744,0.752557,0.512573,0.625259,0.585562,0.803886,0.789636,0.726170,0.855743,0.800470,0.567214,0.813595,0.810718,0.706481,0.479785,0.768321,0.737314,0.660637,0.752074,0.675065,0.777015,0.539982,0.821665,0.484843,0.791965,0.798285,0.535749,0.409088,0.850225,0.719785,0.844878,0.760107,0.469115,0.753095,0.734177,0.766852,0.753404,0.481526,0.502236,0.814271,0.829231,0.768587,0.757762,0.549641,0.846982,0.731804,0.868375,0.781350,0.790609,0.756936,0.503811,0.792556,0.772797,0.787292,0.757157,0.756361,0.546305,0.786908,0.614905,0.819259,0.747981,0.728993,0.716455,0.636603,0.535481,0.752593,0.861976,0.545492,0.564523,0.796727,0.835506,0.514134,0.736803,0.795433,0.485208,0.451064,0.507362,0.792118,0.580258,0.435151,0.520977,0.605877,0.732047,0.745727,0.762352,0.783961,0.810615,0.798138,0.583144,0.854699,0.576987,0.531688,0.654125,0.743242,0.694247,0.685820,0.517841,0.716547,0.815253,0.512472,0.693386,0.738221,0.605894,0.686731,0.525440,0.463976,0.817755,0.630383,0.624832
0.563691,0.537203,0.731615,0.761708,0.748249,0.460727,0.659929,0.682154,0.575824,0.777393,0.782959,0.762969,0.799896,0.000000,0.463278,0.726004,0.790961,0.572449,0.545142,0.633674,0.597297,0.817496,0.817881,0.529021,0.813800,0.808186,0.314904,0.756608,0.307142,0.838989,0.624692,0.774164,0.735127,0.790690,0.669847,0.779316,0.648532,0.796869,0.650639,0.614336,0.803003,0.871540,0.842046,0.744863,0.677886,0.359618,0.605330,0.659322,0.812492,0.679900,0.772618,0.342624,0.616152,0.587526,0.671677,0.429096,0.858621,0.681243,0.847029,0.713812,0.801958,0.818968,0.837939,0.834502,0.776442,0.658167,0.683863,0.724841,0.403136,0.789208,0.830937,0.747265,0.753993,0.623955,0.783245,0.582585,0.559431,0.725134,0.366453,0.518673,0.853859,0.599034,0.790863,0.868648,0.675821,0.619622,0.753443,0.538852,0.786716,0.825542,0.685432,0.787976,0.633041,0.712632,0.750914,0.621192,0.795250,0.758561,0.542419,0.423964,0.845202,0.788127,0.832785,0.706424,0.722556,0.900207,0.839636,0.293831,0.526936,0.626335,0.577979,0.545081,0.733225,0.875363,0.797611,0.815916,0.600756,0.563570,0.835114,0.797128,0.677758,0.664093,0.619700,0.736614,0.817092,0.462719,0.624994,0.388240,0.743881,0.757865,0.775515,0.681783,0.486647,0.594753,0.688471,0.680552,0.727537,0.567835,0.488354,0.812084,0.512414,0.564429,0.821967,0.721204,0.540394,0.775018,0.546079,0.342588,0.824077,0.567320,0.814572,0.770186,0.593278,0.526061,0.294609,0.640099,0.795320,0.604216,0.667737,0.770298,0.785665,0.545514,0.448131,0.824632,0.439507,0.749484,0.779423,0.820863,0.705678,0.628042,0.828132,0.788139,0.847560,0.787825,0.879030,0.308503,0.685262,0.593167,0.793473,0.696729,0.851408,0.712713,0.779043,0.834588,0.834996,0.583514,0.589248,0.524656,0.800065,0.365492,0.492058,0.806484,0.493628,0.862090,0.812400,0.638494,0.779464,0.761760,0.760949,0.841519,0.769623
0.565757,0.537578,0.714905,0.731271,0.750610,0.486613,0.728740,0.727196,0.589572,0.738651,0.783096,0.713168,0.785524,0.463278,0.000000,0.693935,0.747279,0.569038,0.586149,0.686484,0.637967,0.805106,0.777488,0.643273,0.769424,0.771829,0.406685,0.782845,0.367387,0.716810,0.623376,0.706409,0.692840,0.801133,0.690522,0.791501,0.687550,0.785369,0.774237,0.607378,0.733249,0.769602,0.736605,0.785466,0.726621,0.451270,0.734060,0.685906,0.758449,0.655846,0.692746,0.450564,0.731948,0.595439,0.693420,0.464262,0.779952,0.783630,0.786784,0.786621,0.777211,0.794393,0.809754,0.851082,0.751616,0.642776,0.565315,0.662089,0.405137,0.819897,0.725121,0.730401,0.753430,0.638576,0.781187,0.682305,0.571076,0.678862,0.450398,0.583838,0.786026,0.720018,0.754328,0.896182,0.697614,0.613657,0.806750,0.646980,0.811384,0.722946,0.672268,0.797472,0.681603,0.826045,0.714898,0.692518,0.773449,0.769790,0.599658,0.510710,0.808294,0.726642,0.821527,0.591883,0.786139,0.757563,0.775924,0.552367,0.632176,0.767028,0.685421,0.603340,0.756960,0.813192,0.712203,0.792986,0.704126,0.633619,0.798134,0.796614,0.731524,0.697964,0.734307,0.830836,0.784210,0.596242,0.726019,0.500623,0.732401,0.798983,0.798860,0.713815,0.542685,0.692108,0.690176,0.796775,0.735737,0.718830,0.572152,0.705526,0.595571,0.449568,0.755799,0.780333,0.556557,0.781009,0.645049,0.565689,0.811008,0.638585,0.799452,0.671957,0.685198,0.587851,0.499068,0.704374,0.817795,0.792460,0.684524,0.852997,0.861994,0.686430,0.491447,0.778091,0.568379,0.737149,0.729764,0.821016,0.719655,0.696634,0.738762,0.820278,0.825802,0.856268,0.813770,0.422220,0.743665,0.604593,0.859586,0.813963,0.801798,0.648216,0.773772,0.812151,0.803107,0.660803,0.665738,0.584307,0.804126,0.468837,0.601919,0.822699,0.572729,0.828967,0.795202,0.578596,0.777925,0.794944,0.589836,0.807887,0.823922
0.569630,0.388368,0.863532,0.435035,0.791398,0.711606,0.485665,0.687511,0.660434,0.848007,0.782888,0.469810,0.828495,0.726004,0.693935,0.000000,0.825994,0.535772,0.675630,0.566754,0.593169,0.935348,0.871433,0.520986,0.901160,0.886088,0.684497,0.860634,0.649105,0.774430,0.817572,0.448466,0.561130,0.895061,0.346782,0.587772,0.447805,0.623975,0.569742,0.652792,0.821246,0.759720,0.889613,0.815755,0.725152,0.702094,0.644966,0.513987,0.717176,0.547152,0.676926,0.677819,0.598463,0.562193,0.706249,0.776971,0.806973,0.815271,0.902367,0.849422,0.864458,0.889788,0.875137,0.931128,0.701921,0.567353,0.707571,0.797207,0.737047,0.849979,0.486695,0.892883,0.904171,0.608405,0.783238,0.644279,0.666036,0.735824,0.718106,0.676620,0.793208,0.616286,0.773963,0.831697,0.627554,0.842248,0.453377,0.641895,0.913032,0.904733,0.672442,0.870944,0.703097,0.634725,0.835863,0.772781,0.895229,0.734993,0.762247,0.700448,0.861880,0.536195,0.815330,0.612503,0.691854,0.752954,0.913506,0.774030,0.641634,0.637637,0.724200,0.653184,0.694621,0.889652,0.716541,0.843010,0.703481,0.676037,0.863804,0.936015,0.591024,0.716800,0.659704,0.562266,0.885525,0.681831,0.727097,0.781076,0.741053,0.881789,0.862102,0.558188,0.754487,0.776387,0.659827,0.812736,0.647050,0.660313,0.738957,0.657762,0.709932,0.845368,0.919803,0.689858,0.817775,0.660340,0.682668,0.691370,0.840024,0.565146,0.861829,0.684784,0.811137,0.786192,0.760193,0.735670,0.835322,0.834277,0.441237,0.854834,0.896321,0.494503,0.653290,0.863096,0.656926,0.602539,0.797129,0.888459,0.907259,0.688695,0.811955,0.928855,0.846513,0.900049,0.862654,0.764115,0.642026,0.574855,0.532812,0.643010,0.877755,0.538816,0.853694,0.765342,0.861244,0.667243,0.701566,0.827372,0.817173,0.742407,0.730592,0.943522,0.687159,0.761458,0.862678,0.768113,0.809622,0.884345,0.633891,0.871252,0.819978
0.569805,0.781087,0.321469,0.718343,0.348021,0.739681,0.817684,0.687906,0.760549,0.076718,0.258488,0.826276,0.452399,0.790961,0.747279,0.825994,0.000000,0.729120,0.764156,0.855317,0.811311,0.529767,0.486766,0.706041,0.351684,0.450206,0.751044,0.330813,0.645897,0.547889,0.468881,0.820286,0.877074,0.360366,0.765372,0.867008,0.766685,0.725850,0.821350,0.721324,0.392966,0.730642,0.414172,0.214444,0.751513,0.731306,0.726685,0.875512,0.707401,0.676370,0.761254,0.718150,0.831554,0.745412,0.725017,0.640725,0.603037,0.482238,0.485619,0.658215,0.326504,0.389813,0.580747,0.495595,0.761361,0.728606,0.833797,0.457315,0.781035,0.533809,0.816365,0.499128,0.434339,0.666113,0.322840,0.674405,0.655047,0.918589,0.688831,0.667995,0.747919,0.774261,0.291362,0.565329,0.642524,0.676270,0.877742,0.792473,0.412682,0.311215,0.636985,0.333458,0.653901,0.751233,0.392172,0.654075,0.347685,0.766830,0.804229,0.704357,0.871417,0.831169,0.509052,0.712395,0.838856,0.692664,0.415692,0.762037,0.777493,0.774847,0.834741,0.725042,0.786399,0.545129,0.686233,0.562064,0.842845,0.865326,0.512365,0.418888,0.809642,0.695245,0.819595,0.838588,0.405987,0.706044,0.786228,0.752214,0.727167,0.317514,0.335386,0.846846,0.765024,0.741355,0.750956,0.465851,0.821807,0.753692,0.827234,0.801119,0.784581,0.769665,0.454887,0.672500,0.760188,0.867236,0.700881,0.731275,0.491956,0.826564,0.625062,0.712382,0.656644,0.822713,0.742935,0.628977,0.481962,0.639760,0.827583,0.332063,0.623794,0.865360,0.800867,0.451090,0.745222,0.795223,0.571328,0.415274,0.466177,0.754664,0.352457,0.421246,0.477135,0.619224,0.667546,0.756089,0.822943,0.732939,0.827385,0.815387,0.452300,0.773623,0.428386,0.420983,0.539715,0.717282,0.740609,0.486001,0.594231,0.698632,0.826696,0.506157,0.650047,0.735421,0.632240,0.644598,0.561392,0.478582,0.682892,0.547691,0.523563
0.569915,0.427944,0.744086,0.548388,0.644956,0.561107,0.458388,0.590343,0.273350,0.715979,0.766634,0.647230,0.680944,0.572449,0.569038,0.535772,0.729120,0.000000,0.283549,0.651560,0.569071,0.809852,0.775758,0.300518,0.744802,0.703006,0.547333,0.692327,0.420863,0.766970,0.659250,0.611160,0.581246,0.722231,0.504432,0.647238,0.357352,0.581802,0.567380,0.318890,0.773842,0.864155,0.699834,0.710488,0.614975,0.448606,0.474525,0.619447,0.829706,0.431607,0.671302,0.543461,0.629252,0.064085,0.448831,0.603308,0.800721,0.696894,0.747742,0.801933,0.794714,0.777080,0.862019,0.689285,0.545251,0.393808,0.525433,0.770218,0.634728,0.788299,0.806612,0.826985,0.758278,0.377335,0.714756,0.366812,0.547373,0.555739,0.503450,0.407876,0.763814,0.449796,0.712143,0.899341,0.454676,0.726139,0.624676,0.368691,0.798134,0.794219,0.657976,0.739252,0.615040,0.548626,0.738056,0.707389,0.763887,0.672705,0.739392,0.301691,0.816483,0.688700,0.851938,0.604272,0.738162,0.795811,0.758084,0.607616,0.342878,0.703192,0.567382,0.714426,0.667931,0.756828,0.638020,0.803241,0.677064,0.691644,0.794787,0.737712,0.675278,0.689416,0.725440,0.630835,0.741299,0.425966,0.699864,0.627139,0.693897,0.700179,0.731269,0.587159,0.551701,0.745139,0.678764,0.695766,0.545235,0.632881,0.602680,0.681708,0.594851,0.723444,0.838990,0.715354,0.705358,0.534793,0.516027,0.521580,0.766834,0.624200,0.808351,0.773357,0.639384,0.757737,0.528952,0.514969,0.718816,0.692415,0.716225,0.708560,0.774463,0.737496,0.620083,0.782255,0.370165,0.487860,0.647352,0.823432,0.698704,0.630895,0.729379,0.762793,0.758947,0.749389,0.861726,0.565407,0.612962,0.546048,0.669966,0.688754,0.780598,0.647740,0.797399,0.756476,0.758595,0.412139,0.700529,0.686969,0.842260,0.523158,0.654211,0.785665,0.322215,0.825010,0.768179,0.699208,0.773901,0.747046,0.547790,0.810664,0.724708
0.569975,0.424854,0.753075,0.663771,0.701893,0.599768,0.531460,0.595578,0.104694,0.745794,0.789875,0.662324,0.693724,0.545142,0.586149,0.675630,0.764156,0.283549,0.000000,0.630539,0.571869,0.813850,0.768460,0.442842,0.815289,0.767794,0.544234,0.759085,0.501472,0.787544,0.720374,0.651529,0.588971,0.711809,0.616199,0.634397,0.477365,0.630210,0.585297,0.327913,0.804684,0.888707,0.765974,0.735371,0.600815,0.432114,0.509882,0.575616,0.803716,0.507026,0.731248,0.616434,0.628625,0.240347,0.407650,0.664093,0.859388,0.661738,0.771549,0.774836,0.788899,0.839384,0.831609,0.751272,0.618927,0.454794,0.506824,0.726640,0.657963,0.766218,0.842549,0.790032,0.722355,0.420619,0.787728,0.446951,0.660006,0.570240,0.464404,0.468649,0.785337,0.471557,0.816208,0.916422,0.527467,0.744737,0.658181,0.423232,0.803959,0.854447,0.732818,0.794829,0.594314,0.649624,0.777305,0.687214,0.814681,0.631078,0.724975,0.353285,0.789898,0.658209,0.840167,0.714297,0.694926,0.854373,0.785535,0.574094,0.221538,0.734031,0.528320,0.721331,0.668444,0.844826,0.666092,0.804956,0.652985,0.683459,0.852742,0.749895,0.645003,0.691518,0.732920,0.681797,0.775284,0.431589,0.686314,0.593932,0.716205,0.706250,0.715514,0.656913,0.571445,0.732736,0.617253,0.672946,0.541446,0.660419,0.577639,0.715041,0.596048,0.738506,0.835637,0.682862,0.698579,0.508553,0.620635,0.591050,0.823829,0.625016,0.848081,0.795229,0.626764,0.694771,0.520105,0.428561,0.775784,0.714734,0.760768,0.732415,0.776751,0.711924,0.674081,0.780428,0.354431,0.566239,0.720275,0.860646,0.642865,0.707713,0.774872,0.740991,0.785768,0.746157,0.779598,0.585330,0.652852,0.648492,0.704379,0.645523,0.820304,0.691000,0.826258,0.816069,0.742764,0.516428,0.667886,0.793904,0.819542,0.575129,0.660376,0.799817,0.389473,0.880922,0.784452,0.736565,0.756603,0.737246,0.702548,0.834705,0.744702
0.570503,0.435374,0.818869,0.677015,0.775549,0.678022,0.654743,0.690418,0.581164,0.854205,0.797016,0.560250,0.753457,0.633674,0.686484,0.566754,0.855317,0.651560,0.630539,0.000000,0.600354,0.826612,0.761060,0.745416,0.858409,0.817870,0.607316,0.796140,0.680217,0.644792,0.813669,0.609862,0.617215,0.833765,0.572406,0.646546,0.687843,0.646642,0.646805,0.708483,0.824617,0.696735,0.805605,0.860244,0.509395,0.617197,0.685225,0.410691,0.695856,0.684651,0.614472,0.616468,0.584660,0.682579,0.765982,0.662460,0.809733,0.733613,0.815593,0.816439,0.816961,0.827244,0.807662,0.836903,0.720016,0.722999,0.714997,0.706298,0.653790,0.799549,0.724293,0.781332,0.848060,0.712450,0.789610,0.803864,0.679597,0.759084,0.638509,0.783649,0.760229,0.707969,0.783244,0.782684,0.743831,0.758227,0.658359,0.695860,0.840074,0.902293,0.647491,0.829263,0.649409,0.733998,0.791382,0.636347,0.852831,0.752391,0.599728,0.674699,0.766336,0.652660,0.861463,0.799245,0.657525,0.788004,0.825334,0.628978,0.678671,0.592425,0.574953,0.626789,0.692187,0.736133,0.702574,0.800284,0.446498,0.516960,0.798585,0.880603,0.591632,0.585813,0.503120,0.630370,0.794166,0.720341,0.640976,0.610046,0.783367,0.907519,0.846346,0.690637,0.705656,0.584039,0.662206,0.714269,0.626580,0.563204,0.541499,0.759386,0.661985,0.699685,0.850318,0.579284,0.741449,0.718368,0.730404,0.620196,0.852744,0.620312,0.725970,0.670718,0.769694,0.659425,0.656169,0.743650,0.807073,0.769398,0.527240,0.867316,0.894347,0.468972,0.598119,0.774113,0.663325,0.761062,0.687837,0.834186,0.804751,0.666210,0.867057,0.867253,0.842028,0.872446,0.763618,0.629465,0.669761,0.708078,0.670172,0.642605,0.823103,0.625598,0.841289,0.704539,0.844543,0.747823,0.635810,0.781406,0.780074,0.620785,0.517613,0.885896,0.719139,0.702060,0.781375,0.775249,0.765562,0.776543,0.773589,0.860308,0.654396
0.571987,0.399811,0.808179,0.601233,0.831309,0.606294,0.537746,0.708460,0.530616,0.832666,0.837110,0.501132,0.833401,0.597297,0.637967,0.593169,0.811311,0.569071,0.571869,0.600354,0.000000,0.946022,0.904116,0.568391,0.840722,0.893956,0.525472,0.897494,0.464939,0.732678,0.750768,0.522431,0.547378,0.913566,0.572542,0.431501,0.544859,0.656509,0.589133,0.406430,0.874797,0.873201,0.907453,0.753317,0.650087,0.465488,0.605361,0.572030,0.648429,0.473971,0.658199,0.614787,0.580595,0.618302,0.455561,0.718748,0.828310,0.819208,0.906609,0.844469,0.861566,0.908090,0.855433,0.841263,0.765613,0.464113,0.516946,0.734733,0.560656,0.897174,0.754357,0.892069,0.894058,0.475559,0.805880,0.683738,0.612845,0.516054,0.522272,0.519620,0.615964,0.587103,0.821670,0.899060,0.531218,0.705973,0.515399,0.519726,0.870230,0.868270,0.560194,0.854957,0.671752,0.717677,0.819733,0.714311,0.866586,0.670142,0.645734,0.552294,0.772684,0.563328,0.839724,0.620595,0.583020,0.783492,0.900275,0.584456,0.573416,0.663173,0.627501,0.678239,0.772119,0.919490,0.698936,0.845003,0.622445,0.614173,0.889336,0.853797,0.586974,0.574511,0.639057,0.585330,0.908580,0.553937,0.752820,0.638737,0.768500,0.842421,0.879497,0.681246,0.597268,0.691811,0.623879,0.811609,0.661211,0.651994,0.586727,0.688445,0.630292,0.744421,0.845336,0.655879,0.748516,0.458066,0.585454,0.636726,0.782545,0.557386,0.885591,0.676050,0.659537,0.776359,0.575944,0.686670,0.852460,0.696706,0.593316,0.784434,0.797039,0.575307,0.599748,0.862268,0.495062,0.608261,0.863562,0.896506,0.916451,0.477340,0.780621,0.886938,0.859706,0.883221,0.819237,0.595636,0.572722,0.603299,0.571814,0.645379,0.861731,0.593581,0.870086,0.800483,0.834963,0.593519,0.653645,0.699989,0.856110,0.613639,0.698139,0.920735,0.618968,0.717637,0.870172,0.717657,0.829215,0.843506,0.666523,0.835500,0.853561
0.574634,0.824872,0.456585,0.827261,0.533629,0.812268,0.914616,0.710037,0.822732,0.493626,0.520984,0.874076,0.586943,0.817496,0.805106,0.935348,0.529767,0.809852,0.813850,0.826612,0.946022,0.000000,0.435223,0.837439,0.581116,0.501185,0.887725,0.493029,0.832799,0.675747,0.619591,0.921667,0.965252,0.472350,0.915540,0.917835,0.884723,0.802950,0.907110,0.810879,0.534942,0.710107,0.492177,0.603528,0.783127,0.869721,0.843069,0.908475,0.777919,0.828775,0.798773,0.817703,0.899461,0.830992,0.788124,0.769452,0.649538,0.591324,0.488615,0.643406,0.471958,0.433405,0.422694,0.663061,0.749265,0.837041,0.851195,0.685850,0.921848,0.465392,0.943723,0.613676,0.576576,0.842948,0.572838,0.798633,0.789762,0.875689,0.822416,0.812431,0.719037,0.866738,0.561260,0.650300,0.813082,0.794947,0.926409,0.888978,0.504993,0.555579,0.840999,0.520341,0.819344,0.822204,0.615340,0.739786,0.575477,0.851474,0.783701,0.844636,0.862450,0.836099,0.600139,0.850626,0.905521,0.694425,0.498043,0.866932,0.864152,0.845970,0.894925,0.849248,0.775242,0.488632,0.759649,0.584431,0.846110,0.891174,0.536621,0.581430,0.882224,0.864433,0.881864,0.806686,0.533975,0.827756,0.837647,0.847241,0.797301,0.540306,0.524368,0.936696,0.856520,0.814017,0.809564,0.612300,0.880537,0.824524,0.906717,0.790915,0.875911,0.800889,0.552742,0.823849,0.805616,0.882008,0.851544,0.840698,0.614744,0.950389,0.614736,0.844275,0.842748,0.858106,0.842298,0.773561,0.627567,0.786617,0.907930,0.642881,0.683815,0.919028,0.850802,0.563648,0.886580,0.858496,0.616569,0.547058,0.653435,0.934410,0.586415,0.542149,0.513337,0.681243,0.746795,0.832940,0.880282,0.895237,0.896130,0.963517,0.591937,0.958330,0.571308,0.614280,0.646217,0.849346,0.809139,0.741203,0.574919,0.818760,0.833000,0.477955,0.826496,0.757933,0.624461,0.799891,0.666407,0.584390,0.786179,0.611582,0.578445
