0.000000,0.299648,0.517328,0.519444,0.532930,0.542953,0.543597,0.549619,0.550753,0.550866,0.553845,0.560377,0.561073,0.563691,0.565757,0.569630,0.569805,0.569915,0.569975,0.570503,0.571987,0.574634,0.574761,0.575499,0.576467,0.578444,0.578701,0.578726,0.579135,0.579742,0.580407,0.581622,0.583236,0.583296,0.584250,0.584337,0.586391,0.588645,0.588748,0.589118,0.592815,0.593389,0.593650,0.594224,0.595493,0.595770,0.596655,0.598417,0.599147,0.599335,0.600852,0.600952,0.601444,0.601923,0.602024,0.602676,0.602706,0.603025,0.603057,0.603180,0.603469,0.603503,0.603968,0.604032,0.604177,0.605057,0.605105,0.605160,0.605185,0.605257,0.606463,0.606769,0.607118,0.607890,0.608026,0.608800,0.609299,0.610094,0.610337,0.610426,0.610503,0.611568,0.611737,0.612091,0.612721,0.612939,0.613263,0.613403,0.614132,0.615117,0.615401,0.616449,0.616535,0.616740,0.616807,0.616876,0.617143,0.617196,0.618583,0.618606,0.618770
0.299648,0.000000,0.751647,0.464933,0.747284,0.541113,0.387563,0.542548,0.421537,0.788541,0.762747,0.407314,0.737658,0.537203,0.537578,0.388368,0.781087,0.427944,0.424854,0.435374,0.399811,0.824872,0.808326,0.465978,0.785116,0.773429,0.464080,0.798968,0.515456,0.626028,0.682599,0.401684,0.451003,0.806445,0.437396,0.461648,0.395722,0.555212,0.481508,0.471447,0.832886,0.682530,0.820295,0.754033,0.516702,0.503516,0.524627,0.390976,0.631982,0.398488,0.575457,0.564560,0.422946,0.463916,0.552412,0.590742,0.773025,0.680860,0.815015,0.783216,0.832748,0.846233,0.746545,0.804556,0.568524,0.471832,0.465703,0.708390,0.574999,0.807832,0.557332,0.807141,0.813788,0.505880,0.754857,0.554295,0.596206,0.552386,0.534185,0.543314,0.694581,0.446727,0.744238,0.801881,0.506400,0.673509,0.425509,0.500729,0.832327,0.834677,0.544876,0.802386,0.603178,0.568068,0.791394,0.699764,0.823626,0.649269,0.544952,0.521756,0.719242
0.517328,0.751647,0.000000,0.633997,0.392032,0.671961,0.818502,0.682060,0.765938,0.273223,0.315353,0.846577,0.457578,0.731615,0.714905,0.863532,0.321469,0.744086,0.753075,0.818869,0.808179,0.456585,0.377970,0.726151,0.398365,0.448682,0.703577,0.340783,0.680548,0.625087,0.408095,0.879208,0.864571,0.330940,0.800659,0.834229,0.780829,0.746210,0.812407,0.726331,0.384417,0.674781,0.476924,0.358316,0.745083,0.717460,0.756733,0.896988,0.737635,0.718586,0.739715,0.676722,0.786898,0.763885,0.725210,0.548694,0.581847,0.484000,0.404553,0.563426,0.305229,0.321336,0.498137,0.535426,0.701051,0.733404,0.752263,0.525304,0.717038,0.381635,0.808479,0.511729,0.456297,0.733986,0.453772,0.657145,0.606608,0.799654,0.717689,0.707533,0.633038,0.806428,0.450318,0.437806,0.705606,0.614069,0.876851,0.832498,0.378752,0.363577,0.614010,0.306083,0.655511,0.728022,0.375482,0.629454,0.380650,0.732718,0.701996,0.688108,0.748459
0.519444,0.464933,0.633997,0.000000,0.667186,0.710450,0.484668,0.685017,0.654947,0.679100,0.683636,0.502742,0.739569,0.761708,0.731271,0.435035,0.718343,0.548388,0.663771,0.677015,0.601233,0.827261,0.750796,0.561718,0.716158,0.743166,0.742112,0.710378,0.697587,0.751644,0.716946,0.431067,0.568830,0.743337,0.443506,0.609883,0.453226,0.562056,0.646852,0.620024,0.721496,0.749533,0.763466,0.658347,0.660573,0.654612,0.642133,0.617256,0.757401,0.578204,0.718329,0.672749,0.640427,0.583544,0.625038,0.751821,0.729529,0.745413,0.775167,0.760269,0.754297,0.716512,0.748884,0.794717,0.691932,0.606350,0.690213,0.754243,0.771149,0.787003,0.676076,0.772681,0.760274,0.638861,0.705571,0.590800,0.647311,0.661277,0.785860,0.732270,0.670021,0.576206,0.742659,0.750887,0.622243,0.753164,0.421099,0.665583,0.725553,0.721782,0.597407,0.658105,0.679252,0.627049,0.682926,0.716115,0.682666,0.651553,0.762261,0.721526,0.822168
0.532930,0.747284,0.392032,0.667186,0.000000,0.696497,0.766659,0.657338,0.684352,0.327881,0.367824,0.822844,0.476978,0.748249,0.750610,0.791398,0.348021,0.644956,0.701893,0.775549,0.831309,0.533629,0.392539,0.710085,0.347445,0.450520,0.721517,0.393600,0.666541,0.596309,0.532792,0.805979,0.813102,0.410396,0.753725,0.854896,0.718436,0.667098,0.715851,0.712335,0.363816,0.739424,0.399600,0.405660,0.710617,0.754689,0.701015,0.851811,0.808024,0.762505,0.710182,0.708207,0.856277,0.669896,0.701368,0.583261,0.604821,0.608771,0.512327,0.553873,0.397382,0.413021,0.651078,0.523912,0.681285,0.767730,0.809001,0.550242,0.785636,0.491924,0.879892,0.511571,0.485297,0.695939,0.421645,0.670701,0.654474,0.830319,0.728828,0.697648,0.710401,0.741182,0.389115,0.527666,0.723167,0.638094,0.834190,0.792521,0.474293,0.421653,0.714871,0.384792,0.587721,0.679912,0.453927,0.651862,0.376312,0.696110,0.731972,0.646783,0.927221
0.542953,0.541113,0.671961,0.710450,0.696497,0.000000,0.706597,0.703174,0.578606,0.728269,0.716204,0.732448,0.782405,0.460727,0.486613,0.711606,0.739681,0.561107,0.599768,0.678022,0.606294,0.812268,0.753819,0.591838,0.756525,0.792702,0.354059,0.792383,0.322930,0.742365,0.610976,0.747667,0.670074,0.816847,0.725794,0.788038,0.674008,0.769574,0.733504,0.583523,0.782809,0.844828,0.786134,0.705119,0.768869,0.355623,0.656157,0.756186,0.727655,0.615119,0.749713,0.471425,0.678977,0.628176,0.662244,0.432522,0.866245,0.729185,0.705147,0.712259,0.724675,0.790808,0.718287,0.745447,0.754685,0.624521,0.660695,0.713398,0.474453,0.798577,0.744471,0.758149,0.756630,0.616310,0.769947,0.620072,0.513467,0.725192,0.443347,0.550341,0.819897,0.619608,0.751544,0.803523,0.608122,0.668113,0.794751,0.643382,0.774179,0.715610,0.600585,0.733731,0.699667,0.702045,0.675532,0.716537,0.743055,0.795191,0.611507,0.394423,0.750553
0.543597,0.387563,0.818502,0.484668,0.766659,0.706597,0.000000,0.639247,0.536563,0.842780,0.831531,0.515422,0.785114,0.659929,0.728740,0.485665,0.817684,0.458388,0.531460,0.654743,0.537746,0.914616,0.867211,0.334780,0.806852,0.818162,0.708634,0.821709,0.652704,0.756988,0.787331,0.419172,0.586155,0.874160,0.376250,0.578788,0.096979,0.617269,0.412429,0.608487,0.884438,0.831377,0.820527,0.828336,0.602064,0.562135,0.448124,0.561703,0.696379,0.594568,0.677253,0.647296,0.534914,0.450838,0.656470,0.731757,0.783867,0.801042,0.849950,0.801971,0.863878,0.880847,0.865269,0.874355,0.607873,0.627543,0.646476,0.857185,0.720252,0.864654,0.736703,0.822312,0.831507,0.648708,0.784088,0.407186,0.660811,0.635313,0.700730,0.663016,0.798180,0.483161,0.829844,0.836390,0.649054,0.770562,0.360145,0.620626,0.831116,0.873113,0.761323,0.825788,0.670530,0.351781,0.814578,0.724989,0.814216,0.484808,0.750526,0.537880,0.789967
0.549619,0.542548,0.682060,0.685017,0.657338,0.703174,0.639247,0.000000,0.600983,0.639003,0.611740,0.768992,0.668686,0.682154,0.727196,0.687511,0.687906,0.590343,0.595578,0.690418,0.708460,0.710037,0.665936,0.664740,0.746420,0.737288,0.621203,0.698305,0.657009,0.748815,0.715995,0.676817,0.744954,0.671921,0.624587,0.820560,0.631587,0.684447,0.742948,0.725468,0.596003,0.804153,0.705285,0.677622,0.617596,0.657299,0.616564,0.670534,0.828417,0.653847,0.666985,0.661436,0.706608,0.600213,0.716141,0.616608,0.749095,0.689853,0.744119,0.668199,0.643542,0.721383,0.728021,0.696860,0.533105,0.684060,0.648276,0.712430,0.684657,0.679247,0.755857,0.752684,0.708871,0.710389,0.706673,0.634120,0.639301,0.698929,0.696343,0.696820,0.781258,0.628235,0.662425,0.727731,0.684532,0.760683,0.821318,0.778499,0.657984,0.685750,0.678368,0.702659,0.660643,0.649265,0.683188,0.676415,0.775040,0.799648,0.685482,0.628117,0.851813
0.550753,0.421537,0.765938,0.654947,0.684352,0.578606,0.536563,0.600983,0.000000,0.778920,0.781454,0.595041,0.741148,0.575824,0.589572,0.660434,0.760549,0.273350,0.104694,0.581164,0.530616,0.822732,0.764553,0.496801,0.791496,0.789402,0.568957,0.798261,0.499542,0.786724,0.783679,0.654681,0.576744,0.759741,0.594512,0.589536,0.505810,0.674848,0.624452,0.386621,0.811528,0.875635,0.789984,0.724750,0.562291,0.471639,0.446688,0.552345,0.769060,0.505138,0.707073,0.580663,0.612429,0.359623,0.452227,0.647478,0.845352,0.740672,0.773860,0.767335,0.781242,0.858171,0.856969,0.752784,0.598363,0.438851,0.524578,0.712097,0.613131,0.826798,0.854064,0.779832,0.791969,0.411196,0.781255,0.555630,0.617474,0.550564,0.464847,0.462021,0.745716,0.516489,0.792010,0.876196,0.524906,0.779107,0.657485,0.374660,0.826983,0.853781,0.658494,0.794303,0.579878,0.626998,0.770100,0.622457,0.810941,0.621300,0.743010,0.364629,0.777950
0.550866,0.788541,0.273223,0.679100,0.327881,0.728269,0.842780,0.639003,0.778920,0.000000,0.218349,0.831235,0.396095,0.777393,0.738651,0.848007,0.076718,0.715979,0.745794,0.854205,0.832666,0.493626,0.429184,0.717175,0.356543,0.405100,0.736913,0.287014,0.661106,0.573251,0.410176,0.809995,0.836766,0.315469,0.779954,0.863877,0.791772,0.669743,0.822573,0.719643,0.345626,0.702765,0.369546,0.195645,0.770655,0.751100,0.753715,0.896644,0.718477,0.709403,0.767674,0.701867,0.857120,0.720114,0.716711,0.632561,0.578641,0.381302,0.469768,0.591381,0.300828,0.343759,0.552533,0.465730,0.735321,0.742411,0.842960,0.445940,0.760905,0.436709,0.832303,0.469355,0.373558,0.681911,0.306373,0.679009,0.651836,0.904535,0.703343,0.678529,0.731860,0.741914,0.297917,0.522921,0.665882,0.664295,0.883656,0.829580,0.335894,0.286565,0.667736,0.294316,0.664840,0.771280,0.353834,0.657249,0.329887,0.738890,0.779092,0.705370,0.848722
0.553845,0.762747,0.315353,0.683636,0.367824,0.716204,0.831531,0.611740,0.781454,0.218349,0.000000,0.793096,0.471623,0.782959,0.783096,0.782888,0.258488,0.766634,0.789875,0.797016,0.837110,0.520984,0.359840,0.751671,0.414926,0.499299,0.750639,0.373149,0.705392,0.629534,0.555872,0.841609,0.852755,0.444804,0.717211,0.859316,0.789799,0.760235,0.805604,0.767042,0.277717,0.670736,0.474389,0.293751,0.739103,0.802546,0.809388,0.861477,0.724043,0.729530,0.789805,0.675351,0.856438,0.796794,0.761326,0.638668,0.557635,0.538091,0.471218,0.542751,0.345083,0.335460,0.582583,0.614328,0.673517,0.754190,0.850376,0.474705,0.763983,0.494517,0.794431,0.550401,0.494315,0.713840,0.323865,0.732413,0.658847,0.904884,0.759741,0.714481,0.688729,0.839003,0.321183,0.472719,0.697367,0.717885,0.852973,0.878050,0.342964,0.299470,0.687876,0.372364,0.661533,0.734139,0.327452,0.582757,0.365235,0.772114,0.761095,0.730543,0.825449
0.560377,0.407314,0.846577,0.502742,0.822844,0.732448,0.515422,0.768992,0.595041,0.831235,0.793096,0.000000,0.828743,0.762969,0.713168,0.469810,0.826276,0.647230,0.662324,0.560250,0.501132,0.874076,0.868806,0.674872,0.885551,0.863239,0.699187,0.852250,0.712844,0.692911,0.848866,0.342285,0.444517,0.882100,0.483912,0.425158,0.561217,0.632862,0.619044,0.583533,0.842353,0.714117,0.857202,0.794841,0.610218,0.684169,0.571538,0.518663,0.602055,0.535376,0.536678,0.743571,0.502526,0.696558,0.548792,0.832826,0.760842,0.798976,0.883933,0.837137,0.894719,0.876774,0.836475,0.877575,0.745099,0.499298,0.659403,0.708484,0.623554,0.907377,0.633310,0.843938,0.889150,0.535415,0.794372,0.776820,0.736201,0.614597,0.660610,0.597971,0.632427,0.623455,0.819864,0.814943,0.600003,0.837570,0.411424,0.647240,0.894623,0.819621,0.671280,0.870399,0.640612,0.690318,0.802117,0.675503,0.873993,0.606376,0.735089,0.728117,0.776111
0.561073,0.737658,0.457578,0.739569,0.476978,0.782405,0.785114,0.668686,0.741148,0.396095,0.471623,0.828743,0.000000,0.799896,0.785524,0.828495,0.452399,0.680944,0.693724,0.753457,0.833401,0.586943,0.424647,0.737797,0.561875,0.447401,0.719838,0.404993,0.757396,0.577301,0.575697,0.808475,0.815116,0.400911,0.779090,0.793511,0.742509,0.699639,0.753119,0.687327,0.470466,0.755010,0.408971,0.545249,0.729819,0.785629,0.739249,0.780365,0.787456,0.753814,0.682795,0.740754,0.784262,0.669303,0.694822,0.668021,0.591624,0.539788,0.488757,0.546460,0.501224,0.463991,0.593635,0.561682,0.736579,0.747569,0.841324,0.625757,0.787433,0.432230,0.834422,0.552847,0.458539,0.736527,0.479152,0.642215,0.650471,0.873878,0.716331,0.699626,0.711752,0.775821,0.454635,0.613157,0.739299,0.657108,0.868874,0.798882,0.453592,0.522918,0.768456,0.497618,0.619744,0.752557,0.512573,0.625259,0.585562,0.803886,0.789636,0.726170,0.855743
0.563691,0.537203,0.731615,0.761708,0.748249,0.460727,0.659929,0.682154,0.575824,0.777393,0.782959,0.762969,0.799896,0.000000,0.463278,0.726004,0.790961,0.572449,0.545142,0.633674,0.597297,0.817496,0.817881,0.529021,0.813800,0.808186,0.314904,0.756608,0.307142,0.838989,0.624692,0.774164,0.735127,0.790690,0.669847,0.779316,0.648532,0.796869,0.650639,0.614336,0.803003,0.871540,0.842046,0.744863,0.677886,0.359618,0.605330,0.659322,0.812492,0.679900,0.772618,0.342624,0.616152,0.587526,0.671677,0.429096,0.858621,0.681243,0.847029,0.713812,0.801958,0.818968,0.837939,0.834502,0.776442,0.658167,0.683863,0.724841,0.403136,0.789208,0.830937,0.747265,0.753993,0.623955,0.783245,0.582585,0.559431,0.725134,0.366453,0.518673,0.853859,0.599034,0.790863,0.868648,0.675821,0.619622,0.753443,0.538852,0.786716,0.825542,0.685432,0.787976,0.633041,0.712632,0.750914,0.621192,0.795250,0.758561,0.542419,0.423964,0.845202
0.565757,0.537578,0.714905,0.731271,0.750610,0.486613,0.728740,0.727196,0.589572,0.738651,0.783096,0.713168,0.785524,0.463278,0.000000,0.693935,0.747279,0.569038,0.586149,0.686484,0.637967,0.805106,0.777488,0.643273,0.769424,0.771829,0.406685,0.782845,0.367387,0.716810,0.623376,0.706409,0.692840,0.801133,0.690522,0.791501,0.687550,0.785369,0.774237,0.607378,0.733249,0.769602,0.736605,0.785466,0.726621,0.451270,0.734060,0.685906,0.758449,0.655846,0.692746,0.450564,0.731948,0.595439,0.693420,0.464262,0.779952,0.783630,0.786784,0.786621,0.777211,0.794393,0.809754,0.851082,0.751616,0.642776,0.565315,0.662089,0.405137,0.819897,0.725121,0.730401,0.753430,0.638576,0.781187,0.682305,0.571076,0.678862,0.450398,0.583838,0.786026,0.720018,0.754328,0.896182,0.697614,0.613657,0.806750,0.646980,0.811384,0.722946,0.672268,0.797472,0.681603,0.826045,0.714898,0.692518,0.773449,0.769790,0.599658,0.510710,0.808294
0.569630,0.388368,0.863532,0.435035,0.791398,0.711606,0.485665,0.687511,0.660434,0.848007,0.782888,0.469810,0.828495,0.726004,0.693935,0.000000,0.825994,0.535772,0.675630,0.566754,0.593169,0.935348,0.871433,0.520986,0.901160,0.886088,0.684497,0.860634,0.649105,0.774430,0.817572,0.448466,0.561130,0.895061,0.346782,0.587772,0.447805,0.623975,0.569742,0.652792,0.821246,0.759720,0.889613,0.815755,0.725152,0.702094,0.644966,0.513987,0.717176,0.547152,0.676926,0.677819,0.598463,0.562193,0.706249,0.776971,0.806973,0.815271,0.902367,0.849422,0.864458,0.889788,0.875137,0.931128,0.701921,0.567353,0.707571,0.797207,0.737047,0.849979,0.486695,0.892883,0.904171,0.608405,0.783238,0.644279,0.666036,0.735824,0.718106,0.676620,0.793208,0.616286,0.773963,0.831697,0.627554,0.842248,0.453377,0.641895,0.913032,0.904733,0.672442,0.870944,0.703097,0.634725,0.835863,0.772781,0.895229,0.734993,0.762247,0.700448,0.861880
0.569805,0.781087,0.321469,0.718343,0.348021,0.739681,0.817684,0.687906,0.760549,0.076718,0.258488,0.826276,0.452399,0.790961,0.747279,0.825994,0.000000,0.729120,0.764156,0.855317,0.811311,0.529767,0.486766,0.706041,0.351684,0.450206,0.751044,0.330813,0.645897,0.547889,0.468881,0.820286,0.877074,0.360366,0.765372,0.867008,0.766685,0.725850,0.821350,0.721324,0.392966,0.730642,0.414172,0.214444,0.751513,0.731306,0.726685,0.875512,0.707401,0.676370,0.761254,0.718150,0.831554,0.745412,0.725017,0.640725,0.603037,0.482238,0.485619,0.658215,0.326504,0.389813,0.580747,0.495595,0.761361,0.728606,0.833797,0.457315,0.781035,0.533809,0.816365,0.499128,0.434339,0.666113,0.322840,0.674405,0.655047,0.918589,0.688831,0.667995,0.747919,0.774261,0.291362,0.565329,0.642524,0.676270,0.877742,0.792473,0.412682,0.311215,0.636985,0.333458,0.653901,0.751233,0.392172,0.654075,0.347685,0.766830,0.804229,0.704357,0.871417
0.569915,0.427944,0.744086,0.548388,0.644956,0.561107,0.458388,0.590343,0.273350,0.715979,0.766634,0.647230,0.680944,0.572449,0.569038,0.535772,0.729120,0.000000,0.283549,0.651560,0.569071,0.809852,0.775758,0.300518,0.744802,0.703006,0.547333,0.692327,0.420863,0.766970,0.659250,0.611160,0.581246,0.722231,0.504432,0.647238,0.357352,0.581802,0.567380,0.318890,0.773842,0.864155,0.699834,0.710488,0.614975,0.448606,0.474525,0.619447,0.829706,0.431607,0.671302,0.543461,0.629252,0.064085,0.448831,0.603308,0.800721,0.696894,0.747742,0.801933,0.794714,0.777080,0.862019,0.689285,0.545251,0.393808,0.525433,0.770218,0.634728,0.788299,0.806612,0.826985,0.758278,0.377335,0.714756,0.366812,0.547373,0.555739,0.503450,0.407876,0.763814,0.449796,0.712143,0.899341,0.454676,0.726139,0.624676,0.368691,0.798134,0.794219,0.657976,0.739252,0.615040,0.548626,0.738056,0.707389,0.763887,0.672705,0.739392,0.301691,0.816483
0.569975,0.424854,0.753075,0.663771,0.701893,0.599768,0.531460,0.595578,0.104694,0.745794,0.789875,0.662324,0.693724,0.545142,0.586149,0.675630,0.764156,0.283549,0.000000,0.630539,0.571869,0.813850,0.768460,0.442842,0.815289,0.767794,0.544234,0.759085,0.501472,0.787544,0.720374,0.651529,0.588971,0.711809,0.616199,0.634397,0.477365,0.630210,0.585297,0.327913,0.804684,0.888707,0.765974,0.735371,0.600815,0.432114,0.509882,0.575616,0.803716,0.507026,0.731248,0.616434,0.628625,0.240347,0.407650,0.664093,0.859388,0.661738,0.771549,0.774836,0.788899,0.839384,0.831609,0.751272,0.618927,0.454794,0.506824,0.726640,0.657963,0.766218,0.842549,0.790032,0.722355,0.420619,0.787728,0.446951,0.660006,0.570240,0.464404,0.468649,0.785337,0.471557,0.816208,0.916422,0.527467,0.744737,0.658181,0.423232,0.803959,0.854447,0.732818,0.794829,0.594314,0.649624,0.777305,0.687214,0.814681,0.631078,0.724975,0.353285,0.789898
0.570503,0.435374,0.818869,0.677015,0.775549,0.678022,0.654743,0.690418,0.581164,0.854205,0.797016,0.560250,0.753457,0.633674,0.686484,0.566754,0.855317,0.651560,0.630539,0.000000,0.600354,0.826612,0.761060,0.745416,0.858409,0.817870,0.607316,0.796140,0.680217,0.644792,0.813669,0.609862,0.617215,0.833765,0.572406,0.646546,0.687843,0.646642,0.646805,0.708483,0.824617,0.696735,0.805605,0.860244,0.509395,0.617197,0.685225,0.410691,0.695856,0.684651,0.614472,0.616468,0.584660,0.682579,0.765982,0.662460,0.809733,0.733613,0.815593,0.816439,0.816961,0.827244,0.807662,0.836903,0.720016,0.722999,0.714997,0.706298,0.653790,0.799549,0.724293,0.781332,0.848060,0.712450,0.789610,0.803864,0.679597,0.759084,0.638509,0.783649,0.760229,0.707969,0.783244,0.782684,0.743831,0.758227,0.658359,0.695860,0.840074,0.902293,0.647491,0.829263,0.649409,0.733998,0.791382,0.636347,0.852831,0.752391,0.599728,0.674699,0.766336
0.571987,0.399811,0.808179,0.601233,0.831309,0.606294,0.537746,0.708460,0.530616,0.832666,0.837110,0.501132,0.833401,0.597297,0.637967,0.593169,0.811311,0.569071,0.571869,0.600354,0.000000,0.946022,0.904116,0.568391,0.840722,0.893956,0.525472,0.897494,0.464939,0.732678,0.750768,0.522431,0.547378,0.913566,0.572542,0.431501,0.544859,0.656509,0.589133,0.406430,0.874797,0.873201,0.907453,0.753317,0.650087,0.465488,0.605361,0.572030,0.648429,0.473971,0.658199,0.614787,0.580595,0.618302,0.455561,0.718748,0.828310,0.819208,0.906609,0.844469,0.861566,0.908090,0.855433,0.841263,0.765613,0.464113,0.516946,0.734733,0.560656,0.897174,0.754357,0.892069,0.894058,0.475559,0.805880,0.683738,0.612845,0.516054,0.522272,0.519620,0.615964,0.587103,0.821670,0.899060,0.531218,0.705973,0.515399,0.519726,0.870230,0.868270,0.560194,0.854957,0.671752,0.717677,0.819733,0.714311,0.866586,0.670142,0.645734,0.552294,0.772684
0.574634,0.824872,0.456585,0.827261,0.533629,0.812268,0.914616,0.710037,0.822732,0.493626,0.520984,0.874076,0.586943,0.817496,0.805106,0.935348,0.529767,0.809852,0.813850,0.826612,0.946022,0.000000,0.435223,0.837439,0.581116,0.501185,0.887725,0.493029,0.832799,0.675747,0.619591,0.921667,0.965252,0.472350,0.915540,0.917835,0.884723,0.802950,0.907110,0.810879,0.534942,0.710107,0.492177,0.603528,0.783127,0.869721,0.843069,0.908475,0.777919,0.828775,0.798773,0.817703,0.899461,0.830992,0.788124,0.769452,0.649538,0.591324,0.488615,0.643406,0.471958,0.433405,0.422694,0.663061,0.749265,0.837041,0.851195,0.685850,0.921848,0.465392,0.943723,0.613676,0.576576,0.842948,0.572838,0.798633,0.789762,0.875689,0.822416,0.812431,0.719037,0.866738,0.561260,0.650300,0.813082,0.794947,0.926409,0.888978,0.504993,0.555579,0.840999,0.520341,0.819344,0.822204,0.615340,0.739786,0.575477,0.851474,0.783701,0.844636,0.862450
0.574761,0.808326,0.377970,0.750796,0.392539,0.753819,0.867211,0.665936,0.764553,0.429184,0.359840,0.868806,0.424647,0.817881,0.777488,0.871433,0.486766,0.775758,0.768460,0.761060,0.904116,0.435223,0.000000,0.795988,0.530205,0.426398,0.811562,0.426630,0.819897,0.613889,0.593862,0.878380,0.840044,0.387677,0.839492,0.899062,0.840234,0.745577,0.857827,0.811970,0.320596,0.639782,0.465782,0.545223,0.670386,0.841039,0.753617,0.888290,0.732655,0.817157,0.779817,0.779497,0.772362,0.786779,0.799732,0.693733,0.535150,0.542784,0.422951,0.466199,0.397541,0.304794,0.554869,0.677460,0.685629,0.863201,0.849733,0.670966,0.829854,0.342239,0.893225,0.558616,0.546186,0.822281,0.484084,0.752278,0.683057,0.871432,0.812381,0.838428,0.625076,0.855053,0.479457,0.499849,0.805533,0.760944,0.952024,0.881799,0.434316,0.498360,0.723597,0.451300,0.727581,0.706934,0.511365,0.539676,0.553577,0.736022,0.798934,0.767237,0.838223
0.575499,0.465978,0.726151,0.561718,0.710085,0.591838,0.334780,0.664740,0.496801,0.717175,0.751671,0.674872,0.737797,0.529021,0.643273,0.520986,0.706041,0.300518,0.442842,0.745416,0.568391,0.837439,0.795988,0.000000,0.809486,0.773071,0.550660,0.727870,0.416508,0.784101,0.635195,0.625388,0.648562,0.727312,0.470584,0.696498,0.260177,0.646028,0.508497,0.473066,0.785238,0.850700,0.786746,0.705603,0.742884,0.508488,0.449237,0.706643,0.832668,0.467722,0.774275,0.537471,0.559870,0.289747,0.564548,0.608261,0.813058,0.702543,0.778301,0.787921,0.785639,0.786973,0.840193,0.759313,0.601186,0.479505,0.563336,0.791656,0.657254,0.816319,0.777285,0.810137,0.743601,0.453332,0.771495,0.285784,0.614130,0.595237,0.631828,0.458458,0.824033,0.415004,0.773363,0.881626,0.478072,0.721804,0.569991,0.539939,0.800329,0.772517,0.658893,0.765147,0.659262,0.455786,0.708703,0.750684,0.822852,0.665979,0.784330,0.416811,0.832746
0.576467,0.785116,0.398365,0.716158,0.347445,0.756525,0.806852,0.746420,0.791496,0.356543,0.414926,0.885551,0.561875,0.813800,0.769424,0.901160,0.351684,0.744802,0.815289,0.858409,0.840722,0.581116,0.530205,0.809486,0.000000,0.407589,0.791272,0.398866,0.725804,0.614736,0.550992,0.858410,0.877737,0.460130,0.810431,0.851274,0.769863,0.732512,0.838624,0.762902,0.432532,0.787114,0.420410,0.379552,0.759920,0.753813,0.789777,0.868132,0.737286,0.748139,0.807015,0.761641,0.871302,0.779601,0.780005,0.645430,0.622820,0.642585,0.489779,0.723356,0.429154,0.426907,0.659824,0.573111,0.761542,0.806948,0.847763,0.538744,0.834283,0.610173,0.931801,0.638448,0.510432,0.801534,0.392556,0.780807,0.695555,0.926186,0.761706,0.787970,0.741617,0.819634,0.345038,0.573620,0.757137,0.696467,0.838238,0.842682,0.424284,0.378072,0.669155,0.333275,0.706409,0.757040,0.431717,0.718127,0.180012,0.794864,0.780029,0.749682,0.870095
0.578444,0.773429,0.448682,0.743166,0.450520,0.792702,0.818162,0.737288,0.789402,0.405100,0.499299,0.863239,0.447401,0.808186,0.771829,0.886088,0.450206,0.703006,0.767794,0.817870,0.893956,0.501185,0.426398,0.773071,0.407589,0.000000,0.820978,0.324803,0.752977,0.532435,0.582143,0.851480,0.819307,0.395924,0.820895,0.800421,0.799520,0.677178,0.873953,0.726455,0.443173,0.776360,0.283015,0.472354,0.761849,0.800053,0.815959,0.883322,0.678221,0.741190,0.767513,0.784970,0.773590,0.703723,0.680701,0.747558,0.481331,0.536791,0.461182,0.639981,0.412573,0.390835,0.599830,0.505930,0.724399,0.806830,0.855420,0.631127,0.846259,0.470320,0.884850,0.607724,0.521063,0.784603,0.426891,0.721128,0.729838,0.887074,0.710187,0.782240,0.626261,0.838158,0.434797,0.607404,0.732224,0.767003,0.888167,0.786400,0.458277,0.458382,0.735477,0.379621,0.764175,0.704740,0.553491,0.688077,0.397421,0.749392,0.819742,0.748218,0.834474
0.578701,0.464080,0.703577,0.742112,0.721517,0.354059,0.708634,0.621203,0.568957,0.736913,0.750639,0.699187,0.719838,0.314904,0.406685,0.684497,0.751044,0.547333,0.544234,0.607316,0.525472,0.887725,0.811562,0.550660,0.791272,0.820978,0.000000,0.726611,0.259632,0.718102,0.575036,0.703794,0.639298,0.772270,0.662083,0.718661,0.652424,0.740555,0.707780,0.532224,0.768916,0.816952,0.807211,0.697839,0.693647,0.317255,0.603498,0.644117,0.728648,0.558097,0.717445,0.341753,0.612938,0.570511,0.615461,0.322753,0.880507,0.612700,0.799934,0.741124,0.782625,0.808833,0.816181,0.799391,0.761669,0.595652,0.583683,0.651116,0.242262,0.775878,0.740842,0.780897,0.687624,0.602906,0.749194,0.581608,0.496382,0.664782,0.371391,0.449574,0.808621,0.628687,0.717318,0.842688,0.583617,0.542547,0.838022,0.586457,0.749965,0.755819,0.533108,0.745169,0.653802,0.705743,0.693725,0.677402,0.793070,0.817400,0.491556,0.400577,0.791931
0.578726,0.798968,0.340783,0.710378,0.393600,0.792383,0.821709,0.698305,0.798261,0.287014,0.373149,0.852250,0.404993,0.756608,0.782845,0.860634,0.330813,0.692327,0.759085,0.796140,0.897494,0.493029,0.426630,0.727870,0.398866,0.324803,0.726611,0.000000,0.700500,0.598748,0.475998,0.831997,0.872597,0.344698,0.815083,0.838357,0.787421,0.723652,0.796827,0.707214,0.394036,0.691003,0.390180,0.373931,0.705760,0.726717,0.749384,0.852356,0.728369,0.742176,0.751195,0.709543,0.808898,0.689220,0.697571,0.636776,0.616934,0.410711,0.467221,0.605139,0.347589,0.333004,0.591720,0.505270,0.775872,0.763102,0.810612,0.558126,0.749894,0.464475,0.879719,0.519691,0.412294,0.735805,0.423450,0.639480,0.650429,0.834331,0.716065,0.685687,0.710498,0.769632,0.433101,0.503205,0.708645,0.683676,0.895002,0.798153,0.313176,0.367406,0.684295,0.299719,0.652838,0.672459,0.439340,0.664033,0.362840,0.760181,0.745926,0.671001,0.875246
0.579135,0.515456,0.680548,0.697587,0.666541,0.322930,0.652704,0.657009,0.499542,0.661106,0.705392,0.712844,0.757396,0.307142,0.367387,0.649105,0.645897,0.420863,0.501472,0.680217,0.464939,0.832799,0.819897,0.416508,0.725804,0.752977,0.259632,0.700500,0.000000,0.759649,0.504590,0.705451,0.662373,0.765035,0.648395,0.731993,0.582980,0.721737,0.705249,0.451058,0.745422,0.823771,0.760481,0.604321,0.730829,0.276175,0.589965,0.699458,0.737392,0.444473,0.705764,0.304202,0.617726,0.478302,0.560812,0.345507,0.864323,0.661365,0.753090,0.741029,0.700530,0.774164,0.816387,0.754038,0.711264,0.460376,0.532890,0.676519,0.374192,0.796473,0.772323,0.746572,0.727493,0.437858,0.728196,0.534328,0.483414,0.623112,0.326900,0.349619,0.757181,0.547669,0.690312,0.856770,0.453629,0.519075,0.752106,0.495343,0.757505,0.709162,0.517081,0.735765,0.622230,0.681959,0.659175,0.667031,0.705062,0.775824,0.609303,0.284368,0.857125
0.579742,0.626028,0.625087,0.751644,0.596309,0.742365,0.756988,0.748815,0.786724,0.573251,0.629534,0.692911,0.577301,0.838989,0.716810,0.774430,0.547889,0.766970,0.787544,0.644792,0.732678,0.675747,0.613889,0.784101,0.614736,0.532435,0.718102,0.598748,0.759649,0.000000,0.627017,0.698630,0.702568,0.540368,0.723751,0.723484,0.800270,0.636712,0.807627,0.786475,0.633438,0.723239,0.482690,0.640333,0.625963,0.746905,0.794969,0.689962,0.557201,0.726027,0.652678,0.813307,0.636621,0.759084,0.765066,0.727462,0.711665,0.650562,0.643504,0.714887,0.699457,0.670351,0.639740,0.561137,0.785155,0.765709,0.748684,0.731234,0.782066,0.726154,0.751534,0.664239,0.690591,0.768876,0.671199,0.780591,0.748003,0.832680,0.690026,0.789250,0.688232,0.788300,0.633187,0.735554,0.732810,0.776906,0.788644,0.779710,0.738713,0.641588,0.679022,0.635950,0.807261,0.810081,0.736166,0.729414,0.640199,0.837038,0.765432,0.734201,0.803464
0.580407,0.682599,0.408095,0.716946,0.532792,0.610976,0.787331,0.715995,0.783679,0.410176,0.555872,0.848866,0.575697,0.624692,0.623376,0.817572,0.468881,0.659250,0.720374,0.813669,0.750768,0.619591,0.593862,0.635195,0.550992,0.582143,0.575036,0.475998,0.504590,0.627017,0.000000,0.772701,0.797979,0.456742,0.777252,0.819869,0.727866,0.666628,0.785478,0.639538,0.581942,0.717012,0.598498,0.466395,0.805598,0.631346,0.732514,0.882832,0.753082,0.606456,0.754331,0.598351,0.762163,0.655216,0.698684,0.405002,0.692893,0.424952,0.581520,0.702136,0.543853,0.553194,0.642389,0.565351,0.768652,0.711512,0.734834,0.657576,0.683245,0.540654,0.837324,0.631954,0.480300,0.698792,0.596738,0.567849,0.637779,0.806772,0.663672,0.657743,0.732226,0.663591,0.593341,0.673037,0.563696,0.304709,0.870350,0.796480,0.544165,0.546443,0.595275,0.499890,0.770763,0.700028,0.557686,0.765496,0.511625,0.762622,0.632001,0.668721,0.850964
0.581622,0.401684,0.879208,0.431067,0.805979,0.747667,0.419172,0.676817,0.654681,0.809995,0.841609,0.342285,0.808475,0.774164,0.706409,0.448466,0.820286,0.611160,0.651529,0.609862,0.522431,0.921667,0.878380,0.625388,0.858410,0.851480,0.703794,0.831997,0.705451,0.698630,0.772701,0.000000,0.500025,0.893170,0.408911,0.475126,0.457083,0.476396,0.578550,0.608657,0.875070,0.819305,0.824339,0.779560,0.643569,0.686896,0.607896,0.516165,0.693387,0.557739,0.658832,0.737195,0.587100,0.605797,0.608951,0.810501,0.793301,0.790326,0.924071,0.875626,0.941631,0.895578,0.818799,0.861421,0.746394,0.557102,0.685544,0.766437,0.710670,0.857592,0.685714,0.859683,0.874755,0.615054,0.809334,0.684842,0.744321,0.690177,0.682494,0.691083,0.655991,0.513496,0.822213,0.899421,0.628925,0.773679,0.438651,0.658506,0.836125,0.876126,0.690433,0.844066,0.634686,0.706875,0.844664,0.735982,0.866543,0.602619,0.790603,0.689821,0.799874
0.583236,0.451003,0.864571,0.568830,0.813102,0.670074,0.586155,0.744954,0.576744,0.836766,0.852755,0.444517,0.815116,0.735127,0.692840,0.561130,0.877074,0.581246,0.588971,0.617215,0.547378,0.965252,0.840044,0.648562,0.877737,0.819307,0.639298,0.872597,0.662373,0.702568,0.797979,0.500025,0.000000,0.866099,0.540407,0.472843,0.582761,0.534425,0.687533,0.578137,0.816985,0.782079,0.854345,0.812247,0.668424,0.671419,0.646902,0.542309,0.656489,0.645860,0.709537,0.709320,0.518513,0.604151,0.596315,0.761077,0.796825,0.776089,0.902246,0.777745,0.920445,0.925145,0.885497,0.864331,0.782682,0.596052,0.671291,0.819398,0.674755,0.860982,0.624560,0.834609,0.924038,0.606825,0.848945,0.726525,0.748305,0.640570,0.687796,0.678149,0.720053,0.572254,0.847672,0.950506,0.677007,0.788898,0.542084,0.571742,0.877025,0.840264,0.699065,0.861371,0.714214,0.667007,0.876206,0.704257,0.889339,0.634463,0.767581,0.703735,0.802079
0.583296,0.806445,0.330940,0.743337,0.410396,0.816847,0.874160,0.671921,0.759741,0.315469,0.444804,0.882100,0.400911,0.790690,0.801133,0.895061,0.360366,0.722231,0.711809,0.833765,0.913566,0.472350,0.387677,0.727312,0.460130,0.395924,0.772270,0.344698,0.765035,0.540368,0.456742,0.893170,0.866099,0.000000,0.845265,0.897873,0.823420,0.631827,0.798001,0.726750,0.410211,0.733252,0.476774,0.421562,0.731929,0.787190,0.753067,0.870149,0.733346,0.749120,0.790492,0.786700,0.798554,0.716557,0.704871,0.671030,0.614256,0.405946,0.436162,0.577735,0.419466,0.405031,0.563728,0.559128,0.699365,0.811690,0.825061,0.642127,0.838640,0.354181,0.883977,0.503666,0.443859,0.760705,0.497057,0.658486,0.697947,0.877568,0.729746,0.768587,0.652810,0.705734,0.472750,0.551312,0.702455,0.683205,0.942749,0.806021,0.426844,0.475645,0.764927,0.376335,0.672797,0.743315,0.528629,0.645962,0.497284,0.771846,0.807088,0.736257,0.853020
0.584250,0.437396,0.800659,0.443506,0.753725,0.725794,0.376250,0.624587,0.594512,0.779954,0.717211,0.483912,0.779090,0.669847,0.690522,0.346782,0.765372,0.504432,0.616199,0.572406,0.572542,0.915540,0.839492,0.470584,0.810431,0.820895,0.662083,0.815083,0.648395,0.723751,0.777252,0.408911,0.540407,0.845265,0.000000,0.634691,0.351021,0.504881,0.597491,0.649421,0.780524,0.776672,0.847967,0.761532,0.625532,0.664686,0.605927,0.458534,0.787746,0.645717,0.722009,0.622117,0.601132,0.527021,0.698498,0.743585,0.823830,0.781439,0.817973,0.788484,0.819898,0.835544,0.865960,0.874956,0.669777,0.627137,0.705071,0.830638,0.711249,0.818750,0.616686,0.796929,0.809913,0.644053,0.756147,0.519086,0.681736,0.750205,0.690629,0.715392,0.728773,0.601585,0.733185,0.876638,0.715957,0.765167,0.417691,0.614614,0.819511,0.846383,0.638719,0.820223,0.656004,0.558841,0.775960,0.723367,0.832216,0.670172,0.788484,0.633608,0.792700
0.584337,0.461648,0.834229,0.609883,0.854896,0.788038,0.578788,0.820560,0.589536,0.863877,0.859316,0.425158,0.793511,0.779316,0.791501,0.587772,0.867008,0.647238,0.634397,0.646546,0.431501,0.917835,0.899062,0.696498,0.851274,0.800421,0.718661,0.838357,0.731993,0.723484,0.819869,0.475126,0.472843,0.897873,0.634691,0.000000,0.605977,0.592186,0.656271,0.498291,0.894885,0.840106,0.788374,0.775955,0.629125,0.749737,0.677890,0.616665,0.626913,0.564891,0.634898,0.744904,0.586246,0.673224,0.465733,0.877637,0.742070,0.802276,0.908880,0.844718,0.905026,0.905416,0.883012,0.827060,0.828857,0.437657,0.586378,0.797682,0.718372,0.849546,0.733468,0.856640,0.919953,0.482809,0.823834,0.819720,0.822592,0.549193,0.710253,0.549808,0.572882,0.636022,0.816550,0.904427,0.640823,0.762349,0.534517,0.614550,0.859116,0.846412,0.682161,0.842441,0.722787,0.789208,0.849543,0.792838,0.860446,0.551362,0.759574,0.762142,0.680158
0.586391,0.395722,0.780829,0.453226,0.718436,0.674008,0.096979,0.631587,0.505810,0.791772,0.789799,0.561217,0.742509,0.648532,0.687550,0.447805,0.766685,0.357352,0.477365,0.687843,0.544859,0.884723,0.840234,0.260177,0.769863,0.799520,0.652424,0.787421,0.582980,0.800270,0.727866,0.457083,0.582761,0.823420,0.351021,0.605977,0.000000,0.599797,0.430797,0.509090,0.827060,0.850230,0.796999,0.778989,0.654012,0.546756,0.473301,0.561009,0.806336,0.539891,0.707419,0.616156,0.583236,0.343314,0.619151,0.682220,0.773894,0.772715,0.832012,0.782376,0.836219,0.838212,0.872700,0.835101,0.584035,0.586248,0.593018,0.838000,0.743522,0.843364,0.740766,0.864623,0.801643,0.579451,0.764328,0.322627,0.621086,0.642690,0.683497,0.604262,0.801632,0.465512,0.740836,0.856916,0.624522,0.743846,0.350055,0.585410,0.815868,0.806530,0.721090,0.790015,0.673007,0.334678,0.759290,0.754392,0.814566,0.496148,0.743933,0.497419,0.805057
0.588645,0.555212,0.746210,0.562056,0.667098,0.769574,0.617269,0.684447,0.674848,0.669743,0.760235,0.632862,0.699639,0.796869,0.785369,0.623975,0.725850,0.581802,0.630210,0.646642,0.656509,0.802950,0.745577,0.646028,0.732512,0.677178,0.740555,0.723652,0.721737,0.636712,0.666628,0.476396,0.534425,0.631827,0.504881,0.592186,0.599797,0.000000,0.684227,0.638098,0.760785,0.768481,0.761123,0.716490,0.648386,0.709243,0.751757,0.601296,0.711874,0.695143,0.779632,0.788283,0.699027,0.590776,0.686077,0.801636,0.810394,0.632733,0.798313,0.787293,0.810737,0.736515,0.818945,0.726376,0.719687,0.659583,0.704646,0.804645,0.802357,0.706019,0.710893,0.787958,0.710441,0.668724,0.706806,0.697242,0.738216,0.734834,0.776806,0.820351,0.713768,0.538138,0.733203,0.825016,0.712628,0.755050,0.631296,0.630117,0.732951,0.761599,0.732058,0.732572,0.746644,0.735415,0.789617,0.785825,0.773328,0.736076,0.781790,0.718271,0.814705
0.588748,0.481508,0.812407,0.646852,0.715851,0.733504,0.412429,0.742948,0.624452,0.822573,0.805604,0.619044,0.753119,0.650639,0.774237,0.569742,0.821350,0.567380,0.585297,0.646805,0.589133,0.907110,0.857827,0.508497,0.838624,0.873953,0.707780,0.796827,0.705249,0.807627,0.785478,0.578550,0.687533,0.798001,0.597491,0.656271,0.430797,0.684227,0.000000,0.646033,0.863941,0.796410,0.849487,0.824668,0.586938,0.678482,0.552226,0.586210,0.805136,0.655149,0.668123,0.726306,0.594683,0.562074,0.684377,0.736837,0.779405,0.812893,0.903095,0.765347,0.861172,0.907574,0.843107,0.852557,0.723305,0.628960,0.664757,0.797999,0.753548,0.913069,0.815612,0.809875,0.818573,0.645595,0.793976,0.570688,0.683089,0.678318,0.681919,0.682488,0.751696,0.522283,0.811316,0.798247,0.676871,0.769692,0.508589,0.676906,0.798692,0.893212,0.850069,0.821841,0.695147,0.557089,0.776570,0.668623,0.837956,0.646019,0.683326,0.568788,0.793157
0.589118,0.471447,0.726331,0.620024,0.712335,0.583523,0.608487,0.725468,0.386621,0.719643,0.767042,0.583533,0.687327,0.614336,0.607378,0.652792,0.721324,0.318890,0.327913,0.708483,0.406430,0.810879,0.811970,0.473066,0.762902,0.726455,0.532224,0.707214,0.451058,0.786475,0.639538,0.608657,0.578137,0.726750,0.649421,0.498291,0.509090,0.638098,0.646033,0.000000,0.767144,0.880026,0.749801,0.666007,0.726897,0.405896,0.621373,0.645942,0.777524,0.325299,0.739127,0.582528,0.642562,0.318250,0.134849,0.686428,0.795019,0.644335,0.770551,0.870999,0.782606,0.752971,0.832868,0.736174,0.720295,0.336377,0.471945,0.747306,0.653806,0.741748,0.818277,0.827379,0.781075,0.313164,0.736194,0.474639,0.635192,0.555734,0.512263,0.343371,0.666274,0.534748,0.723012,0.906102,0.385966,0.714535,0.626699,0.466415,0.777828,0.766252,0.617227,0.767365,0.645258,0.693425,0.757607,0.809303,0.767846,0.634471,0.736107,0.417322,0.802968
0.592815,0.832886,0.384417,0.721496,0.363816,0.782809,0.884438,0.596003,0.811528,0.345626,0.277717,0.842353,0.470466,0.803003,0.733249,0.821246,0.392966,0.773842,0.804684,0.824617,0.874797,0.534942,0.320596,0.785238,0.432532,0.443173,0.768916,0.394036,0.745422,0.633438,0.581942,0.875070,0.816985,0.410211,0.780524,0.894885,0.827060,0.760785,0.863941,0.767144,0.000000,0.688742,0.434978,0.416146,0.743990,0.833405,0.830573,0.863878,0.801967,0.774660,0.735091,0.755028,0.879272,0.764588,0.737222,0.694080,0.458814,0.589924,0.452554,0.560807,0.388145,0.383198,0.626668,0.612564,0.664956,0.835055,0.879853,0.495004,0.812381,0.461588,0.790090,0.575614,0.510245,0.786042,0.444521,0.736578,0.676812,0.891345,0.800074,0.811591,0.709092,0.880820,0.421315,0.472926,0.762280,0.761302,0.889489,0.915953,0.400266,0.371232,0.693239,0.416209,0.636999,0.735396,0.387643,0.592441,0.453535,0.760208,0.780806,0.768174,0.866476
0.593389,0.682530,0.674781,0.749533,0.739424,0.844828,0.831377,0.804153,0.875635,0.702765,0.670736,0.714117,0.755010,0.871540,0.769602,0.759720,0.730642,0.864155,0.888707,0.696735,0.873201,0.710107,0.639782,0.850700,0.787114,0.776360,0.816952,0.691003,0.823771,0.723239,0.717012,0.819305,0.782079,0.733252,0.776672,0.840106,0.850230,0.768481,0.796410,0.880026,0.688742,0.000000,0.821108,0.724167,0.644454,0.863514,0.830674,0.753929,0.772419,0.776988,0.720991,0.791553,0.660853,0.893596,0.865101,0.759820,0.733965,0.724305,0.696178,0.806726,0.681543,0.649176,0.722764,0.894078,0.813914,0.816932,0.646242,0.703567,0.802943,0.774653,0.714604,0.735809,0.807272,0.855207,0.707501,0.829171,0.756639,0.719743,0.907036,0.856341,0.781388,0.882822,0.722747,0.718096,0.764324,0.735860,0.819604,0.868225,0.760901,0.700059,0.699851,0.735026,0.819119,0.800291,0.719455,0.748829,0.793551,0.850104,0.729150,0.835542,0.746154
0.593650,0.820295,0.476924,0.763466,0.399600,0.786134,0.820527,0.705285,0.789984,0.369546,0.474389,0.857202,0.408971,0.842046,0.736605,0.889613,0.414172,0.699834,0.765974,0.805605,0.907453,0.492177,0.465782,0.786746,0.420410,0.283015,0.807211,0.390180,0.760481,0.482690,0.598498,0.824339,0.854345,0.476774,0.847967,0.788374,0.796999,0.761123,0.849487,0.749801,0.434978,0.821108,0.000000,0.489772,0.740008,0.848167,0.829039,0.860592,0.758372,0.782661,0.670554,0.778248,0.871484,0.681462,0.708270,0.760141,0.521260,0.639706,0.462731,0.630113,0.470439,0.447411,0.592620,0.406368,0.735721,0.778911,0.876533,0.642082,0.837565,0.536484,0.912061,0.596813,0.517776,0.745259,0.457986,0.734023,0.742549,0.895874,0.731428,0.739303,0.724604,0.847856,0.422652,0.659639,0.771179,0.782023,0.888616,0.908155,0.420538,0.430226,0.783130,0.436640,0.739004,0.755368,0.531537,0.691685,0.426809,0.763013,0.845124,0.744083,0.848881
0.594224,0.754033,0.358316,0.658347,0.405660,0.705119,0.828336,0.677622,0.724750,0.195645,0.293751,0.794841,0.545249,0.744863,0.785466,0.815755,0.214444,0.710488,0.735371,0.860244,0.753317,0.603528,0.545223,0.705603,0.379552,0.472354,0.697839,0.373931,0.604321,0.640333,0.466395,0.779560,0.812247,0.421562,0.761532,0.775955,0.778989,0.716490,0.824668,0.666007,0.416146,0.724167,0.489772,0.000000,0.754713,0.689573,0.761598,0.867376,0.774063,0.665347,0.749580,0.649467,0.796981,0.745558,0.663761,0.593178,0.625186,0.499874,0.529434,0.670598,0.388179,0.394208,0.635324,0.567059,0.740709,0.678987,0.817088,0.441456,0.725106,0.572073,0.791237,0.532394,0.506368,0.656925,0.363079,0.679849,0.618352,0.874855,0.689238,0.623937,0.703557,0.765819,0.358624,0.522522,0.621229,0.628560,0.847641,0.763184,0.420197,0.324714,0.581725,0.333767,0.626089,0.750014,0.380486,0.697328,0.357659,0.755765,0.711229,0.654401,0.814724
