0.000000,0.229990,0.344205,0.355288,0.356797,0.359352,0.361622,0.383017,0.385057,0.401810,0.405685,0.417338,0.418552,0.419254,0.428771,0.432472,0.443023,0.446723,0.448896,0.450059,0.450467,0.456459,0.458378,0.458418,0.460027,0.460622,0.462919,0.463407,0.464035,0.464680,0.465753,0.465996,0.466416,0.469066,0.470317,0.471911,0.472605,0.473679,0.474556,0.476288,0.479445,0.480710,0.481296,0.482824,0.484160,0.484761,0.485753,0.485887,0.486062,0.486298,0.486882,0.487859,0.490833,0.491411,0.493190,0.493656,0.499061,0.500330,0.502154,0.502614,0.503040,0.503697,0.505886,0.505953,0.506299,0.507421,0.507802,0.508229,0.509691,0.510157,0.510683,0.510726,0.510980,0.511547,0.513758,0.513899,0.513981,0.514522,0.515865,0.518039,0.519387,0.520497,0.522780,0.523356,0.525867,0.525869,0.526122,0.526442,0.527156,0.527267,0.527396,0.527561,0.530168,0.530500,0.530754,0.531282,0.531735,0.531882,0.532236,0.532719,0.533714
0.229990,0.000000,0.522165,0.546822,0.501378,0.489035,0.552999,0.514317,0.502867,0.550667,0.532864,0.613219,0.531210,0.573844,0.570185,0.563910,0.543601,0.537797,0.560955,0.532552,0.599942,0.587952,0.567552,0.560282,0.522283,0.518934,0.630884,0.514262,0.558726,0.613505,0.567987,0.632799,0.561794,0.652622,0.540998,0.582291,0.656933,0.588203,0.598278,0.656900,0.593498,0.638414,0.584282,0.613796,0.584770,0.568969,0.412066,0.554248,0.586603,0.650614,0.580510,0.546105,0.636387,0.619057,0.627592,0.549913,0.611200,0.600664,0.608545,0.575149,0.581626,0.616808,0.615018,0.618391,0.562093,0.608397,0.660335,0.604389,0.608784,0.662654,0.570307,0.601245,0.634956,0.626127,0.642176,0.597601,0.669900,0.569541,0.645225,0.645524,0.669361,0.665591,0.604489,0.650692,0.613600,0.632685,0.667890,0.652730,0.685926,0.660513,0.665899,0.625187,0.606782,0.584030,0.667727,0.673531,0.653073,0.627294,0.665749,0.702475,0.599001
0.344205,0.522165,0.000000,0.215266,0.406229,0.457787,0.268223,0.484480,0.464488,0.298313,0.466872,0.348416,0.479164,0.376062,0.431325,0.502159,0.555262,0.496381,0.568241,0.514655,0.451188,0.606950,0.483798,0.479346,0.446864,0.563626,0.358605,0.438336,0.463283,0.369291,0.509797,0.390140,0.558119,0.449662,0.397591,0.531611,0.532153,0.529727,0.452348,0.497181,0.542986,0.495100,0.468415,0.425160,0.497806,0.461610,0.501197,0.556076,0.417223,0.377199,0.467888,0.490152,0.452818,0.564316,0.501455,0.603026,0.572581,0.621245,0.465130,0.452097,0.563600,0.633230,0.450614,0.373820,0.480828,0.488523,0.483914,0.448017,0.558717,0.437883,0.503960,0.503474,0.569495,0.541941,0.509433,0.616418,0.344753,0.600173,0.580322,0.449774,0.241795,0.458023,0.612338,0.559138,0.490824,0.438168,0.459110,0.498302,0.334671,0.372950,0.492249,0.472722,0.520078,0.603022,0.473033,0.421810,0.464425,0.526448,0.474920,0.426083,0.388409
0.355288,0.546822,0.215266,0.000000,0.364066,0.449728,0.326070,0.554351,0.513974,0.213817,0.546981,0.276320,0.534809,0.398029,0.443190,0.556838,0.554890,0.506487,0.578285,0.538840,0.451186,0.601519,0.517116,0.512568,0.480618,0.596367,0.395588,0.474930,0.457529,0.404177,0.544420,0.373696,0.566241,0.479463,0.361342,0.592359,0.555512,0.605815,0.485518,0.502661,0.454954,0.425747,0.513955,0.386996,0.547195,0.466297,0.542800,0.553730,0.473854,0.416840,0.473226,0.519474,0.393531,0.535410,0.580222,0.627434,0.596718,0.522337,0.478226,0.498873,0.558996,0.638345,0.410744,0.529582,0.489812,0.514606,0.458577,0.477660,0.545326,0.484208,0.492192,0.547802,0.611307,0.550944,0.456973,0.549914,0.449468,0.653925,0.520836,0.414867,0.256020,0.427410,0.637302,0.587299,0.514422,0.490875,0.440696,0.517070,0.437976,0.449745,0.531543,0.437895,0.502595,0.624426,0.492594,0.410522,0.442861,0.526354,0.499337,0.406332,0.518866
0.356797,0.501378,0.406229,0.364066,0.000000,0.530160,0.486555,0.445688,0.395878,0.482707,0.387782,0.518108,0.530295,0.517412,0.560255,0.361981,0.534719,0.362384,0.516706,0.401191,0.576274,0.563088,0.456182,0.444144,0.554982,0.523535,0.533339,0.337159,0.302611,0.552853,0.531983,0.572714,0.435858,0.521027,0.567777,0.583626,0.500495,0.601508,0.440310,0.575285,0.303856,0.577198,0.428488,0.529118,0.476585,0.527938,0.532921,0.549904,0.463230,0.559016,0.529290,0.411589,0.588488,0.598686,0.454460,0.468396,0.558477,0.505082,0.516041,0.539117,0.486418,0.582424,0.517707,0.561890,0.424555,0.448167,0.560511,0.459009,0.535611,0.558423,0.609164,0.504671,0.579280,0.523801,0.350804,0.471963,0.584325,0.504121,0.615773,0.531719,0.541101,0.548623,0.563854,0.595437,0.460181,0.605705,0.527547,0.566245,0.589889,0.536450,0.615610,0.389569,0.637197,0.468171,0.533558,0.556434,0.510514,0.450277,0.500299,0.515467,0.510017
0.359352,0.489035,0.457787,0.449728,0.530160,0.000000,0.486666,0.582290,0.595754,0.541884,0.632388,0.495436,0.645751,0.610512,0.493718,0.566898,0.635176,0.547121,0.575040,0.579602,0.496985,0.696340,0.584917,0.644947,0.562254,0.677133,0.581776,0.522730,0.547719,0.581080,0.597284,0.558680,0.662212,0.660996,0.551563,0.635735,0.606734,0.665352,0.640421,0.670414,0.582731,0.537795,0.617976,0.530010,0.625330,0.563040,0.277098,0.521753,0.584842,0.598502,0.482430,0.586715,0.531407,0.655901,0.680796,0.639904,0.536419,0.680405,0.600929,0.543430,0.643153,0.639661,0.609212,0.464970,0.598329,0.631575,0.597537,0.639926,0.628557,0.573627,0.505700,0.549040,0.653905,0.506654,0.680296,0.672071,0.610706,0.599539,0.639756,0.641141,0.552058,0.584984,0.719611,0.723581,0.633013,0.547121,0.617468,0.607160,0.617533,0.538726,0.579168,0.560383,0.496231,0.702931,0.628799,0.543317,0.546962,0.662941,0.619696,0.617796,0.609104
0.361622,0.552999,0.268223,0.326070,0.486555,0.486666,0.000000,0.578940,0.448064,0.361378,0.503069,0.320238,0.493226,0.317309,0.502650,0.474209,0.542335,0.446966,0.582905,0.504794,0.531962,0.596889,0.492420,0.546097,0.463022,0.571098,0.205306,0.452770,0.485007,0.275760,0.504983,0.302564,0.515914,0.377500,0.390494,0.521976,0.443599,0.513141,0.464920,0.453983,0.517789,0.383462,0.462757,0.359386,0.500112,0.449141,0.585126,0.600012,0.519107,0.168402,0.454822,0.513960,0.458391,0.521687,0.477986,0.587752,0.602591,0.532580,0.551131,0.435316,0.569479,0.617077,0.471535,0.444704,0.508764,0.536856,0.448748,0.479509,0.575949,0.350423,0.505606,0.544891,0.561188,0.564765,0.553130,0.511556,0.229992,0.605429,0.572103,0.456293,0.390124,0.433971,0.656445,0.502868,0.547284,0.389654,0.502075,0.461244,0.178622,0.286531,0.483798,0.504746,0.520200,0.601961,0.449757,0.378822,0.479816,0.543040,0.467680,0.421505,0.483372
0.383017,0.514317,0.484480,0.554351,0.445688,0.582290,0.578940,0.000000,0.553284,0.601538,0.588078,0.614244,0.585048,0.628468,0.440289,0.520813,0.579172,0.502527,0.593050,0.486541,0.410608,0.652418,0.547124,0.452553,0.628920,0.574878,0.619876,0.565189,0.506709,0.632164,0.631095,0.658158,0.538402,0.690612,0.598640,0.508675,0.626600,0.569517,0.416236,0.655940,0.615999,0.620788,0.585283,0.642043,0.581384,0.691879,0.618982,0.480108,0.538899,0.652155,0.644115,0.523151,0.563688,0.729616,0.651763,0.627994,0.604286,0.649178,0.386087,0.632160,0.481641,0.633335,0.664661,0.605443,0.412170,0.308133,0.725812,0.381724,0.618161,0.711035,0.651335,0.621955,0.662691,0.588390,0.578226,0.665285,0.641081,0.537252,0.619496,0.615721,0.611309,0.649445,0.636079,0.697896,0.291522,0.677002,0.510794,0.637415,0.666444,0.606150,0.675937,0.558472,0.639884,0.565436,0.586167,0.686350,0.717873,0.585211,0.596273,0.634725,0.582696
0.385057,0.502867,0.464488,0.513974,0.395878,0.595754,0.448064,0.553284,0.000000,0.561132,0.187456,0.517451,0.406818,0.403558,0.567996,0.384792,0.422920,0.387623,0.478985,0.434623,0.595429,0.414215,0.467972,0.363199,0.531742,0.471285,0.464134,0.336285,0.428975,0.420941,0.399575,0.458396,0.367819,0.456660,0.545628,0.458395,0.362954,0.487066,0.454980,0.536995,0.424033,0.513128,0.398888,0.539039,0.410987,0.473440,0.604848,0.543117,0.481263,0.472733,0.469444,0.435732,0.678783,0.551444,0.333681,0.420079,0.578511,0.483112,0.533486,0.488270,0.506887,0.510439,0.562199,0.561765,0.539656,0.560194,0.524612,0.452144,0.474594,0.449695,0.520940,0.393814,0.471939,0.571369,0.437718,0.421610,0.544894,0.476528,0.590773,0.636197,0.670664,0.505309,0.465245,0.475882,0.564156,0.586570,0.515574,0.545873,0.537496,0.534232,0.574133,0.460570,0.571656,0.474809,0.321145,0.555579,0.545669,0.468738,0.525145,0.574758,0.587139
0.401810,0.550667,0.298313,0.213817,0.482707,0.541884,0.361378,0.601538,0.561132,0.000000,0.576071,0.359346,0.545304,0.438993,0.472639,0.609676,0.550906,0.562602,0.608490,0.593034,0.475391,0.607169,0.565300,0.558500,0.378311,0.598247,0.407762,0.514311,0.533124,0.502521,0.562698,0.510576,0.599651,0.499986,0.355079,0.587746,0.636662,0.576688,0.537292,0.531452,0.532272,0.497996,0.584937,0.503355,0.603796,0.571358,0.572500,0.463771,0.593821,0.431011,0.560796,0.583054,0.427343,0.332379,0.676141,0.664360,0.630354,0.534929,0.492640,0.575851,0.529990,0.672239,0.455852,0.579737,0.525158,0.580055,0.639670,0.531901,0.514245,0.588424,0.541321,0.602531,0.675037,0.502019,0.561886,0.529303,0.451277,0.671778,0.511522,0.326451,0.303185,0.542061,0.645206,0.600476,0.582104,0.547066,0.456449,0.641051,0.434377,0.432237,0.498914,0.501100,0.574233,0.689576,0.642923,0.516785,0.543995,0.615327,0.525848,0.517178,0.543816
0.405685,0.532864,0.466872,0.546981,0.387782,0.632388,0.503069,0.588078,0.187456,0.576071,0.000000,0.528268,0.335548,0.392550,0.590701,0.386795,0.427576,0.408755,0.453820,0.454139,0.620948,0.247649,0.425619,0.414166,0.554800,0.430050,0.551984,0.356513,0.408421,0.520003,0.412036,0.534630,0.423048,0.440882,0.576644,0.483015,0.397296,0.509272,0.523181,0.520589,0.422378,0.567793,0.376395,0.636086,0.448078,0.466480,0.632957,0.588508,0.499870,0.563056,0.539416,0.448132,0.728044,0.555846,0.321408,0.475354,0.576892,0.419409,0.582224,0.518640,0.493761,0.565046,0.596608,0.610366,0.583491,0.598717,0.510465,0.514214,0.410822,0.501962,0.576303,0.422926,0.436376,0.578199,0.428982,0.371389,0.615016,0.525213,0.583504,0.675684,0.726626,0.619156,0.425085,0.435176,0.598047,0.666379,0.549326,0.548025,0.612838,0.601350,0.614182,0.463414,0.611879,0.513714,0.447050,0.654975,0.608919,0.466159,0.563940,0.655538,0.626829
0.417338,0.613219,0.348416,0.276320,0.518108,0.495436,0.320238,0.614244,0.517451,0.359346,0.528268,0.000000,0.475777,0.374964,0.325531,0.560554,0.504621,0.499645,0.514750,0.579126,0.387829,0.543459,0.498750,0.602169,0.475483,0.548279,0.301064,0.492086,0.505103,0.400739,0.490546,0.356391,0.612920,0.461029,0.139338,0.532540,0.520457,0.512135,0.515718,0.475543,0.568520,0.387339,0.503024,0.498328,0.610529,0.388094,0.592710,0.602793,0.541829,0.345618,0.479896,0.548242,0.331440,0.504670,0.507212,0.663670,0.604304,0.487222,0.587387,0.478798,0.549356,0.593767,0.489734,0.563131,0.540117,0.592986,0.404779,0.515035,0.528583,0.519564,0.536103,0.545936,0.570502,0.579112,0.583070,0.501556,0.356768,0.714437,0.471876,0.505306,0.448713,0.515946,0.586848,0.544092,0.597262,0.543724,0.371621,0.484614,0.370310,0.369999,0.498828,0.513518,0.553372,0.643476,0.500283,0.494532,0.486964,0.563311,0.470403,0.533232,0.617251
0.418552,0.531210,0.479164,0.534809,0.530295,0.645751,0.493226,0.585048,0.406818,0.545304,0.335548,0.475777,0.000000,0.416765,0.513753,0.489089,0.208461,0.463516,0.385646,0.489876,0.548213,0.266645,0.361308,0.464461,0.572123,0.367161,0.506294,0.461406,0.417441,0.499340,0.450101,0.526243,0.486354,0.498026,0.510427,0.510346,0.525197,0.480139,0.510275,0.552546,0.574220,0.600941,0.318640,0.571438,0.447125,0.505515,0.670860,0.601650,0.545009,0.522879,0.595163,0.385174,0.591711,0.580320,0.457649,0.598180,0.677464,0.414591,0.580159,0.577776,0.454232,0.553823,0.582610,0.615223,0.595450,0.641480,0.541760,0.517289,0.493041,0.596021,0.592764,0.529799,0.435518,0.522024,0.574867,0.475897,0.551602,0.609215,0.527336,0.654193,0.688518,0.623254,0.357931,0.446648,0.648468,0.705923,0.521168,0.577543,0.550223,0.577561,0.647686,0.546723,0.635398,0.591825,0.536450,0.669768,0.662185,0.412154,0.593019,0.618399,0.647272
0.419254,0.573844,0.376062,0.398029,0.517412,0.610512,0.317309,0.628468,0.403558,0.438993,0.392550,0.374964,0.416765,0.000000,0.506208,0.514776,0.440007,0.514752,0.499633,0.558731,0.543465,0.418133,0.525911,0.442645,0.428916,0.446608,0.359157,0.481092,0.484752,0.462254,0.354437,0.460819,0.560163,0.213449,0.399349,0.474666,0.463757,0.452486,0.548836,0.198993,0.587193,0.429531,0.482680,0.504528,0.540234,0.428080,0.635183,0.598245,0.587344,0.350343,0.549410,0.518828,0.521300,0.533194,0.435771,0.601722,0.658937,0.507055,0.566694,0.472404,0.529185,0.582386,0.468834,0.468070,0.565440,0.627700,0.459639,0.526894,0.549410,0.400327,0.543705,0.536584,0.463261,0.624555,0.569109,0.508617,0.420228,0.666000,0.509149,0.499168,0.540732,0.543457,0.524588,0.268701,0.619875,0.519700,0.473151,0.507841,0.404730,0.441643,0.485282,0.547731,0.563003,0.616457,0.424489,0.506502,0.613399,0.520791,0.472695,0.539184,0.537045
0.428771,0.570185,0.431325,0.443190,0.560255,0.493718,0.502650,0.440289,0.567996,0.472639,0.590701,0.325531,0.513753,0.506208,0.000000,0.613699,0.526058,0.549862,0.548128,0.605820,0.073071,0.599873,0.562531,0.525880,0.573306,0.566982,0.502278,0.544969,0.555831,0.552896,0.591508,0.534145,0.581799,0.596622,0.372353,0.491024,0.621504,0.490742,0.400483,0.551239,0.661711,0.465890,0.609617,0.601972,0.558718,0.504211,0.609088,0.470579,0.582496,0.549070,0.556562,0.600560,0.422588,0.590779,0.627567,0.651959,0.539839,0.593017,0.497049,0.589778,0.503249,0.571549,0.588359,0.611368,0.474199,0.440855,0.563134,0.422413,0.532608,0.651579,0.526833,0.596818,0.631351,0.607690,0.690012,0.629804,0.531919,0.626923,0.547346,0.578007,0.562713,0.629335,0.618913,0.578900,0.455816,0.615341,0.409115,0.613571,0.562394,0.525803,0.638132,0.584088,0.537848,0.579337,0.570815,0.639174,0.619831,0.629894,0.517658,0.577534,0.659568
0.432472,0.563910,0.502159,0.556838,0.361981,0.566898,0.474209,0.520813,0.384792,0.609676,0.386795,0.560554,0.489089,0.514776,0.613699,0.000000,0.521191,0.401220,0.507744,0.403771,0.634618,0.528656,0.458868,0.417594,0.594705,0.486102,0.539136,0.394970,0.455301,0.519735,0.514285,0.539143,0.407868,0.577895,0.591326,0.511194,0.495278,0.516953,0.523826,0.632932,0.492597,0.565887,0.420195,0.543457,0.455670,0.573023,0.600218,0.573894,0.569193,0.547038,0.562584,0.418367,0.656073,0.617784,0.411732,0.441566,0.552642,0.556527,0.543307,0.558274,0.516170,0.563383,0.613587,0.565991,0.534662,0.586497,0.613268,0.492862,0.535429,0.538057,0.635828,0.508848,0.591474,0.572378,0.561651,0.514493,0.578539,0.521326,0.640418,0.644514,0.677019,0.569707,0.572644,0.603557,0.574013,0.672034,0.577569,0.596453,0.582958,0.587616,0.620503,0.463398,0.661653,0.507691,0.496688,0.641945,0.547566,0.469836,0.501136,0.599390,0.511429
0.443023,0.543601,0.555262,0.554890,0.534719,0.635176,0.542335,0.579172,0.422920,0.550906,0.427576,0.504621,0.208461,0.440007,0.526058,0.521191,0.000000,0.440752,0.363305,0.457693,0.555841,0.356496,0.370955,0.453525,0.524076,0.349740,0.532933,0.437301,0.411697,0.564062,0.414484,0.555092,0.489079,0.521993,0.513944,0.471761,0.486937,0.464173,0.522774,0.563792,0.592531,0.642144,0.351836,0.603310,0.492561,0.507884,0.637429,0.586490,0.572368,0.565752,0.528704,0.400411,0.584024,0.507993,0.495928,0.575004,0.661680,0.448956,0.589056,0.553103,0.435487,0.530922,0.608909,0.643706,0.591723,0.622621,0.599593,0.532388,0.515416,0.624416,0.551801,0.481758,0.514584,0.535827,0.609203,0.492899,0.588071,0.580117,0.507176,0.579976,0.697338,0.593282,0.434641,0.479457,0.629831,0.722873,0.539235,0.573844,0.590262,0.597875,0.646808,0.526658,0.579206,0.548486,0.539654,0.666948,0.699646,0.386579,0.590020,0.619174,0.669293
0.446723,0.537797,0.496381,0.506487,0.362384,0.547121,0.446966,0.502527,0.387623,0.562602,0.408755,0.499645,0.463516,0.514752,0.549862,0.401220,0.440752,0.000000,0.468865,0.153480,0.573149,0.516665,0.352475,0.473890,0.545664,0.465846,0.543635,0.319321,0.304169,0.514101,0.498650,0.546215,0.409040,0.559640,0.540128,0.520554,0.457845,0.576061,0.477928,0.589968,0.498078,0.534430,0.328059,0.517630,0.422023,0.503489,0.577285,0.553516,0.551612,0.537071,0.559664,0.340795,0.574712,0.562706,0.440184,0.485402,0.532130,0.519995,0.519507,0.565791,0.484756,0.502383,0.586250,0.607765,0.503764,0.539643,0.547427,0.456301,0.547277,0.522459,0.573009,0.531627,0.577594,0.504005,0.471756,0.486876,0.593933,0.474177,0.541386,0.600057,0.644672,0.551949,0.578281,0.581670,0.532690,0.609477,0.505347,0.550717,0.567171,0.596773,0.574582,0.405158,0.601404,0.524390,0.479095,0.570578,0.578498,0.383811,0.475631,0.588564,0.583326
0.448896,0.560955,0.568241,0.578285,0.516706,0.575040,0.582905,0.593050,0.478985,0.608490,0.453820,0.514750,0.385646,0.499633,0.548128,0.507744,0.363305,0.468865,0.000000,0.472059,0.575583,0.411805,0.488402,0.529028,0.584369,0.436995,0.642097,0.436862,0.506475,0.594877,0.515722,0.604906,0.502033,0.574586,0.564544,0.470690,0.500845,0.490901,0.602782,0.621719,0.617378,0.599462,0.446471,0.634486,0.510935,0.536570,0.648925,0.620326,0.587332,0.662377,0.574684,0.451316,0.640005,0.587723,0.526199,0.530126,0.569849,0.462865,0.605147,0.593687,0.485592,0.433968,0.659129,0.655687,0.629767,0.666878,0.603855,0.585922,0.550544,0.615213,0.572865,0.514873,0.490633,0.549374,0.601319,0.513892,0.684513,0.553462,0.494242,0.662563,0.754199,0.613885,0.482460,0.550058,0.660160,0.740771,0.584108,0.611223,0.685489,0.704796,0.640300,0.584158,0.614085,0.530896,0.556548,0.734891,0.656856,0.510084,0.543943,0.689266,0.640271
0.450059,0.532552,0.514655,0.538840,0.401191,0.579602,0.504794,0.486541,0.434623,0.593034,0.454139,0.579126,0.489876,0.558731,0.605820,0.403771,0.457693,0.153480,0.472059,0.000000,0.625373,0.563609,0.339554,0.477799,0.621287,0.484113,0.570686,0.366525,0.360986,0.525267,0.546507,0.572432,0.399606,0.615033,0.609796,0.514393,0.499305,0.552883,0.493712,0.649719,0.564664,0.594562,0.316706,0.567155,0.442322,0.561403,0.619302,0.596416,0.539135,0.591041,0.577186,0.331198,0.644458,0.610007,0.502073,0.553943,0.587139,0.595153,0.564929,0.581148,0.545960,0.573605,0.631680,0.659602,0.512727,0.536432,0.615134,0.487276,0.596230,0.561388,0.613482,0.523771,0.644468,0.552318,0.525677,0.552491,0.601636,0.469101,0.620342,0.608867,0.667813,0.600879,0.584766,0.633717,0.535951,0.662174,0.584202,0.569603,0.590052,0.643242,0.656394,0.443641,0.637691,0.527166,0.494507,0.632078,0.615911,0.400955,0.566500,0.622739,0.588636
0.450467,0.599942,0.451188,0.451186,0.576274,0.496985,0.531962,0.410608,0.595429,0.475391,0.620948,0.387829,0.548213,0.543465,0.073071,0.634618,0.555841,0.573149,0.575583,0.625373,0.000000,0.628418,0.590956,0.517468,0.600694,0.595078,0.521344,0.583446,0.570597,0.591557,0.615043,0.573401,0.593778,0.612299,0.435318,0.503036,0.643376,0.503536,0.432331,0.577113,0.675427,0.492315,0.653560,0.600329,0.584903,0.533367,0.633105,0.394482,0.595771,0.569874,0.580306,0.616512,0.435578,0.597863,0.671539,0.691322,0.552194,0.617991,0.452345,0.609125,0.515940,0.593727,0.589146,0.626151,0.472182,0.432124,0.598272,0.431219,0.526227,0.684357,0.509428,0.625831,0.656028,0.597412,0.694004,0.661253,0.556893,0.660458,0.568477,0.556587,0.556763,0.636682,0.651453,0.574780,0.435213,0.620967,0.429428,0.659614,0.585083,0.544256,0.664507,0.614645,0.507204,0.604484,0.578405,0.634918,0.652374,0.645057,0.511978,0.565582,0.652666
0.456459,0.587952,0.606950,0.601519,0.563088,0.696340,0.596889,0.652418,0.414215,0.607169,0.247649,0.543459,0.266645,0.418133,0.599873,0.528656,0.356496,0.516665,0.411805,0.563609,0.628418,0.000000,0.450765,0.523667,0.565860,0.353232,0.635122,0.508211,0.513042,0.660513,0.419780,0.661413,0.575318,0.535752,0.564162,0.574028,0.505033,0.544403,0.622531,0.543285,0.625667,0.631553,0.411832,0.716798,0.548762,0.506741,0.706571,0.590788,0.628806,0.659871,0.585993,0.485049,0.740733,0.581798,0.467544,0.597387,0.666478,0.410796,0.669433,0.602963,0.516714,0.601782,0.660548,0.694633,0.703899,0.735533,0.535526,0.618244,0.502246,0.602245,0.595850,0.497381,0.374364,0.586319,0.569013,0.486545,0.695924,0.673318,0.479116,0.705215,0.775353,0.686601,0.419327,0.470575,0.736296,0.770965,0.591096,0.656738,0.714542,0.695863,0.696008,0.583885,0.618019,0.604201,0.607397,0.743697,0.745274,0.484790,0.577890,0.766653,0.714710
0.458378,0.567552,0.483798,0.517116,0.456182,0.584917,0.492420,0.547124,0.467972,0.565300,0.425619,0.498750,0.361308,0.525911,0.562531,0.458868,0.370955,0.352475,0.488402,0.339554,0.590956,0.450765,0.000000,0.445588,0.575232,0.436277,0.547641,0.369895,0.215772,0.509091,0.540997,0.549775,0.499222,0.557832,0.506536,0.531974,0.565536,0.524475,0.531121,0.628751,0.531471,0.613407,0.140526,0.613749,0.464230,0.555483,0.621245,0.599357,0.601611,0.545235,0.576246,0.192847,0.636672,0.593275,0.490363,0.508975,0.678497,0.517957,0.656860,0.574732,0.533638,0.535393,0.610685,0.590549,0.573033,0.605498,0.623402,0.542434,0.596502,0.638086,0.637275,0.534083,0.599681,0.550595,0.578723,0.521815,0.574512,0.515614,0.573840,0.635115,0.648843,0.637838,0.562724,0.560366,0.614177,0.722457,0.571209,0.609555,0.558123,0.596709,0.609583,0.431250,0.676000,0.597537,0.531127,0.657733,0.639612,0.213394,0.559658,0.644477,0.626308
0.458418,0.560282,0.479346,0.512568,0.444144,0.644947,0.546097,0.452553,0.363199,0.558500,0.414166,0.602169,0.464461,0.442645,0.525880,0.417594,0.453525,0.473890,0.529028,0.477799,0.517468,0.523667,0.445588,0.000000,0.615432,0.432863,0.571913,0.416450,0.411540,0.604770,0.564220,0.635657,0.497929,0.562418,0.597848,0.455529,0.558481,0.463948,0.452776,0.601716,0.538924,0.605053,0.430301,0.611344,0.510067,0.624655,0.655421,0.460753,0.587963,0.603643,0.613501,0.435183,0.660839,0.600850,0.470565,0.501059,0.672864,0.511117,0.519423,0.621169,0.438036,0.636309,0.605658,0.618207,0.458763,0.460177,0.643181,0.446016,0.456471,0.594045,0.634718,0.557573,0.646737,0.578918,0.553228,0.557037,0.597932,0.552355,0.616180,0.627744,0.644588,0.655617,0.522046,0.572033,0.459664,0.640307,0.531556,0.657075,0.612450,0.582313,0.676380,0.490404,0.660708,0.542074,0.490330,0.711906,0.691147,0.422840,0.558314,0.641192,0.626241
0.460027,0.522283,0.446864,0.480618,0.554982,0.562254,0.463022,0.628920,0.531742,0.378311,0.554800,0.475483,0.572123,0.428916,0.573306,0.594705,0.524076,0.545664,0.584369,0.621287,0.600694,0.565860,0.575232,0.615432,0.000000,0.498486,0.573340,0.545239,0.536483,0.655503,0.452383,0.664712,0.646220,0.540633,0.344596,0.621342,0.609146,0.579963,0.598889,0.553149,0.619050,0.636056,0.600524,0.662286,0.616084,0.483538,0.466262,0.571388,0.577632,0.558158,0.558072,0.582828,0.508039,0.497911,0.617417,0.599512,0.565975,0.615214,0.599002,0.520838,0.538966,0.637585,0.580266,0.466456,0.603137,0.638978,0.622993,0.593424,0.636788,0.623353,0.537807,0.591580,0.602207,0.613531,0.613102,0.621262,0.632176,0.676522,0.563137,0.382615,0.569007,0.634442,0.656049,0.530762,0.640956,0.629078,0.511812,0.616129,0.610373,0.581900,0.215753,0.554628,0.593643,0.662986,0.609017,0.609307,0.605462,0.601130,0.567385,0.711610,0.578809
0.460622,0.518934,0.563626,0.596367,0.523535,0.677133,0.571098,0.574878,0.471285,0.598247,0.430050,0.548279,0.367161,0.446608,0.566982,0.486102,0.349740,0.465846,0.436995,0.484113,0.595078,0.353232,0.436277,0.432863,0.498486,0.000000,0.586849,0.457566,0.457164,0.641793,0.456072,0.654833,0.529254,0.556461,0.507480,0.527672,0.561114,0.481118,0.595413,0.559014,0.583484,0.636458,0.424386,0.653845,0.527220,0.569301,0.608774,0.567587,0.574186,0.617976,0.604705,0.418477,0.674175,0.562763,0.524688,0.574003,0.675714,0.456485,0.566568,0.594513,0.429569,0.568544,0.606138,0.621628,0.574666,0.617807,0.629816,0.581111,0.553083,0.616324,0.584296,0.564484,0.568027,0.561624,0.606201,0.498697,0.647642,0.605633,0.531939,0.641233,0.740389,0.696970,0.468366,0.501989,0.612305,0.793318,0.526812,0.669923,0.663866,0.680007,0.618483,0.547919,0.622678,0.558456,0.583923,0.716820,0.733708,0.428139,0.538325,0.721832,0.671985
0.462919,0.630884,0.358605,0.395588,0.533339,0.581776,0.205306,0.619876,0.464134,0.407762,0.551984,0.301064,0.506294,0.359157,0.502278,0.539136,0.532933,0.543635,0.642097,0.570686,0.521344,0.635122,0.547641,0.571913,0.573340,0.586849,0.000000,0.489369,0.542252,0.356875,0.534261,0.341674,0.564764,0.371503,0.399746,0.477377,0.433608,0.458542,0.525902,0.422582,0.545932,0.418580,0.543377,0.392887,0.549343,0.466898,0.678053,0.625537,0.602125,0.081546,0.499607,0.587367,0.483479,0.518406,0.465938,0.655901,0.685566,0.555332,0.584467,0.497310,0.595201,0.670521,0.423961,0.570929,0.587901,0.613485,0.459791,0.528385,0.597180,0.403269,0.596708,0.546946,0.609828,0.559847,0.595718,0.513070,0.082395,0.663095,0.621238,0.475650,0.421744,0.454926,0.635079,0.534856,0.618424,0.423042,0.501779,0.425428,0.105231,0.135878,0.547954,0.580660,0.584205,0.631379,0.485196,0.444191,0.535202,0.616693,0.487292,0.446868,0.551449
0.463407,0.514262,0.438336,0.474930,0.337159,0.522730,0.452770,0.565189,0.336285,0.514311,0.356513,0.492086,0.461406,0.481092,0.544969,0.394970,0.437301,0.319321,0.436862,0.366525,0.583446,0.508211,0.369895,0.416450,0.545239,0.457566,0.489369,0.000000,0.246672,0.449830,0.443652,0.494757,0.447328,0.572411,0.506998,0.538854,0.424221,0.526057,0.484128,0.599831,0.505536,0.553064,0.355227,0.483056,0.418523,0.489735,0.533256,0.531124,0.503964,0.504846,0.498907,0.319762,0.626187,0.524266,0.421098,0.441871,0.562587,0.515078,0.509669,0.524393,0.490229,0.497358,0.578118,0.579738,0.499519,0.534619,0.545105,0.457852,0.516462,0.486224,0.473398,0.450544,0.519865,0.480654,0.471617,0.501101,0.551381,0.421292,0.548643,0.628783,0.603752,0.516456,0.576034,0.600497,0.523903,0.595320,0.547173,0.563756,0.538880,0.533377,0.597078,0.229207,0.541853,0.525884,0.442030,0.567783,0.501268,0.386528,0.472677,0.544105,0.546879
0.464035,0.558726,0.463283,0.457529,0.302611,0.547719,0.485007,0.506709,0.428975,0.533124,0.408421,0.505103,0.417441,0.484752,0.555831,0.455301,0.411697,0.304169,0.506475,0.360986,0.570597,0.513042,0.215772,0.411540,0.536483,0.457164,0.542252,0.246672,0.000000,0.536938,0.507773,0.555577,0.497433,0.543104,0.493520,0.545773,0.509869,0.538272,0.459254,0.590667,0.386078,0.558887,0.237512,0.520848,0.483944,0.539846,0.555941,0.553597,0.557820,0.546613,0.582252,0.216942,0.622494,0.572863,0.475241,0.521955,0.607766,0.509310,0.546417,0.573309,0.507383,0.541811,0.515944,0.568172,0.502277,0.502774,0.604097,0.463323,0.543401,0.559126,0.596704,0.535645,0.591227,0.497706,0.456517,0.529104,0.576593,0.467496,0.532479,0.599972,0.601439,0.558200,0.561462,0.582124,0.507209,0.615395,0.502689,0.588280,0.568899,0.557966,0.612870,0.369807,0.624273,0.567653,0.470961,0.593041,0.572151,0.238585,0.513693,0.546327,0.558599
0.464680,0.613505,0.369291,0.404177,0.552853,0.581080,0.275760,0.632164,0.420941,0.502521,0.520003,0.400739,0.499340,0.462254,0.552896,0.519735,0.564062,0.514101,0.594877,0.525267,0.591557,0.660513,0.509091,0.604770,0.655503,0.641793,0.356875,0.449830,0.536938,0.000000,0.528959,0.100237,0.503413,0.499124,0.490704,0.551356,0.494595,0.568068,0.452866,0.578071,0.538471,0.500202,0.453813,0.323220,0.511985,0.552992,0.650635,0.697007,0.431196,0.332459,0.450052,0.530307,0.562918,0.637617,0.459579,0.650573,0.653066,0.573090,0.608152,0.422666,0.631774,0.536665,0.444924,0.571480,0.493070,0.550956,0.577336,0.446577,0.566168,0.474971,0.596565,0.518186,0.602617,0.679772,0.523487,0.525909,0.366961,0.646863,0.654152,0.635087,0.504503,0.349115,0.668030,0.589614,0.552683,0.556055,0.551827,0.553241,0.318302,0.441078,0.642160,0.527308,0.641162,0.625444,0.355482,0.469631,0.346904,0.550802,0.574068,0.363916,0.538372
0.465753,0.567987,0.509797,0.544420,0.531983,0.597284,0.504983,0.631095,0.399575,0.562698,0.412036,0.490546,0.450101,0.354437,0.591508,0.514285,0.414484,0.498650,0.515722,0.546507,0.615043,0.419780,0.540997,0.564220,0.452383,0.456072,0.534261,0.443652,0.507773,0.528959,0.000000,0.523886,0.569978,0.496924,0.462757,0.569655,0.345395,0.586998,0.534591,0.526982,0.622542,0.576897,0.503444,0.605370,0.552102,0.343544,0.585337,0.652436,0.525191,0.577201,0.507224,0.534013,0.623280,0.599710,0.393265,0.634753,0.555571,0.567486,0.603838,0.466411,0.641769,0.534237,0.560323,0.613179,0.629180,0.660471,0.455632,0.519517,0.568826,0.441431,0.399081,0.438306,0.371255,0.608311,0.521859,0.523392,0.601723,0.668369,0.489427,0.594138,0.713697,0.482469,0.575444,0.530173,0.657397,0.632310,0.573586,0.630860,0.635904,0.601153,0.606124,0.522451,0.446132,0.637947,0.484396,0.594451,0.508660,0.592262,0.580557,0.622916,0.600251
0.465996,0.632799,0.390140,0.373696,0.572714,0.558680,0.302564,0.658158,0.458396,0.510576,0.534630,0.356391,0.526243,0.460819,0.534145,0.539143,0.555092,0.546215,0.604906,0.572432,0.573401,0.661413,0.549775,0.635657,0.664712,0.654833,0.341674,0.494757,0.555577,0.100237,0.523886,0.000000,0.522190,0.485338,0.447855,0.550309,0.444638,0.563659,0.492586,0.564632,0.577689,0.451115,0.487119,0.298684,0.560117,0.500690,0.655881,0.682340,0.483877,0.330566,0.442207,0.546543,0.516533,0.645573,0.459826,0.660299,0.637046,0.593961,0.613263,0.401619,0.632290,0.567231,0.423986,0.567574,0.549809,0.591421,0.512861,0.475691,0.586620,0.438937,0.589985,0.496318,0.630929,0.647500,0.574517,0.565730,0.384328,0.663671,0.643506,0.648028,0.494070,0.330906,0.668359,0.594448,0.587274,0.527401,0.508697,0.516819,0.348749,0.456608,0.654988,0.551811,0.623671,0.594732,0.345881,0.442126,0.398818,0.557990,0.560688,0.333201,0.551802
0.466416,0.561794,0.558119,0.566241,0.435858,0.662212,0.515914,0.538402,0.367819,0.599651,0.423048,0.612920,0.486354,0.560163,0.581799,0.407868,0.489079,0.409040,0.502033,0.399606,0.593778,0.575318,0.499222,0.497929,0.646220,0.529254,0.564764,0.447328,0.497433,0.503413,0.569978,0.522190,0.000000,0.561004,0.621066,0.541731,0.499756,0.545634,0.498122,0.603649,0.519832,0.527656,0.440521,0.597317,0.408649,0.521978,0.702074,0.589892,0.561736,0.554792,0.612113,0.429213,0.663468,0.615077,0.505605,0.488957,0.593137,0.609853,0.477770,0.556503,0.554920,0.608459,0.603916,0.630646,0.492635,0.545887,0.602269,0.493490,0.521782,0.588758,0.643241,0.534345,0.623711,0.621274,0.539519,0.522466,0.612036,0.466611,0.649611,0.608845,0.696623,0.618954,0.581068,0.579061,0.546739,0.669406,0.570002,0.596585,0.595439,0.631464,0.685016,0.483244,0.679113,0.386110,0.417490,0.666524,0.611261,0.481736,0.523686,0.607781,0.595840
0.469066,0.652622,0.449662,0.479463,0.521027,0.660996,0.377500,0.690612,0.456660,0.499986,0.440882,0.461029,0.498026,0.213449,0.596622,0.577895,0.521993,0.559640,0.574586,0.615033,0.612299,0.535752,0.557832,0.562418,0.540633,0.556461,0.371503,0.572411,0.543104,0.499124,0.496924,0.485338,0.561004,0.000000,0.502892,0.511765,0.511568,0.496248,0.618466,0.294821,0.515702,0.454977,0.554171,0.486001,0.592890,0.510689,0.696856,0.660760,0.629464,0.369119,0.621012,0.581066,0.574401,0.571696,0.467370,0.631608,0.705656,0.588584,0.659430,0.548119,0.619093,0.670821,0.435379,0.580778,0.667990,0.705801,0.510414,0.573161,0.633333,0.518363,0.607571,0.605910,0.589723,0.645287,0.595350,0.573748,0.381693,0.647091,0.615250,0.496008,0.572781,0.534665,0.591393,0.241031,0.685408,0.514787,0.587885,0.564042,0.373161,0.433121,0.507769,0.609331,0.643140,0.610372,0.486102,0.535555,0.598299,0.556936,0.533680,0.533693,0.558240
0.470317,0.540998,0.397591,0.361342,0.567777,0.551563,0.390494,0.598640,0.545628,0.355079,0.576644,0.139338,0.510427,0.399349,0.372353,0.591326,0.513944,0.540128,0.564544,0.609796,0.435318,0.564162,0.506536,0.597848,0.344596,0.507480,0.399746,0.506998,0.493520,0.490704,0.462757,0.447855,0.621066,0.502892,0.000000,0.512545,0.624178,0.480150,0.562953,0.544261,0.589988,0.411389,0.534308,0.577090,0.636042,0.391964,0.492981,0.591002,0.568604,0.458395,0.551773,0.534237,0.367598,0.525442,0.591387,0.660784,0.603389,0.522748,0.574225,0.505084,0.550721,0.607042,0.530668,0.546539,0.561136,0.622905,0.519697,0.536881,0.565896,0.614146,0.527827,0.607734,0.618505,0.609052,0.609589,0.561246,0.450006,0.724318,0.464838,0.509122,0.487266,0.582439,0.621138,0.567989,0.614954,0.593505,0.348852,0.570463,0.464030,0.443225,0.506082,0.514450,0.575647,0.630526,0.535128,0.569685,0.580593,0.563964,0.449814,0.636241,0.591231
0.471911,0.582291,0.531611,0.592359,0.583626,0.635735,0.521976,0.508675,0.458395,0.587746,0.483015,0.532540,0.510346,0.474666,0.491024,0.511194,0.471761,0.520554,0.470690,0.514393,0.503036,0.574028,0.531974,0.455529,0.621342,0.527672,0.477377,0.538854,0.545773,0.551356,0.569655,0.550309,0.541731,0.511765,0.512545,0.000000,0.567635,0.135073,0.572102,0.581827,0.562997,0.528286,0.522944,0.665367,0.534855,0.576130,0.721220,0.546337,0.650321,0.500056,0.641824,0.523846,0.615975,0.569752,0.543542,0.561040,0.612652,0.528157,0.547116,0.619298,0.466424,0.565791,0.582823,0.600623,0.546952,0.554227,0.671684,0.532439,0.550693,0.653646,0.677656,0.601885,0.659497,0.575792,0.599628,0.525041,0.532599,0.524772,0.617296,0.610049,0.653960,0.658495,0.581384,0.540406,0.535773,0.680483,0.530566,0.590778,0.536285,0.510649,0.630625,0.532035,0.704425,0.552674,0.454683,0.730121,0.707084,0.558575,0.536559,0.667416,0.586285
0.472605,0.656933,0.532153,0.555512,0.500495,0.606734,0.443599,0.626600,0.362954,0.636662,0.397296,0.520457,0.525197,0.463757,0.621504,0.495278,0.486937,0.457845,0.500845,0.499305,0.643376,0.505033,0.565536,0.558481,0.609146,0.561114,0.433608,0.424221,0.509869,0.494595,0.345395,0.444638,0.499756,0.511568,0.624178,0.567635,0.000000,0.602606,0.569489,0.529285,0.631114,0.506588,0.515909,0.439067,0.534608,0.391035,0.692032,0.675530,0.569536,0.468782,0.459260,0.548998,0.724829,0.624555,0.325809,0.609272,0.550803,0.638550,0.617601,0.486582,0.656637,0.591265,0.588899,0.658529,0.682180,0.665030,0.355058,0.554109,0.603113,0.246342,0.477820,0.353528,0.445418,0.609707,0.531873,0.583186,0.533605,0.624603,0.633172,0.675970,0.700306,0.351957,0.630762,0.579061,0.660286,0.511210,0.631558,0.500403,0.546215,0.563100,0.643263,0.570471,0.493194,0.616847,0.419793,0.445386,0.537783,0.615897,0.631455,0.530802,0.595102
0.473679,0.588203,0.529727,0.605815,0.601508,0.665352,0.513141,0.569517,0.487066,0.576688,0.509272,0.512135,0.480139,0.452486,0.490742,0.516953,0.464173,0.576061,0.490901,0.552883,0.503536,0.544403,0.524475,0.463948,0.579963,0.481118,0.458542,0.526057,0.538272,0.568068,0.586998,0.563659,0.545634,0.496248,0.480150,0.135073,0.602606,0.000000,0.573870,0.562803,0.557569,0.544124,0.519049,0.655051,0.520381,0.572477,0.741466,0.588839,0.633011,0.486449,0.671879,0.510736,0.587621,0.532595,0.528703,0.598421,0.667399,0.480783,0.572167,0.621777,0.457736,0.608943,0.557808,0.596576,0.543928,0.563893,0.676420,0.544735,0.575408,0.661080,0.676035,0.644054,0.636699,0.581037,0.620581,0.530260,0.504688,0.555683,0.576357,0.607490,0.659690,0.656234,0.538111,0.517497,0.550432,0.682228,0.528424,0.574062,0.512512,0.503979,0.597892,0.570996,0.695022,0.564557,0.467697,0.770986,0.718842,0.527095,0.456142,0.665728,0.601653
0.474556,0.598278,0.452348,0.485518,0.440310,0.640421,0.464920,0.416236,0.454980,0.537292,0.523181,0.515718,0.510275,0.548836,0.400483,0.523826,0.522774,0.477928,0.602782,0.493712,0.432331,0.622531,0.531121,0.452776,0.598889,0.595413,0.525902,0.484128,0.459254,0.452866,0.534591,0.492586,0.498122,0.618466,0.562953,0.572102,0.569489,0.573870,0.000000,0.625790,0.495964,0.566911,0.506008,0.552426,0.515124,0.606928,0.707185,0.504288,0.435516,0.539653,0.484405,0.499325,0.563331,0.562755,0.533768,0.579601,0.593092,0.553099,0.458674,0.497027,0.508463,0.570623,0.510246,0.617056,0.302543,0.151754,0.635868,0.096338,0.526497,0.615011,0.582705,0.502933,0.560553,0.614727,0.477147,0.561777,0.558850,0.555639,0.534432,0.551465,0.563751,0.541449,0.592039,0.645122,0.206084,0.663376,0.482450,0.677652,0.548631,0.519446,0.644532,0.503071,0.601188,0.488150,0.492530,0.617998,0.414359,0.530946,0.494317,0.527154,0.575095
0.476288,0.656900,0.497181,0.502661,0.575285,0.670414,0.453983,0.655940,0.536995,0.531452,0.520589,0.475543,0.552546,0.198993,0.551239,0.632932,0.563792,0.589968,0.621719,0.649719,0.577113,0.543285,0.628751,0.601716,0.553149,0.559014,0.422582,0.599831,0.590667,0.578071,0.526982,0.564632,0.603649,0.294821,0.544261,0.581827,0.529285,0.562803,0.625790,0.000000,0.666823,0.496471,0.618321,0.574260,0.653030,0.528977,0.748431,0.650780,0.659912,0.426742,0.648051,0.651023,0.590904,0.577614,0.568967,0.715194,0.691881,0.638248,0.654901,0.621465,0.591005,0.695897,0.526143,0.632423,0.638640,0.669863,0.501895,0.609129,0.627252,0.495070,0.651527,0.640307,0.606105,0.673702,0.644549,0.643197,0.469459,0.678389,0.615921,0.530050,0.589604,0.632358,0.646414,0.359501,0.663689,0.537131,0.524680,0.576544,0.464367,0.475796,0.571629,0.672323,0.645424,0.675684,0.554491,0.555507,0.674613,0.641971,0.565278,0.619704,0.635420
0.479445,0.593498,0.542986,0.454954,0.303856,0.582731,0.517789,0.615999,0.424033,0.532272,0.422378,0.568520,0.574220,0.587193,0.661711,0.492597,0.592531,0.498078,0.617378,0.564664,0.675427,0.625667,0.531471,0.538924,0.619050,0.583484,0.545932,0.505536,0.386078,0.538471,0.622542,0.577689,0.519832,0.515702,0.589988,0.562997,0.631114,0.557569,0.495964,0.666823,0.000000,0.578934,0.548621,0.593515,0.565240,0.639519,0.639217,0.625213,0.537796,0.558403,0.591291,0.493604,0.609979,0.559118,0.518219,0.516679,0.666397,0.369015,0.605070,0.588436,0.580454,0.628829,0.470844,0.678494,0.471639,0.486535,0.707046,0.517462,0.475710,0.701022,0.689467,0.613731,0.618132,0.561498,0.305490,0.325055,0.567575,0.594301,0.613515,0.589046,0.604243,0.610769,0.638820,0.625961,0.499413,0.716507,0.532382,0.690002,0.562891,0.535837,0.654433,0.456741,0.730296,0.552958,0.552849,0.662236,0.509918,0.506647,0.500304,0.596942,0.688246
0.480710,0.638414,0.495100,0.425747,0.577198,0.537795,0.383462,0.620788,0.513128,0.497996,0.567793,0.387339,0.600941,0.429531,0.465890,0.565887,0.642144,0.534430,0.599462,0.594562,0.492315,0.631553,0.613407,0.605053,0.636056,0.636458,0.418580,0.553064,0.558887,0.500202,0.576897,0.451115,0.527656,0.454977,0.411389,0.528286,0.506588,0.544124,0.566911,0.496471,0.578934,0.000000,0.578482,0.490348,0.556351,0.532233,0.665089,0.605163,0.639290,0.459832,0.589042,0.577056,0.452575,0.650604,0.550380,0.648250,0.540283,0.636420,0.550510,0.588046,0.620259,0.627059,0.606227,0.600935,0.624859,0.622781,0.507902,0.547281,0.587534,0.467796,0.601449,0.553749,0.605418,0.573927,0.601833,0.616733,0.446234,0.636583,0.577386,0.579764,0.506207,0.522741,0.699766,0.585662,0.616860,0.508321,0.500741,0.510419,0.459594,0.421410,0.611658,0.577397,0.615485,0.622732,0.542470,0.527962,0.621029,0.610507,0.441790,0.593616,0.666652
0.481296,0.584282,0.468415,0.513955,0.428488,0.617976,0.462757,0.585283,0.398888,0.584937,0.376395,0.503024,0.318640,0.482680,0.609617,0.420195,0.351836,0.328059,0.446471,0.316706,0.653560,0.411832,0.140526,0.430301,0.600524,0.424386,0.543377,0.355227,0.237512,0.453813,0.503444,0.487119,0.440521,0.554171,0.534308,0.522944,0.515909,0.519049,0.506008,0.618321,0.548621,0.578482,0.000000,0.548092,0.419727,0.527984,0.619589,0.658805,0.569948,0.534219,0.553468,0.159694,0.654162,0.608188,0.445240,0.543125,0.642911,0.508765,0.625850,0.539664,0.502406,0.540746,0.595362,0.570296,0.559505,0.597684,0.590224,0.501697,0.582215,0.547794,0.612060,0.487134,0.518119,0.583351,0.532024,0.514981,0.573369,0.517410,0.567151,0.656969,0.629454,0.591388,0.539907,0.544477,0.598443,0.674810,0.555214,0.588298,0.549395,0.604579,0.641195,0.417746,0.659557,0.534694,0.476799,0.638819,0.604348,0.146346,0.559141,0.596664,0.567905
0.482824,0.613796,0.425160,0.386996,0.529118,0.530010,0.359386,0.642043,0.539039,0.503355,0.636086,0.498328,0.571438,0.504528,0.601972,0.543457,0.603310,0.517630,0.634486,0.567155,0.600329,0.716798,0.613749,0.611344,0.662286,0.653845,0.392887,0.483056,0.520848,0.323220,0.605370,0.298684,0.597317,0.486001,0.577090,0.665367,0.439067,0.655051,0.552426,0.574260,0.593515,0.490348,0.548092,0.000000,0.559895,0.600465,0.618210,0.673753,0.545112,0.381055,0.448577,0.558477,0.560356,0.674748,0.563513,0.685792,0.638784,0.655041,0.571989,0.477439,0.609237,0.688602,0.444657,0.563504,0.591174,0.604507,0.539726,0.528771,0.645366,0.392326,0.560120,0.514669,0.641502,0.642947,0.596596,0.653428,0.458115,0.652918,0.634742,0.603344,0.441241,0.312637,0.716222,0.612020,0.594928,0.354601,0.603067,0.533489,0.433149,0.505669,0.644658,0.611545,0.601445,0.658587,0.488226,0.295485,0.445211,0.588252,0.555672,0.182168,0.491278
