0.000000,0.232175,0.309706,0.370513,0.376100,0.390282,0.403682,0.410122,0.416187,0.419689,0.420860,0.424372,0.425412,0.427734,0.429174,0.430231,0.435380,0.435688,0.436827,0.439097,0.441938,0.444960,0.445301,0.445912,0.447872,0.448725,0.450671,0.452082,0.453186,0.453465,0.453876,0.455733,0.457326,0.457591,0.458540,0.458884,0.462812,0.462846,0.464501,0.466953,0.469810,0.470567,0.472021,0.472399,0.473085,0.473446,0.476089,0.476251,0.476393,0.476696,0.477799,0.478524,0.479390,0.479919,0.481481,0.482282,0.482330,0.483381,0.484404,0.484810,0.486041,0.486165,0.486206,0.487288,0.487710,0.487876,0.488509,0.488570,0.489655,0.489907,0.491151,0.493693,0.494955,0.495027,0.498832,0.498881,0.499070,0.499858,0.501828,0.502930,0.503018,0.503031,0.504486,0.504939,0.505442,0.505610,0.506769,0.506858,0.506892,0.508068,0.508534,0.508777,0.510594,0.511363,0.511662,0.511938,0.512402,0.512562,0.513231,0.513600,0.513832
0.232175,0.000000,0.339566,0.396838,0.307132,0.377062,0.470110,0.416986,0.490110,0.360172,0.503611,0.407679,0.440533,0.406712,0.416288,0.394679,0.367174,0.512700,0.361659,0.592142,0.442951,0.434998,0.415900,0.447381,0.450337,0.411386,0.326798,0.433385,0.385311,0.384997,0.577949,0.449251,0.518531,0.469809,0.388837,0.523455,0.386773,0.423921,0.545353,0.382713,0.380504,0.569322,0.598376,0.576851,0.566265,0.469258,0.436583,0.416722,0.430715,0.474861,0.505609,0.582269,0.485429,0.606380,0.405186,0.446566,0.417063,0.431918,0.459970,0.501451,0.492219,0.486195,0.561452,0.552758,0.502048,0.393529,0.458900,0.486443,0.517436,0.564329,0.548373,0.466975,0.547001,0.440063,0.503361,0.518167,0.429536,0.433172,0.394915,0.542586,0.648146,0.453920,0.467064,0.571498,0.434606,0.543620,0.423995,0.443646,0.534412,0.546818,0.507084,0.421382,0.365435,0.409261,0.503064,0.555669,0.526952,0.486926,0.457423,0.461715,0.397590
0.309706,0.339566,0.000000,0.325696,0.128548,0.301112,0.425163,0.202402,0.440524,0.271150,0.445835,0.342514,0.536947,0.319720,0.508960,0.330773,0.323552,0.459769,0.291155,0.575933,0.443354,0.384421,0.417250,0.365281,0.307641,0.286955,0.437948,0.354338,0.286176,0.453763,0.684254,0.362242,0.669810,0.651844,0.395373,0.503838,0.436910,0.398359,0.505348,0.282548,0.327572,0.642809,0.653291,0.480144,0.542992,0.574877,0.307083,0.360582,0.367520,0.476010,0.264395,0.644553,0.612862,0.722364,0.264433,0.563458,0.336416,0.303805,0.460812,0.441156,0.574486,0.359085,0.635755,0.592048,0.367888,0.385033,0.239474,0.556598,0.577398,0.567800,0.590263,0.586589,0.457202,0.340792,0.648695,0.667209,0.383327,0.386827,0.313974,0.454888,0.587691,0.291002,0.442123,0.737696,0.270934,0.558469,0.357692,0.256842,0.697909,0.482573,0.545611,0.323312,0.337188,0.346936,0.669392,0.595729,0.651928,0.604255,0.446535,0.531435,0.354446
0.370513,0.396838,0.325696,0.000000,0.402787,0.441272,0.516104,0.388313,0.502246,0.428202,0.544330,0.480079,0.476905,0.410484,0.442430,0.447079,0.470556,0.538329,0.454850,0.594935,0.518780,0.579980,0.520065,0.514072,0.440301,0.520066,0.438196,0.457940,0.423746,0.522431,0.712335,0.472132,0.654799,0.644502,0.500345,0.532185,0.478167,0.438303,0.553738,0.502787,0.462216,0.657430,0.685369,0.570514,0.584154,0.610151,0.463660,0.499419,0.441053,0.508918,0.399526,0.642639,0.529900,0.694459,0.494466,0.612227,0.448547,0.477248,0.536786,0.492384,0.583571,0.516866,0.619153,0.631797,0.535228,0.501495,0.433689,0.593469,0.604626,0.671586,0.591604,0.565877,0.612251,0.531544,0.625322,0.684368,0.511775,0.463443,0.512103,0.602813,0.624033,0.560664,0.284111,0.728689,0.508650,0.602040,0.546755,0.472136,0.650376,0.508987,0.580576,0.481594,0.566938,0.484876,0.525315,0.621965,0.639399,0.555828,0.294419,0.592372,0.500488
0.376100,0.307132,0.128548,0.402787,0.000000,0.353683,0.459094,0.268022,0.504351,0.302197,0.503795,0.363026,0.544834,0.379634,0.496569,0.355399,0.294817,0.491463,0.272093,0.610168,0.423467,0.366137,0.357588,0.357501,0.354814,0.339291,0.382928,0.356755,0.291278,0.390512,0.699845,0.381480,0.661283,0.630072,0.345901,0.522182,0.396054,0.369748,0.532659,0.295948,0.300444,0.649440,0.649609,0.565605,0.604453,0.542530,0.328535,0.302868,0.359224,0.514252,0.355191,0.689382,0.617358,0.705297,0.302883,0.550147,0.275678,0.309185,0.490381,0.473975,0.552936,0.393178,0.643644,0.609606,0.400243,0.350105,0.276662,0.550447,0.577981,0.637033,0.609954,0.527867,0.507609,0.352208,0.583618,0.627739,0.393279,0.375016,0.331052,0.524965,0.633001,0.327810,0.418932,0.675089,0.240389,0.596251,0.403514,0.259335,0.646994,0.524874,0.565262,0.256441,0.253342,0.311126,0.665906,0.603624,0.667212,0.568936,0.413818,0.449070,0.298917
0.390282,0.377062,0.301112,0.441272,0.353683,0.000000,0.264424,0.381614,0.408331,0.205702,0.292271,0.290228,0.541843,0.307839,0.550093,0.447927,0.362814,0.395547,0.404110,0.521225,0.396659,0.526740,0.391795,0.361942,0.323331,0.350568,0.489465,0.504712,0.427629,0.551570,0.704148,0.428627,0.746985,0.605489,0.537633,0.270566,0.421448,0.403392,0.312148,0.346052,0.444911,0.616898,0.706582,0.608562,0.407749,0.609781,0.432111,0.455659,0.493170,0.250848,0.434672,0.571911,0.631469,0.808220,0.300774,0.638219,0.474797,0.371114,0.535052,0.436405,0.629699,0.436628,0.727110,0.520122,0.401656,0.417383,0.443622,0.637657,0.521044,0.563095,0.551010,0.612767,0.395257,0.379395,0.681000,0.588951,0.325846,0.464287,0.381904,0.444921,0.587536,0.320657,0.528752,0.775807,0.504137,0.378098,0.436126,0.437460,0.702827,0.441164,0.412894,0.441904,0.410901,0.462539,0.652968,0.382182,0.662768,0.639597,0.571723,0.396558,0.450214
0.403682,0.470110,0.425163,0.516104,0.459094,0.264424,0.000000,0.456933,0.308750,0.311290,0.071697,0.318572,0.611883,0.340405,0.591460,0.484927,0.481676,0.489047,0.461401,0.407765,0.368506,0.608527,0.338300,0.413088,0.319782,0.455428,0.549273,0.605116,0.509566,0.597405,0.639285,0.512030,0.719183,0.603206,0.635451,0.257523,0.423441,0.464822,0.243272,0.490456,0.555332,0.495970,0.664246,0.530526,0.387417,0.667567,0.493264,0.560720,0.552876,0.227257,0.531539,0.589773,0.654184,0.786447,0.389976,0.703485,0.552914,0.431256,0.542568,0.398454,0.655527,0.502699,0.714122,0.453804,0.449983,0.484744,0.582048,0.673791,0.550886,0.542510,0.521391,0.658959,0.319900,0.538248,0.663383,0.534930,0.356591,0.502912,0.529419,0.362910,0.483023,0.440560,0.565436,0.750686,0.609546,0.374940,0.637016,0.538025,0.691096,0.362734,0.388452,0.492744,0.575444,0.493601,0.719586,0.386489,0.588302,0.688227,0.623063,0.400046,0.517633
0.410122,0.416986,0.202402,0.388313,0.268022,0.381614,0.456933,0.000000,0.514888,0.348004,0.477425,0.401880,0.526590,0.317684,0.520757,0.251772,0.294889,0.438901,0.306623,0.606819,0.454464,0.407850,0.461272,0.269420,0.306526,0.393998,0.443840,0.288302,0.249917,0.454599,0.626709,0.371922,0.609555,0.609521,0.378704,0.508122,0.503061,0.445429,0.513251,0.357575,0.331069,0.644594,0.617902,0.604249,0.608862,0.612625,0.386826,0.443625,0.334415,0.529845,0.238054,0.679818,0.582461,0.686149,0.317452,0.582426,0.300038,0.200863,0.538115,0.500848,0.553148,0.394068,0.630930,0.565198,0.425222,0.354758,0.255974,0.535137,0.622484,0.608385,0.637944,0.573683,0.562665,0.500655,0.642501,0.682236,0.425220,0.307554,0.326477,0.519622,0.625892,0.329950,0.437791,0.675528,0.270143,0.605101,0.462197,0.216529,0.678051,0.492229,0.586852,0.154969,0.432823,0.337481,0.645105,0.608624,0.652969,0.561137,0.449179,0.548098,0.349296
0.416187,0.490110,0.440524,0.502246,0.504351,0.408331,0.308750,0.514888,0.000000,0.434181,0.317833,0.472964,0.578583,0.496671,0.572502,0.563068,0.502790,0.580362,0.451653,0.488575,0.358086,0.654086,0.132291,0.505349,0.309933,0.573423,0.573617,0.669849,0.556585,0.602789,0.654727,0.529562,0.758531,0.677121,0.611578,0.307541,0.449930,0.527701,0.376500,0.575931,0.566624,0.624660,0.718985,0.501708,0.300524,0.583484,0.506999,0.514260,0.625197,0.374234,0.560630,0.703172,0.627989,0.795757,0.499811,0.600669,0.599518,0.511449,0.588575,0.353851,0.700116,0.581877,0.766092,0.580516,0.465041,0.490898,0.611815,0.690969,0.504856,0.606272,0.475794,0.702079,0.325924,0.548938,0.653413,0.488988,0.523581,0.564449,0.545338,0.393173,0.503657,0.558002,0.584338,0.799177,0.604508,0.426852,0.643919,0.587068,0.656017,0.541487,0.434677,0.579075,0.644524,0.455153,0.682421,0.484008,0.702587,0.698121,0.635311,0.359324,0.564376
0.419689,0.360172,0.271150,0.428202,0.302197,0.205702,0.311290,0.348004,0.434181,0.000000,0.356249,0.193066,0.499275,0.250241,0.481787,0.376115,0.356323,0.419203,0.368637,0.565098,0.366298,0.525757,0.394312,0.347615,0.313748,0.253424,0.461918,0.445864,0.396098,0.516789,0.683464,0.362620,0.710612,0.632324,0.488313,0.324460,0.424820,0.402604,0.391331,0.329982,0.410585,0.608169,0.710611,0.619561,0.498241,0.592281,0.398552,0.457301,0.447969,0.326642,0.427719,0.614655,0.618884,0.784445,0.179853,0.585819,0.426326,0.343039,0.472806,0.410219,0.604791,0.313577,0.731348,0.547939,0.398951,0.411774,0.358735,0.621101,0.473002,0.595006,0.552907,0.597591,0.397911,0.360514,0.670216,0.564388,0.302511,0.393594,0.322164,0.445300,0.605737,0.334983,0.525558,0.778426,0.445607,0.386813,0.419153,0.328999,0.667334,0.458696,0.366668,0.409208,0.351956,0.413126,0.687180,0.413521,0.623208,0.607425,0.552236,0.429304,0.350862
0.420860,0.503611,0.445835,0.544330,0.503795,0.292271,0.071697,0.477425,0.317833,0.356249,0.000000,0.356300,0.610050,0.365521,0.590621,0.518750,0.514344,0.501067,0.491274,0.393375,0.393927,0.631685,0.361126,0.465558,0.345656,0.489121,0.582255,0.624150,0.552592,0.621356,0.658231,0.535935,0.733421,0.592180,0.658556,0.265664,0.420693,0.529179,0.276983,0.538460,0.573504,0.527480,0.668208,0.546925,0.376563,0.672853,0.520936,0.581576,0.584289,0.270238,0.521963,0.599533,0.649715,0.775575,0.426117,0.707618,0.582691,0.465300,0.535368,0.423572,0.659502,0.542779,0.720598,0.464910,0.470993,0.514432,0.603981,0.671997,0.571224,0.554889,0.502182,0.666279,0.377939,0.571905,0.642816,0.547105,0.418724,0.528525,0.546865,0.407147,0.476258,0.497145,0.589198,0.760793,0.632751,0.386702,0.684754,0.571435,0.680765,0.427308,0.394932,0.506794,0.610247,0.511717,0.691908,0.391923,0.609302,0.693486,0.640691,0.423318,0.543298
0.424372,0.407679,0.342514,0.480079,0.363026,0.290228,0.318572,0.401880,0.472964,0.193066,0.356300,0.000000,0.557703,0.277457,0.541762,0.409358,0.439732,0.408498,0.449435,0.577840,0.394886,0.507960,0.432112,0.370670,0.412048,0.207560,0.497444,0.506162,0.462501,0.591492,0.668643,0.335902,0.731022,0.667919,0.561570,0.386497,0.449526,0.464582,0.450035,0.385215,0.474683,0.678302,0.707586,0.575403,0.538039,0.609300,0.428591,0.483606,0.492360,0.418318,0.445465,0.598477,0.663824,0.800545,0.184103,0.621763,0.495711,0.403625,0.507568,0.471688,0.660920,0.279874,0.770099,0.588693,0.444268,0.483581,0.404866,0.712478,0.550694,0.571765,0.598183,0.647521,0.480782,0.383370,0.695271,0.553393,0.414872,0.423655,0.410712,0.490106,0.543849,0.408067,0.563841,0.776175,0.480374,0.449762,0.469943,0.360702,0.721170,0.466315,0.460322,0.445999,0.405829,0.498890,0.739583,0.457623,0.609403,0.695877,0.584020,0.481305,0.356379
0.425412,0.440533,0.536947,0.476905,0.544834,0.541843,0.611883,0.526590,0.578583,0.499275,0.610050,0.557703,0.000000,0.531038,0.117865,0.412747,0.502324,0.473923,0.520801,0.574360,0.421609,0.591027,0.531942,0.571034,0.523440,0.609125,0.425743,0.408949,0.495493,0.384010,0.516814,0.460211,0.406848,0.361764,0.384250,0.520398,0.471004,0.552176,0.613695,0.557430,0.466822,0.543272,0.532961,0.660859,0.636271,0.523119,0.608161,0.577953,0.422631,0.634955,0.572430,0.454655,0.281435,0.471803,0.592936,0.435236,0.496905,0.544481,0.565673,0.582642,0.261605,0.610731,0.393286,0.542646,0.627281,0.471745,0.545470,0.331162,0.439583,0.553410,0.451784,0.238250,0.693908,0.641823,0.284491,0.462345,0.620541,0.431190,0.620392,0.704523,0.692385,0.668239,0.522377,0.446392,0.579058,0.554855,0.709279,0.578086,0.447817,0.634238,0.492097,0.567021,0.672688,0.533978,0.397330,0.529707,0.420405,0.239029,0.541900,0.602787,0.507080
0.427734,0.406712,0.319720,0.410484,0.379634,0.307839,0.340405,0.317684,0.496671,0.250241,0.365521,0.277457,0.531038,0.000000,0.501101,0.325756,0.381260,0.449710,0.385430,0.556429,0.433534,0.492396,0.474319,0.312103,0.355212,0.353005,0.496402,0.403539,0.377717,0.454821,0.683530,0.308405,0.660311,0.613128,0.490678,0.400703,0.404192,0.465958,0.401376,0.345551,0.439814,0.598633,0.693398,0.583716,0.538815,0.632982,0.490685,0.519564,0.439264,0.365590,0.451969,0.571570,0.559136,0.741593,0.247227,0.593394,0.422742,0.338659,0.408863,0.430343,0.566707,0.419212,0.691928,0.647280,0.433275,0.424199,0.371629,0.525045,0.597482,0.585677,0.559860,0.570012,0.556145,0.475250,0.677380,0.630849,0.268189,0.340659,0.392382,0.473810,0.565859,0.317269,0.473261,0.709972,0.474840,0.474851,0.435452,0.288490,0.704970,0.470795,0.467853,0.364364,0.432627,0.433588,0.681721,0.451160,0.612280,0.583502,0.554534,0.530465,0.358982
0.429174,0.416288,0.508960,0.442430,0.496569,0.550093,0.591460,0.520757,0.572502,0.481787,0.590621,0.541762,0.117865,0.501101,0.000000,0.389350,0.461188,0.488121,0.422176,0.615776,0.432513,0.549359,0.509035,0.528165,0.494640,0.576531,0.382281,0.376113,0.441101,0.352861,0.534503,0.488238,0.401369,0.379265,0.393185,0.539144,0.445172,0.528414,0.609195,0.559130,0.420649,0.539262,0.524615,0.621771,0.696567,0.490919,0.571201,0.555387,0.392906,0.612730,0.547342,0.481068,0.275073,0.466249,0.538675,0.389803,0.450960,0.463254,0.492450,0.580062,0.265059,0.548479,0.419680,0.575851,0.597288,0.423589,0.484124,0.333671,0.418164,0.592249,0.468156,0.250389,0.681398,0.606047,0.321042,0.474612,0.527317,0.390729,0.570271,0.674734,0.723428,0.627917,0.453484,0.450587,0.545816,0.565859,0.649704,0.507975,0.438090,0.621268,0.493731,0.535550,0.614701,0.424285,0.424104,0.603947,0.421169,0.252313,0.506583,0.617678,0.455991
0.430231,0.394679,0.330773,0.447079,0.355399,0.447927,0.484927,0.251772,0.563068,0.376115,0.518750,0.409358,0.412747,0.325756,0.389350,0.000000,0.334903,0.479579,0.349527,0.642556,0.355718,0.446005,0.488211,0.345150,0.356376,0.416929,0.402834,0.256972,0.333006,0.410185,0.580841,0.352720,0.510345,0.530143,0.344668,0.533502,0.446353,0.432698,0.598723,0.397298,0.333554,0.640340,0.582972,0.578585,0.654580,0.585906,0.399148,0.463174,0.366603,0.546364,0.435842,0.659030,0.499607,0.619410,0.371011,0.553650,0.401241,0.282534,0.472288,0.501636,0.486390,0.414733,0.578309,0.533675,0.498203,0.335495,0.267432,0.473039,0.540442,0.659867,0.641370,0.502687,0.553183,0.493320,0.626336,0.636927,0.432378,0.296428,0.390799,0.509038,0.682171,0.364140,0.468975,0.626974,0.331993,0.600486,0.496333,0.306017,0.666107,0.470069,0.568281,0.293864,0.446885,0.352070,0.638021,0.604412,0.596439,0.496444,0.491326,0.549778,0.337812
0.435380,0.367174,0.323552,0.470556,0.294817,0.362814,0.481676,0.294889,0.502790,0.356323,0.514344,0.439732,0.502324,0.381260,0.461188,0.334903,0.000000,0.544323,0.117428,0.663038,0.406232,0.338495,0.372874,0.300892,0.296670,0.418999,0.399015,0.296538,0.232905,0.364642,0.669549,0.376424,0.510902,0.572360,0.257515,0.513135,0.415874,0.399758,0.481942,0.316750,0.237188,0.598738,0.523277,0.652807,0.630596,0.519368,0.396142,0.368155,0.298929,0.448125,0.447546,0.649655,0.505321,0.616386,0.313253,0.427844,0.259177,0.257008,0.517507,0.442163,0.496977,0.423522,0.564904,0.644293,0.395271,0.136066,0.331213,0.462740,0.531977,0.675857,0.603164,0.553887,0.533594,0.465742,0.625467,0.602673,0.365291,0.307542,0.331730,0.537484,0.746333,0.389948,0.364199,0.589622,0.274381,0.591267,0.474146,0.231300,0.574716,0.513465,0.581673,0.301231,0.424545,0.199564,0.574726,0.595494,0.648401,0.552314,0.446196,0.445344,0.334584
0.435688,0.512700,0.459769,0.538329,0.491463,0.395547,0.489047,0.438901,0.580362,0.419203,0.501067,0.408498,0.473923,0.449710,0.488121,0.479579,0.544323,0.000000,0.537596,0.570645,0.473724,0.580505,0.572105,0.467678,0.475761,0.446190,0.557738,0.521700,0.524142,0.585360,0.549690,0.432823,0.652559,0.559271,0.581177,0.453705,0.577565,0.558693,0.463047,0.442447,0.551903,0.632097,0.643377,0.626427,0.571584,0.652496,0.473026,0.601548,0.574477,0.537768,0.519775,0.494416,0.591091,0.656694,0.430397,0.669845,0.537386,0.452402,0.617456,0.595254,0.601775,0.519430,0.657706,0.439716,0.527988,0.540232,0.503834,0.623408,0.610520,0.475148,0.635671,0.566650,0.579681,0.499301,0.605281,0.612130,0.565807,0.463482,0.544576,0.552793,0.517203,0.441137,0.613710,0.654029,0.598778,0.501989,0.486217,0.510904,0.699147,0.608597,0.519667,0.478678,0.476687,0.571285,0.656129,0.460478,0.610585,0.586076,0.632258,0.569182,0.418847
0.436827,0.361659,0.291155,0.454850,0.272093,0.404110,0.461401,0.306623,0.451653,0.368637,0.491274,0.449435,0.520801,0.385430,0.422176,0.349527,0.117428,0.537596,0.000000,0.678649,0.386187,0.334653,0.333120,0.340045,0.284866,0.441839,0.379334,0.323221,0.231596,0.348442,0.665352,0.399008,0.540184,0.577211,0.288865,0.530497,0.419815,0.413463,0.508485,0.356804,0.252548,0.564885,0.550086,0.595622,0.631918,0.491679,0.360301,0.359010,0.284900,0.460341,0.375499,0.630168,0.528424,0.607812,0.300397,0.417345,0.256327,0.255568,0.511359,0.426551,0.496867,0.395232,0.556265,0.641906,0.398630,0.154295,0.315642,0.454244,0.502493,0.630231,0.584102,0.554074,0.533907,0.460190,0.623341,0.604934,0.338940,0.338444,0.314994,0.548933,0.735668,0.367521,0.369489,0.602375,0.296651,0.600443,0.458840,0.242123,0.619746,0.518627,0.538234,0.311339,0.430175,0.105503,0.581445,0.635361,0.638879,0.557090,0.455592,0.463897,0.291550
0.439097,0.592142,0.575933,0.594935,0.610168,0.521225,0.407765,0.606819,0.488575,0.565098,0.393375,0.577840,0.574360,0.556429,0.615776,0.642556,0.663038,0.570645,0.678649,0.000000,0.521770,0.741543,0.570358,0.649129,0.550676,0.669644,0.562073,0.713421,0.660038,0.632289,0.745301,0.589645,0.735431,0.651942,0.711458,0.456737,0.537774,0.658138,0.496327,0.679320,0.612703,0.708769,0.709310,0.565688,0.501439,0.629028,0.599907,0.626987,0.665892,0.555508,0.681193,0.649425,0.612915,0.787730,0.655322,0.686740,0.656810,0.670522,0.575084,0.549278,0.658805,0.681959,0.739328,0.559450,0.652582,0.674527,0.674165,0.683249,0.666157,0.557566,0.505431,0.603578,0.568434,0.686738,0.558820,0.621022,0.640755,0.625885,0.701701,0.591662,0.526331,0.718103,0.634240,0.793628,0.713760,0.563377,0.775851,0.689286,0.538363,0.617618,0.563062,0.653127,0.716426,0.698388,0.672904,0.561585,0.616398,0.608956,0.664832,0.547030,0.650494
0.441938,0.442951,0.443354,0.518780,0.423467,0.396659,0.368506,0.454464,0.358086,0.366298,0.393927,0.394886,0.421609,0.433534,0.432513,0.355718,0.406232,0.473724,0.386187,0.521770,0.000000,0.569653,0.266164,0.447574,0.339423,0.485135,0.415964,0.504297,0.467898,0.455917,0.585586,0.389566,0.633556,0.559370,0.437852,0.385182,0.377346,0.467123,0.429725,0.480040,0.444177,0.615635,0.615627,0.546844,0.436663,0.488497,0.397368,0.442655,0.480554,0.445110,0.552182,0.675052,0.540233,0.724637,0.443980,0.510309,0.533037,0.436267,0.510896,0.410761,0.540810,0.503827,0.653492,0.501011,0.468639,0.336629,0.485975,0.559442,0.489887,0.516135,0.504855,0.531627,0.379796,0.516265,0.543166,0.484533,0.499599,0.456377,0.553589,0.443037,0.562944,0.526247,0.555239,0.694350,0.464863,0.464901,0.620302,0.475500,0.593962,0.471551,0.466034,0.465814,0.540919,0.349430,0.601229,0.521098,0.633253,0.541540,0.590054,0.388726,0.378688
0.444960,0.434998,0.384421,0.579980,0.366137,0.526740,0.608527,0.407850,0.654086,0.525757,0.631685,0.507960,0.591027,0.492396,0.549359,0.446005,0.338495,0.580505,0.334653,0.741543,0.569653,0.000000,0.514428,0.420275,0.506404,0.436212,0.527314,0.372035,0.413252,0.440943,0.609458,0.497518,0.458353,0.595263,0.345146,0.668026,0.551912,0.425128,0.602693,0.393254,0.413500,0.572564,0.519720,0.674292,0.735321,0.641294,0.456159,0.459326,0.443596,0.590265,0.510964,0.624423,0.587621,0.485357,0.449814,0.568183,0.396460,0.431533,0.595722,0.648095,0.521320,0.562198,0.501612,0.658393,0.457491,0.420101,0.445232,0.485389,0.597556,0.583371,0.661081,0.546077,0.612700,0.524775,0.620920,0.685506,0.506331,0.472143,0.385407,0.659921,0.771493,0.373671,0.494236,0.467284,0.346511,0.676973,0.475688,0.394420,0.613396,0.627216,0.663833,0.385745,0.428535,0.413819,0.649491,0.704084,0.708389,0.588803,0.567600,0.590923,0.442082
0.445301,0.415900,0.417250,0.520065,0.357588,0.391795,0.338300,0.461272,0.132291,0.394312,0.361126,0.432112,0.531942,0.474319,0.509035,0.488211,0.372874,0.572105,0.333120,0.570358,0.266164,0.514428,0.000000,0.437472,0.280731,0.520982,0.429754,0.547737,0.451605,0.436194,0.634687,0.482203,0.678408,0.622390,0.432574,0.331712,0.350125,0.434926,0.392235,0.460504,0.439887,0.613350,0.661791,0.560151,0.380381,0.535801,0.419935,0.414684,0.515943,0.387412,0.508772,0.717798,0.556188,0.739684,0.438661,0.533115,0.468921,0.421185,0.577679,0.372256,0.601031,0.515178,0.693182,0.560230,0.419722,0.330279,0.524908,0.590071,0.506692,0.612007,0.497260,0.599980,0.330007,0.505975,0.558097,0.467388,0.451830,0.443745,0.470404,0.430559,0.595998,0.484431,0.488906,0.680522,0.451741,0.441741,0.593516,0.484029,0.594413,0.499317,0.422679,0.407133,0.489314,0.312460,0.630771,0.473849,0.703156,0.620734,0.534171,0.237165,0.410346
0.445912,0.447381,0.365281,0.514072,0.357501,0.361942,0.413088,0.269420,0.505349,0.347615,0.465558,0.370670,0.571034,0.312103,0.528165,0.345150,0.300892,0.467678,0.340045,0.649129,0.447574,0.420275,0.437472,0.000000,0.343808,0.412457,0.461533,0.387201,0.320293,0.472144,0.649013,0.392717,0.633552,0.628746,0.426432,0.438391,0.434145,0.442830,0.460741,0.371586,0.393389,0.610663,0.647806,0.688385,0.593119,0.610533,0.458008,0.474340,0.380282,0.430695,0.478666,0.680037,0.558812,0.678385,0.328753,0.593002,0.375498,0.159482,0.506623,0.516927,0.605126,0.441898,0.651100,0.618651,0.440462,0.357224,0.377992,0.534958,0.604548,0.680960,0.643135,0.621303,0.502903,0.458204,0.695036,0.617186,0.407287,0.302475,0.375525,0.503118,0.683746,0.313290,0.513465,0.656678,0.394070,0.516945,0.479432,0.284940,0.681698,0.498510,0.521095,0.277975,0.424118,0.377963,0.706718,0.527931,0.687287,0.626777,0.561532,0.491576,0.375346
0.447872,0.450337,0.307641,0.440301,0.354814,0.323331,0.319782,0.306526,0.309933,0.313748,0.345656,0.412048,0.523440,0.355212,0.494640,0.356376,0.296670,0.475761,0.284866,0.550676,0.339423,0.506404,0.280731,0.343808,0.000000,0.431088,0.458085,0.426534,0.345623,0.419407,0.635751,0.413096,0.666139,0.607179,0.424732,0.346599,0.410739,0.449339,0.369193,0.360845,0.400640,0.587027,0.660339,0.536119,0.484665,0.594753,0.406947,0.419492,0.429040,0.327324,0.434712,0.683351,0.577437,0.742323,0.317779,0.610599,0.412597,0.313968,0.531338,0.350104,0.579007,0.433799,0.686921,0.567578,0.326940,0.263880,0.389451,0.529128,0.532159,0.603998,0.523511,0.570692,0.409597,0.475074,0.660703,0.602689,0.364457,0.397630,0.392912,0.408867,0.609603,0.354462,0.459840,0.724714,0.405216,0.451670,0.509225,0.369666,0.673002,0.464775,0.434520,0.356838,0.492049,0.270252,0.640976,0.470321,0.670524,0.568617,0.500772,0.386070,0.392281
0.448725,0.411386,0.286955,0.520066,0.339291,0.350568,0.455428,0.393998,0.573423,0.253424,0.489121,0.207560,0.609125,0.353005,0.576531,0.416929,0.418999,0.446190,0.441839,0.669644,0.485135,0.436212,0.520982,0.412457,0.431088,0.000000,0.553906,0.474028,0.432165,0.549838,0.666387,0.403111,0.685080,0.665541,0.522438,0.520105,0.477922,0.484626,0.537782,0.317118,0.468734,0.658012,0.738463,0.569051,0.584367,0.633932,0.443940,0.501150,0.511028,0.491470,0.477757,0.653759,0.638432,0.765616,0.174027,0.611731,0.478328,0.421719,0.495430,0.503589,0.621906,0.291424,0.714689,0.607469,0.419935,0.477303,0.400991,0.657334,0.624055,0.611592,0.646977,0.642340,0.534597,0.344602,0.686990,0.681623,0.406785,0.457334,0.384180,0.525603,0.650932,0.358031,0.603360,0.757756,0.420526,0.526361,0.403250,0.352687,0.728153,0.548564,0.526190,0.449761,0.384334,0.488266,0.707005,0.546006,0.627988,0.660694,0.576701,0.547311,0.387238
0.450671,0.326798,0.437948,0.438196,0.382928,0.489465,0.549273,0.443840,0.573617,0.461918,0.582255,0.497444,0.425743,0.496402,0.382281,0.402834,0.399015,0.557738,0.379334,0.562073,0.415964,0.527314,0.429754,0.461533,0.458085,0.553906,0.000000,0.459521,0.355400,0.392031,0.690323,0.455770,0.597946,0.555654,0.370619,0.562220,0.347692,0.427830,0.573633,0.498526,0.357443,0.655063,0.655111,0.630378,0.651958,0.481764,0.446091,0.442545,0.381228,0.584399,0.538312,0.706461,0.434107,0.687784,0.488530,0.468908,0.362555,0.459846,0.457219,0.548467,0.484477,0.522391,0.632764,0.609239,0.596046,0.344518,0.440966,0.491579,0.582991,0.672438,0.624291,0.437448,0.589292,0.541025,0.461600,0.627068,0.573001,0.369879,0.510454,0.603023,0.764626,0.529829,0.407619,0.666597,0.426410,0.655187,0.582298,0.419102,0.500572,0.530773,0.598344,0.391628,0.487432,0.375185,0.570145,0.665776,0.619905,0.441374,0.436606,0.473956,0.385158
0.452082,0.433385,0.354338,0.457940,0.356755,0.504712,0.605116,0.288302,0.669849,0.445864,0.624150,0.506162,0.408949,0.403539,0.376113,0.256972,0.296538,0.521700,0.323221,0.713421,0.504297,0.372035,0.547737,0.387201,0.426534,0.474028,0.459521,0.000000,0.288118,0.293394,0.573704,0.433400,0.374058,0.504232,0.230995,0.646317,0.523400,0.456149,0.639512,0.380208,0.291619,0.570013,0.521426,0.668433,0.791461,0.621707,0.454136,0.452131,0.307082,0.643044,0.464003,0.605870,0.464068,0.456348,0.393647,0.520286,0.322610,0.335561,0.564050,0.595821,0.317561,0.472418,0.385762,0.626141,0.495134,0.293660,0.250960,0.297309,0.593268,0.647381,0.663902,0.410732,0.692011,0.541667,0.553527,0.696773,0.465674,0.326320,0.414394,0.660959,0.767886,0.453470,0.396739,0.439996,0.276380,0.682757,0.499464,0.273949,0.599145,0.565390,0.680966,0.299641,0.449266,0.362659,0.508420,0.670707,0.593469,0.423083,0.466543,0.653054,0.363236
0.453186,0.385311,0.286176,0.423746,0.291278,0.427629,0.509566,0.249917,0.556585,0.396098,0.552592,0.462501,0.495493,0.377717,0.441101,0.333006,0.232905,0.524142,0.231596,0.660038,0.467898,0.413252,0.451605,0.320293,0.345623,0.432165,0.355400,0.288118,0.000000,0.349238,0.708522,0.404072,0.591718,0.596060,0.293436,0.589265,0.479471,0.456663,0.551650,0.331319,0.224491,0.667753,0.566884,0.596600,0.684692,0.519010,0.441615,0.374798,0.250994,0.566186,0.432569,0.721666,0.527354,0.662253,0.360282,0.468142,0.189329,0.225588,0.535719,0.492766,0.483745,0.419393,0.572612,0.632354,0.466258,0.300539,0.277092,0.471163,0.603202,0.698477,0.627688,0.519140,0.621243,0.489626,0.603915,0.700961,0.392239,0.285829,0.365603,0.597112,0.742135,0.418351,0.398244,0.658612,0.268932,0.653735,0.450759,0.204910,0.594324,0.542831,0.606749,0.277244,0.408384,0.306519,0.599400,0.671065,0.671843,0.513332,0.413786,0.549304,0.352615
0.453465,0.384997,0.453763,0.522431,0.390512,0.551570,0.597405,0.454599,0.602789,0.516789,0.621356,0.591492,0.384010,0.454821,0.352861,0.410185,0.364642,0.585360,0.348442,0.632289,0.455917,0.440943,0.436194,0.472144,0.419407,0.549838,0.392031,0.293394,0.349238,0.000000,0.590485,0.451591,0.407131,0.458968,0.223423,0.580386,0.444674,0.499765,0.618789,0.416164,0.315259,0.579040,0.550977,0.600549,0.700123,0.501730,0.519622,0.392771,0.398190,0.629318,0.557392,0.580046,0.397996,0.489990,0.499978,0.467748,0.382754,0.434803,0.560071,0.564689,0.262259,0.558730,0.420643,0.656820,0.503435,0.300923,0.419679,0.136564,0.551147,0.632649,0.529367,0.313156,0.689840,0.547107,0.403753,0.605187,0.441020,0.412138,0.484422,0.628615,0.803202,0.538901,0.432210,0.428063,0.364988,0.658567,0.542922,0.392560,0.457331,0.611256,0.592684,0.366469,0.442947,0.322251,0.494602,0.621824,0.605765,0.330294,0.494604,0.496108,0.355557
0.453876,0.577949,0.684254,0.712335,0.699845,0.704148,0.639285,0.626709,0.654727,0.683464,0.658231,0.668643,0.516814,0.683530,0.534503,0.580841,0.669549,0.549690,0.665352,0.745301,0.585586,0.609458,0.634687,0.649013,0.635751,0.666387,0.690323,0.573704,0.708522,0.590485,0.000000,0.619548,0.422110,0.428952,0.604150,0.728760,0.687487,0.680936,0.690886,0.696542,0.718234,0.367195,0.509360,0.654196,0.712468,0.717478,0.677816,0.726484,0.660870,0.727928,0.682606,0.469079,0.575429,0.431118,0.689469,0.658923,0.688946,0.675635,0.704800,0.657787,0.524767,0.741704,0.511384,0.566464,0.711878,0.634099,0.651416,0.544215,0.574537,0.435710,0.644670,0.516239,0.638779,0.690324,0.572556,0.467989,0.716958,0.608583,0.700668,0.652328,0.615893,0.728067,0.693237,0.395913,0.696012,0.701251,0.731925,0.701172,0.649986,0.643069,0.689128,0.665612,0.723630,0.648366,0.610932,0.682295,0.466536,0.503051,0.708147,0.684329,0.617704
0.455733,0.449251,0.362242,0.472132,0.381480,0.428627,0.512030,0.371922,0.529562,0.362620,0.535935,0.335902,0.460211,0.308405,0.488238,0.352720,0.376424,0.432823,0.399008,0.589645,0.389566,0.497518,0.482203,0.392717,0.413096,0.403111,0.455770,0.433400,0.404072,0.451591,0.619548,0.000000,0.683857,0.590728,0.437768,0.523507,0.440831,0.500328,0.591799,0.390242,0.412613,0.667899,0.671871,0.565314,0.601866,0.469431,0.437161,0.491240,0.383586,0.573854,0.443756,0.667161,0.584748,0.764308,0.357125,0.482569,0.407001,0.375208,0.463359,0.465125,0.605798,0.431408,0.709734,0.634275,0.503546,0.410628,0.346153,0.546317,0.602747,0.597310,0.526877,0.582850,0.592791,0.515393,0.631336,0.630513,0.495605,0.297201,0.482895,0.585293,0.571628,0.479090,0.523104,0.725791,0.391327,0.557840,0.519770,0.292146,0.667838,0.583321,0.542089,0.420733,0.480649,0.411589,0.629643,0.541418,0.633434,0.590918,0.554115,0.541165,0.167132
0.457326,0.518531,0.669810,0.654799,0.661283,0.746985,0.719183,0.609555,0.758531,0.710612,0.733421,0.731022,0.406848,0.660311,0.401369,0.510345,0.510902,0.652559,0.540184,0.735431,0.633556,0.458353,0.678408,0.633552,0.666139,0.685080,0.597946,0.374058,0.591718,0.407131,0.422110,0.683857,0.000000,0.421173,0.390935,0.730639,0.683133,0.597370,0.702365,0.632441,0.560273,0.422100,0.394917,0.690598,0.768450,0.692206,0.655946,0.670999,0.542381,0.775374,0.697605,0.451436,0.372976,0.181241,0.654612,0.569845,0.575590,0.626057,0.702942,0.696507,0.301564,0.665122,0.198345,0.626570,0.688298,0.506521,0.616766,0.315750,0.614661,0.597320,0.665882,0.398897,0.763548,0.732155,0.495783,0.597144,0.664368,0.575653,0.657866,0.770708,0.781508,0.708571,0.555683,0.166034,0.584856,0.747983,0.727409,0.631550,0.495547,0.667367,0.680585,0.597080,0.705012,0.556026,0.519092,0.712221,0.559602,0.399856,0.608441,0.696818,0.620850
0.457591,0.469809,0.651844,0.644502,0.630072,0.605489,0.603206,0.609521,0.677121,0.632324,0.592180,0.667919,0.361764,0.613128,0.379265,0.530143,0.572360,0.559271,0.577211,0.651942,0.559370,0.595263,0.622390,0.628746,0.607179,0.665541,0.555654,0.504232,0.596060,0.458968,0.428952,0.590728,0.421173,0.000000,0.495469,0.619907,0.563106,0.599289,0.679326,0.613847,0.533319,0.504966,0.541042,0.710859,0.678008,0.571580,0.636033,0.624698,0.507145,0.667531,0.621483,0.522613,0.396895,0.452628,0.675461,0.482037,0.551840,0.648171,0.628211,0.640481,0.370175,0.658439,0.427691,0.583237,0.657247,0.535142,0.661852,0.387377,0.526466,0.565092,0.518211,0.396651,0.732438,0.682469,0.443401,0.512340,0.616384,0.525153,0.675509,0.691643,0.718650,0.701476,0.597363,0.440686,0.633291,0.642979,0.701079,0.689776,0.498918,0.628814,0.645004,0.614612,0.680339,0.591730,0.428424,0.597433,0.502295,0.403035,0.627208,0.639851,0.588345
0.458540,0.388837,0.395373,0.500345,0.345901,0.537633,0.635451,0.378704,0.611578,0.488313,0.658556,0.561570,0.384250,0.490678,0.393185,0.344668,0.257515,0.581177,0.288865,0.711458,0.437852,0.345146,0.432574,0.426432,0.424732,0.522438,0.370619,0.230995,0.293436,0.223423,0.604150,0.437768,0.390935,0.495469,0.000000,0.631429,0.444619,0.468506,0.645885,0.378062,0.282738,0.631345,0.518133,0.636413,0.740438,0.530644,0.480674,0.369203,0.340320,0.646924,0.521965,0.627322,0.395436,0.503895,0.456131,0.458533,0.311248,0.382111,0.571503,0.556252,0.349031,0.527664,0.403978,0.639278,0.510601,0.227833,0.356436,0.298023,0.590796,0.647878,0.591067,0.392733,0.655236,0.576366,0.477182,0.647432,0.496548,0.361174,0.435892,0.653739,0.815759,0.488157,0.432313,0.457247,0.266633,0.717904,0.545894,0.311277,0.540031,0.613091,0.646706,0.334982,0.464385,0.299293,0.514758,0.691184,0.657385,0.396959,0.484720,0.541368,0.346564
0.458884,0.523455,0.503838,0.532185,0.522182,0.270566,0.257523,0.508122,0.307541,0.324460,0.265664,0.386497,0.520398,0.400703,0.539144,0.533502,0.513135,0.453705,0.530497,0.456737,0.385182,0.668026,0.331712,0.438391,0.346599,0.520105,0.562220,0.646317,0.589265,0.580386,0.728760,0.523507,0.730639,0.619907,0.631429,0.000000,0.434408,0.493310,0.233111,0.521758,0.600224,0.606317,0.688902,0.628321,0.291435,0.642793,0.533751,0.590996,0.615239,0.268559,0.549745,0.590248,0.575484,0.780541,0.456953,0.706607,0.630260,0.471581,0.606618,0.468971,0.651903,0.565345,0.740911,0.487304,0.475246,0.489548,0.636675,0.664482,0.508340,0.619816,0.450073,0.634802,0.371774,0.534390,0.620686,0.498738,0.487075,0.541002,0.530058,0.433608,0.528686,0.525688,0.630459,0.769503,0.667137,0.210766,0.644659,0.609229,0.668618,0.464595,0.269682,0.507069,0.587548,0.516061,0.663663,0.209461,0.695137,0.644837,0.649755,0.305355,0.579781
0.462812,0.386773,0.436910,0.478167,0.396054,0.421448,0.423441,0.503061,0.449930,0.424820,0.420693,0.449526,0.471004,0.404192,0.445172,0.446353,0.415874,0.577565,0.419815,0.537774,0.377346,0.551912,0.350125,0.434145,0.410739,0.477922,0.347692,0.523400,0.479471,0.444674,0.687487,0.440831,0.683133,0.563106,0.444619,0.434408,0.000000,0.506203,0.442576,0.471385,0.480704,0.664811,0.693232,0.615230,0.478088,0.543753,0.533821,0.490787,0.521795,0.439241,0.536542,0.612948,0.471411,0.760033,0.444568,0.558139,0.458145,0.466911,0.229080,0.485329,0.556643,0.513004,0.704319,0.659744,0.506154,0.352942,0.509760,0.561237,0.573442,0.561644,0.517447,0.489749,0.519104,0.535001,0.499552,0.510734,0.470502,0.384705,0.509679,0.569536,0.626057,0.510503,0.517512,0.714540,0.509791,0.517864,0.653728,0.466144,0.626729,0.542672,0.493974,0.450308,0.544547,0.388223,0.600084,0.540297,0.639911,0.526486,0.583966,0.393417,0.416454
0.462846,0.423921,0.398359,0.438303,0.369748,0.403392,0.464822,0.445429,0.527701,0.402604,0.529179,0.464582,0.552176,0.465958,0.528414,0.432698,0.399758,0.558693,0.413463,0.658138,0.467123,0.425128,0.434926,0.442830,0.449339,0.484626,0.427830,0.456149,0.456663,0.499765,0.680936,0.500328,0.597370,0.599289,0.468506,0.493310,0.506203,0.000000,0.479619,0.435555,0.381402,0.598408,0.612207,0.678030,0.586340,0.623808,0.369436,0.413271,0.438465,0.420524,0.532145,0.623086,0.575249,0.647976,0.470577,0.603057,0.468199,0.438822,0.559315,0.559576,0.594474,0.546353,0.585492,0.551371,0.459587,0.449079,0.466796,0.569986,0.480038,0.604756,0.620458,0.589727,0.432612,0.459791,0.602179,0.589567,0.475899,0.457407,0.462329,0.492313,0.705570,0.400542,0.333033,0.659166,0.449230,0.541960,0.528434,0.476179,0.635868,0.474161,0.492884,0.416221,0.444098,0.467599,0.631998,0.535768,0.636449,0.590841,0.436845,0.454946,0.457031
0.464501,0.545353,0.505348,0.553738,0.532659,0.312148,0.243272,0.513251,0.376500,0.391331,0.276983,0.450035,0.613695,0.401376,0.609195,0.598723,0.481942,0.463047,0.508485,0.496327,0.429725,0.602693,0.392235,0.460741,0.369193,0.537782,0.573633,0.639512,0.551650,0.618789,0.690886,0.591799,0.702365,0.679326,0.645885,0.233111,0.442576,0.479619,0.000000,0.505640,0.615010,0.572157,0.676652,0.655663,0.363221,0.688491,0.545015,0.619248,0.631819,0.272454,0.589798,0.529014,0.601971,0.726117,0.451110,0.702787,0.588884,0.517962,0.583838,0.436904,0.656747,0.611003,0.688331,0.470883,0.460011,0.511292,0.655227,0.701249,0.566528,0.546644,0.562582,0.647753,0.432635,0.592881,0.684325,0.533572,0.472031,0.559724,0.603404,0.441606,0.509447,0.497037,0.586403,0.730605,0.671592,0.389935,0.684348,0.607896,0.690052,0.412896,0.398636,0.506964,0.631901,0.545123,0.687528,0.420955,0.645079,0.670551,0.662567,0.389572,0.604290
0.466953,0.382713,0.282548,0.502787,0.295948,0.346052,0.490456,0.357575,0.575931,0.329982,0.538460,0.385215,0.557430,0.345551,0.559130,0.397298,0.316750,0.442447,0.356804,0.679320,0.480040,0.393254,0.460504,0.371586,0.360845,0.317118,0.498526,0.380208,0.331319,0.416164,0.696542,0.390242,0.632441,0.613847,0.378062,0.521758,0.471385,0.435555,0.505640,0.000000,0.336013,0.664708,0.693527,0.632467,0.652183,0.640126,0.371393,0.417674,0.433010,0.489001,0.478019,0.659811,0.642095,0.709527,0.298030,0.603889,0.355437,0.362989,0.531237,0.511714,0.586022,0.455122,0.674850,0.594698,0.356085,0.356513,0.348865,0.499810,0.589223,0.626460,0.642958,0.563022,0.507098,0.323574,0.709332,0.650815,0.355694,0.404349,0.297025,0.557912,0.690515,0.275130,0.518214,0.673523,0.352121,0.527024,0.279621,0.308080,0.676207,0.547822,0.565024,0.358963,0.260128,0.400364,0.674819,0.544752,0.719131,0.592105,0.559470,0.515265,0.355377
0.469810,0.380504,0.327572,0.462216,0.300444,0.444911,0.555332,0.331069,0.566624,0.410585,0.573504,0.474683,0.466822,0.439814,0.420649,0.333554,0.237188,0.551903,0.252548,0.612703,0.444177,0.413500,0.439887,0.393389,0.400640,0.468734,0.357443,0.291619,0.224491,0.315259,0.718234,0.412613,0.560273,0.533319,0.282738,0.600224,0.480704,0.381402,0.615010,0.336013,0.000000,0.678595,0.558733,0.627339,0.678367,0.505819,0.397714,0.181995,0.285224,0.582004,0.447110,0.692284,0.516706,0.642839,0.397235,0.366673,0.256942,0.310874,0.543657,0.555931,0.439716,0.432782,0.554303,0.636394,0.418461,0.315626,0.269235,0.412573,0.500378,0.701285,0.611789,0.456570,0.608973,0.450208,0.532618,0.660476,0.439765,0.334243,0.321600,0.610716,0.772861,0.452114,0.385957,0.625565,0.323754,0.657164,0.456417,0.289595,0.519732,0.577215,0.602304,0.328343,0.378434,0.332229,0.573297,0.656425,0.665614,0.441884,0.476435,0.532152,0.369081
0.470567,0.569322,0.642809,0.657430,0.649440,0.616898,0.495970,0.644594,0.624660,0.608169,0.527480,0.678302,0.543272,0.598633,0.539262,0.640340,0.598738,0.632097,0.564885,0.708769,0.615635,0.572564,0.613350,0.610663,0.587027,0.658012,0.655063,0.570013,0.667753,0.579040,0.367195,0.667899,0.422100,0.504966,0.631345,0.606317,0.664811,0.598408,0.572157,0.664708,0.678595,0.000000,0.528779,0.645126,0.707630,0.769519,0.688891,0.717427,0.618234,0.543796,0.677368,0.408372,0.567921,0.443160,0.630033,0.707483,0.642322,0.632382,0.692719,0.627359,0.491493,0.689960,0.429380,0.555857,0.611442,0.582212,0.710009,0.486496,0.583623,0.555161,0.602341,0.533853,0.595305,0.709518,0.607057,0.560899,0.580336,0.629746,0.676921,0.575470,0.662696,0.668899,0.649923,0.417322,0.718560,0.637854,0.734675,0.692741,0.680650,0.534846,0.555921,0.653890,0.733496,0.617555,0.601916,0.605611,0.504023,0.533093,0.701957,0.660790,0.653583
0.472021,0.598376,0.653291,0.685369,0.649609,0.706582,0.664246,0.617902,0.718985,0.710611,0.668208,0.707586,0.532961,0.693398,0.524615,0.582972,0.523277,0.643377,0.550086,0.709310,0.615627,0.519720,0.661791,0.647806,0.660339,0.738463,0.655111,0.521426,0.566884,0.550977,0.509360,0.671871,0.394917,0.541042,0.518133,0.688902,0.693232,0.612207,0.676652,0.693527,0.558733,0.528779,0.000000,0.728138,0.744625,0.712625,0.660232,0.658685,0.553438,0.753935,0.682553,0.528071,0.525038,0.423554,0.696846,0.613026,0.619673,0.614287,0.746788,0.763443,0.527034,0.696246,0.468802,0.585803,0.700918,0.576749,0.639277,0.529556,0.589281,0.570611,0.700949,0.576886,0.728596,0.710940,0.627803,0.564860,0.729207,0.603071,0.702948,0.737750,0.765635,0.752740,0.623814,0.432119,0.594828,0.718133,0.757673,0.650103,0.562857,0.691496,0.695931,0.630265,0.730680,0.619048,0.652029,0.708875,0.607208,0.573453,0.695321,0.710083,0.651610
0.472399,0.576851,0.480144,0.570514,0.565605,0.608562,0.530526,0.604249,0.501708,0.619561,0.546925,0.575403,0.660859,0.583716,0.621771,0.578585,0.652807,0.626427,0.595622,0.565688,0.546844,0.674292,0.560151,0.688385,0.536119,0.569051,0.630378,0.668433,0.596600,0.600549,0.654196,0.565314,0.690598,0.710859,0.636413,0.628321,0.615230,0.678030,0.655663,0.632467,0.627339,0.645126,0.728138,0.000000,0.605779,0.595055,0.589920,0.628899,0.594157,0.695188,0.620175,0.701678,0.739059,0.790599,0.594287,0.659961,0.630768,0.640973,0.566791,0.549133,0.704000,0.538823,0.710874,0.671279,0.616067,0.630008,0.566772,0.682061,0.709456,0.605400,0.587112,0.715787,0.631627,0.677468,0.687766,0.714850,0.583884,0.629752,0.666949,0.593605,0.667858,0.660588,0.636367,0.796774,0.600169,0.704677,0.664766,0.608707,0.682697,0.653037,0.587944,0.677269,0.678802,0.565866,0.769965,0.684250,0.693480,0.686733,0.653716,0.653229,0.570969
