0.000000,0.232175,0.309706,0.370513,0.376100,0.390282,0.403682,0.410122,0.416187,0.419689,0.420860,0.424372,0.425412,0.427734,0.429174,0.430231,0.435380,0.435688,0.436827,0.439097,0.441938,0.444960,0.445301,0.445912,0.447872,0.448725,0.450671,0.452082,0.453186,0.453465,0.453876,0.455733,0.457326,0.457591,0.458540,0.458884,0.462812,0.462846,0.464501,0.466953,0.469810,0.470567,0.472021,0.472399,0.473085,0.473446,0.476089,0.476251,0.476393,0.476696,0.477799,0.478524,0.479390,0.479919,0.481481,0.482282,0.482330,0.483381,0.484404,0.484810,0.486041,0.486165,0.486206,0.487288,0.487710,0.487876,0.488509,0.488570,0.489655,0.489907,0.491151,0.493693,0.494955,0.495027,0.498832,0.498881,0.499070,0.499858,0.501828,0.502930,0.503018,0.503031,0.504486,0.504939,0.505442,0.505610,0.506769,0.506858,0.506892,0.508068,0.508534,0.508777,0.510594,0.511363,0.511662,0.511938,0.512402,0.512562,0.513231,0.513600,0.513832,0.514269,0.514731,0.515411,0.515437,0.516384,0.516654,0.516749,0.517725,0.518547,0.518635,0.519053,0.519342,0.519444,0.519498,0.521558,0.521885,0.522524,0.523381,0.523533,0.523682,0.525346,0.525462,0.525555,0.525923,0.526011,0.526013,0.526197,0.527040,0.527482,0.527608,0.527622,0.527843,0.528969,0.529978,0.530411,0.530538,0.531015,0.531386,0.532483,0.532950,0.533467,0.533756,0.534152,0.535084,0.535235,0.535775,0.536288,0.536580,0.536936,0.537680,0.537786,0.538075,0.538809,0.538867,0.538887,0.538918,0.539385,0.539791,0.539959,0.540629,0.540733,0.541592,0.541919,0.542283,0.542430,0.542799,0.544429,0.545107,0.545455,0.545692,0.545734,0.545971,0.546433,0.546444,0.546479,0.546976,0.547344,0.548155,0.548210,0.548223,0.548611,0.549191,0.549483,0.550017,0.550282,0.550495,0.550858,0.550972,0.551320,0.552203,0.553007,0.553047,0.553662,0.553783,0.553921,0.554121,0.554718,0.554789,0.555418,0.555748
0.232175,0.000000,0.339566,0.396838,0.307132,0.377062,0.470110,0.416986,0.490110,0.360172,0.503611,0.407679,0.440533,0.406712,0.416288,0.394679,0.367174,0.512700,0.361659,0.592142,0.442951,0.434998,0.415900,0.447381,0.450337,0.411386,0.326798,0.433385,0.385311,0.384997,0.577949,0.449251,0.518531,0.469809,0.388837,0.523455,0.386773,0.423921,0.545353,0.382713,0.380504,0.569322,0.598376,0.576851,0.566265,0.469258,0.436583,0.416722,0.430715,0.474861,0.505609,0.582269,0.485429,0.606380,0.405186,0.446566,0.417063,0.431918,0.459970,0.501451,0.492219,0.486195,0.561452,0.552758,0.502048,0.393529,0.458900,0.486443,0.517436,0.564329,0.548373,0.466975,0.547001,0.440063,0.503361,0.518167,0.429536,0.433172,0.394915,0.542586,0.648146,0.453920,0.467064,0.571498,0.434606,0.543620,0.423995,0.443646,0.534412,0.546818,0.507084,0.421382,0.365435,0.409261,0.503064,0.555669,0.526952,0.486926,0.457423,0.461715,0.397590,0.499303,0.362450,0.446575,0.557863,0.383984,0.596050,0.367756,0.443108,0.597554,0.619306,0.475741,0.503972,0.395100,0.438944,0.533625,0.648170,0.533953,0.501053,0.443939,0.422012,0.509134,0.460514,0.547139,0.446932,0.479340,0.457344,0.477684,0.472008,0.484165,0.455898,0.594331,0.596632,0.369361,0.506921,0.431269,0.538192,0.583954,0.555930,0.463607,0.576708,0.606862,0.456268,0.459953,0.518670,0.595551,0.517852,0.488774,0.598007,0.549820,0.475748,0.541220,0.511420,0.500246,0.532001,0.449454,0.495385,0.628178,0.465253,0.470982,0.680348,0.537235,0.430047,0.479317,0.554452,0.523977,0.457342,0.610222,0.450890,0.462839,0.492194,0.504733,0.644771,0.553480,0.516638,0.468255,0.650375,0.593372,0.461804,0.562260,0.586580,0.558889,0.539698,0.435459,0.481855,0.580203,0.517859,0.519113,0.675674,0.582600,0.445156,0.458971,0.602564,0.635460,0.533216,0.446804,0.533301,0.479427,0.666978,0.555052,0.597300
0.309706,0.339566,0.000000,0.325696,0.128548,0.301112,0.425163,0.202402,0.440524,0.271150,0.445835,0.342514,0.536947,0.319720,0.508960,0.330773,0.323552,0.459769,0.291155,0.575933,0.443354,0.384421,0.417250,0.365281,0.307641,0.286955,0.437948,0.354338,0.286176,0.453763,0.684254,0.362242,0.669810,0.651844,0.395373,0.503838,0.436910,0.398359,0.505348,0.282548,0.327572,0.642809,0.653291,0.480144,0.542992,0.574877,0.307083,0.360582,0.367520,0.476010,0.264395,0.644553,0.612862,0.722364,0.264433,0.563458,0.336416,0.303805,0.460812,0.441156,0.574486,0.359085,0.635755,0.592048,0.367888,0.385033,0.239474,0.556598,0.577398,0.567800,0.590263,0.586589,0.457202,0.340792,0.648695,0.667209,0.383327,0.386827,0.313974,0.454888,0.587691,0.291002,0.442123,0.737696,0.270934,0.558469,0.357692,0.256842,0.697909,0.482573,0.545611,0.323312,0.337188,0.346936,0.669392,0.595729,0.651928,0.604255,0.446535,0.531435,0.354446,0.590352,0.330554,0.270677,0.681859,0.328935,0.680842,0.324398,0.354116,0.539275,0.770247,0.328233,0.459723,0.397422,0.264476,0.334592,0.743121,0.604607,0.463230,0.368899,0.354732,0.279437,0.294659,0.623133,0.515235,0.445347,0.303356,0.561896,0.559045,0.446022,0.260129,0.464933,0.514556,0.372766,0.546665,0.271584,0.588605,0.621158,0.605157,0.555453,0.637790,0.711055,0.288573,0.628007,0.354064,0.689223,0.397562,0.607189,0.688396,0.632869,0.290038,0.689389,0.314051,0.315047,0.431980,0.366356,0.472029,0.641067,0.454709,0.528083,0.603257,0.371771,0.423256,0.315131,0.480345,0.651277,0.308717,0.611354,0.354023,0.491414,0.547420,0.434094,0.724649,0.519960,0.616216,0.476557,0.774137,0.471952,0.455955,0.574245,0.498897,0.665924,0.505296,0.383152,0.278940,0.712276,0.627153,0.507460,0.789024,0.562479,0.434145,0.301496,0.713159,0.678896,0.461490,0.323472,0.392136,0.482790,0.647495,0.408915,0.742971
0.370513,0.396838,0.325696,0.000000,0.402787,0.441272,0.516104,0.388313,0.502246,0.428202,0.544330,0.480079,0.476905,0.410484,0.442430,0.447079,0.470556,0.538329,0.454850,0.594935,0.518780,0.579980,0.520065,0.514072,0.440301,0.520066,0.438196,0.457940,0.423746,0.522431,0.712335,0.472132,0.654799,0.644502,0.500345,0.532185,0.478167,0.438303,0.553738,0.502787,0.462216,0.657430,0.685369,0.570514,0.584154,0.610151,0.463660,0.499419,0.441053,0.508918,0.399526,0.642639,0.529900,0.694459,0.494466,0.612227,0.448547,0.477248,0.536786,0.492384,0.583571,0.516866,0.619153,0.631797,0.535228,0.501495,0.433689,0.593469,0.604626,0.671586,0.591604,0.565877,0.612251,0.531544,0.625322,0.684368,0.511775,0.463443,0.512103,0.602813,0.624033,0.560664,0.284111,0.728689,0.508650,0.602040,0.546755,0.472136,0.650376,0.508987,0.580576,0.481594,0.566938,0.484876,0.525315,0.621965,0.639399,0.555828,0.294419,0.592372,0.500488,0.580577,0.478866,0.439956,0.664215,0.559138,0.667107,0.546702,0.510684,0.614286,0.731682,0.513443,0.566749,0.537389,0.404548,0.509314,0.718905,0.598368,0.563666,0.521478,0.407166,0.522027,0.524275,0.633686,0.556887,0.544174,0.505727,0.635000,0.620841,0.554904,0.430320,0.565909,0.641129,0.447096,0.550882,0.495951,0.610508,0.632937,0.648461,0.578150,0.665677,0.701362,0.528859,0.624507,0.543194,0.627072,0.595689,0.553655,0.651366,0.627929,0.491336,0.658820,0.511934,0.528345,0.533563,0.450195,0.603615,0.649551,0.561638,0.588094,0.629014,0.528236,0.362817,0.476247,0.566671,0.639785,0.504396,0.567113,0.539517,0.531195,0.517049,0.539026,0.705341,0.545260,0.586436,0.509050,0.746055,0.544183,0.535361,0.663422,0.622584,0.622171,0.614853,0.496364,0.492767,0.740237,0.606292,0.541674,0.776294,0.565203,0.466887,0.484665,0.600323,0.617402,0.649692,0.520734,0.596530,0.579109,0.681286,0.532348,0.714946
0.376100,0.307132,0.128548,0.402787,0.000000,0.353683,0.459094,0.268022,0.504351,0.302197,0.503795,0.363026,0.544834,0.379634,0.496569,0.355399,0.294817,0.491463,0.272093,0.610168,0.423467,0.366137,0.357588,0.357501,0.354814,0.339291,0.382928,0.356755,0.291278,0.390512,0.699845,0.381480,0.661283,0.630072,0.345901,0.522182,0.396054,0.369748,0.532659,0.295948,0.300444,0.649440,0.649609,0.565605,0.604453,0.542530,0.328535,0.302868,0.359224,0.514252,0.355191,0.689382,0.617358,0.705297,0.302883,0.550147,0.275678,0.309185,0.490381,0.473975,0.552936,0.393178,0.643644,0.609606,0.400243,0.350105,0.276662,0.550447,0.577981,0.637033,0.609954,0.527867,0.507609,0.352208,0.583618,0.627739,0.393279,0.375016,0.331052,0.524965,0.633001,0.327810,0.418932,0.675089,0.240389,0.596251,0.403514,0.259335,0.646994,0.524874,0.565262,0.256441,0.253342,0.311126,0.665906,0.603624,0.667212,0.568936,0.413818,0.449070,0.298917,0.580702,0.229415,0.259651,0.626339,0.216879,0.668631,0.252340,0.306975,0.572237,0.760893,0.325359,0.482104,0.300084,0.253801,0.399231,0.754624,0.632027,0.449163,0.303204,0.372235,0.327584,0.296235,0.648409,0.444085,0.443888,0.359935,0.513278,0.520814,0.455088,0.259241,0.512792,0.526534,0.291861,0.499526,0.232948,0.593839,0.646891,0.609289,0.483780,0.625380,0.682985,0.297417,0.544176,0.408057,0.650584,0.410494,0.577868,0.738018,0.666386,0.251166,0.605911,0.321776,0.305748,0.465916,0.378048,0.402449,0.717193,0.461290,0.572638,0.698887,0.417475,0.386872,0.330217,0.505983,0.605557,0.296908,0.655553,0.301565,0.431347,0.500579,0.434628,0.723059,0.551374,0.626727,0.491365,0.778559,0.489326,0.420318,0.594995,0.542522,0.669744,0.517677,0.383016,0.252194,0.676535,0.562244,0.503668,0.804181,0.565679,0.411373,0.329741,0.694008,0.719632,0.488658,0.301388,0.384174,0.437136,0.698744,0.473199,0.684870
0.390282,0.377062,0.301112,0.441272,0.353683,0.000000,0.264424,0.381614,0.408331,0.205702,0.292271,0.290228,0.541843,0.307839,0.550093,0.447927,0.362814,0.395547,0.404110,0.521225,0.396659,0.526740,0.391795,0.361942,0.323331,0.350568,0.489465,0.504712,0.427629,0.551570,0.704148,0.428627,0.746985,0.605489,0.537633,0.270566,0.421448,0.403392,0.312148,0.346052,0.444911,0.616898,0.706582,0.608562,0.407749,0.609781,0.432111,0.455659,0.493170,0.250848,0.434672,0.571911,0.631469,0.808220,0.300774,0.638219,0.474797,0.371114,0.535052,0.436405,0.629699,0.436628,0.727110,0.520122,0.401656,0.417383,0.443622,0.637657,0.521044,0.563095,0.551010,0.612767,0.395257,0.379395,0.681000,0.588951,0.325846,0.464287,0.381904,0.444921,0.587536,0.320657,0.528752,0.775807,0.504137,0.378098,0.436126,0.437460,0.702827,0.441164,0.412894,0.441904,0.410901,0.462539,0.652968,0.382182,0.662768,0.639597,0.571723,0.396558,0.450214,0.576393,0.387199,0.437456,0.687996,0.382769,0.778476,0.345724,0.593532,0.417009,0.703702,0.491758,0.368754,0.130757,0.477049,0.483678,0.817227,0.558352,0.395951,0.446087,0.373285,0.527362,0.496766,0.683927,0.450458,0.544566,0.477687,0.547932,0.557279,0.352590,0.467863,0.374318,0.465846,0.401445,0.489561,0.452051,0.595110,0.537998,0.543967,0.517758,0.491252,0.768602,0.477485,0.411799,0.540953,0.724603,0.502726,0.606984,0.545262,0.655849,0.478046,0.675123,0.489802,0.528817,0.539411,0.425153,0.320067,0.544095,0.491541,0.478032,0.542125,0.451734,0.507020,0.467314,0.469150,0.620423,0.463587,0.548702,0.421849,0.543946,0.549049,0.561109,0.804825,0.426059,0.633980,0.468709,0.739240,0.555182,0.483341,0.625096,0.686774,0.649307,0.449445,0.491191,0.512109,0.653262,0.675322,0.420859,0.689420,0.417107,0.523091,0.454526,0.681923,0.564489,0.571496,0.464965,0.530807,0.551864,0.565792,0.525419,0.798358
0.403682,0.470110,0.425163,0.516104,0.459094,0.264424,0.000000,0.456933,0.308750,0.311290,0.071697,0.318572,0.611883,0.340405,0.591460,0.484927,0.481676,0.489047,0.461401,0.407765,0.368506,0.608527,0.338300,0.413088,0.319782,0.455428,0.549273,0.605116,0.509566,0.597405,0.639285,0.512030,0.719183,0.603206,0.635451,0.257523,0.423441,0.464822,0.243272,0.490456,0.555332,0.495970,0.664246,0.530526,0.387417,0.667567,0.493264,0.560720,0.552876,0.227257,0.531539,0.589773,0.654184,0.786447,0.389976,0.703485,0.552914,0.431256,0.542568,0.398454,0.655527,0.502699,0.714122,0.453804,0.449983,0.484744,0.582048,0.673791,0.550886,0.542510,0.521391,0.658959,0.319900,0.538248,0.663383,0.534930,0.356591,0.502912,0.529419,0.362910,0.483023,0.440560,0.565436,0.750686,0.609546,0.374940,0.637016,0.538025,0.691096,0.362734,0.388452,0.492744,0.575444,0.493601,0.719586,0.386489,0.588302,0.688227,0.623063,0.400046,0.517633,0.569831,0.457018,0.548981,0.697713,0.482138,0.733699,0.436719,0.636444,0.307758,0.701341,0.609525,0.322285,0.348589,0.581494,0.567519,0.799932,0.541811,0.411849,0.425978,0.443495,0.636625,0.627695,0.702174,0.495606,0.615810,0.538364,0.533907,0.535081,0.396126,0.539492,0.426968,0.412004,0.479944,0.512621,0.539885,0.615579,0.469344,0.570681,0.531740,0.476684,0.790001,0.571528,0.417750,0.616583,0.753677,0.564839,0.650131,0.538423,0.653369,0.599071,0.724805,0.571931,0.606137,0.542014,0.529225,0.288536,0.529262,0.576221,0.487256,0.485715,0.526197,0.598778,0.595110,0.417810,0.601507,0.556928,0.551625,0.486342,0.669079,0.537156,0.643006,0.771333,0.423203,0.627941,0.470333,0.706456,0.601970,0.587580,0.605057,0.769545,0.672423,0.470497,0.504466,0.629365,0.634652,0.706211,0.519701,0.622639,0.440109,0.619785,0.618293,0.702994,0.449709,0.685248,0.578791,0.577518,0.627133,0.445214,0.552455,0.761975
0.410122,0.416986,0.202402,0.388313,0.268022,0.381614,0.456933,0.000000,0.514888,0.348004,0.477425,0.401880,0.526590,0.317684,0.520757,0.251772,0.294889,0.438901,0.306623,0.606819,0.454464,0.407850,0.461272,0.269420,0.306526,0.393998,0.443840,0.288302,0.249917,0.454599,0.626709,0.371922,0.609555,0.609521,0.378704,0.508122,0.503061,0.445429,0.513251,0.357575,0.331069,0.644594,0.617902,0.604249,0.608862,0.612625,0.386826,0.443625,0.334415,0.529845,0.238054,0.679818,0.582461,0.686149,0.317452,0.582426,0.300038,0.200863,0.538115,0.500848,0.553148,0.394068,0.630930,0.565198,0.425222,0.354758,0.255974,0.535137,0.622484,0.608385,0.637944,0.573683,0.562665,0.500655,0.642501,0.682236,0.425220,0.307554,0.326477,0.519622,0.625892,0.329950,0.437791,0.675528,0.270143,0.605101,0.462197,0.216529,0.678051,0.492229,0.586852,0.154969,0.432823,0.337481,0.645105,0.608624,0.652969,0.561137,0.449179,0.548098,0.349296,0.642022,0.303020,0.225205,0.621717,0.390813,0.649601,0.357545,0.355653,0.514309,0.772337,0.297592,0.484430,0.469194,0.234346,0.232285,0.702957,0.737905,0.422694,0.347929,0.415387,0.316339,0.306496,0.651036,0.502166,0.451591,0.382911,0.528876,0.567363,0.443852,0.250770,0.546180,0.443347,0.398455,0.585472,0.241453,0.510154,0.543915,0.654247,0.500924,0.649548,0.674952,0.208452,0.618628,0.330779,0.645185,0.447685,0.636583,0.700907,0.668718,0.232672,0.625581,0.190036,0.303571,0.397147,0.408797,0.432256,0.720619,0.452653,0.576157,0.741365,0.395890,0.485642,0.251004,0.470600,0.604814,0.266557,0.670848,0.252354,0.498801,0.623630,0.428940,0.691255,0.538867,0.624680,0.434521,0.735932,0.495663,0.438486,0.645508,0.559667,0.715883,0.550637,0.334570,0.283626,0.722133,0.602095,0.468023,0.739202,0.585784,0.421589,0.294036,0.689393,0.720740,0.504105,0.354535,0.254009,0.487452,0.742427,0.397094,0.667978
0.416187,0.490110,0.440524,0.502246,0.504351,0.408331,0.308750,0.514888,0.000000,0.434181,0.317833,0.472964,0.578583,0.496671,0.572502,0.563068,0.502790,0.580362,0.451653,0.488575,0.358086,0.654086,0.132291,0.505349,0.309933,0.573423,0.573617,0.669849,0.556585,0.602789,0.654727,0.529562,0.758531,0.677121,0.611578,0.307541,0.449930,0.527701,0.376500,0.575931,0.566624,0.624660,0.718985,0.501708,0.300524,0.583484,0.506999,0.514260,0.625197,0.374234,0.560630,0.703172,0.627989,0.795757,0.499811,0.600669,0.599518,0.511449,0.588575,0.353851,0.700116,0.581877,0.766092,0.580516,0.465041,0.490898,0.611815,0.690969,0.504856,0.606272,0.475794,0.702079,0.325924,0.548938,0.653413,0.488988,0.523581,0.564449,0.545338,0.393173,0.503657,0.558002,0.584338,0.799177,0.604508,0.426852,0.643919,0.587068,0.656017,0.541487,0.434677,0.579075,0.644524,0.455153,0.682421,0.484008,0.702587,0.698121,0.635311,0.359324,0.564376,0.524420,0.589788,0.608168,0.709760,0.604707,0.775166,0.566469,0.605469,0.330621,0.767961,0.613047,0.469171,0.489529,0.614492,0.636387,0.829045,0.490412,0.537695,0.424901,0.545394,0.599660,0.652236,0.513756,0.512812,0.686012,0.563405,0.528239,0.626630,0.538555,0.586498,0.594982,0.456132,0.566881,0.321962,0.601418,0.689352,0.523737,0.670424,0.531758,0.407954,0.790483,0.647579,0.494171,0.644808,0.729675,0.638631,0.617914,0.620573,0.619835,0.630410,0.724944,0.629280,0.610343,0.507782,0.524011,0.448554,0.400037,0.594076,0.605002,0.518016,0.624241,0.551998,0.614867,0.464225,0.554616,0.558145,0.373364,0.588432,0.650886,0.587561,0.690549,0.799697,0.658158,0.592161,0.636598,0.779686,0.600548,0.563389,0.641380,0.711977,0.616514,0.651561,0.497756,0.625049,0.762968,0.727218,0.649044,0.696135,0.419460,0.619071,0.720380,0.639839,0.380277,0.730433,0.537016,0.625501,0.583915,0.628553,0.489876,0.804088
0.419689,0.360172,0.271150,0.428202,0.302197,0.205702,0.311290,0.348004,0.434181,0.000000,0.356249,0.193066,0.499275,0.250241,0.481787,0.376115,0.356323,0.419203,0.368637,0.565098,0.366298,0.525757,0.394312,0.347615,0.313748,0.253424,0.461918,0.445864,0.396098,0.516789,0.683464,0.362620,0.710612,0.632324,0.488313,0.324460,0.424820,0.402604,0.391331,0.329982,0.410585,0.608169,0.710611,0.619561,0.498241,0.592281,0.398552,0.457301,0.447969,0.326642,0.427719,0.614655,0.618884,0.784445,0.179853,0.585819,0.426326,0.343039,0.472806,0.410219,0.604791,0.313577,0.731348,0.547939,0.398951,0.411774,0.358735,0.621101,0.473002,0.595006,0.552907,0.597591,0.397911,0.360514,0.670216,0.564388,0.302511,0.393594,0.322164,0.445300,0.605737,0.334983,0.525558,0.778426,0.445607,0.386813,0.419153,0.328999,0.667334,0.458696,0.366668,0.409208,0.351956,0.413126,0.687180,0.413521,0.623208,0.607425,0.552236,0.429304,0.350862,0.560610,0.299055,0.401483,0.722654,0.237972,0.694498,0.211294,0.490673,0.468469,0.731066,0.470398,0.382940,0.259844,0.408981,0.447037,0.808084,0.596731,0.391099,0.374845,0.315730,0.476862,0.438456,0.661056,0.487986,0.479903,0.415736,0.532717,0.527655,0.343859,0.397646,0.408877,0.480815,0.333535,0.524454,0.334715,0.570378,0.508405,0.549106,0.526373,0.500430,0.792143,0.390436,0.443826,0.496809,0.751945,0.462631,0.561533,0.625724,0.664973,0.423508,0.700916,0.437060,0.450103,0.452161,0.365524,0.349586,0.582316,0.432095,0.408341,0.580988,0.406693,0.468268,0.413085,0.479264,0.605598,0.389655,0.579834,0.381458,0.562642,0.525757,0.523074,0.779107,0.429387,0.578389,0.501116,0.753238,0.573429,0.523478,0.541647,0.602297,0.683012,0.451089,0.464634,0.443976,0.700130,0.610686,0.404903,0.731577,0.469681,0.488144,0.393388,0.687743,0.637382,0.486827,0.414506,0.496595,0.504533,0.615933,0.511229,0.773443
0.420860,0.503611,0.445835,0.544330,0.503795,0.292271,0.071697,0.477425,0.317833,0.356249,0.000000,0.356300,0.610050,0.365521,0.590621,0.518750,0.514344,0.501067,0.491274,0.393375,0.393927,0.631685,0.361126,0.465558,0.345656,0.489121,0.582255,0.624150,0.552592,0.621356,0.658231,0.535935,0.733421,0.592180,0.658556,0.265664,0.420693,0.529179,0.276983,0.538460,0.573504,0.527480,0.668208,0.546925,0.376563,0.672853,0.520936,0.581576,0.584289,0.270238,0.521963,0.599533,0.649715,0.775575,0.426117,0.707618,0.582691,0.465300,0.535368,0.423572,0.659502,0.542779,0.720598,0.464910,0.470993,0.514432,0.603981,0.671997,0.571224,0.554889,0.502182,0.666279,0.377939,0.571905,0.642816,0.547105,0.418724,0.528525,0.546865,0.407147,0.476258,0.497145,0.589198,0.760793,0.632751,0.386702,0.684754,0.571435,0.680765,0.427308,0.394932,0.506794,0.610247,0.511717,0.691908,0.391923,0.609302,0.693486,0.640691,0.423318,0.543298,0.578212,0.504554,0.547806,0.706923,0.517990,0.737565,0.471929,0.656730,0.310732,0.692717,0.620821,0.393096,0.383563,0.596076,0.612796,0.787164,0.574397,0.450464,0.468339,0.471929,0.673242,0.647572,0.703826,0.517335,0.658580,0.565350,0.549461,0.575220,0.431231,0.564659,0.451200,0.453882,0.514598,0.506162,0.575611,0.639782,0.492058,0.611129,0.534235,0.459127,0.775179,0.611957,0.441278,0.637142,0.750788,0.576686,0.658348,0.547746,0.674438,0.618265,0.701995,0.607767,0.646408,0.579042,0.558535,0.331950,0.525481,0.575808,0.527540,0.469695,0.584741,0.610707,0.624205,0.472200,0.607921,0.582519,0.548961,0.535746,0.674670,0.571918,0.689540,0.777691,0.450857,0.650869,0.496534,0.684217,0.652249,0.597171,0.622502,0.798117,0.671830,0.506171,0.524267,0.650084,0.636945,0.718038,0.539732,0.648855,0.421595,0.625220,0.662885,0.687739,0.462168,0.691782,0.603439,0.609676,0.651377,0.492217,0.557476,0.774545
0.424372,0.407679,0.342514,0.480079,0.363026,0.290228,0.318572,0.401880,0.472964,0.193066,0.356300,0.000000,0.557703,0.277457,0.541762,0.409358,0.439732,0.408498,0.449435,0.577840,0.394886,0.507960,0.432112,0.370670,0.412048,0.207560,0.497444,0.506162,0.462501,0.591492,0.668643,0.335902,0.731022,0.667919,0.561570,0.386497,0.449526,0.464582,0.450035,0.385215,0.474683,0.678302,0.707586,0.575403,0.538039,0.609300,0.428591,0.483606,0.492360,0.418318,0.445465,0.598477,0.663824,0.800545,0.184103,0.621763,0.495711,0.403625,0.507568,0.471688,0.660920,0.279874,0.770099,0.588693,0.444268,0.483581,0.404866,0.712478,0.550694,0.571765,0.598183,0.647521,0.480782,0.383370,0.695271,0.553393,0.414872,0.423655,0.410712,0.490106,0.543849,0.408067,0.563841,0.776175,0.480374,0.449762,0.469943,0.360702,0.721170,0.466315,0.460322,0.445999,0.405829,0.498890,0.739583,0.457623,0.609403,0.695877,0.584020,0.481305,0.356379,0.561047,0.347531,0.443588,0.722878,0.230355,0.726971,0.212707,0.529095,0.501627,0.715348,0.498119,0.432978,0.364314,0.472482,0.484360,0.801946,0.596992,0.448405,0.475217,0.391506,0.486379,0.471745,0.668636,0.502971,0.598825,0.443163,0.598008,0.486229,0.404100,0.467191,0.439704,0.512948,0.397461,0.562512,0.355281,0.605540,0.519192,0.529478,0.561006,0.536408,0.832408,0.453722,0.508644,0.524390,0.783626,0.473561,0.524420,0.618149,0.650678,0.488780,0.757205,0.484043,0.469828,0.526758,0.429324,0.447153,0.613332,0.383649,0.402444,0.554802,0.473980,0.541443,0.479215,0.532144,0.690001,0.396650,0.660217,0.443674,0.616419,0.529150,0.563101,0.786304,0.457394,0.665766,0.566016,0.774816,0.629916,0.569197,0.587310,0.543572,0.672667,0.449288,0.491576,0.488817,0.669420,0.696685,0.398088,0.717221,0.562689,0.540749,0.496790,0.734027,0.666374,0.515116,0.490430,0.526064,0.559382,0.619019,0.566622,0.778740
0.425412,0.440533,0.536947,0.476905,0.544834,0.541843,0.611883,0.526590,0.578583,0.499275,0.610050,0.557703,0.000000,0.531038,0.117865,0.412747,0.502324,0.473923,0.520801,0.574360,0.421609,0.591027,0.531942,0.571034,0.523440,0.609125,0.425743,0.408949,0.495493,0.384010,0.516814,0.460211,0.406848,0.361764,0.384250,0.520398,0.471004,0.552176,0.613695,0.557430,0.466822,0.543272,0.532961,0.660859,0.636271,0.523119,0.608161,0.577953,0.422631,0.634955,0.572430,0.454655,0.281435,0.471803,0.592936,0.435236,0.496905,0.544481,0.565673,0.582642,0.261605,0.610731,0.393286,0.542646,0.627281,0.471745,0.545470,0.331162,0.439583,0.553410,0.451784,0.238250,0.693908,0.641823,0.284491,0.462345,0.620541,0.431190,0.620392,0.704523,0.692385,0.668239,0.522377,0.446392,0.579058,0.554855,0.709279,0.578086,0.447817,0.634238,0.492097,0.567021,0.672688,0.533978,0.397330,0.529707,0.420405,0.239029,0.541900,0.602787,0.507080,0.475288,0.542329,0.596424,0.334256,0.569739,0.457310,0.584012,0.505384,0.657263,0.471023,0.527686,0.679019,0.585022,0.523084,0.606881,0.543030,0.663702,0.606513,0.568517,0.479401,0.618983,0.587845,0.469188,0.478847,0.518092,0.654672,0.423911,0.493768,0.597655,0.598518,0.630056,0.581456,0.426729,0.618398,0.578832,0.423193,0.472254,0.441778,0.406304,0.565334,0.403689,0.639062,0.525430,0.660517,0.468517,0.656963,0.427705,0.494762,0.522525,0.607362,0.356882,0.599178,0.609943,0.553256,0.551559,0.652219,0.607911,0.467505,0.525751,0.603550,0.690841,0.480480,0.559953,0.657538,0.407651,0.566720,0.600191,0.591859,0.499255,0.480126,0.489692,0.485701,0.563351,0.283489,0.610868,0.450562,0.636842,0.563361,0.577192,0.618454,0.532216,0.645236,0.564026,0.636233,0.530963,0.293435,0.488257,0.565484,0.592010,0.540413,0.632421,0.312670,0.560762,0.605631,0.612148,0.612616,0.446968,0.681683,0.648059,0.446083
0.427734,0.406712,0.319720,0.410484,0.379634,0.307839,0.340405,0.317684,0.496671,0.250241,0.365521,0.277457,0.531038,0.000000,0.501101,0.325756,0.381260,0.449710,0.385430,0.556429,0.433534,0.492396,0.474319,0.312103,0.355212,0.353005,0.496402,0.403539,0.377717,0.454821,0.683530,0.308405,0.660311,0.613128,0.490678,0.400703,0.404192,0.465958,0.401376,0.345551,0.439814,0.598633,0.693398,0.583716,0.538815,0.632982,0.490685,0.519564,0.439264,0.365590,0.451969,0.571570,0.559136,0.741593,0.247227,0.593394,0.422742,0.338659,0.408863,0.430343,0.566707,0.419212,0.691928,0.647280,0.433275,0.424199,0.371629,0.525045,0.597482,0.585677,0.559860,0.570012,0.556145,0.475250,0.677380,0.630849,0.268189,0.340659,0.392382,0.473810,0.565859,0.317269,0.473261,0.709972,0.474840,0.474851,0.435452,0.288490,0.704970,0.470795,0.467853,0.364364,0.432627,0.433588,0.681721,0.451160,0.612280,0.583502,0.554534,0.530465,0.358982,0.619375,0.199545,0.439621,0.680489,0.386422,0.652340,0.323468,0.511147,0.516829,0.744205,0.498341,0.474415,0.405908,0.433721,0.442547,0.744737,0.678256,0.346909,0.434135,0.339665,0.484616,0.425374,0.673469,0.456762,0.500493,0.463996,0.540448,0.576373,0.379936,0.392553,0.480414,0.544891,0.369637,0.575925,0.310987,0.550125,0.563875,0.622020,0.526723,0.560940,0.719596,0.371304,0.578717,0.464658,0.708061,0.481895,0.604639,0.658979,0.715328,0.414694,0.711083,0.448457,0.445340,0.500642,0.366630,0.397671,0.638727,0.445431,0.487743,0.613227,0.389098,0.514154,0.410456,0.505688,0.637446,0.375347,0.648770,0.384479,0.565403,0.557583,0.544963,0.686625,0.341770,0.622246,0.522864,0.774582,0.536543,0.480960,0.635116,0.579179,0.702289,0.543359,0.433901,0.447552,0.652193,0.610114,0.424514,0.755546,0.569032,0.512182,0.397976,0.703831,0.690304,0.539488,0.424443,0.447935,0.559998,0.593265,0.467118,0.680095
0.429174,0.416288,0.508960,0.442430,0.496569,0.550093,0.591460,0.520757,0.572502,0.481787,0.590621,0.541762,0.117865,0.501101,0.000000,0.389350,0.461188,0.488121,0.422176,0.615776,0.432513,0.549359,0.509035,0.528165,0.494640,0.576531,0.382281,0.376113,0.441101,0.352861,0.534503,0.488238,0.401369,0.379265,0.393185,0.539144,0.445172,0.528414,0.609195,0.559130,0.420649,0.539262,0.524615,0.621771,0.696567,0.490919,0.571201,0.555387,0.392906,0.612730,0.547342,0.481068,0.275073,0.466249,0.538675,0.389803,0.450960,0.463254,0.492450,0.580062,0.265059,0.548479,0.419680,0.575851,0.597288,0.423589,0.484124,0.333671,0.418164,0.592249,0.468156,0.250389,0.681398,0.606047,0.321042,0.474612,0.527317,0.390729,0.570271,0.674734,0.723428,0.627917,0.453484,0.450587,0.545816,0.565859,0.649704,0.507975,0.438090,0.621268,0.493731,0.535550,0.614701,0.424285,0.424104,0.603947,0.421169,0.252313,0.506583,0.617678,0.455991,0.491445,0.491518,0.555512,0.367426,0.531165,0.434798,0.515702,0.444085,0.633328,0.520655,0.487661,0.698090,0.591728,0.464592,0.576401,0.524609,0.678871,0.606310,0.512156,0.459905,0.581844,0.534385,0.502671,0.467066,0.483393,0.599949,0.395688,0.457985,0.606579,0.526041,0.668318,0.606156,0.386649,0.609871,0.499504,0.381386,0.499043,0.482460,0.412303,0.567712,0.402444,0.584109,0.536197,0.627902,0.465166,0.562751,0.427616,0.579224,0.539221,0.560636,0.371209,0.537506,0.532859,0.525468,0.522383,0.578948,0.629052,0.424122,0.551499,0.664978,0.650013,0.441526,0.526222,0.687908,0.381081,0.518591,0.623066,0.503411,0.440029,0.500538,0.433867,0.450282,0.587475,0.280220,0.650752,0.523513,0.610283,0.520633,0.550884,0.604613,0.554742,0.589982,0.538827,0.569547,0.509185,0.277779,0.591035,0.639067,0.621088,0.494330,0.583649,0.373007,0.571130,0.593273,0.540559,0.553226,0.421826,0.727688,0.606367,0.453959
0.430231,0.394679,0.330773,0.447079,0.355399,0.447927,0.484927,0.251772,0.563068,0.376115,0.518750,0.409358,0.412747,0.325756,0.389350,0.000000,0.334903,0.479579,0.349527,0.642556,0.355718,0.446005,0.488211,0.345150,0.356376,0.416929,0.402834,0.256972,0.333006,0.410185,0.580841,0.352720,0.510345,0.530143,0.344668,0.533502,0.446353,0.432698,0.598723,0.397298,0.333554,0.640340,0.582972,0.578585,0.654580,0.585906,0.399148,0.463174,0.366603,0.546364,0.435842,0.659030,0.499607,0.619410,0.371011,0.553650,0.401241,0.282534,0.472288,0.501636,0.486390,0.414733,0.578309,0.533675,0.498203,0.335495,0.267432,0.473039,0.540442,0.659867,0.641370,0.502687,0.553183,0.493320,0.626336,0.636927,0.432378,0.296428,0.390799,0.509038,0.682171,0.364140,0.468975,0.626974,0.331993,0.600486,0.496333,0.306017,0.666107,0.470069,0.568281,0.293864,0.446885,0.352070,0.638021,0.604412,0.596439,0.496444,0.491326,0.549778,0.337812,0.619756,0.304987,0.392411,0.562725,0.394502,0.602215,0.389002,0.346679,0.540664,0.710763,0.361452,0.433361,0.502990,0.313594,0.294936,0.671342,0.738583,0.458232,0.380786,0.323839,0.382211,0.335017,0.592774,0.440631,0.326871,0.421768,0.497920,0.520503,0.404360,0.322272,0.580888,0.441146,0.302926,0.623883,0.315771,0.493527,0.546913,0.588608,0.449509,0.610053,0.619018,0.347665,0.616921,0.390041,0.586765,0.454177,0.500005,0.725757,0.674171,0.359249,0.566827,0.241944,0.325387,0.366278,0.368403,0.506530,0.699255,0.409521,0.531809,0.648074,0.494302,0.471387,0.302759,0.519433,0.536345,0.361012,0.695631,0.308872,0.460947,0.533513,0.421464,0.615648,0.399225,0.499148,0.523875,0.688122,0.484766,0.450427,0.581225,0.497375,0.671753,0.545887,0.438410,0.363953,0.704824,0.508343,0.498058,0.699920,0.623358,0.395940,0.307179,0.667246,0.688468,0.543858,0.372701,0.219443,0.406750,0.747936,0.545212,0.624386
0.435380,0.367174,0.323552,0.470556,0.294817,0.362814,0.481676,0.294889,0.502790,0.356323,0.514344,0.439732,0.502324,0.381260,0.461188,0.334903,0.000000,0.544323,0.117428,0.663038,0.406232,0.338495,0.372874,0.300892,0.296670,0.418999,0.399015,0.296538,0.232905,0.364642,0.669549,0.376424,0.510902,0.572360,0.257515,0.513135,0.415874,0.399758,0.481942,0.316750,0.237188,0.598738,0.523277,0.652807,0.630596,0.519368,0.396142,0.368155,0.298929,0.448125,0.447546,0.649655,0.505321,0.616386,0.313253,0.427844,0.259177,0.257008,0.517507,0.442163,0.496977,0.423522,0.564904,0.644293,0.395271,0.136066,0.331213,0.462740,0.531977,0.675857,0.603164,0.553887,0.533594,0.465742,0.625467,0.602673,0.365291,0.307542,0.331730,0.537484,0.746333,0.389948,0.364199,0.589622,0.274381,0.591267,0.474146,0.231300,0.574716,0.513465,0.581673,0.301231,0.424545,0.199564,0.574726,0.595494,0.648401,0.552314,0.446196,0.445344,0.334584,0.585497,0.262115,0.371608,0.626101,0.353004,0.598996,0.298113,0.308788,0.529122,0.720830,0.266199,0.525308,0.393846,0.281411,0.357563,0.635267,0.668754,0.452343,0.294193,0.372908,0.371125,0.267602,0.618136,0.323091,0.408292,0.427712,0.318035,0.557317,0.397638,0.247290,0.619442,0.565217,0.305447,0.485899,0.224670,0.500820,0.565999,0.660201,0.343147,0.635495,0.585167,0.306833,0.522828,0.479544,0.541705,0.468707,0.513833,0.738582,0.701404,0.238865,0.573912,0.247611,0.291908,0.478895,0.347588,0.358163,0.716203,0.406971,0.626259,0.695936,0.412025,0.395961,0.259253,0.545069,0.409237,0.238464,0.625415,0.245154,0.301283,0.555356,0.372604,0.652729,0.546983,0.579742,0.486321,0.714600,0.421575,0.338711,0.624459,0.574089,0.648447,0.587558,0.337311,0.329408,0.662997,0.524270,0.592637,0.766056,0.615980,0.274822,0.357535,0.653777,0.733664,0.559983,0.218285,0.285530,0.350700,0.732448,0.430715,0.599694
0.435688,0.512700,0.459769,0.538329,0.491463,0.395547,0.489047,0.438901,0.580362,0.419203,0.501067,0.408498,0.473923,0.449710,0.488121,0.479579,0.544323,0.000000,0.537596,0.570645,0.473724,0.580505,0.572105,0.467678,0.475761,0.446190,0.557738,0.521700,0.524142,0.585360,0.549690,0.432823,0.652559,0.559271,0.581177,0.453705,0.577565,0.558693,0.463047,0.442447,0.551903,0.632097,0.643377,0.626427,0.571584,0.652496,0.473026,0.601548,0.574477,0.537768,0.519775,0.494416,0.591091,0.656694,0.430397,0.669845,0.537386,0.452402,0.617456,0.595254,0.601775,0.519430,0.657706,0.439716,0.527988,0.540232,0.503834,0.623408,0.610520,0.475148,0.635671,0.566650,0.579681,0.499301,0.605281,0.612130,0.565807,0.463482,0.544576,0.552793,0.517203,0.441137,0.613710,0.654029,0.598778,0.501989,0.486217,0.510904,0.699147,0.608597,0.519667,0.478678,0.476687,0.571285,0.656129,0.460478,0.610585,0.586076,0.632258,0.569182,0.418847,0.668845,0.485326,0.564316,0.587949,0.468593,0.634434,0.458619,0.615024,0.565569,0.572219,0.575331,0.539716,0.495331,0.589374,0.575655,0.691516,0.663706,0.461034,0.549872,0.546917,0.625807,0.596672,0.710414,0.513501,0.614218,0.505829,0.633214,0.555814,0.560750,0.598146,0.420253,0.436703,0.534101,0.676927,0.502657,0.597938,0.576394,0.358838,0.579907,0.583930,0.663029,0.532797,0.542891,0.639770,0.718299,0.439405,0.587201,0.580745,0.666317,0.607906,0.660724,0.546735,0.604252,0.561724,0.616553,0.519548,0.580167,0.509129,0.560395,0.613524,0.539306,0.658454,0.602383,0.646027,0.670829,0.526961,0.661825,0.505141,0.709062,0.629915,0.617830,0.695405,0.516148,0.648203,0.552707,0.617371,0.618889,0.656417,0.600696,0.675469,0.672641,0.377430,0.574479,0.614200,0.567882,0.666584,0.357034,0.641563,0.630162,0.620713,0.553965,0.641235,0.665629,0.511042,0.619582,0.571323,0.608049,0.641534,0.625793,0.697146
0.436827,0.361659,0.291155,0.454850,0.272093,0.404110,0.461401,0.306623,0.451653,0.368637,0.491274,0.449435,0.520801,0.385430,0.422176,0.349527,0.117428,0.537596,0.000000,0.678649,0.386187,0.334653,0.333120,0.340045,0.284866,0.441839,0.379334,0.323221,0.231596,0.348442,0.665352,0.399008,0.540184,0.577211,0.288865,0.530497,0.419815,0.413463,0.508485,0.356804,0.252548,0.564885,0.550086,0.595622,0.631918,0.491679,0.360301,0.359010,0.284900,0.460341,0.375499,0.630168,0.528424,0.607812,0.300397,0.417345,0.256327,0.255568,0.511359,0.426551,0.496867,0.395232,0.556265,0.641906,0.398630,0.154295,0.315642,0.454244,0.502493,0.630231,0.584102,0.554074,0.533907,0.460190,0.623341,0.604934,0.338940,0.338444,0.314994,0.548933,0.735668,0.367521,0.369489,0.602375,0.296651,0.600443,0.458840,0.242123,0.619746,0.518627,0.538234,0.311339,0.430175,0.105503,0.581445,0.635361,0.638879,0.557090,0.455592,0.463897,0.291550,0.588925,0.263724,0.327581,0.632970,0.357540,0.558597,0.304209,0.262770,0.537551,0.747274,0.265277,0.546389,0.420146,0.253617,0.396094,0.664613,0.671385,0.456186,0.281904,0.397391,0.365104,0.266316,0.601218,0.318252,0.406446,0.382110,0.312104,0.506560,0.418695,0.217513,0.632375,0.571997,0.322419,0.498930,0.224212,0.532860,0.574795,0.657042,0.369509,0.613565,0.571560,0.296670,0.526179,0.452195,0.549661,0.412035,0.504269,0.729641,0.685361,0.248018,0.592446,0.281119,0.281335,0.452249,0.329108,0.374783,0.692334,0.396225,0.639294,0.721841,0.384590,0.387721,0.285099,0.545252,0.408821,0.232237,0.650282,0.245458,0.311794,0.561652,0.339390,0.628378,0.603229,0.542987,0.527111,0.755154,0.403547,0.350244,0.619337,0.588104,0.685343,0.563178,0.279942,0.294877,0.616450,0.539763,0.621734,0.771435,0.616049,0.301828,0.368830,0.672099,0.701256,0.535140,0.192177,0.306594,0.336535,0.729113,0.369265,0.582756
0.439097,0.592142,0.575933,0.594935,0.610168,0.521225,0.407765,0.606819,0.488575,0.565098,0.393375,0.577840,0.574360,0.556429,0.615776,0.642556,0.663038,0.570645,0.678649,0.000000,0.521770,0.741543,0.570358,0.649129,0.550676,0.669644,0.562073,0.713421,0.660038,0.632289,0.745301,0.589645,0.735431,0.651942,0.711458,0.456737,0.537774,0.658138,0.496327,0.679320,0.612703,0.708769,0.709310,0.565688,0.501439,0.629028,0.599907,0.626987,0.665892,0.555508,0.681193,0.649425,0.612915,0.787730,0.655322,0.686740,0.656810,0.670522,0.575084,0.549278,0.658805,0.681959,0.739328,0.559450,0.652582,0.674527,0.674165,0.683249,0.666157,0.557566,0.505431,0.603578,0.568434,0.686738,0.558820,0.621022,0.640755,0.625885,0.701701,0.591662,0.526331,0.718103,0.634240,0.793628,0.713760,0.563377,0.775851,0.689286,0.538363,0.617618,0.563062,0.653127,0.716426,0.698388,0.672904,0.561585,0.616398,0.608956,0.664832,0.547030,0.650494,0.487654,0.672940,0.713939,0.635078,0.712133,0.747319,0.679108,0.745913,0.546666,0.680471,0.678124,0.622815,0.612071,0.706903,0.696734,0.811346,0.536285,0.647889,0.656997,0.641662,0.735539,0.701059,0.696466,0.662418,0.762236,0.684051,0.660254,0.658493,0.667093,0.689894,0.549439,0.553731,0.650206,0.603871,0.692904,0.701442,0.642870,0.619342,0.622718,0.590742,0.767438,0.745709,0.542106,0.683017,0.762280,0.711304,0.640926,0.613520,0.564273,0.726378,0.666443,0.743761,0.633303,0.616414,0.699154,0.616770,0.548635,0.637358,0.584914,0.498361,0.719967,0.666313,0.711748,0.614860,0.668479,0.670265,0.609882,0.728284,0.729075,0.633980,0.702168,0.814264,0.550700,0.577226,0.623838,0.549977,0.683945,0.704726,0.683411,0.810616,0.522048,0.670898,0.655285,0.717547,0.690338,0.642877,0.643157,0.681252,0.529547,0.701387,0.764586,0.581132,0.470258,0.697522,0.755121,0.767073,0.750759,0.488961,0.610462,0.801348
0.441938,0.442951,0.443354,0.518780,0.423467,0.396659,0.368506,0.454464,0.358086,0.366298,0.393927,0.394886,0.421609,0.433534,0.432513,0.355718,0.406232,0.473724,0.386187,0.521770,0.000000,0.569653,0.266164,0.447574,0.339423,0.485135,0.415964,0.504297,0.467898,0.455917,0.585586,0.389566,0.633556,0.559370,0.437852,0.385182,0.377346,0.467123,0.429725,0.480040,0.444177,0.615635,0.615627,0.546844,0.436663,0.488497,0.397368,0.442655,0.480554,0.445110,0.552182,0.675052,0.540233,0.724637,0.443980,0.510309,0.533037,0.436267,0.510896,0.410761,0.540810,0.503827,0.653492,0.501011,0.468639,0.336629,0.485975,0.559442,0.489887,0.516135,0.504855,0.531627,0.379796,0.516265,0.543166,0.484533,0.499599,0.456377,0.553589,0.443037,0.562944,0.526247,0.555239,0.694350,0.464863,0.464901,0.620302,0.475500,0.593962,0.471551,0.466034,0.465814,0.540919,0.349430,0.601229,0.521098,0.633253,0.541540,0.590054,0.388726,0.378688,0.441897,0.436102,0.524825,0.570299,0.451760,0.669235,0.450117,0.460835,0.470417,0.681818,0.459220,0.415298,0.408602,0.512296,0.554004,0.780876,0.549385,0.497861,0.384844,0.460399,0.531689,0.527048,0.572116,0.411396,0.526217,0.547594,0.414099,0.489400,0.407410,0.507925,0.457440,0.404467,0.424845,0.403406,0.454012,0.533853,0.454517,0.556786,0.374224,0.498866,0.670144,0.582741,0.434203,0.563389,0.613655,0.575246,0.465030,0.574834,0.570540,0.547820,0.580989,0.492959,0.489214,0.474105,0.448751,0.466228,0.515652,0.448113,0.509522,0.518077,0.581442,0.531360,0.492190,0.480882,0.453342,0.467324,0.491065,0.456387,0.544906,0.480481,0.542395,0.735203,0.528321,0.546915,0.566888,0.661772,0.511210,0.481702,0.588865,0.648654,0.565422,0.531023,0.425999,0.493673,0.698209,0.568902,0.504845,0.656652,0.501221,0.531428,0.564515,0.575280,0.539062,0.578682,0.447295,0.487060,0.423965,0.655409,0.551835,0.680852
0.444960,0.434998,0.384421,0.579980,0.366137,0.526740,0.608527,0.407850,0.654086,0.525757,0.631685,0.507960,0.591027,0.492396,0.549359,0.446005,0.338495,0.580505,0.334653,0.741543,0.569653,0.000000,0.514428,0.420275,0.506404,0.436212,0.527314,0.372035,0.413252,0.440943,0.609458,0.497518,0.458353,0.595263,0.345146,0.668026,0.551912,0.425128,0.602693,0.393254,0.413500,0.572564,0.519720,0.674292,0.735321,0.641294,0.456159,0.459326,0.443596,0.590265,0.510964,0.624423,0.587621,0.485357,0.449814,0.568183,0.396460,0.431533,0.595722,0.648095,0.521320,0.562198,0.501612,0.658393,0.457491,0.420101,0.445232,0.485389,0.597556,0.583371,0.661081,0.546077,0.612700,0.524775,0.620920,0.685506,0.506331,0.472143,0.385407,0.659921,0.771493,0.373671,0.494236,0.467284,0.346511,0.676973,0.475688,0.394420,0.613396,0.627216,0.663833,0.385745,0.428535,0.413819,0.649491,0.704084,0.708389,0.588803,0.567600,0.590923,0.442082,0.667089,0.387453,0.459016,0.607709,0.417735,0.492248,0.423378,0.340650,0.663848,0.600723,0.437581,0.614636,0.551787,0.391853,0.508481,0.533673,0.710646,0.521228,0.447758,0.534547,0.371373,0.394480,0.674735,0.500539,0.496143,0.468821,0.490590,0.578942,0.546077,0.380173,0.660184,0.596604,0.455754,0.700326,0.370873,0.553663,0.667757,0.632599,0.546415,0.721205,0.545836,0.348098,0.663714,0.525024,0.540794,0.416540,0.604336,0.767951,0.744323,0.365134,0.597929,0.413468,0.395298,0.590111,0.501181,0.514237,0.781548,0.520242,0.723930,0.792327,0.493880,0.561389,0.441406,0.647087,0.579556,0.405621,0.811865,0.435862,0.480626,0.651731,0.475593,0.541028,0.614828,0.602546,0.634092,0.690793,0.572566,0.514858,0.654397,0.379459,0.710140,0.599739,0.524945,0.440565,0.604064,0.519120,0.690859,0.774391,0.717143,0.450167,0.459170,0.738150,0.811836,0.628032,0.352582,0.373311,0.476704,0.809655,0.553891,0.480743
