0.000000,0.232175,0.309706,0.370513,0.376100,0.390282,0.403682,0.410122,0.416187,0.419689,0.420860,0.424372,0.425412,0.427734,0.429174,0.430231,0.435380,0.435688,0.436827,0.439097,0.441938,0.444960,0.445301,0.445912,0.447872,0.448725,0.450671,0.452082,0.453186,0.453465,0.453876,0.455733,0.457326,0.457591,0.458540,0.458884,0.462812,0.462846,0.464501,0.466953,0.469810,0.470567,0.472021,0.472399,0.473085,0.473446,0.476089,0.476251,0.476393,0.476696,0.477799,0.478524,0.479390,0.479919,0.481481,0.482282,0.482330,0.483381,0.484404,0.484810,0.486041,0.486165,0.486206,0.487288,0.487710,0.487876,0.488509,0.488570,0.489655,0.489907,0.491151,0.493693,0.494955,0.495027,0.498832,0.498881,0.499070,0.499858,0.501828,0.502930,0.503018,0.503031,0.504486,0.504939,0.505442,0.505610,0.506769,0.506858,0.506892,0.508068,0.508534,0.508777,0.510594,0.511363,0.511662,0.511938,0.512402,0.512562,0.513231,0.513600,0.513832,0.514269,0.514731,0.515411,0.515437,0.516384,0.516654,0.516749,0.517725,0.518547,0.518635,0.519053,0.519342,0.519444,0.519498,0.521558,0.521885,0.522524,0.523381,0.523533,0.523682,0.525346,0.525462,0.525555,0.525923,0.526011,0.526013,0.526197,0.527040,0.527482,0.527608,0.527622,0.527843,0.528969,0.529978,0.530411,0.530538,0.531015,0.531386,0.532483,0.532950,0.533467,0.533756,0.534152,0.535084,0.535235,0.535775,0.536288,0.536580,0.536936,0.537680,0.537786,0.538075,0.538809,0.538867,0.538887,0.538918,0.539385,0.539791,0.539959,0.540629,0.540733,0.541592,0.541919,0.542283,0.542430,0.542799,0.544429,0.545107,0.545455,0.545692,0.545734,0.545971,0.546433,0.546444,0.546479,0.546976,0.547344,0.548155,0.548210,0.548223,0.548611,0.549191,0.549483,0.550017,0.550282,0.550495,0.550858,0.550972,0.551320,0.552203,0.553007,0.553047,0.553662,0.553783,0.553921,0.554121,0.554718,0.554789,0.555418,0.555748,0.556102,0.556102,0.556448,0.556538,0.557300,0.557313,0.557954,0.558200,0.558204,0.558362,0.558516,0.558649,0.558771,0.558874,0.559017,0.559064,0.559096,0.560217,0.560283,0.560387,0.560551,0.560725,0.560936,0.561251,0.561584,0.561665,0.561666,0.562006,0.563112,0.563171,0.563385,0.563387,0.563765,0.564549,0.564924,0.565047,0.565200,0.565315,0.565393,0.565995,0.566081,0.566102,0.566587,0.566636,0.567324,0.567363,0.567606,0.567765,0.567976,0.568075,0.568408,0.568640,0.568876,0.568923,0.569008,0.569022,0.569188,0.569231,0.569231,0.569346,0.569591,0.569767,0.569795,0.570178,0.570247,0.570316,0.570367,0.570486,0.570519,0.570562,0.570829,0.570923,0.570993,0.571284,0.571537,0.571790,0.572103,0.572238,0.572451,0.572934,0.573255,0.573274,0.573849,0.574005,0.574156,0.574382,0.574492,0.574809,0.574826,0.574933,0.574991,0.575607,0.575694,0.575777,0.575933,0.576055,0.576355,0.576557,0.576603,0.576698,0.577173,0.577431,0.577476,0.577486,0.577572,0.577804,0.577845,0.578114,0.578237,0.578251,0.578270,0.578296,0.578527,0.578532,0.578924,0.579521,0.579521,0.579581,0.579625,0.579631,0.579682,0.579957,0.580237,0.580294,0.580637,0.580804,0.580955,0.581030,0.581112,0.581368,0.581618,0.581651,0.581816,0.581825,0.582421,0.582566,0.582809,0.582933,0.583030,0.583143,0.583337,0.583341,0.583509,0.583576,0.583585,0.583694,0.583789,0.584299,0.584591,0.584831,0.584859,0.585149,0.585624,0.585647,0.585693,0.585771,0.585885,0.585940,0.586594,0.586615,0.586635,0.586793,0.587127,0.587358,0.587383,0.587677,0.587725,0.587730,0.587824,0.588337,0.588540,0.588625,0.588894,0.589050,0.589123,0.589197,0.589237,0.589314,0.589812,0.590117,0.590198,0.590460,0.590483,0.590728,0.590797,0.590825,0.590921,0.591088,0.591154,0.591252,0.591357,0.591410,0.591540,0.591653,0.591889,0.591908,0.592115,0.592187,0.592623,0.592649,0.592816,0.593382,0.593405,0.593546,0.594073,0.594295,0.594326,0.594381,0.594441,0.594542,0.594782,0.594931,0.594934,0.594992,0.595038,0.595078,0.595104,0.595180,0.595231,0.595234,0.595342,0.595393,0.595442,0.595516,0.595574,0.595805,0.595814,0.596124,0.596341,0.596383,0.596479,0.596519,0.596540,0.596584,0.596644,0.596998,0.597002,0.597443,0.597444,0.597489,0.597552,0.598152,0.598223,0.598230,0.598294,0.598559,0.598739,0.598818,0.599034,0.599206,0.599287,0.599412,0.599414,0.599432,0.599539,0.599684,0.599792,0.599895,0.599928,0.600214,0.600223,0.600259,0.600779,0.600790,0.600793,0.600853,0.600927,0.600975,0.601002,0.601051,0.601130,0.601133,0.601338,0.601442,0.601552,0.601713,0.601749,0.601900,0.602121,0.602144,0.602305,0.602346,0.602527,0.602534,0.602784,0.602800,0.602865,0.603030,0.603050,0.603124,0.603483,0.603512,0.603713,0.603756,0.603784,0.603858,0.603979,0.604401,0.604406,0.604628
0.232175,0.000000,0.339566,0.396838,0.307132,0.377062,0.470110,0.416986,0.490110,0.360172,0.503611,0.407679,0.440533,0.406712,0.416288,0.394679,0.367174,0.512700,0.361659,0.592142,0.442951,0.434998,0.415900,0.447381,0.450337,0.411386,0.326798,0.433385,0.385311,0.384997,0.577949,0.449251,0.518531,0.469809,0.388837,0.523455,0.386773,0.423921,0.545353,0.382713,0.380504,0.569322,0.598376,0.576851,0.566265,0.469258,0.436583,0.416722,0.430715,0.474861,0.505609,0.582269,0.485429,0.606380,0.405186,0.446566,0.417063,0.431918,0.459970,0.501451,0.492219,0.486195,0.561452,0.552758,0.502048,0.393529,0.458900,0.486443,0.517436,0.564329,0.548373,0.466975,0.547001,0.440063,0.503361,0.518167,0.429536,0.433172,0.394915,0.542586,0.648146,0.453920,0.467064,0.571498,0.434606,0.543620,0.423995,0.443646,0.534412,0.546818,0.507084,0.421382,0.365435,0.409261,0.503064,0.555669,0.526952,0.486926,0.457423,0.461715,0.397590,0.499303,0.362450,0.446575,0.557863,0.383984,0.596050,0.367756,0.443108,0.597554,0.619306,0.475741,0.503972,0.395100,0.438944,0.533625,0.648170,0.533953,0.501053,0.443939,0.422012,0.509134,0.460514,0.547139,0.446932,0.479340,0.457344,0.477684,0.472008,0.484165,0.455898,0.594331,0.596632,0.369361,0.506921,0.431269,0.538192,0.583954,0.555930,0.463607,0.576708,0.606862,0.456268,0.459953,0.518670,0.595551,0.517852,0.488774,0.598007,0.549820,0.475748,0.541220,0.511420,0.500246,0.532001,0.449454,0.495385,0.628178,0.465253,0.470982,0.680348,0.537235,0.430047,0.479317,0.554452,0.523977,0.457342,0.610222,0.450890,0.462839,0.492194,0.504733,0.644771,0.553480,0.516638,0.468255,0.650375,0.593372,0.461804,0.562260,0.586580,0.558889,0.539698,0.435459,0.481855,0.580203,0.517859,0.519113,0.675674,0.582600,0.445156,0.458971,0.602564,0.635460,0.533216,0.446804,0.533301,0.479427,0.666978,0.555052,0.597300,0.565770,0.610749,0.444943,0.642603,0.583462,0.632976,0.470541,0.495637,0.573906,0.606579,0.516023,0.512739,0.564767,0.535904,0.504429,0.515961,0.691156,0.505434,0.635355,0.540070,0.537145,0.555190,0.518707,0.481493,0.450613,0.515024,0.624884,0.564049,0.540996,0.614714,0.539700,0.465842,0.497948,0.523238,0.479492,0.593340,0.542586,0.481949,0.537693,0.502191,0.516252,0.575693,0.498154,0.500037,0.529260,0.556270,0.475602,0.601726,0.528873,0.501983,0.524710,0.518283,0.598126,0.584635,0.501851,0.650545,0.580253,0.487511,0.606212,0.649068,0.569776,0.517877,0.461007,0.630842,0.478832,0.499789,0.522687,0.539392,0.463848,0.532899,0.398216,0.559733,0.655641,0.645703,0.539852,0.593139,0.420481,0.448609,0.480449,0.617752,0.571891,0.608836,0.513166,0.491662,0.551915,0.592716,0.498297,0.520418,0.601056,0.569489,0.533243,0.575798,0.566226,0.551398,0.466389,0.534787,0.716240,0.572358,0.534225,0.500429,0.513761,0.521245,0.510210,0.536830,0.625862,0.541846,0.561908,0.561775,0.652481,0.512019,0.483815,0.528953,0.497979,0.636142,0.637250,0.569741,0.481829,0.535605,0.558947,0.510260,0.603747,0.620460,0.433991,0.607359,0.609898,0.549004,0.518735,0.586121,0.508317,0.689249,0.565016,0.602325,0.525749,0.616997,0.584652,0.646180,0.415194,0.698514,0.569576,0.567799,0.688247,0.664101,0.542324,0.658657,0.597762,0.475544,0.663354,0.510168,0.610367,0.697571,0.635948,0.693477,0.495848,0.580982,0.678394,0.615059,0.462595,0.480000,0.640237,0.558803,0.569557,0.609471,0.470505,0.594366,0.557004,0.635316,0.636463,0.658626,0.603370,0.619798,0.681410,0.548020,0.532341,0.706182,0.542387,0.510309,0.537571,0.525576,0.586881,0.507376,0.611042,0.674726,0.502432,0.594497,0.646673,0.549360,0.591989,0.618828,0.495568,0.650961,0.450798,0.694699,0.457701,0.661639,0.563856,0.549606,0.556017,0.570152,0.580108,0.589775,0.546286,0.517842,0.536016,0.519149,0.664766,0.527927,0.518191,0.659778,0.646407,0.592165,0.633384,0.669035,0.529447,0.584408,0.624667,0.575196,0.587262,0.589827,0.712099,0.643861,0.569355,0.732528,0.651326,0.557980,0.494725,0.648937,0.600310,0.540788,0.676655,0.620547,0.576933,0.765309,0.579903,0.492396,0.651156,0.607213,0.572317,0.577642,0.600857,0.591538,0.641629,0.599953,0.562299,0.617318,0.625174,0.589829,0.566838,0.553138,0.627746,0.575959,0.698855,0.576780,0.559303,0.598022,0.540046,0.619851,0.723408,0.660949,0.676409,0.514717,0.572069,0.613119,0.689004,0.779309,0.540506,0.711284,0.661774,0.657372,0.540073,0.620261,0.645227,0.593227,0.571441,0.522396,0.702311,0.584614,0.557716,0.648442,0.558472,0.586263,0.703591,0.426367,0.557625,0.490314,0.577937,0.544994,0.553198,0.632503,0.580217,0.608868,0.680298,0.570940,0.588785,0.703751,0.506128,0.649507,0.513366,0.551700,0.556004,0.547315
0.309706,0.339566,0.000000,0.325696,0.128548,0.301112,0.425163,0.202402,0.440524,0.271150,0.445835,0.342514,0.536947,0.319720,0.508960,0.330773,0.323552,0.459769,0.291155,0.575933,0.443354,0.384421,0.417250,0.365281,0.307641,0.286955,0.437948,0.354338,0.286176,0.453763,0.684254,0.362242,0.669810,0.651844,0.395373,0.503838,0.436910,0.398359,0.505348,0.282548,0.327572,0.642809,0.653291,0.480144,0.542992,0.574877,0.307083,0.360582,0.367520,0.476010,0.264395,0.644553,0.612862,0.722364,0.264433,0.563458,0.336416,0.303805,0.460812,0.441156,0.574486,0.359085,0.635755,0.592048,0.367888,0.385033,0.239474,0.556598,0.577398,0.567800,0.590263,0.586589,0.457202,0.340792,0.648695,0.667209,0.383327,0.386827,0.313974,0.454888,0.587691,0.291002,0.442123,0.737696,0.270934,0.558469,0.357692,0.256842,0.697909,0.482573,0.545611,0.323312,0.337188,0.346936,0.669392,0.595729,0.651928,0.604255,0.446535,0.531435,0.354446,0.590352,0.330554,0.270677,0.681859,0.328935,0.680842,0.324398,0.354116,0.539275,0.770247,0.328233,0.459723,0.397422,0.264476,0.334592,0.743121,0.604607,0.463230,0.368899,0.354732,0.279437,0.294659,0.623133,0.515235,0.445347,0.303356,0.561896,0.559045,0.446022,0.260129,0.464933,0.514556,0.372766,0.546665,0.271584,0.588605,0.621158,0.605157,0.555453,0.637790,0.711055,0.288573,0.628007,0.354064,0.689223,0.397562,0.607189,0.688396,0.632869,0.290038,0.689389,0.314051,0.315047,0.431980,0.366356,0.472029,0.641067,0.454709,0.528083,0.603257,0.371771,0.423256,0.315131,0.480345,0.651277,0.308717,0.611354,0.354023,0.491414,0.547420,0.434094,0.724649,0.519960,0.616216,0.476557,0.774137,0.471952,0.455955,0.574245,0.498897,0.665924,0.505296,0.383152,0.278940,0.712276,0.627153,0.507460,0.789024,0.562479,0.434145,0.301496,0.713159,0.678896,0.461490,0.323472,0.392136,0.482790,0.647495,0.408915,0.742971,0.743955,0.668584,0.342993,0.762103,0.553624,0.617221,0.494047,0.575203,0.575153,0.758222,0.546517,0.651291,0.575865,0.474456,0.293663,0.474419,0.819192,0.367616,0.660498,0.711718,0.469886,0.622332,0.404896,0.313300,0.376645,0.291799,0.813945,0.517685,0.565602,0.697926,0.586414,0.330401,0.499235,0.467812,0.434760,0.598372,0.547751,0.515611,0.266227,0.314059,0.437568,0.574425,0.572603,0.431914,0.712128,0.711778,0.355107,0.573706,0.414959,0.499276,0.552979,0.524163,0.496881,0.679179,0.345318,0.614855,0.639396,0.502333,0.588138,0.772497,0.708521,0.274822,0.402434,0.655349,0.317307,0.373141,0.482598,0.681841,0.385751,0.564540,0.387429,0.441818,0.553511,0.684799,0.266434,0.652462,0.502474,0.377614,0.314560,0.649968,0.519627,0.657416,0.340883,0.570274,0.338907,0.705814,0.528057,0.440415,0.696337,0.740673,0.639326,0.722537,0.435035,0.522104,0.438425,0.697388,0.630128,0.389709,0.443843,0.493645,0.615198,0.626829,0.474413,0.382904,0.676065,0.586765,0.418952,0.389151,0.568964,0.354987,0.576208,0.440817,0.445726,0.572783,0.659305,0.507851,0.287011,0.438525,0.733814,0.475415,0.671491,0.658774,0.439523,0.637313,0.766382,0.631061,0.352506,0.776788,0.563711,0.528268,0.576230,0.720883,0.344544,0.648886,0.520487,0.766657,0.429333,0.633970,0.367955,0.353894,0.815745,0.558613,0.592936,0.744486,0.671657,0.391137,0.751634,0.408819,0.708002,0.633962,0.739366,0.628270,0.577862,0.621391,0.632276,0.699024,0.468561,0.489714,0.679510,0.618288,0.549190,0.563628,0.503520,0.680586,0.377975,0.660912,0.757920,0.764116,0.684518,0.517856,0.685937,0.407974,0.329924,0.774802,0.608649,0.578828,0.381713,0.276890,0.696243,0.314644,0.478945,0.696981,0.529706,0.395318,0.550432,0.417331,0.613373,0.657067,0.366328,0.594723,0.518509,0.745746,0.350058,0.561860,0.611306,0.314610,0.568690,0.634121,0.432795,0.666359,0.646423,0.363676,0.641290,0.362864,0.701411,0.605917,0.372046,0.592481,0.657088,0.694245,0.630120,0.725357,0.283745,0.543344,0.652687,0.604077,0.469224,0.680541,0.681734,0.634969,0.606312,0.709878,0.641467,0.347575,0.450052,0.699116,0.605246,0.392758,0.806279,0.588899,0.594800,0.750232,0.607116,0.542816,0.719859,0.688122,0.486616,0.683865,0.685477,0.594252,0.631665,0.572039,0.654037,0.652810,0.626999,0.604361,0.457883,0.530403,0.609952,0.409994,0.596822,0.643821,0.633756,0.642316,0.642297,0.491570,0.827768,0.697988,0.688740,0.642382,0.366784,0.540350,0.626978,0.719038,0.596747,0.686279,0.572660,0.711036,0.460734,0.564449,0.729777,0.766751,0.613105,0.446111,0.728812,0.584904,0.598754,0.643458,0.636769,0.583745,0.805260,0.608176,0.604688,0.426301,0.478670,0.562750,0.342555,0.649203,0.502995,0.694658,0.639578,0.636097,0.551060,0.648746,0.510228,0.660572,0.449869,0.508684,0.778159,0.595049
0.370513,0.396838,0.325696,0.000000,0.402787,0.441272,0.516104,0.388313,0.502246,0.428202,0.544330,0.480079,0.476905,0.410484,0.442430,0.447079,0.470556,0.538329,0.454850,0.594935,0.518780,0.579980,0.520065,0.514072,0.440301,0.520066,0.438196,0.457940,0.423746,0.522431,0.712335,0.472132,0.654799,0.644502,0.500345,0.532185,0.478167,0.438303,0.553738,0.502787,0.462216,0.657430,0.685369,0.570514,0.584154,0.610151,0.463660,0.499419,0.441053,0.508918,0.399526,0.642639,0.529900,0.694459,0.494466,0.612227,0.448547,0.477248,0.536786,0.492384,0.583571,0.516866,0.619153,0.631797,0.535228,0.501495,0.433689,0.593469,0.604626,0.671586,0.591604,0.565877,0.612251,0.531544,0.625322,0.684368,0.511775,0.463443,0.512103,0.602813,0.624033,0.560664,0.284111,0.728689,0.508650,0.602040,0.546755,0.472136,0.650376,0.508987,0.580576,0.481594,0.566938,0.484876,0.525315,0.621965,0.639399,0.555828,0.294419,0.592372,0.500488,0.580577,0.478866,0.439956,0.664215,0.559138,0.667107,0.546702,0.510684,0.614286,0.731682,0.513443,0.566749,0.537389,0.404548,0.509314,0.718905,0.598368,0.563666,0.521478,0.407166,0.522027,0.524275,0.633686,0.556887,0.544174,0.505727,0.635000,0.620841,0.554904,0.430320,0.565909,0.641129,0.447096,0.550882,0.495951,0.610508,0.632937,0.648461,0.578150,0.665677,0.701362,0.528859,0.624507,0.543194,0.627072,0.595689,0.553655,0.651366,0.627929,0.491336,0.658820,0.511934,0.528345,0.533563,0.450195,0.603615,0.649551,0.561638,0.588094,0.629014,0.528236,0.362817,0.476247,0.566671,0.639785,0.504396,0.567113,0.539517,0.531195,0.517049,0.539026,0.705341,0.545260,0.586436,0.509050,0.746055,0.544183,0.535361,0.663422,0.622584,0.622171,0.614853,0.496364,0.492767,0.740237,0.606292,0.541674,0.776294,0.565203,0.466887,0.484665,0.600323,0.617402,0.649692,0.520734,0.596530,0.579109,0.681286,0.532348,0.714946,0.704597,0.651921,0.484356,0.696364,0.633028,0.638499,0.459266,0.608316,0.644895,0.695926,0.581439,0.669491,0.601455,0.662732,0.537484,0.562427,0.746169,0.515783,0.699936,0.615492,0.545077,0.574701,0.569143,0.489564,0.570739,0.515213,0.807224,0.592467,0.603382,0.662017,0.634912,0.533811,0.617362,0.509083,0.502327,0.631707,0.420138,0.670503,0.423381,0.512082,0.568734,0.646049,0.646256,0.560128,0.729798,0.757595,0.499251,0.645354,0.573785,0.584207,0.667598,0.591354,0.566792,0.655725,0.535320,0.623255,0.658975,0.580648,0.655808,0.751103,0.655359,0.471380,0.616570,0.703803,0.540584,0.590068,0.629969,0.674106,0.555831,0.656437,0.508208,0.591489,0.563396,0.686977,0.441618,0.697409,0.591810,0.532415,0.543752,0.685872,0.646373,0.686568,0.526121,0.608606,0.552196,0.702373,0.681899,0.596506,0.661169,0.807322,0.590917,0.685516,0.526934,0.612797,0.578468,0.673096,0.657340,0.483500,0.554847,0.611887,0.616558,0.680251,0.598440,0.535498,0.637575,0.670478,0.618712,0.535736,0.582493,0.540801,0.647137,0.565510,0.490196,0.689144,0.639658,0.612595,0.483038,0.614476,0.691864,0.538927,0.688893,0.717019,0.527736,0.702657,0.758605,0.718091,0.585267,0.768498,0.630757,0.616309,0.704525,0.742355,0.550186,0.675666,0.588950,0.739051,0.578690,0.686656,0.546704,0.522466,0.752824,0.619680,0.618892,0.705145,0.650304,0.661437,0.751299,0.573569,0.640299,0.672672,0.744890,0.653063,0.606661,0.686847,0.647134,0.725393,0.563004,0.424503,0.728107,0.694548,0.615546,0.564411,0.606564,0.656123,0.563713,0.639249,0.789507,0.740857,0.659746,0.600824,0.745547,0.563994,0.501823,0.800647,0.599754,0.538481,0.577707,0.488656,0.690465,0.539649,0.637549,0.718172,0.656471,0.513285,0.669218,0.564686,0.658172,0.598526,0.553353,0.609199,0.616212,0.738782,0.516742,0.650676,0.653982,0.563232,0.590539,0.686517,0.600636,0.702611,0.683315,0.515507,0.684056,0.493390,0.658060,0.739195,0.547732,0.634953,0.700819,0.672475,0.657041,0.680779,0.477987,0.620372,0.628493,0.666166,0.592634,0.690920,0.677189,0.662407,0.699468,0.727635,0.609549,0.596482,0.564571,0.633798,0.684682,0.602051,0.765873,0.679795,0.639825,0.777426,0.570830,0.606007,0.720447,0.704917,0.644968,0.643696,0.627216,0.700083,0.638992,0.632332,0.692849,0.659445,0.680591,0.601386,0.569618,0.597545,0.590342,0.541360,0.709094,0.667781,0.677864,0.735191,0.732343,0.611482,0.764485,0.674416,0.648731,0.687921,0.574256,0.577313,0.670082,0.756815,0.682826,0.677772,0.679415,0.688114,0.560070,0.622504,0.719877,0.732120,0.625738,0.650663,0.707246,0.617427,0.669583,0.684105,0.659061,0.551061,0.807519,0.628403,0.649738,0.561846,0.460879,0.631112,0.518546,0.649259,0.552205,0.689214,0.659189,0.748260,0.713853,0.672729,0.566356,0.645917,0.563735,0.554693,0.752640,0.684218
0.376100,0.307132,0.128548,0.402787,0.000000,0.353683,0.459094,0.268022,0.504351,0.302197,0.503795,0.363026,0.544834,0.379634,0.496569,0.355399,0.294817,0.491463,0.272093,0.610168,0.423467,0.366137,0.357588,0.357501,0.354814,0.339291,0.382928,0.356755,0.291278,0.390512,0.699845,0.381480,0.661283,0.630072,0.345901,0.522182,0.396054,0.369748,0.532659,0.295948,0.300444,0.649440,0.649609,0.565605,0.604453,0.542530,0.328535,0.302868,0.359224,0.514252,0.355191,0.689382,0.617358,0.705297,0.302883,0.550147,0.275678,0.309185,0.490381,0.473975,0.552936,0.393178,0.643644,0.609606,0.400243,0.350105,0.276662,0.550447,0.577981,0.637033,0.609954,0.527867,0.507609,0.352208,0.583618,0.627739,0.393279,0.375016,0.331052,0.524965,0.633001,0.327810,0.418932,0.675089,0.240389,0.596251,0.403514,0.259335,0.646994,0.524874,0.565262,0.256441,0.253342,0.311126,0.665906,0.603624,0.667212,0.568936,0.413818,0.449070,0.298917,0.580702,0.229415,0.259651,0.626339,0.216879,0.668631,0.252340,0.306975,0.572237,0.760893,0.325359,0.482104,0.300084,0.253801,0.399231,0.754624,0.632027,0.449163,0.303204,0.372235,0.327584,0.296235,0.648409,0.444085,0.443888,0.359935,0.513278,0.520814,0.455088,0.259241,0.512792,0.526534,0.291861,0.499526,0.232948,0.593839,0.646891,0.609289,0.483780,0.625380,0.682985,0.297417,0.544176,0.408057,0.650584,0.410494,0.577868,0.738018,0.666386,0.251166,0.605911,0.321776,0.305748,0.465916,0.378048,0.402449,0.717193,0.461290,0.572638,0.698887,0.417475,0.386872,0.330217,0.505983,0.605557,0.296908,0.655553,0.301565,0.431347,0.500579,0.434628,0.723059,0.551374,0.626727,0.491365,0.778559,0.489326,0.420318,0.594995,0.542522,0.669744,0.517677,0.383016,0.252194,0.676535,0.562244,0.503668,0.804181,0.565679,0.411373,0.329741,0.694008,0.719632,0.488658,0.301388,0.384174,0.437136,0.698744,0.473199,0.684870,0.702267,0.702225,0.289549,0.747022,0.566650,0.661518,0.465201,0.542374,0.578641,0.763128,0.546847,0.601625,0.613833,0.536965,0.296369,0.488579,0.843775,0.411381,0.667071,0.681272,0.489666,0.589725,0.401522,0.348920,0.332314,0.323090,0.794046,0.479966,0.580598,0.722129,0.586945,0.271924,0.430716,0.459456,0.426032,0.596312,0.561581,0.479683,0.340963,0.301001,0.435224,0.647449,0.473506,0.380832,0.650981,0.610622,0.327921,0.660760,0.417953,0.389306,0.502639,0.546812,0.559606,0.670316,0.311306,0.674168,0.637676,0.436768,0.640496,0.773229,0.720086,0.338872,0.303100,0.673270,0.323968,0.372667,0.416254,0.617270,0.328860,0.529558,0.289519,0.411545,0.603089,0.709772,0.336236,0.677398,0.408844,0.329702,0.287247,0.716100,0.568129,0.660619,0.329996,0.510800,0.370093,0.691325,0.451135,0.440296,0.672683,0.661118,0.679220,0.719889,0.466921,0.502253,0.349302,0.618699,0.734068,0.430504,0.409033,0.445423,0.534798,0.543637,0.402551,0.447293,0.694517,0.599495,0.439965,0.379761,0.635726,0.318121,0.463316,0.438123,0.496670,0.624773,0.642787,0.542430,0.323059,0.413224,0.674649,0.459220,0.712181,0.652994,0.406976,0.702944,0.807695,0.629086,0.331943,0.689823,0.560907,0.640936,0.648787,0.685824,0.318396,0.648590,0.549102,0.771134,0.343932,0.717488,0.411625,0.372330,0.832688,0.579749,0.629355,0.749337,0.679097,0.283178,0.732123,0.375720,0.748206,0.703431,0.732763,0.679843,0.523751,0.592067,0.676118,0.661947,0.397699,0.514371,0.654132,0.655065,0.533089,0.600412,0.419568,0.672291,0.390991,0.667859,0.734723,0.776145,0.706677,0.565955,0.694842,0.420860,0.315341,0.803627,0.550666,0.524995,0.370584,0.341045,0.671667,0.278557,0.504587,0.716436,0.411202,0.454049,0.573583,0.369852,0.668824,0.698026,0.322763,0.645135,0.439705,0.793055,0.284099,0.627371,0.645701,0.311937,0.569288,0.577636,0.437186,0.646633,0.537114,0.360816,0.583147,0.325054,0.748471,0.582934,0.354527,0.630233,0.668560,0.661649,0.662144,0.735385,0.294583,0.561622,0.677123,0.603392,0.496973,0.710240,0.748443,0.669085,0.622230,0.755195,0.682769,0.377973,0.414764,0.742736,0.655807,0.365748,0.811013,0.639579,0.640628,0.744249,0.571405,0.488075,0.710633,0.636258,0.502057,0.682167,0.719340,0.545367,0.716930,0.586664,0.570424,0.626764,0.649088,0.614642,0.500624,0.476293,0.589001,0.448373,0.647936,0.617949,0.508652,0.567445,0.599111,0.513982,0.828395,0.747037,0.774821,0.592666,0.406094,0.603954,0.681412,0.800682,0.547750,0.714430,0.571019,0.761825,0.409894,0.572506,0.776470,0.741442,0.644232,0.438970,0.788280,0.601263,0.572312,0.661563,0.640665,0.615795,0.785864,0.569028,0.597456,0.430300,0.460499,0.535121,0.411294,0.704670,0.509241,0.668014,0.645537,0.640872,0.530034,0.724066,0.471856,0.707098,0.472689,0.481825,0.719296,0.596045
0.390282,0.377062,0.301112,0.441272,0.353683,0.000000,0.264424,0.381614,0.408331,0.205702,0.292271,0.290228,0.541843,0.307839,0.550093,0.447927,0.362814,0.395547,0.404110,0.521225,0.396659,0.526740,0.391795,0.361942,0.323331,0.350568,0.489465,0.504712,0.427629,0.551570,0.704148,0.428627,0.746985,0.605489,0.537633,0.270566,0.421448,0.403392,0.312148,0.346052,0.444911,0.616898,0.706582,0.608562,0.407749,0.609781,0.432111,0.455659,0.493170,0.250848,0.434672,0.571911,0.631469,0.808220,0.300774,0.638219,0.474797,0.371114,0.535052,0.436405,0.629699,0.436628,0.727110,0.520122,0.401656,0.417383,0.443622,0.637657,0.521044,0.563095,0.551010,0.612767,0.395257,0.379395,0.681000,0.588951,0.325846,0.464287,0.381904,0.444921,0.587536,0.320657,0.528752,0.775807,0.504137,0.378098,0.436126,0.437460,0.702827,0.441164,0.412894,0.441904,0.410901,0.462539,0.652968,0.382182,0.662768,0.639597,0.571723,0.396558,0.450214,0.576393,0.387199,0.437456,0.687996,0.382769,0.778476,0.345724,0.593532,0.417009,0.703702,0.491758,0.368754,0.130757,0.477049,0.483678,0.817227,0.558352,0.395951,0.446087,0.373285,0.527362,0.496766,0.683927,0.450458,0.544566,0.477687,0.547932,0.557279,0.352590,0.467863,0.374318,0.465846,0.401445,0.489561,0.452051,0.595110,0.537998,0.543967,0.517758,0.491252,0.768602,0.477485,0.411799,0.540953,0.724603,0.502726,0.606984,0.545262,0.655849,0.478046,0.675123,0.489802,0.528817,0.539411,0.425153,0.320067,0.544095,0.491541,0.478032,0.542125,0.451734,0.507020,0.467314,0.469150,0.620423,0.463587,0.548702,0.421849,0.543946,0.549049,0.561109,0.804825,0.426059,0.633980,0.468709,0.739240,0.555182,0.483341,0.625096,0.686774,0.649307,0.449445,0.491191,0.512109,0.653262,0.675322,0.420859,0.689420,0.417107,0.523091,0.454526,0.681923,0.564489,0.571496,0.464965,0.530807,0.551864,0.565792,0.525419,0.798358,0.744128,0.600625,0.477110,0.694038,0.433555,0.578284,0.586774,0.593509,0.686990,0.758677,0.615948,0.693328,0.561834,0.614044,0.539713,0.644654,0.753191,0.472605,0.756464,0.650280,0.521960,0.678901,0.526401,0.455174,0.496934,0.517600,0.826552,0.560370,0.528268,0.587827,0.557330,0.499419,0.568384,0.584023,0.576358,0.520894,0.613683,0.615691,0.518977,0.489262,0.600661,0.605833,0.531802,0.548992,0.742253,0.677682,0.465784,0.605814,0.473145,0.511303,0.530398,0.476456,0.531784,0.685325,0.565408,0.545016,0.626589,0.597440,0.587648,0.817480,0.711908,0.513103,0.426612,0.681837,0.442129,0.489716,0.654248,0.714544,0.471068,0.405876,0.415342,0.542111,0.466635,0.571344,0.498219,0.636001,0.522189,0.533117,0.454853,0.635389,0.514612,0.716698,0.504033,0.567935,0.540659,0.790520,0.495486,0.502932,0.687040,0.751039,0.580460,0.658941,0.492109,0.540725,0.575733,0.683213,0.525768,0.498299,0.543222,0.574486,0.647427,0.616249,0.501156,0.536960,0.664524,0.527136,0.585045,0.488918,0.488208,0.527602,0.379642,0.515529,0.462334,0.494243,0.751296,0.634521,0.469678,0.596958,0.736700,0.498267,0.539119,0.459726,0.470505,0.477248,0.731548,0.592015,0.492379,0.733528,0.586909,0.545281,0.659852,0.727243,0.520838,0.637411,0.460951,0.854163,0.399165,0.714040,0.613115,0.586928,0.756703,0.587737,0.566698,0.833205,0.549851,0.416174,0.821457,0.549537,0.628025,0.594291,0.742401,0.652286,0.555814,0.629655,0.477444,0.748127,0.490303,0.557829,0.656996,0.528946,0.632774,0.682084,0.331106,0.407311,0.509013,0.538315,0.794814,0.813688,0.649951,0.562669,0.769660,0.545739,0.553574,0.748694,0.578542,0.594152,0.519759,0.515747,0.754100,0.526903,0.489688,0.673541,0.472379,0.536762,0.470454,0.586050,0.668537,0.700972,0.583279,0.650490,0.466849,0.748614,0.480777,0.565037,0.657231,0.514717,0.570769,0.495831,0.538083,0.573445,0.520555,0.512270,0.618585,0.496477,0.606563,0.486872,0.522452,0.407141,0.549090,0.700530,0.518040,0.717515,0.513829,0.466621,0.609267,0.593242,0.495299,0.584758,0.532698,0.512621,0.631943,0.755334,0.503667,0.572822,0.525307,0.599293,0.586784,0.554949,0.770433,0.608846,0.696335,0.757308,0.516868,0.545618,0.793219,0.647194,0.504811,0.659923,0.603913,0.677038,0.506626,0.587841,0.614318,0.706074,0.714406,0.558206,0.603463,0.614068,0.664370,0.568728,0.642065,0.593790,0.573593,0.698596,0.617730,0.682449,0.886339,0.769811,0.563691,0.648468,0.616936,0.518294,0.502541,0.647013,0.619424,0.534866,0.676160,0.636035,0.567314,0.656319,0.800619,0.757839,0.634264,0.560287,0.608971,0.543420,0.615354,0.594793,0.669793,0.656618,0.840162,0.592670,0.607786,0.502605,0.586929,0.611680,0.545900,0.732895,0.549372,0.597624,0.645725,0.700114,0.463728,0.558564,0.612132,0.639985,0.586741,0.478084,0.763774,0.609192
0.403682,0.470110,0.425163,0.516104,0.459094,0.264424,0.000000,0.456933,0.308750,0.311290,0.071697,0.318572,0.611883,0.340405,0.591460,0.484927,0.481676,0.489047,0.461401,0.407765,0.368506,0.608527,0.338300,0.413088,0.319782,0.455428,0.549273,0.605116,0.509566,0.597405,0.639285,0.512030,0.719183,0.603206,0.635451,0.257523,0.423441,0.464822,0.243272,0.490456,0.555332,0.495970,0.664246,0.530526,0.387417,0.667567,0.493264,0.560720,0.552876,0.227257,0.531539,0.589773,0.654184,0.786447,0.389976,0.703485,0.552914,0.431256,0.542568,0.398454,0.655527,0.502699,0.714122,0.453804,0.449983,0.484744,0.582048,0.673791,0.550886,0.542510,0.521391,0.658959,0.319900,0.538248,0.663383,0.534930,0.356591,0.502912,0.529419,0.362910,0.483023,0.440560,0.565436,0.750686,0.609546,0.374940,0.637016,0.538025,0.691096,0.362734,0.388452,0.492744,0.575444,0.493601,0.719586,0.386489,0.588302,0.688227,0.623063,0.400046,0.517633,0.569831,0.457018,0.548981,0.697713,0.482138,0.733699,0.436719,0.636444,0.307758,0.701341,0.609525,0.322285,0.348589,0.581494,0.567519,0.799932,0.541811,0.411849,0.425978,0.443495,0.636625,0.627695,0.702174,0.495606,0.615810,0.538364,0.533907,0.535081,0.396126,0.539492,0.426968,0.412004,0.479944,0.512621,0.539885,0.615579,0.469344,0.570681,0.531740,0.476684,0.790001,0.571528,0.417750,0.616583,0.753677,0.564839,0.650131,0.538423,0.653369,0.599071,0.724805,0.571931,0.606137,0.542014,0.529225,0.288536,0.529262,0.576221,0.487256,0.485715,0.526197,0.598778,0.595110,0.417810,0.601507,0.556928,0.551625,0.486342,0.669079,0.537156,0.643006,0.771333,0.423203,0.627941,0.470333,0.706456,0.601970,0.587580,0.605057,0.769545,0.672423,0.470497,0.504466,0.629365,0.634652,0.706211,0.519701,0.622639,0.440109,0.619785,0.618293,0.702994,0.449709,0.685248,0.578791,0.577518,0.627133,0.445214,0.552455,0.761975,0.718878,0.576061,0.595752,0.649690,0.400112,0.579468,0.622044,0.620990,0.578823,0.733427,0.735550,0.766968,0.656358,0.688690,0.641443,0.669466,0.744212,0.553675,0.749783,0.641278,0.601613,0.710370,0.568491,0.586094,0.647199,0.645370,0.800070,0.618389,0.546132,0.516425,0.535709,0.609910,0.636955,0.591719,0.642306,0.425809,0.682962,0.672927,0.614021,0.595213,0.685842,0.641859,0.585649,0.579331,0.707867,0.571407,0.541997,0.589095,0.493587,0.524414,0.622435,0.530964,0.585470,0.697792,0.645863,0.538153,0.588285,0.686223,0.626773,0.805423,0.752728,0.636104,0.556485,0.655268,0.573763,0.589677,0.732809,0.717009,0.563879,0.371533,0.492481,0.584096,0.521193,0.610468,0.635634,0.556050,0.605849,0.698669,0.565363,0.667341,0.579193,0.775478,0.629621,0.536778,0.627716,0.762275,0.487725,0.561380,0.724575,0.720034,0.640434,0.673019,0.638615,0.546790,0.635425,0.640385,0.518626,0.502420,0.577439,0.614294,0.663373,0.669274,0.483099,0.615520,0.609180,0.605129,0.619949,0.577998,0.523445,0.633714,0.373315,0.556166,0.496786,0.468406,0.775182,0.696305,0.608795,0.703473,0.767642,0.527651,0.549712,0.374755,0.500549,0.512066,0.720031,0.663694,0.515716,0.702536,0.607689,0.600572,0.671587,0.684060,0.591164,0.568331,0.410993,0.828439,0.441568,0.651100,0.686978,0.660509,0.675390,0.581086,0.613890,0.794562,0.560338,0.526797,0.799339,0.611349,0.591776,0.536972,0.712219,0.577004,0.567956,0.644689,0.460972,0.757497,0.513415,0.630166,0.692607,0.586806,0.687260,0.720103,0.339206,0.440794,0.600729,0.562815,0.752746,0.799955,0.636548,0.563456,0.691997,0.696668,0.684354,0.750514,0.555302,0.603662,0.609712,0.658363,0.749326,0.647825,0.477256,0.643172,0.451295,0.564354,0.454778,0.693317,0.729088,0.683922,0.684591,0.688467,0.543438,0.754928,0.607711,0.487210,0.677127,0.605048,0.581904,0.455802,0.562745,0.536421,0.478838,0.560743,0.605043,0.559599,0.491595,0.549244,0.630834,0.369149,0.455935,0.718436,0.486971,0.636147,0.630206,0.506593,0.526385,0.539365,0.456010,0.564397,0.510296,0.419154,0.633137,0.698471,0.454990,0.670077,0.630541,0.506781,0.629755,0.686690,0.748324,0.645092,0.755343,0.690483,0.558264,0.579826,0.776260,0.693932,0.545571,0.747778,0.595452,0.719937,0.558467,0.641427,0.535853,0.758848,0.705735,0.589679,0.653924,0.669840,0.638221,0.709984,0.604653,0.518947,0.530419,0.761850,0.637602,0.747504,0.821984,0.715103,0.592515,0.660280,0.697909,0.605426,0.472925,0.534256,0.621177,0.544110,0.584640,0.691207,0.614409,0.679329,0.815659,0.720346,0.618190,0.663481,0.630181,0.612330,0.643067,0.507960,0.707151,0.647239,0.853010,0.613795,0.678267,0.534773,0.684040,0.719722,0.703490,0.723259,0.585918,0.573951,0.584190,0.737339,0.487732,0.490824,0.691416,0.640269,0.790497,0.514370,0.725885,0.686727
0.410122,0.416986,0.202402,0.388313,0.268022,0.381614,0.456933,0.000000,0.514888,0.348004,0.477425,0.401880,0.526590,0.317684,0.520757,0.251772,0.294889,0.438901,0.306623,0.606819,0.454464,0.407850,0.461272,0.269420,0.306526,0.393998,0.443840,0.288302,0.249917,0.454599,0.626709,0.371922,0.609555,0.609521,0.378704,0.508122,0.503061,0.445429,0.513251,0.357575,0.331069,0.644594,0.617902,0.604249,0.608862,0.612625,0.386826,0.443625,0.334415,0.529845,0.238054,0.679818,0.582461,0.686149,0.317452,0.582426,0.300038,0.200863,0.538115,0.500848,0.553148,0.394068,0.630930,0.565198,0.425222,0.354758,0.255974,0.535137,0.622484,0.608385,0.637944,0.573683,0.562665,0.500655,0.642501,0.682236,0.425220,0.307554,0.326477,0.519622,0.625892,0.329950,0.437791,0.675528,0.270143,0.605101,0.462197,0.216529,0.678051,0.492229,0.586852,0.154969,0.432823,0.337481,0.645105,0.608624,0.652969,0.561137,0.449179,0.548098,0.349296,0.642022,0.303020,0.225205,0.621717,0.390813,0.649601,0.357545,0.355653,0.514309,0.772337,0.297592,0.484430,0.469194,0.234346,0.232285,0.702957,0.737905,0.422694,0.347929,0.415387,0.316339,0.306496,0.651036,0.502166,0.451591,0.382911,0.528876,0.567363,0.443852,0.250770,0.546180,0.443347,0.398455,0.585472,0.241453,0.510154,0.543915,0.654247,0.500924,0.649548,0.674952,0.208452,0.618628,0.330779,0.645185,0.447685,0.636583,0.700907,0.668718,0.232672,0.625581,0.190036,0.303571,0.397147,0.408797,0.432256,0.720619,0.452653,0.576157,0.741365,0.395890,0.485642,0.251004,0.470600,0.604814,0.266557,0.670848,0.252354,0.498801,0.623630,0.428940,0.691255,0.538867,0.624680,0.434521,0.735932,0.495663,0.438486,0.645508,0.559667,0.715883,0.550637,0.334570,0.283626,0.722133,0.602095,0.468023,0.739202,0.585784,0.421589,0.294036,0.689393,0.720740,0.504105,0.354535,0.254009,0.487452,0.742427,0.397094,0.667978,0.690355,0.697322,0.302190,0.757523,0.485062,0.739798,0.509027,0.574984,0.592357,0.723046,0.542105,0.624806,0.531296,0.617080,0.303860,0.496084,0.793616,0.362857,0.608465,0.683200,0.456443,0.621446,0.331012,0.309783,0.413936,0.268606,0.794495,0.405352,0.685232,0.690711,0.582040,0.312277,0.539772,0.465317,0.477786,0.528637,0.581217,0.624547,0.238609,0.234909,0.451380,0.645627,0.609562,0.377877,0.673836,0.680192,0.247916,0.608462,0.394919,0.485294,0.571126,0.575362,0.536111,0.650067,0.324028,0.717181,0.661835,0.581651,0.701227,0.733521,0.714231,0.250858,0.562006,0.731206,0.325364,0.327943,0.520642,0.698858,0.436309,0.522639,0.386207,0.386523,0.642239,0.725362,0.264475,0.624098,0.469052,0.417828,0.318611,0.781663,0.538029,0.652829,0.272930,0.567628,0.289164,0.695875,0.501390,0.285325,0.677494,0.681122,0.739656,0.719898,0.499242,0.520623,0.362511,0.679498,0.742643,0.302734,0.333428,0.455597,0.634422,0.637306,0.452310,0.429775,0.661354,0.611624,0.545915,0.378760,0.679001,0.314937,0.515129,0.308012,0.492440,0.676170,0.593058,0.522862,0.301401,0.374520,0.698862,0.436076,0.738010,0.607077,0.472017,0.702110,0.715307,0.608382,0.340160,0.725427,0.546785,0.604541,0.639756,0.734001,0.300964,0.606697,0.489428,0.739313,0.431213,0.705158,0.385051,0.361833,0.784259,0.562099,0.650097,0.698382,0.729665,0.405254,0.690203,0.407818,0.803316,0.736349,0.738427,0.637779,0.637600,0.609323,0.707188,0.799856,0.434473,0.557280,0.783801,0.738443,0.493795,0.565129,0.504056,0.656256,0.249127,0.682436,0.671838,0.731307,0.681206,0.535221,0.679313,0.432040,0.305987,0.802432,0.609941,0.632861,0.327387,0.269029,0.711172,0.278794,0.360978,0.654278,0.531626,0.354033,0.594334,0.472957,0.639787,0.723523,0.381554,0.674389,0.554287,0.761405,0.328823,0.478394,0.619251,0.361818,0.638522,0.573551,0.288074,0.729539,0.633006,0.337744,0.607063,0.334850,0.707998,0.673103,0.360786,0.626568,0.610131,0.698367,0.671759,0.684579,0.263144,0.557866,0.611517,0.589353,0.426582,0.642771,0.744682,0.642481,0.659318,0.823507,0.605538,0.329384,0.401616,0.755618,0.650415,0.372556,0.752339,0.635575,0.589103,0.838121,0.671247,0.496733,0.665682,0.772267,0.626234,0.677871,0.756229,0.631326,0.716061,0.582927,0.604521,0.689215,0.630256,0.602715,0.434385,0.465938,0.655060,0.428621,0.676402,0.621427,0.599448,0.626728,0.663908,0.527538,0.780824,0.714601,0.780646,0.724967,0.376893,0.565850,0.636839,0.746177,0.663833,0.718525,0.583893,0.766227,0.406894,0.590493,0.748649,0.738629,0.569440,0.478615,0.748064,0.684688,0.638723,0.599908,0.585694,0.627959,0.811747,0.589622,0.652586,0.444720,0.536251,0.541760,0.396587,0.654072,0.617129,0.759310,0.567156,0.686097,0.508190,0.736425,0.487491,0.730101,0.466515,0.557973,0.708229,0.611586
0.416187,0.490110,0.440524,0.502246,0.504351,0.408331,0.308750,0.514888,0.000000,0.434181,0.317833,0.472964,0.578583,0.496671,0.572502,0.563068,0.502790,0.580362,0.451653,0.488575,0.358086,0.654086,0.132291,0.505349,0.309933,0.573423,0.573617,0.669849,0.556585,0.602789,0.654727,0.529562,0.758531,0.677121,0.611578,0.307541,0.449930,0.527701,0.376500,0.575931,0.566624,0.624660,0.718985,0.501708,0.300524,0.583484,0.506999,0.514260,0.625197,0.374234,0.560630,0.703172,0.627989,0.795757,0.499811,0.600669,0.599518,0.511449,0.588575,0.353851,0.700116,0.581877,0.766092,0.580516,0.465041,0.490898,0.611815,0.690969,0.504856,0.606272,0.475794,0.702079,0.325924,0.548938,0.653413,0.488988,0.523581,0.564449,0.545338,0.393173,0.503657,0.558002,0.584338,0.799177,0.604508,0.426852,0.643919,0.587068,0.656017,0.541487,0.434677,0.579075,0.644524,0.455153,0.682421,0.484008,0.702587,0.698121,0.635311,0.359324,0.564376,0.524420,0.589788,0.608168,0.709760,0.604707,0.775166,0.566469,0.605469,0.330621,0.767961,0.613047,0.469171,0.489529,0.614492,0.636387,0.829045,0.490412,0.537695,0.424901,0.545394,0.599660,0.652236,0.513756,0.512812,0.686012,0.563405,0.528239,0.626630,0.538555,0.586498,0.594982,0.456132,0.566881,0.321962,0.601418,0.689352,0.523737,0.670424,0.531758,0.407954,0.790483,0.647579,0.494171,0.644808,0.729675,0.638631,0.617914,0.620573,0.619835,0.630410,0.724944,0.629280,0.610343,0.507782,0.524011,0.448554,0.400037,0.594076,0.605002,0.518016,0.624241,0.551998,0.614867,0.464225,0.554616,0.558145,0.373364,0.588432,0.650886,0.587561,0.690549,0.799697,0.658158,0.592161,0.636598,0.779686,0.600548,0.563389,0.641380,0.711977,0.616514,0.651561,0.497756,0.625049,0.762968,0.727218,0.649044,0.696135,0.419460,0.619071,0.720380,0.639839,0.380277,0.730433,0.537016,0.625501,0.583915,0.628553,0.489876,0.804088,0.726169,0.523242,0.600612,0.705453,0.499569,0.595739,0.609527,0.616339,0.669193,0.746518,0.681898,0.741492,0.714202,0.764353,0.632781,0.608889,0.803214,0.509170,0.777981,0.671387,0.598441,0.695566,0.639423,0.594255,0.616085,0.664021,0.807549,0.669746,0.518141,0.427713,0.599978,0.650704,0.668421,0.626797,0.565627,0.383609,0.615023,0.748626,0.603348,0.655640,0.575272,0.548369,0.563450,0.593653,0.699450,0.703421,0.648734,0.500687,0.659290,0.548384,0.624819,0.627578,0.626855,0.664443,0.605425,0.527968,0.551622,0.673760,0.546701,0.835114,0.716765,0.654433,0.573852,0.699565,0.586833,0.700771,0.735939,0.657036,0.605136,0.517370,0.515941,0.635381,0.610993,0.651566,0.629969,0.604137,0.624414,0.681954,0.660980,0.635636,0.601665,0.681673,0.667269,0.485077,0.659482,0.736492,0.621549,0.596468,0.687072,0.713625,0.674218,0.678455,0.622794,0.582254,0.660563,0.575214,0.516631,0.619208,0.617270,0.604993,0.511672,0.669357,0.554361,0.578705,0.499422,0.604903,0.621976,0.592703,0.569848,0.665566,0.467307,0.573832,0.514554,0.476129,0.771679,0.697713,0.674267,0.636779,0.757636,0.525280,0.492279,0.579491,0.520414,0.516707,0.784452,0.653646,0.651511,0.804088,0.605430,0.585608,0.660841,0.685053,0.619495,0.643413,0.497439,0.853905,0.571033,0.667301,0.675182,0.656697,0.766914,0.520408,0.644968,0.820878,0.618652,0.638083,0.833234,0.560611,0.631180,0.667501,0.811731,0.447400,0.693602,0.652269,0.553336,0.658837,0.674136,0.525610,0.652201,0.623236,0.718366,0.687862,0.503414,0.503595,0.638966,0.557651,0.819250,0.857311,0.644215,0.640402,0.771530,0.679770,0.694469,0.781865,0.428675,0.708743,0.674310,0.646837,0.745651,0.658932,0.559194,0.572296,0.573201,0.607123,0.551267,0.657984,0.673579,0.589258,0.703692,0.615897,0.669471,0.752976,0.712094,0.602307,0.753386,0.590070,0.662706,0.500143,0.634061,0.648486,0.507305,0.558388,0.609727,0.605269,0.541581,0.612981,0.637138,0.571957,0.515298,0.765321,0.545785,0.533025,0.665039,0.639834,0.423740,0.508972,0.646950,0.620185,0.555209,0.589447,0.563971,0.702507,0.471841,0.673559,0.689772,0.431034,0.569073,0.689298,0.817294,0.634521,0.701057,0.798991,0.655264,0.601107,0.815554,0.661182,0.592839,0.692213,0.547644,0.735681,0.555725,0.655934,0.574260,0.701763,0.601832,0.598513,0.604335,0.700944,0.628294,0.693210,0.607112,0.596371,0.671653,0.770844,0.625608,0.652140,0.837370,0.657717,0.480425,0.516878,0.612516,0.606962,0.503487,0.623309,0.670577,0.609380,0.573726,0.638413,0.643953,0.677795,0.826564,0.712137,0.629759,0.718033,0.686519,0.600160,0.645792,0.581286,0.710902,0.549145,0.840693,0.680975,0.557190,0.641876,0.640228,0.640994,0.673194,0.685703,0.634169,0.453971,0.542896,0.664455,0.592018,0.597982,0.665341,0.503839,0.737387,0.481094,0.741297,0.551508
0.419689,0.360172,0.271150,0.428202,0.302197,0.205702,0.311290,0.348004,0.434181,0.000000,0.356249,0.193066,0.499275,0.250241,0.481787,0.376115,0.356323,0.419203,0.368637,0.565098,0.366298,0.525757,0.394312,0.347615,0.313748,0.253424,0.461918,0.445864,0.396098,0.516789,0.683464,0.362620,0.710612,0.632324,0.488313,0.324460,0.424820,0.402604,0.391331,0.329982,0.410585,0.608169,0.710611,0.619561,0.498241,0.592281,0.398552,0.457301,0.447969,0.326642,0.427719,0.614655,0.618884,0.784445,0.179853,0.585819,0.426326,0.343039,0.472806,0.410219,0.604791,0.313577,0.731348,0.547939,0.398951,0.411774,0.358735,0.621101,0.473002,0.595006,0.552907,0.597591,0.397911,0.360514,0.670216,0.564388,0.302511,0.393594,0.322164,0.445300,0.605737,0.334983,0.525558,0.778426,0.445607,0.386813,0.419153,0.328999,0.667334,0.458696,0.366668,0.409208,0.351956,0.413126,0.687180,0.413521,0.623208,0.607425,0.552236,0.429304,0.350862,0.560610,0.299055,0.401483,0.722654,0.237972,0.694498,0.211294,0.490673,0.468469,0.731066,0.470398,0.382940,0.259844,0.408981,0.447037,0.808084,0.596731,0.391099,0.374845,0.315730,0.476862,0.438456,0.661056,0.487986,0.479903,0.415736,0.532717,0.527655,0.343859,0.397646,0.408877,0.480815,0.333535,0.524454,0.334715,0.570378,0.508405,0.549106,0.526373,0.500430,0.792143,0.390436,0.443826,0.496809,0.751945,0.462631,0.561533,0.625724,0.664973,0.423508,0.700916,0.437060,0.450103,0.452161,0.365524,0.349586,0.582316,0.432095,0.408341,0.580988,0.406693,0.468268,0.413085,0.479264,0.605598,0.389655,0.579834,0.381458,0.562642,0.525757,0.523074,0.779107,0.429387,0.578389,0.501116,0.753238,0.573429,0.523478,0.541647,0.602297,0.683012,0.451089,0.464634,0.443976,0.700130,0.610686,0.404903,0.731577,0.469681,0.488144,0.393388,0.687743,0.637382,0.486827,0.414506,0.496595,0.504533,0.615933,0.511229,0.773443,0.732131,0.630290,0.415119,0.662806,0.475672,0.593832,0.506819,0.557865,0.632596,0.749536,0.608572,0.663308,0.623097,0.607751,0.466638,0.571103,0.775940,0.409291,0.759681,0.645540,0.561354,0.619979,0.488562,0.419053,0.449923,0.439206,0.790438,0.613346,0.546486,0.638213,0.520504,0.400410,0.563528,0.486472,0.514512,0.542387,0.583638,0.576847,0.449511,0.422406,0.540492,0.619373,0.478507,0.458272,0.708776,0.666218,0.441412,0.586121,0.416584,0.472747,0.514561,0.374159,0.536868,0.673592,0.512136,0.585366,0.601426,0.574687,0.562699,0.812684,0.658244,0.442919,0.387589,0.706868,0.378411,0.426968,0.587488,0.652007,0.399566,0.463946,0.340287,0.537916,0.596871,0.622611,0.412577,0.658705,0.424761,0.482361,0.391138,0.644040,0.569958,0.712224,0.438336,0.499554,0.494200,0.764835,0.491748,0.500093,0.674291,0.706655,0.655123,0.639717,0.469907,0.572619,0.488099,0.642754,0.610190,0.462760,0.502734,0.544775,0.639070,0.585676,0.479134,0.511397,0.635636,0.506245,0.521214,0.492771,0.594561,0.495482,0.386295,0.487320,0.437928,0.558494,0.746402,0.531845,0.389453,0.548738,0.663977,0.496831,0.579349,0.523621,0.439287,0.515897,0.754584,0.567602,0.434376,0.753013,0.538633,0.595470,0.648197,0.719897,0.463284,0.582806,0.488648,0.829953,0.332135,0.753298,0.524791,0.527825,0.758734,0.569652,0.524752,0.811361,0.567453,0.414325,0.773290,0.523633,0.667612,0.640337,0.787047,0.661521,0.492351,0.660499,0.565032,0.750324,0.481313,0.507165,0.681101,0.535355,0.576163,0.610314,0.365749,0.490173,0.490629,0.603553,0.779065,0.810301,0.643904,0.539670,0.713245,0.547868,0.470758,0.739351,0.568458,0.584754,0.448806,0.454816,0.749240,0.447741,0.477690,0.669550,0.433053,0.490811,0.525974,0.535676,0.653335,0.657940,0.473510,0.659814,0.366111,0.806060,0.405174,0.584876,0.607971,0.438020,0.510194,0.515938,0.505599,0.645743,0.478133,0.414719,0.565697,0.438394,0.658844,0.474456,0.461253,0.435644,0.608072,0.693214,0.594899,0.721822,0.433321,0.469746,0.560286,0.523755,0.475246,0.629522,0.659207,0.548415,0.622799,0.762674,0.505795,0.501982,0.453262,0.636684,0.606117,0.510550,0.814546,0.642396,0.702899,0.780835,0.541074,0.478273,0.796293,0.670700,0.487810,0.699500,0.550245,0.669360,0.583817,0.586652,0.571038,0.719652,0.705640,0.631256,0.550855,0.568025,0.619067,0.537648,0.680208,0.621854,0.543864,0.689080,0.539615,0.633207,0.902137,0.711604,0.596662,0.561630,0.572827,0.488322,0.542465,0.685409,0.532961,0.656335,0.654975,0.693262,0.492988,0.650460,0.830297,0.699087,0.563200,0.541296,0.701846,0.514637,0.565455,0.595560,0.640150,0.631243,0.872928,0.588074,0.570953,0.436772,0.598213,0.614395,0.521632,0.677208,0.547622,0.594989,0.644591,0.709461,0.500218,0.616305,0.533499,0.670681,0.523832,0.483774,0.684199,0.620007
0.420860,0.503611,0.445835,0.544330,0.503795,0.292271,0.071697,0.477425,0.317833,0.356249,0.000000,0.356300,0.610050,0.365521,0.590621,0.518750,0.514344,0.501067,0.491274,0.393375,0.393927,0.631685,0.361126,0.465558,0.345656,0.489121,0.582255,0.624150,0.552592,0.621356,0.658231,0.535935,0.733421,0.592180,0.658556,0.265664,0.420693,0.529179,0.276983,0.538460,0.573504,0.527480,0.668208,0.546925,0.376563,0.672853,0.520936,0.581576,0.584289,0.270238,0.521963,0.599533,0.649715,0.775575,0.426117,0.707618,0.582691,0.465300,0.535368,0.423572,0.659502,0.542779,0.720598,0.464910,0.470993,0.514432,0.603981,0.671997,0.571224,0.554889,0.502182,0.666279,0.377939,0.571905,0.642816,0.547105,0.418724,0.528525,0.546865,0.407147,0.476258,0.497145,0.589198,0.760793,0.632751,0.386702,0.684754,0.571435,0.680765,0.427308,0.394932,0.506794,0.610247,0.511717,0.691908,0.391923,0.609302,0.693486,0.640691,0.423318,0.543298,0.578212,0.504554,0.547806,0.706923,0.517990,0.737565,0.471929,0.656730,0.310732,0.692717,0.620821,0.393096,0.383563,0.596076,0.612796,0.787164,0.574397,0.450464,0.468339,0.471929,0.673242,0.647572,0.703826,0.517335,0.658580,0.565350,0.549461,0.575220,0.431231,0.564659,0.451200,0.453882,0.514598,0.506162,0.575611,0.639782,0.492058,0.611129,0.534235,0.459127,0.775179,0.611957,0.441278,0.637142,0.750788,0.576686,0.658348,0.547746,0.674438,0.618265,0.701995,0.607767,0.646408,0.579042,0.558535,0.331950,0.525481,0.575808,0.527540,0.469695,0.584741,0.610707,0.624205,0.472200,0.607921,0.582519,0.548961,0.535746,0.674670,0.571918,0.689540,0.777691,0.450857,0.650869,0.496534,0.684217,0.652249,0.597171,0.622502,0.798117,0.671830,0.506171,0.524267,0.650084,0.636945,0.718038,0.539732,0.648855,0.421595,0.625220,0.662885,0.687739,0.462168,0.691782,0.603439,0.609676,0.651377,0.492217,0.557476,0.774545,0.727756,0.583548,0.615970,0.649073,0.438445,0.579406,0.634950,0.639468,0.590053,0.746101,0.740632,0.743330,0.649872,0.699679,0.679516,0.669183,0.742924,0.588273,0.746486,0.646123,0.644137,0.725517,0.592631,0.611605,0.660046,0.684858,0.809660,0.615634,0.591837,0.547854,0.589837,0.623471,0.662123,0.639863,0.647557,0.438920,0.700662,0.686381,0.616022,0.630464,0.684865,0.649741,0.613704,0.614871,0.721788,0.614445,0.557569,0.612430,0.559530,0.534595,0.598141,0.543327,0.596880,0.690715,0.672436,0.504004,0.602499,0.707442,0.612613,0.804072,0.740130,0.649719,0.579883,0.647854,0.612984,0.617550,0.753181,0.721103,0.612701,0.418601,0.538903,0.617322,0.513532,0.618776,0.651174,0.566907,0.613715,0.685553,0.597213,0.661920,0.600830,0.778295,0.656613,0.552226,0.650792,0.773379,0.531619,0.581110,0.721306,0.747840,0.641882,0.665418,0.661511,0.576202,0.674112,0.618397,0.496636,0.520596,0.626222,0.630284,0.641987,0.694740,0.527630,0.650803,0.594014,0.613102,0.638746,0.627316,0.506953,0.636990,0.399644,0.588073,0.521051,0.492117,0.773942,0.725510,0.654771,0.696532,0.755986,0.557046,0.561303,0.410685,0.525174,0.531730,0.738253,0.683477,0.567218,0.730780,0.633000,0.605597,0.670831,0.675963,0.625075,0.590451,0.459563,0.805391,0.490113,0.657106,0.710897,0.674208,0.689552,0.602932,0.610677,0.791642,0.547274,0.583645,0.792802,0.635608,0.588174,0.530038,0.736279,0.581609,0.591392,0.654241,0.454375,0.720145,0.539972,0.616182,0.660089,0.571897,0.697629,0.764356,0.389876,0.466639,0.627110,0.559249,0.764171,0.777123,0.646800,0.583123,0.711817,0.706070,0.707726,0.762027,0.572248,0.604636,0.648155,0.678564,0.764996,0.681660,0.531145,0.638316,0.511667,0.576229,0.468991,0.700671,0.750711,0.704457,0.678882,0.682624,0.556036,0.745838,0.644653,0.546902,0.688142,0.622984,0.601982,0.475356,0.606865,0.523064,0.478165,0.581937,0.662134,0.576219,0.504592,0.560029,0.649981,0.410933,0.486570,0.729633,0.464608,0.625162,0.634247,0.533415,0.547491,0.560985,0.477789,0.585861,0.488710,0.457625,0.672271,0.693450,0.457896,0.717033,0.651691,0.530439,0.643364,0.697954,0.748227,0.645952,0.754853,0.675116,0.573517,0.587162,0.771799,0.669476,0.559711,0.734400,0.567974,0.728731,0.546796,0.656494,0.552437,0.763654,0.692294,0.610154,0.693950,0.694731,0.619888,0.755691,0.634004,0.526910,0.554924,0.780283,0.666848,0.778013,0.818173,0.711724,0.590793,0.668594,0.714901,0.606508,0.459694,0.577800,0.651847,0.535185,0.577174,0.705977,0.644046,0.698565,0.803031,0.718206,0.655355,0.650435,0.613044,0.628468,0.662764,0.539059,0.717538,0.653213,0.832278,0.648715,0.697687,0.541202,0.697938,0.721309,0.712257,0.719505,0.594508,0.587177,0.627128,0.741720,0.539823,0.477228,0.722313,0.577465,0.771819,0.521934,0.742329,0.703706
0.424372,0.407679,0.342514,0.480079,0.363026,0.290228,0.318572,0.401880,0.472964,0.193066,0.356300,0.000000,0.557703,0.277457,0.541762,0.409358,0.439732,0.408498,0.449435,0.577840,0.394886,0.507960,0.432112,0.370670,0.412048,0.207560,0.497444,0.506162,0.462501,0.591492,0.668643,0.335902,0.731022,0.667919,0.561570,0.386497,0.449526,0.464582,0.450035,0.385215,0.474683,0.678302,0.707586,0.575403,0.538039,0.609300,0.428591,0.483606,0.492360,0.418318,0.445465,0.598477,0.663824,0.800545,0.184103,0.621763,0.495711,0.403625,0.507568,0.471688,0.660920,0.279874,0.770099,0.588693,0.444268,0.483581,0.404866,0.712478,0.550694,0.571765,0.598183,0.647521,0.480782,0.383370,0.695271,0.553393,0.414872,0.423655,0.410712,0.490106,0.543849,0.408067,0.563841,0.776175,0.480374,0.449762,0.469943,0.360702,0.721170,0.466315,0.460322,0.445999,0.405829,0.498890,0.739583,0.457623,0.609403,0.695877,0.584020,0.481305,0.356379,0.561047,0.347531,0.443588,0.722878,0.230355,0.726971,0.212707,0.529095,0.501627,0.715348,0.498119,0.432978,0.364314,0.472482,0.484360,0.801946,0.596992,0.448405,0.475217,0.391506,0.486379,0.471745,0.668636,0.502971,0.598825,0.443163,0.598008,0.486229,0.404100,0.467191,0.439704,0.512948,0.397461,0.562512,0.355281,0.605540,0.519192,0.529478,0.561006,0.536408,0.832408,0.453722,0.508644,0.524390,0.783626,0.473561,0.524420,0.618149,0.650678,0.488780,0.757205,0.484043,0.469828,0.526758,0.429324,0.447153,0.613332,0.383649,0.402444,0.554802,0.473980,0.541443,0.479215,0.532144,0.690001,0.396650,0.660217,0.443674,0.616419,0.529150,0.563101,0.786304,0.457394,0.665766,0.566016,0.774816,0.629916,0.569197,0.587310,0.543572,0.672667,0.449288,0.491576,0.488817,0.669420,0.696685,0.398088,0.717221,0.562689,0.540749,0.496790,0.734027,0.666374,0.515116,0.490430,0.526064,0.559382,0.619019,0.566622,0.778740,0.747793,0.641230,0.467571,0.665626,0.563945,0.544905,0.586632,0.545830,0.615667,0.755289,0.668541,0.727892,0.634377,0.559070,0.508935,0.586917,0.768519,0.513399,0.772349,0.651848,0.593569,0.725013,0.546828,0.459726,0.435575,0.515088,0.832736,0.640190,0.568946,0.655715,0.541665,0.425404,0.586381,0.556500,0.547177,0.580959,0.624322,0.505882,0.525250,0.491310,0.616611,0.603345,0.557947,0.531780,0.673849,0.737405,0.505971,0.540980,0.455757,0.492203,0.472103,0.346411,0.576387,0.732114,0.502240,0.548701,0.589100,0.640340,0.545694,0.833919,0.691797,0.516532,0.404771,0.709893,0.451940,0.462175,0.533759,0.611572,0.416788,0.531563,0.412874,0.568448,0.549083,0.582664,0.495019,0.701857,0.385009,0.535496,0.459401,0.733619,0.529550,0.714287,0.501097,0.539826,0.536229,0.752681,0.518755,0.544981,0.716703,0.674970,0.675655,0.676183,0.477071,0.527799,0.506769,0.662561,0.569749,0.522332,0.511073,0.510498,0.656942,0.668884,0.537651,0.514547,0.662869,0.548044,0.542110,0.546951,0.557772,0.548765,0.481145,0.541736,0.475038,0.557263,0.770578,0.601582,0.502372,0.579296,0.716465,0.578925,0.607326,0.576002,0.490402,0.541492,0.755889,0.551187,0.468723,0.727536,0.620743,0.522241,0.716270,0.735466,0.503214,0.585815,0.559395,0.859482,0.405302,0.689999,0.550091,0.542292,0.816312,0.617083,0.579067,0.795316,0.633326,0.480376,0.807608,0.540973,0.648957,0.655410,0.803108,0.663367,0.448817,0.675922,0.536046,0.750971,0.549932,0.569321,0.687548,0.550548,0.550896,0.652679,0.482380,0.581421,0.532503,0.588666,0.755499,0.831388,0.725489,0.600790,0.732129,0.596197,0.470603,0.732701,0.604014,0.563952,0.504347,0.542906,0.787187,0.502039,0.568525,0.609997,0.462777,0.582822,0.542937,0.551792,0.697175,0.689615,0.493177,0.651440,0.349920,0.826049,0.499868,0.650655,0.633272,0.436923,0.469936,0.529214,0.574847,0.618155,0.515722,0.523047,0.643771,0.456963,0.692630,0.514425,0.531644,0.522343,0.626015,0.682270,0.657031,0.722621,0.494698,0.556997,0.595319,0.563368,0.521774,0.615914,0.605809,0.596536,0.609147,0.688708,0.523254,0.549561,0.464977,0.623859,0.610750,0.533246,0.818957,0.560664,0.707716,0.712498,0.594473,0.521998,0.800083,0.692915,0.505032,0.736015,0.619921,0.645241,0.602161,0.558489,0.597785,0.798903,0.703756,0.648165,0.584782,0.547522,0.637079,0.580441,0.687945,0.574445,0.604199,0.652957,0.609634,0.677164,0.878710,0.714380,0.645103,0.627743,0.559093,0.441524,0.506195,0.661601,0.574322,0.608380,0.661715,0.729770,0.466584,0.691767,0.879417,0.688034,0.614522,0.538207,0.636834,0.507386,0.649476,0.540633,0.618096,0.659716,0.894115,0.659775,0.662692,0.509231,0.598904,0.654988,0.600611,0.667360,0.602368,0.613030,0.656459,0.736142,0.544448,0.560079,0.604737,0.711159,0.594379,0.496679,0.671838,0.595521
0.425412,0.440533,0.536947,0.476905,0.544834,0.541843,0.611883,0.526590,0.578583,0.499275,0.610050,0.557703,0.000000,0.531038,0.117865,0.412747,0.502324,0.473923,0.520801,0.574360,0.421609,0.591027,0.531942,0.571034,0.523440,0.609125,0.425743,0.408949,0.495493,0.384010,0.516814,0.460211,0.406848,0.361764,0.384250,0.520398,0.471004,0.552176,0.613695,0.557430,0.466822,0.543272,0.532961,0.660859,0.636271,0.523119,0.608161,0.577953,0.422631,0.634955,0.572430,0.454655,0.281435,0.471803,0.592936,0.435236,0.496905,0.544481,0.565673,0.582642,0.261605,0.610731,0.393286,0.542646,0.627281,0.471745,0.545470,0.331162,0.439583,0.553410,0.451784,0.238250,0.693908,0.641823,0.284491,0.462345,0.620541,0.431190,0.620392,0.704523,0.692385,0.668239,0.522377,0.446392,0.579058,0.554855,0.709279,0.578086,0.447817,0.634238,0.492097,0.567021,0.672688,0.533978,0.397330,0.529707,0.420405,0.239029,0.541900,0.602787,0.507080,0.475288,0.542329,0.596424,0.334256,0.569739,0.457310,0.584012,0.505384,0.657263,0.471023,0.527686,0.679019,0.585022,0.523084,0.606881,0.543030,0.663702,0.606513,0.568517,0.479401,0.618983,0.587845,0.469188,0.478847,0.518092,0.654672,0.423911,0.493768,0.597655,0.598518,0.630056,0.581456,0.426729,0.618398,0.578832,0.423193,0.472254,0.441778,0.406304,0.565334,0.403689,0.639062,0.525430,0.660517,0.468517,0.656963,0.427705,0.494762,0.522525,0.607362,0.356882,0.599178,0.609943,0.553256,0.551559,0.652219,0.607911,0.467505,0.525751,0.603550,0.690841,0.480480,0.559953,0.657538,0.407651,0.566720,0.600191,0.591859,0.499255,0.480126,0.489692,0.485701,0.563351,0.283489,0.610868,0.450562,0.636842,0.563361,0.577192,0.618454,0.532216,0.645236,0.564026,0.636233,0.530963,0.293435,0.488257,0.565484,0.592010,0.540413,0.632421,0.312670,0.560762,0.605631,0.612148,0.612616,0.446968,0.681683,0.648059,0.446083,0.471826,0.563597,0.557738,0.420056,0.648043,0.609899,0.427063,0.404076,0.605612,0.473815,0.458885,0.332464,0.537306,0.740467,0.617394,0.532459,0.475109,0.691775,0.497331,0.435030,0.613384,0.296907,0.655401,0.660493,0.562289,0.623119,0.424605,0.491920,0.634061,0.523837,0.535464,0.553118,0.594957,0.635473,0.539934,0.623194,0.585741,0.749696,0.623258,0.592758,0.547084,0.650170,0.541463,0.594513,0.396334,0.620670,0.555947,0.643373,0.697448,0.491442,0.461329,0.602631,0.695728,0.345967,0.609525,0.522533,0.541662,0.653653,0.642748,0.452229,0.314606,0.660860,0.650940,0.453226,0.648859,0.630468,0.682305,0.530545,0.635878,0.684638,0.558896,0.699509,0.611920,0.555168,0.643648,0.530641,0.456653,0.627404,0.666099,0.476319,0.716117,0.575013,0.610500,0.588919,0.689241,0.480159,0.674746,0.581734,0.320894,0.587596,0.765080,0.352693,0.637129,0.662079,0.541758,0.425448,0.589434,0.609078,0.583748,0.577450,0.483759,0.416538,0.683587,0.698365,0.426031,0.437947,0.696841,0.624298,0.586179,0.641851,0.583982,0.557584,0.570930,0.630905,0.546618,0.503262,0.653137,0.503470,0.338395,0.639652,0.560104,0.681103,0.577569,0.575635,0.506886,0.450491,0.688991,0.516623,0.417956,0.614623,0.468285,0.474115,0.678999,0.561553,0.720079,0.483430,0.622990,0.743954,0.719017,0.584047,0.575314,0.666680,0.334161,0.529335,0.545117,0.690478,0.526848,0.651120,0.680179,0.610000,0.505953,0.614801,0.602163,0.499187,0.639389,0.718703,0.599239,0.454117,0.692411,0.581047,0.534367,0.554855,0.716906,0.613627,0.592888,0.580776,0.482998,0.522743,0.389179,0.538348,0.658048,0.674503,0.620350,0.490131,0.621296,0.486549,0.661070,0.669041,0.492210,0.616919,0.685381,0.551789,0.670594,0.677367,0.706322,0.704088,0.537323,0.664807,0.612443,0.610393,0.601689,0.469058,0.612754,0.701803,0.393982,0.626224,0.629969,0.556714,0.588161,0.768709,0.601951,0.647513,0.502957,0.659838,0.711531,0.691772,0.621468,0.709471,0.563838,0.398048,0.721006,0.527448,0.643945,0.670824,0.556757,0.548584,0.717003,0.613273,0.621845,0.626071,0.538864,0.731378,0.477007,0.695199,0.461250,0.549627,0.568875,0.589914,0.540571,0.635687,0.449477,0.608795,0.613425,0.538691,0.527692,0.685366,0.728054,0.361853,0.465926,0.648062,0.616941,0.569047,0.500081,0.572917,0.612451,0.724569,0.674483,0.542776,0.567811,0.667577,0.786536,0.715131,0.587691,0.508123,0.530132,0.645943,0.527296,0.591333,0.609240,0.611050,0.607192,0.587600,0.593429,0.619578,0.559165,0.629293,0.725833,0.491056,0.531382,0.637198,0.552729,0.403585,0.537765,0.710861,0.567352,0.477765,0.545533,0.642332,0.490676,0.566595,0.591261,0.622265,0.478428,0.599726,0.622297,0.481081,0.660414,0.567362,0.575427,0.633500,0.695568,0.536841,0.771351,0.635558,0.476477,0.479586,0.606317,0.546206,0.359767,0.505887
0.427734,0.406712,0.319720,0.410484,0.379634,0.307839,0.340405,0.317684,0.496671,0.250241,0.365521,0.277457,0.531038,0.000000,0.501101,0.325756,0.381260,0.449710,0.385430,0.556429,0.433534,0.492396,0.474319,0.312103,0.355212,0.353005,0.496402,0.403539,0.377717,0.454821,0.683530,0.308405,0.660311,0.613128,0.490678,0.400703,0.404192,0.465958,0.401376,0.345551,0.439814,0.598633,0.693398,0.583716,0.538815,0.632982,0.490685,0.519564,0.439264,0.365590,0.451969,0.571570,0.559136,0.741593,0.247227,0.593394,0.422742,0.338659,0.408863,0.430343,0.566707,0.419212,0.691928,0.647280,0.433275,0.424199,0.371629,0.525045,0.597482,0.585677,0.559860,0.570012,0.556145,0.475250,0.677380,0.630849,0.268189,0.340659,0.392382,0.473810,0.565859,0.317269,0.473261,0.709972,0.474840,0.474851,0.435452,0.288490,0.704970,0.470795,0.467853,0.364364,0.432627,0.433588,0.681721,0.451160,0.612280,0.583502,0.554534,0.530465,0.358982,0.619375,0.199545,0.439621,0.680489,0.386422,0.652340,0.323468,0.511147,0.516829,0.744205,0.498341,0.474415,0.405908,0.433721,0.442547,0.744737,0.678256,0.346909,0.434135,0.339665,0.484616,0.425374,0.673469,0.456762,0.500493,0.463996,0.540448,0.576373,0.379936,0.392553,0.480414,0.544891,0.369637,0.575925,0.310987,0.550125,0.563875,0.622020,0.526723,0.560940,0.719596,0.371304,0.578717,0.464658,0.708061,0.481895,0.604639,0.658979,0.715328,0.414694,0.711083,0.448457,0.445340,0.500642,0.366630,0.397671,0.638727,0.445431,0.487743,0.613227,0.389098,0.514154,0.410456,0.505688,0.637446,0.375347,0.648770,0.384479,0.565403,0.557583,0.544963,0.686625,0.341770,0.622246,0.522864,0.774582,0.536543,0.480960,0.635116,0.579179,0.702289,0.543359,0.433901,0.447552,0.652193,0.610114,0.424514,0.755546,0.569032,0.512182,0.397976,0.703831,0.690304,0.539488,0.424443,0.447935,0.559998,0.593265,0.467118,0.680095,0.703754,0.668011,0.421573,0.671790,0.500425,0.640804,0.579735,0.573675,0.651475,0.696871,0.621004,0.689753,0.513574,0.603546,0.445567,0.604842,0.758631,0.482288,0.669106,0.700492,0.518124,0.636854,0.530392,0.442148,0.410503,0.409170,0.831579,0.532695,0.600629,0.667281,0.574032,0.415839,0.629899,0.522049,0.535824,0.587388,0.579506,0.640317,0.479314,0.404406,0.565430,0.631198,0.615954,0.496589,0.714894,0.670299,0.441451,0.602516,0.452895,0.523930,0.584658,0.505280,0.569397,0.670853,0.490597,0.603705,0.613948,0.615311,0.602214,0.765596,0.701595,0.466437,0.533158,0.725105,0.434029,0.384532,0.560749,0.723137,0.493511,0.442478,0.398946,0.521318,0.557395,0.649759,0.472033,0.552496,0.458723,0.498226,0.425058,0.705154,0.455712,0.701532,0.423793,0.575327,0.545237,0.740420,0.501123,0.525681,0.693429,0.743863,0.609858,0.673083,0.543584,0.551378,0.485612,0.697182,0.608466,0.455458,0.525388,0.570018,0.663225,0.674915,0.539449,0.493527,0.665819,0.597667,0.562307,0.540351,0.555072,0.517930,0.450963,0.529335,0.380456,0.592417,0.715773,0.555649,0.379152,0.528514,0.703623,0.550282,0.608167,0.565200,0.386549,0.571584,0.731418,0.619310,0.437605,0.766464,0.632080,0.529764,0.673654,0.676269,0.416953,0.592963,0.539874,0.749387,0.417601,0.769688,0.507273,0.576029,0.816584,0.567135,0.553035,0.730983,0.629071,0.432770,0.723164,0.464402,0.716079,0.652853,0.760486,0.684677,0.578051,0.645694,0.586807,0.828924,0.522663,0.514884,0.774897,0.582928,0.581980,0.670646,0.427643,0.572071,0.473007,0.621435,0.756323,0.730689,0.677990,0.551783,0.696225,0.520415,0.479038,0.780897,0.631347,0.558815,0.475089,0.474232,0.719756,0.430726,0.553755,0.641627,0.527254,0.532427,0.527061,0.557135,0.652383,0.673393,0.457754,0.660470,0.508530,0.830939,0.428891,0.587306,0.652305,0.467178,0.583449,0.558724,0.532298,0.595468,0.546600,0.466989,0.593614,0.455811,0.696477,0.579920,0.517194,0.482932,0.652598,0.687982,0.632913,0.709245,0.491277,0.438633,0.609322,0.577566,0.513708,0.656985,0.627766,0.600367,0.686546,0.792181,0.483205,0.482000,0.445232,0.709959,0.649979,0.496804,0.774745,0.591510,0.660844,0.783021,0.548629,0.547032,0.749727,0.780032,0.484505,0.718651,0.671217,0.633984,0.600297,0.545238,0.564072,0.763416,0.725068,0.644043,0.505628,0.587959,0.638518,0.541638,0.694061,0.609549,0.646195,0.708171,0.672177,0.576660,0.832991,0.726701,0.679510,0.681164,0.501687,0.504141,0.530975,0.644818,0.661869,0.621598,0.613029,0.737260,0.506706,0.624226,0.758653,0.748627,0.571126,0.525585,0.681321,0.566551,0.593709,0.541132,0.611435,0.607176,0.855617,0.636247,0.679005,0.344101,0.592085,0.621858,0.523404,0.735165,0.586130,0.678400,0.661489,0.756986,0.546711,0.565016,0.581898,0.736628,0.564071,0.458043,0.730483,0.632701
0.429174,0.416288,0.508960,0.442430,0.496569,0.550093,0.591460,0.520757,0.572502,0.481787,0.590621,0.541762,0.117865,0.501101,0.000000,0.389350,0.461188,0.488121,0.422176,0.615776,0.432513,0.549359,0.509035,0.528165,0.494640,0.576531,0.382281,0.376113,0.441101,0.352861,0.534503,0.488238,0.401369,0.379265,0.393185,0.539144,0.445172,0.528414,0.609195,0.559130,0.420649,0.539262,0.524615,0.621771,0.696567,0.490919,0.571201,0.555387,0.392906,0.612730,0.547342,0.481068,0.275073,0.466249,0.538675,0.389803,0.450960,0.463254,0.492450,0.580062,0.265059,0.548479,0.419680,0.575851,0.597288,0.423589,0.484124,0.333671,0.418164,0.592249,0.468156,0.250389,0.681398,0.606047,0.321042,0.474612,0.527317,0.390729,0.570271,0.674734,0.723428,0.627917,0.453484,0.450587,0.545816,0.565859,0.649704,0.507975,0.438090,0.621268,0.493731,0.535550,0.614701,0.424285,0.424104,0.603947,0.421169,0.252313,0.506583,0.617678,0.455991,0.491445,0.491518,0.555512,0.367426,0.531165,0.434798,0.515702,0.444085,0.633328,0.520655,0.487661,0.698090,0.591728,0.464592,0.576401,0.524609,0.678871,0.606310,0.512156,0.459905,0.581844,0.534385,0.502671,0.467066,0.483393,0.599949,0.395688,0.457985,0.606579,0.526041,0.668318,0.606156,0.386649,0.609871,0.499504,0.381386,0.499043,0.482460,0.412303,0.567712,0.402444,0.584109,0.536197,0.627902,0.465166,0.562751,0.427616,0.579224,0.539221,0.560636,0.371209,0.537506,0.532859,0.525468,0.522383,0.578948,0.629052,0.424122,0.551499,0.664978,0.650013,0.441526,0.526222,0.687908,0.381081,0.518591,0.623066,0.503411,0.440029,0.500538,0.433867,0.450282,0.587475,0.280220,0.650752,0.523513,0.610283,0.520633,0.550884,0.604613,0.554742,0.589982,0.538827,0.569547,0.509185,0.277779,0.591035,0.639067,0.621088,0.494330,0.583649,0.373007,0.571130,0.593273,0.540559,0.553226,0.421826,0.727688,0.606367,0.453959,0.471944,0.592949,0.526020,0.437503,0.709588,0.648716,0.353657,0.367426,0.577784,0.487348,0.500038,0.358414,0.542191,0.717561,0.592580,0.497124,0.538880,0.653116,0.483474,0.444871,0.596594,0.286649,0.614234,0.610394,0.522715,0.583207,0.488128,0.499079,0.657198,0.589285,0.484833,0.499281,0.589171,0.550035,0.479527,0.629017,0.552420,0.735340,0.542950,0.543820,0.505440,0.684634,0.501005,0.532133,0.398073,0.622686,0.500036,0.670529,0.616525,0.492758,0.477279,0.586751,0.665608,0.351211,0.558211,0.601808,0.541831,0.635909,0.646876,0.462962,0.357811,0.587913,0.614930,0.507037,0.581174,0.594499,0.646020,0.516772,0.606024,0.651122,0.500636,0.672036,0.660036,0.645761,0.575471,0.557353,0.422308,0.557290,0.608164,0.482773,0.680213,0.553023,0.567772,0.557305,0.644552,0.495626,0.637307,0.568282,0.344161,0.553410,0.772981,0.417487,0.615957,0.627066,0.480528,0.426847,0.690300,0.555596,0.549867,0.522846,0.489363,0.391697,0.643935,0.681125,0.471283,0.435885,0.614437,0.617183,0.657233,0.578242,0.557921,0.496081,0.568718,0.682515,0.526256,0.431518,0.589555,0.507899,0.335051,0.606294,0.626661,0.719251,0.533649,0.648364,0.563764,0.440898,0.593579,0.521793,0.369347,0.684281,0.473661,0.486248,0.653547,0.532180,0.646946,0.487766,0.592614,0.739830,0.674602,0.563606,0.624291,0.652174,0.287908,0.513272,0.566575,0.644454,0.475756,0.618578,0.736127,0.618449,0.517916,0.626927,0.575099,0.525177,0.687975,0.733792,0.609745,0.440856,0.707044,0.629066,0.480427,0.607659,0.647636,0.668532,0.560493,0.643161,0.462115,0.538496,0.420198,0.529339,0.605204,0.621985,0.553253,0.555683,0.645534,0.478333,0.623515,0.598069,0.484780,0.577091,0.632386,0.599195,0.674570,0.641783,0.726130,0.673767,0.532419,0.661268,0.565463,0.649233,0.539823,0.501191,0.553700,0.705966,0.380532,0.572493,0.604625,0.533870,0.591434,0.747560,0.572013,0.591002,0.466006,0.592498,0.706927,0.718496,0.545207,0.739680,0.605164,0.421265,0.754733,0.587168,0.569677,0.659882,0.575305,0.566915,0.728266,0.685088,0.711572,0.690627,0.565076,0.712537,0.530447,0.634692,0.421698,0.585041,0.597874,0.562470,0.544971,0.676629,0.468296,0.661604,0.666803,0.514892,0.507543,0.682997,0.720588,0.418097,0.491635,0.647837,0.656047,0.566007,0.526597,0.596420,0.621761,0.717525,0.676324,0.488061,0.561669,0.652219,0.818783,0.691269,0.556785,0.535394,0.488057,0.635401,0.543973,0.552895,0.639418,0.608427,0.547458,0.617327,0.670180,0.635789,0.536921,0.716203,0.703864,0.515220,0.488173,0.629909,0.549405,0.411408,0.542703,0.644290,0.647765,0.515398,0.546038,0.677933,0.464234,0.562097,0.608413,0.634393,0.478781,0.532819,0.601093,0.495003,0.618154,0.549102,0.562516,0.636698,0.697372,0.528384,0.730745,0.696973,0.423206,0.522439,0.555160,0.566602,0.371059,0.501181
0.430231,0.394679,0.330773,0.447079,0.355399,0.447927,0.484927,0.251772,0.563068,0.376115,0.518750,0.409358,0.412747,0.325756,0.389350,0.000000,0.334903,0.479579,0.349527,0.642556,0.355718,0.446005,0.488211,0.345150,0.356376,0.416929,0.402834,0.256972,0.333006,0.410185,0.580841,0.352720,0.510345,0.530143,0.344668,0.533502,0.446353,0.432698,0.598723,0.397298,0.333554,0.640340,0.582972,0.578585,0.654580,0.585906,0.399148,0.463174,0.366603,0.546364,0.435842,0.659030,0.499607,0.619410,0.371011,0.553650,0.401241,0.282534,0.472288,0.501636,0.486390,0.414733,0.578309,0.533675,0.498203,0.335495,0.267432,0.473039,0.540442,0.659867,0.641370,0.502687,0.553183,0.493320,0.626336,0.636927,0.432378,0.296428,0.390799,0.509038,0.682171,0.364140,0.468975,0.626974,0.331993,0.600486,0.496333,0.306017,0.666107,0.470069,0.568281,0.293864,0.446885,0.352070,0.638021,0.604412,0.596439,0.496444,0.491326,0.549778,0.337812,0.619756,0.304987,0.392411,0.562725,0.394502,0.602215,0.389002,0.346679,0.540664,0.710763,0.361452,0.433361,0.502990,0.313594,0.294936,0.671342,0.738583,0.458232,0.380786,0.323839,0.382211,0.335017,0.592774,0.440631,0.326871,0.421768,0.497920,0.520503,0.404360,0.322272,0.580888,0.441146,0.302926,0.623883,0.315771,0.493527,0.546913,0.588608,0.449509,0.610053,0.619018,0.347665,0.616921,0.390041,0.586765,0.454177,0.500005,0.725757,0.674171,0.359249,0.566827,0.241944,0.325387,0.366278,0.368403,0.506530,0.699255,0.409521,0.531809,0.648074,0.494302,0.471387,0.302759,0.519433,0.536345,0.361012,0.695631,0.308872,0.460947,0.533513,0.421464,0.615648,0.399225,0.499148,0.523875,0.688122,0.484766,0.450427,0.581225,0.497375,0.671753,0.545887,0.438410,0.363953,0.704824,0.508343,0.498058,0.699920,0.623358,0.395940,0.307179,0.667246,0.688468,0.543858,0.372701,0.219443,0.406750,0.747936,0.545212,0.624386,0.618598,0.664308,0.321090,0.644194,0.600242,0.647078,0.399474,0.496894,0.596533,0.622923,0.491706,0.557254,0.530305,0.631419,0.395755,0.459693,0.719844,0.494663,0.574959,0.653939,0.491567,0.534068,0.297954,0.451855,0.448712,0.375473,0.728524,0.450695,0.579039,0.674730,0.527735,0.274974,0.547536,0.485200,0.431943,0.601622,0.611216,0.678702,0.401607,0.340318,0.463977,0.714094,0.562246,0.313846,0.581643,0.693520,0.256319,0.667422,0.364004,0.400500,0.488766,0.561306,0.599381,0.612645,0.353678,0.634983,0.537241,0.511380,0.673634,0.674602,0.623096,0.397922,0.523745,0.657641,0.335142,0.390987,0.480008,0.649529,0.391568,0.574618,0.335336,0.395355,0.714985,0.704888,0.440440,0.597577,0.398625,0.452677,0.415141,0.686749,0.589173,0.640524,0.376605,0.558661,0.400253,0.646140,0.498991,0.325481,0.649337,0.617834,0.694364,0.644068,0.489284,0.533631,0.157062,0.608701,0.694522,0.339582,0.306196,0.384338,0.579077,0.510827,0.454456,0.535362,0.596318,0.494388,0.560902,0.384767,0.704422,0.364262,0.520553,0.303802,0.436171,0.678806,0.563191,0.434042,0.336121,0.413242,0.607704,0.443816,0.695363,0.631599,0.446156,0.690468,0.705676,0.479019,0.322335,0.685440,0.513332,0.670410,0.554182,0.632286,0.414824,0.565878,0.534951,0.660905,0.362224,0.700774,0.458206,0.451101,0.756544,0.564740,0.534697,0.655912,0.658771,0.422207,0.646241,0.455321,0.712748,0.746337,0.674088,0.606698,0.610339,0.550141,0.703698,0.799688,0.506996,0.468022,0.777013,0.643321,0.359412,0.535473,0.541060,0.666198,0.252262,0.662268,0.630726,0.635148,0.601927,0.547120,0.702669,0.532341,0.346677,0.694545,0.614685,0.574496,0.352064,0.417297,0.633699,0.377805,0.412570,0.635634,0.435370,0.503370,0.650227,0.545641,0.569418,0.731665,0.370537,0.684259,0.526201,0.693651,0.334025,0.478802,0.523712,0.400715,0.636595,0.527309,0.332443,0.753734,0.580427,0.387463,0.484059,0.313818,0.719835,0.626211,0.323321,0.639392,0.591018,0.583336,0.693387,0.675859,0.410706,0.600630,0.551553,0.519260,0.485370,0.638071,0.712799,0.703666,0.573539,0.745677,0.595754,0.383459,0.347999,0.727109,0.593808,0.418684,0.723912,0.678385,0.570114,0.756948,0.683772,0.411742,0.682509,0.777850,0.646890,0.623646,0.643688,0.574772,0.736836,0.522568,0.561276,0.682848,0.608120,0.624553,0.537530,0.360724,0.673944,0.528285,0.786931,0.650154,0.534534,0.584272,0.545583,0.491289,0.757670,0.704512,0.755462,0.663798,0.363847,0.520589,0.667432,0.730689,0.566888,0.714062,0.603063,0.665766,0.308623,0.589800,0.697151,0.645945,0.515125,0.508711,0.724075,0.562790,0.563557,0.541158,0.587916,0.594155,0.774922,0.579049,0.540958,0.440680,0.618920,0.488775,0.471042,0.647538,0.565713,0.731352,0.583772,0.621097,0.544608,0.730065,0.346028,0.681585,0.486892,0.544482,0.622438,0.542313
0.435380,0.367174,0.323552,0.470556,0.294817,0.362814,0.481676,0.294889,0.502790,0.356323,0.514344,0.439732,0.502324,0.381260,0.461188,0.334903,0.000000,0.544323,0.117428,0.663038,0.406232,0.338495,0.372874,0.300892,0.296670,0.418999,0.399015,0.296538,0.232905,0.364642,0.669549,0.376424,0.510902,0.572360,0.257515,0.513135,0.415874,0.399758,0.481942,0.316750,0.237188,0.598738,0.523277,0.652807,0.630596,0.519368,0.396142,0.368155,0.298929,0.448125,0.447546,0.649655,0.505321,0.616386,0.313253,0.427844,0.259177,0.257008,0.517507,0.442163,0.496977,0.423522,0.564904,0.644293,0.395271,0.136066,0.331213,0.462740,0.531977,0.675857,0.603164,0.553887,0.533594,0.465742,0.625467,0.602673,0.365291,0.307542,0.331730,0.537484,0.746333,0.389948,0.364199,0.589622,0.274381,0.591267,0.474146,0.231300,0.574716,0.513465,0.581673,0.301231,0.424545,0.199564,0.574726,0.595494,0.648401,0.552314,0.446196,0.445344,0.334584,0.585497,0.262115,0.371608,0.626101,0.353004,0.598996,0.298113,0.308788,0.529122,0.720830,0.266199,0.525308,0.393846,0.281411,0.357563,0.635267,0.668754,0.452343,0.294193,0.372908,0.371125,0.267602,0.618136,0.323091,0.408292,0.427712,0.318035,0.557317,0.397638,0.247290,0.619442,0.565217,0.305447,0.485899,0.224670,0.500820,0.565999,0.660201,0.343147,0.635495,0.585167,0.306833,0.522828,0.479544,0.541705,0.468707,0.513833,0.738582,0.701404,0.238865,0.573912,0.247611,0.291908,0.478895,0.347588,0.358163,0.716203,0.406971,0.626259,0.695936,0.412025,0.395961,0.259253,0.545069,0.409237,0.238464,0.625415,0.245154,0.301283,0.555356,0.372604,0.652729,0.546983,0.579742,0.486321,0.714600,0.421575,0.338711,0.624459,0.574089,0.648447,0.587558,0.337311,0.329408,0.662997,0.524270,0.592637,0.766056,0.615980,0.274822,0.357535,0.653777,0.733664,0.559983,0.218285,0.285530,0.350700,0.732448,0.430715,0.599694,0.601318,0.667873,0.239175,0.745742,0.503829,0.713092,0.420082,0.505073,0.628900,0.604907,0.442060,0.524606,0.605418,0.656198,0.300777,0.460765,0.780667,0.444173,0.579121,0.674232,0.445526,0.561663,0.384738,0.374347,0.377835,0.301121,0.714548,0.436629,0.624904,0.687285,0.586348,0.356483,0.546192,0.444083,0.372987,0.546693,0.517527,0.657234,0.375959,0.235988,0.328259,0.647897,0.455530,0.407225,0.650280,0.585649,0.287383,0.664459,0.389774,0.496989,0.505222,0.628643,0.620438,0.572536,0.320395,0.655055,0.672024,0.511732,0.650328,0.682887,0.672031,0.405600,0.487677,0.714817,0.296026,0.358835,0.464650,0.644543,0.431398,0.415444,0.262581,0.453570,0.671474,0.693942,0.408788,0.634371,0.372444,0.355206,0.284410,0.741995,0.497485,0.627876,0.284240,0.475489,0.423190,0.662456,0.410457,0.294532,0.610602,0.675560,0.703165,0.715549,0.569767,0.579103,0.380670,0.617755,0.717870,0.398959,0.418030,0.394778,0.621002,0.502972,0.474166,0.521160,0.648227,0.495007,0.531386,0.367313,0.677840,0.334003,0.424008,0.296379,0.447564,0.639114,0.548179,0.576006,0.378364,0.309455,0.601844,0.363911,0.710618,0.653321,0.346180,0.653613,0.727288,0.508367,0.343651,0.713230,0.518660,0.620725,0.632409,0.690207,0.282712,0.630679,0.549776,0.692835,0.329023,0.770951,0.435115,0.393473,0.785424,0.520502,0.571402,0.655359,0.689832,0.385174,0.638397,0.323652,0.800080,0.814466,0.678207,0.673980,0.626479,0.546133,0.717057,0.757548,0.422441,0.498007,0.723990,0.733275,0.494247,0.596105,0.381180,0.613859,0.284900,0.677760,0.621926,0.727054,0.675177,0.547984,0.696164,0.432775,0.367722,0.788876,0.582430,0.647270,0.328566,0.392509,0.580853,0.276740,0.470409,0.724246,0.514467,0.461382,0.584378,0.461644,0.604190,0.724407,0.395417,0.671321,0.530916,0.741594,0.338560,0.625395,0.604768,0.417848,0.650287,0.536965,0.359408,0.723726,0.586919,0.313297,0.492426,0.296585,0.751075,0.641687,0.342404,0.637184,0.704579,0.714383,0.697028,0.742114,0.382730,0.479811,0.588778,0.604817,0.486010,0.698958,0.800943,0.684773,0.617325,0.829990,0.668745,0.351253,0.351784,0.746417,0.550554,0.371551,0.730322,0.672370,0.556824,0.822190,0.698373,0.354274,0.613376,0.703286,0.615959,0.578164,0.702679,0.591080,0.711362,0.641411,0.551642,0.557623,0.654109,0.616682,0.504885,0.454445,0.622489,0.479318,0.688698,0.647060,0.586944,0.580078,0.507807,0.511027,0.789227,0.728417,0.694562,0.622568,0.370650,0.592178,0.709084,0.775060,0.643913,0.762079,0.625114,0.693290,0.392010,0.520208,0.673849,0.702244,0.614578,0.451412,0.750832,0.663337,0.624290,0.633594,0.551974,0.657323,0.681828,0.533402,0.522392,0.409523,0.445933,0.382218,0.448358,0.718584,0.631723,0.671788,0.634505,0.592797,0.457405,0.753000,0.373957,0.696106,0.419306,0.427780,0.679690,0.463820
0.435688,0.512700,0.459769,0.538329,0.491463,0.395547,0.489047,0.438901,0.580362,0.419203,0.501067,0.408498,0.473923,0.449710,0.488121,0.479579,0.544323,0.000000,0.537596,0.570645,0.473724,0.580505,0.572105,0.467678,0.475761,0.446190,0.557738,0.521700,0.524142,0.585360,0.549690,0.432823,0.652559,0.559271,0.581177,0.453705,0.577565,0.558693,0.463047,0.442447,0.551903,0.632097,0.643377,0.626427,0.571584,0.652496,0.473026,0.601548,0.574477,0.537768,0.519775,0.494416,0.591091,0.656694,0.430397,0.669845,0.537386,0.452402,0.617456,0.595254,0.601775,0.519430,0.657706,0.439716,0.527988,0.540232,0.503834,0.623408,0.610520,0.475148,0.635671,0.566650,0.579681,0.499301,0.605281,0.612130,0.565807,0.463482,0.544576,0.552793,0.517203,0.441137,0.613710,0.654029,0.598778,0.501989,0.486217,0.510904,0.699147,0.608597,0.519667,0.478678,0.476687,0.571285,0.656129,0.460478,0.610585,0.586076,0.632258,0.569182,0.418847,0.668845,0.485326,0.564316,0.587949,0.468593,0.634434,0.458619,0.615024,0.565569,0.572219,0.575331,0.539716,0.495331,0.589374,0.575655,0.691516,0.663706,0.461034,0.549872,0.546917,0.625807,0.596672,0.710414,0.513501,0.614218,0.505829,0.633214,0.555814,0.560750,0.598146,0.420253,0.436703,0.534101,0.676927,0.502657,0.597938,0.576394,0.358838,0.579907,0.583930,0.663029,0.532797,0.542891,0.639770,0.718299,0.439405,0.587201,0.580745,0.666317,0.607906,0.660724,0.546735,0.604252,0.561724,0.616553,0.519548,0.580167,0.509129,0.560395,0.613524,0.539306,0.658454,0.602383,0.646027,0.670829,0.526961,0.661825,0.505141,0.709062,0.629915,0.617830,0.695405,0.516148,0.648203,0.552707,0.617371,0.618889,0.656417,0.600696,0.675469,0.672641,0.377430,0.574479,0.614200,0.567882,0.666584,0.357034,0.641563,0.630162,0.620713,0.553965,0.641235,0.665629,0.511042,0.619582,0.571323,0.608049,0.641534,0.625793,0.697146,0.656915,0.642266,0.592894,0.488789,0.543955,0.616002,0.663876,0.609881,0.600437,0.638008,0.695003,0.664215,0.570340,0.612988,0.645507,0.699768,0.566752,0.631982,0.720232,0.609523,0.686187,0.675916,0.529154,0.603459,0.566340,0.599489,0.718247,0.638211,0.633080,0.634444,0.613549,0.526792,0.568005,0.639312,0.681819,0.589122,0.713317,0.601994,0.605934,0.577556,0.696194,0.651147,0.675281,0.569882,0.650394,0.701151,0.574527,0.618947,0.540866,0.491471,0.556941,0.533835,0.481633,0.710956,0.619307,0.595428,0.666194,0.697831,0.670070,0.664990,0.667962,0.649563,0.566568,0.666736,0.615699,0.503641,0.674506,0.723768,0.572488,0.593212,0.610675,0.619151,0.616585,0.604249,0.619792,0.616262,0.534812,0.643477,0.556893,0.671449,0.631108,0.743962,0.605589,0.616983,0.616244,0.657410,0.562040,0.549640,0.667997,0.619759,0.693844,0.615185,0.551428,0.610193,0.575839,0.627929,0.596736,0.585964,0.583905,0.575219,0.661356,0.626572,0.585757,0.683017,0.643071,0.632742,0.625503,0.573376,0.592334,0.608699,0.543571,0.528275,0.653131,0.636327,0.731015,0.656570,0.577663,0.641088,0.697879,0.637751,0.627706,0.548699,0.659687,0.568627,0.604054,0.624649,0.596424,0.659326,0.622601,0.624752,0.745799,0.717374,0.585016,0.542202,0.595699,0.732694,0.570966,0.692382,0.693354,0.607317,0.549733,0.746868,0.657118,0.729563,0.687288,0.508726,0.687425,0.661628,0.679521,0.622051,0.668417,0.691577,0.563622,0.703784,0.553399,0.764094,0.554424,0.663654,0.730113,0.573814,0.602595,0.685376,0.628441,0.603760,0.572894,0.618864,0.682898,0.704914,0.606672,0.613579,0.655770,0.646146,0.614038,0.583634,0.678481,0.592073,0.584132,0.639402,0.678824,0.610290,0.439018,0.554729,0.547135,0.631007,0.599590,0.696330,0.687723,0.696244,0.611490,0.633339,0.544065,0.703342,0.558333,0.526404,0.699535,0.564113,0.567957,0.594049,0.567122,0.677960,0.580626,0.612785,0.692488,0.590462,0.636250,0.561067,0.587884,0.473141,0.569005,0.587777,0.700114,0.663197,0.630513,0.612833,0.668076,0.606379,0.533112,0.591855,0.639200,0.526477,0.574097,0.721661,0.552897,0.670372,0.550830,0.686712,0.622325,0.608489,0.726779,0.660290,0.644415,0.661790,0.561867,0.587971,0.720093,0.716795,0.622982,0.663508,0.641351,0.661924,0.705126,0.450277,0.589621,0.729931,0.728248,0.728791,0.708437,0.614062,0.703286,0.650137,0.722132,0.632520,0.441180,0.670933,0.677456,0.685030,0.708029,0.785113,0.624116,0.712631,0.671291,0.521720,0.528995,0.565706,0.598179,0.618407,0.652834,0.681834,0.553242,0.697757,0.712992,0.660254,0.719742,0.638664,0.554154,0.565087,0.704517,0.648135,0.688607,0.720552,0.734216,0.645810,0.639217,0.666069,0.662271,0.735237,0.715812,0.658606,0.680961,0.644051,0.587779,0.778215,0.542714,0.634879,0.641748,0.637344,0.658262,0.659708,0.649366,0.667797
0.436827,0.361659,0.291155,0.454850,0.272093,0.404110,0.461401,0.306623,0.451653,0.368637,0.491274,0.449435,0.520801,0.385430,0.422176,0.349527,0.117428,0.537596,0.000000,0.678649,0.386187,0.334653,0.333120,0.340045,0.284866,0.441839,0.379334,0.323221,0.231596,0.348442,0.665352,0.399008,0.540184,0.577211,0.288865,0.530497,0.419815,0.413463,0.508485,0.356804,0.252548,0.564885,0.550086,0.595622,0.631918,0.491679,0.360301,0.359010,0.284900,0.460341,0.375499,0.630168,0.528424,0.607812,0.300397,0.417345,0.256327,0.255568,0.511359,0.426551,0.496867,0.395232,0.556265,0.641906,0.398630,0.154295,0.315642,0.454244,0.502493,0.630231,0.584102,0.554074,0.533907,0.460190,0.623341,0.604934,0.338940,0.338444,0.314994,0.548933,0.735668,0.367521,0.369489,0.602375,0.296651,0.600443,0.458840,0.242123,0.619746,0.518627,0.538234,0.311339,0.430175,0.105503,0.581445,0.635361,0.638879,0.557090,0.455592,0.463897,0.291550,0.588925,0.263724,0.327581,0.632970,0.357540,0.558597,0.304209,0.262770,0.537551,0.747274,0.265277,0.546389,0.420146,0.253617,0.396094,0.664613,0.671385,0.456186,0.281904,0.397391,0.365104,0.266316,0.601218,0.318252,0.406446,0.382110,0.312104,0.506560,0.418695,0.217513,0.632375,0.571997,0.322419,0.498930,0.224212,0.532860,0.574795,0.657042,0.369509,0.613565,0.571560,0.296670,0.526179,0.452195,0.549661,0.412035,0.504269,0.729641,0.685361,0.248018,0.592446,0.281119,0.281335,0.452249,0.329108,0.374783,0.692334,0.396225,0.639294,0.721841,0.384590,0.387721,0.285099,0.545252,0.408821,0.232237,0.650282,0.245458,0.311794,0.561652,0.339390,0.628378,0.603229,0.542987,0.527111,0.755154,0.403547,0.350244,0.619337,0.588104,0.685343,0.563178,0.279942,0.294877,0.616450,0.539763,0.621734,0.771435,0.616049,0.301828,0.368830,0.672099,0.701256,0.535140,0.192177,0.306594,0.336535,0.729113,0.369265,0.582756,0.596798,0.686513,0.254991,0.724180,0.512868,0.739244,0.381436,0.461257,0.567413,0.611613,0.474559,0.559267,0.630805,0.635171,0.287229,0.405701,0.815080,0.399158,0.527498,0.655084,0.470522,0.577893,0.397367,0.340550,0.369218,0.306401,0.722879,0.500289,0.619108,0.723599,0.532241,0.352701,0.542938,0.436029,0.334403,0.549805,0.538313,0.637141,0.303008,0.253233,0.302029,0.623251,0.430467,0.406087,0.615385,0.570961,0.303171,0.642304,0.398877,0.462240,0.505088,0.636452,0.597418,0.576198,0.312886,0.666101,0.638378,0.483908,0.641230,0.676287,0.708855,0.337871,0.469729,0.709337,0.278840,0.350920,0.484148,0.602334,0.403260,0.419005,0.249428,0.450704,0.701026,0.734763,0.351598,0.618210,0.364341,0.335665,0.250476,0.716827,0.484151,0.591398,0.303739,0.463818,0.353602,0.638759,0.394163,0.348808,0.602905,0.652208,0.696574,0.718709,0.532544,0.520073,0.379896,0.588367,0.731115,0.395459,0.438999,0.379330,0.559578,0.516618,0.476010,0.471515,0.647211,0.521585,0.445093,0.353175,0.669683,0.335254,0.446189,0.311829,0.428329,0.621531,0.557069,0.514052,0.349075,0.324840,0.638853,0.358324,0.717997,0.668810,0.330135,0.670062,0.737786,0.500960,0.333814,0.709095,0.465746,0.638006,0.633583,0.631871,0.278009,0.597220,0.490008,0.676224,0.368039,0.716752,0.447473,0.367464,0.763074,0.530260,0.521966,0.658523,0.709604,0.377821,0.592266,0.304570,0.793348,0.804925,0.687044,0.659702,0.623479,0.544109,0.746487,0.780960,0.454567,0.476390,0.727572,0.752972,0.512570,0.623317,0.380009,0.643818,0.319371,0.710458,0.603574,0.708393,0.656924,0.529794,0.600571,0.405930,0.330733,0.788290,0.576112,0.636766,0.321779,0.331666,0.565123,0.284122,0.470421,0.695096,0.545344,0.392510,0.587744,0.452696,0.593904,0.713383,0.343009,0.660626,0.525191,0.743242,0.343218,0.610080,0.601857,0.361676,0.638831,0.520398,0.418724,0.692047,0.556669,0.265860,0.496188,0.293094,0.698429,0.661952,0.316026,0.689912,0.677139,0.700662,0.704123,0.739949,0.330851,0.528761,0.585058,0.561015,0.508204,0.684164,0.819965,0.711605,0.599367,0.821885,0.670243,0.326858,0.344872,0.731448,0.548958,0.351216,0.696949,0.673928,0.535446,0.788912,0.722768,0.373148,0.640381,0.705505,0.601661,0.589272,0.686073,0.579397,0.740206,0.636992,0.537560,0.597964,0.612773,0.585620,0.435973,0.469060,0.593811,0.448372,0.673176,0.585328,0.570536,0.579190,0.498624,0.481939,0.768638,0.659519,0.719110,0.604196,0.369066,0.606829,0.697133,0.752293,0.649685,0.783634,0.590792,0.696331,0.400226,0.514441,0.675828,0.679222,0.620661,0.420514,0.784041,0.667417,0.616957,0.668445,0.545432,0.634336,0.704680,0.556191,0.508402,0.395042,0.454861,0.416059,0.411256,0.667215,0.587705,0.657691,0.639586,0.612685,0.480482,0.766603,0.371198,0.680005,0.422452,0.444350,0.655101,0.458812
0.439097,0.592142,0.575933,0.594935,0.610168,0.521225,0.407765,0.606819,0.488575,0.565098,0.393375,0.577840,0.574360,0.556429,0.615776,0.642556,0.663038,0.570645,0.678649,0.000000,0.521770,0.741543,0.570358,0.649129,0.550676,0.669644,0.562073,0.713421,0.660038,0.632289,0.745301,0.589645,0.735431,0.651942,0.711458,0.456737,0.537774,0.658138,0.496327,0.679320,0.612703,0.708769,0.709310,0.565688,0.501439,0.629028,0.599907,0.626987,0.665892,0.555508,0.681193,0.649425,0.612915,0.787730,0.655322,0.686740,0.656810,0.670522,0.575084,0.549278,0.658805,0.681959,0.739328,0.559450,0.652582,0.674527,0.674165,0.683249,0.666157,0.557566,0.505431,0.603578,0.568434,0.686738,0.558820,0.621022,0.640755,0.625885,0.701701,0.591662,0.526331,0.718103,0.634240,0.793628,0.713760,0.563377,0.775851,0.689286,0.538363,0.617618,0.563062,0.653127,0.716426,0.698388,0.672904,0.561585,0.616398,0.608956,0.664832,0.547030,0.650494,0.487654,0.672940,0.713939,0.635078,0.712133,0.747319,0.679108,0.745913,0.546666,0.680471,0.678124,0.622815,0.612071,0.706903,0.696734,0.811346,0.536285,0.647889,0.656997,0.641662,0.735539,0.701059,0.696466,0.662418,0.762236,0.684051,0.660254,0.658493,0.667093,0.689894,0.549439,0.553731,0.650206,0.603871,0.692904,0.701442,0.642870,0.619342,0.622718,0.590742,0.767438,0.745709,0.542106,0.683017,0.762280,0.711304,0.640926,0.613520,0.564273,0.726378,0.666443,0.743761,0.633303,0.616414,0.699154,0.616770,0.548635,0.637358,0.584914,0.498361,0.719967,0.666313,0.711748,0.614860,0.668479,0.670265,0.609882,0.728284,0.729075,0.633980,0.702168,0.814264,0.550700,0.577226,0.623838,0.549977,0.683945,0.704726,0.683411,0.810616,0.522048,0.670898,0.655285,0.717547,0.690338,0.642877,0.643157,0.681252,0.529547,0.701387,0.764586,0.581132,0.470258,0.697522,0.755121,0.767073,0.750759,0.488961,0.610462,0.801348,0.759338,0.604937,0.739088,0.609888,0.579699,0.542549,0.697228,0.667211,0.645495,0.765655,0.733681,0.746385,0.733903,0.741832,0.766603,0.722462,0.713638,0.731981,0.783232,0.610018,0.716022,0.612094,0.702362,0.754956,0.697551,0.771160,0.714451,0.691433,0.656483,0.501025,0.653850,0.722273,0.706107,0.683527,0.722975,0.615210,0.706628,0.669028,0.753565,0.746721,0.714723,0.691967,0.732820,0.649412,0.686152,0.743182,0.695030,0.682503,0.711268,0.636930,0.701676,0.630729,0.659749,0.612998,0.717116,0.548033,0.688205,0.725626,0.625912,0.761145,0.639853,0.792744,0.721484,0.588864,0.774263,0.775156,0.871835,0.573054,0.740712,0.671238,0.725102,0.753455,0.556507,0.520051,0.779483,0.623360,0.695168,0.807943,0.737463,0.554246,0.732181,0.675724,0.750641,0.679447,0.779242,0.739620,0.748189,0.754888,0.628382,0.809101,0.652940,0.614942,0.699003,0.717330,0.737333,0.564141,0.516244,0.664855,0.710820,0.702146,0.629722,0.605243,0.685927,0.740140,0.534719,0.690037,0.687727,0.743894,0.547573,0.712038,0.640380,0.701405,0.617606,0.536494,0.780655,0.703679,0.757893,0.708716,0.675798,0.718532,0.525598,0.584431,0.651038,0.532536,0.718233,0.655204,0.736840,0.733781,0.665727,0.613936,0.677940,0.706766,0.774331,0.693501,0.642183,0.812465,0.725852,0.641427,0.750498,0.696935,0.659938,0.634888,0.704034,0.845594,0.446547,0.745816,0.836056,0.695553,0.543388,0.534340,0.781893,0.523140,0.623981,0.692730,0.475660,0.606512,0.668478,0.655757,0.594968,0.621295,0.758976,0.762402,0.664609,0.575588,0.746622,0.467147,0.833271,0.826937,0.554455,0.666376,0.767237,0.786197,0.787438,0.758496,0.668594,0.574855,0.724548,0.797502,0.770144,0.776371,0.665456,0.629920,0.687459,0.699961,0.631460,0.767757,0.717272,0.588795,0.795841,0.681867,0.655270,0.586897,0.746294,0.640956,0.708449,0.727671,0.618861,0.647586,0.739475,0.586413,0.638555,0.767274,0.670971,0.735595,0.605848,0.641160,0.736000,0.514294,0.581361,0.658421,0.588962,0.624227,0.772275,0.712683,0.548558,0.607817,0.626618,0.611522,0.461918,0.581710,0.622342,0.672247,0.522763,0.734655,0.703856,0.553924,0.688991,0.718746,0.747355,0.668106,0.685869,0.676248,0.598150,0.710012,0.796470,0.623872,0.628156,0.742067,0.511967,0.717875,0.573893,0.696377,0.578134,0.566103,0.713640,0.663064,0.746862,0.783572,0.481786,0.772840,0.628620,0.664963,0.635962,0.675700,0.690279,0.736039,0.763529,0.615613,0.511486,0.589251,0.741087,0.713614,0.482486,0.556941,0.705553,0.496640,0.636898,0.614892,0.745644,0.692748,0.777611,0.620280,0.604915,0.759342,0.627069,0.600598,0.667400,0.681572,0.675298,0.543297,0.788456,0.673789,0.674934,0.739326,0.737286,0.719791,0.773355,0.620696,0.648150,0.618296,0.646575,0.620620,0.723096,0.505814,0.739607,0.515813,0.824074,0.629634,0.630322,0.646603
0.441938,0.442951,0.443354,0.518780,0.423467,0.396659,0.368506,0.454464,0.358086,0.366298,0.393927,0.394886,0.421609,0.433534,0.432513,0.355718,0.406232,0.473724,0.386187,0.521770,0.000000,0.569653,0.266164,0.447574,0.339423,0.485135,0.415964,0.504297,0.467898,0.455917,0.585586,0.389566,0.633556,0.559370,0.437852,0.385182,0.377346,0.467123,0.429725,0.480040,0.444177,0.615635,0.615627,0.546844,0.436663,0.488497,0.397368,0.442655,0.480554,0.445110,0.552182,0.675052,0.540233,0.724637,0.443980,0.510309,0.533037,0.436267,0.510896,0.410761,0.540810,0.503827,0.653492,0.501011,0.468639,0.336629,0.485975,0.559442,0.489887,0.516135,0.504855,0.531627,0.379796,0.516265,0.543166,0.484533,0.499599,0.456377,0.553589,0.443037,0.562944,0.526247,0.555239,0.694350,0.464863,0.464901,0.620302,0.475500,0.593962,0.471551,0.466034,0.465814,0.540919,0.349430,0.601229,0.521098,0.633253,0.541540,0.590054,0.388726,0.378688,0.441897,0.436102,0.524825,0.570299,0.451760,0.669235,0.450117,0.460835,0.470417,0.681818,0.459220,0.415298,0.408602,0.512296,0.554004,0.780876,0.549385,0.497861,0.384844,0.460399,0.531689,0.527048,0.572116,0.411396,0.526217,0.547594,0.414099,0.489400,0.407410,0.507925,0.457440,0.404467,0.424845,0.403406,0.454012,0.533853,0.454517,0.556786,0.374224,0.498866,0.670144,0.582741,0.434203,0.563389,0.613655,0.575246,0.465030,0.574834,0.570540,0.547820,0.580989,0.492959,0.489214,0.474105,0.448751,0.466228,0.515652,0.448113,0.509522,0.518077,0.581442,0.531360,0.492190,0.480882,0.453342,0.467324,0.491065,0.456387,0.544906,0.480481,0.542395,0.735203,0.528321,0.546915,0.566888,0.661772,0.511210,0.481702,0.588865,0.648654,0.565422,0.531023,0.425999,0.493673,0.698209,0.568902,0.504845,0.656652,0.501221,0.531428,0.564515,0.575280,0.539062,0.578682,0.447295,0.487060,0.423965,0.655409,0.551835,0.680852,0.648147,0.483360,0.443128,0.608902,0.542628,0.548822,0.526997,0.489791,0.613940,0.669490,0.544061,0.573511,0.639422,0.704524,0.558663,0.498986,0.728091,0.527542,0.670179,0.582644,0.588109,0.580772,0.502266,0.582161,0.498260,0.586432,0.700404,0.568459,0.527152,0.568535,0.489718,0.476061,0.588165,0.553986,0.564077,0.540471,0.665942,0.711267,0.537245,0.536005,0.499466,0.544892,0.519747,0.489970,0.569629,0.618495,0.482715,0.462628,0.583639,0.386017,0.449609,0.593451,0.622134,0.582801,0.520466,0.512605,0.508772,0.592208,0.527009,0.702675,0.623795,0.568040,0.486686,0.574259,0.502005,0.599692,0.626653,0.561126,0.466190,0.568538,0.360654,0.607273,0.590195,0.557167,0.586697,0.613239,0.421446,0.563731,0.544843,0.584428,0.610198,0.650622,0.561722,0.470121,0.589710,0.629452,0.529320,0.462117,0.591872,0.598335,0.708449,0.552897,0.571726,0.592158,0.441555,0.492061,0.526789,0.524843,0.494572,0.394051,0.469291,0.487899,0.431781,0.582269,0.506743,0.479654,0.572040,0.432941,0.549053,0.527944,0.481730,0.427487,0.481279,0.459322,0.632400,0.581258,0.562808,0.538867,0.616166,0.411240,0.518108,0.550086,0.450467,0.508071,0.711273,0.458295,0.545959,0.681460,0.513867,0.588192,0.625244,0.608390,0.585187,0.595341,0.507153,0.751601,0.403596,0.646402,0.575712,0.574785,0.700384,0.584656,0.515309,0.733242,0.621717,0.546277,0.739281,0.486821,0.653976,0.639325,0.700685,0.561184,0.657274,0.556759,0.479288,0.688646,0.521927,0.539616,0.623531,0.538347,0.533340,0.613011,0.506410,0.536688,0.484455,0.484734,0.684649,0.754705,0.545841,0.564695,0.725435,0.660744,0.543773,0.675617,0.484922,0.601501,0.548449,0.619908,0.648339,0.559853,0.483546,0.537118,0.400928,0.551392,0.501173,0.616877,0.594013,0.624472,0.573094,0.670096,0.581510,0.725437,0.520327,0.549631,0.592882,0.499218,0.685152,0.452227,0.477629,0.669720,0.517385,0.478263,0.506874,0.482517,0.607398,0.544720,0.474471,0.554147,0.454182,0.583972,0.539302,0.553530,0.579979,0.630878,0.515900,0.471141,0.552267,0.588859,0.598095,0.612341,0.436215,0.691865,0.435225,0.590646,0.457688,0.548265,0.454881,0.590898,0.740119,0.602681,0.535094,0.657050,0.581563,0.362955,0.704511,0.655018,0.573518,0.607589,0.561167,0.547384,0.548801,0.545069,0.508232,0.676921,0.610428,0.598271,0.593373,0.519383,0.622711,0.673060,0.713486,0.691127,0.541486,0.604777,0.489162,0.622686,0.755261,0.653086,0.548884,0.508775,0.579934,0.496225,0.506421,0.632512,0.535967,0.593912,0.576071,0.550048,0.442222,0.619802,0.769464,0.615969,0.581314,0.682013,0.731153,0.480110,0.581693,0.542003,0.580737,0.635537,0.795250,0.576963,0.461368,0.554834,0.574954,0.495067,0.627041,0.610564,0.576270,0.509514,0.559041,0.572956,0.590428,0.579940,0.481281,0.531861,0.649887,0.420977,0.584236,0.401928
0.444960,0.434998,0.384421,0.579980,0.366137,0.526740,0.608527,0.407850,0.654086,0.525757,0.631685,0.507960,0.591027,0.492396,0.549359,0.446005,0.338495,0.580505,0.334653,0.741543,0.569653,0.000000,0.514428,0.420275,0.506404,0.436212,0.527314,0.372035,0.413252,0.440943,0.609458,0.497518,0.458353,0.595263,0.345146,0.668026,0.551912,0.425128,0.602693,0.393254,0.413500,0.572564,0.519720,0.674292,0.735321,0.641294,0.456159,0.459326,0.443596,0.590265,0.510964,0.624423,0.587621,0.485357,0.449814,0.568183,0.396460,0.431533,0.595722,0.648095,0.521320,0.562198,0.501612,0.658393,0.457491,0.420101,0.445232,0.485389,0.597556,0.583371,0.661081,0.546077,0.612700,0.524775,0.620920,0.685506,0.506331,0.472143,0.385407,0.659921,0.771493,0.373671,0.494236,0.467284,0.346511,0.676973,0.475688,0.394420,0.613396,0.627216,0.663833,0.385745,0.428535,0.413819,0.649491,0.704084,0.708389,0.588803,0.567600,0.590923,0.442082,0.667089,0.387453,0.459016,0.607709,0.417735,0.492248,0.423378,0.340650,0.663848,0.600723,0.437581,0.614636,0.551787,0.391853,0.508481,0.533673,0.710646,0.521228,0.447758,0.534547,0.371373,0.394480,0.674735,0.500539,0.496143,0.468821,0.490590,0.578942,0.546077,0.380173,0.660184,0.596604,0.455754,0.700326,0.370873,0.553663,0.667757,0.632599,0.546415,0.721205,0.545836,0.348098,0.663714,0.525024,0.540794,0.416540,0.604336,0.767951,0.744323,0.365134,0.597929,0.413468,0.395298,0.590111,0.501181,0.514237,0.781548,0.520242,0.723930,0.792327,0.493880,0.561389,0.441406,0.647087,0.579556,0.405621,0.811865,0.435862,0.480626,0.651731,0.475593,0.541028,0.614828,0.602546,0.634092,0.690793,0.572566,0.514858,0.654397,0.379459,0.710140,0.599739,0.524945,0.440565,0.604064,0.519120,0.690859,0.774391,0.717143,0.450167,0.459170,0.738150,0.811836,0.628032,0.352582,0.373311,0.476704,0.809655,0.553891,0.480743,0.539843,0.706110,0.423231,0.682908,0.631759,0.765616,0.565915,0.627496,0.627596,0.556189,0.523476,0.564359,0.605424,0.554973,0.358674,0.498195,0.692470,0.505968,0.488739,0.708852,0.661112,0.586927,0.516305,0.428536,0.408509,0.404966,0.647792,0.517966,0.601573,0.742949,0.648108,0.454820,0.602939,0.638265,0.484584,0.668844,0.655184,0.576512,0.488647,0.377283,0.464569,0.631260,0.526296,0.546344,0.640904,0.537410,0.440810,0.654540,0.470661,0.608228,0.613141,0.696262,0.678280,0.617806,0.427145,0.703561,0.690654,0.596806,0.742897,0.562365,0.705843,0.480122,0.531051,0.729238,0.402768,0.354118,0.340373,0.688157,0.459233,0.537344,0.469792,0.590449,0.695146,0.762920,0.493316,0.714560,0.505184,0.466078,0.381579,0.733697,0.521527,0.705927,0.409031,0.611856,0.416278,0.650751,0.402049,0.501572,0.662189,0.635120,0.755693,0.774963,0.564915,0.592566,0.477414,0.639573,0.799507,0.554685,0.529743,0.549056,0.656574,0.565835,0.557047,0.522592,0.722348,0.634303,0.560942,0.482310,0.764174,0.483242,0.579424,0.482923,0.531173,0.736678,0.630547,0.584224,0.456982,0.418807,0.635974,0.591025,0.785631,0.685510,0.455891,0.742194,0.633272,0.598574,0.430047,0.644734,0.600677,0.669501,0.653592,0.612128,0.316885,0.646643,0.632813,0.562623,0.501903,0.723154,0.547233,0.510135,0.705311,0.699091,0.633120,0.557878,0.745494,0.371657,0.519418,0.387067,0.854422,0.801444,0.617708,0.743485,0.649111,0.561439,0.805494,0.764255,0.554339,0.588847,0.761634,0.739240,0.546726,0.641942,0.528751,0.739194,0.443981,0.704134,0.540839,0.584055,0.683040,0.632586,0.554551,0.397608,0.460574,0.706150,0.710834,0.658833,0.417163,0.464279,0.559641,0.378390,0.550383,0.740196,0.573967,0.575340,0.619645,0.430389,0.682000,0.774786,0.458114,0.717620,0.586569,0.662540,0.443402,0.636430,0.640401,0.427273,0.669026,0.573577,0.549187,0.692365,0.655637,0.463810,0.614909,0.449564,0.771215,0.671417,0.496923,0.707990,0.782075,0.664839,0.788459,0.773745,0.469341,0.644484,0.704884,0.717658,0.664047,0.815178,0.851831,0.726355,0.686295,0.809010,0.725299,0.428051,0.461046,0.794840,0.654980,0.436785,0.657400,0.661180,0.617501,0.776367,0.712919,0.543818,0.553648,0.761346,0.641361,0.643307,0.779809,0.607827,0.774301,0.709358,0.658722,0.681536,0.706042,0.726314,0.598029,0.501940,0.694570,0.507964,0.692888,0.629211,0.606519,0.617228,0.642404,0.525709,0.630217,0.759953,0.823339,0.739158,0.454393,0.689783,0.724947,0.813026,0.644270,0.798392,0.658836,0.796465,0.495532,0.564699,0.577431,0.756123,0.719974,0.276849,0.790831,0.735019,0.663460,0.642188,0.643925,0.653861,0.570125,0.624556,0.659419,0.476462,0.626395,0.514958,0.555708,0.758233,0.664128,0.779809,0.754160,0.690511,0.515386,0.766366,0.482474,0.797646,0.531400,0.596813,0.683508,0.589802
0.445301,0.415900,0.417250,0.520065,0.357588,0.391795,0.338300,0.461272,0.132291,0.394312,0.361126,0.432112,0.531942,0.474319,0.509035,0.488211,0.372874,0.572105,0.333120,0.570358,0.266164,0.514428,0.000000,0.437472,0.280731,0.520982,0.429754,0.547737,0.451605,0.436194,0.634687,0.482203,0.678408,0.622390,0.432574,0.331712,0.350125,0.434926,0.392235,0.460504,0.439887,0.613350,0.661791,0.560151,0.380381,0.535801,0.419935,0.414684,0.515943,0.387412,0.508772,0.717798,0.556188,0.739684,0.438661,0.533115,0.468921,0.421185,0.577679,0.372256,0.601031,0.515178,0.693182,0.560230,0.419722,0.330279,0.524908,0.590071,0.506692,0.612007,0.497260,0.599980,0.330007,0.505975,0.558097,0.467388,0.451830,0.443745,0.470404,0.430559,0.595998,0.484431,0.488906,0.680522,0.451741,0.441741,0.593516,0.484029,0.594413,0.499317,0.422679,0.407133,0.489314,0.312460,0.630771,0.473849,0.703156,0.620734,0.534171,0.237165,0.410346,0.490144,0.403774,0.469928,0.649032,0.434331,0.687219,0.394955,0.429455,0.338202,0.749015,0.484607,0.449656,0.357217,0.471941,0.574048,0.788769,0.544039,0.452100,0.268636,0.469305,0.518242,0.524412,0.541316,0.366564,0.561739,0.495661,0.378725,0.544045,0.464576,0.466123,0.604437,0.443234,0.378740,0.276970,0.442464,0.630597,0.513760,0.648873,0.365216,0.404572,0.679089,0.538529,0.374099,0.584270,0.611332,0.546960,0.568529,0.668026,0.633453,0.484174,0.615891,0.506210,0.486908,0.493133,0.451197,0.341431,0.508619,0.505399,0.594082,0.640013,0.570164,0.424507,0.500967,0.458966,0.422171,0.419589,0.445462,0.437909,0.470866,0.502807,0.565359,0.755888,0.624800,0.548480,0.545660,0.751527,0.539312,0.410983,0.652739,0.703633,0.613711,0.587700,0.369636,0.465680,0.674147,0.594228,0.586053,0.701478,0.423685,0.483360,0.601224,0.606391,0.436891,0.670023,0.389536,0.506259,0.425228,0.697468,0.472591,0.657508,0.619044,0.504579,0.421514,0.715179,0.498182,0.663119,0.488907,0.516675,0.647387,0.702873,0.554322,0.596274,0.697534,0.730313,0.508312,0.505476,0.806495,0.431725,0.693560,0.629220,0.554644,0.610819,0.528480,0.491832,0.440394,0.565675,0.757871,0.569517,0.553545,0.449274,0.585558,0.488512,0.578146,0.561574,0.475486,0.394868,0.599912,0.680571,0.506622,0.524939,0.462987,0.576376,0.454372,0.492048,0.615096,0.563790,0.484869,0.546364,0.566933,0.384663,0.529278,0.609438,0.639303,0.590154,0.456524,0.605314,0.538747,0.572292,0.580180,0.772142,0.701683,0.549720,0.440669,0.671370,0.485251,0.578452,0.610417,0.599749,0.471315,0.449162,0.341984,0.573732,0.664315,0.696904,0.544890,0.602527,0.428540,0.516120,0.492524,0.666445,0.561798,0.702618,0.539648,0.356466,0.547882,0.714317,0.485218,0.485586,0.617330,0.599233,0.754738,0.679809,0.600473,0.492065,0.471767,0.448095,0.620697,0.559824,0.513213,0.449572,0.413162,0.496602,0.393397,0.529763,0.505015,0.559571,0.566757,0.451972,0.641031,0.523396,0.318739,0.464636,0.506010,0.553760,0.670742,0.653883,0.562680,0.519242,0.655575,0.408873,0.561383,0.547178,0.394712,0.595396,0.754960,0.570372,0.521905,0.677953,0.550114,0.640526,0.661567,0.599904,0.492710,0.621827,0.457233,0.804898,0.406760,0.722925,0.593659,0.566792,0.737493,0.524996,0.612906,0.758356,0.623289,0.450119,0.743908,0.434171,0.718818,0.724744,0.736091,0.475598,0.605114,0.563431,0.625472,0.663107,0.492906,0.482471,0.646427,0.608702,0.618754,0.656176,0.369276,0.510931,0.529784,0.589038,0.726377,0.816052,0.636164,0.640761,0.730034,0.578770,0.549433,0.775330,0.350786,0.611017,0.568633,0.563610,0.610464,0.504537,0.484248,0.591995,0.393754,0.523477,0.537959,0.502240,0.664233,0.635592,0.552744,0.652789,0.526874,0.740282,0.513757,0.598385,0.705071,0.477944,0.623188,0.403563,0.539329,0.623556,0.388729,0.426508,0.492570,0.449517,0.538284,0.566010,0.507252,0.582529,0.543851,0.717581,0.575620,0.550811,0.526892,0.599143,0.432802,0.511691,0.598243,0.653865,0.668572,0.633888,0.531732,0.750280,0.487029,0.564713,0.521902,0.471842,0.545430,0.571989,0.773268,0.629985,0.641927,0.796749,0.622315,0.427005,0.725184,0.631633,0.629946,0.610533,0.576706,0.649539,0.607224,0.640993,0.455839,0.663614,0.623047,0.599264,0.548150,0.563854,0.598463,0.605995,0.644468,0.545333,0.494293,0.690746,0.531607,0.597639,0.803188,0.699763,0.575213,0.434680,0.534735,0.630822,0.613366,0.700866,0.602002,0.680497,0.564162,0.649443,0.510799,0.589902,0.755346,0.700355,0.611709,0.626630,0.764987,0.569711,0.562055,0.568044,0.660271,0.559807,0.778909,0.580149,0.480031,0.533360,0.563747,0.490901,0.618108,0.722677,0.614479,0.444025,0.548722,0.591151,0.534594,0.706588,0.513427,0.561929,0.623697,0.392005,0.681870,0.485192
0.445912,0.447381,0.365281,0.514072,0.357501,0.361942,0.413088,0.269420,0.505349,0.347615,0.465558,0.370670,0.571034,0.312103,0.528165,0.345150,0.300892,0.467678,0.340045,0.649129,0.447574,0.420275,0.437472,0.000000,0.343808,0.412457,0.461533,0.387201,0.320293,0.472144,0.649013,0.392717,0.633552,0.628746,0.426432,0.438391,0.434145,0.442830,0.460741,0.371586,0.393389,0.610663,0.647806,0.688385,0.593119,0.610533,0.458008,0.474340,0.380282,0.430695,0.478666,0.680037,0.558812,0.678385,0.328753,0.593002,0.375498,0.159482,0.506623,0.516927,0.605126,0.441898,0.651100,0.618651,0.440462,0.357224,0.377992,0.534958,0.604548,0.680960,0.643135,0.621303,0.502903,0.458204,0.695036,0.617186,0.407287,0.302475,0.375525,0.503118,0.683746,0.313290,0.513465,0.656678,0.394070,0.516945,0.479432,0.284940,0.681698,0.498510,0.521095,0.277975,0.424118,0.377963,0.706718,0.527931,0.687287,0.626777,0.561532,0.491576,0.375346,0.682835,0.278076,0.421427,0.631227,0.387256,0.630227,0.356617,0.440741,0.413576,0.724896,0.412229,0.517152,0.417973,0.390583,0.405044,0.692173,0.701695,0.349921,0.356143,0.418403,0.424710,0.409766,0.678178,0.465975,0.482503,0.451390,0.516616,0.524661,0.439908,0.372124,0.543982,0.472175,0.387709,0.548771,0.295103,0.529681,0.519519,0.652067,0.516477,0.574472,0.665213,0.321819,0.551062,0.486773,0.633787,0.494129,0.596138,0.732745,0.728278,0.361677,0.675585,0.314719,0.377966,0.460904,0.424147,0.355224,0.718902,0.461970,0.580701,0.790481,0.434131,0.519602,0.356516,0.512562,0.575991,0.356613,0.654524,0.191301,0.521525,0.586404,0.491768,0.677085,0.483087,0.627323,0.509940,0.780014,0.559126,0.423928,0.672803,0.597778,0.724772,0.512647,0.455021,0.428269,0.734198,0.609389,0.548055,0.703299,0.588408,0.458265,0.370736,0.704846,0.679176,0.532440,0.395102,0.347136,0.482479,0.653872,0.534782,0.689545,0.689753,0.666993,0.362170,0.726589,0.466827,0.808226,0.502422,0.555772,0.691556,0.687555,0.567897,0.642342,0.562081,0.638795,0.389202,0.572677,0.790179,0.476921,0.641684,0.727297,0.487879,0.647260,0.431346,0.429174,0.464118,0.422533,0.789572,0.461219,0.658857,0.628048,0.533713,0.390315,0.639185,0.504148,0.474621,0.505496,0.535920,0.632659,0.462434,0.354185,0.493681,0.668781,0.568599,0.417370,0.651961,0.626661,0.348120,0.634137,0.410349,0.525190,0.565994,0.545131,0.609808,0.662182,0.431423,0.757257,0.635052,0.615967,0.700575,0.730265,0.749721,0.456191,0.492518,0.784996,0.393171,0.359781,0.511511,0.734928,0.438495,0.400247,0.368554,0.408138,0.662513,0.761587,0.475949,0.567461,0.456634,0.526315,0.393871,0.763398,0.516460,0.668853,0.380851,0.530487,0.477511,0.696738,0.398889,0.403265,0.713253,0.672872,0.715681,0.748259,0.544433,0.548812,0.422476,0.678963,0.757515,0.420330,0.424504,0.470056,0.648176,0.631825,0.476973,0.557203,0.645882,0.561938,0.555232,0.504162,0.690160,0.468188,0.418195,0.371033,0.536086,0.694239,0.658720,0.593941,0.374462,0.466445,0.713690,0.489918,0.724734,0.553328,0.468237,0.685928,0.783095,0.597915,0.400178,0.723045,0.582361,0.665786,0.678915,0.705339,0.389486,0.598399,0.506089,0.728931,0.388542,0.814318,0.505419,0.496571,0.806626,0.581311,0.592358,0.721361,0.716638,0.336541,0.690785,0.488895,0.834440,0.776764,0.722355,0.632727,0.636461,0.616240,0.724091,0.813968,0.498470,0.608891,0.788001,0.712615,0.504189,0.679841,0.380897,0.632712,0.403391,0.704880,0.660509,0.701125,0.675800,0.558127,0.725479,0.472578,0.458986,0.763740,0.584878,0.666002,0.420123,0.461280,0.695813,0.410667,0.419309,0.680208,0.528566,0.540260,0.549679,0.578271,0.697961,0.771009,0.494053,0.656661,0.504901,0.813453,0.382338,0.543957,0.635488,0.447050,0.659252,0.508712,0.400771,0.745140,0.541627,0.451047,0.545400,0.372819,0.640904,0.646883,0.411901,0.571385,0.659096,0.746153,0.663432,0.757333,0.457427,0.544753,0.578303,0.560086,0.507228,0.651833,0.787732,0.603476,0.650006,0.901481,0.595672,0.442732,0.442441,0.653598,0.699789,0.479676,0.689191,0.702094,0.693685,0.837685,0.703571,0.470539,0.676196,0.753434,0.589578,0.681488,0.745057,0.649892,0.704521,0.616583,0.542860,0.746703,0.689598,0.625794,0.580910,0.466328,0.713787,0.533926,0.756783,0.549049,0.598433,0.643893,0.608234,0.537195,0.766359,0.768787,0.785390,0.693765,0.498808,0.605754,0.671550,0.718188,0.618196,0.749518,0.582328,0.730068,0.415868,0.587320,0.732983,0.754183,0.552731,0.446272,0.727256,0.641368,0.621926,0.573896,0.603783,0.672011,0.814982,0.578112,0.679517,0.444838,0.603937,0.546151,0.608628,0.752914,0.663104,0.730560,0.600827,0.689663,0.480419,0.765777,0.516851,0.767652,0.568243,0.521861,0.728672,0.602855
0.447872,0.450337,0.307641,0.440301,0.354814,0.323331,0.319782,0.306526,0.309933,0.313748,0.345656,0.412048,0.523440,0.355212,0.494640,0.356376,0.296670,0.475761,0.284866,0.550676,0.339423,0.506404,0.280731,0.343808,0.000000,0.431088,0.458085,0.426534,0.345623,0.419407,0.635751,0.413096,0.666139,0.607179,0.424732,0.346599,0.410739,0.449339,0.369193,0.360845,0.400640,0.587027,0.660339,0.536119,0.484665,0.594753,0.406947,0.419492,0.429040,0.327324,0.434712,0.683351,0.577437,0.742323,0.317779,0.610599,0.412597,0.313968,0.531338,0.350104,0.579007,0.433799,0.686921,0.567578,0.326940,0.263880,0.389451,0.529128,0.532159,0.603998,0.523511,0.570692,0.409597,0.475074,0.660703,0.602689,0.364457,0.397630,0.392912,0.408867,0.609603,0.354462,0.459840,0.724714,0.405216,0.451670,0.509225,0.369666,0.673002,0.464775,0.434520,0.356838,0.492049,0.270252,0.640976,0.470321,0.670524,0.568617,0.500772,0.386070,0.392281,0.627441,0.363081,0.453469,0.695165,0.417003,0.685202,0.380234,0.439100,0.330420,0.769222,0.423121,0.446574,0.401005,0.381451,0.417062,0.752194,0.656722,0.399279,0.108317,0.376587,0.446841,0.447647,0.584479,0.423662,0.464226,0.447347,0.446883,0.614132,0.410948,0.351947,0.566800,0.390940,0.350391,0.459905,0.362943,0.586564,0.465955,0.649370,0.415123,0.470223,0.705636,0.404573,0.497984,0.451566,0.671669,0.488946,0.595802,0.708870,0.689866,0.404251,0.662571,0.379122,0.411244,0.278526,0.371294,0.325681,0.618762,0.460462,0.575231,0.599985,0.465545,0.478855,0.366867,0.439090,0.503242,0.388511,0.536359,0.366695,0.483349,0.498388,0.529959,0.764887,0.491183,0.525449,0.502495,0.736776,0.532886,0.423860,0.578500,0.632086,0.682598,0.538335,0.382663,0.417494,0.710031,0.588163,0.568279,0.663544,0.495110,0.446068,0.432137,0.655836,0.515665,0.559022,0.346837,0.433312,0.440889,0.667616,0.406648,0.714207,0.714926,0.601003,0.361595,0.715271,0.400880,0.651755,0.463596,0.537766,0.648389,0.745305,0.533137,0.661898,0.663688,0.690240,0.447762,0.515846,0.795980,0.412520,0.683023,0.682267,0.484978,0.578466,0.417141,0.439129,0.451991,0.420733,0.777600,0.561095,0.588007,0.522970,0.538899,0.412300,0.590998,0.527577,0.439152,0.426535,0.559466,0.670628,0.427238,0.405150,0.465415,0.575669,0.555624,0.334421,0.690673,0.642166,0.401387,0.585182,0.480805,0.465795,0.570150,0.615477,0.590418,0.627412,0.405509,0.572527,0.614625,0.580202,0.639431,0.760314,0.731119,0.461244,0.505112,0.706164,0.388098,0.466368,0.592050,0.703714,0.454710,0.372211,0.327227,0.504445,0.612093,0.693384,0.442476,0.506473,0.447379,0.496391,0.415741,0.667635,0.536895,0.729444,0.410047,0.516392,0.477949,0.708030,0.521534,0.390827,0.658975,0.678181,0.705547,0.715420,0.551450,0.566318,0.448175,0.577522,0.595930,0.432564,0.458810,0.461636,0.567492,0.582447,0.414067,0.466101,0.547577,0.540325,0.549643,0.424199,0.608828,0.422799,0.372194,0.379424,0.380836,0.607579,0.650032,0.575240,0.435834,0.464617,0.734841,0.379627,0.640937,0.560217,0.346757,0.633585,0.766323,0.613633,0.454534,0.750285,0.454801,0.593951,0.652437,0.699746,0.458350,0.569009,0.422104,0.780269,0.407352,0.725686,0.500390,0.481701,0.784028,0.427078,0.614758,0.746242,0.670599,0.445226,0.719396,0.448864,0.714548,0.724905,0.735799,0.396951,0.668959,0.660946,0.655547,0.769902,0.491823,0.485452,0.724095,0.661579,0.568595,0.627198,0.377487,0.542352,0.400096,0.622784,0.738309,0.773020,0.582824,0.565837,0.729575,0.495953,0.498202,0.795473,0.540942,0.601931,0.459686,0.449236,0.662146,0.418853,0.380194,0.624610,0.496250,0.484529,0.556970,0.543930,0.618970,0.668772,0.497809,0.641949,0.589663,0.733554,0.434351,0.471099,0.646891,0.400285,0.687409,0.479270,0.400019,0.711689,0.477314,0.340847,0.528522,0.365675,0.609948,0.631123,0.417776,0.557799,0.557311,0.726459,0.548790,0.627319,0.470742,0.507075,0.315966,0.425107,0.454626,0.604789,0.667484,0.602183,0.561818,0.779770,0.488540,0.434033,0.497443,0.570573,0.558255,0.523465,0.781768,0.683582,0.602393,0.779039,0.630683,0.408857,0.760166,0.731885,0.560257,0.626875,0.505171,0.691125,0.615363,0.607796,0.419314,0.704453,0.641477,0.563195,0.487934,0.536214,0.614571,0.528520,0.645875,0.561395,0.586393,0.700666,0.604813,0.566698,0.830177,0.699696,0.659503,0.578964,0.447277,0.549500,0.601914,0.700192,0.591643,0.680105,0.400989,0.666454,0.476189,0.576581,0.703042,0.710648,0.571505,0.555384,0.775992,0.572110,0.556465,0.541689,0.664137,0.499333,0.804485,0.621991,0.511359,0.488027,0.582836,0.525186,0.551312,0.660976,0.615650,0.639310,0.545906,0.639964,0.503138,0.648399,0.455015,0.595920,0.534548,0.457534,0.730339,0.562217
0.448725,0.411386,0.286955,0.520066,0.339291,0.350568,0.455428,0.393998,0.573423,0.253424,0.489121,0.207560,0.609125,0.353005,0.576531,0.416929,0.418999,0.446190,0.441839,0.669644,0.485135,0.436212,0.520982,0.412457,0.431088,0.000000,0.553906,0.474028,0.432165,0.549838,0.666387,0.403111,0.685080,0.665541,0.522438,0.520105,0.477922,0.484626,0.537782,0.317118,0.468734,0.658012,0.738463,0.569051,0.584367,0.633932,0.443940,0.501150,0.511028,0.491470,0.477757,0.653759,0.638432,0.765616,0.174027,0.611731,0.478328,0.421719,0.495430,0.503589,0.621906,0.291424,0.714689,0.607469,0.419935,0.477303,0.400991,0.657334,0.624055,0.611592,0.646977,0.642340,0.534597,0.344602,0.686990,0.681623,0.406785,0.457334,0.384180,0.525603,0.650932,0.358031,0.603360,0.757756,0.420526,0.526361,0.403250,0.352687,0.728153,0.548564,0.526190,0.449761,0.384334,0.488266,0.707005,0.546006,0.627988,0.660694,0.576701,0.547311,0.387238,0.685149,0.364041,0.450482,0.708882,0.152702,0.713517,0.236098,0.517945,0.544233,0.753692,0.505505,0.474428,0.425902,0.460020,0.469019,0.771982,0.688231,0.419023,0.465342,0.370728,0.416810,0.441644,0.660235,0.536058,0.542933,0.418397,0.604117,0.550739,0.453801,0.451827,0.495241,0.559785,0.393158,0.620855,0.358438,0.647136,0.604527,0.627021,0.555429,0.610316,0.789623,0.392403,0.603409,0.503176,0.754826,0.414859,0.589973,0.697312,0.721526,0.457156,0.722675,0.478602,0.449287,0.496676,0.411834,0.492640,0.683083,0.429633,0.465893,0.689655,0.425700,0.575942,0.458182,0.560380,0.677533,0.400513,0.707624,0.466804,0.589672,0.632464,0.582193,0.787356,0.465097,0.640090,0.567778,0.788769,0.630684,0.631515,0.630069,0.490106,0.704886,0.472815,0.541793,0.461787,0.725416,0.673304,0.417605,0.765253,0.640850,0.558138,0.412659,0.785476,0.737773,0.513750,0.423922,0.516411,0.574407,0.679142,0.591054,0.769501,0.745643,0.730812,0.458741,0.760683,0.557911,0.642364,0.564698,0.590853,0.669962,0.764740,0.648241,0.685603,0.646556,0.563319,0.471295,0.603975,0.813853,0.492686,0.746847,0.725118,0.586924,0.690719,0.533692,0.433558,0.431466,0.457704,0.786627,0.615014,0.606291,0.715180,0.584869,0.437926,0.588757,0.561182,0.513386,0.675359,0.649131,0.533552,0.509692,0.466700,0.627137,0.625642,0.602231,0.516333,0.670150,0.733984,0.532549,0.618693,0.475954,0.557962,0.524807,0.404528,0.565127,0.713197,0.511044,0.677463,0.699813,0.588899,0.610140,0.798741,0.720453,0.474441,0.397845,0.733479,0.407248,0.378227,0.503296,0.699891,0.404111,0.576469,0.411955,0.603686,0.635690,0.690259,0.477014,0.681725,0.454964,0.476683,0.422209,0.740493,0.556808,0.729964,0.475301,0.570173,0.500803,0.701956,0.532307,0.544102,0.722769,0.717748,0.700878,0.750154,0.468169,0.626914,0.507262,0.698375,0.735700,0.580304,0.547235,0.542298,0.679570,0.676762,0.545349,0.486754,0.726495,0.585726,0.535795,0.527380,0.736217,0.542872,0.548027,0.548671,0.474504,0.707228,0.737658,0.599188,0.435856,0.558667,0.736558,0.561778,0.735755,0.661243,0.467369,0.685521,0.712569,0.598889,0.458958,0.752087,0.609175,0.646026,0.735702,0.756150,0.440382,0.676164,0.590647,0.820180,0.422443,0.643439,0.506797,0.527272,0.820709,0.621722,0.635698,0.764501,0.704049,0.435247,0.800497,0.534140,0.767044,0.702215,0.752816,0.700985,0.509896,0.664225,0.692744,0.745993,0.556331,0.584076,0.737435,0.599836,0.551536,0.618381,0.500184,0.679899,0.517453,0.686230,0.757973,0.799330,0.762073,0.604991,0.710578,0.509386,0.446315,0.737907,0.675692,0.601155,0.504755,0.470422,0.785938,0.467671,0.560464,0.712333,0.520862,0.604694,0.610614,0.515862,0.698484,0.702303,0.464555,0.597261,0.412874,0.824189,0.459772,0.658144,0.684019,0.453102,0.525199,0.607192,0.554929,0.690609,0.601412,0.472710,0.686449,0.457078,0.731249,0.596936,0.526149,0.612166,0.661102,0.723841,0.677253,0.718479,0.485490,0.534243,0.668921,0.624427,0.532169,0.703436,0.768384,0.600881,0.594574,0.751127,0.588698,0.487282,0.464582,0.760882,0.674083,0.499242,0.844394,0.647548,0.669072,0.848287,0.653973,0.514291,0.777947,0.734402,0.536622,0.721115,0.723937,0.711389,0.665002,0.595442,0.663134,0.733623,0.725614,0.660863,0.590918,0.552844,0.682196,0.526360,0.674289,0.646263,0.655577,0.680561,0.618220,0.639161,0.854508,0.797604,0.741133,0.676004,0.525039,0.517452,0.633631,0.762745,0.651202,0.741516,0.654907,0.780999,0.496840,0.697418,0.829309,0.761161,0.679278,0.512360,0.752570,0.570468,0.672248,0.614154,0.684730,0.657441,0.840614,0.678722,0.685459,0.480733,0.611248,0.660132,0.551400,0.773154,0.654441,0.717992,0.674154,0.706417,0.573844,0.723954,0.594236,0.777779,0.531337,0.604222,0.735425,0.649874
0.450671,0.326798,0.437948,0.438196,0.382928,0.489465,0.549273,0.443840,0.573617,0.461918,0.582255,0.497444,0.425743,0.496402,0.382281,0.402834,0.399015,0.557738,0.379334,0.562073,0.415964,0.527314,0.429754,0.461533,0.458085,0.553906,0.000000,0.459521,0.355400,0.392031,0.690323,0.455770,0.597946,0.555654,0.370619,0.562220,0.347692,0.427830,0.573633,0.498526,0.357443,0.655063,0.655111,0.630378,0.651958,0.481764,0.446091,0.442545,0.381228,0.584399,0.538312,0.706461,0.434107,0.687784,0.488530,0.468908,0.362555,0.459846,0.457219,0.548467,0.484477,0.522391,0.632764,0.609239,0.596046,0.344518,0.440966,0.491579,0.582991,0.672438,0.624291,0.437448,0.589292,0.541025,0.461600,0.627068,0.573001,0.369879,0.510454,0.603023,0.764626,0.529829,0.407619,0.666597,0.426410,0.655187,0.582298,0.419102,0.500572,0.530773,0.598344,0.391628,0.487432,0.375185,0.570145,0.665776,0.619905,0.441374,0.436606,0.473956,0.385158,0.461904,0.393210,0.485822,0.562724,0.454077,0.621890,0.446228,0.420805,0.598495,0.742296,0.407782,0.579369,0.482368,0.374419,0.538727,0.763477,0.569634,0.520342,0.403376,0.388769,0.503835,0.472602,0.587197,0.457747,0.446157,0.523633,0.462283,0.505569,0.579761,0.392808,0.610990,0.567108,0.309410,0.514869,0.389811,0.529682,0.600769,0.619179,0.432131,0.664214,0.631469,0.502265,0.514172,0.498670,0.563903,0.595137,0.465692,0.713975,0.505926,0.451313,0.544023,0.465343,0.452081,0.482698,0.440575,0.522682,0.740014,0.430685,0.537501,0.705563,0.569156,0.345929,0.471226,0.588292,0.490989,0.392143,0.615587,0.443676,0.432769,0.410585,0.423172,0.685131,0.546888,0.447136,0.483538,0.682463,0.520351,0.387102,0.651915,0.677859,0.505127,0.649037,0.440470,0.454485,0.685244,0.468892,0.593042,0.753587,0.611980,0.363943,0.466326,0.495894,0.647934,0.476682,0.416858,0.495688,0.378308,0.695798,0.568543,0.634706,0.606983,0.680917,0.416966,0.707194,0.583302,0.665470,0.369001,0.446362,0.635688,0.661703,0.469807,0.512055,0.597481,0.598964,0.475595,0.509417,0.789461,0.514794,0.620968,0.543324,0.530135,0.479748,0.468916,0.515192,0.453196,0.528364,0.676548,0.518585,0.597926,0.618156,0.591203,0.412178,0.493593,0.491720,0.464898,0.627032,0.505446,0.571948,0.497257,0.460683,0.510973,0.683438,0.529139,0.427699,0.517994,0.608818,0.398879,0.692681,0.572049,0.398321,0.494005,0.603381,0.631616,0.464685,0.447683,0.677056,0.599442,0.502375,0.639764,0.673563,0.618049,0.509516,0.514479,0.629900,0.483229,0.547995,0.610865,0.457770,0.467333,0.620145,0.374034,0.538203,0.631706,0.679438,0.503659,0.605993,0.385650,0.475169,0.455755,0.564831,0.691059,0.588936,0.504420,0.505459,0.543619,0.600011,0.584338,0.440273,0.503720,0.645200,0.665745,0.663885,0.552656,0.576913,0.411184,0.423121,0.723133,0.506253,0.527722,0.406661,0.473926,0.385524,0.506951,0.599321,0.544762,0.555735,0.525507,0.471644,0.639669,0.468791,0.515261,0.389035,0.491934,0.665024,0.610736,0.500871,0.466802,0.451843,0.584561,0.484642,0.625540,0.660118,0.397286,0.682151,0.716021,0.491685,0.514393,0.694554,0.483199,0.706959,0.585189,0.545839,0.534676,0.604817,0.596704,0.723726,0.483966,0.745226,0.606462,0.522103,0.737409,0.605003,0.565911,0.750893,0.624812,0.482392,0.685532,0.503649,0.603955,0.646405,0.696148,0.562992,0.561972,0.610960,0.710806,0.666089,0.426198,0.427054,0.710806,0.641825,0.557733,0.635692,0.550138,0.696147,0.496488,0.652734,0.710618,0.743122,0.559994,0.616319,0.742973,0.553451,0.461663,0.765106,0.583864,0.428721,0.515561,0.525284,0.574217,0.473448,0.518250,0.731867,0.497640,0.559256,0.639796,0.567351,0.523894,0.611281,0.497947,0.663377,0.516120,0.668589,0.413609,0.604941,0.518931,0.466915,0.597236,0.585830,0.502329,0.650999,0.617965,0.435804,0.491133,0.462363,0.641460,0.647855,0.413884,0.680612,0.600206,0.553214,0.620516,0.732464,0.473662,0.623140,0.566783,0.565515,0.575038,0.618937,0.771052,0.683630,0.581988,0.749111,0.636489,0.503713,0.424304,0.625770,0.578180,0.478309,0.721994,0.720789,0.537184,0.757487,0.648648,0.458890,0.682037,0.660388,0.691783,0.600201,0.571351,0.549214,0.683868,0.579703,0.504339,0.538878,0.629236,0.640636,0.616062,0.515395,0.484394,0.492977,0.737335,0.658939,0.534368,0.532318,0.504309,0.595289,0.753263,0.570056,0.732795,0.531030,0.536971,0.597452,0.713088,0.771621,0.593625,0.781355,0.660599,0.592088,0.468058,0.580439,0.677398,0.542718,0.550153,0.583591,0.800363,0.561831,0.571942,0.704631,0.466150,0.490126,0.716590,0.278482,0.486601,0.520428,0.508053,0.475196,0.571997,0.512072,0.533519,0.703791,0.638225,0.487906,0.657026,0.736678,0.389018,0.582172,0.537390,0.498556,0.503336,0.493707
0.452082,0.433385,0.354338,0.457940,0.356755,0.504712,0.605116,0.288302,0.669849,0.445864,0.624150,0.506162,0.408949,0.403539,0.376113,0.256972,0.296538,0.521700,0.323221,0.713421,0.504297,0.372035,0.547737,0.387201,0.426534,0.474028,0.459521,0.000000,0.288118,0.293394,0.573704,0.433400,0.374058,0.504232,0.230995,0.646317,0.523400,0.456149,0.639512,0.380208,0.291619,0.570013,0.521426,0.668433,0.791461,0.621707,0.454136,0.452131,0.307082,0.643044,0.464003,0.605870,0.464068,0.456348,0.393647,0.520286,0.322610,0.335561,0.564050,0.595821,0.317561,0.472418,0.385762,0.626141,0.495134,0.293660,0.250960,0.297309,0.593268,0.647381,0.663902,0.410732,0.692011,0.541667,0.553527,0.696773,0.465674,0.326320,0.414394,0.660959,0.767886,0.453470,0.396739,0.439996,0.276380,0.682757,0.499464,0.273949,0.599145,0.565390,0.680966,0.299641,0.449266,0.362659,0.508420,0.670707,0.593469,0.423083,0.466543,0.653054,0.363236,0.653645,0.304387,0.399812,0.517122,0.415723,0.452735,0.378047,0.263276,0.654087,0.612773,0.298671,0.614681,0.533127,0.289894,0.299812,0.531201,0.800363,0.515179,0.396191,0.421419,0.372690,0.292903,0.630998,0.475547,0.326651,0.418175,0.452216,0.584971,0.518941,0.293636,0.666803,0.623716,0.347526,0.654299,0.268840,0.469886,0.598812,0.646036,0.439645,0.727560,0.427060,0.285157,0.656207,0.445696,0.431306,0.452593,0.542466,0.716083,0.704255,0.236543,0.453388,0.230718,0.297691,0.431279,0.442162,0.531308,0.795761,0.439623,0.623578,0.757521,0.413155,0.478261,0.222574,0.592717,0.459649,0.298531,0.724359,0.314367,0.446158,0.613152,0.369007,0.473294,0.543692,0.488585,0.529669,0.656274,0.550926,0.397482,0.645426,0.571347,0.682613,0.611220,0.468639,0.306967,0.620583,0.393198,0.592488,0.745701,0.706923,0.383891,0.289830,0.640666,0.795291,0.543024,0.333979,0.319906,0.389588,0.769288,0.548485,0.421648,0.474935,0.673534,0.246006,0.665551,0.610679,0.751756,0.432313,0.509342,0.616814,0.524258,0.431917,0.419308,0.557371,0.699424,0.302034,0.432868,0.664729,0.487836,0.406602,0.631630,0.501038,0.434900,0.360244,0.458016,0.418706,0.279115,0.576218,0.342710,0.715597,0.758935,0.575942,0.300525,0.497799,0.538320,0.448022,0.663587,0.583046,0.735871,0.397376,0.232621,0.413114,0.742476,0.586235,0.381739,0.592710,0.595565,0.243927,0.724036,0.434381,0.518074,0.525145,0.646598,0.607414,0.506502,0.294296,0.707915,0.636614,0.539454,0.689450,0.546272,0.596479,0.397116,0.552514,0.624953,0.367230,0.335546,0.506595,0.641544,0.508446,0.562451,0.376055,0.401663,0.714617,0.741160,0.403321,0.582913,0.414195,0.382288,0.346529,0.725576,0.599152,0.651047,0.261149,0.595464,0.428395,0.645656,0.494861,0.310756,0.541158,0.622444,0.763992,0.658132,0.623874,0.645353,0.328871,0.628823,0.763108,0.375613,0.372419,0.458157,0.626606,0.501355,0.535130,0.583249,0.680347,0.575968,0.526548,0.457702,0.703396,0.278551,0.566693,0.343390,0.537542,0.771166,0.442391,0.489698,0.319196,0.328724,0.548000,0.472926,0.780728,0.685550,0.476476,0.766840,0.574071,0.565201,0.363067,0.657771,0.494783,0.684763,0.557752,0.568849,0.351604,0.644819,0.602060,0.472772,0.446524,0.778717,0.448878,0.390024,0.699365,0.602056,0.572827,0.517782,0.704390,0.438991,0.508585,0.427639,0.822446,0.781157,0.541568,0.713278,0.645848,0.430739,0.747971,0.785381,0.464380,0.568709,0.748993,0.768328,0.413853,0.557818,0.576376,0.748911,0.270203,0.746323,0.460580,0.498988,0.569204,0.544911,0.599781,0.483429,0.321809,0.690432,0.692078,0.600009,0.330571,0.367536,0.482364,0.256982,0.513498,0.728738,0.583490,0.551987,0.646386,0.504769,0.595116,0.755002,0.358442,0.648466,0.552358,0.631526,0.286368,0.632698,0.511290,0.392176,0.649854,0.581014,0.345261,0.768765,0.672759,0.379168,0.551382,0.377007,0.785291,0.756963,0.312699,0.696466,0.719215,0.542125,0.722935,0.718439,0.376392,0.628163,0.676289,0.621796,0.483362,0.653245,0.798501,0.723404,0.671386,0.814874,0.672234,0.358583,0.357826,0.806941,0.644758,0.378998,0.539350,0.710991,0.474186,0.693672,0.737079,0.472722,0.482771,0.747818,0.660345,0.529065,0.770108,0.578029,0.740673,0.659589,0.588580,0.634862,0.674158,0.686282,0.572080,0.371825,0.607130,0.465771,0.793438,0.717108,0.576838,0.564031,0.624847,0.450557,0.601131,0.719175,0.796353,0.719113,0.341117,0.581540,0.735329,0.767586,0.648220,0.782261,0.719263,0.667891,0.349747,0.493989,0.527721,0.664047,0.588462,0.514475,0.713707,0.683501,0.585817,0.673955,0.576088,0.673293,0.605901,0.605517,0.568064,0.456411,0.525432,0.461077,0.457900,0.681035,0.589739,0.799442,0.675566,0.615453,0.578566,0.778614,0.361136,0.714679,0.449598,0.547673,0.603707,0.602658
0.453186,0.385311,0.286176,0.423746,0.291278,0.427629,0.509566,0.249917,0.556585,0.396098,0.552592,0.462501,0.495493,0.377717,0.441101,0.333006,0.232905,0.524142,0.231596,0.660038,0.467898,0.413252,0.451605,0.320293,0.345623,0.432165,0.355400,0.288118,0.000000,0.349238,0.708522,0.404072,0.591718,0.596060,0.293436,0.589265,0.479471,0.456663,0.551650,0.331319,0.224491,0.667753,0.566884,0.596600,0.684692,0.519010,0.441615,0.374798,0.250994,0.566186,0.432569,0.721666,0.527354,0.662253,0.360282,0.468142,0.189329,0.225588,0.535719,0.492766,0.483745,0.419393,0.572612,0.632354,0.466258,0.300539,0.277092,0.471163,0.603202,0.698477,0.627688,0.519140,0.621243,0.489626,0.603915,0.700961,0.392239,0.285829,0.365603,0.597112,0.742135,0.418351,0.398244,0.658612,0.268932,0.653735,0.450759,0.204910,0.594324,0.542831,0.606749,0.277244,0.408384,0.306519,0.599400,0.671065,0.671843,0.513332,0.413786,0.549304,0.352615,0.595976,0.290562,0.373190,0.602879,0.391634,0.612062,0.361163,0.296533,0.563235,0.796735,0.267246,0.554687,0.475738,0.259118,0.262845,0.710091,0.711213,0.481498,0.338621,0.333741,0.350715,0.251662,0.606325,0.453228,0.476860,0.385426,0.497173,0.544567,0.480410,0.216124,0.636991,0.577705,0.301434,0.602636,0.212060,0.506302,0.610089,0.694280,0.486900,0.675032,0.630535,0.284158,0.614096,0.424843,0.589308,0.473716,0.563694,0.782141,0.609535,0.216920,0.603501,0.192979,0.284950,0.432033,0.446698,0.428384,0.776547,0.413297,0.601213,0.743457,0.425100,0.376726,0.226032,0.511714,0.558799,0.241172,0.686209,0.225763,0.450048,0.572419,0.334371,0.671828,0.564192,0.555928,0.475164,0.790533,0.488324,0.350352,0.701787,0.595821,0.679340,0.550568,0.404007,0.308483,0.714225,0.514386,0.583806,0.772257,0.629235,0.272523,0.350244,0.624247,0.732521,0.527715,0.297510,0.305004,0.422257,0.754840,0.498497,0.638058,0.673387,0.727350,0.256743,0.801548,0.525073,0.712306,0.388756,0.499379,0.621277,0.696814,0.437377,0.574814,0.587254,0.624885,0.280511,0.411755,0.842583,0.491459,0.603027,0.650052,0.398677,0.526926,0.373688,0.399422,0.428066,0.254643,0.754006,0.435526,0.693732,0.728736,0.581134,0.319588,0.524223,0.371098,0.386426,0.629581,0.470771,0.634717,0.374614,0.194053,0.377676,0.688787,0.569248,0.379219,0.626266,0.686896,0.221959,0.696032,0.382101,0.468161,0.499256,0.618861,0.552394,0.579378,0.281523,0.710636,0.640704,0.470276,0.671490,0.710393,0.686872,0.411176,0.517765,0.749352,0.357736,0.361115,0.506206,0.622843,0.495557,0.548573,0.364850,0.348690,0.680827,0.718169,0.404460,0.615178,0.407533,0.371471,0.292215,0.676967,0.586166,0.574584,0.237973,0.533168,0.406130,0.685836,0.505470,0.282839,0.595829,0.721518,0.673750,0.725667,0.592127,0.602992,0.400922,0.622127,0.740154,0.317986,0.355287,0.433562,0.590614,0.528319,0.458451,0.560468,0.658131,0.594588,0.481521,0.400349,0.683132,0.306149,0.521172,0.280897,0.488927,0.719930,0.588159,0.542492,0.366742,0.323902,0.658016,0.432833,0.763163,0.692417,0.420830,0.757356,0.756848,0.558043,0.345867,0.754329,0.491217,0.683840,0.620018,0.703817,0.324665,0.649850,0.536303,0.708001,0.427996,0.713932,0.399565,0.327047,0.812034,0.546948,0.588615,0.672202,0.697446,0.434541,0.673401,0.403727,0.782057,0.729388,0.680291,0.654306,0.588306,0.588345,0.760767,0.796075,0.440370,0.500190,0.772537,0.759304,0.472575,0.577443,0.498138,0.697328,0.258385,0.738756,0.679244,0.715763,0.639282,0.486426,0.688550,0.444240,0.343795,0.854378,0.606886,0.585606,0.335801,0.392411,0.654694,0.241863,0.473734,0.765972,0.572441,0.471750,0.631297,0.520337,0.605667,0.665398,0.372164,0.631534,0.541226,0.772792,0.350187,0.592180,0.539422,0.398821,0.609861,0.609512,0.305795,0.737494,0.628814,0.356054,0.526214,0.365380,0.709392,0.719473,0.348142,0.702103,0.689890,0.680699,0.728924,0.772945,0.374904,0.519691,0.612988,0.594319,0.486051,0.700441,0.809884,0.717953,0.666064,0.803535,0.717448,0.364831,0.351930,0.763084,0.641121,0.356936,0.738766,0.722083,0.553171,0.812952,0.726227,0.452840,0.645078,0.749300,0.631964,0.628148,0.738945,0.580282,0.722876,0.619332,0.538298,0.635552,0.623770,0.584116,0.530162,0.434141,0.631527,0.448925,0.706138,0.657121,0.593755,0.588542,0.579801,0.526404,0.767198,0.672792,0.811352,0.670147,0.344704,0.581524,0.718413,0.774540,0.711051,0.810519,0.604813,0.719089,0.373834,0.545167,0.721237,0.683276,0.578266,0.479656,0.842570,0.696803,0.570190,0.672717,0.484062,0.621986,0.751999,0.524896,0.598540,0.407646,0.448377,0.437337,0.429986,0.636097,0.579375,0.762663,0.659053,0.593818,0.544452,0.781157,0.416701,0.704287,0.424616,0.528305,0.668334,0.553483
0.453465,0.384997,0.453763,0.522431,0.390512,0.551570,0.597405,0.454599,0.602789,0.516789,0.621356,0.591492,0.384010,0.454821,0.352861,0.410185,0.364642,0.585360,0.348442,0.632289,0.455917,0.440943,0.436194,0.472144,0.419407,0.549838,0.392031,0.293394,0.349238,0.000000,0.590485,0.451591,0.407131,0.458968,0.223423,0.580386,0.444674,0.499765,0.618789,0.416164,0.315259,0.579040,0.550977,0.600549,0.700123,0.501730,0.519622,0.392771,0.398190,0.629318,0.557392,0.580046,0.397996,0.489990,0.499978,0.467748,0.382754,0.434803,0.560071,0.564689,0.262259,0.558730,0.420643,0.656820,0.503435,0.300923,0.419679,0.136564,0.551147,0.632649,0.529367,0.313156,0.689840,0.547107,0.403753,0.605187,0.441020,0.412138,0.484422,0.628615,0.803202,0.538901,0.432210,0.428063,0.364988,0.658567,0.542922,0.392560,0.457331,0.611256,0.592684,0.366469,0.442947,0.322251,0.494602,0.621824,0.605765,0.330294,0.494604,0.496108,0.355557,0.532709,0.325866,0.496139,0.445042,0.445311,0.457786,0.449728,0.289918,0.586772,0.630508,0.376990,0.644954,0.523991,0.417273,0.501555,0.523733,0.703705,0.482942,0.339399,0.479706,0.480779,0.415648,0.548712,0.438047,0.397020,0.506183,0.357306,0.549907,0.542640,0.389768,0.691752,0.643764,0.358798,0.582615,0.351378,0.429716,0.614597,0.656045,0.374734,0.633369,0.359968,0.464772,0.564220,0.562468,0.378240,0.520779,0.514173,0.723525,0.602827,0.380056,0.386771,0.435363,0.397705,0.491210,0.512841,0.517614,0.789079,0.483353,0.675603,0.767215,0.522139,0.399779,0.401933,0.624252,0.373709,0.379961,0.670044,0.430969,0.405412,0.535286,0.398936,0.486786,0.610854,0.367601,0.600059,0.598880,0.555344,0.383693,0.655620,0.625625,0.562076,0.631212,0.453215,0.373359,0.533440,0.319830,0.627699,0.698273,0.654839,0.418803,0.455831,0.482655,0.644152,0.606980,0.383981,0.492032,0.368524,0.770722,0.525171,0.356421,0.441200,0.604335,0.319301,0.639627,0.580073,0.729402,0.382327,0.465546,0.631731,0.558235,0.414004,0.318938,0.526339,0.690414,0.448634,0.429317,0.697849,0.539197,0.423773,0.581057,0.521896,0.372057,0.527887,0.544485,0.396707,0.428468,0.553174,0.461976,0.665284,0.631947,0.545077,0.398356,0.541113,0.549681,0.436710,0.632907,0.597491,0.659032,0.512192,0.402006,0.404469,0.691355,0.521962,0.444756,0.472534,0.528375,0.390302,0.678797,0.586708,0.436656,0.505443,0.694357,0.651267,0.442077,0.383534,0.701166,0.627901,0.504489,0.693397,0.555853,0.563194,0.534008,0.497406,0.600675,0.483180,0.438988,0.544348,0.536899,0.506730,0.540145,0.409553,0.508381,0.710025,0.689694,0.527754,0.394520,0.390961,0.442987,0.427438,0.570154,0.608787,0.617637,0.423484,0.553436,0.569485,0.571045,0.565634,0.500074,0.472175,0.590408,0.766168,0.606501,0.645372,0.580782,0.426551,0.439728,0.722824,0.509153,0.459393,0.486019,0.455563,0.377620,0.520400,0.587247,0.532505,0.577195,0.513276,0.520728,0.694599,0.393960,0.481865,0.475735,0.530061,0.742152,0.445753,0.531176,0.445268,0.374566,0.493632,0.498844,0.700005,0.704807,0.408071,0.735635,0.562870,0.498345,0.537989,0.604969,0.435484,0.715724,0.525852,0.492759,0.472020,0.640673,0.663404,0.466898,0.506955,0.779123,0.476094,0.509708,0.684585,0.552689,0.576303,0.507914,0.657028,0.479513,0.519878,0.463571,0.797297,0.727406,0.539991,0.634792,0.637054,0.507052,0.774137,0.704265,0.515775,0.509173,0.705161,0.676922,0.495623,0.539374,0.548460,0.709242,0.468333,0.646154,0.527306,0.502720,0.468296,0.523968,0.586331,0.552682,0.478260,0.679611,0.599946,0.530056,0.457632,0.528492,0.435362,0.362307,0.600996,0.736457,0.549488,0.595317,0.640483,0.505287,0.578260,0.661844,0.417603,0.691851,0.584780,0.603879,0.411584,0.703650,0.515221,0.465318,0.685732,0.566302,0.528616,0.698325,0.579979,0.434662,0.470417,0.478713,0.731360,0.708608,0.453859,0.740971,0.744597,0.545150,0.719725,0.625430,0.511924,0.648682,0.586604,0.521181,0.589620,0.702277,0.781652,0.686407,0.578947,0.814411,0.583327,0.506561,0.450458,0.696235,0.619893,0.436586,0.571763,0.719436,0.409854,0.683635,0.652109,0.450356,0.522738,0.701306,0.681166,0.422856,0.676353,0.562707,0.701419,0.653843,0.347811,0.498825,0.610279,0.618438,0.571264,0.470882,0.528512,0.534693,0.762463,0.673476,0.547680,0.495573,0.580771,0.489902,0.588768,0.638195,0.802183,0.567830,0.445203,0.674857,0.732160,0.743312,0.659300,0.765430,0.650211,0.609390,0.471174,0.449241,0.535097,0.577893,0.587243,0.595425,0.769082,0.596352,0.431830,0.732917,0.556336,0.590201,0.613877,0.592308,0.437605,0.540072,0.554220,0.407699,0.533578,0.638164,0.589626,0.732070,0.691568,0.485518,0.669236,0.764056,0.412923,0.613035,0.536209,0.498680,0.529956,0.537637
0.453876,0.577949,0.684254,0.712335,0.699845,0.704148,0.639285,0.626709,0.654727,0.683464,0.658231,0.668643,0.516814,0.683530,0.534503,0.580841,0.669549,0.549690,0.665352,0.745301,0.585586,0.609458,0.634687,0.649013,0.635751,0.666387,0.690323,0.573704,0.708522,0.590485,0.000000,0.619548,0.422110,0.428952,0.604150,0.728760,0.687487,0.680936,0.690886,0.696542,0.718234,0.367195,0.509360,0.654196,0.712468,0.717478,0.677816,0.726484,0.660870,0.727928,0.682606,0.469079,0.575429,0.431118,0.689469,0.658923,0.688946,0.675635,0.704800,0.657787,0.524767,0.741704,0.511384,0.566464,0.711878,0.634099,0.651416,0.544215,0.574537,0.435710,0.644670,0.516239,0.638779,0.690324,0.572556,0.467989,0.716958,0.608583,0.700668,0.652328,0.615893,0.728067,0.693237,0.395913,0.696012,0.701251,0.731925,0.701172,0.649986,0.643069,0.689128,0.665612,0.723630,0.648366,0.610932,0.682295,0.466536,0.503051,0.708147,0.684329,0.617704,0.728397,0.710356,0.698800,0.526121,0.686014,0.454400,0.700038,0.649437,0.677668,0.415757,0.710349,0.745288,0.756273,0.648223,0.652758,0.421916,0.778908,0.710398,0.651412,0.706496,0.692807,0.698703,0.732070,0.662534,0.643788,0.694009,0.543796,0.526096,0.684866,0.742994,0.697614,0.585488,0.687767,0.696067,0.702705,0.597875,0.503043,0.557398,0.642385,0.718738,0.473336,0.700756,0.660692,0.702529,0.534509,0.642565,0.657731,0.614025,0.762716,0.724001,0.553395,0.680798,0.727301,0.627226,0.750656,0.711635,0.642569,0.619672,0.619603,0.733937,0.703547,0.771705,0.687863,0.681204,0.540068,0.665884,0.704323,0.703149,0.731635,0.713768,0.721493,0.484923,0.760650,0.605933,0.672383,0.490690,0.699843,0.674770,0.700933,0.667717,0.739781,0.653986,0.678640,0.743415,0.489357,0.558822,0.628803,0.520315,0.747343,0.771584,0.751034,0.638082,0.698549,0.670316,0.668730,0.633378,0.580319,0.776968,0.687242,0.473061,0.487628,0.561519,0.696089,0.463862,0.645145,0.762616,0.693472,0.649998,0.565009,0.520661,0.678578,0.528803,0.675685,0.750691,0.739799,0.673941,0.469858,0.716272,0.549304,0.586653,0.728332,0.566482,0.655609,0.780814,0.708975,0.717716,0.477782,0.693646,0.766932,0.624656,0.596357,0.672968,0.748252,0.798886,0.746298,0.601870,0.799486,0.759573,0.731264,0.726806,0.726667,0.628899,0.655491,0.674402,0.445807,0.435693,0.693662,0.577581,0.730538,0.658738,0.624870,0.626375,0.789263,0.624855,0.738284,0.720530,0.646361,0.807445,0.726313,0.430663,0.612927,0.701115,0.718192,0.600506,0.749087,0.675640,0.722280,0.647032,0.763381,0.652716,0.728912,0.779145,0.830064,0.753616,0.751500,0.606596,0.587373,0.722615,0.771766,0.725577,0.754804,0.793494,0.725114,0.728376,0.726020,0.472511,0.701469,0.646005,0.606045,0.150123,0.794128,0.669918,0.815012,0.674887,0.649506,0.598660,0.735881,0.736642,0.698163,0.616912,0.702425,0.664183,0.733601,0.698830,0.605301,0.631314,0.738732,0.721889,0.783502,0.716863,0.740303,0.640393,0.701787,0.718791,0.633377,0.683498,0.766360,0.674357,0.588823,0.720238,0.687071,0.615686,0.680113,0.673438,0.468816,0.566782,0.738009,0.432874,0.525685,0.756418,0.627024,0.520572,0.755000,0.360994,0.658745,0.490593,0.725749,0.729116,0.786675,0.756392,0.512211,0.772322,0.738125,0.498994,0.752174,0.756759,0.464342,0.707103,0.850175,0.784237,0.468481,0.734943,0.707814,0.605113,0.708098,0.810196,0.676813,0.757612,0.776059,0.623860,0.665134,0.628695,0.782437,0.741858,0.708745,0.761015,0.403847,0.534841,0.591981,0.674971,0.545917,0.818660,0.755886,0.405721,0.759844,0.706702,0.705920,0.761707,0.491388,0.722029,0.598446,0.449088,0.731406,0.742638,0.690436,0.812054,0.617611,0.765168,0.663810,0.793471,0.643683,0.566826,0.753058,0.565826,0.643846,0.691300,0.747137,0.569632,0.648400,0.692226,0.704223,0.724104,0.680710,0.806087,0.669381,0.702071,0.721297,0.770141,0.647602,0.602922,0.713579,0.530378,0.735647,0.781377,0.617328,0.627359,0.708224,0.475623,0.769315,0.628771,0.570265,0.785432,0.676147,0.814101,0.706378,0.731300,0.608109,0.785188,0.540592,0.722217,0.617266,0.625869,0.706815,0.708033,0.559838,0.778580,0.777435,0.593800,0.657579,0.661110,0.716110,0.685269,0.652169,0.758398,0.721609,0.768686,0.703736,0.687764,0.757801,0.715242,0.740008,0.652891,0.617693,0.608225,0.750317,0.716639,0.477534,0.692208,0.686118,0.737432,0.756697,0.700351,0.737570,0.609722,0.679683,0.745139,0.700619,0.599620,0.688819,0.705213,0.540624,0.585213,0.744115,0.770238,0.601397,0.687969,0.789476,0.582540,0.656352,0.684445,0.560656,0.722739,0.671995,0.731490,0.835222,0.715907,0.793554,0.698958,0.827340,0.645055,0.621054,0.695621,0.689544,0.725916,0.725188,0.663936,0.756329,0.729859,0.559853,0.655192
0.455733,0.449251,0.362242,0.472132,0.381480,0.428627,0.512030,0.371922,0.529562,0.362620,0.535935,0.335902,0.460211,0.308405,0.488238,0.352720,0.376424,0.432823,0.399008,0.589645,0.389566,0.497518,0.482203,0.392717,0.413096,0.403111,0.455770,0.433400,0.404072,0.451591,0.619548,0.000000,0.683857,0.590728,0.437768,0.523507,0.440831,0.500328,0.591799,0.390242,0.412613,0.667899,0.671871,0.565314,0.601866,0.469431,0.437161,0.491240,0.383586,0.573854,0.443756,0.667161,0.584748,0.764308,0.357125,0.482569,0.407001,0.375208,0.463359,0.465125,0.605798,0.431408,0.709734,0.634275,0.503546,0.410628,0.346153,0.546317,0.602747,0.597310,0.526877,0.582850,0.592791,0.515393,0.631336,0.630513,0.495605,0.297201,0.482895,0.585293,0.571628,0.479090,0.523104,0.725791,0.391327,0.557840,0.519770,0.292146,0.667838,0.583321,0.542089,0.420733,0.480649,0.411589,0.629643,0.541418,0.633434,0.590918,0.554115,0.541165,0.167132,0.505773,0.331050,0.458026,0.550890,0.397948,0.712086,0.371902,0.438125,0.578734,0.747012,0.403837,0.609132,0.478855,0.437699,0.451470,0.783326,0.584838,0.515343,0.454383,0.447606,0.410962,0.385037,0.599135,0.465088,0.528475,0.458188,0.509229,0.477913,0.477947,0.408700,0.536695,0.518601,0.420407,0.587641,0.287642,0.553607,0.613430,0.544589,0.515413,0.602653,0.668190,0.458804,0.565102,0.534575,0.626348,0.486749,0.464393,0.652680,0.593497,0.385618,0.629154,0.436446,0.398863,0.492287,0.376257,0.604540,0.721154,0.309040,0.511726,0.572649,0.515054,0.512064,0.400063,0.601283,0.599106,0.305810,0.670230,0.410612,0.505266,0.518249,0.485519,0.775851,0.485503,0.568126,0.577165,0.732207,0.437415,0.463174,0.640072,0.457363,0.555795,0.601758,0.432137,0.406772,0.739466,0.617171,0.422447,0.807551,0.640850,0.488294,0.453747,0.633369,0.709429,0.461793,0.410684,0.475258,0.435247,0.701426,0.473585,0.714431,0.746011,0.632962,0.385329,0.679786,0.603941,0.508396,0.487889,0.507518,0.619893,0.745420,0.542487,0.579973,0.511430,0.596343,0.407229,0.513634,0.771183,0.545364,0.697996,0.626398,0.538891,0.615604,0.501545,0.512677,0.388711,0.431417,0.762116,0.534670,0.562792,0.675230,0.515619,0.359031,0.558158,0.546161,0.494475,0.638753,0.621195,0.567448,0.488583,0.415159,0.459560,0.613568,0.601310,0.486468,0.553511,0.708281,0.463723,0.583814,0.553251,0.419710,0.390764,0.518369,0.575781,0.662887,0.402920,0.487651,0.591011,0.605291,0.632084,0.761317,0.677798,0.494455,0.554840,0.687640,0.451997,0.467556,0.434811,0.585156,0.445363,0.595625,0.422744,0.570593,0.526725,0.461384,0.498457,0.615008,0.305481,0.433295,0.439638,0.669088,0.504008,0.587094,0.423156,0.558146,0.535613,0.593771,0.602934,0.487706,0.628064,0.650434,0.708005,0.576366,0.475048,0.554025,0.452138,0.605883,0.504715,0.512678,0.440919,0.417558,0.572180,0.610906,0.582399,0.507585,0.597006,0.510558,0.537975,0.417055,0.533279,0.463798,0.575154,0.456135,0.465312,0.528582,0.618559,0.538723,0.450092,0.465290,0.652635,0.458424,0.599510,0.676741,0.461176,0.557638,0.784399,0.419921,0.540596,0.771980,0.534697,0.516220,0.623762,0.662487,0.444132,0.540813,0.598088,0.796807,0.519077,0.705899,0.512367,0.477151,0.824114,0.604334,0.589694,0.787908,0.675055,0.539732,0.759743,0.433277,0.677066,0.709422,0.804904,0.683604,0.584830,0.609187,0.563019,0.765537,0.541291,0.545628,0.756818,0.576028,0.496368,0.602494,0.642013,0.607397,0.458110,0.465500,0.717598,0.796596,0.683149,0.521805,0.713325,0.543488,0.425820,0.753133,0.615381,0.596645,0.432319,0.505077,0.665717,0.426904,0.520251,0.545926,0.571620,0.581200,0.596632,0.564727,0.608525,0.610628,0.435106,0.691166,0.515626,0.769502,0.485949,0.616264,0.575370,0.423564,0.584559,0.599692,0.498726,0.684275,0.603517,0.444684,0.605169,0.460344,0.739545,0.551376,0.467724,0.695395,0.656208,0.591602,0.717535,0.618749,0.510130,0.521733,0.566961,0.489000,0.550964,0.556453,0.572480,0.741472,0.485165,0.727564,0.555789,0.485133,0.375691,0.702072,0.526922,0.480180,0.781420,0.561316,0.539878,0.676961,0.539341,0.486334,0.790181,0.778636,0.582968,0.634646,0.620580,0.478469,0.689697,0.385150,0.542882,0.662488,0.613381,0.713328,0.482660,0.508272,0.629249,0.534621,0.736892,0.675825,0.638118,0.558502,0.555781,0.514914,0.811565,0.679529,0.694459,0.641695,0.412938,0.444401,0.527213,0.754587,0.647941,0.507085,0.657222,0.653202,0.405586,0.542934,0.754670,0.625703,0.628356,0.529420,0.730500,0.512618,0.630419,0.621203,0.507437,0.567342,0.835740,0.615340,0.592852,0.488455,0.491057,0.523962,0.569891,0.581100,0.615320,0.720763,0.601010,0.584714,0.628534,0.572699,0.492364,0.674301,0.482236,0.468955,0.611191,0.431560
0.457326,0.518531,0.669810,0.654799,0.661283,0.746985,0.719183,0.609555,0.758531,0.710612,0.733421,0.731022,0.406848,0.660311,0.401369,0.510345,0.510902,0.652559,0.540184,0.735431,0.633556,0.458353,0.678408,0.633552,0.666139,0.685080,0.597946,0.374058,0.591718,0.407131,0.422110,0.683857,0.000000,0.421173,0.390935,0.730639,0.683133,0.597370,0.702365,0.632441,0.560273,0.422100,0.394917,0.690598,0.768450,0.692206,0.655946,0.670999,0.542381,0.775374,0.697605,0.451436,0.372976,0.181241,0.654612,0.569845,0.575590,0.626057,0.702942,0.696507,0.301564,0.665122,0.198345,0.626570,0.688298,0.506521,0.616766,0.315750,0.614661,0.597320,0.665882,0.398897,0.763548,0.732155,0.495783,0.597144,0.664368,0.575653,0.657866,0.770708,0.781508,0.708571,0.555683,0.166034,0.584856,0.747983,0.727409,0.631550,0.495547,0.667367,0.680585,0.597080,0.705012,0.556026,0.519092,0.712221,0.559602,0.399856,0.608441,0.696818,0.620850,0.659022,0.609509,0.683074,0.442445,0.643634,0.242203,0.642549,0.484377,0.754868,0.372056,0.595194,0.762760,0.772189,0.565374,0.599822,0.243540,0.775019,0.675997,0.633029,0.669969,0.639515,0.628314,0.663516,0.571783,0.501200,0.714005,0.438530,0.582155,0.696625,0.601724,0.793644,0.689777,0.593514,0.737768,0.611437,0.516825,0.635246,0.642534,0.506752,0.713408,0.294461,0.591009,0.674876,0.667657,0.330111,0.641551,0.605906,0.669734,0.703955,0.593390,0.409576,0.583817,0.607509,0.708555,0.700078,0.650437,0.781426,0.610646,0.720974,0.787275,0.655621,0.656903,0.596641,0.769694,0.424291,0.631599,0.758398,0.624480,0.602684,0.709710,0.578288,0.222132,0.702501,0.482900,0.679001,0.449429,0.685109,0.609992,0.720135,0.618808,0.634941,0.691238,0.650994,0.654216,0.484934,0.371683,0.761960,0.628398,0.758137,0.585402,0.606924,0.570736,0.741125,0.697043,0.585211,0.581401,0.529444,0.774136,0.687191,0.209159,0.227584,0.696280,0.574445,0.490599,0.734703,0.806441,0.583909,0.621969,0.617862,0.255404,0.533313,0.398823,0.668819,0.770491,0.669623,0.571260,0.403126,0.686762,0.345542,0.577289,0.685920,0.423126,0.650811,0.704460,0.649163,0.613608,0.315980,0.509781,0.792591,0.672253,0.628272,0.622648,0.694088,0.723171,0.634441,0.683294,0.766429,0.800675,0.660898,0.582124,0.623006,0.763372,0.647260,0.664821,0.495260,0.481940,0.565558,0.753240,0.632143,0.696701,0.636712,0.719923,0.778141,0.475504,0.619636,0.765653,0.678245,0.743108,0.763815,0.271896,0.491198,0.666822,0.759441,0.530205,0.661107,0.527546,0.677932,0.662501,0.767809,0.637630,0.659896,0.653227,0.830253,0.759166,0.684229,0.600685,0.601135,0.679965,0.644404,0.651713,0.783559,0.707249,0.609309,0.691196,0.641570,0.534163,0.635109,0.570322,0.508658,0.515510,0.807055,0.644631,0.818291,0.746573,0.583936,0.633336,0.806225,0.649359,0.638597,0.633076,0.710642,0.511566,0.741245,0.777008,0.650180,0.550365,0.671145,0.684920,0.824721,0.601173,0.650689,0.549803,0.704403,0.786135,0.451178,0.580107,0.637521,0.569643,0.427318,0.676665,0.752174,0.690830,0.655619,0.778559,0.396836,0.595649,0.627258,0.511500,0.563084,0.788139,0.580104,0.458927,0.628520,0.632807,0.705563,0.256650,0.667717,0.753498,0.700103,0.666674,0.549145,0.717233,0.593490,0.280749,0.704364,0.690991,0.281165,0.695780,0.807627,0.752378,0.314274,0.809004,0.695327,0.487276,0.839917,0.735756,0.650086,0.692975,0.720125,0.724596,0.597641,0.680426,0.726420,0.748783,0.576568,0.813549,0.275301,0.340093,0.518916,0.617050,0.404782,0.722063,0.626569,0.491838,0.751409,0.719528,0.602588,0.686045,0.379340,0.602007,0.688565,0.672709,0.745379,0.704170,0.736134,0.737981,0.645272,0.715874,0.640849,0.735893,0.661945,0.486150,0.598532,0.743364,0.588263,0.673247,0.717242,0.624602,0.605052,0.759999,0.697305,0.630588,0.648326,0.670058,0.776453,0.819638,0.641942,0.779091,0.734953,0.525220,0.729291,0.696829,0.644766,0.758981,0.715827,0.747763,0.700472,0.724468,0.868017,0.700768,0.692531,0.779545,0.719543,0.682699,0.581836,0.747834,0.721467,0.690786,0.366250,0.766525,0.487590,0.590446,0.823206,0.626476,0.319147,0.720716,0.781308,0.458558,0.699017,0.708922,0.758177,0.792567,0.652920,0.607744,0.697397,0.760109,0.736846,0.598832,0.671560,0.734862,0.789663,0.728061,0.622041,0.629942,0.663945,0.614840,0.344764,0.725285,0.753961,0.724068,0.638095,0.780271,0.826390,0.670161,0.736754,0.850847,0.833385,0.608874,0.649290,0.628220,0.389044,0.616532,0.749516,0.701626,0.676288,0.710286,0.729704,0.747046,0.674853,0.748550,0.361342,0.673937,0.634654,0.666756,0.775813,0.551654,0.726782,0.684317,0.795243,0.809384,0.762131,0.651646,0.713783,0.815023,0.522575,0.666635,0.675916,0.710987,0.518323,0.653184
0.457591,0.469809,0.651844,0.644502,0.630072,0.605489,0.603206,0.609521,0.677121,0.632324,0.592180,0.667919,0.361764,0.613128,0.379265,0.530143,0.572360,0.559271,0.577211,0.651942,0.559370,0.595263,0.622390,0.628746,0.607179,0.665541,0.555654,0.504232,0.596060,0.458968,0.428952,0.590728,0.421173,0.000000,0.495469,0.619907,0.563106,0.599289,0.679326,0.613847,0.533319,0.504966,0.541042,0.710859,0.678008,0.571580,0.636033,0.624698,0.507145,0.667531,0.621483,0.522613,0.396895,0.452628,0.675461,0.482037,0.551840,0.648171,0.628211,0.640481,0.370175,0.658439,0.427691,0.583237,0.657247,0.535142,0.661852,0.387377,0.526466,0.565092,0.518211,0.396651,0.732438,0.682469,0.443401,0.512340,0.616384,0.525153,0.675509,0.691643,0.718650,0.701476,0.597363,0.440686,0.633291,0.642979,0.701079,0.689776,0.498918,0.628814,0.645004,0.614612,0.680339,0.591730,0.428424,0.597433,0.502295,0.403035,0.627208,0.639851,0.588345,0.569521,0.613425,0.638242,0.326717,0.617903,0.474768,0.651166,0.608970,0.634928,0.464854,0.640045,0.683458,0.627081,0.624345,0.657124,0.526025,0.673207,0.570119,0.638415,0.594006,0.723363,0.664438,0.561713,0.524532,0.615906,0.691038,0.481284,0.537798,0.645325,0.691371,0.732804,0.628994,0.538355,0.677951,0.665525,0.520655,0.531658,0.558726,0.491747,0.630589,0.419912,0.700753,0.501016,0.759850,0.464475,0.643815,0.502711,0.540148,0.590466,0.683654,0.362867,0.667250,0.675490,0.656003,0.697309,0.630867,0.687174,0.558758,0.610185,0.718892,0.719365,0.625700,0.651724,0.732447,0.480172,0.661158,0.658549,0.668120,0.551669,0.617626,0.566816,0.507010,0.608554,0.443191,0.618577,0.474773,0.719499,0.576062,0.649135,0.700870,0.577102,0.622772,0.613650,0.703543,0.519496,0.421303,0.612607,0.499878,0.682052,0.623447,0.722830,0.501285,0.580863,0.664512,0.654298,0.633672,0.540862,0.783158,0.671800,0.460057,0.442710,0.587477,0.642749,0.517356,0.652303,0.728324,0.580482,0.510525,0.636890,0.483505,0.569496,0.429069,0.544291,0.766898,0.687952,0.627467,0.496162,0.720948,0.530429,0.468869,0.663887,0.437785,0.713095,0.714613,0.656681,0.683076,0.457229,0.507775,0.672885,0.616518,0.569512,0.660874,0.627714,0.707906,0.652689,0.588397,0.681022,0.792928,0.713249,0.654169,0.645340,0.686098,0.600416,0.680735,0.448706,0.554587,0.600744,0.704390,0.758853,0.596360,0.545826,0.651929,0.719979,0.479344,0.647435,0.679899,0.594883,0.682332,0.715636,0.488003,0.504050,0.710340,0.703766,0.541093,0.692760,0.665525,0.732405,0.562364,0.772809,0.557084,0.673826,0.677986,0.739891,0.632192,0.736046,0.473375,0.519452,0.680465,0.711187,0.627388,0.710473,0.592179,0.681612,0.623308,0.740201,0.487322,0.635362,0.632004,0.494051,0.508275,0.735150,0.513660,0.775661,0.638711,0.639684,0.510996,0.697719,0.685426,0.653000,0.604457,0.603180,0.523736,0.717755,0.726325,0.541824,0.534269,0.705065,0.722343,0.766692,0.664844,0.597724,0.593115,0.675584,0.720746,0.518979,0.659123,0.754606,0.624190,0.480283,0.686288,0.687514,0.634324,0.634814,0.703505,0.500194,0.481107,0.741381,0.555644,0.540175,0.695350,0.539949,0.505786,0.716689,0.612100,0.679292,0.477568,0.670857,0.732480,0.766522,0.680690,0.565572,0.832953,0.534509,0.529522,0.620243,0.714725,0.502102,0.679052,0.749338,0.735744,0.436193,0.720799,0.617218,0.534103,0.724274,0.706313,0.622264,0.663154,0.674432,0.652272,0.579477,0.644622,0.684348,0.567446,0.652447,0.700060,0.511606,0.493467,0.499102,0.644721,0.608996,0.730907,0.726492,0.487733,0.686836,0.556941,0.668859,0.735527,0.493775,0.672656,0.723391,0.572033,0.694556,0.726589,0.693989,0.731543,0.563043,0.712716,0.672241,0.761268,0.639423,0.491669,0.720876,0.710824,0.497752,0.718406,0.644673,0.542515,0.623304,0.696013,0.632714,0.716405,0.572724,0.728164,0.713009,0.737819,0.705141,0.780892,0.591150,0.474616,0.775181,0.521378,0.712836,0.708418,0.618733,0.624466,0.693331,0.603295,0.702288,0.670583,0.594771,0.767371,0.617872,0.765185,0.585684,0.644294,0.650372,0.693289,0.476221,0.621055,0.505800,0.604643,0.695524,0.601152,0.519331,0.642973,0.759388,0.414110,0.638704,0.618411,0.722312,0.665924,0.477462,0.554558,0.703361,0.659125,0.744976,0.586002,0.656693,0.741395,0.848235,0.619070,0.625338,0.600001,0.636001,0.685306,0.501773,0.595020,0.688450,0.686824,0.677775,0.660667,0.728037,0.721470,0.692051,0.699543,0.715044,0.571794,0.607220,0.653770,0.528082,0.528916,0.670666,0.723780,0.648495,0.622510,0.627083,0.613318,0.534116,0.687536,0.544061,0.628644,0.592121,0.632955,0.638061,0.574999,0.749675,0.591230,0.738908,0.680418,0.674359,0.561947,0.704146,0.741339,0.608516,0.577991,0.721910,0.661881,0.503513,0.562669
0.458540,0.388837,0.395373,0.500345,0.345901,0.537633,0.635451,0.378704,0.611578,0.488313,0.658556,0.561570,0.384250,0.490678,0.393185,0.344668,0.257515,0.581177,0.288865,0.711458,0.437852,0.345146,0.432574,0.426432,0.424732,0.522438,0.370619,0.230995,0.293436,0.223423,0.604150,0.437768,0.390935,0.495469,0.000000,0.631429,0.444619,0.468506,0.645885,0.378062,0.282738,0.631345,0.518133,0.636413,0.740438,0.530644,0.480674,0.369203,0.340320,0.646924,0.521965,0.627322,0.395436,0.503895,0.456131,0.458533,0.311248,0.382111,0.571503,0.556252,0.349031,0.527664,0.403978,0.639278,0.510601,0.227833,0.356436,0.298023,0.590796,0.647878,0.591067,0.392733,0.655236,0.576366,0.477182,0.647432,0.496548,0.361174,0.435892,0.653739,0.815759,0.488157,0.432313,0.457247,0.266633,0.717904,0.545894,0.311277,0.540031,0.613091,0.646706,0.334982,0.464385,0.299293,0.514758,0.691184,0.657385,0.396959,0.484720,0.541368,0.346564,0.549991,0.340501,0.453416,0.449102,0.411947,0.484568,0.410421,0.124814,0.642977,0.639983,0.304320,0.634224,0.519260,0.345514,0.405345,0.560043,0.761115,0.511473,0.348337,0.460311,0.381116,0.341826,0.562250,0.414692,0.342010,0.466791,0.347590,0.567309,0.513974,0.336843,0.716544,0.636108,0.348027,0.554917,0.267269,0.466223,0.661301,0.686876,0.356164,0.691284,0.413942,0.357571,0.615808,0.516487,0.373823,0.512308,0.511119,0.754210,0.633188,0.248863,0.383618,0.331700,0.335052,0.501175,0.435669,0.538772,0.780789,0.442720,0.670516,0.721509,0.495035,0.374674,0.265084,0.557387,0.349938,0.291481,0.679657,0.342384,0.335978,0.552507,0.384956,0.536988,0.619010,0.442836,0.552141,0.644359,0.495279,0.354714,0.682643,0.546470,0.599349,0.665742,0.449374,0.338163,0.609841,0.384352,0.621468,0.739554,0.696460,0.357710,0.385016,0.539547,0.752205,0.648936,0.299918,0.423051,0.277842,0.829254,0.502782,0.405112,0.461651,0.643379,0.221095,0.695895,0.596098,0.742005,0.345241,0.477441,0.652325,0.531223,0.183139,0.366242,0.549865,0.694205,0.297616,0.285193,0.731849,0.500882,0.442996,0.586718,0.475015,0.437858,0.424236,0.476346,0.355116,0.316086,0.567357,0.381462,0.631825,0.670533,0.640732,0.357146,0.496394,0.526348,0.397482,0.661195,0.565973,0.690888,0.464173,0.284190,0.284029,0.646903,0.516939,0.422588,0.492421,0.582104,0.320549,0.657632,0.504637,0.454769,0.465178,0.706176,0.659668,0.455433,0.295579,0.650741,0.610791,0.486157,0.705543,0.584410,0.577066,0.478418,0.546268,0.629223,0.417542,0.369577,0.457288,0.557002,0.453091,0.566584,0.326885,0.451470,0.735737,0.704982,0.463179,0.586027,0.379395,0.358192,0.371505,0.654067,0.599815,0.616160,0.274697,0.525599,0.496425,0.547957,0.510341,0.372585,0.493962,0.613700,0.791272,0.616380,0.585551,0.617748,0.364488,0.480666,0.742567,0.466791,0.425322,0.416978,0.475146,0.381676,0.494727,0.543863,0.572994,0.564307,0.567186,0.400014,0.732956,0.313487,0.551180,0.369882,0.504062,0.688860,0.429683,0.573553,0.396443,0.292600,0.482918,0.397169,0.691032,0.741614,0.384511,0.724619,0.609521,0.498773,0.446343,0.649311,0.500018,0.659917,0.542913,0.504687,0.373945,0.674868,0.646639,0.534182,0.423667,0.807019,0.450176,0.407843,0.680272,0.591700,0.599169,0.539868,0.729354,0.432414,0.548173,0.367909,0.813946,0.834516,0.546311,0.664550,0.677227,0.481157,0.759410,0.745599,0.465516,0.463060,0.732060,0.739921,0.473612,0.554730,0.561929,0.765745,0.362134,0.662129,0.553062,0.552873,0.540765,0.541579,0.611485,0.487919,0.376144,0.698898,0.607782,0.587093,0.355000,0.436831,0.430245,0.252355,0.569915,0.725091,0.545357,0.568888,0.619160,0.468644,0.597503,0.710103,0.361567,0.659948,0.589132,0.645672,0.321266,0.683347,0.527602,0.426330,0.708447,0.610268,0.435798,0.778474,0.664669,0.308353,0.496586,0.389793,0.759459,0.719384,0.326461,0.747219,0.708087,0.547670,0.718145,0.674947,0.433668,0.621820,0.641711,0.576888,0.541625,0.732220,0.786703,0.750951,0.582302,0.800266,0.647344,0.418328,0.389169,0.726994,0.558463,0.389643,0.586169,0.672524,0.432202,0.688491,0.726779,0.365901,0.504851,0.751794,0.687013,0.438403,0.694876,0.548936,0.714220,0.690219,0.518500,0.533288,0.530161,0.633659,0.556524,0.431257,0.581128,0.505756,0.775309,0.693190,0.565140,0.469685,0.557782,0.380791,0.635339,0.687011,0.779256,0.596227,0.362911,0.624351,0.751729,0.778049,0.642639,0.790092,0.672389,0.621872,0.401686,0.459096,0.542305,0.592799,0.593555,0.476266,0.790209,0.618069,0.564764,0.714609,0.569730,0.625736,0.601317,0.562923,0.425752,0.468399,0.506944,0.257622,0.461118,0.648410,0.602338,0.717957,0.682357,0.498536,0.621319,0.805625,0.311006,0.620296,0.476658,0.435346,0.513321,0.472647
0.458884,0.523455,0.503838,0.532185,0.522182,0.270566,0.257523,0.508122,0.307541,0.324460,0.265664,0.386497,0.520398,0.400703,0.539144,0.533502,0.513135,0.453705,0.530497,0.456737,0.385182,0.668026,0.331712,0.438391,0.346599,0.520105,0.562220,0.646317,0.589265,0.580386,0.728760,0.523507,0.730639,0.619907,0.631429,0.000000,0.434408,0.493310,0.233111,0.521758,0.600224,0.606317,0.688902,0.628321,0.291435,0.642793,0.533751,0.590996,0.615239,0.268559,0.549745,0.590248,0.575484,0.780541,0.456953,0.706607,0.630260,0.471581,0.606618,0.468971,0.651903,0.565345,0.740911,0.487304,0.475246,0.489548,0.636675,0.664482,0.508340,0.619816,0.450073,0.634802,0.371774,0.534390,0.620686,0.498738,0.487075,0.541002,0.530058,0.433608,0.528686,0.525688,0.630459,0.769503,0.667137,0.210766,0.644659,0.609229,0.668618,0.464595,0.269682,0.507069,0.587548,0.516061,0.663663,0.209461,0.695137,0.644837,0.649755,0.305355,0.579781,0.539076,0.504165,0.582406,0.695443,0.501991,0.732257,0.492933,0.680033,0.290606,0.677964,0.650975,0.406880,0.325092,0.618441,0.635490,0.815425,0.550137,0.413328,0.433501,0.482477,0.709380,0.699787,0.659434,0.499529,0.646106,0.672317,0.531093,0.649673,0.453849,0.623067,0.451539,0.389839,0.490520,0.468314,0.600819,0.647075,0.482318,0.566233,0.495067,0.250507,0.782634,0.652353,0.385680,0.717716,0.733334,0.649327,0.626411,0.538260,0.634725,0.664487,0.708850,0.643240,0.658226,0.571673,0.518818,0.295017,0.499490,0.596285,0.516956,0.530090,0.604222,0.587989,0.662794,0.504752,0.562427,0.622401,0.496225,0.535828,0.650985,0.502212,0.696803,0.793877,0.474293,0.582859,0.563555,0.730704,0.635186,0.588590,0.588278,0.780116,0.605183,0.537670,0.561694,0.685285,0.652803,0.677840,0.515907,0.607264,0.309904,0.616417,0.654362,0.579461,0.435577,0.691518,0.616226,0.646330,0.587861,0.513846,0.610099,0.777293,0.711179,0.574508,0.632005,0.602180,0.402127,0.602592,0.567727,0.625254,0.707489,0.734573,0.669001,0.728705,0.687030,0.792233,0.707089,0.684280,0.711909,0.580119,0.772166,0.653728,0.639321,0.680362,0.617018,0.618125,0.647069,0.726904,0.790282,0.639046,0.600006,0.439398,0.589750,0.643417,0.721780,0.635747,0.597364,0.416720,0.682108,0.713140,0.663472,0.682280,0.667960,0.682968,0.551195,0.621071,0.769687,0.654872,0.593016,0.608227,0.614851,0.509114,0.596402,0.534869,0.675279,0.668228,0.718753,0.534541,0.578395,0.682193,0.610259,0.796590,0.643581,0.685869,0.559880,0.675026,0.600107,0.638205,0.772289,0.749020,0.581036,0.392677,0.506710,0.696751,0.519874,0.604591,0.657621,0.555616,0.590850,0.709725,0.633769,0.631773,0.662982,0.787995,0.705949,0.532591,0.681035,0.796942,0.584675,0.597666,0.688473,0.786227,0.667185,0.592835,0.601672,0.584083,0.638071,0.549061,0.500678,0.592920,0.669310,0.633091,0.589130,0.619595,0.513905,0.658956,0.461629,0.569413,0.707684,0.579798,0.514094,0.681763,0.196614,0.593885,0.549925,0.448380,0.784696,0.708229,0.653611,0.701597,0.695041,0.546240,0.501673,0.396660,0.551703,0.470646,0.736424,0.678397,0.647370,0.730079,0.678037,0.589750,0.723671,0.731888,0.649243,0.677121,0.487975,0.821098,0.478491,0.747725,0.729661,0.717812,0.683624,0.643002,0.610004,0.793595,0.522188,0.564880,0.807167,0.663190,0.602681,0.551410,0.781466,0.511417,0.621992,0.656455,0.500919,0.748696,0.576942,0.546671,0.694768,0.630205,0.709167,0.752473,0.374958,0.377449,0.645593,0.542652,0.820910,0.774334,0.577557,0.635270,0.765135,0.688167,0.727457,0.722933,0.540712,0.668971,0.695034,0.681465,0.746532,0.712342,0.557705,0.653504,0.461503,0.627450,0.442296,0.677022,0.726964,0.716562,0.741990,0.644582,0.556178,0.722997,0.624990,0.599750,0.731861,0.667848,0.640286,0.454657,0.605309,0.614378,0.312061,0.595723,0.591644,0.585304,0.530448,0.575748,0.632120,0.362709,0.532818,0.716365,0.530186,0.616121,0.677255,0.539191,0.480643,0.535887,0.569745,0.600741,0.506469,0.429741,0.614785,0.726580,0.326000,0.721665,0.647316,0.473203,0.648169,0.701063,0.733464,0.642704,0.761647,0.683008,0.559866,0.515856,0.785079,0.694199,0.586566,0.649993,0.532247,0.801872,0.532853,0.638451,0.481943,0.760305,0.695676,0.650707,0.716174,0.697716,0.676022,0.725162,0.668505,0.571499,0.525870,0.771909,0.597645,0.764801,0.845575,0.775085,0.546960,0.577708,0.756087,0.619639,0.461404,0.551169,0.592904,0.547260,0.647219,0.614146,0.683791,0.686619,0.806853,0.701577,0.611937,0.688825,0.591060,0.488876,0.610792,0.550387,0.744177,0.642231,0.857378,0.667390,0.614655,0.659418,0.769980,0.636078,0.744307,0.735734,0.595756,0.543572,0.581579,0.759275,0.545222,0.543907,0.628929,0.542659,0.721952,0.484414,0.719274,0.651412
0.462812,0.386773,0.436910,0.478167,0.396054,0.421448,0.423441,0.503061,0.449930,0.424820,0.420693,0.449526,0.471004,0.404192,0.445172,0.446353,0.415874,0.577565,0.419815,0.537774,0.377346,0.551912,0.350125,0.434145,0.410739,0.477922,0.347692,0.523400,0.479471,0.444674,0.687487,0.440831,0.683133,0.563106,0.444619,0.434408,0.000000,0.506203,0.442576,0.471385,0.480704,0.664811,0.693232,0.615230,0.478088,0.543753,0.533821,0.490787,0.521795,0.439241,0.536542,0.612948,0.471411,0.760033,0.444568,0.558139,0.458145,0.466911,0.229080,0.485329,0.556643,0.513004,0.704319,0.659744,0.506154,0.352942,0.509760,0.561237,0.573442,0.561644,0.517447,0.489749,0.519104,0.535001,0.499552,0.510734,0.470502,0.384705,0.509679,0.569536,0.626057,0.510503,0.517512,0.714540,0.509791,0.517864,0.653728,0.466144,0.626729,0.542672,0.493974,0.450308,0.544547,0.388223,0.600084,0.540297,0.639911,0.526486,0.583966,0.393417,0.416454,0.513728,0.353587,0.498116,0.601024,0.428750,0.647985,0.425864,0.485342,0.506321,0.770167,0.550775,0.537112,0.405415,0.478567,0.608611,0.772511,0.652707,0.470265,0.396917,0.410680,0.561421,0.551295,0.628545,0.360809,0.540587,0.571271,0.336330,0.564939,0.524836,0.501310,0.586166,0.581422,0.349973,0.393324,0.440445,0.631759,0.602922,0.675793,0.312589,0.522191,0.686432,0.569216,0.475344,0.615293,0.572636,0.609287,0.524932,0.599036,0.608888,0.541636,0.582645,0.578194,0.546080,0.546386,0.389391,0.463178,0.566428,0.519703,0.569604,0.640807,0.601469,0.456839,0.525405,0.547400,0.377796,0.465364,0.532886,0.473519,0.445595,0.372164,0.579836,0.747938,0.504799,0.538498,0.600566,0.732327,0.595424,0.396283,0.660592,0.662820,0.637134,0.649023,0.454130,0.532375,0.603620,0.527205,0.540987,0.725773,0.539551,0.495655,0.571030,0.570148,0.562047,0.613614,0.442336,0.594154,0.460054,0.641136,0.541506,0.678389,0.636581,0.624038,0.461428,0.704171,0.536350,0.664659,0.452504,0.490105,0.657570,0.683673,0.549282,0.578542,0.615490,0.663983,0.574129,0.545876,0.821334,0.544367,0.686192,0.645601,0.506405,0.545173,0.575088,0.571642,0.491206,0.621811,0.766332,0.516000,0.586281,0.549655,0.608358,0.488673,0.586785,0.594097,0.479059,0.549678,0.602575,0.612370,0.583484,0.584519,0.544067,0.560667,0.535034,0.517341,0.608411,0.626030,0.519442,0.595470,0.622704,0.477878,0.482709,0.563548,0.691661,0.566742,0.527133,0.649703,0.616228,0.562674,0.593671,0.738293,0.603386,0.601636,0.519469,0.668731,0.534626,0.568639,0.622327,0.620866,0.441646,0.535990,0.346641,0.613330,0.545680,0.653051,0.612167,0.641471,0.463996,0.529373,0.539960,0.639409,0.571209,0.692103,0.567475,0.485659,0.640028,0.686810,0.542523,0.597501,0.609786,0.656335,0.658919,0.574834,0.538967,0.538439,0.474471,0.490005,0.621937,0.600500,0.561607,0.521049,0.487710,0.534272,0.520676,0.544441,0.573734,0.601659,0.593696,0.527743,0.514601,0.578057,0.462250,0.574107,0.414125,0.548342,0.664231,0.661569,0.544212,0.586559,0.558158,0.475419,0.571886,0.591438,0.334089,0.633187,0.726920,0.589624,0.584701,0.657525,0.562250,0.564680,0.566537,0.594547,0.575913,0.619989,0.607899,0.788241,0.477844,0.712846,0.640044,0.626610,0.809234,0.592689,0.568711,0.751461,0.606754,0.474818,0.756870,0.490182,0.662259,0.679373,0.777864,0.603333,0.580432,0.597496,0.607255,0.750867,0.558619,0.433131,0.723559,0.617625,0.623655,0.625200,0.459137,0.592793,0.624059,0.598881,0.778228,0.777454,0.599411,0.595732,0.720932,0.570853,0.553674,0.760569,0.539967,0.430710,0.586797,0.583104,0.644602,0.571023,0.624822,0.651970,0.520919,0.620939,0.465942,0.622239,0.662086,0.619516,0.560226,0.657997,0.518316,0.759788,0.506766,0.692952,0.624241,0.529389,0.611825,0.484936,0.617139,0.536906,0.539760,0.450436,0.542418,0.489273,0.649381,0.643659,0.512571,0.624008,0.615143,0.651387,0.589314,0.629514,0.577146,0.610641,0.557588,0.586509,0.632978,0.692546,0.639173,0.633962,0.566596,0.727058,0.482074,0.614907,0.501554,0.631735,0.600587,0.570124,0.730945,0.590483,0.657143,0.796212,0.561223,0.429994,0.715110,0.729961,0.570950,0.597134,0.583836,0.641125,0.544205,0.580029,0.511382,0.676105,0.641203,0.656431,0.637283,0.598686,0.598911,0.572104,0.711902,0.604675,0.606821,0.612149,0.543353,0.567619,0.809743,0.709391,0.651256,0.531273,0.590066,0.611613,0.577298,0.706227,0.619862,0.640026,0.628829,0.600427,0.525977,0.578093,0.759985,0.667293,0.618550,0.577819,0.698043,0.536413,0.574530,0.511998,0.646835,0.498629,0.815749,0.525005,0.567063,0.380380,0.569100,0.517562,0.636879,0.688672,0.532181,0.527395,0.609987,0.625276,0.609320,0.615693,0.517087,0.672065,0.611863,0.252355,0.654617,0.459363
0.462846,0.423921,0.398359,0.438303,0.369748,0.403392,0.464822,0.445429,0.527701,0.402604,0.529179,0.464582,0.552176,0.465958,0.528414,0.432698,0.399758,0.558693,0.413463,0.658138,0.467123,0.425128,0.434926,0.442830,0.449339,0.484626,0.427830,0.456149,0.456663,0.499765,0.680936,0.500328,0.597370,0.599289,0.468506,0.493310,0.506203,0.000000,0.479619,0.435555,0.381402,0.598408,0.612207,0.678030,0.586340,0.623808,0.369436,0.413271,0.438465,0.420524,0.532145,0.623086,0.575249,0.647976,0.470577,0.603057,0.468199,0.438822,0.559315,0.559576,0.594474,0.546353,0.585492,0.551371,0.459587,0.449079,0.466796,0.569986,0.480038,0.604756,0.620458,0.589727,0.432612,0.459791,0.602179,0.589567,0.475899,0.457407,0.462329,0.492313,0.705570,0.400542,0.333033,0.659166,0.449230,0.541960,0.528434,0.476179,0.635868,0.474161,0.492884,0.416221,0.444098,0.467599,0.631998,0.535768,0.636449,0.590841,0.436845,0.454946,0.457031,0.593517,0.390927,0.485838,0.703288,0.421166,0.622077,0.436398,0.507953,0.520010,0.652481,0.489420,0.409773,0.393343,0.424842,0.537847,0.707808,0.514992,0.456997,0.430372,0.416633,0.531299,0.469994,0.655487,0.447989,0.434641,0.533427,0.509707,0.540202,0.423708,0.437168,0.528477,0.474850,0.383222,0.550123,0.458506,0.568145,0.529311,0.541563,0.520866,0.577661,0.672302,0.469867,0.501458,0.615852,0.687608,0.511038,0.587693,0.656732,0.653927,0.471592,0.686762,0.459685,0.431491,0.556747,0.505097,0.406998,0.621111,0.561325,0.555330,0.705141,0.514048,0.521698,0.484883,0.505357,0.606759,0.528775,0.668348,0.450036,0.527901,0.601169,0.485193,0.659026,0.493932,0.584039,0.492434,0.744263,0.517166,0.543145,0.551379,0.624519,0.639425,0.549873,0.530092,0.464438,0.644893,0.590411,0.586848,0.687841,0.462617,0.491038,0.484418,0.644060,0.601113,0.560402,0.422238,0.427700,0.449457,0.651369,0.605022,0.660604,0.611358,0.553407,0.449219,0.695530,0.569501,0.705497,0.520264,0.594147,0.649644,0.643472,0.565466,0.616779,0.626925,0.626186,0.469200,0.588690,0.722326,0.546150,0.672199,0.666587,0.642776,0.602127,0.464702,0.511098,0.469736,0.503011,0.701771,0.553155,0.472475,0.576769,0.583249,0.478336,0.559168,0.505640,0.517277,0.573815,0.629488,0.610876,0.530569,0.432697,0.535100,0.681762,0.456526,0.540068,0.656286,0.588025,0.469801,0.631919,0.448890,0.509959,0.600076,0.610484,0.635836,0.642346,0.534369,0.656500,0.596287,0.577286,0.622812,0.696912,0.682724,0.533533,0.452268,0.628747,0.433723,0.480364,0.562222,0.691814,0.420449,0.486491,0.421413,0.589803,0.567936,0.676663,0.534007,0.666114,0.526420,0.540478,0.435073,0.638120,0.625410,0.706567,0.490966,0.485393,0.500267,0.704751,0.379300,0.487965,0.660454,0.682716,0.676605,0.716462,0.525754,0.604260,0.475607,0.618516,0.699685,0.544306,0.542495,0.522251,0.597600,0.526420,0.414484,0.620935,0.649153,0.557310,0.564636,0.445931,0.652020,0.521627,0.440737,0.464836,0.570911,0.567039,0.701515,0.562171,0.489730,0.549880,0.654213,0.615137,0.659259,0.550336,0.541087,0.582825,0.694324,0.592386,0.422319,0.680560,0.598285,0.684127,0.673627,0.652778,0.428460,0.628798,0.552742,0.717612,0.394237,0.719838,0.555247,0.579518,0.766734,0.666552,0.588060,0.729683,0.620747,0.408292,0.704367,0.487099,0.687632,0.669403,0.715003,0.612377,0.540893,0.519356,0.677131,0.722950,0.483029,0.558297,0.701574,0.643433,0.514935,0.643297,0.406870,0.587497,0.462078,0.627858,0.621231,0.724392,0.654513,0.663880,0.666828,0.540572,0.533503,0.742508,0.602244,0.628612,0.455616,0.542398,0.651405,0.482966,0.509388,0.704168,0.387591,0.576250,0.565313,0.502435,0.683750,0.686921,0.548343,0.711691,0.564448,0.717910,0.446057,0.613582,0.609310,0.497838,0.559023,0.519387,0.514531,0.709943,0.538837,0.515757,0.423551,0.426113,0.690214,0.591548,0.505585,0.537077,0.597638,0.652568,0.657842,0.706859,0.517651,0.586380,0.607143,0.616436,0.514718,0.679048,0.756596,0.620289,0.649088,0.803915,0.592046,0.534444,0.447656,0.588534,0.632800,0.504582,0.781160,0.651043,0.715157,0.788081,0.627436,0.530812,0.671098,0.666362,0.607770,0.669258,0.667718,0.634215,0.685085,0.638449,0.613406,0.702920,0.692284,0.634760,0.676320,0.469889,0.644784,0.563287,0.687756,0.609976,0.514145,0.701126,0.574974,0.649715,0.782528,0.776161,0.662138,0.621644,0.586239,0.566048,0.687846,0.715136,0.534713,0.738344,0.665820,0.736651,0.454663,0.613038,0.703159,0.753773,0.550729,0.516985,0.717110,0.611681,0.624004,0.600945,0.672334,0.623835,0.669347,0.509686,0.561343,0.497157,0.574341,0.546537,0.593968,0.742827,0.593924,0.611611,0.622827,0.686303,0.476643,0.689171,0.484680,0.705709,0.579193,0.540112,0.708714,0.594313
0.464501,0.545353,0.505348,0.553738,0.532659,0.312148,0.243272,0.513251,0.376500,0.391331,0.276983,0.450035,0.613695,0.401376,0.609195,0.598723,0.481942,0.463047,0.508485,0.496327,0.429725,0.602693,0.392235,0.460741,0.369193,0.537782,0.573633,0.639512,0.551650,0.618789,0.690886,0.591799,0.702365,0.679326,0.645885,0.233111,0.442576,0.479619,0.000000,0.505640,0.615010,0.572157,0.676652,0.655663,0.363221,0.688491,0.545015,0.619248,0.631819,0.272454,0.589798,0.529014,0.601971,0.726117,0.451110,0.702787,0.588884,0.517962,0.583838,0.436904,0.656747,0.611003,0.688331,0.470883,0.460011,0.511292,0.655227,0.701249,0.566528,0.546644,0.562582,0.647753,0.432635,0.592881,0.684325,0.533572,0.472031,0.559724,0.603404,0.441606,0.509447,0.497037,0.586403,0.730605,0.671592,0.389935,0.684348,0.607896,0.690052,0.412896,0.398636,0.506964,0.631901,0.545123,0.687528,0.420955,0.645079,0.670551,0.662567,0.389572,0.604290,0.612330,0.494107,0.628197,0.758516,0.556796,0.669467,0.520784,0.672683,0.356505,0.659672,0.662309,0.390649,0.390518,0.622205,0.628854,0.752725,0.585186,0.441850,0.452192,0.513779,0.702621,0.686013,0.741712,0.505870,0.673144,0.640795,0.518978,0.666443,0.477629,0.577911,0.465244,0.444937,0.540222,0.502255,0.605178,0.669452,0.487431,0.577546,0.555500,0.463532,0.796931,0.614813,0.465174,0.685217,0.750476,0.653138,0.672747,0.553523,0.674846,0.630344,0.752416,0.605836,0.649790,0.583092,0.556949,0.196993,0.476526,0.663177,0.574998,0.586452,0.587208,0.643345,0.645166,0.468600,0.578895,0.622681,0.532470,0.539555,0.698573,0.575007,0.688681,0.715843,0.458080,0.665948,0.511613,0.685916,0.594755,0.599132,0.597554,0.771608,0.672035,0.527627,0.574928,0.671898,0.577969,0.718261,0.594244,0.616851,0.397469,0.649499,0.652301,0.704903,0.541311,0.664650,0.575678,0.623177,0.628402,0.551617,0.587792,0.734741,0.686870,0.603933,0.626007,0.624577,0.402638,0.648390,0.679333,0.686932,0.645357,0.676233,0.728989,0.749893,0.734886,0.746862,0.677740,0.700013,0.705978,0.590668,0.761358,0.707597,0.604485,0.733676,0.613897,0.630369,0.676829,0.665226,0.785454,0.600408,0.628922,0.543119,0.617417,0.669288,0.705668,0.638118,0.691242,0.425399,0.716919,0.728466,0.655070,0.620448,0.702920,0.634151,0.584507,0.609273,0.779288,0.607772,0.588546,0.626617,0.523858,0.636744,0.709582,0.627240,0.635808,0.710438,0.715697,0.597415,0.645043,0.762389,0.640713,0.749532,0.705841,0.684992,0.624069,0.694130,0.618407,0.615805,0.754437,0.748095,0.611353,0.391245,0.531376,0.631523,0.558624,0.673230,0.663634,0.611039,0.685257,0.710328,0.582185,0.670961,0.640706,0.799751,0.660449,0.550619,0.643985,0.803865,0.526188,0.584358,0.740863,0.766482,0.676287,0.667811,0.689058,0.661757,0.660335,0.661436,0.565535,0.560351,0.659483,0.694202,0.728356,0.632942,0.490517,0.650990,0.622355,0.663903,0.667702,0.615596,0.575161,0.677119,0.354410,0.587728,0.537593,0.525401,0.816190,0.733171,0.634142,0.725698,0.750969,0.566893,0.557720,0.359508,0.542625,0.545138,0.664806,0.734431,0.555088,0.716903,0.674687,0.611259,0.713891,0.747038,0.603618,0.611710,0.489747,0.790518,0.506235,0.682738,0.704496,0.740407,0.680527,0.619227,0.654477,0.763359,0.614335,0.536501,0.754647,0.642735,0.703932,0.556374,0.706458,0.612536,0.666133,0.650374,0.550987,0.748802,0.532445,0.616347,0.705499,0.663811,0.755298,0.754824,0.361279,0.498084,0.615476,0.597476,0.769195,0.772999,0.665737,0.625874,0.687224,0.709214,0.724615,0.754683,0.597609,0.674838,0.637172,0.664922,0.752559,0.669535,0.496029,0.672247,0.474579,0.614168,0.453066,0.702638,0.722342,0.689468,0.739763,0.684278,0.641958,0.768209,0.631656,0.554753,0.737591,0.624447,0.679623,0.511640,0.589019,0.628182,0.522165,0.594479,0.657729,0.590334,0.563919,0.596438,0.672717,0.254230,0.536896,0.764215,0.524368,0.710078,0.675088,0.574297,0.577838,0.624217,0.515082,0.661974,0.612486,0.427710,0.689830,0.758120,0.450328,0.705239,0.661406,0.562358,0.641134,0.737625,0.738689,0.681450,0.739892,0.747521,0.617145,0.624429,0.743996,0.699337,0.612762,0.749504,0.658456,0.743885,0.525361,0.704774,0.602959,0.783107,0.728789,0.681222,0.730087,0.733640,0.637663,0.716904,0.672731,0.630242,0.553275,0.788376,0.686002,0.760521,0.831987,0.770904,0.577290,0.677803,0.767697,0.620055,0.505833,0.495171,0.634539,0.645003,0.624369,0.664428,0.703734,0.692013,0.790645,0.774446,0.675647,0.696867,0.636891,0.634398,0.650873,0.554465,0.742125,0.686633,0.799206,0.624711,0.693242,0.599854,0.734466,0.704673,0.741643,0.739825,0.638721,0.528694,0.576706,0.787211,0.454343,0.574964,0.713394,0.632042,0.753958,0.504298,0.770705,0.689925
0.466953,0.382713,0.282548,0.502787,0.295948,0.346052,0.490456,0.357575,0.575931,0.329982,0.538460,0.385215,0.557430,0.345551,0.559130,0.397298,0.316750,0.442447,0.356804,0.679320,0.480040,0.393254,0.460504,0.371586,0.360845,0.317118,0.498526,0.380208,0.331319,0.416164,0.696542,0.390242,0.632441,0.613847,0.378062,0.521758,0.471385,0.435555,0.505640,0.000000,0.336013,0.664708,0.693527,0.632467,0.652183,0.640126,0.371393,0.417674,0.433010,0.489001,0.478019,0.659811,0.642095,0.709527,0.298030,0.603889,0.355437,0.362989,0.531237,0.511714,0.586022,0.455122,0.674850,0.594698,0.356085,0.356513,0.348865,0.499810,0.589223,0.626460,0.642958,0.563022,0.507098,0.323574,0.709332,0.650815,0.355694,0.404349,0.297025,0.557912,0.690515,0.275130,0.518214,0.673523,0.352121,0.527024,0.279621,0.308080,0.676207,0.547822,0.565024,0.358963,0.260128,0.400364,0.674819,0.544752,0.719131,0.592105,0.559470,0.515265,0.355377,0.662334,0.275428,0.413915,0.650175,0.282089,0.684466,0.300898,0.439209,0.543764,0.706018,0.409368,0.452908,0.370238,0.421585,0.444926,0.742945,0.645069,0.388234,0.357385,0.402311,0.385379,0.334577,0.639532,0.406972,0.415255,0.357911,0.526032,0.616872,0.410626,0.380711,0.500431,0.535320,0.349808,0.604572,0.291990,0.605412,0.593676,0.614865,0.464151,0.633417,0.649007,0.313693,0.562412,0.461590,0.667811,0.401572,0.610500,0.708300,0.723103,0.341207,0.656502,0.381586,0.402590,0.491834,0.434543,0.437584,0.733011,0.462841,0.548158,0.714328,0.392507,0.497155,0.357395,0.527963,0.608504,0.368369,0.692556,0.373637,0.535443,0.615828,0.502181,0.754961,0.515535,0.621781,0.436560,0.760642,0.552285,0.471769,0.616211,0.553865,0.710276,0.479483,0.455511,0.417471,0.702553,0.594331,0.484788,0.782019,0.626373,0.456923,0.325530,0.760789,0.746988,0.503790,0.344864,0.407008,0.465919,0.746827,0.527269,0.686095,0.710178,0.682398,0.346482,0.743289,0.496726,0.680558,0.497271,0.629462,0.690826,0.718049,0.496720,0.592916,0.604440,0.491558,0.373511,0.560443,0.719084,0.449978,0.657183,0.788836,0.517847,0.615898,0.434755,0.385179,0.374178,0.334023,0.778299,0.529617,0.557519,0.674049,0.645816,0.366650,0.513166,0.553069,0.447243,0.601600,0.624746,0.544529,0.463694,0.324208,0.501089,0.594158,0.543960,0.476257,0.745703,0.671909,0.416105,0.615035,0.433010,0.502287,0.591329,0.554808,0.513182,0.709843,0.438711,0.672280,0.651349,0.490475,0.667801,0.741154,0.699200,0.465507,0.367710,0.705060,0.363772,0.340630,0.486007,0.743953,0.407532,0.472058,0.381913,0.506338,0.645754,0.656724,0.465280,0.589676,0.439593,0.439942,0.318322,0.717909,0.548057,0.723599,0.358155,0.541196,0.434422,0.769154,0.431544,0.455296,0.718164,0.722960,0.612950,0.726978,0.492104,0.576077,0.468967,0.672359,0.687973,0.521623,0.467411,0.529816,0.619447,0.596078,0.491737,0.464466,0.715813,0.593735,0.515156,0.433864,0.670747,0.428192,0.469207,0.470525,0.471932,0.689910,0.643272,0.590789,0.334959,0.445383,0.698245,0.475951,0.723194,0.617940,0.423552,0.661173,0.726799,0.633089,0.422996,0.742694,0.608010,0.668517,0.699263,0.721376,0.335364,0.631895,0.525863,0.720858,0.368979,0.781698,0.495802,0.490895,0.745824,0.612587,0.632302,0.729331,0.715784,0.335083,0.727613,0.411271,0.770813,0.721847,0.715189,0.660943,0.545845,0.614364,0.694095,0.732368,0.402496,0.557590,0.694149,0.648993,0.527062,0.598918,0.437963,0.601371,0.402572,0.699747,0.770376,0.694919,0.675864,0.577126,0.734198,0.461633,0.448726,0.741964,0.610016,0.642488,0.394000,0.417541,0.655924,0.337183,0.484695,0.721057,0.484643,0.542145,0.599166,0.458517,0.677170,0.701650,0.442889,0.633759,0.493650,0.775349,0.336162,0.613423,0.660142,0.402868,0.583339,0.579289,0.479069,0.686798,0.576426,0.409036,0.611974,0.404578,0.688988,0.581271,0.422196,0.563304,0.705142,0.714752,0.678710,0.758061,0.462445,0.466383,0.648883,0.623678,0.505467,0.703399,0.748002,0.655756,0.699014,0.799594,0.660189,0.404566,0.424797,0.737114,0.651767,0.423559,0.790352,0.695859,0.648109,0.795138,0.564536,0.447745,0.726196,0.679615,0.492968,0.624806,0.728242,0.657431,0.678042,0.571753,0.555762,0.707016,0.707678,0.632996,0.552849,0.496953,0.734283,0.471187,0.675128,0.618535,0.571045,0.696329,0.622831,0.516712,0.817434,0.814334,0.743689,0.661785,0.482973,0.550094,0.695604,0.778315,0.601866,0.725352,0.627343,0.726174,0.433890,0.587714,0.716660,0.813526,0.669407,0.492169,0.785177,0.591192,0.615009,0.619231,0.667537,0.659011,0.782044,0.570650,0.630773,0.441363,0.541558,0.492257,0.501520,0.768857,0.646152,0.730671,0.662909,0.719038,0.515142,0.683926,0.502332,0.754897,0.499091,0.524644,0.801712,0.634386
0.469810,0.380504,0.327572,0.462216,0.300444,0.444911,0.555332,0.331069,0.566624,0.410585,0.573504,0.474683,0.466822,0.439814,0.420649,0.333554,0.237188,0.551903,0.252548,0.612703,0.444177,0.413500,0.439887,0.393389,0.400640,0.468734,0.357443,0.291619,0.224491,0.315259,0.718234,0.412613,0.560273,0.533319,0.282738,0.600224,0.480704,0.381402,0.615010,0.336013,0.000000,0.678595,0.558733,0.627339,0.678367,0.505819,0.397714,0.181995,0.285224,0.582004,0.447110,0.692284,0.516706,0.642839,0.397235,0.366673,0.256942,0.310874,0.543657,0.555931,0.439716,0.432782,0.554303,0.636394,0.418461,0.315626,0.269235,0.412573,0.500378,0.701285,0.611789,0.456570,0.608973,0.450208,0.532618,0.660476,0.439765,0.334243,0.321600,0.610716,0.772861,0.452114,0.385957,0.625565,0.323754,0.657164,0.456417,0.289595,0.519732,0.577215,0.602304,0.328343,0.378434,0.332229,0.573297,0.656425,0.665614,0.441884,0.476435,0.532152,0.369081,0.517300,0.326622,0.378384,0.536793,0.372488,0.614011,0.373243,0.312197,0.616321,0.749995,0.221086,0.527404,0.454954,0.299064,0.364895,0.712450,0.576130,0.502183,0.384556,0.373222,0.420540,0.244629,0.523819,0.402129,0.449789,0.423671,0.438532,0.533162,0.445760,0.283239,0.627093,0.578898,0.298671,0.538481,0.273814,0.436111,0.606801,0.637614,0.429851,0.664761,0.582933,0.330236,0.579140,0.471716,0.555430,0.466813,0.439506,0.749476,0.559217,0.244524,0.491219,0.266371,0.275455,0.470894,0.415269,0.489532,0.734452,0.422892,0.585258,0.728116,0.472384,0.413996,0.261731,0.554363,0.526472,0.288204,0.622927,0.305708,0.394613,0.586347,0.283774,0.676939,0.612296,0.504215,0.510072,0.709671,0.471025,0.401728,0.641670,0.597604,0.560243,0.591533,0.429554,0.315822,0.682898,0.430753,0.577856,0.810216,0.634735,0.333242,0.371245,0.585971,0.716856,0.542134,0.273986,0.323782,0.357738,0.789051,0.498877,0.611729,0.622903,0.630006,0.255465,0.747184,0.561910,0.662400,0.422452,0.466590,0.643545,0.636167,0.410688,0.466951,0.504478,0.657461,0.312081,0.420354,0.777017,0.497341,0.548217,0.635120,0.503809,0.449810,0.414147,0.422500,0.363202,0.313538,0.720253,0.405108,0.564461,0.700341,0.557661,0.302971,0.445750,0.434465,0.388155,0.629796,0.535723,0.644041,0.395419,0.229302,0.318595,0.689691,0.461082,0.438141,0.584002,0.661908,0.269828,0.685907,0.456720,0.418501,0.465845,0.597918,0.536401,0.510447,0.311736,0.686739,0.614445,0.446812,0.642367,0.706432,0.618489,0.421090,0.442714,0.693461,0.332366,0.398575,0.524136,0.519096,0.463681,0.581854,0.357133,0.464281,0.651996,0.665028,0.420868,0.620692,0.377470,0.367646,0.302996,0.590818,0.575708,0.524805,0.284616,0.484767,0.430799,0.643383,0.457615,0.357723,0.541582,0.695360,0.662858,0.658836,0.536773,0.602282,0.396028,0.538661,0.676583,0.415259,0.412259,0.411736,0.506243,0.417962,0.493651,0.601495,0.600833,0.507038,0.504406,0.413814,0.663528,0.302508,0.545493,0.317980,0.553900,0.684686,0.570365,0.469361,0.397400,0.275570,0.567194,0.506930,0.734159,0.709727,0.484435,0.683769,0.754860,0.442246,0.382718,0.742334,0.441215,0.674950,0.621442,0.670252,0.342622,0.629778,0.584771,0.645803,0.439528,0.775079,0.458467,0.344389,0.835760,0.632451,0.537301,0.703694,0.660859,0.450544,0.661090,0.379789,0.730980,0.752200,0.712878,0.655763,0.577283,0.499542,0.712810,0.693153,0.455963,0.516220,0.695279,0.713224,0.355603,0.561093,0.520334,0.684763,0.298601,0.654445,0.609383,0.689806,0.578956,0.573534,0.709915,0.430094,0.350868,0.795623,0.568763,0.572050,0.313574,0.412513,0.634562,0.273107,0.540024,0.727210,0.514422,0.486485,0.636735,0.467102,0.514362,0.670198,0.374856,0.589278,0.504908,0.695507,0.354858,0.663962,0.421401,0.418451,0.596803,0.554494,0.388546,0.732210,0.626969,0.430440,0.414129,0.387081,0.770467,0.647204,0.376054,0.739529,0.692389,0.606703,0.748003,0.722529,0.387785,0.557586,0.625565,0.553619,0.521022,0.670126,0.789607,0.774007,0.640736,0.775679,0.684096,0.329637,0.324525,0.696289,0.556729,0.256678,0.723463,0.679045,0.510410,0.750334,0.701696,0.460614,0.619772,0.655862,0.652334,0.548261,0.680891,0.550841,0.753103,0.651164,0.547292,0.522446,0.674575,0.405356,0.541179,0.335695,0.597590,0.467461,0.744038,0.678443,0.594988,0.559891,0.512614,0.517991,0.778614,0.625957,0.737412,0.636876,0.357892,0.558692,0.714091,0.827534,0.639833,0.789069,0.681635,0.642770,0.296271,0.506638,0.727289,0.639570,0.536369,0.460837,0.815686,0.615084,0.537582,0.681698,0.437691,0.620418,0.665752,0.514757,0.478015,0.414369,0.428559,0.343393,0.447635,0.588216,0.534606,0.729922,0.637210,0.487205,0.567401,0.726441,0.375847,0.623037,0.404361,0.517240,0.600890,0.465569
0.470567,0.569322,0.642809,0.657430,0.649440,0.616898,0.495970,0.644594,0.624660,0.608169,0.527480,0.678302,0.543272,0.598633,0.539262,0.640340,0.598738,0.632097,0.564885,0.708769,0.615635,0.572564,0.613350,0.610663,0.587027,0.658012,0.655063,0.570013,0.667753,0.579040,0.367195,0.667899,0.422100,0.504966,0.631345,0.606317,0.664811,0.598408,0.572157,0.664708,0.678595,0.000000,0.528779,0.645126,0.707630,0.769519,0.688891,0.717427,0.618234,0.543796,0.677368,0.408372,0.567921,0.443160,0.630033,0.707483,0.642322,0.632382,0.692719,0.627359,0.491493,0.689960,0.429380,0.555857,0.611442,0.582212,0.710009,0.486496,0.583623,0.555161,0.602341,0.533853,0.595305,0.709518,0.607057,0.560899,0.580336,0.629746,0.676921,0.575470,0.662696,0.668899,0.649923,0.417322,0.718560,0.637854,0.734675,0.692741,0.680650,0.534846,0.555921,0.653890,0.733496,0.617555,0.601916,0.605611,0.504023,0.533093,0.701957,0.660790,0.653583,0.714727,0.628856,0.674877,0.578008,0.663200,0.421364,0.642264,0.676139,0.599949,0.486886,0.736381,0.632251,0.650057,0.645684,0.697265,0.475064,0.729625,0.597892,0.602694,0.644236,0.772830,0.733150,0.741575,0.655444,0.617569,0.723252,0.500209,0.567601,0.633091,0.663096,0.629231,0.597347,0.650461,0.670768,0.697447,0.612738,0.468786,0.602858,0.615879,0.674760,0.524656,0.670218,0.598571,0.765011,0.536501,0.658694,0.674006,0.584917,0.771760,0.689626,0.602874,0.711384,0.752899,0.644972,0.699570,0.562860,0.668906,0.705016,0.625229,0.751560,0.624603,0.744463,0.701632,0.701286,0.526594,0.701572,0.712359,0.658502,0.729111,0.683348,0.668336,0.432094,0.635544,0.567065,0.579734,0.580710,0.656583,0.681178,0.697492,0.724216,0.717183,0.623609,0.661548,0.779530,0.460185,0.580436,0.673871,0.635241,0.684894,0.712827,0.691277,0.657595,0.692393,0.696881,0.629019,0.679589,0.633092,0.579758,0.687944,0.454700,0.464268,0.619089,0.700920,0.459772,0.464616,0.738748,0.658302,0.681239,0.569998,0.461997,0.744547,0.582094,0.670197,0.796737,0.761195,0.719566,0.535366,0.691540,0.543112,0.672043,0.724950,0.589769,0.690706,0.756957,0.750262,0.710218,0.513048,0.671219,0.761323,0.684127,0.579247,0.756992,0.709446,0.705170,0.683268,0.566475,0.777229,0.790960,0.722858,0.687321,0.740722,0.741142,0.635559,0.691464,0.586106,0.163715,0.694012,0.677423,0.630527,0.704919,0.727743,0.690019,0.691396,0.605862,0.786630,0.683896,0.666899,0.786782,0.761540,0.389367,0.676506,0.715479,0.728799,0.587653,0.698695,0.617538,0.767302,0.747809,0.783659,0.481097,0.678874,0.769248,0.754110,0.785960,0.763603,0.489950,0.706723,0.771297,0.665365,0.654566,0.751173,0.840330,0.745166,0.711566,0.706644,0.586843,0.612031,0.655014,0.621530,0.517128,0.744145,0.721710,0.805049,0.645540,0.764669,0.655766,0.723793,0.708362,0.744513,0.736648,0.736698,0.665358,0.735290,0.785369,0.625842,0.630000,0.726595,0.751984,0.763291,0.720462,0.608069,0.668796,0.668909,0.707375,0.614329,0.658747,0.714311,0.689107,0.640824,0.722982,0.719944,0.471341,0.632341,0.681466,0.474921,0.680385,0.689943,0.609912,0.601205,0.785736,0.636381,0.558871,0.646075,0.564565,0.594608,0.495363,0.657993,0.712438,0.833467,0.759889,0.473222,0.725225,0.623760,0.476528,0.715283,0.697175,0.399458,0.730762,0.806527,0.735754,0.452518,0.801672,0.666444,0.602886,0.709901,0.821754,0.595885,0.712594,0.744616,0.703265,0.702454,0.726250,0.576639,0.626025,0.730643,0.785876,0.470613,0.534003,0.555406,0.626411,0.465912,0.782793,0.756978,0.556923,0.737059,0.714061,0.712748,0.768379,0.573654,0.714210,0.632655,0.655326,0.673188,0.683481,0.719741,0.799293,0.613016,0.756717,0.709247,0.841135,0.677757,0.628663,0.700840,0.619402,0.693880,0.690089,0.669360,0.594438,0.637303,0.635074,0.644756,0.707424,0.718797,0.759445,0.535805,0.726744,0.747122,0.620479,0.650761,0.610584,0.697556,0.602772,0.725922,0.607179,0.648763,0.712329,0.618529,0.592315,0.775611,0.488713,0.717280,0.759196,0.599461,0.783055,0.685262,0.697740,0.695567,0.817876,0.485426,0.788349,0.677781,0.619328,0.703549,0.734796,0.559383,0.747005,0.733853,0.635748,0.668328,0.707437,0.702515,0.783482,0.621875,0.770409,0.760753,0.758240,0.706507,0.717106,0.692696,0.739316,0.640884,0.598188,0.577050,0.738723,0.705568,0.751103,0.487518,0.724079,0.687248,0.738733,0.795044,0.705482,0.741904,0.572803,0.711983,0.739753,0.731327,0.645002,0.726150,0.691665,0.593353,0.698543,0.793693,0.742444,0.620364,0.750796,0.775035,0.638364,0.750841,0.737459,0.568537,0.670283,0.713104,0.670455,0.841928,0.752553,0.827285,0.758082,0.792823,0.712167,0.716708,0.725909,0.611418,0.735380,0.703509,0.704295,0.771159,0.737212,0.638572,0.777139
0.472021,0.598376,0.653291,0.685369,0.649609,0.706582,0.664246,0.617902,0.718985,0.710611,0.668208,0.707586,0.532961,0.693398,0.524615,0.582972,0.523277,0.643377,0.550086,0.709310,0.615627,0.519720,0.661791,0.647806,0.660339,0.738463,0.655111,0.521426,0.566884,0.550977,0.509360,0.671871,0.394917,0.541042,0.518133,0.688902,0.693232,0.612207,0.676652,0.693527,0.558733,0.528779,0.000000,0.728138,0.744625,0.712625,0.660232,0.658685,0.553438,0.753935,0.682553,0.528071,0.525038,0.423554,0.696846,0.613026,0.619673,0.614287,0.746788,0.763443,0.527034,0.696246,0.468802,0.585803,0.700918,0.576749,0.639277,0.529556,0.589281,0.570611,0.700949,0.576886,0.728596,0.710940,0.627803,0.564860,0.729207,0.603071,0.702948,0.737750,0.765635,0.752740,0.623814,0.432119,0.594828,0.718133,0.757673,0.650103,0.562857,0.691496,0.695931,0.630265,0.730680,0.619048,0.652029,0.708875,0.607208,0.573453,0.695321,0.710083,0.651610,0.645051,0.643626,0.667005,0.642333,0.691001,0.433447,0.669877,0.589037,0.711080,0.522266,0.615166,0.743633,0.747958,0.590933,0.612844,0.496649,0.751184,0.685333,0.646325,0.724287,0.693917,0.594873,0.745380,0.640918,0.656243,0.760006,0.537099,0.651822,0.665935,0.578580,0.721643,0.687509,0.672057,0.743531,0.644809,0.605708,0.672942,0.584736,0.588271,0.709358,0.562086,0.658569,0.618379,0.748937,0.530533,0.683193,0.608656,0.657674,0.718516,0.609113,0.603620,0.529687,0.606608,0.708886,0.755307,0.637468,0.707974,0.644454,0.712274,0.674374,0.722948,0.721592,0.635856,0.749748,0.541904,0.640064,0.763141,0.637176,0.678319,0.701725,0.561477,0.472028,0.708602,0.612094,0.698434,0.532492,0.659930,0.631518,0.683319,0.750615,0.673679,0.697295,0.724169,0.672421,0.512583,0.559538,0.768789,0.646046,0.825534,0.542217,0.730552,0.670710,0.756243,0.736790,0.637628,0.548404,0.620349,0.720147,0.747664,0.490096,0.480709,0.686043,0.626028,0.564278,0.669108,0.698795,0.656502,0.703301,0.609581,0.480750,0.656012,0.565801,0.719669,0.801251,0.675266,0.688749,0.524638,0.756470,0.536025,0.634265,0.690294,0.594837,0.616200,0.774370,0.720964,0.676038,0.566613,0.546778,0.733605,0.685911,0.698566,0.679140,0.768672,0.737477,0.653623,0.687510,0.738912,0.837820,0.725644,0.571751,0.672906,0.746150,0.621291,0.679833,0.614945,0.544670,0.575555,0.784875,0.617066,0.703056,0.670892,0.751035,0.774715,0.583583,0.650156,0.657436,0.714775,0.756580,0.785659,0.508203,0.589493,0.722099,0.739665,0.644611,0.670482,0.664018,0.740326,0.644223,0.806030,0.637183,0.709521,0.701115,0.797075,0.694257,0.745122,0.669329,0.615967,0.743985,0.646567,0.686763,0.840238,0.771701,0.635626,0.734738,0.625072,0.611283,0.645431,0.544367,0.633864,0.558575,0.718656,0.648733,0.828801,0.720821,0.643831,0.640895,0.707564,0.669920,0.705975,0.634722,0.755876,0.573223,0.690240,0.833999,0.663015,0.651987,0.789032,0.700327,0.746530,0.581308,0.660598,0.550452,0.737079,0.712439,0.575225,0.665166,0.766213,0.605729,0.525336,0.731695,0.722044,0.672416,0.683481,0.694471,0.600819,0.637685,0.615014,0.533331,0.631354,0.729948,0.664225,0.651726,0.612594,0.564276,0.755376,0.540094,0.700676,0.646783,0.725368,0.662606,0.578722,0.758065,0.672145,0.528414,0.751240,0.702659,0.458797,0.638553,0.745447,0.784905,0.546084,0.760003,0.719079,0.588247,0.750861,0.757207,0.651808,0.757416,0.690814,0.794524,0.612243,0.762360,0.728957,0.743103,0.526048,0.776206,0.473262,0.570498,0.634122,0.680969,0.606528,0.720843,0.680501,0.617450,0.799562,0.781571,0.666872,0.759081,0.599189,0.647713,0.655874,0.677164,0.716674,0.752324,0.750725,0.781167,0.682862,0.762609,0.702223,0.768005,0.689588,0.669031,0.687425,0.706212,0.621800,0.713617,0.736799,0.635943,0.553062,0.770545,0.692852,0.707765,0.655868,0.670439,0.721469,0.772758,0.688760,0.737124,0.756595,0.642784,0.778308,0.674451,0.710704,0.769828,0.750213,0.760711,0.685835,0.728878,0.791158,0.719115,0.725429,0.753963,0.731498,0.710102,0.572292,0.733767,0.677383,0.688956,0.582132,0.759032,0.628662,0.662196,0.793803,0.683931,0.320772,0.719387,0.824622,0.664142,0.683016,0.729774,0.761687,0.805705,0.678840,0.760498,0.826852,0.781603,0.836484,0.603825,0.731229,0.748599,0.780682,0.722832,0.596591,0.709821,0.698148,0.723380,0.559938,0.716809,0.744272,0.758678,0.699365,0.775556,0.754976,0.652572,0.688315,0.815728,0.790427,0.660307,0.626526,0.706676,0.613732,0.663804,0.747954,0.671872,0.705256,0.788784,0.776900,0.773326,0.654355,0.813554,0.523198,0.754578,0.667367,0.733971,0.759170,0.650712,0.802844,0.713885,0.744351,0.712931,0.729238,0.689754,0.685410,0.824961,0.622415,0.737999,0.725856,0.711054,0.615867,0.686669
0.472399,0.576851,0.480144,0.570514,0.565605,0.608562,0.530526,0.604249,0.501708,0.619561,0.546925,0.575403,0.660859,0.583716,0.621771,0.578585,0.652807,0.626427,0.595622,0.565688,0.546844,0.674292,0.560151,0.688385,0.536119,0.569051,0.630378,0.668433,0.596600,0.600549,0.654196,0.565314,0.690598,0.710859,0.636413,0.628321,0.615230,0.678030,0.655663,0.632467,0.627339,0.645126,0.728138,0.000000,0.605779,0.595055,0.589920,0.628899,0.594157,0.695188,0.620175,0.701678,0.739059,0.790599,0.594287,0.659961,0.630768,0.640973,0.566791,0.549133,0.704000,0.538823,0.710874,0.671279,0.616067,0.630008,0.566772,0.682061,0.709456,0.605400,0.587112,0.715787,0.631627,0.677468,0.687766,0.714850,0.583884,0.629752,0.666949,0.593605,0.667858,0.660588,0.636367,0.796774,0.600169,0.704677,0.664766,0.608707,0.682697,0.653037,0.587944,0.677269,0.678802,0.565866,0.769965,0.684250,0.693480,0.686733,0.653716,0.653229,0.570969,0.610349,0.663052,0.697006,0.630350,0.649220,0.722080,0.672746,0.598645,0.631710,0.776619,0.618446,0.651963,0.699758,0.647407,0.590473,0.818962,0.703335,0.696223,0.600737,0.609579,0.558611,0.630528,0.659710,0.681490,0.670233,0.532983,0.695612,0.661976,0.687617,0.618544,0.619557,0.575346,0.674253,0.627214,0.605726,0.698142,0.696594,0.741283,0.682122,0.612887,0.756511,0.671599,0.730694,0.560877,0.744340,0.585570,0.661420,0.750330,0.595160,0.667801,0.698638,0.671049,0.593884,0.540380,0.666081,0.727707,0.676947,0.592215,0.675964,0.539970,0.627934,0.674716,0.658740,0.660702,0.719043,0.592766,0.633281,0.688019,0.723241,0.696243,0.670121,0.758352,0.679472,0.632803,0.691432,0.737970,0.635221,0.659234,0.718257,0.643573,0.673495,0.680497,0.666647,0.633334,0.756221,0.746302,0.682867,0.665388,0.652422,0.682104,0.679388,0.656679,0.606799,0.664648,0.618554,0.691061,0.668125,0.546370,0.561780,0.786470,0.791077,0.665027,0.683750,0.754028,0.658444,0.536204,0.671118,0.655897,0.556193,0.793821,0.686490,0.747808,0.668045,0.706215,0.660777,0.577560,0.830123,0.669070,0.737451,0.653329,0.671083,0.693839,0.678714,0.659593,0.619696,0.660411,0.749563,0.682754,0.657795,0.681979,0.605610,0.631443,0.645496,0.599888,0.682981,0.683518,0.759664,0.715872,0.633158,0.693269,0.615689,0.678666,0.782561,0.604538,0.665250,0.747764,0.657904,0.625811,0.641114,0.613028,0.615520,0.652498,0.621692,0.691530,0.590579,0.609172,0.703684,0.673066,0.667578,0.757697,0.761116,0.684025,0.711418,0.649038,0.677248,0.670848,0.705690,0.657109,0.686811,0.724871,0.699452,0.665167,0.704822,0.663276,0.643636,0.670447,0.676770,0.681589,0.658352,0.614353,0.715409,0.690318,0.688947,0.777097,0.680084,0.663440,0.795419,0.692404,0.693061,0.750827,0.711799,0.752161,0.676591,0.643743,0.694751,0.642565,0.618071,0.615967,0.623472,0.683052,0.638136,0.685611,0.720313,0.640833,0.582853,0.746159,0.555585,0.617600,0.669077,0.625033,0.753940,0.653946,0.554586,0.641506,0.721511,0.652356,0.663553,0.602897,0.777272,0.619194,0.652520,0.734574,0.580081,0.700291,0.752219,0.682557,0.665481,0.741104,0.646801,0.676726,0.640531,0.657234,0.678955,0.693823,0.626135,0.795312,0.716208,0.551909,0.607581,0.542177,0.752099,0.618500,0.732770,0.738656,0.735908,0.757312,0.719114,0.571798,0.694836,0.694143,0.694848,0.642397,0.746018,0.671701,0.675322,0.758762,0.743125,0.614747,0.728625,0.694345,0.706782,0.656361,0.783660,0.704134,0.698963,0.612734,0.803135,0.782316,0.618347,0.573333,0.632947,0.681400,0.607910,0.736087,0.760397,0.713395,0.641862,0.688390,0.732173,0.674119,0.632702,0.581320,0.718286,0.647740,0.669640,0.732816,0.669531,0.556347,0.628356,0.640071,0.712681,0.758952,0.715587,0.637585,0.801960,0.584478,0.732677,0.725799,0.681758,0.656092,0.725211,0.583642,0.738793,0.719989,0.652181,0.747944,0.632843,0.752349,0.603243,0.740790,0.638314,0.584627,0.673382,0.676153,0.658934,0.616959,0.654505,0.692379,0.629337,0.716001,0.620997,0.495805,0.643458,0.643824,0.669843,0.682358,0.635528,0.690280,0.708193,0.724433,0.628190,0.694880,0.655810,0.707061,0.829676,0.746775,0.645157,0.744646,0.643974,0.637433,0.597814,0.651306,0.673675,0.696154,0.592672,0.631410,0.647821,0.723132,0.676201,0.672293,0.568930,0.677297,0.748445,0.682434,0.750294,0.590387,0.731518,0.680996,0.737036,0.713953,0.522808,0.625092,0.650071,0.641432,0.720105,0.640928,0.625321,0.648703,0.672417,0.612401,0.773938,0.670397,0.717068,0.708656,0.743152,0.635920,0.747944,0.684828,0.697862,0.630477,0.848186,0.791519,0.686848,0.648255,0.651770,0.675376,0.612237,0.623888,0.695585,0.741771,0.637340,0.629747,0.733295,0.673352,0.709878,0.537683,0.705800,0.655327,0.751421,0.632104
0.473085,0.566265,0.542992,0.584154,0.604453,0.407749,0.387417,0.608862,0.300524,0.498241,0.376563,0.538039,0.636271,0.538815,0.696567,0.654580,0.630596,0.571584,0.631918,0.501439,0.436663,0.735321,0.380381,0.593119,0.484665,0.584367,0.651958,0.791461,0.684692,0.700123,0.712468,0.601866,0.768450,0.678008,0.740438,0.291435,0.478088,0.586340,0.363221,0.652183,0.678367,0.707630,0.744625,0.605779,0.000000,0.619133,0.573429,0.620959,0.700190,0.441670,0.587624,0.689850,0.638909,0.816215,0.580117,0.655500,0.681383,0.640768,0.612140,0.478998,0.727750,0.657679,0.761746,0.571413,0.556180,0.666306,0.720813,0.765723,0.577071,0.594201,0.528648,0.727721,0.442651,0.577321,0.663273,0.570041,0.636542,0.637251,0.659812,0.497541,0.548931,0.639455,0.696354,0.815661,0.764968,0.397792,0.737796,0.735789,0.713436,0.520459,0.417273,0.663931,0.701706,0.640656,0.693101,0.410414,0.738916,0.746146,0.731010,0.246427,0.674914,0.559373,0.662252,0.665509,0.744520,0.652859,0.820365,0.649638,0.786634,0.416694,0.775702,0.727702,0.479616,0.476030,0.714750,0.711798,0.838940,0.502414,0.511007,0.595254,0.591030,0.750309,0.795010,0.623692,0.603027,0.772022,0.725261,0.608744,0.634021,0.590983,0.725148,0.528901,0.475057,0.628448,0.423659,0.741502,0.756844,0.583645,0.689697,0.610220,0.403053,0.815382,0.753403,0.468756,0.732395,0.775058,0.729333,0.680559,0.559719,0.627684,0.770716,0.768116,0.763732,0.740895,0.654054,0.619304,0.499946,0.453267,0.710412,0.619549,0.565264,0.640402,0.683261,0.751106,0.514652,0.657776,0.730558,0.446482,0.698379,0.744559,0.624334,0.759256,0.865795,0.607182,0.694504,0.618295,0.736567,0.640845,0.673375,0.679696,0.775501,0.618449,0.648760,0.617885,0.731790,0.769691,0.775706,0.574768,0.631197,0.390773,0.725422,0.770024,0.641682,0.476409,0.715390,0.673757,0.740520,0.706577,0.583321,0.630284,0.849951,0.754220,0.561064,0.746021,0.732139,0.544737,0.644220,0.755658,0.718484,0.704822,0.759070,0.763173,0.754719,0.745451,0.794524,0.802792,0.756121,0.782901,0.599129,0.830168,0.698079,0.694056,0.752785,0.735631,0.680882,0.684806,0.772173,0.780456,0.681123,0.586458,0.474848,0.599682,0.732343,0.748302,0.705272,0.740151,0.488695,0.713256,0.753621,0.714133,0.769502,0.716946,0.596730,0.630338,0.705065,0.760376,0.733792,0.745136,0.519174,0.754279,0.575404,0.619523,0.621350,0.722039,0.724409,0.786106,0.591030,0.619439,0.719895,0.561576,0.846119,0.716937,0.729337,0.594649,0.682254,0.692321,0.774189,0.796122,0.745442,0.685990,0.576289,0.664151,0.726536,0.574178,0.618913,0.723536,0.696093,0.724038,0.720410,0.751668,0.636881,0.705059,0.762080,0.764577,0.564428,0.760904,0.777773,0.700816,0.720274,0.761056,0.798139,0.642274,0.710997,0.678138,0.708529,0.773914,0.607947,0.513616,0.710500,0.749618,0.703023,0.592634,0.690972,0.596629,0.674055,0.557036,0.625812,0.686237,0.678794,0.549198,0.786553,0.446960,0.695715,0.622718,0.466755,0.848117,0.791764,0.754401,0.785976,0.774921,0.679282,0.511234,0.524485,0.647702,0.537676,0.752409,0.682496,0.750383,0.795486,0.683765,0.609966,0.704823,0.745222,0.747087,0.716767,0.588748,0.869103,0.638947,0.662830,0.801020,0.767143,0.766146,0.677715,0.700719,0.860517,0.626558,0.705506,0.886002,0.686212,0.606382,0.592558,0.803123,0.642542,0.702657,0.656520,0.558111,0.638040,0.664695,0.656651,0.630009,0.603982,0.776874,0.786068,0.568253,0.468132,0.743988,0.570259,0.849850,0.860806,0.655285,0.678228,0.742386,0.790869,0.775581,0.794502,0.517222,0.715876,0.784767,0.748146,0.814931,0.776984,0.689439,0.595155,0.558475,0.661164,0.444686,0.743616,0.757731,0.642343,0.813594,0.638118,0.695307,0.740908,0.786245,0.688108,0.780759,0.709417,0.670708,0.518857,0.701354,0.582268,0.508766,0.706526,0.679339,0.705197,0.564571,0.626702,0.748924,0.536218,0.537259,0.800624,0.514739,0.556196,0.753967,0.606553,0.565145,0.617633,0.631173,0.615652,0.571700,0.556051,0.584232,0.763018,0.415625,0.794337,0.734660,0.497201,0.632991,0.805162,0.783086,0.664688,0.761090,0.772538,0.627922,0.689697,0.841621,0.655631,0.618191,0.705958,0.619142,0.754903,0.529876,0.715872,0.647203,0.743966,0.680493,0.638109,0.668579,0.785756,0.707889,0.745996,0.683234,0.681411,0.696275,0.804491,0.651378,0.769718,0.853602,0.785334,0.519646,0.633937,0.810236,0.658832,0.548419,0.625497,0.726737,0.602008,0.661246,0.623329,0.764532,0.750758,0.834792,0.795681,0.689533,0.779666,0.683036,0.553061,0.666780,0.633420,0.738078,0.657302,0.823951,0.693354,0.664541,0.697028,0.738896,0.694007,0.806311,0.734999,0.694995,0.542303,0.619645,0.727473,0.650621,0.625404,0.788284,0.599607,0.761607,0.546240,0.806973,0.619911
0.473446,0.469258,0.574877,0.610151,0.542530,0.609781,0.667567,0.612625,0.583484,0.592281,0.672853,0.609300,0.523119,0.632982,0.490919,0.585906,0.519368,0.652496,0.491679,0.629028,0.488497,0.641294,0.535801,0.610533,0.594753,0.633932,0.481764,0.621707,0.519010,0.501730,0.717478,0.469431,0.692206,0.571580,0.530644,0.642793,0.543753,0.623808,0.688491,0.640126,0.505819,0.769519,0.712625,0.595055,0.619133,0.000000,0.648691,0.526033,0.515052,0.676288,0.662595,0.783682,0.604880,0.746542,0.592287,0.219343,0.517524,0.563146,0.555912,0.583750,0.621491,0.605168,0.710484,0.700310,0.657341,0.539218,0.618352,0.599571,0.596365,0.774800,0.618938,0.647177,0.698659,0.664530,0.601847,0.634987,0.664582,0.523741,0.632013,0.695805,0.782601,0.715470,0.609056,0.737508,0.540154,0.723706,0.708003,0.572963,0.563686,0.671796,0.673296,0.620229,0.667813,0.511808,0.595655,0.712822,0.684547,0.631575,0.663686,0.552747,0.526066,0.414449,0.614153,0.646146,0.607764,0.583835,0.725777,0.586532,0.554999,0.646037,0.773101,0.544048,0.695959,0.645475,0.641940,0.633027,0.785327,0.602867,0.678872,0.600627,0.651309,0.573442,0.551992,0.531126,0.621066,0.633093,0.680900,0.561291,0.591186,0.662085,0.622281,0.726678,0.706158,0.602600,0.534926,0.565528,0.582781,0.665753,0.736379,0.588927,0.658327,0.698742,0.674164,0.593616,0.705337,0.643657,0.702960,0.450512,0.694721,0.444051,0.605393,0.623690,0.615774,0.593373,0.651014,0.631578,0.681592,0.740821,0.480803,0.599269,0.695297,0.695130,0.575225,0.625885,0.663134,0.590195,0.525756,0.579414,0.571419,0.534372,0.576204,0.538056,0.749758,0.768186,0.592573,0.677802,0.715325,0.545968,0.566577,0.644685,0.596893,0.490473,0.756408,0.587167,0.562370,0.777943,0.631939,0.680100,0.758567,0.689832,0.582572,0.661642,0.569829,0.666707,0.591788,0.580769,0.674323,0.622832,0.831908,0.630789,0.719183,0.699849,0.665841,0.578096,0.739384,0.725637,0.692328,0.587385,0.484759,0.713362,0.726855,0.559716,0.555540,0.652173,0.697822,0.573615,0.562507,0.806908,0.686621,0.778134,0.577189,0.649575,0.612249,0.683936,0.638841,0.538215,0.633422,0.663376,0.653634,0.661032,0.716992,0.572235,0.609833,0.642131,0.608153,0.631780,0.717507,0.677995,0.631958,0.657433,0.610218,0.546966,0.688813,0.593680,0.640368,0.511105,0.784694,0.587652,0.694348,0.721496,0.619002,0.444320,0.659322,0.728560,0.610484,0.595551,0.651744,0.623927,0.601649,0.601890,0.739663,0.621174,0.690795,0.644310,0.698076,0.617640,0.696670,0.557821,0.445832,0.613703,0.720857,0.613636,0.658217,0.715949,0.602872,0.685319,0.669841,0.487767,0.514630,0.655743,0.625760,0.710499,0.245965,0.625524,0.575587,0.683261,0.537844,0.736402,0.611973,0.601983,0.719546,0.680942,0.580757,0.653459,0.682157,0.661527,0.521011,0.627941,0.666546,0.657499,0.481982,0.511674,0.555257,0.702252,0.693285,0.580806,0.584577,0.570771,0.616289,0.705522,0.617822,0.669452,0.582723,0.668309,0.627391,0.688417,0.654298,0.683075,0.591814,0.581614,0.580508,0.626131,0.822060,0.632616,0.701118,0.779704,0.479334,0.692122,0.795620,0.559903,0.673310,0.685147,0.646970,0.670451,0.693554,0.727406,0.813544,0.681272,0.757592,0.641652,0.606573,0.800014,0.634235,0.606842,0.754577,0.694347,0.724339,0.743256,0.599231,0.702323,0.751777,0.794950,0.710142,0.695574,0.665725,0.731471,0.625555,0.651500,0.635473,0.647828,0.711789,0.616167,0.633752,0.707876,0.701990,0.631073,0.602939,0.738746,0.807091,0.647753,0.624594,0.763500,0.644618,0.573522,0.770646,0.629460,0.749389,0.630788,0.687929,0.679668,0.599424,0.685052,0.666482,0.693723,0.695331,0.733573,0.653166,0.632055,0.614022,0.565612,0.697001,0.651509,0.753040,0.663446,0.726575,0.573539,0.632296,0.675183,0.675774,0.632643,0.735594,0.720791,0.621618,0.663090,0.701952,0.724168,0.769156,0.624145,0.821699,0.678797,0.619137,0.706543,0.649264,0.672935,0.709849,0.655851,0.606179,0.723061,0.683843,0.773915,0.746335,0.602789,0.788095,0.703711,0.670782,0.531785,0.700775,0.613487,0.561838,0.778588,0.689631,0.564256,0.705056,0.740685,0.586842,0.803404,0.686842,0.768999,0.684336,0.739288,0.557605,0.713883,0.583753,0.623958,0.599440,0.680878,0.662474,0.688660,0.604763,0.686100,0.669481,0.784528,0.801233,0.754317,0.519242,0.513968,0.603787,0.818619,0.574102,0.706430,0.593727,0.606840,0.655890,0.730658,0.824877,0.707459,0.773504,0.666664,0.572334,0.576029,0.591534,0.789352,0.582314,0.669146,0.609170,0.828370,0.670521,0.663859,0.712105,0.424848,0.702229,0.773292,0.679175,0.529999,0.635852,0.595557,0.541520,0.626167,0.581306,0.613380,0.702134,0.671290,0.496706,0.785263,0.764771,0.624517,0.572670,0.550084,0.568227,0.579449,0.431856
0.476089,0.436583,0.307083,0.463660,0.328535,0.432111,0.493264,0.386826,0.506999,0.398552,0.520936,0.428591,0.608161,0.490685,0.571201,0.399148,0.396142,0.473026,0.360301,0.599907,0.397368,0.456159,0.419935,0.458008,0.406947,0.443940,0.446091,0.454136,0.441615,0.519622,0.677816,0.437161,0.655946,0.636033,0.480674,0.533751,0.533821,0.369436,0.545015,0.371393,0.397714,0.688891,0.660232,0.589920,0.573429,0.648691,0.000000,0.479931,0.469976,0.551296,0.434515,0.714927,0.658317,0.712255,0.424158,0.588442,0.456810,0.408790,0.571307,0.507800,0.622006,0.505319,0.677545,0.546392,0.482218,0.417531,0.378859,0.625514,0.598243,0.576993,0.649410,0.643256,0.440656,0.371006,0.669996,0.654581,0.532960,0.430262,0.402198,0.501444,0.577518,0.388181,0.427497,0.719411,0.390039,0.531417,0.468630,0.428595,0.690170,0.534784,0.537907,0.417319,0.376009,0.382233,0.706652,0.583202,0.715639,0.665116,0.452606,0.475123,0.365512,0.582669,0.410733,0.399336,0.673821,0.363462,0.698201,0.386061,0.431573,0.563616,0.732821,0.401989,0.462463,0.449241,0.384867,0.473023,0.754142,0.512089,0.512336,0.411718,0.479942,0.453089,0.382763,0.653661,0.443554,0.486891,0.372577,0.553921,0.533845,0.481460,0.360340,0.459026,0.466271,0.417216,0.563731,0.401642,0.588399,0.662771,0.527969,0.510870,0.591152,0.716752,0.404648,0.532374,0.482237,0.696159,0.371751,0.601031,0.737978,0.653215,0.429178,0.672421,0.382344,0.375687,0.463711,0.461694,0.510507,0.666480,0.505388,0.579034,0.634915,0.476930,0.467157,0.433641,0.533304,0.639741,0.425961,0.665545,0.424528,0.552504,0.597058,0.483847,0.740889,0.566076,0.626720,0.487142,0.723052,0.467295,0.504954,0.654271,0.614998,0.611398,0.451606,0.441125,0.427140,0.758302,0.662076,0.529836,0.777367,0.580673,0.436201,0.438277,0.715821,0.663266,0.477937,0.377264,0.366826,0.456644,0.697623,0.537258,0.733447,0.675885,0.654186,0.410017,0.714340,0.595663,0.619696,0.532800,0.586167,0.613614,0.690311,0.603916,0.651643,0.624896,0.562257,0.435921,0.537538,0.756771,0.462954,0.623450,0.668476,0.577380,0.667843,0.352863,0.443856,0.431404,0.449361,0.777584,0.577197,0.547612,0.680157,0.628514,0.374457,0.566076,0.511045,0.482943,0.600346,0.612944,0.554094,0.380062,0.388450,0.498158,0.630800,0.567392,0.439351,0.697122,0.662635,0.396842,0.594533,0.418443,0.429533,0.601750,0.557881,0.563686,0.692827,0.435931,0.633991,0.594307,0.547478,0.619922,0.765410,0.717257,0.424853,0.407354,0.682260,0.354946,0.448686,0.546468,0.643005,0.386544,0.582821,0.412046,0.548381,0.626898,0.662153,0.406843,0.693728,0.467601,0.512524,0.332357,0.722375,0.606990,0.724096,0.450099,0.506853,0.408474,0.704729,0.493626,0.459787,0.719156,0.652006,0.656659,0.762861,0.485984,0.542829,0.419396,0.612141,0.613663,0.460875,0.516125,0.443889,0.603023,0.570922,0.462732,0.471236,0.645427,0.551096,0.487076,0.336554,0.656935,0.429403,0.530258,0.404355,0.573410,0.552536,0.672852,0.576732,0.422496,0.490016,0.721009,0.531240,0.686545,0.577175,0.519654,0.601851,0.771504,0.549189,0.379043,0.711414,0.566904,0.646966,0.681398,0.747685,0.385857,0.632347,0.497525,0.713134,0.413850,0.675726,0.542833,0.518637,0.741450,0.629054,0.682332,0.791165,0.648652,0.402271,0.765186,0.469411,0.652044,0.730552,0.729847,0.604134,0.515156,0.568256,0.605866,0.697972,0.438861,0.592644,0.656203,0.582223,0.525826,0.663951,0.510269,0.637813,0.389470,0.616952,0.725608,0.715582,0.683097,0.654695,0.688769,0.516157,0.430306,0.751391,0.593368,0.634042,0.403193,0.444271,0.682974,0.449666,0.451618,0.640862,0.420912,0.449550,0.541824,0.525730,0.662156,0.668465,0.457704,0.684792,0.482083,0.716635,0.409108,0.565337,0.680147,0.374330,0.555145,0.558763,0.482601,0.725504,0.522643,0.428054,0.535414,0.335896,0.651733,0.489531,0.369924,0.579881,0.619477,0.682325,0.714093,0.721822,0.399687,0.647815,0.634554,0.559309,0.510798,0.683630,0.692331,0.688788,0.548680,0.734768,0.636537,0.441919,0.447513,0.655328,0.547056,0.472284,0.821138,0.632564,0.638469,0.755425,0.605103,0.468408,0.721920,0.605295,0.573290,0.678784,0.647955,0.565876,0.719626,0.554895,0.616294,0.683477,0.669091,0.635299,0.590902,0.506296,0.644734,0.551845,0.696855,0.615046,0.494497,0.704852,0.592508,0.588343,0.814568,0.719944,0.677807,0.602315,0.513904,0.574426,0.637922,0.749019,0.595327,0.665504,0.594973,0.727151,0.436093,0.587720,0.740457,0.736708,0.621947,0.544884,0.741410,0.555875,0.665132,0.656945,0.629397,0.645966,0.765105,0.509430,0.552442,0.564802,0.489301,0.559217,0.541166,0.638950,0.556536,0.662419,0.573003,0.674109,0.493175,0.672036,0.494868,0.645613,0.577423,0.542083,0.730610,0.521020
0.476251,0.416722,0.360582,0.499419,0.302868,0.455659,0.560720,0.443625,0.514260,0.457301,0.581576,0.483606,0.577953,0.519564,0.555387,0.463174,0.368155,0.601548,0.359010,0.626987,0.442655,0.459326,0.414684,0.474340,0.419492,0.501150,0.442545,0.452131,0.374798,0.392771,0.726484,0.491240,0.670999,0.624698,0.369203,0.590996,0.490787,0.413271,0.619248,0.417674,0.181995,0.717427,0.658685,0.628899,0.620959,0.526033,0.479931,0.000000,0.428884,0.571693,0.515084,0.727520,0.630117,0.729924,0.449635,0.478959,0.367784,0.433717,0.591782,0.550702,0.554928,0.482206,0.669297,0.699715,0.422952,0.417094,0.375971,0.530872,0.497096,0.679144,0.630603,0.534611,0.594934,0.440214,0.583591,0.700991,0.527655,0.498417,0.386575,0.570694,0.701186,0.493279,0.520968,0.721460,0.400630,0.686684,0.497884,0.430607,0.622104,0.637071,0.619653,0.416093,0.401736,0.398644,0.675842,0.692064,0.757212,0.544154,0.560332,0.471774,0.451483,0.562688,0.412273,0.462548,0.650371,0.402326,0.683981,0.432164,0.384507,0.615706,0.816134,0.364310,0.537073,0.442933,0.386854,0.521383,0.788173,0.553235,0.542414,0.399094,0.448404,0.479933,0.369154,0.572676,0.465080,0.537672,0.490739,0.531492,0.586935,0.488552,0.408685,0.656262,0.593179,0.381970,0.488709,0.400085,0.562584,0.640491,0.722735,0.508112,0.649633,0.685605,0.452919,0.604476,0.555139,0.648700,0.554665,0.488660,0.759617,0.616713,0.369487,0.608324,0.447318,0.385127,0.521262,0.473781,0.505105,0.757054,0.525087,0.680087,0.686958,0.559258,0.468009,0.398334,0.560355,0.608388,0.426308,0.586624,0.432793,0.474151,0.580491,0.438552,0.767545,0.698975,0.599127,0.663653,0.800334,0.588575,0.487619,0.674768,0.559069,0.585143,0.660409,0.480421,0.372120,0.695002,0.532339,0.664512,0.785111,0.621947,0.484955,0.501384,0.657139,0.666230,0.625006,0.355496,0.490274,0.468112,0.798200,0.533366,0.691961,0.698586,0.656919,0.329560,0.778865,0.609290,0.661175,0.506428,0.591900,0.685862,0.738202,0.475642,0.578363,0.575375,0.650961,0.406820,0.487867,0.843602,0.513906,0.702435,0.709201,0.609243,0.552158,0.546749,0.468507,0.414476,0.433437,0.797524,0.565411,0.493570,0.676325,0.612862,0.378386,0.479742,0.518499,0.484653,0.675720,0.614711,0.603808,0.476470,0.407536,0.421577,0.625596,0.425685,0.483062,0.628992,0.653280,0.417491,0.611119,0.605389,0.420930,0.485215,0.662106,0.617831,0.654258,0.406080,0.683727,0.591553,0.435145,0.621696,0.769035,0.734416,0.495886,0.373591,0.744463,0.416346,0.482127,0.501332,0.537562,0.420751,0.611176,0.404559,0.549395,0.594045,0.675081,0.497327,0.693678,0.473509,0.435976,0.413998,0.633618,0.594093,0.579265,0.417864,0.534916,0.496388,0.654982,0.506066,0.523801,0.686256,0.704733,0.658614,0.726133,0.516863,0.628887,0.486675,0.580971,0.664028,0.547670,0.509422,0.469263,0.494166,0.493160,0.465183,0.577847,0.630727,0.564103,0.504141,0.501589,0.611364,0.404913,0.571457,0.479306,0.572943,0.657702,0.698516,0.576236,0.512282,0.398516,0.685752,0.546465,0.730587,0.730856,0.518308,0.715765,0.822562,0.554205,0.509482,0.792983,0.506745,0.618743,0.693577,0.718840,0.444098,0.658473,0.602803,0.795256,0.494614,0.774559,0.512295,0.460329,0.891094,0.660263,0.659502,0.796350,0.754673,0.453018,0.744856,0.466644,0.694549,0.751470,0.817219,0.652183,0.668760,0.636691,0.649191,0.622264,0.596082,0.571443,0.663935,0.727258,0.429871,0.580909,0.519551,0.712676,0.481245,0.641469,0.708384,0.788741,0.661771,0.657058,0.752920,0.481610,0.421191,0.833891,0.540525,0.613478,0.452070,0.479813,0.711451,0.355292,0.593916,0.737125,0.460429,0.533526,0.615919,0.437527,0.579044,0.696641,0.409470,0.590397,0.609612,0.755441,0.460512,0.710610,0.530573,0.401413,0.683246,0.598206,0.542717,0.675148,0.622785,0.484122,0.499337,0.505692,0.800837,0.660194,0.463723,0.759604,0.722974,0.669628,0.705413,0.714764,0.467038,0.663042,0.617069,0.557298,0.607481,0.694569,0.757974,0.777368,0.628208,0.792409,0.659912,0.464946,0.485193,0.654819,0.605802,0.338513,0.826753,0.656715,0.606253,0.734094,0.664428,0.564706,0.751637,0.668184,0.591350,0.681289,0.727053,0.514862,0.743673,0.691068,0.589104,0.608062,0.645986,0.343155,0.567017,0.384904,0.604225,0.524822,0.692759,0.645161,0.648416,0.583839,0.544011,0.560779,0.858250,0.669756,0.733083,0.600437,0.475928,0.536246,0.659028,0.823739,0.627005,0.750109,0.598209,0.667369,0.356657,0.553345,0.814733,0.715822,0.603880,0.488438,0.845232,0.619060,0.537007,0.657222,0.569998,0.605555,0.738988,0.653124,0.492771,0.551000,0.555044,0.464466,0.495746,0.631268,0.536552,0.710455,0.635106,0.513200,0.626082,0.699701,0.497207,0.655663,0.511229,0.513510,0.670974,0.514005
0.476393,0.430715,0.367520,0.441053,0.359224,0.493170,0.552876,0.334415,0.625197,0.447969,0.584289,0.492360,0.422631,0.439264,0.392906,0.366603,0.298929,0.574477,0.284900,0.665892,0.480554,0.443596,0.515943,0.380282,0.429040,0.511028,0.381228,0.307082,0.250994,0.398190,0.660870,0.383586,0.542381,0.507145,0.340320,0.615239,0.521795,0.438465,0.631819,0.433010,0.285224,0.618234,0.553438,0.594157,0.700190,0.515052,0.469976,0.428884,0.000000,0.593936,0.430725,0.650887,0.503483,0.597216,0.427997,0.424687,0.242679,0.344450,0.558185,0.534450,0.448858,0.451045,0.528483,0.672928,0.527665,0.354356,0.340719,0.435863,0.508346,0.667922,0.590851,0.464624,0.638122,0.509406,0.558942,0.637389,0.492616,0.336777,0.435972,0.661120,0.772117,0.512114,0.347585,0.576717,0.314356,0.714616,0.536592,0.325860,0.560918,0.506429,0.584008,0.372374,0.493664,0.362923,0.553529,0.689271,0.622442,0.436975,0.419991,0.574655,0.367832,0.565306,0.342101,0.395761,0.543892,0.460549,0.564624,0.412139,0.349299,0.618868,0.690128,0.307799,0.607848,0.535002,0.273009,0.363788,0.665996,0.713466,0.557429,0.425107,0.409457,0.381711,0.313549,0.591811,0.493629,0.484363,0.456661,0.529362,0.446559,0.529819,0.264694,0.673600,0.617354,0.356424,0.605330,0.317309,0.429307,0.530017,0.677457,0.500099,0.695518,0.578040,0.360454,0.588763,0.465865,0.563339,0.534278,0.493064,0.727318,0.589067,0.291131,0.567645,0.295322,0.312002,0.446100,0.467828,0.514925,0.731398,0.393110,0.561849,0.723818,0.491009,0.393544,0.308372,0.552647,0.547744,0.301027,0.696921,0.353305,0.457342,0.538321,0.309213,0.619453,0.612792,0.470931,0.526510,0.714123,0.508868,0.399556,0.674401,0.600945,0.624724,0.641652,0.425522,0.331203,0.664280,0.460980,0.601951,0.755273,0.689492,0.332515,0.425190,0.568786,0.726176,0.473126,0.334575,0.393737,0.438501,0.659876,0.494114,0.580366,0.609620,0.668977,0.329300,0.721410,0.585405,0.717066,0.402762,0.439193,0.488341,0.617525,0.460801,0.496108,0.603800,0.664530,0.326399,0.457084,0.750079,0.500450,0.604973,0.526738,0.475935,0.483282,0.457532,0.439420,0.427942,0.337855,0.656845,0.459479,0.678253,0.708140,0.463046,0.364751,0.527882,0.421893,0.442737,0.652650,0.496769,0.651594,0.374851,0.283689,0.353606,0.664955,0.469209,0.421078,0.548013,0.657424,0.292497,0.643057,0.450671,0.468936,0.478518,0.637206,0.628613,0.506620,0.340943,0.655654,0.561933,0.539276,0.671339,0.628496,0.626488,0.393924,0.522078,0.652089,0.414990,0.454296,0.506788,0.539617,0.533472,0.570639,0.436767,0.442096,0.680712,0.676960,0.401002,0.636592,0.386311,0.383851,0.360723,0.661298,0.614942,0.568405,0.308743,0.559034,0.431592,0.576975,0.516254,0.382273,0.528912,0.677450,0.749471,0.670457,0.620038,0.590802,0.438417,0.576215,0.703333,0.377769,0.423223,0.403722,0.576376,0.484507,0.511686,0.563919,0.595685,0.447132,0.490474,0.519454,0.679895,0.339609,0.559527,0.354932,0.510136,0.676264,0.543780,0.460790,0.446170,0.341252,0.582140,0.491915,0.676307,0.724879,0.464859,0.672005,0.727531,0.470367,0.384548,0.696029,0.417943,0.638673,0.600494,0.631074,0.384665,0.625724,0.589450,0.642990,0.486194,0.792601,0.462040,0.352484,0.769068,0.623928,0.487033,0.659057,0.632888,0.529839,0.609985,0.413883,0.770819,0.731168,0.683133,0.693933,0.625831,0.533058,0.708872,0.796967,0.480981,0.517693,0.760652,0.739957,0.438123,0.594091,0.558680,0.691077,0.348964,0.714715,0.570741,0.664156,0.566388,0.529823,0.644821,0.444635,0.337588,0.780705,0.667351,0.565302,0.392877,0.423924,0.589971,0.312630,0.568546,0.645063,0.608674,0.486522,0.663523,0.543684,0.530790,0.717069,0.399832,0.620185,0.564163,0.680995,0.412673,0.654282,0.437415,0.439370,0.620061,0.537335,0.378343,0.780309,0.667420,0.447397,0.525216,0.415057,0.760094,0.731492,0.386924,0.725081,0.663103,0.580160,0.741104,0.669867,0.350440,0.599022,0.625368,0.534262,0.513013,0.655256,0.775332,0.732941,0.650302,0.773894,0.648391,0.383852,0.309804,0.717322,0.591547,0.396107,0.636959,0.662686,0.515660,0.734090,0.716031,0.523247,0.594034,0.756638,0.693854,0.565444,0.649610,0.546408,0.758788,0.666812,0.579856,0.590412,0.653734,0.624048,0.502672,0.424014,0.592494,0.477745,0.752957,0.694316,0.644946,0.555172,0.450678,0.479974,0.709811,0.607356,0.754895,0.651940,0.367710,0.505417,0.722666,0.767940,0.659037,0.769327,0.648392,0.645622,0.374500,0.520400,0.643511,0.598827,0.555646,0.510706,0.736819,0.616386,0.574564,0.709377,0.423024,0.585307,0.692519,0.607031,0.557709,0.465259,0.459573,0.439188,0.486817,0.593221,0.569032,0.719927,0.652618,0.517799,0.622529,0.767709,0.389020,0.656236,0.410956,0.566085,0.587728,0.476605
0.476696,0.474861,0.476010,0.508918,0.514252,0.250848,0.227257,0.529845,0.374234,0.326642,0.270238,0.418318,0.634955,0.365590,0.612730,0.546364,0.448125,0.537768,0.460341,0.555508,0.445110,0.590265,0.387412,0.430695,0.327324,0.491470,0.584399,0.643044,0.566186,0.629318,0.727928,0.573854,0.775374,0.667531,0.646924,0.268559,0.439241,0.420524,0.272454,0.489001,0.582004,0.543796,0.753935,0.695188,0.441670,0.676288,0.551296,0.571693,0.593936,0.000000,0.558920,0.620193,0.656209,0.829679,0.390234,0.714046,0.576341,0.464872,0.565977,0.442803,0.706545,0.551271,0.762824,0.544492,0.410641,0.451794,0.636304,0.683794,0.474663,0.637276,0.560526,0.692209,0.333003,0.514804,0.702500,0.558254,0.343685,0.571543,0.484217,0.418436,0.601102,0.436198,0.536923,0.804277,0.692156,0.362976,0.570431,0.585252,0.723018,0.458251,0.394827,0.556985,0.560031,0.478308,0.685301,0.374166,0.692273,0.699150,0.626040,0.407802,0.583361,0.632489,0.475957,0.582224,0.771361,0.507873,0.760457,0.452985,0.699228,0.366345,0.778273,0.674498,0.373846,0.307779,0.589990,0.647093,0.832384,0.560405,0.411456,0.426548,0.452958,0.715918,0.684865,0.712167,0.479559,0.625577,0.611667,0.532491,0.605503,0.387135,0.581730,0.533768,0.482362,0.477676,0.477132,0.588768,0.647854,0.460650,0.646736,0.520050,0.456156,0.791757,0.580883,0.405012,0.661994,0.786012,0.609668,0.640210,0.604099,0.745119,0.646746,0.778064,0.621615,0.684178,0.590055,0.467889,0.260613,0.536357,0.621789,0.527021,0.607993,0.559377,0.594629,0.644840,0.466223,0.596320,0.629260,0.552959,0.527418,0.596991,0.566622,0.656737,0.787296,0.453875,0.632866,0.526893,0.801480,0.652452,0.612076,0.573971,0.709181,0.699523,0.518228,0.539685,0.696566,0.676280,0.709983,0.588625,0.659920,0.404175,0.612630,0.612573,0.704599,0.514313,0.702950,0.537267,0.600464,0.636107,0.567153,0.577102,0.802870,0.747079,0.570491,0.635595,0.692977,0.417941,0.680637,0.625176,0.655425,0.709537,0.745047,0.688256,0.781066,0.680863,0.671941,0.682341,0.705361,0.816002,0.553538,0.821040,0.717173,0.620820,0.700682,0.604647,0.584467,0.616570,0.662680,0.858923,0.678480,0.551383,0.516725,0.552311,0.674477,0.675101,0.647358,0.614032,0.464942,0.646387,0.676205,0.648932,0.635192,0.694437,0.625361,0.504749,0.646843,0.753425,0.614040,0.611234,0.631293,0.500178,0.637073,0.681191,0.609993,0.590999,0.651554,0.726299,0.622348,0.635628,0.668188,0.650168,0.828773,0.755814,0.654702,0.548165,0.726199,0.555661,0.596861,0.711225,0.780966,0.569865,0.312307,0.457998,0.683564,0.543263,0.688253,0.642006,0.588945,0.627912,0.703689,0.596596,0.715590,0.553663,0.801339,0.670020,0.522897,0.652997,0.756576,0.460901,0.611271,0.714825,0.777524,0.648544,0.739566,0.625864,0.593773,0.685975,0.677317,0.604948,0.607889,0.685743,0.675160,0.688972,0.668900,0.513110,0.628887,0.640503,0.584276,0.665948,0.596406,0.598872,0.701907,0.323313,0.594671,0.500355,0.577836,0.790626,0.665315,0.608771,0.733502,0.781614,0.550129,0.616602,0.398775,0.485361,0.577977,0.755824,0.705471,0.564268,0.780581,0.641167,0.613053,0.715947,0.735322,0.579015,0.640172,0.410757,0.867878,0.427114,0.783644,0.745678,0.739850,0.768933,0.588637,0.563635,0.840363,0.545029,0.538408,0.802150,0.639305,0.657027,0.642850,0.776626,0.589051,0.588579,0.696091,0.577411,0.761864,0.575475,0.572201,0.705305,0.639324,0.711023,0.738344,0.170860,0.362749,0.646214,0.612963,0.785444,0.802707,0.632603,0.643795,0.755701,0.661203,0.722883,0.810198,0.586855,0.637334,0.690999,0.661230,0.797375,0.681278,0.536332,0.700114,0.497873,0.571078,0.534865,0.673532,0.730496,0.716151,0.754602,0.726999,0.595167,0.781663,0.633010,0.574857,0.720954,0.655006,0.583236,0.467954,0.639834,0.574285,0.464273,0.591987,0.571197,0.546481,0.552682,0.605303,0.649110,0.411476,0.544581,0.733111,0.542420,0.669825,0.659841,0.479753,0.524344,0.593688,0.565947,0.616543,0.622789,0.499137,0.692797,0.790536,0.483130,0.652766,0.663330,0.533838,0.703288,0.689214,0.803937,0.655625,0.811005,0.805120,0.620951,0.555662,0.815106,0.717518,0.581994,0.702644,0.588471,0.772315,0.564620,0.707463,0.590621,0.775392,0.769570,0.611338,0.677844,0.724075,0.663925,0.692655,0.679859,0.510996,0.592735,0.815355,0.602573,0.795874,0.920256,0.773611,0.577441,0.679676,0.738897,0.588639,0.572504,0.659859,0.614488,0.626765,0.596957,0.719932,0.688404,0.712780,0.823286,0.769191,0.596650,0.621563,0.688442,0.642252,0.646568,0.531394,0.755662,0.635984,0.881592,0.630085,0.692960,0.533907,0.726850,0.699765,0.713397,0.813208,0.668091,0.586807,0.608759,0.791075,0.443595,0.569854,0.634002,0.692253,0.753977,0.512438,0.775292,0.713776
0.477799,0.505609,0.264395,0.399526,0.355191,0.434672,0.531539,0.238054,0.560630,0.427719,0.521963,0.445465,0.572430,0.451969,0.547342,0.435842,0.447546,0.519775,0.375499,0.681193,0.552182,0.510964,0.508772,0.478666,0.434712,0.477757,0.538312,0.464003,0.432569,0.557392,0.682606,0.443756,0.697605,0.621483,0.521965,0.549745,0.536542,0.532145,0.589798,0.478019,0.447110,0.677368,0.682553,0.620175,0.587624,0.662595,0.434515,0.515084,0.430725,0.558920,0.000000,0.631274,0.629444,0.727236,0.421951,0.619513,0.438828,0.414753,0.595326,0.572913,0.617235,0.384728,0.686680,0.650764,0.474912,0.478369,0.368778,0.641743,0.598943,0.608637,0.641497,0.640832,0.588774,0.508499,0.724519,0.651169,0.500445,0.489496,0.430379,0.598995,0.631098,0.447423,0.509969,0.740532,0.450098,0.611479,0.551788,0.401491,0.766426,0.507081,0.574172,0.369799,0.500340,0.402237,0.701010,0.625748,0.713818,0.652924,0.510799,0.563205,0.422123,0.663076,0.447144,0.121123,0.694173,0.458503,0.673267,0.434404,0.467994,0.574100,0.774127,0.420544,0.564581,0.507233,0.249396,0.434478,0.774827,0.728570,0.533321,0.474464,0.515444,0.474938,0.426898,0.632438,0.567915,0.563341,0.455724,0.573801,0.597969,0.511253,0.346812,0.577622,0.608649,0.494671,0.601172,0.398284,0.643695,0.625720,0.656315,0.569158,0.646513,0.713303,0.395532,0.582123,0.440128,0.696458,0.464775,0.680039,0.644423,0.723107,0.395827,0.685272,0.419521,0.454015,0.568653,0.463793,0.528777,0.682286,0.543878,0.633155,0.733334,0.459831,0.496024,0.459314,0.612070,0.648025,0.413510,0.691084,0.447825,0.523091,0.672965,0.446581,0.725663,0.648666,0.695671,0.523940,0.803514,0.590275,0.538354,0.667194,0.610941,0.774616,0.555003,0.323573,0.391447,0.652971,0.690083,0.537009,0.776417,0.612501,0.523128,0.426281,0.740086,0.657120,0.567348,0.433667,0.453394,0.539524,0.778968,0.370748,0.730641,0.722707,0.639796,0.478399,0.743489,0.584553,0.727205,0.545989,0.607549,0.596458,0.751748,0.661693,0.679367,0.631986,0.632702,0.427508,0.577032,0.814555,0.340176,0.655897,0.731383,0.598639,0.684065,0.509609,0.326032,0.462172,0.435603,0.815055,0.580914,0.708121,0.674110,0.589425,0.410341,0.618492,0.595407,0.491584,0.561749,0.619412,0.637479,0.173327,0.432854,0.513357,0.615397,0.584067,0.564381,0.701884,0.706779,0.430577,0.605155,0.500527,0.564600,0.593095,0.569998,0.599218,0.678117,0.448788,0.676961,0.680868,0.618689,0.707972,0.755079,0.715467,0.204847,0.559710,0.720395,0.392875,0.477901,0.580749,0.700204,0.495003,0.559977,0.498655,0.564810,0.656114,0.722850,0.195619,0.681633,0.554813,0.485838,0.389857,0.788577,0.597305,0.711673,0.454438,0.597773,0.253297,0.715539,0.600609,0.544403,0.692389,0.723358,0.745740,0.686025,0.502246,0.426195,0.520052,0.713244,0.698559,0.443432,0.559384,0.582964,0.600455,0.698226,0.598280,0.378415,0.717690,0.630282,0.568701,0.489787,0.675495,0.458786,0.585382,0.510976,0.503261,0.680454,0.689813,0.561772,0.388068,0.529316,0.702916,0.550553,0.763732,0.695163,0.507139,0.716969,0.788619,0.631351,0.444012,0.744963,0.606991,0.564014,0.691608,0.718168,0.431026,0.652053,0.522431,0.746141,0.537696,0.692053,0.508282,0.459236,0.782658,0.677046,0.588313,0.769028,0.715996,0.521294,0.694028,0.483073,0.787417,0.746133,0.781665,0.668220,0.658429,0.617624,0.700894,0.809349,0.517157,0.556809,0.771730,0.738442,0.610711,0.640676,0.568536,0.635915,0.466490,0.719293,0.716713,0.765841,0.718829,0.598601,0.650930,0.496103,0.346339,0.834167,0.606289,0.647714,0.503693,0.279232,0.687947,0.435184,0.555492,0.680994,0.604783,0.308447,0.638308,0.483532,0.617920,0.784940,0.444480,0.748801,0.543444,0.740164,0.442137,0.645424,0.619178,0.401195,0.652775,0.603373,0.526802,0.661120,0.639232,0.428081,0.684136,0.458125,0.675283,0.730521,0.485782,0.686289,0.669768,0.728319,0.729239,0.716110,0.211067,0.631916,0.656036,0.634944,0.553137,0.678047,0.706212,0.703579,0.656655,0.768094,0.649283,0.443080,0.500470,0.675244,0.705070,0.458945,0.755866,0.583335,0.632055,0.793147,0.676931,0.596742,0.727819,0.762359,0.654611,0.684788,0.711084,0.685011,0.700783,0.645102,0.654805,0.743684,0.680147,0.626504,0.420703,0.613243,0.660873,0.479401,0.727412,0.608397,0.666124,0.657826,0.677769,0.633673,0.768542,0.744782,0.725761,0.720768,0.524818,0.620533,0.631124,0.784737,0.689357,0.679490,0.663273,0.782324,0.570233,0.604229,0.748229,0.776093,0.702277,0.584973,0.721470,0.682822,0.719625,0.671832,0.664366,0.690027,0.803633,0.671038,0.662543,0.501740,0.591980,0.624076,0.469197,0.648647,0.639693,0.694967,0.673614,0.719477,0.618849,0.737186,0.575118,0.691903,0.566813,0.567578,0.754644,0.662837
0.478524,0.582269,0.644553,0.642639,0.689382,0.571911,0.589773,0.679818,0.703172,0.614655,0.599533,0.598477,0.454655,0.571570,0.481068,0.659030,0.649655,0.494416,0.630168,0.649425,0.675052,0.624423,0.717798,0.680037,0.683351,0.653759,0.706461,0.605870,0.721666,0.580046,0.469079,0.667161,0.451436,0.522613,0.627322,0.590248,0.612948,0.623086,0.529014,0.659811,0.692284,0.408372,0.528071,0.701678,0.689850,0.783682,0.714927,0.727520,0.650887,0.620193,0.631274,0.000000,0.496661,0.449724,0.641683,0.731912,0.688958,0.704469,0.692477,0.655759,0.497631,0.718171,0.451446,0.541818,0.668835,0.634396,0.739451,0.522959,0.564081,0.411234,0.580637,0.512475,0.742288,0.711116,0.572794,0.442764,0.604457,0.661614,0.702428,0.688133,0.623602,0.682579,0.666902,0.405700,0.762805,0.622107,0.717084,0.731404,0.679031,0.647345,0.523958,0.714011,0.728686,0.695497,0.640457,0.570887,0.471503,0.553674,0.730692,0.700835,0.644285,0.722331,0.646653,0.716401,0.554574,0.660838,0.349239,0.658368,0.711536,0.719173,0.359044,0.736430,0.683777,0.644277,0.698697,0.740297,0.413537,0.726758,0.660318,0.733422,0.705438,0.777515,0.736108,0.754132,0.617543,0.631503,0.745699,0.495515,0.570697,0.700723,0.746711,0.594211,0.719257,0.712186,0.729841,0.738080,0.630154,0.568390,0.421658,0.602132,0.673958,0.517792,0.738832,0.608345,0.826584,0.552443,0.617078,0.653527,0.450392,0.764401,0.764856,0.547543,0.771827,0.804030,0.797012,0.738054,0.617498,0.518750,0.702552,0.619674,0.697536,0.695766,0.779959,0.776008,0.762965,0.510662,0.731186,0.778138,0.750685,0.751362,0.710017,0.687063,0.399038,0.615614,0.587685,0.705062,0.484850,0.710721,0.692445,0.626162,0.790728,0.719950,0.588854,0.720418,0.787066,0.122205,0.571958,0.638742,0.597622,0.705698,0.767408,0.752216,0.631434,0.717570,0.695550,0.706599,0.771844,0.637768,0.611494,0.670562,0.424510,0.414091,0.594267,0.764754,0.375145,0.615067,0.705445,0.713832,0.693102,0.563897,0.397099,0.735808,0.533239,0.604723,0.753991,0.798190,0.763702,0.409826,0.793379,0.550966,0.640224,0.699510,0.615925,0.765310,0.789041,0.736338,0.760423,0.478901,0.696567,0.738077,0.637120,0.648052,0.770279,0.806018,0.778843,0.726542,0.662866,0.838166,0.741171,0.765821,0.742257,0.739338,0.609315,0.657350,0.777474,0.593939,0.510168,0.758740,0.651604,0.705591,0.757543,0.690600,0.632544,0.808335,0.615552,0.796639,0.665088,0.688350,0.851166,0.719362,0.376658,0.563489,0.774369,0.747328,0.521359,0.751934,0.662661,0.822058,0.701533,0.807066,0.575124,0.759799,0.780295,0.682673,0.655064,0.786147,0.602170,0.733784,0.805499,0.730498,0.653593,0.698138,0.847352,0.774025,0.775605,0.759095,0.639468,0.640268,0.765982,0.620251,0.550914,0.749186,0.575888,0.767042,0.704181,0.737335,0.693080,0.675547,0.764500,0.791863,0.793605,0.780797,0.658299,0.784397,0.791275,0.719523,0.671202,0.723119,0.774042,0.643885,0.776312,0.673379,0.754842,0.643234,0.630733,0.674387,0.693044,0.741086,0.728716,0.557336,0.816482,0.582674,0.569730,0.658838,0.548335,0.406878,0.645204,0.738933,0.509145,0.687306,0.690208,0.673834,0.543741,0.755271,0.523310,0.758153,0.480367,0.769543,0.714144,0.821916,0.787277,0.482144,0.759346,0.603037,0.478926,0.634364,0.738665,0.407867,0.730519,0.798220,0.645315,0.530433,0.840038,0.656067,0.608708,0.634788,0.801930,0.712687,0.724321,0.755890,0.666387,0.693194,0.759302,0.697670,0.652721,0.764860,0.711143,0.457558,0.543677,0.598277,0.633911,0.496375,0.783291,0.792851,0.426303,0.803681,0.703990,0.763162,0.811230,0.547095,0.771512,0.754225,0.585737,0.727634,0.778835,0.641932,0.844973,0.677862,0.773770,0.744892,0.753273,0.628897,0.583521,0.736345,0.762327,0.681208,0.735995,0.681430,0.631424,0.783835,0.640043,0.699161,0.759690,0.761020,0.802228,0.695330,0.701184,0.802859,0.523023,0.671852,0.599647,0.716858,0.694166,0.773451,0.652385,0.753281,0.780141,0.646509,0.643336,0.687588,0.505376,0.703107,0.773202,0.588037,0.852750,0.684629,0.708711,0.690246,0.806518,0.481686,0.721623,0.611714,0.551792,0.617220,0.772025,0.513574,0.728570,0.678800,0.566040,0.662501,0.757381,0.607635,0.767358,0.678873,0.735088,0.843971,0.762627,0.802810,0.744677,0.721412,0.777469,0.784626,0.673042,0.575145,0.692280,0.773165,0.712784,0.499915,0.744421,0.532510,0.720981,0.810769,0.708630,0.624135,0.356529,0.645304,0.664555,0.845513,0.609366,0.762730,0.703025,0.583361,0.661626,0.813307,0.767529,0.335298,0.688785,0.778030,0.698025,0.767523,0.760176,0.526166,0.752381,0.663918,0.722237,0.836156,0.747588,0.810874,0.716375,0.762716,0.566505,0.792417,0.756521,0.689340,0.634546,0.747257,0.672414,0.821234,0.677485,0.610013,0.725371
0.479390,0.485429,0.612862,0.529900,0.617358,0.631469,0.654184,0.582461,0.627989,0.618884,0.649715,0.663824,0.281435,0.559136,0.275073,0.499607,0.505321,0.591091,0.528424,0.612915,0.540233,0.587621,0.556188,0.558812,0.577437,0.638432,0.434107,0.464068,0.527354,0.397996,0.575429,0.584748,0.372976,0.396895,0.395436,0.575484,0.471411,0.575249,0.601971,0.642095,0.516706,0.567921,0.525038,0.739059,0.638909,0.604880,0.658317,0.630117,0.503483,0.656209,0.629444,0.496661,0.000000,0.422705,0.629980,0.544081,0.526757,0.558945,0.601233,0.628763,0.303095,0.669437,0.408818,0.591578,0.659800,0.456019,0.633142,0.373257,0.538533,0.692297,0.471843,0.288501,0.726137,0.685103,0.323492,0.531689,0.616852,0.465405,0.665117,0.715267,0.812545,0.699540,0.512144,0.407624,0.632586,0.611349,0.772633,0.601461,0.358772,0.619270,0.571689,0.540594,0.708830,0.533869,0.383708,0.593520,0.504879,0.291204,0.507889,0.566570,0.564758,0.540377,0.545224,0.629968,0.437885,0.595417,0.404435,0.602169,0.520487,0.640059,0.481484,0.594725,0.725876,0.641488,0.513678,0.686367,0.477517,0.690477,0.567776,0.559547,0.519672,0.718520,0.649808,0.575472,0.455327,0.543892,0.702459,0.359481,0.548864,0.675405,0.601140,0.710557,0.660661,0.444549,0.603988,0.577968,0.465486,0.591051,0.617012,0.369625,0.649610,0.387811,0.655291,0.550535,0.733508,0.358654,0.691980,0.517580,0.576798,0.565926,0.631886,0.413381,0.636323,0.627044,0.619709,0.603930,0.566450,0.681580,0.529725,0.620295,0.741188,0.700463,0.518194,0.613744,0.659943,0.308355,0.611509,0.649589,0.578957,0.512908,0.513981,0.580170,0.452286,0.585691,0.377991,0.647439,0.519833,0.705317,0.570596,0.617880,0.738601,0.525017,0.643797,0.577891,0.673820,0.517226,0.299877,0.645488,0.613050,0.657589,0.542697,0.666881,0.385243,0.583323,0.694097,0.610045,0.653181,0.526653,0.733953,0.643370,0.409251,0.385614,0.648064,0.586782,0.507785,0.672149,0.782919,0.464188,0.541554,0.698240,0.422728,0.503027,0.386603,0.617516,0.802756,0.654182,0.582030,0.519306,0.699432,0.479649,0.413667,0.636795,0.330737,0.701923,0.680680,0.634756,0.689241,0.471143,0.537508,0.749671,0.568406,0.557873,0.623772,0.740660,0.693176,0.577740,0.602640,0.609016,0.782598,0.645660,0.636313,0.594075,0.766874,0.596618,0.596237,0.420488,0.597589,0.592272,0.791501,0.704002,0.606867,0.591292,0.619235,0.779742,0.314696,0.641005,0.711111,0.664489,0.743766,0.742141,0.428062,0.347237,0.675907,0.702907,0.554746,0.671146,0.641715,0.737599,0.545696,0.727505,0.615996,0.568767,0.732452,0.739911,0.707990,0.665103,0.537166,0.507217,0.677247,0.666831,0.515409,0.679604,0.681839,0.652016,0.590239,0.709940,0.496458,0.644416,0.652694,0.380655,0.623051,0.781294,0.473624,0.742946,0.713480,0.572761,0.427022,0.739776,0.635805,0.663448,0.617615,0.585486,0.434738,0.633711,0.745481,0.504697,0.546043,0.727836,0.718476,0.711632,0.690645,0.537284,0.579813,0.572683,0.721433,0.473821,0.608363,0.672536,0.622275,0.322408,0.627589,0.658521,0.696889,0.534112,0.706992,0.509371,0.557873,0.670229,0.538192,0.544893,0.767234,0.590638,0.493262,0.708744,0.657455,0.714416,0.449404,0.640253,0.754490,0.726336,0.657591,0.597519,0.730433,0.459243,0.517420,0.553730,0.680578,0.485882,0.704189,0.730044,0.704241,0.514497,0.660647,0.645488,0.590786,0.812465,0.681361,0.629362,0.550572,0.666219,0.730775,0.609766,0.649853,0.642574,0.678323,0.649832,0.692916,0.509744,0.483722,0.429025,0.609440,0.573525,0.673821,0.666921,0.598487,0.686745,0.476448,0.703969,0.683808,0.520352,0.666101,0.715988,0.731935,0.685890,0.680202,0.700025,0.740563,0.614928,0.689082,0.652138,0.694112,0.597999,0.511999,0.630121,0.756449,0.497812,0.698926,0.664643,0.554715,0.674224,0.749482,0.640771,0.647447,0.509623,0.643298,0.706617,0.818223,0.656385,0.745710,0.650078,0.482684,0.730049,0.620099,0.652995,0.694809,0.616748,0.681765,0.738505,0.681626,0.760366,0.677062,0.622228,0.845754,0.591548,0.730134,0.573870,0.634486,0.716044,0.678746,0.460954,0.752581,0.521555,0.703500,0.755898,0.537965,0.487453,0.665632,0.764044,0.468259,0.556352,0.724371,0.703113,0.704622,0.543353,0.553880,0.692998,0.736353,0.726683,0.613921,0.549859,0.744811,0.820967,0.692298,0.595367,0.579484,0.605775,0.655366,0.512190,0.626262,0.694893,0.609477,0.662685,0.735135,0.751097,0.638816,0.645899,0.765168,0.789956,0.581029,0.647839,0.640240,0.542632,0.487162,0.613281,0.706030,0.613622,0.619290,0.580534,0.709349,0.556323,0.583037,0.512094,0.620228,0.558474,0.598252,0.690560,0.546520,0.743058,0.637172,0.726584,0.689185,0.764434,0.559884,0.769567,0.787982,0.516421,0.555624,0.674260,0.584668,0.404176,0.593123
0.479919,0.606380,0.722364,0.694459,0.705297,0.808220,0.786447,0.686149,0.795757,0.784445,0.775575,0.800545,0.471803,0.741593,0.466249,0.619410,0.616386,0.656694,0.607812,0.787730,0.724637,0.485357,0.739684,0.678385,0.742323,0.765616,0.687784,0.456348,0.662253,0.489990,0.431118,0.764308,0.181241,0.452628,0.503895,0.780541,0.760033,0.647976,0.726117,0.709527,0.642839,0.443160,0.423554,0.790599,0.816215,0.746542,0.712255,0.729924,0.597216,0.829679,0.727236,0.449724,0.422705,0.000000,0.764808,0.642211,0.622350,0.689474,0.776593,0.756477,0.347307,0.762330,0.240571,0.634077,0.737577,0.613937,0.712743,0.366176,0.614913,0.626337,0.690268,0.425926,0.848773,0.767313,0.540453,0.583133,0.742627,0.680092,0.716856,0.813068,0.755853,0.737566,0.619871,0.162264,0.672234,0.825116,0.767908,0.720063,0.548348,0.706548,0.742543,0.665037,0.758196,0.647084,0.503935,0.799394,0.584066,0.454984,0.638340,0.775421,0.723650,0.717857,0.681391,0.707801,0.504467,0.720262,0.213530,0.740223,0.548058,0.802201,0.284693,0.656659,0.836764,0.830712,0.623214,0.722986,0.202718,0.830391,0.691480,0.698590,0.755710,0.701067,0.678952,0.725622,0.660273,0.565493,0.767507,0.530112,0.644377,0.765986,0.643631,0.810270,0.771047,0.679707,0.780958,0.714243,0.582555,0.697527,0.628090,0.609527,0.762002,0.309482,0.642469,0.757156,0.754419,0.363198,0.686615,0.658796,0.646811,0.745424,0.660017,0.470967,0.660253,0.660920,0.750639,0.764791,0.706894,0.729086,0.670100,0.794716,0.849933,0.688773,0.706822,0.670411,0.818762,0.509466,0.719411,0.767223,0.691601,0.665279,0.781920,0.616198,0.185382,0.754928,0.543349,0.748703,0.469480,0.766917,0.683575,0.711248,0.702029,0.729005,0.708777,0.743651,0.708984,0.475795,0.415826,0.805604,0.661714,0.796464,0.659241,0.691357,0.607650,0.738503,0.760445,0.688199,0.651961,0.609977,0.840046,0.746372,0.250977,0.290313,0.702355,0.644899,0.443498,0.781514,0.860083,0.654114,0.700146,0.657368,0.308788,0.636362,0.451413,0.716809,0.836155,0.704148,0.630368,0.306296,0.741547,0.332298,0.605094,0.740530,0.460323,0.716424,0.746400,0.734197,0.696556,0.322524,0.605560,0.822586,0.721640,0.693727,0.715458,0.757770,0.788402,0.689206,0.732034,0.755911,0.840335,0.696964,0.662124,0.680367,0.783991,0.667411,0.712559,0.552891,0.520903,0.635486,0.780157,0.677112,0.788376,0.715970,0.745665,0.809427,0.525696,0.696992,0.830028,0.643607,0.772390,0.794686,0.244728,0.505075,0.680263,0.782367,0.579542,0.733442,0.611193,0.691579,0.695455,0.833307,0.701659,0.741631,0.729200,0.823627,0.821395,0.714018,0.632288,0.664191,0.744099,0.686380,0.695877,0.803244,0.743387,0.675300,0.751077,0.672320,0.573531,0.612057,0.664258,0.537307,0.560355,0.801164,0.653702,0.866008,0.772482,0.671187,0.655638,0.858302,0.704814,0.685012,0.713623,0.720643,0.555368,0.771237,0.826830,0.695718,0.643656,0.739393,0.776892,0.811977,0.690124,0.719016,0.640468,0.757542,0.850376,0.499703,0.659178,0.707826,0.649661,0.449598,0.758448,0.781116,0.725749,0.721329,0.808130,0.442630,0.695227,0.648277,0.508225,0.618040,0.831186,0.651977,0.485132,0.693004,0.677621,0.822826,0.165123,0.743219,0.751224,0.750463,0.721744,0.519824,0.801327,0.650794,0.315343,0.775464,0.704276,0.274568,0.742461,0.875021,0.771677,0.338581,0.830906,0.752531,0.522524,0.883400,0.777282,0.702151,0.764938,0.754033,0.839936,0.622500,0.737978,0.790992,0.822429,0.655162,0.856469,0.270014,0.270698,0.602276,0.701767,0.461350,0.712758,0.708090,0.461973,0.779539,0.763171,0.679713,0.723681,0.399720,0.676768,0.751299,0.711368,0.809604,0.790679,0.794789,0.727266,0.662449,0.812713,0.681315,0.787159,0.680469,0.528465,0.669779,0.804199,0.621921,0.738350,0.770270,0.681886,0.662059,0.816515,0.738693,0.724488,0.694954,0.750888,0.812932,0.907718,0.702423,0.761758,0.800556,0.572446,0.813888,0.726602,0.687171,0.835870,0.755572,0.769123,0.770692,0.798422,0.903169,0.746370,0.774404,0.806940,0.764454,0.737584,0.656231,0.762790,0.793374,0.726127,0.342548,0.823381,0.564693,0.626174,0.833292,0.707994,0.317296,0.743646,0.815305,0.521667,0.781606,0.710603,0.801637,0.844575,0.707661,0.678103,0.755980,0.811480,0.802571,0.633964,0.744314,0.803233,0.858799,0.750487,0.643916,0.679079,0.733669,0.648601,0.264495,0.743167,0.782847,0.764446,0.741688,0.845183,0.830434,0.709237,0.761044,0.870494,0.845922,0.670617,0.707040,0.661268,0.363328,0.635401,0.795770,0.733338,0.638280,0.743932,0.772611,0.819630,0.723203,0.787323,0.259925,0.744604,0.684675,0.734924,0.803011,0.661988,0.779714,0.707066,0.812643,0.769881,0.816324,0.712973,0.782349,0.847242,0.619580,0.708693,0.754618,0.809716,0.573089,0.744080
0.481481,0.405186,0.264433,0.494466,0.302883,0.300774,0.389976,0.317452,0.499811,0.179853,0.426117,0.184103,0.592936,0.247227,0.538675,0.371011,0.313253,0.430397,0.300397,0.655322,0.443980,0.449814,0.438661,0.328753,0.317779,0.174027,0.488530,0.393647,0.360282,0.499978,0.689469,0.357125,0.654612,0.675461,0.456131,0.456953,0.444568,0.470577,0.451110,0.298030,0.397235,0.630033,0.696846,0.594287,0.580117,0.592287,0.424158,0.449635,0.427997,0.390234,0.421951,0.641683,0.629980,0.764808,0.000000,0.555169,0.395142,0.301453,0.468090,0.424659,0.611476,0.247039,0.696698,0.628691,0.373197,0.347394,0.335654,0.601016,0.556957,0.621197,0.644047,0.635389,0.500097,0.356418,0.724300,0.614041,0.304631,0.367793,0.290988,0.479778,0.658218,0.294429,0.501293,0.738016,0.398027,0.527022,0.393760,0.237958,0.712489,0.508642,0.477551,0.370724,0.371263,0.337837,0.719114,0.536421,0.655296,0.646121,0.575210,0.499339,0.305177,0.606342,0.262101,0.386283,0.727240,0.200172,0.667213,0.101844,0.444607,0.514854,0.781709,0.424228,0.451567,0.369619,0.368722,0.428043,0.771177,0.673419,0.412837,0.365422,0.338082,0.410720,0.361627,0.672870,0.451150,0.452945,0.351241,0.502185,0.517484,0.372946,0.360265,0.530815,0.527071,0.343658,0.546274,0.242875,0.571269,0.542494,0.640269,0.487590,0.592626,0.759952,0.298168,0.546670,0.448141,0.727579,0.405851,0.535757,0.748503,0.665615,0.357684,0.734666,0.383301,0.406893,0.447390,0.329876,0.366048,0.665026,0.363789,0.461189,0.711636,0.372122,0.531741,0.362341,0.532922,0.595514,0.299093,0.637216,0.334133,0.526087,0.604316,0.506690,0.729392,0.494866,0.616262,0.527183,0.799063,0.582806,0.522664,0.598604,0.556905,0.677624,0.462040,0.401448,0.403167,0.691880,0.645306,0.466817,0.786923,0.624185,0.473019,0.320540,0.731478,0.739260,0.451955,0.333419,0.447728,0.501838,0.687783,0.462172,0.712673,0.703463,0.693296,0.359519,0.723382,0.502800,0.678210,0.542679,0.570187,0.632491,0.725081,0.603287,0.692903,0.630942,0.541078,0.403218,0.560122,0.823329,0.398121,0.697562,0.684810,0.515065,0.660932,0.485417,0.368342,0.384279,0.359676,0.801275,0.563025,0.613693,0.718187,0.578787,0.376529,0.580325,0.538147,0.486618,0.576404,0.629213,0.555396,0.407759,0.360541,0.546778,0.660124,0.525336,0.446382,0.694394,0.691793,0.423001,0.631990,0.423415,0.533452,0.502838,0.415312,0.545263,0.683395,0.419089,0.685795,0.650902,0.584694,0.545162,0.785136,0.717411,0.399580,0.389046,0.753995,0.324345,0.294152,0.536192,0.645923,0.395779,0.453716,0.306258,0.499932,0.650781,0.687705,0.369918,0.679580,0.383015,0.427829,0.331788,0.736895,0.523185,0.652479,0.377081,0.504842,0.447221,0.730436,0.468528,0.456208,0.704018,0.690778,0.697230,0.728119,0.488632,0.562739,0.470959,0.668432,0.706712,0.492407,0.524973,0.487872,0.680828,0.633461,0.511111,0.456191,0.670586,0.534929,0.465820,0.471029,0.692278,0.454639,0.452816,0.464421,0.384649,0.648535,0.701578,0.534013,0.322489,0.463565,0.702077,0.480325,0.709048,0.614444,0.364010,0.660339,0.733587,0.579548,0.395045,0.765345,0.540240,0.614844,0.698867,0.705930,0.358578,0.566772,0.494884,0.815160,0.344025,0.755959,0.503894,0.470732,0.807881,0.556995,0.593945,0.742191,0.690028,0.378131,0.736579,0.443369,0.766174,0.738433,0.759017,0.698673,0.510311,0.646391,0.677086,0.767444,0.508641,0.549762,0.743121,0.642166,0.521395,0.663043,0.386036,0.616520,0.432253,0.696455,0.708402,0.783493,0.715318,0.569245,0.675814,0.476864,0.385639,0.782717,0.628532,0.640758,0.400645,0.387481,0.741188,0.362279,0.474925,0.691675,0.509396,0.503603,0.569938,0.506834,0.628328,0.693682,0.393989,0.593089,0.384684,0.842406,0.365640,0.596465,0.629840,0.387469,0.496453,0.567957,0.482408,0.647944,0.566144,0.350449,0.652194,0.383961,0.716843,0.609865,0.427657,0.572182,0.674879,0.718940,0.635109,0.745798,0.382906,0.489313,0.654382,0.585616,0.485450,0.662462,0.781867,0.624117,0.627949,0.810964,0.572748,0.404257,0.387214,0.750012,0.630243,0.413077,0.830837,0.658637,0.630438,0.828247,0.646244,0.486356,0.751868,0.732011,0.515269,0.712099,0.713404,0.644056,0.666363,0.588894,0.645362,0.721932,0.724018,0.634226,0.484752,0.510914,0.630422,0.468957,0.664907,0.602056,0.631310,0.656001,0.593354,0.584180,0.891609,0.708529,0.708901,0.649262,0.449603,0.476725,0.632776,0.723935,0.638006,0.749352,0.679768,0.739970,0.445046,0.618138,0.803773,0.703509,0.657896,0.476348,0.765945,0.585432,0.632338,0.616738,0.607835,0.661028,0.841570,0.645044,0.616659,0.405952,0.591798,0.616020,0.486420,0.671645,0.613686,0.667906,0.661577,0.718602,0.512047,0.692277,0.510546,0.724819,0.473265,0.487937,0.687929,0.602259
0.482282,0.446566,0.563458,0.612227,0.550147,0.638219,0.703485,0.582426,0.600669,0.585819,0.707618,0.621763,0.435236,0.593394,0.389803,0.553650,0.427844,0.669845,0.417345,0.686740,0.510309,0.568183,0.533115,0.593002,0.610599,0.611731,0.468908,0.520286,0.468142,0.467748,0.658923,0.482569,0.569845,0.482037,0.458533,0.706607,0.558139,0.603057,0.702787,0.603889,0.366673,0.707483,0.613026,0.659961,0.655500,0.219343,0.588442,0.478959,0.424687,0.714046,0.619513,0.731912,0.544081,0.642211,0.555169,0.000000,0.481872,0.528500,0.561682,0.584493,0.503502,0.591267,0.574097,0.741000,0.593989,0.506055,0.539674,0.498258,0.489523,0.720693,0.628036,0.551026,0.715983,0.585723,0.546790,0.606105,0.648505,0.465038,0.555445,0.719955,0.784527,0.677753,0.538596,0.631417,0.548626,0.733907,0.660127,0.510920,0.524810,0.710266,0.667746,0.608249,0.639993,0.500094,0.553577,0.722068,0.621954,0.518988,0.658459,0.603922,0.508278,0.411367,0.558805,0.597772,0.532248,0.577348,0.613126,0.558630,0.514186,0.710069,0.725112,0.459523,0.742696,0.691872,0.563071,0.592846,0.711527,0.578749,0.682584,0.621132,0.636274,0.570575,0.431161,0.474754,0.542009,0.655306,0.626006,0.481130,0.509662,0.632415,0.552724,0.748922,0.724887,0.573233,0.535140,0.512588,0.455355,0.644547,0.670527,0.557113,0.657904,0.610651,0.612433,0.597265,0.675177,0.616519,0.643842,0.367164,0.695463,0.445542,0.533165,0.542158,0.549399,0.525480,0.648158,0.579867,0.679291,0.721390,0.474759,0.613110,0.747166,0.655759,0.562066,0.560073,0.731057,0.550610,0.475268,0.579884,0.533037,0.485160,0.601234,0.442007,0.630581,0.756873,0.541862,0.698549,0.651583,0.537988,0.542988,0.671604,0.618729,0.468266,0.725478,0.567572,0.557797,0.729158,0.529937,0.700778,0.748844,0.713550,0.518895,0.670460,0.500464,0.712274,0.524074,0.495403,0.556258,0.528233,0.816345,0.608841,0.598295,0.603155,0.621694,0.557302,0.722241,0.711651,0.712403,0.550989,0.389833,0.657441,0.589611,0.509316,0.482073,0.557868,0.718528,0.536339,0.531252,0.763928,0.647432,0.646641,0.549464,0.606270,0.522845,0.690265,0.603823,0.491965,0.558220,0.599329,0.521322,0.620583,0.725851,0.566215,0.550474,0.630139,0.548093,0.528539,0.704513,0.628373,0.694982,0.627573,0.507085,0.466714,0.679692,0.489412,0.659640,0.489585,0.707825,0.557289,0.674157,0.672159,0.632041,0.488903,0.655950,0.726760,0.527249,0.540769,0.671137,0.541958,0.550107,0.539614,0.658598,0.560734,0.639390,0.598334,0.682100,0.536410,0.626139,0.634773,0.409359,0.661115,0.689312,0.591172,0.673918,0.727088,0.629991,0.634319,0.663943,0.465928,0.472718,0.568813,0.597782,0.672065,0.241190,0.544646,0.517792,0.629633,0.505223,0.665897,0.591695,0.546780,0.635816,0.709521,0.536654,0.671463,0.671541,0.634035,0.524131,0.659278,0.662400,0.655517,0.503196,0.483600,0.464908,0.751034,0.685814,0.574082,0.499941,0.538128,0.650676,0.756540,0.595511,0.693909,0.558343,0.665763,0.638068,0.657073,0.538829,0.675055,0.447422,0.508254,0.656871,0.609840,0.795982,0.617415,0.644309,0.744179,0.378323,0.626998,0.724617,0.434202,0.640903,0.578389,0.625336,0.583159,0.616281,0.739783,0.687501,0.672002,0.785417,0.664108,0.551365,0.828303,0.679269,0.495114,0.690796,0.735151,0.693076,0.650343,0.506461,0.782478,0.753980,0.685398,0.740267,0.687804,0.559179,0.706024,0.651011,0.670636,0.611292,0.675983,0.700213,0.513795,0.636065,0.721541,0.728052,0.541936,0.663649,0.599748,0.745579,0.648498,0.653195,0.730854,0.622839,0.524117,0.739149,0.610946,0.736568,0.576978,0.621967,0.624188,0.544158,0.707989,0.619154,0.743904,0.687057,0.711596,0.606714,0.504621,0.608510,0.522137,0.605406,0.623661,0.697514,0.683172,0.783139,0.376639,0.622768,0.664259,0.612962,0.603327,0.774110,0.705166,0.639467,0.548098,0.658382,0.800033,0.713959,0.614144,0.863698,0.698270,0.571208,0.791395,0.595597,0.627168,0.701432,0.682212,0.585265,0.770777,0.714727,0.829450,0.816254,0.623541,0.814616,0.668693,0.561350,0.425133,0.695975,0.498430,0.445383,0.718803,0.637943,0.498274,0.738643,0.773093,0.622910,0.665840,0.657183,0.781898,0.563007,0.701351,0.529917,0.723071,0.625446,0.617749,0.557676,0.674326,0.605751,0.658906,0.519264,0.686296,0.585179,0.789615,0.763677,0.777473,0.548061,0.435224,0.613039,0.767122,0.511915,0.668250,0.608058,0.526750,0.638408,0.760941,0.836833,0.704482,0.812667,0.724514,0.513105,0.493781,0.592399,0.719354,0.528717,0.623413,0.598434,0.839785,0.637892,0.641019,0.712030,0.293207,0.687310,0.678615,0.631879,0.472998,0.594363,0.549595,0.452490,0.573568,0.498442,0.563508,0.690939,0.682422,0.430828,0.720655,0.747425,0.591585,0.567336,0.482391,0.587364,0.505058,0.341084
0.482330,0.417063,0.336416,0.448547,0.275678,0.474797,0.552914,0.300038,0.599518,0.426326,0.582691,0.495711,0.496905,0.422742,0.450960,0.401241,0.259177,0.537386,0.256327,0.656810,0.533037,0.396460,0.468921,0.375498,0.412597,0.478328,0.362555,0.322610,0.189329,0.382754,0.688946,0.407001,0.575590,0.551840,0.311248,0.630260,0.458145,0.468199,0.588884,0.355437,0.256942,0.642322,0.619673,0.630768,0.681383,0.517524,0.456810,0.367784,0.242679,0.576341,0.438828,0.688958,0.526757,0.622350,0.395142,0.481872,0.000000,0.316252,0.512806,0.515914,0.453460,0.419184,0.583319,0.658021,0.483515,0.329562,0.328000,0.453794,0.609251,0.689142,0.650143,0.441157,0.654251,0.509343,0.569434,0.686853,0.446702,0.317404,0.386803,0.638359,0.751713,0.443131,0.398907,0.590403,0.325939,0.715266,0.460891,0.286832,0.564177,0.595342,0.626742,0.309294,0.407496,0.322825,0.550686,0.693016,0.632386,0.462831,0.441617,0.513623,0.355755,0.628918,0.298684,0.368114,0.536209,0.394368,0.589485,0.360656,0.323364,0.630981,0.735223,0.324933,0.630481,0.468975,0.252263,0.350561,0.686174,0.685507,0.513989,0.371951,0.374885,0.411552,0.310125,0.656107,0.441161,0.481493,0.426572,0.488566,0.523468,0.562616,0.241109,0.639010,0.591999,0.288107,0.609473,0.275557,0.478914,0.597148,0.681699,0.479564,0.729887,0.574025,0.294305,0.611668,0.477405,0.557075,0.507895,0.558442,0.739906,0.668662,0.267206,0.545671,0.276612,0.330430,0.468292,0.477921,0.457591,0.805588,0.451788,0.654710,0.775952,0.444335,0.396643,0.295830,0.536787,0.554392,0.304883,0.704641,0.318659,0.431132,0.552809,0.334660,0.670778,0.600144,0.544996,0.514816,0.756462,0.454340,0.380468,0.702241,0.580590,0.667219,0.627908,0.421913,0.343201,0.685532,0.441499,0.598474,0.767466,0.653223,0.316982,0.379022,0.650505,0.793629,0.526118,0.306037,0.379727,0.434987,0.770710,0.489444,0.591843,0.646091,0.732341,0.291305,0.756462,0.547928,0.746007,0.406200,0.541307,0.555994,0.690159,0.488816,0.532129,0.566635,0.645022,0.313785,0.488443,0.776390,0.473165,0.575815,0.658767,0.474854,0.481724,0.439234,0.390251,0.439702,0.314527,0.683449,0.422822,0.687757,0.742814,0.568331,0.327154,0.461113,0.397325,0.439199,0.635495,0.504094,0.631624,0.389618,0.240617,0.422220,0.701545,0.554168,0.389895,0.612626,0.636087,0.258159,0.706380,0.436143,0.486575,0.501506,0.647196,0.545703,0.570481,0.339450,0.739180,0.662698,0.481355,0.673796,0.682346,0.683953,0.421219,0.503707,0.742432,0.407803,0.389753,0.476762,0.612221,0.521620,0.533372,0.404926,0.416229,0.647115,0.709589,0.405502,0.664205,0.409123,0.363012,0.304176,0.715810,0.612155,0.611230,0.300720,0.532622,0.418385,0.637052,0.485797,0.362177,0.586722,0.694358,0.667377,0.727426,0.605776,0.599123,0.439445,0.628859,0.752893,0.382587,0.412896,0.472005,0.639081,0.508374,0.453191,0.576210,0.720485,0.593455,0.480387,0.442126,0.656582,0.326769,0.538422,0.341505,0.543542,0.710381,0.573836,0.539493,0.388379,0.359919,0.610702,0.426501,0.758116,0.679356,0.435084,0.743268,0.753476,0.572364,0.392642,0.751329,0.528029,0.702197,0.671341,0.620714,0.310607,0.642905,0.557202,0.667550,0.479584,0.777786,0.491332,0.385682,0.794904,0.608756,0.600742,0.697265,0.709978,0.421631,0.627663,0.396725,0.788709,0.749056,0.697831,0.731552,0.567862,0.569521,0.757803,0.749358,0.438045,0.502301,0.746957,0.746356,0.479288,0.605548,0.504111,0.679221,0.321902,0.730194,0.640996,0.670309,0.645247,0.517700,0.622440,0.446469,0.349465,0.784389,0.610763,0.489786,0.329722,0.398949,0.624064,0.269714,0.491039,0.762527,0.595694,0.478943,0.641129,0.507730,0.621805,0.715877,0.388874,0.665260,0.539483,0.769977,0.347856,0.636316,0.573183,0.390540,0.575812,0.581389,0.361098,0.690550,0.672450,0.368211,0.563773,0.426564,0.747519,0.692885,0.384756,0.710833,0.695684,0.649774,0.728009,0.781837,0.348768,0.548477,0.645405,0.637369,0.511703,0.703206,0.793212,0.733108,0.703747,0.814324,0.725637,0.394432,0.374623,0.804557,0.674113,0.395613,0.695372,0.728460,0.609045,0.762377,0.652807,0.514279,0.652068,0.736461,0.598612,0.625050,0.746872,0.548301,0.819726,0.634893,0.586786,0.578730,0.701483,0.585029,0.510080,0.460724,0.594970,0.454068,0.676086,0.632114,0.590982,0.587258,0.601707,0.482263,0.725292,0.696121,0.803825,0.683667,0.411475,0.588315,0.722985,0.790788,0.684915,0.770685,0.643300,0.734820,0.387239,0.528838,0.712588,0.699244,0.635793,0.475515,0.810262,0.695729,0.594918,0.716470,0.523637,0.595740,0.709848,0.527140,0.614452,0.412646,0.456425,0.485002,0.473031,0.672181,0.621122,0.779948,0.622920,0.617006,0.555681,0.755606,0.424771,0.732923,0.431572,0.567135,0.665848,0.592694
0.483381,0.431918,0.303805,0.477248,0.309185,0.371114,0.431256,0.200863,0.511449,0.343039,0.465300,0.403625,0.544481,0.338659,0.463254,0.282534,0.257008,0.452402,0.255568,0.670522,0.436267,0.431533,0.421185,0.159482,0.313968,0.421719,0.459846,0.335561,0.225588,0.434803,0.675635,0.375208,0.626057,0.648171,0.382111,0.471581,0.466911,0.438822,0.517962,0.362989,0.310874,0.632382,0.614287,0.640973,0.640768,0.563146,0.408790,0.433717,0.344450,0.464872,0.414753,0.704469,0.558945,0.689474,0.301453,0.528500,0.316252,0.000000,0.498745,0.528438,0.567585,0.401806,0.638442,0.593806,0.429165,0.315302,0.287387,0.519760,0.576363,0.716468,0.644418,0.602453,0.499469,0.451076,0.663065,0.649991,0.345771,0.232630,0.318015,0.536123,0.721264,0.319546,0.455991,0.666813,0.307353,0.534249,0.445303,0.218385,0.672442,0.529950,0.502895,0.231570,0.398971,0.293615,0.666577,0.556619,0.681563,0.598397,0.506258,0.518609,0.311401,0.631571,0.279513,0.364480,0.632278,0.355496,0.647302,0.304536,0.347504,0.451404,0.794236,0.284072,0.513898,0.429401,0.306683,0.313153,0.714634,0.703430,0.422061,0.320107,0.412926,0.377413,0.319160,0.688997,0.434896,0.449450,0.394986,0.477045,0.505341,0.427797,0.299945,0.534001,0.479214,0.351317,0.589527,0.216422,0.486279,0.563221,0.645023,0.470719,0.570817,0.654198,0.283656,0.552972,0.473547,0.612077,0.415023,0.568920,0.756735,0.686453,0.280838,0.647688,0.200866,0.325272,0.419391,0.404189,0.345293,0.775147,0.388727,0.588187,0.767901,0.446605,0.464348,0.283910,0.556346,0.550009,0.264157,0.699643,0.061719,0.488574,0.604909,0.401825,0.686660,0.532017,0.597364,0.482215,0.790347,0.511394,0.402754,0.636306,0.605341,0.701736,0.474999,0.400271,0.359268,0.725021,0.577452,0.545612,0.774237,0.562187,0.360115,0.327636,0.670785,0.693561,0.533073,0.350494,0.279633,0.446100,0.711342,0.492809,0.673881,0.701448,0.706024,0.301462,0.751988,0.501773,0.781799,0.437387,0.488501,0.647998,0.727003,0.524632,0.609813,0.558403,0.657558,0.340464,0.485104,0.831126,0.471486,0.647075,0.659115,0.446459,0.592591,0.358743,0.386331,0.456355,0.361320,0.805234,0.445654,0.692319,0.695961,0.534582,0.326300,0.561607,0.416325,0.433930,0.517228,0.534133,0.653181,0.363614,0.275071,0.413581,0.730497,0.549435,0.387886,0.647632,0.644288,0.248094,0.665674,0.353548,0.469260,0.529638,0.550539,0.532738,0.637588,0.366972,0.753649,0.651124,0.540856,0.674235,0.762180,0.728416,0.402095,0.488244,0.763344,0.341288,0.345603,0.507760,0.690898,0.434874,0.436573,0.318582,0.419762,0.684650,0.757294,0.414089,0.595780,0.390553,0.462277,0.327562,0.733345,0.526260,0.613684,0.322668,0.522841,0.427168,0.713728,0.449041,0.303574,0.691772,0.674225,0.722040,0.694730,0.526329,0.536956,0.376194,0.618047,0.748784,0.342036,0.371028,0.382063,0.636449,0.585925,0.470025,0.568241,0.613862,0.527706,0.546538,0.416562,0.720851,0.344237,0.418687,0.265253,0.561957,0.660771,0.602808,0.537632,0.356136,0.418998,0.665497,0.456038,0.743612,0.588101,0.485387,0.679786,0.821327,0.558819,0.312887,0.709788,0.488956,0.686065,0.625410,0.754545,0.359302,0.598866,0.476783,0.732797,0.362052,0.795449,0.476090,0.404331,0.825804,0.591550,0.566117,0.727798,0.720356,0.347674,0.674327,0.452929,0.818195,0.767284,0.728434,0.645070,0.593223,0.631527,0.735860,0.821059,0.442804,0.594477,0.781629,0.729476,0.448357,0.637661,0.399058,0.644610,0.280331,0.706810,0.639188,0.714127,0.659118,0.524741,0.680168,0.450879,0.354408,0.795097,0.594291,0.668742,0.344126,0.418209,0.694835,0.339684,0.375003,0.689507,0.531241,0.435281,0.602929,0.536731,0.686752,0.764111,0.428758,0.651405,0.473637,0.819986,0.333744,0.560856,0.592197,0.413186,0.610293,0.497235,0.338508,0.734809,0.522330,0.389733,0.530892,0.321024,0.673207,0.638608,0.321878,0.652791,0.672402,0.687897,0.719953,0.723430,0.373424,0.529077,0.600825,0.550653,0.492662,0.668194,0.808916,0.670447,0.656869,0.875829,0.642580,0.404399,0.364804,0.740429,0.654763,0.407964,0.763870,0.697260,0.626760,0.850100,0.714206,0.424794,0.688285,0.752215,0.633021,0.668398,0.725767,0.654734,0.745026,0.554729,0.559358,0.710788,0.650148,0.604814,0.553582,0.415639,0.727144,0.540828,0.734931,0.551321,0.538220,0.625250,0.576367,0.582445,0.799333,0.747378,0.801218,0.717516,0.419182,0.601425,0.698559,0.743941,0.616442,0.792389,0.604798,0.749155,0.365582,0.593676,0.757039,0.710717,0.571528,0.412438,0.765009,0.671117,0.597946,0.596618,0.561101,0.634233,0.817141,0.588557,0.630903,0.414570,0.566820,0.519136,0.528776,0.716986,0.583588,0.777691,0.603378,0.638559,0.463702,0.783175,0.419937,0.727261,0.507686,0.545695,0.702070,0.545185
0.484404,0.459970,0.460812,0.536786,0.490381,0.535052,0.542568,0.538115,0.588575,0.472806,0.535368,0.507568,0.565673,0.408863,0.492450,0.472288,0.517507,0.617456,0.511359,0.575084,0.510896,0.595722,0.577679,0.506623,0.531338,0.495430,0.457219,0.564050,0.535719,0.560071,0.704800,0.463359,0.702942,0.628211,0.571503,0.606618,0.229080,0.559315,0.583838,0.531237,0.543657,0.692719,0.746788,0.566791,0.612140,0.555912,0.571307,0.591782,0.558185,0.565977,0.595326,0.692477,0.601233,0.776593,0.468090,0.561682,0.512806,0.498745,0.000000,0.596409,0.632332,0.514471,0.769852,0.742559,0.597697,0.507558,0.479955,0.611159,0.641741,0.642263,0.651771,0.606403,0.621068,0.566001,0.618209,0.696549,0.501520,0.444073,0.528740,0.558173,0.681588,0.535198,0.592982,0.770206,0.558089,0.671819,0.634402,0.481215,0.669727,0.603982,0.629229,0.573873,0.610674,0.503706,0.684559,0.695740,0.688891,0.616090,0.634304,0.621631,0.481997,0.563728,0.448047,0.592743,0.644480,0.533900,0.710584,0.503019,0.588426,0.623270,0.859745,0.583575,0.600336,0.596438,0.556145,0.597429,0.783508,0.698103,0.575444,0.580970,0.488398,0.550672,0.543696,0.697572,0.568711,0.563884,0.562039,0.554533,0.587184,0.596941,0.531081,0.646010,0.625110,0.488108,0.586783,0.494336,0.659369,0.688927,0.769625,0.563894,0.662789,0.743654,0.574956,0.682479,0.589248,0.710104,0.598864,0.585522,0.690946,0.609050,0.598777,0.660228,0.597236,0.543404,0.559813,0.501014,0.624173,0.662221,0.554984,0.601710,0.664941,0.582140,0.566442,0.562114,0.623000,0.597432,0.521652,0.653502,0.513218,0.534699,0.519866,0.619881,0.773038,0.561020,0.600077,0.682175,0.787065,0.622294,0.557655,0.705033,0.589274,0.669697,0.692953,0.591022,0.571289,0.739796,0.644031,0.626442,0.804437,0.614647,0.577960,0.549157,0.660742,0.668160,0.549429,0.538187,0.633052,0.577184,0.648999,0.608058,0.768732,0.750770,0.704521,0.569486,0.769821,0.661443,0.676755,0.554994,0.553030,0.681682,0.750496,0.653292,0.660514,0.602490,0.585791,0.609899,0.627636,0.882787,0.597140,0.712061,0.731494,0.574080,0.636904,0.601904,0.585485,0.552399,0.634383,0.783604,0.559177,0.580950,0.682403,0.627140,0.497819,0.624091,0.554475,0.583530,0.699153,0.617649,0.576152,0.607161,0.616043,0.603072,0.643759,0.673006,0.550655,0.698409,0.739971,0.571489,0.648160,0.620570,0.575833,0.576761,0.608354,0.673917,0.668385,0.595834,0.721582,0.657060,0.584254,0.572672,0.781190,0.605013,0.602408,0.604223,0.711613,0.548973,0.569879,0.631844,0.664385,0.455275,0.704305,0.507408,0.647248,0.613258,0.677321,0.627333,0.710115,0.570636,0.580467,0.599240,0.665702,0.631128,0.651867,0.611997,0.634637,0.658242,0.743408,0.690125,0.643190,0.715911,0.731856,0.632259,0.645206,0.474034,0.721075,0.567967,0.624159,0.663811,0.624328,0.604615,0.574747,0.624580,0.662689,0.651569,0.592691,0.656883,0.599031,0.577558,0.614396,0.616033,0.612320,0.665983,0.593403,0.520429,0.651622,0.725556,0.617570,0.523358,0.639059,0.557202,0.641041,0.631977,0.716796,0.512319,0.669241,0.741076,0.615607,0.609962,0.760286,0.599853,0.626685,0.578269,0.683502,0.622278,0.678751,0.664258,0.781074,0.604734,0.722710,0.602316,0.632674,0.895151,0.624403,0.607001,0.776990,0.645832,0.578874,0.787271,0.582609,0.678428,0.668756,0.789558,0.666664,0.605480,0.683798,0.675575,0.769756,0.670171,0.497111,0.767633,0.564002,0.641791,0.636082,0.623883,0.693379,0.639844,0.682053,0.797979,0.758840,0.685915,0.582251,0.694550,0.652632,0.559386,0.794776,0.717423,0.555793,0.572194,0.591242,0.716629,0.623860,0.660272,0.685186,0.635689,0.663180,0.575256,0.751171,0.657376,0.601412,0.604605,0.625201,0.608288,0.812527,0.554540,0.702967,0.666970,0.535733,0.604833,0.649791,0.641996,0.614203,0.701860,0.554109,0.676447,0.607964,0.814554,0.665618,0.559357,0.698124,0.675271,0.744342,0.653492,0.731486,0.606842,0.652157,0.670040,0.643777,0.663919,0.701429,0.702626,0.740188,0.626334,0.676208,0.601552,0.629657,0.534184,0.764611,0.660366,0.579316,0.808344,0.651183,0.698954,0.824559,0.660815,0.600983,0.769584,0.791112,0.616345,0.706379,0.677261,0.653974,0.628484,0.517839,0.675148,0.719130,0.663743,0.671974,0.676262,0.667375,0.670840,0.587423,0.736456,0.716705,0.749418,0.688708,0.607361,0.656129,0.814749,0.720992,0.672202,0.661434,0.593753,0.577145,0.629273,0.766389,0.709827,0.719025,0.633741,0.665061,0.573509,0.660996,0.769496,0.704948,0.658008,0.582903,0.758291,0.557989,0.653404,0.603802,0.638197,0.598349,0.838641,0.586231,0.666460,0.434421,0.641739,0.633249,0.602983,0.698370,0.591824,0.712801,0.632393,0.666193,0.669117,0.662919,0.540702,0.735047,0.579077,0.457545,0.727622,0.571134
0.484810,0.501451,0.441156,0.492384,0.473975,0.436405,0.398454,0.500848,0.353851,0.410219,0.423572,0.471688,0.582642,0.430343,0.580062,0.501636,0.442163,0.595254,0.426551,0.549278,0.410761,0.648095,0.372256,0.516927,0.350104,0.503589,0.548467,0.595821,0.492766,0.564689,0.657787,0.465125,0.696507,0.640481,0.556252,0.468971,0.485329,0.559576,0.436904,0.511714,0.555931,0.627359,0.763443,0.549133,0.478998,0.583750,0.507800,0.550702,0.534450,0.442803,0.572913,0.655759,0.628763,0.756477,0.424659,0.584493,0.515914,0.528438,0.596409,0.000000,0.668622,0.526430,0.694883,0.649092,0.494292,0.450845,0.530296,0.644401,0.598965,0.609975,0.555149,0.690763,0.483429,0.589963,0.713220,0.567624,0.451660,0.518617,0.580425,0.523647,0.583758,0.529070,0.556672,0.759948,0.575902,0.599306,0.642106,0.495814,0.709405,0.525800,0.554231,0.564002,0.645985,0.429565,0.635407,0.602307,0.653539,0.673598,0.561308,0.446333,0.501656,0.632172,0.510133,0.580526,0.665538,0.516952,0.693741,0.490759,0.584640,0.480742,0.730586,0.582486,0.538362,0.495234,0.588184,0.582380,0.742109,0.619046,0.536431,0.445142,0.434057,0.573881,0.600721,0.616424,0.529662,0.637756,0.520977,0.504151,0.582801,0.510106,0.555836,0.616745,0.563390,0.472538,0.417936,0.509957,0.630156,0.608416,0.679895,0.564593,0.586277,0.770316,0.543873,0.523263,0.613971,0.754574,0.599974,0.562007,0.696098,0.669710,0.554988,0.738708,0.583138,0.577218,0.513899,0.473810,0.481912,0.541207,0.491898,0.581718,0.670347,0.533172,0.525315,0.517375,0.507226,0.545042,0.504654,0.452905,0.573171,0.598179,0.579644,0.643822,0.758535,0.580603,0.641751,0.508829,0.746032,0.579275,0.581763,0.655577,0.670979,0.656905,0.623399,0.439824,0.585510,0.719607,0.675056,0.554278,0.690588,0.480112,0.583051,0.579832,0.698868,0.560299,0.637373,0.480197,0.600044,0.591635,0.651235,0.434526,0.727897,0.703784,0.567207,0.509843,0.695716,0.501399,0.680105,0.572390,0.597164,0.594230,0.702488,0.638393,0.699544,0.657627,0.747510,0.563999,0.629333,0.773473,0.532848,0.759919,0.633017,0.634351,0.643400,0.577739,0.581823,0.535322,0.533782,0.743080,0.655759,0.619246,0.603594,0.586209,0.564355,0.643951,0.605603,0.588098,0.544968,0.610544,0.740181,0.580476,0.558127,0.591010,0.525166,0.615643,0.561102,0.658747,0.709850,0.581491,0.551283,0.578778,0.610862,0.635526,0.564098,0.604103,0.658999,0.562306,0.622431,0.675726,0.657373,0.598809,0.751303,0.718469,0.616516,0.608152,0.662260,0.555652,0.545320,0.662425,0.632844,0.583907,0.487999,0.473235,0.582690,0.655965,0.672205,0.591694,0.622210,0.525998,0.617419,0.547894,0.704646,0.591214,0.633789,0.552626,0.475403,0.661224,0.659512,0.617465,0.577993,0.678309,0.726804,0.743659,0.661272,0.620526,0.619064,0.601021,0.713760,0.640314,0.566650,0.606761,0.538737,0.618742,0.653864,0.577779,0.548069,0.650548,0.619194,0.545217,0.562669,0.662822,0.596932,0.546600,0.546700,0.484874,0.605485,0.732265,0.660444,0.558001,0.612031,0.758496,0.455821,0.586091,0.615712,0.479258,0.639900,0.767980,0.616771,0.592958,0.790384,0.585527,0.660820,0.693134,0.707041,0.521554,0.581323,0.513821,0.819716,0.515586,0.735911,0.601009,0.655191,0.736528,0.541577,0.666002,0.764219,0.660192,0.619834,0.761300,0.537921,0.787188,0.748421,0.755530,0.631935,0.639147,0.634275,0.674081,0.685634,0.553646,0.545770,0.681941,0.637380,0.636451,0.692138,0.510510,0.583088,0.583590,0.686876,0.719758,0.830438,0.706621,0.661101,0.720720,0.629872,0.616752,0.775630,0.471030,0.721726,0.579774,0.592887,0.694740,0.551442,0.590232,0.562489,0.610845,0.602380,0.653554,0.615210,0.641142,0.580996,0.613120,0.624090,0.596130,0.768142,0.605332,0.615393,0.672921,0.564959,0.622859,0.627028,0.577296,0.725326,0.647905,0.483468,0.658804,0.540742,0.600097,0.665906,0.558583,0.569303,0.595153,0.742892,0.551490,0.658241,0.629239,0.554923,0.531508,0.553738,0.577758,0.690651,0.727362,0.651670,0.648571,0.774440,0.581340,0.604888,0.568528,0.620891,0.579440,0.663735,0.813283,0.746434,0.590621,0.789835,0.647638,0.545082,0.752416,0.667982,0.665575,0.644113,0.645459,0.708295,0.597345,0.657336,0.586414,0.658252,0.676620,0.629777,0.535441,0.666369,0.628080,0.638304,0.660552,0.653049,0.678748,0.703184,0.663748,0.584547,0.843617,0.652864,0.563727,0.519576,0.588226,0.572376,0.648029,0.672766,0.744851,0.716566,0.599690,0.557057,0.622271,0.623467,0.753712,0.693526,0.656612,0.671579,0.732704,0.612549,0.727404,0.603105,0.590908,0.582280,0.806525,0.653894,0.611459,0.522921,0.554906,0.619629,0.603917,0.675489,0.737211,0.557905,0.576815,0.641420,0.621110,0.687534,0.683810,0.570496,0.688457,0.529788,0.732419,0.573043
0.486041,0.492219,0.574486,0.583571,0.552936,0.629699,0.655527,0.553148,0.700116,0.604791,0.659502,0.660920,0.261605,0.566707,0.265059,0.486390,0.496977,0.601775,0.496867,0.658805,0.540810,0.521320,0.601031,0.605126,0.579007,0.621906,0.484477,0.317561,0.483745,0.262259,0.524767,0.605798,0.301564,0.370175,0.349031,0.651903,0.556643,0.594474,0.656747,0.586022,0.439716,0.491493,0.527034,0.704000,0.727750,0.621491,0.622006,0.554928,0.448858,0.706545,0.617235,0.497631,0.303095,0.347307,0.611476,0.503502,0.453460,0.567585,0.632332,0.668622,0.000000,0.641196,0.322433,0.656549,0.632749,0.456555,0.557196,0.180735,0.545673,0.606354,0.545533,0.144782,0.757638,0.667224,0.336656,0.574328,0.581162,0.511677,0.624231,0.725543,0.799602,0.677371,0.515422,0.311926,0.558763,0.681670,0.695206,0.576559,0.463077,0.677024,0.628026,0.528631,0.624954,0.502990,0.393335,0.638227,0.503680,0.176630,0.571233,0.627425,0.536957,0.564111,0.510442,0.578345,0.361011,0.570654,0.380354,0.569561,0.453997,0.710651,0.473297,0.498979,0.732611,0.629114,0.485594,0.603522,0.425382,0.744310,0.615145,0.537411,0.556116,0.666705,0.567755,0.567372,0.527352,0.492263,0.670244,0.423906,0.541770,0.673529,0.521994,0.714909,0.702808,0.432582,0.694849,0.557431,0.397704,0.589798,0.597153,0.408503,0.706627,0.279846,0.591286,0.630631,0.645052,0.329694,0.646250,0.595292,0.615609,0.609066,0.541248,0.316853,0.563832,0.561389,0.598783,0.635690,0.602454,0.734437,0.562530,0.659312,0.763700,0.655717,0.499461,0.552782,0.687145,0.396280,0.554958,0.728903,0.569306,0.498760,0.631359,0.477847,0.365130,0.629843,0.315211,0.654930,0.515743,0.675132,0.522457,0.662098,0.677405,0.613547,0.648633,0.554591,0.584615,0.507758,0.170466,0.664728,0.666339,0.717280,0.527517,0.585218,0.434945,0.684397,0.648170,0.554902,0.592891,0.484016,0.774413,0.658704,0.302196,0.365294,0.667948,0.528695,0.513649,0.695134,0.756749,0.503426,0.518007,0.639625,0.438376,0.544524,0.283247,0.565137,0.777679,0.621153,0.567832,0.518280,0.632969,0.340211,0.495318,0.608144,0.217496,0.661517,0.641938,0.577071,0.593137,0.383245,0.455232,0.734543,0.686527,0.572105,0.543111,0.585584,0.614564,0.569058,0.676312,0.628275,0.789265,0.585174,0.546685,0.583032,0.740585,0.584395,0.589111,0.440288,0.521011,0.506173,0.760433,0.650435,0.590750,0.575030,0.701731,0.686282,0.335668,0.561062,0.723226,0.597722,0.651682,0.700858,0.401647,0.432905,0.597186,0.651206,0.517213,0.609445,0.567705,0.693724,0.562750,0.703140,0.661186,0.575226,0.637245,0.693568,0.754045,0.603051,0.489782,0.513985,0.604672,0.608861,0.571054,0.722170,0.636117,0.572235,0.626902,0.633132,0.501083,0.645685,0.591649,0.342241,0.572264,0.829211,0.500226,0.791690,0.707634,0.567877,0.501402,0.738471,0.618808,0.618152,0.667124,0.567402,0.379586,0.662390,0.726176,0.562400,0.551284,0.651293,0.701827,0.714423,0.552717,0.587020,0.569850,0.599639,0.756742,0.408905,0.546646,0.576278,0.496917,0.384810,0.690681,0.687402,0.709799,0.532087,0.717905,0.418524,0.563398,0.618905,0.566886,0.431206,0.767997,0.473026,0.470591,0.630173,0.679994,0.738270,0.329284,0.649033,0.734307,0.676518,0.586965,0.624032,0.714862,0.479838,0.431742,0.649547,0.632397,0.432782,0.625198,0.814432,0.684775,0.410132,0.731653,0.659594,0.474091,0.742285,0.760599,0.583214,0.598018,0.730085,0.746154,0.590758,0.606758,0.696154,0.716848,0.564245,0.748686,0.415893,0.388787,0.456047,0.540781,0.539260,0.624462,0.582431,0.581616,0.681431,0.431162,0.594144,0.611341,0.389546,0.537296,0.731274,0.732530,0.687567,0.666657,0.693874,0.645295,0.577034,0.687230,0.565997,0.688443,0.627575,0.504995,0.539849,0.771254,0.467339,0.590117,0.692191,0.603672,0.601462,0.749749,0.666313,0.637074,0.547680,0.634555,0.789121,0.825767,0.596657,0.754251,0.681897,0.464541,0.754734,0.634390,0.563307,0.743674,0.677101,0.649761,0.664815,0.650668,0.770681,0.656396,0.612311,0.796345,0.605340,0.617499,0.537820,0.725811,0.683462,0.565608,0.427538,0.761878,0.441753,0.630845,0.744593,0.614854,0.405285,0.732593,0.749326,0.376196,0.647206,0.649673,0.733253,0.691768,0.524500,0.535229,0.718474,0.725416,0.684144,0.563114,0.552237,0.648063,0.786907,0.766358,0.615302,0.543773,0.600917,0.583440,0.446953,0.658055,0.750889,0.695125,0.579695,0.713329,0.731054,0.685677,0.668231,0.774442,0.785582,0.597314,0.600964,0.565663,0.464773,0.496608,0.652461,0.709182,0.679995,0.630469,0.506347,0.745799,0.578886,0.589359,0.480750,0.647469,0.516864,0.625930,0.639123,0.533951,0.641876,0.657561,0.620307,0.749350,0.807533,0.560377,0.749965,0.750581,0.510098,0.586624,0.667155,0.622470,0.418326,0.598606
0.486165,0.486195,0.359085,0.516866,0.393178,0.436628,0.502699,0.394068,0.581877,0.313577,0.542779,0.279874,0.610731,0.419212,0.548479,0.414733,0.423522,0.519430,0.395232,0.681959,0.503827,0.562198,0.515178,0.441898,0.433799,0.291424,0.522391,0.472418,0.419393,0.558730,0.741704,0.431408,0.665122,0.658439,0.527664,0.565345,0.513004,0.546353,0.611003,0.455122,0.432782,0.689960,0.696246,0.538823,0.657679,0.605168,0.505319,0.482206,0.451045,0.551271,0.384728,0.718171,0.669437,0.762330,0.247039,0.591267,0.419184,0.401806,0.514471,0.526430,0.641196,0.000000,0.702391,0.689671,0.503980,0.457452,0.379858,0.658547,0.633560,0.685824,0.661321,0.654775,0.641410,0.500478,0.711277,0.678793,0.450967,0.418618,0.453785,0.597783,0.735909,0.456716,0.575550,0.770206,0.457677,0.608984,0.503152,0.356447,0.686995,0.543497,0.559937,0.463016,0.479295,0.426482,0.729994,0.610943,0.690164,0.648370,0.602665,0.556597,0.394034,0.648503,0.393562,0.417002,0.711844,0.316854,0.735033,0.301442,0.474328,0.554906,0.804219,0.443833,0.561285,0.486183,0.434081,0.445224,0.807812,0.712161,0.526902,0.467035,0.423328,0.470610,0.440541,0.701457,0.512244,0.579053,0.461456,0.575553,0.559473,0.479398,0.424182,0.603928,0.601006,0.422557,0.607538,0.349017,0.597487,0.602240,0.709451,0.534001,0.612798,0.786508,0.420336,0.584612,0.494685,0.722716,0.529930,0.565481,0.772968,0.672244,0.454154,0.721739,0.427909,0.429047,0.513359,0.461056,0.493729,0.765466,0.400057,0.513375,0.726832,0.484294,0.570652,0.458721,0.599353,0.631071,0.377053,0.678368,0.432043,0.560239,0.601486,0.487151,0.771342,0.569642,0.678163,0.636899,0.795615,0.640193,0.569547,0.646005,0.571608,0.708258,0.538997,0.487471,0.453587,0.755144,0.677622,0.537945,0.792369,0.634407,0.530014,0.450820,0.703411,0.739892,0.545881,0.468834,0.502850,0.595546,0.729606,0.530844,0.754863,0.788841,0.755528,0.467208,0.760592,0.604435,0.705175,0.532349,0.577568,0.627257,0.794153,0.621038,0.721620,0.679964,0.605068,0.478012,0.533832,0.843824,0.514440,0.720058,0.723661,0.577058,0.666566,0.546161,0.488717,0.497995,0.478505,0.795647,0.601626,0.700159,0.737542,0.539303,0.408410,0.573870,0.444020,0.546944,0.635665,0.643477,0.580289,0.428700,0.445209,0.555484,0.715237,0.627199,0.517475,0.648591,0.760171,0.475056,0.710610,0.450503,0.550493,0.474644,0.516470,0.574601,0.708090,0.472637,0.736486,0.694933,0.600400,0.634383,0.800624,0.749755,0.450123,0.529304,0.771153,0.450009,0.476731,0.578996,0.610721,0.478006,0.570304,0.436492,0.506983,0.717199,0.683769,0.446594,0.699884,0.421332,0.548732,0.440009,0.764302,0.619101,0.667906,0.485411,0.512926,0.465785,0.701387,0.577425,0.518585,0.709999,0.765991,0.762098,0.731376,0.496656,0.577261,0.533018,0.695890,0.754889,0.463147,0.497827,0.529850,0.682275,0.644543,0.572191,0.554167,0.684098,0.589904,0.495871,0.559683,0.758289,0.492788,0.548200,0.483163,0.546374,0.732749,0.681140,0.551157,0.478461,0.549247,0.752277,0.514954,0.788635,0.724855,0.529299,0.752429,0.780194,0.559473,0.468460,0.775267,0.624198,0.652577,0.729862,0.738400,0.480447,0.666317,0.552170,0.856525,0.451868,0.736383,0.510818,0.468533,0.846616,0.597076,0.639534,0.762560,0.727602,0.517269,0.770190,0.561701,0.783308,0.784216,0.759646,0.697608,0.529405,0.676696,0.758742,0.769290,0.618776,0.579781,0.751745,0.729013,0.552820,0.607463,0.525765,0.662006,0.489296,0.726420,0.746418,0.838572,0.707748,0.582297,0.613997,0.560228,0.399828,0.785231,0.657268,0.641994,0.468311,0.489523,0.786465,0.455396,0.563761,0.703169,0.603888,0.507499,0.706486,0.610746,0.678490,0.723205,0.472904,0.661515,0.485616,0.819238,0.476875,0.666402,0.641084,0.406274,0.512925,0.631401,0.501724,0.707491,0.612782,0.458792,0.676159,0.494143,0.752656,0.707585,0.495868,0.723739,0.670996,0.715781,0.747546,0.762316,0.442589,0.584826,0.657491,0.627729,0.538234,0.744702,0.792279,0.761115,0.660295,0.703428,0.694252,0.470888,0.439746,0.765197,0.701808,0.514991,0.793485,0.672478,0.684712,0.800370,0.762843,0.482382,0.803299,0.753990,0.637062,0.746917,0.730750,0.661025,0.735267,0.605497,0.620915,0.706580,0.708237,0.612592,0.551593,0.567206,0.662601,0.590567,0.744960,0.643099,0.678149,0.637490,0.623857,0.647433,0.805368,0.669278,0.802043,0.681100,0.506393,0.553070,0.727179,0.800941,0.670162,0.775051,0.653278,0.747096,0.506056,0.655886,0.856099,0.720451,0.684636,0.582374,0.798352,0.628244,0.733601,0.660181,0.629128,0.694420,0.885585,0.711594,0.699082,0.469971,0.610416,0.623281,0.597023,0.666725,0.682981,0.783153,0.683194,0.668854,0.600067,0.797551,0.529999,0.753109,0.559253,0.578482,0.719461,0.624397
0.486206,0.561452,0.635755,0.619153,0.643644,0.727110,0.714122,0.630930,0.766092,0.731348,0.720598,0.770099,0.393286,0.691928,0.419680,0.578309,0.564904,0.657706,0.556265,0.739328,0.653492,0.501612,0.693182,0.651100,0.686921,0.714689,0.632764,0.385762,0.572612,0.420643,0.511384,0.709734,0.198345,0.427691,0.403978,0.740911,0.704319,0.585492,0.688331,0.674850,0.554303,0.429380,0.468802,0.710874,0.761746,0.710484,0.677545,0.669297,0.528483,0.762824,0.686680,0.451446,0.408818,0.240571,0.696698,0.574097,0.583319,0.638442,0.769852,0.694883,0.322433,0.702391,0.000000,0.606211,0.686038,0.555016,0.649733,0.348615,0.639753,0.584973,0.634462,0.391392,0.810606,0.765716,0.453452,0.660466,0.694384,0.581511,0.719832,0.729586,0.777259,0.737789,0.549009,0.254076,0.618749,0.777465,0.779464,0.654517,0.547619,0.675963,0.709360,0.630973,0.765317,0.607239,0.451031,0.742426,0.568328,0.403796,0.601074,0.732217,0.669434,0.669853,0.645928,0.687031,0.473429,0.702856,0.276830,0.689712,0.501715,0.750256,0.415793,0.593568,0.768000,0.758458,0.583540,0.633839,0.357527,0.783835,0.696858,0.673861,0.668052,0.690544,0.616838,0.702821,0.590603,0.560435,0.709124,0.496856,0.596784,0.714882,0.621955,0.784283,0.734553,0.621978,0.758800,0.639034,0.538325,0.639608,0.629588,0.561167,0.749471,0.351012,0.608822,0.702807,0.736863,0.411788,0.687820,0.598760,0.627292,0.670501,0.596057,0.455195,0.606856,0.624506,0.741306,0.711320,0.678687,0.737461,0.637709,0.735251,0.796785,0.617454,0.658966,0.602747,0.746811,0.477195,0.650418,0.772869,0.645462,0.617807,0.725326,0.546392,0.281803,0.705607,0.485768,0.656578,0.465084,0.658910,0.649894,0.710434,0.714521,0.638283,0.704716,0.692653,0.663716,0.489854,0.420644,0.747365,0.618392,0.770552,0.614542,0.653055,0.532386,0.724083,0.724248,0.624705,0.633924,0.529901,0.721428,0.692329,0.271357,0.294633,0.648805,0.599848,0.526046,0.714178,0.817744,0.593732,0.572446,0.613312,0.329226,0.535404,0.391567,0.677275,0.845582,0.633004,0.574289,0.449095,0.737599,0.362188,0.585289,0.708446,0.463151,0.690887,0.717908,0.675864,0.621740,0.307023,0.465494,0.824890,0.679115,0.602789,0.692326,0.702308,0.748903,0.653484,0.709987,0.722898,0.850209,0.698927,0.574947,0.614687,0.783331,0.669153,0.715242,0.523826,0.509866,0.576428,0.771198,0.650610,0.718645,0.645391,0.780122,0.759802,0.501688,0.646039,0.745612,0.668326,0.713545,0.720678,0.292126,0.548375,0.711610,0.777440,0.469606,0.679659,0.572556,0.724978,0.679432,0.829067,0.648044,0.689507,0.654038,0.786354,0.750396,0.706136,0.579318,0.647196,0.665005,0.650038,0.634749,0.798625,0.697015,0.616706,0.643979,0.663618,0.558890,0.615272,0.599911,0.498777,0.607111,0.840864,0.636312,0.837792,0.775437,0.636748,0.642668,0.791964,0.647664,0.640971,0.672170,0.677670,0.519200,0.721622,0.797808,0.667131,0.596004,0.698383,0.696719,0.788274,0.627748,0.704470,0.584919,0.755127,0.801481,0.504680,0.625277,0.675868,0.574901,0.511744,0.709811,0.807792,0.650304,0.712012,0.809074,0.401748,0.627026,0.642819,0.560555,0.582880,0.820863,0.550071,0.456962,0.619272,0.685736,0.743893,0.292222,0.717447,0.749585,0.724957,0.637955,0.529804,0.722470,0.572140,0.366698,0.710378,0.717625,0.346730,0.687370,0.828719,0.721087,0.321203,0.837119,0.726599,0.454122,0.821463,0.766768,0.654233,0.705180,0.769318,0.791944,0.598306,0.696208,0.740487,0.794715,0.565738,0.789777,0.330988,0.373507,0.527204,0.632572,0.435078,0.716827,0.669287,0.543188,0.716560,0.713578,0.621086,0.689649,0.453875,0.611362,0.728060,0.697004,0.794180,0.735324,0.746075,0.688490,0.639111,0.766168,0.641731,0.706210,0.728065,0.492634,0.665745,0.758996,0.551389,0.710941,0.732802,0.688850,0.609961,0.799907,0.744663,0.656677,0.674339,0.691657,0.750052,0.872226,0.676453,0.740899,0.678903,0.534419,0.757544,0.680028,0.671816,0.797782,0.740948,0.716895,0.652611,0.731666,0.866084,0.688092,0.700449,0.805964,0.680496,0.712151,0.592035,0.696340,0.693895,0.673159,0.370775,0.787823,0.480803,0.569062,0.843965,0.670001,0.371676,0.753043,0.789177,0.476451,0.734906,0.673398,0.727431,0.817276,0.660213,0.625856,0.709077,0.765974,0.758945,0.593883,0.709409,0.724503,0.812968,0.750268,0.648349,0.655229,0.674318,0.639416,0.375786,0.734855,0.761966,0.776101,0.671235,0.746492,0.808972,0.654129,0.752576,0.855867,0.837981,0.624003,0.638664,0.631378,0.444052,0.637457,0.708195,0.705101,0.642170,0.736091,0.719910,0.790412,0.627300,0.813533,0.361814,0.689136,0.643088,0.675708,0.701931,0.555602,0.725620,0.681508,0.735517,0.792259,0.827570,0.644200,0.682276,0.768481,0.578323,0.642029,0.696325,0.741577,0.534183,0.684104
0.487288,0.552758,0.592048,0.631797,0.609606,0.520122,0.453804,0.565198,0.580516,0.547939,0.464910,0.588693,0.542646,0.647280,0.575851,0.533675,0.644293,0.439716,0.641906,0.559450,0.501011,0.658393,0.560230,0.618651,0.567578,0.607469,0.609239,0.626141,0.632354,0.656820,0.566464,0.634275,0.626570,0.583237,0.639278,0.487304,0.659744,0.551371,0.470883,0.594698,0.636394,0.555857,0.585803,0.671279,0.571413,0.700310,0.546392,0.699715,0.672928,0.544492,0.650764,0.541818,0.591578,0.634077,0.628691,0.741000,0.658021,0.593806,0.742559,0.649092,0.656549,0.689671,0.606211,0.000000,0.641313,0.608061,0.667433,0.700359,0.644796,0.473706,0.579833,0.622254,0.481609,0.657086,0.553390,0.583808,0.604899,0.595234,0.639765,0.499546,0.620157,0.605047,0.684672,0.629635,0.693314,0.511961,0.653229,0.707387,0.657667,0.488684,0.524069,0.574368,0.619951,0.645549,0.665022,0.524018,0.547232,0.629937,0.694808,0.570083,0.601914,0.654726,0.641269,0.645509,0.601544,0.612386,0.628513,0.631216,0.658005,0.506119,0.523937,0.653643,0.423930,0.569278,0.655177,0.620852,0.727015,0.653569,0.545425,0.599911,0.583496,0.730083,0.705778,0.755804,0.627780,0.624995,0.601536,0.606364,0.584165,0.599098,0.666909,0.507982,0.426453,0.593023,0.670602,0.696619,0.654804,0.589880,0.464271,0.578592,0.562635,0.710899,0.647551,0.467719,0.691380,0.727712,0.547422,0.677001,0.545000,0.677032,0.686524,0.643086,0.596456,0.670379,0.593884,0.693539,0.555534,0.595116,0.642068,0.560643,0.664634,0.685210,0.752275,0.673077,0.539285,0.613961,0.695277,0.662181,0.646866,0.743708,0.695854,0.690942,0.655186,0.529747,0.606099,0.461843,0.556168,0.678403,0.744008,0.667130,0.783653,0.636190,0.421794,0.672848,0.722289,0.530525,0.697511,0.518787,0.552415,0.542343,0.686647,0.651076,0.663366,0.545569,0.664818,0.692969,0.612231,0.622796,0.608084,0.737895,0.685962,0.590923,0.561891,0.659699,0.453890,0.503593,0.659052,0.647309,0.730454,0.577053,0.633289,0.699191,0.625408,0.670978,0.726674,0.751155,0.664732,0.549625,0.669901,0.728766,0.672451,0.735698,0.679559,0.509167,0.697638,0.733206,0.722333,0.627489,0.662064,0.692235,0.569111,0.601783,0.683460,0.679222,0.729340,0.722042,0.558687,0.829860,0.733385,0.699906,0.675662,0.750937,0.697506,0.696115,0.603754,0.673265,0.610292,0.598141,0.696193,0.578217,0.543464,0.674652,0.577757,0.624598,0.674901,0.720137,0.623935,0.664834,0.736986,0.778549,0.589585,0.632678,0.711079,0.663389,0.535104,0.645574,0.653249,0.785567,0.712954,0.705491,0.597825,0.660688,0.681746,0.736966,0.624023,0.704115,0.587555,0.661204,0.772284,0.653728,0.639118,0.771699,0.768686,0.712946,0.616582,0.656384,0.713633,0.589089,0.560611,0.663314,0.665970,0.721580,0.633192,0.673857,0.655015,0.633315,0.599604,0.658676,0.628480,0.647835,0.631571,0.674459,0.647735,0.560698,0.778768,0.617879,0.662172,0.716640,0.604734,0.724330,0.670176,0.558701,0.536865,0.684360,0.682084,0.721356,0.732532,0.676308,0.739954,0.690010,0.619847,0.659586,0.505837,0.675761,0.624878,0.589565,0.671121,0.614100,0.549030,0.673849,0.810190,0.751430,0.652762,0.673475,0.626571,0.596557,0.711348,0.616268,0.651799,0.760910,0.706852,0.414225,0.770392,0.682657,0.706446,0.608917,0.646416,0.650422,0.717015,0.720139,0.651383,0.627274,0.642641,0.580449,0.644931,0.628339,0.743301,0.501260,0.714980,0.712921,0.642350,0.664493,0.731384,0.605480,0.607133,0.607192,0.588938,0.713220,0.672447,0.564608,0.691688,0.708071,0.785834,0.732699,0.604799,0.660887,0.642501,0.677906,0.730027,0.657495,0.744630,0.499261,0.625681,0.468961,0.655632,0.677463,0.745987,0.731194,0.706944,0.749102,0.746845,0.571508,0.618143,0.647837,0.493036,0.756802,0.692707,0.588797,0.589406,0.564648,0.684245,0.548355,0.661260,0.680190,0.650120,0.449273,0.647095,0.621562,0.489983,0.487062,0.657392,0.645306,0.654206,0.702549,0.619770,0.624367,0.633764,0.542249,0.574163,0.659110,0.467720,0.576983,0.720237,0.616895,0.727906,0.637404,0.596628,0.707627,0.784353,0.675521,0.766014,0.693996,0.653150,0.663694,0.617903,0.717627,0.683955,0.697938,0.664861,0.615793,0.700434,0.607014,0.648484,0.615041,0.780386,0.726071,0.742572,0.758311,0.665969,0.701830,0.773181,0.770851,0.603231,0.245592,0.710824,0.723359,0.774251,0.645506,0.752983,0.634638,0.678486,0.739162,0.635483,0.654093,0.553034,0.663876,0.696321,0.714308,0.681442,0.660892,0.744759,0.688217,0.661443,0.654260,0.758978,0.616668,0.592912,0.688958,0.645227,0.768525,0.760312,0.651280,0.586223,0.650553,0.699050,0.804621,0.760546,0.798304,0.682674,0.712401,0.633599,0.590944,0.753478,0.597679,0.739645,0.652659,0.610839,0.803057,0.715464,0.616911,0.783703
0.487710,0.502048,0.367888,0.535228,0.400243,0.401656,0.449983,0.425222,0.465041,0.398951,0.470993,0.444268,0.627281,0.433275,0.597288,0.498203,0.395271,0.527988,0.398630,0.652582,0.468639,0.457491,0.419722,0.440462,0.326940,0.419935,0.596046,0.495134,0.466258,0.503435,0.711878,0.503546,0.688298,0.657247,0.510601,0.475246,0.506154,0.459587,0.460011,0.356085,0.418461,0.611442,0.700918,0.616067,0.556180,0.657341,0.482218,0.422952,0.527665,0.410641,0.474912,0.668835,0.659800,0.737577,0.373197,0.593989,0.483515,0.429165,0.597697,0.494292,0.632749,0.503980,0.686038,0.641313,0.000000,0.433963,0.460592,0.561087,0.534127,0.617995,0.569194,0.651965,0.497526,0.468325,0.698008,0.647272,0.400033,0.503454,0.432685,0.525675,0.645879,0.386249,0.551585,0.730076,0.518072,0.484066,0.449740,0.431739,0.737167,0.522190,0.491324,0.466601,0.452602,0.427629,0.717914,0.509122,0.729899,0.650493,0.671338,0.500612,0.481998,0.633122,0.438039,0.498358,0.707144,0.418863,0.689781,0.429854,0.545617,0.491768,0.721474,0.496116,0.467724,0.446519,0.473785,0.526365,0.734556,0.666760,0.431587,0.391687,0.443415,0.494167,0.474561,0.601680,0.453523,0.570810,0.467586,0.517858,0.670197,0.465173,0.453496,0.579246,0.515249,0.456028,0.525284,0.426646,0.629703,0.536389,0.643523,0.505843,0.522151,0.708407,0.455651,0.542626,0.541718,0.748448,0.454983,0.617081,0.715907,0.693668,0.478437,0.689868,0.489804,0.468760,0.475635,0.464049,0.446458,0.671157,0.577998,0.620340,0.703683,0.453820,0.616257,0.493609,0.557659,0.600281,0.487158,0.609787,0.471818,0.541175,0.633397,0.542224,0.736123,0.592564,0.629028,0.586608,0.752071,0.591835,0.573918,0.608143,0.592139,0.721154,0.542282,0.482199,0.492270,0.709783,0.645960,0.617984,0.701828,0.543641,0.573473,0.510946,0.712917,0.673914,0.586131,0.415343,0.497958,0.541283,0.692241,0.482614,0.729391,0.739964,0.609021,0.488318,0.737345,0.529360,0.727960,0.628149,0.613412,0.676432,0.745556,0.628073,0.672699,0.642280,0.628020,0.513284,0.617664,0.796663,0.460179,0.721609,0.764545,0.628411,0.659819,0.560947,0.488861,0.481097,0.481098,0.768499,0.608497,0.571600,0.667827,0.614294,0.498005,0.603045,0.611260,0.560853,0.576082,0.694101,0.626308,0.501140,0.472682,0.569226,0.563066,0.533578,0.533073,0.751833,0.653119,0.537497,0.551138,0.506455,0.611442,0.667722,0.668552,0.566042,0.691109,0.517793,0.673144,0.673646,0.575808,0.603413,0.755355,0.744544,0.508769,0.488272,0.738847,0.437734,0.450239,0.586335,0.724352,0.501503,0.446617,0.475747,0.569065,0.609804,0.739312,0.478043,0.634754,0.570581,0.519891,0.430769,0.710591,0.455240,0.733643,0.515883,0.557755,0.503291,0.716209,0.533772,0.529304,0.730199,0.754108,0.653826,0.704256,0.542729,0.585885,0.584301,0.666053,0.674844,0.590885,0.545346,0.627849,0.619825,0.620429,0.569009,0.500221,0.634784,0.621734,0.540767,0.557426,0.630983,0.528072,0.494122,0.511635,0.480955,0.626640,0.746763,0.632057,0.485812,0.542369,0.738476,0.545203,0.752200,0.586218,0.472665,0.685755,0.748245,0.634273,0.510117,0.825878,0.576859,0.597277,0.655408,0.744198,0.421719,0.634302,0.512040,0.775271,0.484720,0.790109,0.538296,0.479302,0.757832,0.595156,0.618802,0.740993,0.727328,0.472328,0.699892,0.493763,0.747459,0.679548,0.704430,0.637769,0.658112,0.682954,0.688329,0.743811,0.594036,0.591005,0.696447,0.721779,0.528003,0.569441,0.435383,0.632338,0.523186,0.683429,0.735671,0.784793,0.666246,0.661735,0.694253,0.482695,0.516243,0.803151,0.601369,0.696871,0.526626,0.465563,0.681313,0.478458,0.528166,0.717516,0.558458,0.553812,0.591503,0.469532,0.685029,0.732642,0.536964,0.618764,0.626464,0.768817,0.525161,0.634855,0.639425,0.524089,0.650073,0.540584,0.517139,0.668408,0.547668,0.501808,0.630791,0.494574,0.678022,0.651822,0.552104,0.604743,0.642341,0.785238,0.623690,0.667954,0.523443,0.536637,0.593524,0.619485,0.572424,0.668790,0.722455,0.608586,0.712955,0.826415,0.575878,0.450023,0.527066,0.700099,0.670420,0.492613,0.826623,0.681250,0.640858,0.775864,0.667832,0.551950,0.724576,0.738833,0.592992,0.647114,0.727283,0.710907,0.669064,0.656357,0.569809,0.734406,0.706678,0.560747,0.546088,0.508346,0.701652,0.492060,0.667640,0.624372,0.664029,0.733297,0.686899,0.621405,0.841163,0.749201,0.687117,0.707821,0.530867,0.517373,0.644205,0.725710,0.670528,0.717016,0.606758,0.742235,0.476214,0.643867,0.708836,0.766869,0.691373,0.555590,0.773803,0.646273,0.594479,0.578703,0.681844,0.622037,0.789310,0.661615,0.644586,0.494182,0.633308,0.638631,0.603120,0.721392,0.672858,0.673331,0.589695,0.681267,0.501295,0.634998,0.626130,0.726994,0.568237,0.544754,0.783385,0.631361
0.487876,0.393529,0.385033,0.501495,0.350105,0.417383,0.484744,0.354758,0.490898,0.411774,0.514432,0.483581,0.471745,0.424199,0.423589,0.335495,0.136066,0.540232,0.154295,0.674527,0.336629,0.420101,0.330279,0.357224,0.263880,0.477303,0.344518,0.293660,0.300539,0.300923,0.634099,0.410628,0.506521,0.535142,0.227833,0.489548,0.352942,0.449079,0.511292,0.356513,0.315626,0.582212,0.576749,0.630008,0.666306,0.539218,0.417531,0.417094,0.354356,0.451794,0.478369,0.634396,0.456019,0.613937,0.347394,0.506055,0.329562,0.315302,0.507558,0.450845,0.456555,0.457452,0.555016,0.608061,0.433963,0.000000,0.382850,0.401776,0.549782,0.650351,0.581170,0.511280,0.526733,0.525809,0.581897,0.583778,0.370874,0.355576,0.401149,0.526008,0.762661,0.435179,0.400462,0.574254,0.334491,0.593723,0.551663,0.291962,0.606301,0.503357,0.566141,0.314892,0.492521,0.120794,0.553897,0.588098,0.674288,0.515157,0.473030,0.461530,0.325230,0.582736,0.293320,0.430645,0.590471,0.385663,0.564900,0.344706,0.292644,0.492156,0.700289,0.325454,0.552814,0.412856,0.333902,0.439595,0.649342,0.738587,0.431473,0.239931,0.377678,0.437420,0.378034,0.627290,0.303275,0.332851,0.464188,0.252567,0.576003,0.417623,0.327579,0.661909,0.551871,0.282958,0.497604,0.266312,0.526386,0.526178,0.662016,0.250319,0.603845,0.529580,0.384076,0.526321,0.508703,0.453805,0.503078,0.513286,0.718295,0.693612,0.324471,0.520206,0.331692,0.366553,0.451279,0.324667,0.401927,0.713423,0.403761,0.604225,0.734148,0.447367,0.392453,0.309903,0.551768,0.284303,0.270097,0.640492,0.298486,0.296447,0.526435,0.435397,0.629117,0.577785,0.518257,0.510352,0.700348,0.473158,0.354120,0.591881,0.642967,0.662337,0.611233,0.301009,0.376742,0.626676,0.496309,0.600371,0.732231,0.642961,0.341766,0.377245,0.613460,0.694057,0.559650,0.238456,0.367939,0.263346,0.721180,0.428501,0.541660,0.545349,0.644179,0.259423,0.703329,0.492434,0.723079,0.338175,0.451371,0.649815,0.596687,0.387910,0.496071,0.633408,0.695368,0.381757,0.414709,0.767464,0.420888,0.513392,0.629886,0.470242,0.534423,0.380520,0.429932,0.434939,0.399521,0.659147,0.448101,0.641603,0.650929,0.571920,0.383727,0.551947,0.518449,0.346106,0.553484,0.559117,0.701753,0.395592,0.348507,0.370673,0.626122,0.497041,0.409742,0.619346,0.561557,0.333771,0.659875,0.485106,0.449222,0.510168,0.661697,0.615756,0.514929,0.352582,0.702139,0.694419,0.536511,0.688899,0.650776,0.644210,0.432970,0.519315,0.676692,0.353689,0.405498,0.526711,0.635717,0.413463,0.413315,0.202314,0.491595,0.698078,0.711599,0.441044,0.552700,0.339438,0.410972,0.347147,0.712811,0.538287,0.679483,0.368756,0.473314,0.470030,0.661366,0.437184,0.307060,0.578592,0.640343,0.782070,0.669204,0.566352,0.554865,0.346684,0.550610,0.751248,0.453259,0.437404,0.356876,0.568785,0.483595,0.453591,0.503421,0.598500,0.539597,0.543418,0.355868,0.692933,0.354555,0.409713,0.316953,0.411966,0.672543,0.454756,0.576451,0.369423,0.370306,0.583048,0.267250,0.706980,0.620179,0.288434,0.695978,0.663353,0.517499,0.438476,0.703454,0.508222,0.669692,0.619392,0.595697,0.391845,0.636060,0.504528,0.651517,0.352209,0.770424,0.486664,0.457066,0.712751,0.486076,0.542104,0.618715,0.676245,0.411152,0.605181,0.362019,0.823583,0.796885,0.648570,0.590678,0.662412,0.530359,0.747024,0.779500,0.443629,0.451722,0.758852,0.726082,0.523374,0.589079,0.405296,0.625005,0.366353,0.678405,0.619571,0.652783,0.599872,0.561656,0.664219,0.464631,0.400669,0.750295,0.586412,0.593695,0.378497,0.421296,0.541505,0.350585,0.436732,0.722082,0.509437,0.472752,0.585063,0.531945,0.601534,0.711263,0.436880,0.697481,0.556483,0.699657,0.323038,0.572660,0.617139,0.430614,0.700485,0.539389,0.366976,0.731788,0.577734,0.232728,0.492156,0.305951,0.700052,0.684749,0.311621,0.660646,0.655025,0.644569,0.658201,0.722847,0.420941,0.534102,0.521331,0.562926,0.490854,0.650791,0.810853,0.681222,0.558783,0.808842,0.612906,0.406190,0.369212,0.706061,0.553006,0.447438,0.660875,0.702092,0.507367,0.787104,0.682253,0.257338,0.607166,0.756791,0.669060,0.508888,0.651951,0.612466,0.701608,0.608806,0.487189,0.575730,0.620143,0.644304,0.479723,0.493281,0.636701,0.501728,0.707157,0.599369,0.540879,0.597086,0.530060,0.462543,0.721713,0.719564,0.720185,0.577351,0.421946,0.611722,0.705335,0.751704,0.578962,0.765919,0.615985,0.630390,0.421876,0.470932,0.633570,0.646801,0.608038,0.539447,0.767642,0.650528,0.608219,0.634089,0.615389,0.610273,0.690508,0.520770,0.459615,0.433896,0.516335,0.382569,0.504477,0.694329,0.657200,0.664752,0.618302,0.601434,0.529265,0.764596,0.293693,0.641707,0.479074,0.382108,0.611520,0.475454
0.488509,0.458900,0.239474,0.433689,0.276662,0.443622,0.582048,0.255974,0.611815,0.358735,0.603981,0.404866,0.545470,0.371629,0.484124,0.267432,0.331213,0.503834,0.315642,0.674165,0.485975,0.445232,0.524908,0.377992,0.389451,0.400991,0.440966,0.250960,0.277092,0.419679,0.651416,0.346153,0.616766,0.661852,0.356436,0.636675,0.509760,0.466796,0.655227,0.348865,0.269235,0.710009,0.639277,0.566772,0.720813,0.618352,0.378859,0.375971,0.340719,0.636304,0.368778,0.739451,0.633142,0.712743,0.335654,0.539674,0.328000,0.287387,0.479955,0.530296,0.557196,0.379858,0.649733,0.667433,0.460592,0.382850,0.000000,0.528069,0.624116,0.691725,0.665788,0.589088,0.570974,0.445909,0.680598,0.774905,0.459212,0.325357,0.399525,0.574555,0.718613,0.383756,0.450822,0.711412,0.253614,0.680892,0.425992,0.187443,0.713174,0.571874,0.649947,0.285701,0.367868,0.358023,0.716292,0.700371,0.734410,0.582772,0.488761,0.611027,0.311954,0.640156,0.302630,0.321373,0.658035,0.365974,0.674975,0.349130,0.301731,0.627919,0.815994,0.250273,0.539242,0.507201,0.259827,0.300981,0.740588,0.735125,0.538579,0.397077,0.391562,0.305099,0.222159,0.683112,0.533522,0.449520,0.321869,0.569544,0.591593,0.498130,0.227228,0.580067,0.573784,0.366364,0.619379,0.191425,0.536809,0.685513,0.685708,0.560092,0.709902,0.668106,0.281235,0.653383,0.339183,0.653440,0.414168,0.563045,0.795624,0.687996,0.204678,0.655472,0.227209,0.217446,0.416642,0.408568,0.552062,0.759046,0.406181,0.629401,0.672461,0.432560,0.472138,0.200492,0.579758,0.644896,0.244422,0.720804,0.291595,0.500107,0.608526,0.364047,0.723562,0.550303,0.629945,0.526717,0.780110,0.527028,0.393606,0.676390,0.526232,0.699999,0.582880,0.423137,0.208970,0.763506,0.573968,0.534332,0.817992,0.662678,0.386246,0.305359,0.733647,0.795179,0.430811,0.299438,0.315620,0.438976,0.724187,0.449093,0.684826,0.705268,0.688973,0.242547,0.790202,0.659327,0.641612,0.452876,0.540668,0.638212,0.740109,0.494045,0.605852,0.572613,0.610401,0.278054,0.433811,0.850324,0.428980,0.639281,0.727685,0.458620,0.579884,0.318063,0.392465,0.324812,0.228679,0.814266,0.500521,0.677553,0.806593,0.575473,0.086414,0.468553,0.438972,0.432349,0.666581,0.580363,0.600239,0.295346,0.222256,0.401671,0.698437,0.595648,0.368079,0.683426,0.726000,0.253617,0.667764,0.390184,0.446329,0.508906,0.582266,0.536064,0.658703,0.249302,0.690738,0.656588,0.477947,0.601426,0.789795,0.716721,0.314480,0.474832,0.725177,0.291855,0.352704,0.492901,0.616945,0.363088,0.646299,0.370788,0.402392,0.680748,0.712936,0.310453,0.728634,0.401162,0.302165,0.310467,0.683030,0.541156,0.640700,0.217978,0.585559,0.376341,0.732657,0.582469,0.350229,0.681237,0.643016,0.727460,0.752560,0.473317,0.565540,0.337643,0.682618,0.682619,0.357648,0.396444,0.402043,0.642511,0.595752,0.497804,0.501544,0.692430,0.552020,0.400762,0.389599,0.671111,0.216468,0.625382,0.346984,0.514815,0.696747,0.618984,0.388104,0.299979,0.336103,0.685786,0.483261,0.742581,0.734583,0.481411,0.707991,0.796657,0.541905,0.302585,0.777759,0.527005,0.608328,0.620741,0.703127,0.343984,0.616885,0.560944,0.752562,0.429378,0.730673,0.370704,0.308809,0.858325,0.601543,0.627492,0.752534,0.737488,0.425254,0.734638,0.378153,0.808243,0.757713,0.751430,0.681924,0.600383,0.613396,0.673660,0.797616,0.479987,0.547915,0.743496,0.609185,0.423625,0.487678,0.585126,0.731018,0.279114,0.681887,0.683778,0.777865,0.693782,0.552762,0.699885,0.430486,0.223497,0.759498,0.662489,0.623641,0.293592,0.319281,0.655604,0.224612,0.467791,0.669235,0.507362,0.447362,0.621351,0.466348,0.527134,0.685820,0.304110,0.633334,0.525843,0.737463,0.321087,0.627067,0.510978,0.223521,0.618079,0.593235,0.369588,0.736246,0.667980,0.338594,0.603897,0.341149,0.774577,0.585713,0.264933,0.724788,0.736231,0.659757,0.730845,0.738490,0.290796,0.635367,0.673077,0.609899,0.453422,0.690340,0.728633,0.792003,0.619707,0.733893,0.696071,0.306322,0.361204,0.811160,0.553743,0.320852,0.792602,0.666140,0.547930,0.725852,0.649740,0.502046,0.693498,0.741792,0.612140,0.676134,0.682140,0.541025,0.711845,0.528625,0.664250,0.687876,0.632783,0.618293,0.485701,0.391379,0.625865,0.362460,0.707848,0.671126,0.618450,0.614754,0.610796,0.474660,0.839727,0.699685,0.748849,0.637150,0.295793,0.487154,0.663197,0.815107,0.624031,0.710936,0.665231,0.646281,0.301423,0.554502,0.726335,0.729316,0.601611,0.464633,0.823078,0.630458,0.615329,0.643340,0.541870,0.650633,0.785554,0.613386,0.560984,0.426355,0.468354,0.508507,0.390840,0.582741,0.527868,0.758086,0.621011,0.609735,0.574112,0.717239,0.448647,0.692138,0.354489,0.544282,0.724061,0.530354
0.488570,0.486443,0.556598,0.593469,0.550447,0.637657,0.673791,0.535137,0.690969,0.621101,0.671997,0.712478,0.331162,0.525045,0.333671,0.473039,0.462740,0.623408,0.454244,0.683249,0.559442,0.485389,0.590071,0.534958,0.529128,0.657334,0.491579,0.297309,0.471163,0.136564,0.544215,0.546317,0.315750,0.387377,0.298023,0.664482,0.561237,0.569986,0.701249,0.499810,0.412573,0.486496,0.529556,0.682061,0.765723,0.599571,0.625514,0.530872,0.435863,0.683794,0.641743,0.522959,0.373257,0.366176,0.601016,0.498258,0.453794,0.519760,0.611159,0.644401,0.180735,0.658547,0.348615,0.700359,0.561087,0.401776,0.528069,0.000000,0.568361,0.658772,0.562161,0.254372,0.760302,0.635596,0.422464,0.616406,0.519286,0.474646,0.571940,0.712201,0.822234,0.595888,0.492530,0.336129,0.506079,0.689844,0.595462,0.509991,0.464300,0.673145,0.656824,0.511696,0.571366,0.448102,0.448186,0.635259,0.585831,0.263049,0.590353,0.649593,0.473601,0.569722,0.460407,0.598166,0.350159,0.602372,0.392049,0.582160,0.416323,0.653532,0.518152,0.474004,0.754721,0.642693,0.507231,0.589561,0.409759,0.737878,0.557007,0.500542,0.558373,0.575106,0.511769,0.550931,0.537275,0.431531,0.583455,0.388870,0.589764,0.652009,0.499560,0.705027,0.690105,0.464841,0.696185,0.498389,0.427047,0.609167,0.642990,0.425967,0.711264,0.262232,0.545466,0.629512,0.631412,0.323357,0.581134,0.571620,0.681177,0.609344,0.490254,0.327798,0.528716,0.541373,0.583948,0.632678,0.623261,0.771665,0.544414,0.708588,0.786484,0.582176,0.500581,0.479738,0.738235,0.369015,0.502233,0.708879,0.538937,0.483429,0.631830,0.466703,0.385881,0.637736,0.338754,0.624526,0.543910,0.665050,0.507118,0.693426,0.640684,0.604531,0.687273,0.569735,0.537719,0.548297,0.249865,0.676179,0.691205,0.711218,0.506655,0.515999,0.460210,0.674318,0.632778,0.511535,0.552479,0.456518,0.773833,0.590181,0.310423,0.406472,0.617226,0.460352,0.582978,0.639410,0.782286,0.469063,0.522741,0.659342,0.474727,0.469010,0.284708,0.511298,0.690774,0.551409,0.537146,0.562385,0.629095,0.358243,0.581774,0.607462,0.300556,0.632455,0.645221,0.537823,0.521398,0.454906,0.465925,0.676655,0.657493,0.580934,0.533444,0.595892,0.653877,0.527341,0.670995,0.626085,0.732007,0.601797,0.494746,0.517858,0.731109,0.605720,0.587631,0.466350,0.505682,0.491963,0.728341,0.657885,0.578509,0.599055,0.762151,0.653574,0.392006,0.505023,0.721400,0.613018,0.596980,0.722309,0.442303,0.534293,0.594504,0.626193,0.595762,0.589479,0.483487,0.647332,0.614222,0.657436,0.564417,0.574442,0.589281,0.725259,0.727817,0.612939,0.329563,0.497631,0.570128,0.537609,0.600023,0.687904,0.619387,0.526801,0.641613,0.646742,0.520581,0.596261,0.562271,0.430403,0.606152,0.767291,0.593627,0.722469,0.671288,0.566786,0.507251,0.728342,0.609668,0.587388,0.602604,0.550690,0.424099,0.692099,0.695856,0.538503,0.559730,0.581528,0.657558,0.710851,0.507738,0.575135,0.557241,0.594048,0.793080,0.397938,0.544550,0.522232,0.453610,0.460676,0.622087,0.709200,0.704262,0.520762,0.732049,0.481045,0.534017,0.637606,0.603713,0.463471,0.752431,0.494638,0.444110,0.562311,0.664966,0.716378,0.323170,0.633734,0.800914,0.634642,0.590348,0.608535,0.631251,0.546921,0.422375,0.694169,0.585961,0.422103,0.568826,0.820344,0.724846,0.454056,0.690900,0.700795,0.486233,0.781209,0.735969,0.579511,0.586808,0.715738,0.696619,0.541970,0.611571,0.648937,0.689117,0.549006,0.732418,0.423972,0.357002,0.444594,0.560537,0.563040,0.628824,0.600180,0.582498,0.709207,0.561480,0.554311,0.608527,0.395194,0.495386,0.672284,0.716093,0.720897,0.685410,0.723206,0.647297,0.593129,0.635873,0.531174,0.668557,0.681787,0.543044,0.512162,0.735319,0.489276,0.578151,0.716841,0.615013,0.588113,0.751824,0.677619,0.593452,0.546282,0.617654,0.745227,0.762308,0.578666,0.775569,0.750252,0.502499,0.771533,0.613799,0.599229,0.676190,0.654806,0.588553,0.656722,0.699000,0.790648,0.673525,0.650638,0.843288,0.623052,0.572410,0.515789,0.706013,0.670296,0.529758,0.454158,0.785656,0.411059,0.659275,0.707563,0.571999,0.419931,0.723761,0.740165,0.357709,0.701582,0.630908,0.739424,0.671120,0.429543,0.519219,0.671493,0.719659,0.632487,0.536133,0.575355,0.615720,0.811869,0.707783,0.634085,0.535081,0.626499,0.514771,0.467515,0.648953,0.772188,0.662246,0.514840,0.721723,0.764552,0.741302,0.720297,0.781696,0.759771,0.591332,0.560438,0.522259,0.425741,0.583999,0.645250,0.650728,0.694132,0.638382,0.538107,0.742982,0.577150,0.614961,0.518807,0.620522,0.507934,0.594421,0.625434,0.476461,0.627446,0.658401,0.645863,0.788652,0.736025,0.516568,0.729136,0.751308,0.459469,0.597827,0.609659,0.609071,0.519890,0.595085
0.489655,0.517436,0.577398,0.604626,0.577981,0.521044,0.550886,0.622484,0.504856,0.473002,0.571224,0.550694,0.439583,0.597482,0.418164,0.540442,0.531977,0.610520,0.502493,0.666157,0.489887,0.597556,0.506692,0.604548,0.532159,0.624055,0.582991,0.593268,0.603202,0.551147,0.574537,0.602747,0.614661,0.526466,0.590796,0.508340,0.573442,0.480038,0.566528,0.589223,0.500378,0.583623,0.589281,0.709456,0.577071,0.596365,0.598243,0.497096,0.508346,0.474663,0.598943,0.564081,0.538533,0.614913,0.556957,0.489523,0.609251,0.576363,0.641741,0.598965,0.545673,0.633560,0.639753,0.644796,0.534127,0.549782,0.624116,0.568361,0.000000,0.622085,0.543754,0.557601,0.493530,0.488550,0.543732,0.394770,0.564253,0.578549,0.452852,0.634354,0.761210,0.612920,0.583361,0.612243,0.692099,0.508246,0.666831,0.637813,0.573549,0.619753,0.450197,0.629156,0.612762,0.554409,0.602562,0.569968,0.506504,0.547155,0.669451,0.538827,0.601655,0.490278,0.587713,0.613198,0.609595,0.539683,0.602389,0.554524,0.641652,0.624977,0.588765,0.641593,0.522616,0.570068,0.554562,0.721355,0.662338,0.581066,0.625106,0.568702,0.604559,0.703373,0.594866,0.504661,0.537066,0.589902,0.726400,0.514815,0.442247,0.536997,0.650713,0.708252,0.648139,0.553273,0.501296,0.629591,0.504282,0.440274,0.550924,0.543007,0.509212,0.603571,0.675719,0.466210,0.751795,0.621506,0.628202,0.504110,0.588439,0.596193,0.677556,0.638208,0.683982,0.655607,0.627444,0.627094,0.524234,0.558913,0.545759,0.566967,0.666932,0.664853,0.619028,0.683781,0.680133,0.545985,0.645969,0.523742,0.621579,0.619524,0.654283,0.545324,0.638931,0.690538,0.499197,0.724406,0.617558,0.737354,0.659055,0.544730,0.695519,0.584114,0.642162,0.627397,0.683113,0.562955,0.549958,0.723678,0.606830,0.565829,0.613993,0.723562,0.555246,0.578335,0.638137,0.576204,0.602895,0.568298,0.712893,0.664856,0.627582,0.594512,0.546866,0.662173,0.559402,0.631309,0.660462,0.609665,0.553721,0.665152,0.587166,0.637224,0.556824,0.614163,0.731849,0.663942,0.668100,0.601131,0.606158,0.692777,0.553282,0.690677,0.547775,0.757290,0.617493,0.610589,0.689346,0.660379,0.684989,0.480975,0.546273,0.525161,0.630204,0.713974,0.683862,0.612713,0.528246,0.702622,0.764053,0.665483,0.674521,0.609983,0.642602,0.101802,0.675395,0.618889,0.634681,0.629279,0.606023,0.669198,0.599202,0.595841,0.607727,0.737321,0.550678,0.713989,0.664498,0.513880,0.639431,0.640577,0.637141,0.491952,0.668012,0.498026,0.643733,0.595951,0.694205,0.743765,0.571452,0.617887,0.574958,0.622961,0.805019,0.731418,0.696384,0.651889,0.689912,0.539323,0.651709,0.654885,0.532603,0.677395,0.572075,0.680245,0.600358,0.657713,0.626282,0.585515,0.713063,0.598819,0.547184,0.739493,0.564019,0.631374,0.665355,0.634191,0.553298,0.644170,0.700647,0.711776,0.601910,0.537972,0.492314,0.646398,0.690530,0.539731,0.396793,0.648414,0.733564,0.704290,0.741904,0.543091,0.647995,0.618559,0.612923,0.687441,0.472837,0.725924,0.619092,0.487880,0.742703,0.583688,0.665506,0.644771,0.569285,0.688963,0.574084,0.658476,0.587410,0.428365,0.659042,0.589750,0.607694,0.663637,0.522534,0.686627,0.652237,0.575280,0.737185,0.770785,0.679262,0.730725,0.751876,0.442961,0.666562,0.583843,0.653378,0.609697,0.671245,0.680708,0.715454,0.760665,0.674129,0.624502,0.610555,0.673112,0.682598,0.701399,0.665645,0.630872,0.674648,0.556142,0.662316,0.536888,0.503921,0.685294,0.717798,0.560095,0.657685,0.573060,0.669958,0.746869,0.683348,0.679926,0.663869,0.639148,0.724343,0.725875,0.670418,0.606155,0.684055,0.659699,0.667380,0.570919,0.669700,0.694753,0.610451,0.573253,0.697285,0.647583,0.672863,0.581617,0.591235,0.723062,0.733997,0.448483,0.690218,0.647608,0.402587,0.701262,0.736832,0.539721,0.687262,0.457657,0.680698,0.732422,0.668699,0.686047,0.651695,0.625394,0.607731,0.722492,0.567815,0.658370,0.723217,0.581704,0.556020,0.794691,0.617966,0.729200,0.748007,0.663110,0.744440,0.594289,0.702403,0.605651,0.544669,0.684745,0.567140,0.719428,0.683248,0.687298,0.752029,0.766435,0.642904,0.644716,0.639317,0.748636,0.612240,0.494099,0.713232,0.698256,0.735340,0.643473,0.712324,0.685717,0.640305,0.751388,0.543292,0.700003,0.683556,0.770136,0.658701,0.622715,0.668569,0.384382,0.712691,0.730639,0.634832,0.579599,0.615107,0.710427,0.673054,0.671047,0.679036,0.534745,0.743989,0.696565,0.537432,0.607704,0.723818,0.665176,0.532671,0.568341,0.665396,0.690810,0.589787,0.556665,0.662978,0.614134,0.625760,0.604823,0.770975,0.479055,0.650749,0.737460,0.626078,0.665240,0.641608,0.599213,0.557083,0.654302,0.601466,0.690795,0.701995,0.589547,0.629623,0.627782,0.620343,0.539402,0.542860
0.489907,0.564329,0.567800,0.671586,0.637033,0.563095,0.542510,0.608385,0.606272,0.595006,0.554889,0.571765,0.553410,0.585677,0.592249,0.659867,0.675857,0.475148,0.630231,0.557566,0.516135,0.583371,0.612007,0.680960,0.603998,0.611592,0.672438,0.647381,0.698477,0.632649,0.435710,0.597310,0.597320,0.565092,0.647878,0.619816,0.561644,0.604756,0.546644,0.626460,0.701285,0.555161,0.570611,0.605400,0.594201,0.774800,0.576993,0.679144,0.667922,0.637276,0.608637,0.411234,0.692297,0.626337,0.621197,0.720693,0.689142,0.716468,0.642263,0.609975,0.606354,0.685824,0.584973,0.473706,0.617995,0.650351,0.691725,0.658772,0.622085,0.000000,0.606837,0.588593,0.578123,0.674844,0.617592,0.516214,0.655564,0.673100,0.675356,0.606910,0.527452,0.662082,0.693768,0.571522,0.719078,0.644162,0.659808,0.707937,0.767299,0.666642,0.588504,0.676843,0.670682,0.655347,0.685976,0.657132,0.516795,0.601097,0.749585,0.660814,0.568285,0.684364,0.667999,0.669520,0.633532,0.664261,0.560691,0.655219,0.698075,0.708947,0.528989,0.709619,0.634969,0.657124,0.677165,0.686343,0.617766,0.669931,0.637968,0.671311,0.700004,0.695765,0.669527,0.710574,0.634494,0.671807,0.629470,0.554704,0.596960,0.654583,0.698096,0.589985,0.577211,0.738256,0.686167,0.702244,0.673386,0.590573,0.446797,0.649733,0.673802,0.650490,0.654516,0.636177,0.717505,0.703526,0.577295,0.717110,0.504386,0.735042,0.708957,0.676629,0.716346,0.683035,0.673305,0.726008,0.671378,0.527966,0.674321,0.664294,0.652236,0.672700,0.809990,0.698280,0.620462,0.618758,0.706876,0.703685,0.768706,0.746805,0.745709,0.711899,0.611812,0.668239,0.605924,0.685587,0.524201,0.695799,0.662993,0.671189,0.730296,0.751581,0.599855,0.608109,0.710577,0.424700,0.682180,0.589362,0.592984,0.665935,0.802554,0.725292,0.695067,0.684862,0.659149,0.672181,0.717124,0.598063,0.649087,0.601932,0.623824,0.583291,0.551809,0.689616,0.472850,0.571714,0.668446,0.805428,0.712338,0.495875,0.613656,0.736691,0.631976,0.644654,0.693705,0.723846,0.709221,0.566087,0.651074,0.658834,0.686057,0.726009,0.677513,0.669192,0.696035,0.640033,0.710801,0.607095,0.663816,0.647615,0.596540,0.615681,0.744318,0.709669,0.716630,0.778947,0.678832,0.882860,0.716277,0.690410,0.727579,0.733037,0.395177,0.682835,0.718215,0.629249,0.592000,0.717040,0.364575,0.717714,0.632351,0.639530,0.677559,0.679155,0.686271,0.738339,0.612223,0.689780,0.824554,0.648798,0.545801,0.661721,0.698936,0.717620,0.521435,0.716150,0.645922,0.770588,0.702885,0.723154,0.693051,0.739819,0.757026,0.621168,0.594724,0.704006,0.714215,0.692216,0.765959,0.693296,0.662098,0.662120,0.812963,0.712095,0.723944,0.695938,0.642460,0.642002,0.687798,0.661908,0.513783,0.725374,0.608163,0.719516,0.679051,0.735900,0.701311,0.646758,0.712128,0.707397,0.715954,0.662199,0.694542,0.721836,0.633623,0.721117,0.731851,0.679666,0.653707,0.571998,0.726272,0.750930,0.663255,0.646291,0.549337,0.717872,0.719699,0.713763,0.687287,0.700415,0.718727,0.602651,0.639301,0.654549,0.525189,0.522830,0.621778,0.739292,0.501359,0.614692,0.530929,0.631010,0.571652,0.657824,0.470851,0.680790,0.646163,0.754092,0.652110,0.759330,0.740392,0.549883,0.748765,0.724689,0.684209,0.677318,0.726090,0.628674,0.574169,0.784476,0.632579,0.588749,0.755852,0.652457,0.627176,0.542087,0.808929,0.693846,0.740512,0.757232,0.613055,0.758107,0.774716,0.740793,0.708395,0.731689,0.589773,0.603131,0.699627,0.608378,0.701972,0.569825,0.714078,0.755958,0.568573,0.733001,0.622505,0.718271,0.704356,0.576094,0.732213,0.628991,0.447881,0.678214,0.665556,0.579737,0.757855,0.676297,0.710344,0.697179,0.711209,0.698662,0.614580,0.730424,0.635925,0.735347,0.673780,0.664233,0.612125,0.692042,0.574965,0.721942,0.672044,0.712697,0.741239,0.678388,0.637250,0.713577,0.625349,0.576382,0.685293,0.666012,0.626807,0.725938,0.767907,0.715715,0.662434,0.656447,0.585606,0.613263,0.581129,0.564783,0.704699,0.570191,0.765249,0.665689,0.675319,0.605841,0.730407,0.704794,0.537907,0.568487,0.654840,0.575756,0.725345,0.663870,0.757976,0.601755,0.586363,0.607626,0.700463,0.518721,0.724243,0.715562,0.769646,0.749508,0.760046,0.668409,0.778572,0.659961,0.704998,0.684135,0.663473,0.570964,0.700833,0.762863,0.713979,0.614155,0.739937,0.551575,0.753687,0.738119,0.648576,0.518538,0.496472,0.650637,0.592080,0.689134,0.614533,0.738199,0.670643,0.612460,0.655025,0.694542,0.731497,0.549432,0.678457,0.786901,0.622917,0.738917,0.693811,0.680722,0.702917,0.660557,0.698806,0.775164,0.738026,0.717598,0.676984,0.708343,0.562277,0.650737,0.734254,0.676547,0.577827,0.768778,0.648896,0.833198,0.592768,0.664979,0.617518
0.491151,0.548373,0.590263,0.591604,0.609954,0.551010,0.521391,0.637944,0.475794,0.552907,0.502182,0.598183,0.451784,0.559860,0.468156,0.641370,0.603164,0.635671,0.584102,0.505431,0.504855,0.661081,0.497260,0.643135,0.523511,0.646977,0.624291,0.663902,0.627688,0.529367,0.644670,0.526877,0.665882,0.518211,0.591067,0.450073,0.517447,0.620458,0.562582,0.642958,0.611789,0.602341,0.700949,0.587112,0.528648,0.618938,0.649410,0.630603,0.590851,0.560526,0.641497,0.580637,0.471843,0.690268,0.644047,0.628036,0.650143,0.644418,0.651771,0.555149,0.545533,0.661321,0.634462,0.579833,0.569194,0.581170,0.665788,0.562161,0.543754,0.606837,0.000000,0.494220,0.571291,0.710971,0.459031,0.561013,0.592893,0.601002,0.668178,0.661449,0.634720,0.697624,0.641790,0.690920,0.672094,0.496012,0.752701,0.650771,0.544448,0.626045,0.464420,0.665747,0.717507,0.591115,0.482319,0.509040,0.615926,0.495474,0.681057,0.534061,0.593162,0.561364,0.638269,0.702066,0.531071,0.643556,0.658020,0.658876,0.634019,0.535114,0.640579,0.668419,0.633982,0.563880,0.685881,0.761105,0.681477,0.628448,0.595265,0.599276,0.589708,0.695772,0.701476,0.525374,0.582566,0.690592,0.708867,0.531657,0.635376,0.632943,0.720292,0.612154,0.555281,0.580039,0.527890,0.644498,0.628729,0.626906,0.672649,0.503695,0.453337,0.603250,0.754785,0.522685,0.783947,0.643415,0.725434,0.638912,0.527113,0.603156,0.712773,0.590059,0.765720,0.690925,0.642742,0.632284,0.628064,0.560394,0.598755,0.604324,0.586425,0.764174,0.605234,0.699713,0.642524,0.522014,0.633958,0.573290,0.726774,0.638615,0.600161,0.730054,0.723222,0.603147,0.508102,0.664007,0.605173,0.719096,0.624736,0.675063,0.691654,0.572764,0.618222,0.652331,0.698226,0.626730,0.562840,0.585620,0.655319,0.515653,0.663325,0.767396,0.539356,0.488080,0.733760,0.635589,0.743161,0.578892,0.641680,0.569621,0.674697,0.676679,0.510683,0.678359,0.629137,0.605494,0.622886,0.632338,0.640574,0.662485,0.687209,0.652707,0.584663,0.665095,0.790499,0.693962,0.595065,0.665723,0.766184,0.693874,0.624634,0.671490,0.557341,0.722230,0.764009,0.602270,0.713080,0.694420,0.719617,0.640824,0.553945,0.550821,0.695885,0.755044,0.705359,0.597722,0.641178,0.666034,0.742207,0.738126,0.728694,0.605254,0.581714,0.625759,0.703230,0.575888,0.680899,0.727116,0.611096,0.762104,0.545459,0.618673,0.618542,0.718373,0.524846,0.673845,0.500428,0.702125,0.770988,0.693736,0.647140,0.567491,0.749244,0.722657,0.575531,0.727466,0.760629,0.734394,0.643255,0.712917,0.634943,0.645907,0.816418,0.575521,0.583539,0.757849,0.584845,0.595541,0.718149,0.721836,0.550095,0.608621,0.699038,0.727840,0.576447,0.809189,0.604663,0.706977,0.764076,0.522712,0.732332,0.771285,0.567053,0.692425,0.721165,0.737661,0.539528,0.576939,0.732477,0.711888,0.728955,0.500969,0.558842,0.725275,0.674175,0.479916,0.646761,0.690256,0.708339,0.557176,0.748632,0.568682,0.711643,0.500296,0.573435,0.694891,0.679447,0.765338,0.653831,0.587184,0.675088,0.554497,0.719983,0.515217,0.578478,0.622708,0.645081,0.786474,0.674591,0.631843,0.678264,0.667946,0.613270,0.737481,0.690192,0.705337,0.695023,0.678065,0.663523,0.727326,0.655740,0.715748,0.680714,0.586578,0.708218,0.553313,0.732617,0.710006,0.641597,0.739630,0.653697,0.688900,0.669417,0.625532,0.611935,0.642452,0.694225,0.683967,0.503261,0.650383,0.689010,0.779317,0.663149,0.656870,0.540366,0.773999,0.508971,0.731380,0.702385,0.536484,0.573735,0.670389,0.692998,0.793959,0.650390,0.637748,0.561771,0.764548,0.773364,0.669755,0.714105,0.758432,0.574418,0.704601,0.731522,0.621137,0.761701,0.641279,0.638593,0.723138,0.679347,0.659645,0.580253,0.755119,0.738710,0.649900,0.715796,0.635993,0.601354,0.767192,0.689361,0.530489,0.697772,0.626434,0.690419,0.643428,0.744059,0.758228,0.691402,0.526509,0.691904,0.609613,0.484045,0.778085,0.616530,0.541518,0.599834,0.695708,0.673316,0.588311,0.643015,0.528533,0.692460,0.457318,0.717413,0.695189,0.597541,0.643052,0.717333,0.652022,0.639307,0.583319,0.718241,0.648499,0.651887,0.726913,0.669047,0.662133,0.540269,0.505651,0.704299,0.535815,0.677377,0.514152,0.642362,0.603509,0.686392,0.677009,0.796480,0.588402,0.769239,0.705548,0.679023,0.683466,0.622364,0.665440,0.616974,0.701513,0.598675,0.582045,0.612018,0.637077,0.672889,0.605725,0.672693,0.727040,0.580817,0.680753,0.539529,0.769504,0.659782,0.700482,0.642836,0.657229,0.718335,0.659709,0.546362,0.627231,0.655996,0.651600,0.538049,0.681658,0.740793,0.578566,0.687573,0.660716,0.579930,0.763373,0.606556,0.633969,0.576378,0.680922,0.593591,0.760342,0.653903,0.677680,0.507820,0.734934,0.561435,0.632408,0.585626
0.493693,0.466975,0.586589,0.565877,0.527867,0.612767,0.658959,0.573683,0.702079,0.597591,0.666279,0.647521,0.238250,0.570012,0.250389,0.502687,0.553887,0.566650,0.554074,0.603578,0.531627,0.546077,0.599980,0.621303,0.570692,0.642340,0.437448,0.410732,0.519140,0.313156,0.516239,0.582850,0.398897,0.396651,0.392733,0.634802,0.489749,0.589727,0.647753,0.563022,0.456570,0.533853,0.576886,0.715787,0.727721,0.647177,0.643256,0.534611,0.464624,0.692209,0.640832,0.512475,0.288501,0.425926,0.635389,0.551026,0.441157,0.602453,0.606403,0.690763,0.144782,0.654775,0.391392,0.622254,0.651965,0.511280,0.589088,0.254372,0.557601,0.588593,0.494220,0.000000,0.762631,0.673103,0.279941,0.542431,0.620608,0.503296,0.618892,0.738005,0.747507,0.677059,0.541150,0.381934,0.585826,0.665339,0.685015,0.596459,0.453114,0.694631,0.603944,0.554657,0.602286,0.541152,0.406449,0.614002,0.484771,0.049264,0.572102,0.626364,0.531221,0.553023,0.526245,0.588662,0.370848,0.588814,0.420660,0.586456,0.490397,0.731327,0.480306,0.548507,0.738849,0.586293,0.485985,0.673166,0.493893,0.733162,0.622118,0.552749,0.522911,0.660753,0.606656,0.579551,0.509596,0.555727,0.684854,0.453606,0.543888,0.682302,0.557651,0.667662,0.652912,0.403555,0.715708,0.577158,0.434280,0.588011,0.559766,0.426486,0.712955,0.337864,0.608717,0.629750,0.634913,0.395480,0.673282,0.591524,0.570515,0.573928,0.574211,0.350607,0.625929,0.603687,0.585317,0.635730,0.622274,0.709328,0.534512,0.649620,0.734595,0.696192,0.520469,0.579041,0.664434,0.436450,0.590311,0.738473,0.626615,0.538620,0.532953,0.517631,0.455912,0.599361,0.319171,0.660516,0.511337,0.680689,0.559294,0.645256,0.659716,0.603309,0.636230,0.605855,0.613683,0.513222,0.113950,0.618963,0.672701,0.686384,0.562561,0.632253,0.418402,0.643250,0.673514,0.617001,0.642254,0.491725,0.784865,0.638261,0.390127,0.432652,0.655408,0.549742,0.481435,0.670030,0.707187,0.505638,0.528240,0.624867,0.495620,0.561643,0.340198,0.578325,0.746311,0.653624,0.582494,0.497560,0.693748,0.412468,0.481005,0.640641,0.158592,0.676393,0.677376,0.559856,0.630969,0.456734,0.515459,0.714230,0.611248,0.567862,0.565377,0.578213,0.655000,0.584933,0.701025,0.640103,0.747381,0.635301,0.591358,0.591640,0.717985,0.595451,0.580555,0.414727,0.550718,0.556708,0.738594,0.711691,0.551546,0.542985,0.677053,0.678444,0.328076,0.595828,0.680739,0.603695,0.664409,0.729772,0.417072,0.404508,0.647824,0.638948,0.511080,0.679199,0.635742,0.697868,0.552747,0.690427,0.687957,0.579705,0.720627,0.609441,0.718809,0.644970,0.532819,0.476350,0.624838,0.640707,0.535077,0.732858,0.689932,0.599690,0.618156,0.669950,0.482230,0.639156,0.655678,0.306139,0.546162,0.810184,0.480903,0.746836,0.708279,0.558376,0.472172,0.723795,0.652736,0.607035,0.661225,0.542145,0.378521,0.650421,0.707572,0.576253,0.566777,0.687584,0.711645,0.626383,0.592179,0.594837,0.605984,0.557292,0.744923,0.479343,0.530983,0.634529,0.542625,0.375100,0.699615,0.656103,0.694903,0.521087,0.695173,0.479595,0.577673,0.675812,0.503361,0.441206,0.736934,0.516787,0.467894,0.680582,0.619726,0.719976,0.380313,0.672675,0.753298,0.702503,0.625416,0.634163,0.717389,0.474893,0.515027,0.608378,0.643091,0.469694,0.647023,0.765111,0.656143,0.478980,0.688720,0.618433,0.500287,0.704515,0.750389,0.596216,0.561927,0.719715,0.698633,0.589049,0.637600,0.700061,0.734753,0.614425,0.664991,0.484270,0.429404,0.426489,0.557434,0.580936,0.670827,0.634030,0.539570,0.681934,0.312069,0.633267,0.667217,0.486204,0.583289,0.732694,0.700710,0.665963,0.711567,0.670902,0.674640,0.595349,0.698878,0.613710,0.700217,0.611548,0.481888,0.579308,0.728685,0.463102,0.607466,0.663087,0.598652,0.663294,0.746751,0.653420,0.695852,0.540581,0.670381,0.775668,0.774055,0.629512,0.757580,0.647999,0.417278,0.733899,0.650472,0.606344,0.727804,0.627407,0.620768,0.705588,0.626169,0.722064,0.665477,0.610316,0.761948,0.582243,0.684846,0.544243,0.701104,0.693314,0.607443,0.453554,0.706752,0.509733,0.648757,0.656301,0.610140,0.501880,0.701137,0.686929,0.416592,0.572638,0.647948,0.672628,0.641084,0.509366,0.571407,0.720755,0.705486,0.700796,0.577544,0.505967,0.667924,0.827049,0.725660,0.606125,0.545203,0.630124,0.639024,0.493394,0.636531,0.748544,0.676082,0.631538,0.675757,0.687518,0.671354,0.628672,0.721132,0.779750,0.603818,0.593306,0.609587,0.543042,0.485305,0.631539,0.707928,0.687170,0.571548,0.541583,0.706658,0.573693,0.488393,0.547837,0.623064,0.541405,0.628525,0.638055,0.548076,0.688966,0.624178,0.611956,0.717737,0.766603,0.570506,0.769588,0.650939,0.511055,0.583565,0.647281,0.614625,0.393713,0.625059
0.494955,0.547001,0.457202,0.612251,0.507609,0.395257,0.319900,0.562665,0.325924,0.397911,0.377939,0.480782,0.693908,0.556145,0.681398,0.553183,0.533594,0.579681,0.533907,0.568434,0.379796,0.612700,0.330007,0.502903,0.409597,0.534597,0.589292,0.692011,0.621243,0.689840,0.638779,0.592791,0.763548,0.732438,0.655236,0.371774,0.519104,0.432612,0.432635,0.507098,0.608973,0.595305,0.728596,0.631627,0.442651,0.698659,0.440656,0.594934,0.638122,0.333003,0.588774,0.742288,0.726137,0.848773,0.500097,0.715983,0.654251,0.499469,0.621068,0.483429,0.757638,0.641410,0.810606,0.481609,0.497526,0.526733,0.570974,0.760302,0.493530,0.578123,0.571291,0.762631,0.000000,0.485880,0.729426,0.511261,0.478903,0.563427,0.511893,0.344639,0.588133,0.433463,0.631318,0.801564,0.609232,0.385643,0.583513,0.616146,0.766522,0.470568,0.417363,0.578262,0.552255,0.508556,0.760709,0.477323,0.740330,0.743444,0.692422,0.416705,0.571311,0.593876,0.592562,0.585462,0.779942,0.522956,0.788803,0.525372,0.660940,0.359586,0.773317,0.670255,0.339365,0.451365,0.626234,0.662315,0.842090,0.543388,0.513444,0.458905,0.555104,0.612361,0.662065,0.665659,0.563812,0.619968,0.574598,0.557050,0.632294,0.462359,0.602993,0.501883,0.401149,0.563177,0.468345,0.591570,0.649726,0.546452,0.575999,0.563666,0.480065,0.805299,0.588177,0.454662,0.661218,0.776073,0.525272,0.722929,0.669915,0.707417,0.647913,0.818856,0.628818,0.629215,0.595703,0.561097,0.432098,0.502987,0.665200,0.535897,0.568022,0.605876,0.644784,0.636581,0.459313,0.598758,0.638309,0.538397,0.567126,0.683720,0.602296,0.710982,0.832397,0.589557,0.701105,0.520432,0.791086,0.664150,0.617167,0.597532,0.723205,0.671526,0.503965,0.569105,0.657359,0.762581,0.754082,0.618506,0.680514,0.459969,0.641351,0.609101,0.742161,0.497940,0.654251,0.519835,0.576661,0.587504,0.567510,0.592348,0.816314,0.738872,0.474218,0.640942,0.709432,0.508934,0.634618,0.636726,0.677390,0.688421,0.779936,0.705080,0.763052,0.729359,0.690680,0.639233,0.687413,0.827311,0.486075,0.835136,0.734412,0.687009,0.738517,0.537274,0.598342,0.577711,0.655139,0.837102,0.729536,0.511685,0.509836,0.556005,0.616830,0.697054,0.661324,0.604096,0.404878,0.679468,0.704637,0.643713,0.661054,0.685184,0.603939,0.507542,0.644871,0.777073,0.611561,0.637339,0.539542,0.517196,0.580034,0.700880,0.612031,0.600794,0.702747,0.687008,0.580362,0.595191,0.701150,0.611483,0.848017,0.771911,0.642303,0.516548,0.706058,0.533338,0.621921,0.747514,0.737463,0.528121,0.457777,0.518141,0.738948,0.655309,0.710787,0.637580,0.681433,0.675409,0.718967,0.590512,0.663867,0.634649,0.800506,0.665089,0.484603,0.602087,0.789469,0.539650,0.614464,0.769958,0.642102,0.719716,0.747157,0.613271,0.537063,0.642669,0.642781,0.564541,0.634770,0.696864,0.597857,0.612757,0.646525,0.481818,0.576906,0.583498,0.540766,0.620029,0.545550,0.649072,0.663287,0.468525,0.560624,0.574092,0.490517,0.766350,0.621020,0.599239,0.697941,0.773663,0.565933,0.586313,0.498055,0.570868,0.535192,0.821504,0.666948,0.544433,0.741797,0.646017,0.653592,0.712281,0.724617,0.607729,0.595558,0.412499,0.854047,0.468139,0.754508,0.704012,0.733952,0.686190,0.672425,0.663394,0.866765,0.600808,0.500522,0.832819,0.604339,0.660678,0.641219,0.814541,0.549674,0.656289,0.694109,0.553301,0.719644,0.534888,0.665692,0.652623,0.539634,0.724253,0.720097,0.408247,0.474852,0.637366,0.641965,0.818384,0.835392,0.701866,0.699714,0.735349,0.647431,0.698217,0.768327,0.485578,0.699190,0.659458,0.642564,0.730282,0.677037,0.430357,0.625326,0.418968,0.567683,0.516939,0.636761,0.697998,0.660620,0.740717,0.707336,0.622900,0.756278,0.628337,0.558813,0.714511,0.595534,0.669375,0.500958,0.627564,0.631586,0.502259,0.543268,0.610607,0.595756,0.443754,0.504023,0.575789,0.500861,0.538049,0.767151,0.591681,0.635252,0.646038,0.621438,0.518301,0.569047,0.593254,0.613999,0.637751,0.555604,0.594466,0.760770,0.569318,0.655278,0.712868,0.532354,0.600442,0.684470,0.875504,0.668805,0.829220,0.768674,0.624143,0.567598,0.833166,0.695146,0.618826,0.774973,0.528780,0.733750,0.574389,0.672088,0.644341,0.797950,0.702197,0.681788,0.693092,0.704672,0.716668,0.634689,0.558456,0.526606,0.511572,0.796291,0.589922,0.709166,0.862125,0.759675,0.521147,0.556056,0.690481,0.639680,0.607960,0.634056,0.564315,0.674263,0.585276,0.671395,0.653088,0.750918,0.789879,0.776632,0.677487,0.684283,0.749767,0.608862,0.655807,0.539934,0.748276,0.629863,0.844469,0.585151,0.559158,0.660338,0.745916,0.681844,0.721163,0.738902,0.684881,0.530937,0.553029,0.741941,0.521425,0.618641,0.660245,0.634193,0.763932,0.562644,0.785604,0.594506
0.495027,0.440063,0.340792,0.531544,0.352208,0.379395,0.538248,0.500655,0.548938,0.360514,0.571905,0.383370,0.641823,0.475250,0.606047,0.493320,0.465742,0.499301,0.460190,0.686738,0.516265,0.524775,0.505975,0.458204,0.475074,0.344602,0.541025,0.541667,0.489626,0.547107,0.690324,0.515393,0.732155,0.682469,0.576366,0.534390,0.535001,0.459791,0.592881,0.323574,0.450208,0.709518,0.710940,0.677468,0.577321,0.664530,0.371006,0.440214,0.509406,0.514804,0.508499,0.711116,0.685103,0.767313,0.356418,0.585723,0.509343,0.451076,0.566001,0.589963,0.667224,0.500478,0.765716,0.657086,0.468325,0.525809,0.445909,0.635596,0.488550,0.674844,0.710971,0.673103,0.485880,0.000000,0.731214,0.620352,0.476057,0.494264,0.280545,0.508436,0.701994,0.376540,0.595673,0.754084,0.487060,0.546723,0.314228,0.446464,0.701011,0.547048,0.560837,0.504433,0.245397,0.513693,0.768231,0.566846,0.764252,0.698601,0.638528,0.508102,0.481500,0.651612,0.428500,0.439154,0.744647,0.301925,0.771588,0.324031,0.589320,0.597556,0.757440,0.507599,0.471763,0.402496,0.439908,0.598531,0.807448,0.608042,0.505744,0.484454,0.439058,0.525475,0.425489,0.648882,0.530126,0.569502,0.389451,0.653586,0.550600,0.477066,0.480976,0.452899,0.600016,0.415879,0.604333,0.452387,0.611331,0.654351,0.639929,0.604727,0.606189,0.805701,0.477733,0.561136,0.561796,0.801963,0.424221,0.602538,0.766596,0.719847,0.518685,0.767420,0.523635,0.490727,0.550741,0.479093,0.518004,0.684712,0.546067,0.542740,0.692667,0.499297,0.555501,0.513733,0.602757,0.736428,0.515457,0.683552,0.485915,0.664200,0.634199,0.574396,0.814701,0.582836,0.676693,0.558119,0.809325,0.683378,0.616663,0.634150,0.627441,0.670945,0.481255,0.559612,0.509322,0.749795,0.664441,0.534698,0.840519,0.644706,0.530716,0.473173,0.733995,0.697136,0.436805,0.435929,0.480003,0.622457,0.721575,0.639109,0.829374,0.771358,0.701341,0.517711,0.769529,0.598749,0.690011,0.581328,0.626767,0.710073,0.786563,0.670817,0.711185,0.665645,0.520884,0.517603,0.703667,0.809486,0.492902,0.778058,0.752423,0.670482,0.699072,0.596394,0.434329,0.527190,0.512008,0.804960,0.657498,0.530117,0.691301,0.633157,0.460327,0.591970,0.622119,0.513702,0.594232,0.664604,0.544199,0.517642,0.499737,0.638759,0.657162,0.480865,0.550309,0.790253,0.722516,0.540129,0.587819,0.529443,0.533331,0.584594,0.408992,0.560790,0.730773,0.583342,0.681981,0.568755,0.512729,0.571664,0.819289,0.734255,0.501242,0.089240,0.739177,0.371220,0.458834,0.611462,0.667193,0.415418,0.542113,0.461433,0.655333,0.688471,0.731270,0.488733,0.656498,0.543942,0.523595,0.391201,0.720116,0.645670,0.700616,0.514026,0.597090,0.503174,0.778287,0.493988,0.611508,0.736326,0.668384,0.520613,0.814137,0.479382,0.580262,0.559063,0.689106,0.669576,0.625045,0.620685,0.569619,0.604296,0.650454,0.538146,0.587222,0.704750,0.531263,0.509553,0.589405,0.689780,0.566809,0.542252,0.591539,0.581783,0.646689,0.798283,0.637971,0.479983,0.558363,0.735911,0.696696,0.673801,0.625146,0.558556,0.626862,0.819122,0.624184,0.485784,0.808354,0.598459,0.673540,0.705699,0.812443,0.485531,0.632870,0.614721,0.829261,0.444648,0.760844,0.606201,0.590148,0.788470,0.733769,0.641137,0.852187,0.666336,0.413967,0.824755,0.558830,0.671841,0.734907,0.807485,0.676444,0.496443,0.722907,0.630004,0.693639,0.525445,0.628267,0.661927,0.591298,0.582845,0.687265,0.487682,0.626433,0.547877,0.730240,0.780465,0.794054,0.702776,0.730973,0.777848,0.544655,0.526523,0.779377,0.636258,0.684515,0.527308,0.507023,0.739540,0.525523,0.609979,0.742779,0.493675,0.558015,0.656067,0.510362,0.646964,0.716746,0.467138,0.561587,0.376051,0.839327,0.500838,0.704747,0.631553,0.512034,0.520402,0.583039,0.607526,0.715684,0.551977,0.570122,0.571580,0.514442,0.721027,0.522277,0.543412,0.600637,0.713144,0.673333,0.743448,0.785784,0.472143,0.562988,0.689745,0.581497,0.638402,0.716929,0.777882,0.674901,0.679322,0.807234,0.668104,0.543168,0.524972,0.683516,0.687667,0.450697,0.862262,0.727495,0.773230,0.787707,0.616424,0.587791,0.766977,0.664504,0.480615,0.770068,0.698535,0.677659,0.727723,0.621782,0.648214,0.764194,0.740631,0.617392,0.652238,0.560122,0.771185,0.561996,0.693169,0.606823,0.587313,0.756037,0.551609,0.700739,0.907419,0.764799,0.719462,0.637438,0.621384,0.591170,0.687214,0.810687,0.625400,0.756771,0.639645,0.763898,0.508643,0.693124,0.780120,0.761979,0.635280,0.560013,0.809073,0.509313,0.616369,0.674473,0.685913,0.673390,0.802434,0.617334,0.666302,0.545572,0.602654,0.682392,0.554218,0.743759,0.576269,0.684107,0.718575,0.732253,0.578244,0.711398,0.620238,0.748400,0.554807,0.604125,0.771526,0.636478
0.498832,0.503361,0.648695,0.625322,0.583618,0.681000,0.663383,0.642501,0.653413,0.670216,0.642816,0.695271,0.284491,0.677380,0.321042,0.626336,0.625467,0.605281,0.623341,0.558820,0.543166,0.620920,0.558097,0.695036,0.660703,0.686990,0.461600,0.553527,0.603915,0.403753,0.572556,0.631336,0.495783,0.443401,0.477182,0.620686,0.499552,0.602179,0.684325,0.709332,0.532618,0.607057,0.627803,0.687766,0.663273,0.601847,0.669996,0.583591,0.558942,0.702500,0.724519,0.572794,0.323492,0.540453,0.724300,0.546790,0.569434,0.663065,0.618209,0.713220,0.336656,0.711277,0.453452,0.553390,0.698008,0.581897,0.680598,0.422464,0.543732,0.617592,0.459031,0.279941,0.729426,0.731214,0.000000,0.570012,0.694025,0.543705,0.718241,0.778130,0.770695,0.808528,0.587087,0.483087,0.641011,0.638454,0.800385,0.690198,0.353490,0.736388,0.597950,0.609857,0.700855,0.618713,0.425909,0.614653,0.508192,0.283116,0.616235,0.594575,0.581124,0.487698,0.651160,0.707245,0.416965,0.627277,0.548331,0.667376,0.544665,0.697124,0.569830,0.607940,0.730119,0.647469,0.610975,0.752270,0.576893,0.648699,0.665102,0.630714,0.646284,0.713067,0.699922,0.575071,0.491400,0.657230,0.766525,0.469754,0.559774,0.696663,0.689325,0.711402,0.659145,0.536430,0.643364,0.661112,0.466328,0.604680,0.598593,0.437091,0.613496,0.424069,0.740331,0.571877,0.756736,0.475572,0.709323,0.498405,0.589946,0.532766,0.685995,0.415859,0.723522,0.684455,0.680582,0.721248,0.680822,0.731669,0.581505,0.610661,0.705466,0.798808,0.610612,0.700057,0.695996,0.446350,0.652574,0.664999,0.696313,0.578330,0.550950,0.602638,0.555688,0.690427,0.399705,0.728733,0.496445,0.787609,0.611928,0.674425,0.732911,0.491036,0.648416,0.640368,0.698446,0.558966,0.330993,0.660863,0.611821,0.639437,0.636883,0.783079,0.200444,0.592954,0.711646,0.692591,0.755568,0.552342,0.741597,0.673251,0.492887,0.528347,0.673411,0.644902,0.524066,0.705892,0.707164,0.590733,0.508313,0.659980,0.603456,0.569475,0.376735,0.542922,0.788638,0.721490,0.565298,0.621036,0.756955,0.537147,0.422884,0.707222,0.345432,0.775929,0.760853,0.612535,0.748545,0.514886,0.593561,0.702771,0.587366,0.558551,0.660958,0.637087,0.719755,0.665421,0.691981,0.734007,0.705299,0.722803,0.691434,0.615972,0.722996,0.588567,0.704719,0.381629,0.597953,0.664653,0.771906,0.797044,0.525530,0.527568,0.691583,0.746094,0.286096,0.675953,0.664725,0.649294,0.699029,0.739123,0.515537,0.413140,0.763986,0.692394,0.534709,0.777365,0.729451,0.774771,0.458215,0.735948,0.733523,0.674592,0.823477,0.659024,0.660073,0.741296,0.602348,0.536240,0.684590,0.730582,0.515591,0.724897,0.640357,0.709690,0.599058,0.800904,0.428875,0.699657,0.705397,0.296076,0.592675,0.829108,0.454026,0.745747,0.724656,0.652549,0.374969,0.696455,0.737202,0.698857,0.678584,0.481303,0.433639,0.676330,0.756860,0.481548,0.606159,0.739295,0.741808,0.669651,0.703544,0.603104,0.643592,0.682556,0.757344,0.540485,0.631177,0.786810,0.613426,0.384276,0.745687,0.698914,0.728529,0.628982,0.737361,0.551905,0.596855,0.782733,0.519076,0.511445,0.713371,0.573118,0.504163,0.774381,0.708848,0.750377,0.551332,0.712050,0.734090,0.792252,0.680923,0.623226,0.747656,0.529858,0.597600,0.565365,0.756579,0.615268,0.699912,0.675192,0.688741,0.616713,0.691145,0.584691,0.618188,0.672330,0.648999,0.679609,0.612364,0.663729,0.692615,0.657968,0.621292,0.714054,0.737585,0.731151,0.602725,0.563397,0.577912,0.451454,0.633337,0.630517,0.731507,0.723644,0.589965,0.668576,0.435791,0.745452,0.775934,0.556282,0.703136,0.782037,0.652416,0.666018,0.735884,0.671855,0.704663,0.697419,0.723145,0.681974,0.695543,0.642115,0.497929,0.732474,0.803582,0.521083,0.716333,0.623882,0.590152,0.760511,0.702486,0.584486,0.743662,0.519079,0.730540,0.700648,0.761370,0.716822,0.834944,0.621786,0.464244,0.734223,0.514338,0.722563,0.758618,0.626001,0.645978,0.792920,0.661601,0.697126,0.664697,0.575691,0.756216,0.551512,0.795732,0.633749,0.648635,0.725352,0.642036,0.563982,0.664162,0.542175,0.672524,0.709284,0.626161,0.562571,0.669102,0.764798,0.486601,0.571542,0.683112,0.663378,0.707723,0.555107,0.514577,0.644256,0.721112,0.765930,0.645329,0.493168,0.738100,0.813805,0.697050,0.568448,0.535509,0.598325,0.741753,0.542585,0.570989,0.719968,0.663166,0.689857,0.720269,0.695190,0.674130,0.658047,0.723333,0.771577,0.604116,0.654325,0.691148,0.604950,0.418411,0.588217,0.756147,0.644501,0.554482,0.539109,0.758317,0.556689,0.580995,0.602119,0.651663,0.566159,0.683790,0.674976,0.595375,0.735393,0.605860,0.603046,0.731543,0.759465,0.550581,0.799781,0.718652,0.616681,0.542160,0.728868,0.626591,0.343956,0.603970
0.498881,0.518167,0.667209,0.684368,0.627739,0.588951,0.534930,0.682236,0.488988,0.564388,0.547105,0.553393,0.462345,0.630849,0.474612,0.636927,0.602673,0.612130,0.604934,0.621022,0.484533,0.685506,0.467388,0.617186,0.602689,0.681623,0.627068,0.696773,0.700961,0.605187,0.467989,0.630513,0.597144,0.512340,0.647432,0.498738,0.510734,0.589567,0.533572,0.650815,0.660476,0.560899,0.564860,0.714850,0.570041,0.634987,0.654581,0.700991,0.637389,0.558254,0.651169,0.442764,0.531689,0.583133,0.614041,0.606105,0.686853,0.649991,0.696549,0.567624,0.574328,0.678793,0.660466,0.583808,0.647272,0.583778,0.774905,0.616406,0.394770,0.516214,0.561013,0.542431,0.511261,0.620352,0.570012,0.000000,0.634089,0.607254,0.654265,0.646103,0.590733,0.729633,0.655717,0.563783,0.746594,0.497089,0.730535,0.707035,0.584242,0.636089,0.431717,0.695422,0.680448,0.601997,0.645855,0.492118,0.511489,0.550021,0.737783,0.496475,0.613002,0.534822,0.650177,0.648956,0.573381,0.594989,0.547651,0.597620,0.685199,0.610905,0.471771,0.707239,0.664052,0.602785,0.678529,0.785883,0.621221,0.659224,0.639225,0.618330,0.651990,0.767196,0.732754,0.618202,0.516752,0.675719,0.761380,0.452713,0.492641,0.615801,0.761292,0.687831,0.658180,0.611978,0.503787,0.705581,0.600697,0.490257,0.455682,0.488956,0.512620,0.614303,0.744850,0.402531,0.827009,0.604594,0.635083,0.606102,0.510649,0.670727,0.780564,0.623033,0.772652,0.785954,0.724508,0.660052,0.530192,0.369467,0.540628,0.571586,0.693402,0.774028,0.682535,0.766365,0.653545,0.453993,0.687903,0.549431,0.693020,0.699823,0.608923,0.688235,0.593338,0.711370,0.590874,0.669988,0.528021,0.719540,0.636455,0.582247,0.791337,0.652047,0.593021,0.642552,0.806232,0.453611,0.566031,0.673709,0.563131,0.606513,0.733943,0.807793,0.589979,0.562570,0.715821,0.699365,0.705201,0.610068,0.668785,0.679111,0.601527,0.558880,0.459826,0.740206,0.480873,0.578836,0.706986,0.658330,0.614939,0.633398,0.560564,0.719198,0.557822,0.700574,0.773965,0.755281,0.714567,0.531087,0.721013,0.678673,0.567864,0.681823,0.585347,0.795924,0.763167,0.661264,0.814593,0.574917,0.691321,0.644849,0.513147,0.625160,0.756540,0.781458,0.751455,0.699036,0.453661,0.727259,0.768198,0.752220,0.790239,0.692383,0.625210,0.476129,0.752123,0.539212,0.586461,0.737899,0.620709,0.746857,0.707677,0.612900,0.570440,0.800105,0.543818,0.771505,0.659545,0.594188,0.791418,0.694892,0.582385,0.506441,0.761140,0.642223,0.639278,0.737872,0.752212,0.794114,0.592832,0.763849,0.536579,0.638547,0.825707,0.730636,0.672084,0.771529,0.646422,0.537974,0.828754,0.752108,0.641204,0.737903,0.713856,0.793469,0.530288,0.770970,0.631937,0.572055,0.751111,0.535468,0.418820,0.745501,0.488919,0.825167,0.593787,0.694899,0.534213,0.684941,0.737861,0.733460,0.663398,0.590773,0.611353,0.692941,0.722468,0.563644,0.561696,0.733632,0.783695,0.709995,0.807518,0.528275,0.702285,0.630395,0.549032,0.687558,0.700871,0.810456,0.721602,0.493876,0.738913,0.516882,0.551426,0.608629,0.516893,0.669874,0.608850,0.734823,0.450965,0.558672,0.717286,0.652025,0.594586,0.755312,0.486727,0.706239,0.611827,0.634307,0.784045,0.842945,0.817209,0.574064,0.722487,0.566353,0.661990,0.584340,0.732430,0.592316,0.671881,0.791605,0.686338,0.681377,0.698446,0.583833,0.607273,0.661820,0.703175,0.666851,0.697338,0.667168,0.697122,0.681865,0.760812,0.593469,0.508694,0.776471,0.695215,0.529682,0.648604,0.576299,0.689340,0.680466,0.784131,0.815086,0.555303,0.563591,0.690187,0.797840,0.827246,0.593880,0.797388,0.737212,0.529973,0.669754,0.766635,0.678473,0.784780,0.709937,0.735028,0.768305,0.826217,0.534964,0.645997,0.778956,0.750200,0.616496,0.769759,0.641640,0.473363,0.744554,0.692506,0.532297,0.717444,0.603214,0.759807,0.607578,0.686053,0.779479,0.642959,0.599181,0.598021,0.698099,0.594163,0.765612,0.665033,0.645980,0.657396,0.773146,0.606280,0.738594,0.613054,0.664492,0.801367,0.611708,0.841362,0.652573,0.566764,0.659681,0.789827,0.602340,0.675069,0.721097,0.713964,0.639883,0.603390,0.605877,0.659671,0.707538,0.602152,0.575993,0.756429,0.649973,0.725624,0.587528,0.761399,0.802284,0.785513,0.779599,0.693407,0.679232,0.831311,0.797824,0.563658,0.590066,0.628444,0.625566,0.723097,0.644415,0.664187,0.470361,0.544123,0.804546,0.735281,0.674877,0.521992,0.582829,0.733441,0.759034,0.554469,0.715506,0.735299,0.684920,0.531568,0.706346,0.805583,0.552519,0.616692,0.710706,0.635499,0.654896,0.703048,0.646235,0.712946,0.573200,0.686730,0.814497,0.686943,0.816953,0.695594,0.770808,0.307872,0.713165,0.644347,0.674165,0.675994,0.697194,0.588570,0.838889,0.598062,0.526584,0.568108
0.499070,0.429536,0.383327,0.511775,0.393279,0.325846,0.356591,0.425220,0.523581,0.302511,0.418724,0.414872,0.620541,0.268189,0.527317,0.432378,0.365291,0.565807,0.338940,0.640755,0.499599,0.506331,0.451830,0.407287,0.364457,0.406785,0.573001,0.465674,0.392239,0.441020,0.716958,0.495605,0.664368,0.616384,0.496548,0.487075,0.470502,0.475899,0.472031,0.355694,0.439765,0.580336,0.729207,0.583884,0.636542,0.664582,0.532960,0.527655,0.492616,0.343685,0.500445,0.604457,0.616852,0.742627,0.304631,0.648505,0.446702,0.345771,0.501520,0.451660,0.581162,0.450967,0.694384,0.604899,0.400033,0.370874,0.459212,0.519286,0.564253,0.655564,0.592893,0.620608,0.478903,0.476057,0.694025,0.634089,0.000000,0.417366,0.356402,0.484349,0.688967,0.330420,0.497748,0.710656,0.509159,0.541061,0.452899,0.350212,0.684235,0.450929,0.505705,0.443229,0.439789,0.345676,0.675627,0.522500,0.662788,0.625503,0.617915,0.533618,0.422846,0.678377,0.312198,0.467306,0.679480,0.389878,0.617375,0.351143,0.509956,0.512151,0.785454,0.518265,0.462540,0.363594,0.449894,0.520121,0.730790,0.744088,0.401031,0.409989,0.378876,0.511436,0.481368,0.665937,0.425526,0.469625,0.462594,0.455168,0.594564,0.363013,0.460630,0.580498,0.616376,0.384783,0.570370,0.354290,0.616226,0.603193,0.693919,0.451300,0.581660,0.675152,0.414868,0.528122,0.491724,0.686148,0.411101,0.668831,0.755958,0.766899,0.447858,0.678555,0.482971,0.507888,0.542311,0.421072,0.380085,0.657853,0.504070,0.526605,0.714803,0.429419,0.531546,0.440622,0.543875,0.536645,0.440436,0.657459,0.380849,0.502873,0.631701,0.569941,0.693425,0.457032,0.606371,0.493245,0.820270,0.619671,0.533891,0.610008,0.655031,0.792077,0.456487,0.410124,0.504006,0.626933,0.610730,0.522758,0.767504,0.578280,0.524002,0.388752,0.735057,0.656378,0.640984,0.401008,0.479257,0.543422,0.648160,0.469987,0.664489,0.688629,0.657354,0.463980,0.720745,0.502195,0.747166,0.539236,0.607575,0.647571,0.729849,0.610736,0.692922,0.609273,0.690150,0.500156,0.599070,0.856189,0.471636,0.676963,0.731925,0.559522,0.628168,0.530545,0.425310,0.449782,0.414948,0.841891,0.597748,0.642541,0.687601,0.562662,0.517474,0.642666,0.533043,0.518979,0.553498,0.622767,0.708197,0.477539,0.442033,0.548073,0.643771,0.566391,0.553003,0.729944,0.621086,0.499964,0.637762,0.402698,0.575249,0.646652,0.519138,0.580572,0.662581,0.551569,0.689565,0.706511,0.632881,0.682199,0.766197,0.760382,0.468792,0.495517,0.735305,0.425567,0.381936,0.596282,0.742980,0.530658,0.372512,0.380178,0.575424,0.690409,0.774600,0.474476,0.575889,0.503828,0.554139,0.408982,0.747452,0.484209,0.768097,0.464982,0.569126,0.526379,0.775972,0.448818,0.546732,0.677893,0.719264,0.621273,0.727413,0.603034,0.537038,0.540327,0.700863,0.726995,0.549903,0.571533,0.599326,0.670033,0.633968,0.558512,0.516259,0.698224,0.618456,0.580788,0.527999,0.669356,0.521333,0.432419,0.509615,0.404664,0.721919,0.682392,0.625139,0.355496,0.598827,0.719577,0.498907,0.717161,0.599026,0.360478,0.703084,0.731179,0.663448,0.421372,0.715033,0.599123,0.656160,0.687707,0.715806,0.456384,0.646948,0.473358,0.736659,0.378328,0.810636,0.560123,0.577900,0.739948,0.588989,0.587315,0.687776,0.617688,0.404907,0.690975,0.500776,0.809571,0.756275,0.736029,0.696352,0.572366,0.685495,0.736795,0.822468,0.500928,0.522962,0.742974,0.638613,0.618230,0.695778,0.330126,0.541121,0.525163,0.734023,0.719117,0.695790,0.690398,0.594863,0.666824,0.512265,0.549266,0.810895,0.661345,0.620587,0.505720,0.483923,0.674914,0.451653,0.536286,0.719642,0.545679,0.512801,0.613153,0.551076,0.731164,0.715806,0.527438,0.720021,0.460590,0.803884,0.399143,0.622894,0.686437,0.553764,0.606412,0.565423,0.570856,0.613020,0.533975,0.412409,0.609038,0.463458,0.622130,0.649330,0.477180,0.528924,0.706797,0.767282,0.635968,0.729596,0.492524,0.430526,0.627391,0.616661,0.541636,0.678189,0.734497,0.576168,0.705981,0.816259,0.640452,0.518189,0.498894,0.725664,0.730524,0.539243,0.748858,0.717134,0.681434,0.856262,0.609187,0.489873,0.757271,0.771634,0.562355,0.647593,0.708105,0.680545,0.575550,0.702669,0.605053,0.709283,0.726504,0.648549,0.518293,0.604036,0.691996,0.575051,0.684269,0.530015,0.558366,0.737435,0.653209,0.596307,0.840543,0.709906,0.723495,0.693747,0.540743,0.639251,0.687988,0.679160,0.677330,0.749493,0.638394,0.765981,0.571508,0.620732,0.735299,0.768150,0.641806,0.539871,0.737557,0.665126,0.579035,0.583899,0.694578,0.636318,0.845309,0.639116,0.691692,0.350027,0.660116,0.608714,0.530540,0.821053,0.682034,0.665839,0.741174,0.751577,0.509484,0.710170,0.539560,0.783443,0.615717,0.506742,0.767077,0.691199
0.499858,0.433172,0.386827,0.463443,0.375016,0.464287,0.502912,0.307554,0.564449,0.393594,0.528525,0.423655,0.431190,0.340659,0.390729,0.296428,0.307542,0.463482,0.338444,0.625885,0.456377,0.472143,0.443745,0.302475,0.397630,0.457334,0.369879,0.326320,0.285829,0.412138,0.608583,0.297201,0.575653,0.525153,0.361174,0.541002,0.384705,0.457407,0.559724,0.404349,0.334243,0.629746,0.603071,0.629752,0.637251,0.523741,0.430262,0.498417,0.336777,0.571543,0.489496,0.661614,0.465405,0.680092,0.367793,0.465038,0.317404,0.232630,0.444073,0.518617,0.511677,0.418618,0.581511,0.595234,0.503454,0.355576,0.325357,0.474646,0.578549,0.673100,0.601002,0.503296,0.563427,0.494264,0.543705,0.607254,0.417366,0.000000,0.425233,0.580543,0.691547,0.453656,0.417297,0.632369,0.349242,0.547793,0.502445,0.260845,0.620883,0.524098,0.555719,0.300992,0.452336,0.356773,0.629078,0.539910,0.600165,0.489820,0.477394,0.503482,0.276969,0.570010,0.301200,0.429554,0.503323,0.398425,0.623388,0.345623,0.382566,0.537323,0.708876,0.369394,0.570791,0.491062,0.352114,0.390924,0.706092,0.728502,0.449074,0.390145,0.363265,0.388829,0.330848,0.617438,0.383384,0.467125,0.400439,0.404918,0.458586,0.472524,0.353797,0.581190,0.517026,0.305119,0.565621,0.249919,0.510870,0.573560,0.593854,0.385009,0.596714,0.593218,0.343669,0.517794,0.514135,0.579094,0.420918,0.519472,0.761091,0.612041,0.330778,0.546206,0.308234,0.360531,0.463683,0.407235,0.482654,0.743430,0.346768,0.490796,0.715502,0.489596,0.447577,0.300836,0.540338,0.462277,0.300947,0.667075,0.254025,0.466550,0.471413,0.415948,0.671843,0.481337,0.509149,0.440780,0.684558,0.498600,0.384107,0.642720,0.583142,0.639612,0.515959,0.435694,0.409792,0.657863,0.483457,0.436500,0.702436,0.586375,0.363010,0.396024,0.554832,0.693029,0.499399,0.354106,0.325566,0.407787,0.679131,0.520744,0.627260,0.646231,0.660567,0.327765,0.698543,0.546247,0.688408,0.384100,0.456503,0.640912,0.661597,0.464911,0.520021,0.526552,0.657381,0.351087,0.488956,0.781813,0.547352,0.626842,0.610188,0.489963,0.512796,0.395506,0.493447,0.400054,0.359765,0.730675,0.416831,0.680151,0.616919,0.510810,0.340542,0.562720,0.462318,0.434243,0.536500,0.545518,0.667703,0.479514,0.309712,0.447841,0.681556,0.562511,0.425572,0.575992,0.638766,0.329318,0.669083,0.433508,0.405592,0.450109,0.484205,0.574349,0.599365,0.380612,0.657579,0.592673,0.554829,0.634847,0.691489,0.637618,0.508605,0.546114,0.708865,0.417474,0.381653,0.542528,0.622173,0.484865,0.492881,0.375380,0.466569,0.656270,0.652177,0.507093,0.552440,0.328805,0.432144,0.378169,0.694330,0.575963,0.586061,0.325479,0.449492,0.509360,0.655671,0.515740,0.370012,0.623426,0.617225,0.694049,0.649107,0.545101,0.521954,0.368232,0.507293,0.686855,0.432149,0.395071,0.362064,0.540361,0.512244,0.479939,0.582461,0.538076,0.507205,0.509625,0.428885,0.671286,0.394805,0.477788,0.313331,0.507496,0.676726,0.603598,0.532757,0.411740,0.421591,0.576731,0.488656,0.703895,0.637187,0.439732,0.703626,0.750574,0.476321,0.416724,0.647497,0.495501,0.637978,0.609392,0.647172,0.407043,0.516613,0.579558,0.703120,0.414957,0.804644,0.536946,0.446703,0.707468,0.601482,0.594856,0.705125,0.689195,0.473314,0.651829,0.455155,0.733508,0.742427,0.716078,0.622223,0.506633,0.563521,0.718707,0.819773,0.391933,0.518049,0.803117,0.661590,0.431880,0.598878,0.534440,0.624522,0.346863,0.654580,0.634695,0.684036,0.612589,0.514468,0.706605,0.510335,0.416908,0.729856,0.531709,0.534190,0.400577,0.474252,0.585657,0.354319,0.459820,0.601784,0.530998,0.557613,0.605695,0.546518,0.636209,0.646112,0.400235,0.667563,0.423402,0.742508,0.388778,0.571549,0.574666,0.450448,0.522116,0.502168,0.383266,0.697554,0.542980,0.404118,0.522374,0.375767,0.615101,0.664001,0.366058,0.660927,0.616403,0.617616,0.780259,0.650537,0.481287,0.512489,0.562613,0.536612,0.515496,0.632567,0.757509,0.659236,0.590694,0.858333,0.586190,0.463825,0.312396,0.691798,0.590829,0.443041,0.717774,0.697599,0.564778,0.794453,0.644432,0.379808,0.658978,0.785576,0.657502,0.595987,0.630493,0.547330,0.687925,0.505468,0.498110,0.671612,0.643402,0.664341,0.590491,0.415363,0.669807,0.519393,0.759777,0.568330,0.518281,0.580368,0.547724,0.559994,0.766256,0.689413,0.738342,0.653325,0.422227,0.544853,0.676290,0.731136,0.643411,0.759354,0.633257,0.668835,0.327720,0.568206,0.656275,0.639496,0.556222,0.488394,0.725995,0.565279,0.580980,0.539118,0.498615,0.537856,0.778744,0.502926,0.585151,0.392933,0.502005,0.471499,0.542328,0.679118,0.613852,0.740156,0.604534,0.617231,0.542426,0.750059,0.401942,0.715661,0.452126,0.434660,0.601146,0.473665
0.501828,0.394915,0.313974,0.512103,0.331052,0.381904,0.529419,0.326477,0.545338,0.322164,0.546865,0.410712,0.620392,0.392382,0.570271,0.390799,0.331730,0.544576,0.314994,0.701701,0.553589,0.385407,0.470404,0.375525,0.392912,0.384180,0.510454,0.414394,0.365603,0.484422,0.700668,0.482895,0.657866,0.675509,0.435892,0.530058,0.509679,0.462329,0.603404,0.297025,0.321600,0.676921,0.702948,0.666949,0.659812,0.632013,0.402198,0.386575,0.435972,0.484217,0.430379,0.702428,0.665117,0.716856,0.290988,0.555445,0.386803,0.318015,0.528740,0.580425,0.624231,0.453785,0.719832,0.639765,0.432685,0.401149,0.399525,0.571940,0.452852,0.675356,0.668178,0.618892,0.511893,0.280545,0.718241,0.654265,0.356402,0.425233,0.000000,0.559852,0.775716,0.303953,0.526200,0.690888,0.393232,0.582552,0.335039,0.318563,0.668776,0.560131,0.539985,0.358467,0.295166,0.374140,0.695967,0.591678,0.726825,0.615270,0.567359,0.545672,0.418986,0.666165,0.340202,0.360921,0.687547,0.321922,0.655259,0.285601,0.446614,0.601794,0.802239,0.429813,0.472854,0.419340,0.333757,0.468345,0.743800,0.693723,0.473622,0.415113,0.439406,0.398130,0.324843,0.622491,0.483972,0.435703,0.409492,0.544015,0.590056,0.390928,0.367343,0.589768,0.602136,0.392810,0.569945,0.328261,0.511889,0.643831,0.674955,0.514948,0.613845,0.741652,0.295278,0.601633,0.454960,0.704691,0.375225,0.599368,0.798167,0.726878,0.345528,0.674555,0.381402,0.428460,0.507362,0.377464,0.449728,0.751647,0.481405,0.563724,0.786609,0.417821,0.504098,0.371745,0.569902,0.629170,0.363411,0.667114,0.348184,0.509510,0.669269,0.504103,0.719942,0.646018,0.636868,0.530925,0.816042,0.630397,0.553370,0.631255,0.580117,0.710010,0.541840,0.441286,0.423487,0.715917,0.618627,0.560642,0.853127,0.601685,0.454871,0.345656,0.737228,0.760661,0.572187,0.322120,0.394769,0.489044,0.768947,0.506759,0.722556,0.713838,0.748793,0.378426,0.781466,0.537245,0.753860,0.532303,0.599219,0.652424,0.739842,0.576144,0.655753,0.560265,0.568250,0.348369,0.588818,0.817293,0.361502,0.628259,0.724917,0.585669,0.646018,0.490408,0.282370,0.399473,0.363999,0.812311,0.593395,0.569928,0.713048,0.652563,0.426251,0.587162,0.589718,0.451268,0.574798,0.611308,0.578578,0.398282,0.361093,0.493803,0.691213,0.431431,0.491926,0.746854,0.661447,0.392539,0.644189,0.458930,0.522718,0.590185,0.479348,0.568403,0.670487,0.468364,0.729295,0.650396,0.479692,0.667493,0.764144,0.718832,0.373797,0.329300,0.787128,0.281604,0.341421,0.557001,0.693610,0.404206,0.491123,0.357201,0.570359,0.718617,0.766957,0.376262,0.698691,0.464686,0.441342,0.305163,0.752154,0.575999,0.641317,0.378256,0.600006,0.402890,0.751962,0.411593,0.499583,0.723591,0.684300,0.626799,0.783256,0.445621,0.546479,0.469430,0.656600,0.747923,0.497084,0.520441,0.534717,0.606741,0.603848,0.541746,0.472037,0.674991,0.569412,0.562706,0.465916,0.700931,0.480683,0.494527,0.471463,0.490249,0.698635,0.713362,0.559667,0.340195,0.454364,0.676491,0.563481,0.754352,0.656066,0.454351,0.709391,0.766601,0.615670,0.413670,0.763452,0.533913,0.653120,0.664337,0.731475,0.354770,0.587816,0.557703,0.732985,0.397527,0.792080,0.535396,0.474107,0.827607,0.639596,0.625414,0.758103,0.660746,0.364038,0.712628,0.434857,0.746293,0.827423,0.801876,0.696677,0.565413,0.614301,0.753799,0.782874,0.496340,0.568956,0.758133,0.695080,0.522406,0.690968,0.432019,0.630212,0.426003,0.716686,0.709280,0.695273,0.664108,0.689101,0.718448,0.445005,0.432731,0.862878,0.651501,0.693113,0.408216,0.336764,0.696901,0.371278,0.507124,0.772911,0.523984,0.458760,0.647864,0.449225,0.681477,0.742593,0.393688,0.647156,0.401674,0.815463,0.370686,0.648633,0.608370,0.488726,0.566909,0.583420,0.522636,0.696003,0.554911,0.414291,0.569629,0.430786,0.743670,0.631164,0.430358,0.640123,0.743494,0.730727,0.718849,0.816884,0.374242,0.545363,0.682404,0.548333,0.612852,0.687264,0.810402,0.752454,0.727880,0.861590,0.712554,0.424625,0.479772,0.776789,0.730174,0.321442,0.807445,0.681162,0.694805,0.922561,0.686936,0.521796,0.734382,0.734381,0.546686,0.675502,0.745559,0.674422,0.733844,0.677842,0.663473,0.725796,0.729537,0.557182,0.534295,0.495303,0.751043,0.474877,0.663739,0.593094,0.572133,0.681873,0.600331,0.553233,0.851078,0.744469,0.787749,0.714745,0.481116,0.669864,0.681308,0.820028,0.669134,0.797214,0.647063,0.790418,0.475484,0.588264,0.749027,0.738008,0.617759,0.396202,0.821818,0.621188,0.620752,0.641795,0.636185,0.649717,0.791849,0.629889,0.654889,0.420456,0.613146,0.563668,0.390988,0.746948,0.591288,0.751280,0.688048,0.702048,0.557011,0.764178,0.503209,0.767408,0.477678,0.553178,0.729067,0.612413
0.502930,0.542586,0.454888,0.602813,0.524965,0.444921,0.362910,0.519622,0.393173,0.445300,0.407147,0.490106,0.704523,0.473810,0.674734,0.509038,0.537484,0.552793,0.548933,0.591662,0.443037,0.659921,0.430559,0.503118,0.408867,0.525603,0.603023,0.660959,0.597112,0.628615,0.652328,0.585293,0.770708,0.691643,0.653739,0.433608,0.569536,0.492313,0.441606,0.557912,0.610716,0.575470,0.737750,0.593605,0.497541,0.695805,0.501444,0.570694,0.661120,0.418436,0.598995,0.688133,0.715267,0.813068,0.479778,0.719955,0.638359,0.536123,0.558173,0.523647,0.725543,0.597783,0.729586,0.499546,0.525675,0.526008,0.574555,0.712201,0.634354,0.606910,0.661449,0.738005,0.344639,0.508436,0.778130,0.646103,0.484349,0.580543,0.559852,0.000000,0.624822,0.426689,0.648195,0.807037,0.594643,0.539101,0.623478,0.581506,0.749391,0.450222,0.506145,0.559253,0.595233,0.531537,0.789462,0.571684,0.756524,0.735983,0.689231,0.476548,0.586051,0.677076,0.536277,0.569369,0.780744,0.572997,0.764438,0.532957,0.660367,0.368100,0.787306,0.639836,0.344632,0.499886,0.598048,0.633955,0.810941,0.586241,0.478396,0.468020,0.511964,0.613020,0.598292,0.694689,0.612098,0.657549,0.564160,0.626633,0.692143,0.487826,0.542333,0.529323,0.387742,0.538339,0.550744,0.580406,0.706219,0.565569,0.676805,0.644282,0.591224,0.856740,0.598880,0.592063,0.580057,0.853499,0.589042,0.729101,0.713521,0.696977,0.643338,0.831620,0.602789,0.554162,0.535765,0.577177,0.441524,0.620476,0.688614,0.583230,0.621801,0.555502,0.678132,0.608712,0.432207,0.685414,0.612554,0.596647,0.581955,0.748927,0.675279,0.710627,0.811564,0.554817,0.691214,0.588765,0.771577,0.670278,0.655307,0.669991,0.735210,0.678207,0.543412,0.582101,0.595497,0.719579,0.758211,0.629041,0.711866,0.559127,0.675879,0.604132,0.808131,0.529002,0.611760,0.559714,0.591046,0.651299,0.641288,0.632277,0.827706,0.775494,0.538043,0.612074,0.722239,0.519453,0.647936,0.650058,0.680110,0.696651,0.818264,0.719418,0.768618,0.741974,0.671003,0.654118,0.689929,0.806618,0.519414,0.816958,0.798985,0.699289,0.771410,0.522641,0.551234,0.645379,0.638790,0.804594,0.698995,0.601526,0.523579,0.591982,0.594981,0.714703,0.654385,0.650763,0.480665,0.767476,0.697647,0.616811,0.632424,0.691038,0.643444,0.678098,0.549174,0.819600,0.626161,0.606017,0.581515,0.553396,0.548157,0.727606,0.643284,0.669338,0.794707,0.671457,0.658436,0.629311,0.673681,0.534978,0.828952,0.803326,0.601304,0.510705,0.704093,0.429518,0.594745,0.745428,0.785352,0.520449,0.499397,0.528200,0.678115,0.709548,0.753458,0.617347,0.577878,0.703495,0.696207,0.565449,0.692613,0.692714,0.802407,0.653881,0.548778,0.571321,0.834284,0.564144,0.590064,0.840944,0.686461,0.726505,0.834327,0.612913,0.612560,0.635413,0.679278,0.628481,0.610746,0.645059,0.595571,0.672219,0.722143,0.398064,0.629276,0.647279,0.658400,0.592371,0.561101,0.708437,0.635249,0.529970,0.561099,0.568578,0.592827,0.836081,0.703878,0.578536,0.675247,0.828404,0.610190,0.658298,0.526165,0.544535,0.620588,0.727068,0.693950,0.530842,0.782848,0.678071,0.719752,0.696745,0.757150,0.583993,0.650075,0.489173,0.867467,0.517661,0.726943,0.590987,0.685068,0.748104,0.648196,0.722674,0.827130,0.691181,0.523612,0.810922,0.630661,0.714857,0.687252,0.783386,0.535009,0.727613,0.805091,0.626869,0.752072,0.605100,0.588573,0.732795,0.613460,0.692676,0.735157,0.480798,0.604885,0.587265,0.669234,0.830625,0.855554,0.704845,0.723746,0.763306,0.691680,0.651811,0.778218,0.567988,0.738741,0.585097,0.613068,0.824445,0.655028,0.413076,0.684618,0.409707,0.626720,0.586780,0.666381,0.567078,0.654750,0.659974,0.713851,0.670896,0.814932,0.625810,0.454498,0.757548,0.566462,0.724289,0.630108,0.545216,0.645528,0.600748,0.566997,0.630748,0.603741,0.606031,0.604357,0.575202,0.487216,0.562957,0.808449,0.588139,0.663747,0.620694,0.665647,0.531165,0.574988,0.514300,0.633480,0.709780,0.522677,0.560537,0.752712,0.527015,0.628973,0.672580,0.526597,0.620268,0.660976,0.840380,0.757711,0.758252,0.767787,0.668614,0.612882,0.854765,0.769953,0.644690,0.835446,0.672505,0.659565,0.660825,0.638710,0.622929,0.790754,0.670276,0.652066,0.661721,0.674532,0.755836,0.680654,0.650052,0.599769,0.558211,0.821324,0.661204,0.766623,0.846408,0.800848,0.641197,0.585387,0.703224,0.589835,0.644733,0.666885,0.672288,0.721872,0.554360,0.709318,0.614068,0.714840,0.853887,0.812932,0.618710,0.719098,0.744161,0.632914,0.648471,0.565943,0.766607,0.714908,0.861058,0.625309,0.639522,0.657580,0.771323,0.725661,0.650722,0.752435,0.672525,0.642157,0.595474,0.734152,0.551424,0.664861,0.687897,0.635153,0.738791,0.624837,0.826184,0.702130
0.503018,0.648146,0.587691,0.624033,0.633001,0.587536,0.483023,0.625892,0.503657,0.605737,0.476258,0.543849,0.692385,0.565859,0.723428,0.682171,0.746333,0.517203,0.735668,0.526331,0.562944,0.771493,0.595998,0.683746,0.609603,0.650932,0.764626,0.767886,0.742135,0.803202,0.615893,0.571628,0.781508,0.718650,0.815759,0.528686,0.626057,0.705570,0.509447,0.690515,0.772861,0.662696,0.765635,0.667858,0.548931,0.782601,0.577518,0.701186,0.772117,0.601102,0.631098,0.623602,0.812545,0.755853,0.658218,0.784527,0.751713,0.721264,0.681588,0.583758,0.799602,0.735909,0.777259,0.620157,0.645879,0.762661,0.718613,0.822234,0.761210,0.527452,0.634720,0.747507,0.588133,0.701994,0.770695,0.590733,0.688967,0.691547,0.775716,0.624822,0.000000,0.686337,0.787139,0.795167,0.753459,0.596922,0.694341,0.722006,0.841734,0.669810,0.619839,0.707927,0.726440,0.750621,0.785895,0.591931,0.720777,0.775677,0.785919,0.616154,0.677910,0.716328,0.700419,0.705458,0.756553,0.728692,0.765280,0.713138,0.780612,0.588879,0.661847,0.783379,0.627244,0.682139,0.759737,0.741085,0.786380,0.632808,0.670422,0.721057,0.702263,0.721769,0.793630,0.746125,0.670322,0.805236,0.667196,0.717486,0.729007,0.673822,0.765232,0.529515,0.598004,0.751076,0.634883,0.731966,0.788177,0.678574,0.563236,0.726098,0.590190,0.791671,0.720050,0.657505,0.725867,0.839527,0.632962,0.814115,0.589424,0.783664,0.766333,0.828349,0.753172,0.756333,0.676400,0.695756,0.693087,0.502424,0.751278,0.682851,0.543098,0.695056,0.801670,0.775824,0.635719,0.770582,0.752546,0.620492,0.770020,0.814511,0.688032,0.830149,0.788984,0.565856,0.816953,0.674978,0.704994,0.648880,0.749057,0.766506,0.723326,0.794361,0.624273,0.727767,0.762534,0.703145,0.834759,0.579741,0.714552,0.593437,0.836267,0.757079,0.800437,0.601082,0.752454,0.738284,0.755267,0.715114,0.593574,0.674798,0.835420,0.790762,0.608917,0.787582,0.640133,0.638624,0.608870,0.834936,0.790263,0.662097,0.759240,0.856484,0.867956,0.675104,0.780970,0.755271,0.766842,0.659904,0.733577,0.827817,0.809194,0.761388,0.834240,0.684138,0.777317,0.689387,0.743095,0.829808,0.751324,0.637439,0.602373,0.733568,0.753371,0.748219,0.775915,0.765136,0.643070,0.807770,0.724161,0.757032,0.771200,0.790647,0.622853,0.837065,0.729705,0.747571,0.750454,0.775917,0.570046,0.734676,0.669521,0.720903,0.682905,0.654625,0.854109,0.780987,0.576966,0.645661,0.893081,0.703824,0.780990,0.821410,0.781298,0.768354,0.735299,0.804506,0.735885,0.757778,0.810012,0.710091,0.704154,0.753640,0.806162,0.547885,0.671881,0.748860,0.714894,0.784703,0.822088,0.764834,0.770845,0.696555,0.849479,0.765025,0.725762,0.769288,0.789691,0.734292,0.755702,0.790193,0.701544,0.678941,0.745738,0.712422,0.649045,0.724260,0.746244,0.517850,0.697998,0.705936,0.766416,0.723755,0.812543,0.688780,0.627557,0.700277,0.817262,0.760304,0.710318,0.527704,0.775877,0.721984,0.754182,0.703797,0.523454,0.882565,0.817268,0.755087,0.797060,0.839646,0.741598,0.638956,0.587304,0.746160,0.583752,0.772084,0.760220,0.772201,0.703741,0.792508,0.546891,0.747433,0.758933,0.767830,0.655987,0.686552,0.780398,0.738997,0.683754,0.789947,0.801967,0.681648,0.719257,0.856235,0.841860,0.693826,0.744866,0.848698,0.729855,0.622902,0.633606,0.779116,0.671436,0.703785,0.698205,0.460960,0.778464,0.725634,0.753562,0.760497,0.637175,0.775236,0.808829,0.743742,0.660863,0.767135,0.657841,0.782248,0.822113,0.783123,0.728946,0.764263,0.797906,0.813579,0.698122,0.644593,0.716010,0.753636,0.766624,0.821680,0.784696,0.718481,0.512701,0.665714,0.762551,0.577773,0.751922,0.796829,0.742193,0.807648,0.759762,0.731220,0.813348,0.765666,0.676153,0.848224,0.700915,0.708646,0.719646,0.743158,0.621397,0.626166,0.762540,0.805609,0.720780,0.642363,0.601135,0.778860,0.513536,0.615573,0.724798,0.677096,0.645809,0.785073,0.717234,0.656119,0.712055,0.625749,0.660640,0.543534,0.625593,0.704309,0.720684,0.556574,0.838053,0.793558,0.611960,0.677192,0.846159,0.782210,0.593255,0.805684,0.677566,0.558297,0.812282,0.819003,0.746139,0.545531,0.770174,0.716940,0.669717,0.614565,0.672581,0.710985,0.893358,0.754842,0.792892,0.753965,0.788382,0.709999,0.769172,0.701518,0.643755,0.706155,0.808049,0.861260,0.760742,0.791722,0.782101,0.545680,0.713762,0.804943,0.602350,0.489142,0.567489,0.731262,0.591928,0.648253,0.749070,0.709962,0.798664,0.822178,0.794178,0.792723,0.827108,0.590172,0.652396,0.814074,0.549067,0.791851,0.733777,0.840442,0.735059,0.768841,0.800799,0.732140,0.817873,0.822934,0.780950,0.743953,0.531272,0.644944,0.894279,0.662141,0.462143,0.846206,0.765920,0.888462,0.642645,0.795731,0.758429
0.503031,0.453920,0.291002,0.560664,0.327810,0.320657,0.440560,0.329950,0.558002,0.334983,0.497145,0.408067,0.668239,0.317269,0.627917,0.364140,0.389948,0.441137,0.367521,0.718103,0.526247,0.373671,0.484431,0.313290,0.354462,0.358031,0.529829,0.453470,0.418351,0.538901,0.728067,0.479090,0.708571,0.701476,0.488157,0.525688,0.510503,0.400542,0.497037,0.275130,0.452114,0.668899,0.752740,0.660588,0.639455,0.715470,0.388181,0.493279,0.512114,0.436198,0.447423,0.682579,0.699540,0.737566,0.294429,0.677753,0.443131,0.319546,0.535198,0.529070,0.677371,0.456716,0.737789,0.605047,0.386249,0.435179,0.383756,0.595888,0.612920,0.662082,0.697624,0.677059,0.433463,0.376540,0.808528,0.729633,0.330420,0.453656,0.303953,0.426689,0.686337,0.000000,0.554874,0.739021,0.419660,0.538275,0.347744,0.333007,0.775437,0.510932,0.504332,0.346198,0.340913,0.426477,0.752959,0.561837,0.733552,0.716255,0.621619,0.517058,0.387808,0.744692,0.272408,0.408045,0.750300,0.343033,0.700016,0.317317,0.468472,0.488630,0.798619,0.478115,0.463484,0.373469,0.417220,0.464764,0.765029,0.698834,0.334734,0.377715,0.428776,0.395406,0.384810,0.713458,0.482598,0.439507,0.329219,0.578733,0.639471,0.431939,0.370225,0.443034,0.474659,0.402801,0.618392,0.332691,0.587606,0.641731,0.610725,0.591169,0.609998,0.754208,0.301733,0.598182,0.445461,0.791353,0.307126,0.707860,0.761854,0.781061,0.395022,0.779746,0.401146,0.438161,0.526055,0.427325,0.396136,0.723728,0.542794,0.625069,0.752953,0.395414,0.567246,0.435494,0.585530,0.679037,0.407669,0.695118,0.341207,0.547457,0.668062,0.528841,0.743209,0.446003,0.699582,0.520157,0.833584,0.611113,0.561867,0.645466,0.557954,0.781169,0.464771,0.471968,0.420819,0.718776,0.692355,0.512998,0.763519,0.594595,0.518003,0.307669,0.853974,0.729339,0.516277,0.360217,0.377370,0.547078,0.709604,0.531620,0.749705,0.744344,0.723667,0.440292,0.761773,0.551121,0.758814,0.576029,0.607619,0.701675,0.758851,0.644973,0.706123,0.599537,0.449630,0.423894,0.631854,0.802360,0.408063,0.691901,0.828412,0.616773,0.722224,0.436633,0.362650,0.412560,0.377550,0.858858,0.615066,0.539132,0.743774,0.651723,0.382841,0.565746,0.583995,0.473245,0.561325,0.683117,0.523045,0.432625,0.388182,0.572986,0.640806,0.581940,0.494677,0.767741,0.685832,0.445787,0.658856,0.371385,0.556199,0.667869,0.607771,0.530782,0.760139,0.454116,0.741469,0.665817,0.577783,0.689494,0.814497,0.834615,0.410534,0.399785,0.825874,0.311530,0.307137,0.491590,0.794015,0.346910,0.404337,0.388752,0.514133,0.692211,0.815415,0.398893,0.622979,0.544427,0.479569,0.291810,0.807889,0.496702,0.770532,0.416013,0.609365,0.404126,0.774701,0.364551,0.509714,0.795810,0.723209,0.680235,0.859485,0.456408,0.492067,0.457360,0.728721,0.753065,0.507358,0.513451,0.585651,0.673613,0.647938,0.479790,0.455568,0.724195,0.641117,0.497081,0.459566,0.699579,0.497468,0.474707,0.507868,0.481380,0.674829,0.801727,0.571529,0.297301,0.521392,0.816840,0.551398,0.711663,0.557955,0.427935,0.648603,0.773556,0.656978,0.346050,0.763814,0.646477,0.630785,0.723326,0.707536,0.367003,0.624255,0.492221,0.772865,0.371697,0.797174,0.532111,0.558806,0.789943,0.654892,0.614547,0.798514,0.748507,0.115448,0.726211,0.468175,0.822996,0.763640,0.761789,0.651821,0.611614,0.672852,0.713914,0.831613,0.500657,0.592880,0.788281,0.644401,0.599385,0.720449,0.383280,0.627960,0.443209,0.750096,0.760271,0.726547,0.757656,0.670688,0.720670,0.400191,0.442200,0.772914,0.689572,0.686004,0.393174,0.359455,0.752514,0.402105,0.384408,0.743804,0.478660,0.537951,0.593606,0.461382,0.694692,0.735978,0.433098,0.682831,0.533548,0.835175,0.330229,0.514286,0.679110,0.375771,0.629684,0.561890,0.512307,0.687769,0.562842,0.417544,0.623475,0.386715,0.672454,0.531331,0.419563,0.520550,0.679558,0.753589,0.666492,0.795126,0.413665,0.541195,0.662174,0.626090,0.570658,0.791842,0.791676,0.688177,0.693830,0.867906,0.672501,0.359216,0.490442,0.764635,0.681258,0.423266,0.847531,0.666982,0.729529,0.882833,0.630011,0.544329,0.796698,0.779624,0.544133,0.758386,0.760268,0.670573,0.737928,0.556423,0.630519,0.761711,0.708579,0.663891,0.551803,0.559412,0.746603,0.476850,0.690039,0.577171,0.547801,0.698889,0.682451,0.562551,0.864547,0.807169,0.772950,0.684684,0.479157,0.641713,0.713886,0.732322,0.621242,0.747171,0.597251,0.809052,0.506338,0.685377,0.779651,0.831193,0.714378,0.424081,0.814816,0.635899,0.694316,0.555202,0.696939,0.640930,0.827846,0.593705,0.674066,0.427857,0.660583,0.645135,0.494489,0.760903,0.639543,0.746374,0.675493,0.746273,0.461955,0.721578,0.550449,0.786318,0.549467,0.593039,0.833292,0.671494
0.504486,0.467064,0.442123,0.284111,0.418932,0.528752,0.565436,0.437791,0.584338,0.525558,0.589198,0.563841,0.522377,0.473261,0.453484,0.468975,0.364199,0.613710,0.369489,0.634240,0.555239,0.494236,0.488906,0.513465,0.459840,0.603360,0.407619,0.396739,0.398244,0.432210,0.693237,0.523104,0.555683,0.597363,0.432313,0.630459,0.517512,0.333033,0.586403,0.518214,0.385957,0.649923,0.623814,0.636367,0.696354,0.609056,0.427497,0.520968,0.347585,0.536923,0.509969,0.666902,0.512144,0.619871,0.501293,0.538596,0.398907,0.455991,0.592982,0.556672,0.515422,0.575550,0.549009,0.684672,0.551585,0.400462,0.450822,0.492530,0.583361,0.693768,0.641790,0.541150,0.631318,0.595673,0.587087,0.655717,0.497748,0.417297,0.526200,0.648195,0.787139,0.554874,0.000000,0.651781,0.457021,0.660339,0.612842,0.448071,0.577208,0.578014,0.622187,0.428848,0.566625,0.434494,0.521182,0.645749,0.648212,0.515578,0.241115,0.554778,0.467262,0.550971,0.410745,0.465808,0.624855,0.521789,0.616566,0.479152,0.464661,0.646900,0.692179,0.407827,0.641812,0.557600,0.372486,0.522269,0.677764,0.636268,0.560195,0.459712,0.447728,0.481620,0.431068,0.670680,0.459526,0.471297,0.529395,0.526690,0.603572,0.557072,0.359657,0.678532,0.648452,0.412116,0.560464,0.437044,0.558185,0.600486,0.658792,0.512816,0.701998,0.605247,0.478135,0.586441,0.565185,0.583398,0.569473,0.539527,0.736928,0.615203,0.433034,0.598821,0.430856,0.434481,0.595712,0.488709,0.528110,0.704659,0.500034,0.634685,0.746167,0.516851,0.384428,0.439067,0.626017,0.567526,0.442911,0.647084,0.475876,0.499420,0.579857,0.410715,0.609415,0.604884,0.565053,0.505355,0.726037,0.506858,0.458821,0.685925,0.662011,0.634181,0.635223,0.496274,0.445840,0.689697,0.544611,0.646939,0.809739,0.588149,0.384442,0.501520,0.559795,0.698899,0.565391,0.407032,0.452547,0.473245,0.770654,0.487280,0.588261,0.566996,0.662609,0.428335,0.731219,0.657806,0.771149,0.486288,0.540676,0.642739,0.580026,0.578829,0.596272,0.645354,0.692253,0.475303,0.581334,0.759988,0.551627,0.592115,0.536838,0.547782,0.556039,0.542723,0.493467,0.494326,0.457759,0.736522,0.495599,0.639032,0.685045,0.614314,0.481144,0.579438,0.537289,0.498640,0.604677,0.479335,0.683709,0.468915,0.405848,0.530600,0.708332,0.565806,0.565433,0.663201,0.659645,0.449521,0.740400,0.522771,0.565655,0.620894,0.659912,0.646747,0.545034,0.462453,0.700124,0.653940,0.612513,0.635818,0.694761,0.679222,0.505015,0.599753,0.680732,0.484909,0.535472,0.605822,0.641493,0.578082,0.590613,0.445176,0.566833,0.645861,0.711242,0.485345,0.677097,0.488149,0.484830,0.406882,0.729424,0.618179,0.665049,0.453224,0.518058,0.503037,0.652922,0.524396,0.502948,0.567499,0.725439,0.678085,0.754952,0.647898,0.627904,0.520997,0.611885,0.739737,0.497055,0.563249,0.535974,0.625898,0.535932,0.574988,0.616061,0.624054,0.622299,0.525909,0.509674,0.702912,0.502347,0.572689,0.472136,0.557432,0.730670,0.604858,0.557647,0.498435,0.502538,0.648886,0.578299,0.735731,0.703372,0.508835,0.737987,0.704219,0.656139,0.487316,0.690978,0.573515,0.711963,0.699252,0.702697,0.425556,0.657701,0.570751,0.660892,0.516574,0.768049,0.526135,0.476128,0.758102,0.584636,0.575149,0.668065,0.616321,0.553274,0.679495,0.454065,0.746299,0.734339,0.670290,0.684604,0.585426,0.584138,0.743753,0.741226,0.496865,0.530320,0.714890,0.756511,0.537231,0.652241,0.526283,0.685445,0.474884,0.710037,0.638953,0.694292,0.631035,0.625006,0.707915,0.534917,0.469711,0.772062,0.647684,0.575121,0.500666,0.510158,0.606174,0.453890,0.584780,0.737144,0.636475,0.551310,0.703417,0.566694,0.620289,0.605388,0.496054,0.683275,0.599829,0.661727,0.479664,0.672221,0.600540,0.489221,0.576053,0.577388,0.538321,0.744282,0.645675,0.511442,0.546255,0.375787,0.706490,0.744683,0.543390,0.692608,0.703493,0.668219,0.728049,0.673721,0.472006,0.657366,0.665581,0.681680,0.614107,0.711227,0.772194,0.687586,0.686769,0.849179,0.655153,0.498769,0.450430,0.702098,0.630097,0.491796,0.744721,0.745479,0.594556,0.782011,0.674789,0.573544,0.648646,0.668184,0.748508,0.571835,0.657311,0.623991,0.734218,0.664827,0.629617,0.547656,0.769048,0.680462,0.593002,0.515075,0.565407,0.524273,0.732100,0.666556,0.630347,0.669211,0.624739,0.605864,0.719226,0.694248,0.709713,0.662134,0.482273,0.652645,0.784797,0.801615,0.713178,0.772680,0.689678,0.748222,0.467614,0.562315,0.639125,0.697305,0.611252,0.579970,0.753508,0.667634,0.675355,0.701139,0.564301,0.577837,0.672620,0.565515,0.620146,0.521310,0.397052,0.559882,0.534464,0.687840,0.571920,0.699413,0.660677,0.698057,0.611806,0.743635,0.481673,0.632194,0.530852,0.558950,0.686494,0.591929
0.504939,0.571498,0.737696,0.728689,0.675089,0.775807,0.750686,0.675528,0.799177,0.778426,0.760793,0.776175,0.446392,0.709972,0.450587,0.626974,0.589622,0.654029,0.602375,0.793628,0.694350,0.467284,0.680522,0.656678,0.724714,0.757756,0.666597,0.439996,0.658612,0.428063,0.395913,0.725791,0.166034,0.440686,0.457247,0.769503,0.714540,0.659166,0.730605,0.673523,0.625565,0.417322,0.432119,0.796774,0.815661,0.737508,0.719411,0.721460,0.576717,0.804277,0.740532,0.405700,0.407624,0.162264,0.738016,0.631417,0.590403,0.666813,0.770206,0.759948,0.311926,0.770206,0.254076,0.629635,0.730076,0.574254,0.711412,0.336129,0.612243,0.571522,0.690920,0.381934,0.801564,0.754084,0.483087,0.563783,0.710656,0.632369,0.690888,0.807037,0.795167,0.739021,0.651781,0.000000,0.636966,0.793099,0.779261,0.691657,0.528181,0.700456,0.722844,0.624918,0.712749,0.622258,0.530102,0.759205,0.559346,0.427391,0.657092,0.709933,0.668653,0.753270,0.626219,0.702872,0.471665,0.679597,0.233582,0.673733,0.538376,0.782656,0.312322,0.663325,0.823286,0.757044,0.612270,0.700063,0.167692,0.829746,0.703936,0.654517,0.761259,0.706139,0.668855,0.687980,0.619483,0.585332,0.769051,0.469305,0.612520,0.757736,0.681720,0.849453,0.756750,0.632651,0.754411,0.667348,0.553241,0.654735,0.588882,0.550566,0.759000,0.287126,0.649383,0.689704,0.759494,0.316224,0.646030,0.657914,0.667167,0.798745,0.631011,0.429521,0.653407,0.701791,0.758680,0.757311,0.651353,0.772370,0.669407,0.763087,0.872855,0.684013,0.695339,0.659542,0.795525,0.448759,0.671169,0.806128,0.660553,0.638725,0.732672,0.645790,0.210421,0.757445,0.502501,0.729973,0.435289,0.751869,0.615731,0.691540,0.704457,0.708793,0.697944,0.666843,0.696081,0.371638,0.361160,0.768609,0.653920,0.799690,0.657445,0.684175,0.599383,0.772716,0.755981,0.662694,0.653126,0.584237,0.802980,0.745457,0.163765,0.222695,0.683358,0.619724,0.421842,0.731503,0.838159,0.635804,0.641998,0.620118,0.283856,0.602379,0.372301,0.682001,0.842656,0.699349,0.649136,0.338118,0.733377,0.360507,0.583951,0.728117,0.431629,0.723965,0.753093,0.687827,0.685518,0.312846,0.588038,0.826099,0.689972,0.684380,0.696243,0.719796,0.788305,0.681490,0.707504,0.798818,0.826709,0.718238,0.649633,0.677152,0.777462,0.627960,0.701742,0.507647,0.410276,0.614524,0.753976,0.699617,0.707770,0.669458,0.744703,0.822030,0.493175,0.687573,0.797983,0.723185,0.767408,0.837231,0.234454,0.507559,0.718995,0.735156,0.567515,0.705824,0.591964,0.685062,0.675607,0.817430,0.645149,0.711366,0.687251,0.819790,0.795418,0.731546,0.615293,0.635607,0.706074,0.691931,0.700627,0.784749,0.763650,0.661089,0.745953,0.719169,0.561404,0.604052,0.660403,0.524927,0.445199,0.846764,0.644387,0.844621,0.736579,0.637585,0.611614,0.853221,0.707253,0.690439,0.676596,0.682045,0.540108,0.740428,0.806938,0.694564,0.653277,0.750288,0.749668,0.808606,0.662727,0.656675,0.643332,0.768034,0.836518,0.448851,0.677100,0.704304,0.633129,0.421584,0.752514,0.764092,0.693887,0.677447,0.788479,0.379562,0.655904,0.664771,0.445713,0.609082,0.808423,0.629814,0.452690,0.663490,0.627590,0.796174,0.247581,0.712939,0.784627,0.780675,0.724454,0.486086,0.786254,0.628861,0.284641,0.712579,0.671564,0.243186,0.698647,0.854816,0.762730,0.330469,0.847262,0.727155,0.526066,0.839597,0.795610,0.661460,0.763185,0.784884,0.787108,0.634753,0.726470,0.740073,0.799081,0.664500,0.802862,0.250211,0.344503,0.559084,0.696365,0.420987,0.739274,0.701938,0.466254,0.763416,0.692533,0.685086,0.749710,0.357198,0.655918,0.726992,0.685623,0.729815,0.772538,0.761523,0.709816,0.669245,0.837688,0.679532,0.794788,0.646053,0.517409,0.639332,0.786341,0.615678,0.732131,0.770143,0.617162,0.689708,0.729949,0.719938,0.698392,0.668088,0.782931,0.818081,0.833620,0.719868,0.762292,0.778781,0.515821,0.803082,0.721272,0.686895,0.768086,0.731521,0.737700,0.742951,0.753013,0.875121,0.712641,0.747931,0.821531,0.758809,0.768945,0.642681,0.755908,0.747064,0.741469,0.359914,0.766507,0.563382,0.581475,0.771848,0.692724,0.317345,0.782510,0.814569,0.489406,0.757307,0.710843,0.795790,0.810494,0.646570,0.649877,0.789142,0.810470,0.772692,0.643046,0.729754,0.753171,0.817000,0.751457,0.554514,0.645459,0.728044,0.641144,0.273205,0.765429,0.781647,0.713934,0.735501,0.845795,0.806198,0.662515,0.683865,0.806963,0.869545,0.661012,0.710924,0.628468,0.363495,0.619575,0.816286,0.730546,0.629958,0.767012,0.730175,0.780772,0.719748,0.784246,0.302966,0.717775,0.668677,0.706271,0.801944,0.631964,0.794043,0.754140,0.844542,0.759650,0.820211,0.686929,0.751491,0.815155,0.621977,0.733309,0.759895,0.751271,0.525582,0.717061
0.505442,0.434606,0.270934,0.508650,0.240389,0.504137,0.609546,0.270143,0.604508,0.445607,0.632751,0.480374,0.579058,0.474840,0.545816,0.331993,0.274381,0.598778,0.296651,0.713760,0.464863,0.346511,0.451741,0.394070,0.405216,0.420526,0.426410,0.276380,0.268932,0.364988,0.696012,0.391327,0.584856,0.633291,0.266633,0.667137,0.509791,0.449230,0.671592,0.352121,0.323754,0.718560,0.594828,0.600169,0.764968,0.540154,0.390039,0.400630,0.314356,0.692156,0.450098,0.762805,0.632586,0.672234,0.398027,0.548626,0.325939,0.307353,0.558089,0.575902,0.558763,0.457677,0.618749,0.693314,0.518072,0.334491,0.253614,0.506079,0.692099,0.719078,0.672094,0.585826,0.609232,0.487060,0.641011,0.746594,0.509159,0.349242,0.393232,0.594643,0.753459,0.419660,0.457021,0.636966,0.000000,0.739668,0.481371,0.223602,0.656320,0.584610,0.690615,0.264138,0.380037,0.333382,0.659064,0.745806,0.712978,0.595370,0.454762,0.580894,0.310626,0.648212,0.304826,0.365848,0.638733,0.336032,0.657027,0.350275,0.221158,0.630110,0.782949,0.261813,0.562838,0.506142,0.294712,0.319465,0.707486,0.769972,0.526794,0.347749,0.475041,0.129901,0.251373,0.631326,0.527088,0.417853,0.402042,0.536962,0.621169,0.510021,0.236703,0.668821,0.594162,0.386267,0.611960,0.195645,0.582483,0.719347,0.728035,0.511858,0.738769,0.630442,0.286165,0.682954,0.398985,0.578929,0.464750,0.601712,0.841817,0.709402,0.188709,0.583465,0.226752,0.218645,0.448177,0.447028,0.526566,0.834814,0.421015,0.642491,0.755658,0.493578,0.429807,0.223882,0.553845,0.586398,0.236786,0.758803,0.289082,0.456544,0.616044,0.415440,0.696837,0.635659,0.622358,0.521534,0.772483,0.500073,0.360598,0.698663,0.517518,0.695490,0.646329,0.430128,0.204365,0.725654,0.570660,0.618968,0.866562,0.696887,0.374830,0.334402,0.728616,0.794727,0.565482,0.273110,0.316846,0.377927,0.807371,0.493645,0.617829,0.666780,0.728384,0.216313,0.837777,0.646851,0.734276,0.436598,0.542744,0.667241,0.739115,0.445234,0.557236,0.632146,0.654513,0.199097,0.385995,0.858360,0.474302,0.602139,0.704493,0.464238,0.617968,0.310746,0.406159,0.334646,0.244799,0.768007,0.468641,0.695439,0.799002,0.635999,0.265849,0.522551,0.506110,0.384893,0.689676,0.588505,0.612164,0.356165,0.210672,0.332256,0.673622,0.587799,0.347389,0.635567,0.665379,0.259776,0.662276,0.432909,0.424649,0.502643,0.665012,0.663176,0.661626,0.264547,0.709627,0.666907,0.491487,0.712387,0.757007,0.758413,0.366719,0.466599,0.740928,0.308201,0.357511,0.404809,0.609074,0.374107,0.626613,0.344379,0.424815,0.731303,0.745499,0.392597,0.699454,0.392942,0.313838,0.311541,0.760274,0.595852,0.637080,0.212543,0.605140,0.375841,0.693015,0.556222,0.303240,0.688153,0.658168,0.790322,0.790225,0.537707,0.598557,0.324603,0.614961,0.795870,0.403061,0.355689,0.333531,0.548809,0.544690,0.452496,0.500877,0.687941,0.611222,0.501599,0.347162,0.747246,0.205112,0.585843,0.318276,0.576544,0.694256,0.573160,0.551314,0.356275,0.315282,0.686620,0.456266,0.764110,0.765296,0.466669,0.758974,0.788132,0.536502,0.331143,0.714332,0.544626,0.662171,0.629447,0.682596,0.308942,0.724119,0.642142,0.705612,0.378813,0.747741,0.321669,0.341208,0.833821,0.592107,0.692723,0.711103,0.764556,0.382274,0.718855,0.343499,0.835167,0.824455,0.702507,0.667736,0.660181,0.565901,0.744068,0.795250,0.422850,0.538933,0.773796,0.748886,0.487114,0.542175,0.557914,0.808144,0.264591,0.700853,0.662061,0.730242,0.737655,0.595468,0.714633,0.423623,0.279608,0.809075,0.651671,0.701165,0.263428,0.369575,0.627826,0.191975,0.486451,0.725930,0.486212,0.540664,0.597958,0.415366,0.618026,0.732127,0.306292,0.678458,0.550690,0.824160,0.291436,0.619959,0.642665,0.339729,0.694216,0.651215,0.348892,0.783025,0.673661,0.308963,0.596862,0.323400,0.814935,0.679630,0.254868,0.753536,0.775270,0.709427,0.744035,0.751417,0.345076,0.630945,0.689091,0.602963,0.470113,0.759678,0.815481,0.780300,0.620259,0.814140,0.720442,0.364544,0.353156,0.829462,0.600545,0.365272,0.784110,0.690614,0.519100,0.817053,0.720667,0.441596,0.639487,0.774510,0.647796,0.660797,0.804813,0.590413,0.746088,0.612316,0.611914,0.622050,0.613736,0.694820,0.573782,0.417801,0.634951,0.456703,0.704332,0.733156,0.594128,0.568325,0.589238,0.472149,0.796615,0.726397,0.840435,0.622371,0.327883,0.637954,0.763990,0.847482,0.662866,0.799041,0.602988,0.768521,0.358724,0.538379,0.717434,0.729000,0.665739,0.452925,0.833333,0.667167,0.621558,0.716364,0.592767,0.692509,0.776533,0.611565,0.547454,0.464715,0.446592,0.406320,0.386222,0.703516,0.575478,0.774081,0.633367,0.546276,0.539872,0.813926,0.407885,0.732655,0.413000,0.520023,0.696856,0.519119
0.505610,0.543620,0.558469,0.602040,0.596251,0.378098,0.374940,0.605101,0.426852,0.386813,0.386702,0.449762,0.554855,0.474851,0.565859,0.600486,0.591267,0.501989,0.600443,0.563377,0.464901,0.676973,0.441741,0.516945,0.451670,0.526361,0.655187,0.682757,0.653735,0.658567,0.701251,0.557840,0.747983,0.642979,0.717904,0.210766,0.517864,0.541960,0.389935,0.527024,0.657164,0.637854,0.718133,0.704677,0.397792,0.723706,0.531417,0.686684,0.714616,0.362976,0.611479,0.622107,0.611349,0.825116,0.527022,0.733907,0.715266,0.534249,0.671819,0.599306,0.681670,0.608984,0.777465,0.511961,0.484066,0.593723,0.680892,0.689844,0.508246,0.644162,0.496012,0.665339,0.385643,0.546723,0.638454,0.497089,0.541061,0.547793,0.582552,0.539101,0.596922,0.538275,0.660339,0.793099,0.739668,0.000000,0.626238,0.667545,0.679135,0.551625,0.271417,0.627744,0.588244,0.601540,0.664907,0.184325,0.650771,0.672579,0.701278,0.415458,0.590494,0.609995,0.570330,0.650680,0.691122,0.517482,0.757836,0.530835,0.779304,0.394047,0.671558,0.683924,0.501390,0.405296,0.668236,0.708774,0.824411,0.566777,0.464694,0.529585,0.554913,0.747559,0.752211,0.689205,0.519236,0.703395,0.716470,0.562840,0.574528,0.523311,0.704873,0.489940,0.431498,0.548698,0.546882,0.655647,0.700211,0.511781,0.542407,0.542058,0.285473,0.754611,0.705597,0.373919,0.769591,0.779732,0.598176,0.676975,0.556228,0.707597,0.750156,0.739159,0.700518,0.734215,0.632068,0.597064,0.425412,0.562648,0.631408,0.491343,0.608986,0.653693,0.708359,0.740141,0.597683,0.598951,0.686686,0.564011,0.598237,0.721580,0.595105,0.734928,0.833403,0.500601,0.662539,0.611770,0.724808,0.721926,0.670333,0.574018,0.763335,0.631217,0.464588,0.645259,0.780872,0.682243,0.695989,0.519642,0.610535,0.383845,0.681502,0.715392,0.646399,0.533568,0.698421,0.681323,0.664358,0.653010,0.584130,0.667385,0.808147,0.778416,0.633875,0.749314,0.642898,0.509598,0.664452,0.668613,0.688131,0.728175,0.772913,0.733519,0.749996,0.729819,0.745257,0.769639,0.764317,0.721514,0.626592,0.821477,0.691853,0.717945,0.678693,0.703017,0.703001,0.672846,0.779257,0.815792,0.689064,0.630371,0.527349,0.576346,0.712187,0.767329,0.716060,0.704333,0.441568,0.699390,0.739499,0.723107,0.732594,0.773534,0.728890,0.559950,0.707019,0.760734,0.688281,0.693789,0.720671,0.640045,0.576909,0.683110,0.540238,0.715380,0.685813,0.769774,0.639075,0.641596,0.743557,0.654573,0.833375,0.646880,0.747608,0.603215,0.696378,0.678063,0.686365,0.806695,0.771990,0.673940,0.424751,0.611696,0.804771,0.603755,0.642431,0.721813,0.605891,0.602173,0.763591,0.689217,0.614059,0.620026,0.830098,0.749680,0.558418,0.736492,0.770756,0.606639,0.694673,0.721498,0.740458,0.679316,0.594343,0.690316,0.609850,0.707385,0.555503,0.567720,0.706349,0.770836,0.677089,0.665578,0.674014,0.591285,0.689283,0.507500,0.592336,0.701707,0.669880,0.578802,0.777698,0.307762,0.661424,0.605928,0.530058,0.814075,0.699285,0.731549,0.767341,0.708570,0.670959,0.569886,0.444219,0.628483,0.512138,0.747488,0.702526,0.699225,0.716063,0.675721,0.631611,0.740484,0.739990,0.704952,0.649153,0.508949,0.827410,0.544465,0.755959,0.811620,0.761056,0.690694,0.729139,0.609256,0.827561,0.542194,0.598487,0.797313,0.745890,0.658590,0.617245,0.802331,0.603195,0.551292,0.710791,0.566650,0.739809,0.641078,0.702630,0.685845,0.628702,0.714653,0.757267,0.434208,0.421821,0.714091,0.590252,0.803431,0.765729,0.612060,0.707025,0.782781,0.724143,0.807459,0.682629,0.641708,0.662851,0.761161,0.749171,0.766605,0.791756,0.611864,0.651517,0.539179,0.643963,0.527843,0.740869,0.775489,0.667801,0.844412,0.718281,0.545748,0.727843,0.730699,0.648100,0.721740,0.696460,0.571335,0.428713,0.699146,0.602680,0.286921,0.709866,0.588592,0.650157,0.542124,0.565028,0.741571,0.512582,0.599329,0.722676,0.668940,0.595926,0.747028,0.548095,0.535861,0.606717,0.689213,0.601923,0.563809,0.517903,0.634380,0.761544,0.468609,0.765771,0.689369,0.549342,0.681651,0.750714,0.777845,0.667194,0.822407,0.711608,0.556543,0.578476,0.793905,0.675286,0.645501,0.710552,0.511251,0.831382,0.566624,0.629473,0.502603,0.803945,0.791213,0.730717,0.744547,0.741407,0.732797,0.762650,0.698892,0.517841,0.532298,0.783393,0.640077,0.833552,0.850892,0.779914,0.591505,0.627315,0.781185,0.683928,0.550835,0.579314,0.578624,0.572882,0.678975,0.665503,0.729648,0.764472,0.799556,0.729486,0.659883,0.703733,0.662504,0.552046,0.678096,0.543629,0.760064,0.637558,0.871263,0.694062,0.698075,0.673957,0.781376,0.724766,0.841473,0.735180,0.693353,0.611718,0.648855,0.805314,0.569234,0.583700,0.701166,0.652488,0.767485,0.605640,0.743127,0.679067
0.506769,0.423995,0.357692,0.546755,0.403514,0.436126,0.637016,0.462197,0.643919,0.419153,0.684754,0.469943,0.709279,0.435452,0.649704,0.496333,0.474146,0.486217,0.458840,0.775851,0.620302,0.475688,0.593516,0.479432,0.509225,0.403250,0.582298,0.499464,0.450759,0.542922,0.731925,0.519770,0.727409,0.701079,0.545894,0.644659,0.653728,0.528434,0.684348,0.279621,0.456417,0.734675,0.757673,0.664766,0.737796,0.708003,0.468630,0.497884,0.536592,0.570431,0.551788,0.717084,0.772633,0.767908,0.393760,0.660127,0.460891,0.445303,0.634402,0.642106,0.695206,0.503152,0.779464,0.653229,0.449740,0.551663,0.425992,0.595462,0.666831,0.659808,0.752701,0.685015,0.583513,0.314228,0.800385,0.730535,0.452899,0.502445,0.335039,0.623478,0.694341,0.347744,0.612842,0.779261,0.481371,0.626238,0.000000,0.424204,0.736625,0.646911,0.654272,0.501012,0.174631,0.502531,0.774305,0.601564,0.762412,0.691458,0.655956,0.645788,0.452196,0.736284,0.429923,0.512448,0.685801,0.422589,0.767603,0.396537,0.549080,0.668155,0.816809,0.505769,0.570028,0.487266,0.508490,0.534193,0.792981,0.697085,0.539674,0.524664,0.513237,0.459296,0.420472,0.718729,0.591844,0.504001,0.359154,0.705642,0.630122,0.519664,0.485362,0.537653,0.632403,0.496469,0.719360,0.428139,0.591861,0.729463,0.629266,0.664856,0.705627,0.757852,0.410884,0.616043,0.530802,0.801499,0.395606,0.662422,0.769155,0.740275,0.467653,0.717059,0.494231,0.457742,0.591080,0.513678,0.595268,0.784845,0.559996,0.641678,0.737497,0.496477,0.638382,0.475104,0.655976,0.775665,0.497762,0.747273,0.471496,0.636972,0.707491,0.531290,0.798941,0.586189,0.725917,0.579680,0.855614,0.653374,0.597848,0.679683,0.595711,0.752486,0.503383,0.601669,0.490017,0.762859,0.696580,0.556747,0.827075,0.719866,0.575953,0.391511,0.819261,0.820579,0.483564,0.453264,0.508232,0.602136,0.752985,0.623298,0.797081,0.808644,0.744625,0.501570,0.777162,0.636885,0.737385,0.630093,0.718235,0.711404,0.811641,0.643418,0.732112,0.591624,0.420871,0.484799,0.655787,0.821467,0.537060,0.771550,0.807724,0.649550,0.723073,0.549371,0.460691,0.481451,0.414158,0.855267,0.685223,0.574842,0.785586,0.667504,0.467462,0.571995,0.605387,0.581333,0.701146,0.707435,0.519451,0.536839,0.431265,0.611900,0.668623,0.661227,0.595952,0.820933,0.756629,0.528524,0.669792,0.507889,0.634347,0.674992,0.558106,0.478462,0.767873,0.534431,0.734963,0.650917,0.523096,0.655320,0.821958,0.808970,0.515525,0.398584,0.792335,0.451491,0.429047,0.582059,0.758800,0.488869,0.558836,0.525065,0.593052,0.684607,0.726286,0.503640,0.668443,0.577580,0.537931,0.420839,0.801882,0.580372,0.724140,0.461746,0.629127,0.540623,0.812015,0.513107,0.592943,0.759483,0.753539,0.554903,0.808085,0.515646,0.621626,0.571400,0.761087,0.749686,0.601476,0.576408,0.635385,0.704614,0.693793,0.609118,0.585847,0.777037,0.644909,0.513018,0.579190,0.714734,0.509149,0.623595,0.554312,0.626768,0.756087,0.794771,0.596835,0.401681,0.558692,0.799169,0.621190,0.751161,0.681682,0.611197,0.673931,0.810212,0.692490,0.493896,0.804465,0.663300,0.704390,0.783740,0.760029,0.474563,0.666050,0.601753,0.794581,0.509305,0.811398,0.553346,0.556589,0.782494,0.724536,0.703550,0.823265,0.751127,0.461611,0.771823,0.526313,0.772107,0.750463,0.790152,0.763285,0.482578,0.743510,0.715866,0.739256,0.561620,0.653891,0.715860,0.642130,0.574471,0.637251,0.541702,0.651867,0.530767,0.775849,0.825035,0.759933,0.753992,0.689169,0.742145,0.540983,0.520210,0.798376,0.694690,0.669172,0.486071,0.500437,0.757984,0.444098,0.579069,0.753995,0.620328,0.577276,0.724748,0.538157,0.732152,0.731109,0.494496,0.657494,0.508450,0.825512,0.470573,0.705500,0.745776,0.508195,0.511642,0.664506,0.625209,0.700360,0.628855,0.558168,0.679573,0.527254,0.714625,0.581354,0.515282,0.696543,0.792741,0.699713,0.773129,0.849571,0.525264,0.566903,0.766931,0.656967,0.679706,0.724636,0.766448,0.750074,0.776126,0.809105,0.782607,0.479003,0.516598,0.816955,0.757304,0.493660,0.862562,0.736796,0.732928,0.813317,0.646621,0.618609,0.817583,0.710825,0.404699,0.706311,0.769076,0.700759,0.755656,0.631428,0.692549,0.749504,0.784893,0.631548,0.614448,0.550260,0.800710,0.548606,0.714074,0.574869,0.625042,0.785780,0.676388,0.637181,0.886144,0.788464,0.745097,0.674544,0.547907,0.566845,0.756378,0.820566,0.683448,0.781300,0.700612,0.827754,0.515629,0.719512,0.774190,0.809927,0.700881,0.526058,0.809404,0.621953,0.684536,0.709923,0.724632,0.715424,0.876355,0.637357,0.723389,0.548887,0.613032,0.687373,0.522822,0.761765,0.688837,0.823401,0.696198,0.779849,0.616490,0.762446,0.619809,0.817684,0.577516,0.696281,0.820531,0.716042
0.506858,0.443646,0.256842,0.472136,0.259335,0.437460,0.538025,0.216529,0.587068,0.328999,0.571435,0.360702,0.578086,0.288490,0.507975,0.306017,0.231300,0.510904,0.242123,0.689286,0.475500,0.394420,0.484029,0.284940,0.369666,0.352687,0.419102,0.273949,0.204910,0.392560,0.701172,0.292146,0.631550,0.689776,0.311277,0.609229,0.466144,0.476179,0.607896,0.308080,0.289595,0.692741,0.650103,0.608707,0.735789,0.572963,0.428595,0.430607,0.325860,0.585252,0.401491,0.731404,0.601461,0.720063,0.237958,0.510920,0.286832,0.218385,0.481215,0.495814,0.576559,0.356447,0.654517,0.707387,0.431739,0.291962,0.187443,0.509991,0.637813,0.707937,0.650771,0.596459,0.616146,0.446464,0.690198,0.707035,0.350212,0.260845,0.318563,0.581506,0.722006,0.333007,0.448071,0.691657,0.223602,0.667545,0.424204,0.000000,0.684758,0.554266,0.637413,0.249681,0.371516,0.283392,0.677557,0.685780,0.709270,0.596995,0.485488,0.580819,0.238848,0.636907,0.214481,0.341630,0.669920,0.304031,0.629071,0.258517,0.271237,0.601508,0.832297,0.256406,0.566682,0.483044,0.275131,0.298462,0.719732,0.782898,0.461345,0.366615,0.366694,0.271269,0.222681,0.656516,0.470810,0.451997,0.337691,0.470862,0.560433,0.451973,0.232782,0.594285,0.603455,0.343150,0.614648,0.031190,0.569286,0.664586,0.715678,0.502075,0.703407,0.671408,0.215472,0.672431,0.347673,0.614949,0.395186,0.573456,0.843369,0.703889,0.158717,0.667536,0.213188,0.242060,0.453093,0.377947,0.475447,0.776855,0.343523,0.586944,0.748890,0.342946,0.456830,0.161820,0.551136,0.545975,0.117585,0.733216,0.220261,0.458048,0.589263,0.399798,0.705269,0.564567,0.638277,0.509915,0.806084,0.509931,0.395665,0.673841,0.518181,0.714934,0.582654,0.373828,0.229000,0.752909,0.581525,0.527994,0.865204,0.686579,0.364139,0.263707,0.709135,0.847637,0.468934,0.256756,0.318880,0.400551,0.733341,0.424006,0.649406,0.708153,0.738097,0.202698,0.807650,0.579842,0.729561,0.452202,0.512114,0.632176,0.733988,0.476561,0.618016,0.594378,0.574821,0.206011,0.420841,0.881613,0.429887,0.631846,0.712552,0.443733,0.608575,0.361511,0.381367,0.296997,0.175081,0.819205,0.473039,0.710558,0.819201,0.606996,0.239760,0.535823,0.466086,0.380514,0.652993,0.544018,0.591839,0.324102,0.172996,0.371035,0.677926,0.579844,0.381714,0.650144,0.705671,0.274968,0.661660,0.387444,0.473478,0.500583,0.547941,0.559177,0.635247,0.246192,0.702080,0.710056,0.522266,0.676789,0.751979,0.749117,0.340295,0.473770,0.778056,0.309587,0.260679,0.428740,0.635024,0.415755,0.554045,0.310021,0.384454,0.710171,0.753146,0.330564,0.688081,0.344517,0.324616,0.247149,0.784713,0.523516,0.595802,0.178186,0.568009,0.388716,0.678949,0.507657,0.329842,0.654687,0.690677,0.750960,0.757612,0.522669,0.558996,0.374534,0.674587,0.767442,0.365160,0.362305,0.392761,0.632596,0.603443,0.505736,0.448154,0.686056,0.613368,0.454610,0.389772,0.723847,0.277842,0.554288,0.320343,0.434207,0.703601,0.592773,0.506381,0.261702,0.306736,0.680938,0.425484,0.751756,0.718855,0.370542,0.738441,0.798244,0.550166,0.317385,0.786128,0.551618,0.617314,0.654796,0.670853,0.276179,0.608622,0.583711,0.763169,0.385088,0.769641,0.348069,0.325488,0.857060,0.543322,0.622553,0.706149,0.736993,0.364498,0.694896,0.344565,0.836888,0.794242,0.742754,0.715500,0.594612,0.630755,0.750889,0.830032,0.450939,0.508148,0.791162,0.735515,0.481558,0.611999,0.514568,0.750739,0.265847,0.711827,0.688704,0.780848,0.724565,0.523535,0.693643,0.427281,0.265566,0.854101,0.680200,0.656905,0.259070,0.321328,0.689929,0.172884,0.468414,0.713609,0.565739,0.488086,0.631477,0.436521,0.635748,0.690026,0.300372,0.659545,0.475929,0.839261,0.281858,0.637783,0.602457,0.334829,0.603988,0.641194,0.371583,0.727107,0.648625,0.290583,0.616514,0.324341,0.771398,0.686880,0.292796,0.685892,0.744907,0.706530,0.726092,0.757862,0.321463,0.554218,0.676421,0.622923,0.470873,0.735673,0.824399,0.753086,0.661621,0.824506,0.697697,0.302762,0.321757,0.845335,0.626576,0.304514,0.800954,0.686336,0.535525,0.853764,0.705835,0.422212,0.693104,0.799135,0.582231,0.680700,0.782612,0.581456,0.728990,0.553343,0.630984,0.667750,0.643782,0.677260,0.470660,0.451354,0.632543,0.399659,0.714977,0.669693,0.643786,0.574947,0.602665,0.432701,0.846308,0.697880,0.808558,0.680386,0.279987,0.562301,0.701375,0.777657,0.696123,0.790381,0.639637,0.754715,0.359772,0.552974,0.766072,0.700566,0.613383,0.437063,0.850187,0.665954,0.644837,0.676982,0.548426,0.629367,0.827228,0.596110,0.620921,0.351281,0.463766,0.470116,0.383689,0.674150,0.618506,0.766677,0.661572,0.636654,0.532495,0.767162,0.430452,0.773101,0.402137,0.484729,0.690634,0.527977
0.506892,0.534412,0.697909,0.650376,0.646994,0.702827,0.691096,0.678051,0.656017,0.667334,0.680765,0.721170,0.447817,0.704970,0.438090,0.666107,0.574716,0.699147,0.619746,0.538363,0.593962,0.613396,0.594413,0.681698,0.673002,0.728153,0.500572,0.599145,0.594324,0.457331,0.649986,0.667838,0.495547,0.498918,0.540031,0.668618,0.626729,0.635868,0.690052,0.676207,0.519732,0.680650,0.562857,0.682697,0.713436,0.563686,0.690170,0.622104,0.560918,0.723018,0.766426,0.679031,0.358772,0.548348,0.712489,0.524810,0.564177,0.672442,0.669727,0.709405,0.463077,0.686995,0.547619,0.657667,0.737167,0.606301,0.713174,0.464300,0.573549,0.767299,0.544448,0.453114,0.766522,0.701011,0.353490,0.584242,0.684235,0.620883,0.668776,0.749391,0.841734,0.775437,0.577208,0.528181,0.656320,0.679135,0.736625,0.684758,0.000000,0.725880,0.658456,0.648826,0.687097,0.636598,0.450876,0.672745,0.599712,0.433170,0.593733,0.632514,0.636925,0.468988,0.650853,0.726367,0.491985,0.662849,0.563182,0.646100,0.603806,0.725630,0.597772,0.625894,0.779360,0.689741,0.651453,0.742046,0.627029,0.579304,0.701993,0.639443,0.686203,0.720239,0.652004,0.638304,0.559740,0.692247,0.778011,0.521977,0.627940,0.696521,0.661933,0.728508,0.734683,0.585665,0.602258,0.661298,0.525127,0.653926,0.709509,0.502948,0.681973,0.494488,0.736603,0.531831,0.732925,0.481361,0.729282,0.486866,0.690149,0.470961,0.690273,0.503024,0.694247,0.665853,0.704696,0.717168,0.650853,0.702662,0.591961,0.657002,0.750773,0.781852,0.605241,0.720960,0.702284,0.481131,0.651827,0.647003,0.681974,0.619516,0.614013,0.620301,0.605780,0.700719,0.509436,0.725024,0.493245,0.776884,0.631937,0.644887,0.751886,0.425993,0.700841,0.674396,0.713360,0.647559,0.385101,0.763443,0.708179,0.709978,0.582104,0.765268,0.407809,0.651921,0.712404,0.678516,0.714097,0.652155,0.778411,0.742259,0.563245,0.535962,0.692101,0.694009,0.607747,0.720776,0.751167,0.584834,0.598680,0.709638,0.549305,0.615778,0.488083,0.661393,0.726235,0.719432,0.634931,0.644095,0.742379,0.589252,0.455311,0.700922,0.414836,0.829119,0.714967,0.665974,0.741177,0.555713,0.612136,0.725581,0.667175,0.664990,0.689397,0.744148,0.729803,0.713558,0.697225,0.678424,0.706642,0.751895,0.659067,0.635587,0.843649,0.645400,0.720752,0.472171,0.650530,0.657630,0.818461,0.757339,0.666504,0.597515,0.653742,0.810137,0.343708,0.687585,0.728290,0.707954,0.719839,0.720912,0.549508,0.430946,0.749533,0.683430,0.650341,0.721865,0.776908,0.774548,0.439652,0.809312,0.714471,0.672351,0.800988,0.793557,0.692226,0.746653,0.633704,0.562197,0.720123,0.700105,0.537000,0.736489,0.630682,0.715913,0.633596,0.767633,0.512790,0.662590,0.745777,0.420407,0.671994,0.731371,0.548808,0.848241,0.742390,0.688743,0.409652,0.728393,0.708507,0.705867,0.667819,0.633448,0.438027,0.694578,0.821177,0.508833,0.627994,0.720186,0.815897,0.777685,0.709076,0.623349,0.674210,0.702536,0.810028,0.583137,0.674927,0.770567,0.626367,0.402446,0.719525,0.689957,0.749442,0.635229,0.747750,0.640140,0.574992,0.743903,0.605671,0.583734,0.818596,0.681183,0.514322,0.730212,0.679817,0.766154,0.552478,0.694326,0.766643,0.730080,0.688567,0.670234,0.795673,0.584706,0.642066,0.525646,0.716353,0.568828,0.687722,0.680333,0.664497,0.652960,0.719704,0.589107,0.681661,0.697999,0.529183,0.693942,0.686169,0.552001,0.735588,0.665923,0.704182,0.687968,0.662217,0.733459,0.637906,0.597527,0.570027,0.453775,0.720162,0.656889,0.745650,0.750293,0.622511,0.743146,0.582864,0.712029,0.777760,0.624181,0.709660,0.761416,0.676470,0.738117,0.734675,0.832630,0.776538,0.639925,0.586783,0.744007,0.706548,0.610850,0.553853,0.729014,0.812992,0.534148,0.761855,0.628761,0.658457,0.748714,0.705789,0.637652,0.797316,0.544177,0.750786,0.747583,0.762925,0.762078,0.801235,0.688264,0.518708,0.747943,0.620644,0.736625,0.732846,0.682571,0.695030,0.857113,0.727347,0.767165,0.737567,0.672043,0.797323,0.734695,0.759062,0.640991,0.703873,0.772492,0.672984,0.587496,0.781636,0.555946,0.706596,0.780003,0.639977,0.610836,0.557855,0.750287,0.575162,0.612560,0.684177,0.785640,0.793407,0.595092,0.354512,0.746276,0.750716,0.817860,0.673214,0.531529,0.787510,0.763437,0.728949,0.654039,0.602341,0.628863,0.711735,0.588214,0.536578,0.691116,0.579318,0.694663,0.824267,0.784151,0.732422,0.698821,0.783262,0.764656,0.603848,0.714374,0.706731,0.681448,0.479002,0.622056,0.715770,0.731651,0.679279,0.620666,0.773634,0.512663,0.655313,0.584252,0.699937,0.626093,0.697204,0.677656,0.604399,0.749181,0.627677,0.755216,0.702543,0.775537,0.489870,0.789695,0.779123,0.616330,0.561171,0.683570,0.720885,0.435090,0.624111
0.508068,0.546818,0.482573,0.508987,0.524874,0.441164,0.362734,0.492229,0.541487,0.458696,0.427308,0.466315,0.634238,0.470795,0.621268,0.470069,0.513465,0.608597,0.518627,0.617618,0.471551,0.627216,0.499317,0.498510,0.464775,0.548564,0.530773,0.565390,0.542831,0.611256,0.643069,0.583321,0.667367,0.628814,0.613091,0.464595,0.542672,0.474161,0.412896,0.547822,0.577215,0.534846,0.691496,0.653037,0.520459,0.671796,0.534784,0.637071,0.506429,0.458251,0.507081,0.647345,0.619270,0.706548,0.508642,0.710266,0.595342,0.529950,0.603982,0.525800,0.677024,0.543497,0.675963,0.488684,0.522190,0.503357,0.571874,0.673145,0.619753,0.666642,0.626045,0.694631,0.470568,0.547048,0.736388,0.636089,0.450929,0.524098,0.560131,0.450222,0.669810,0.510932,0.578014,0.700456,0.584610,0.551625,0.646911,0.554266,0.725880,0.000000,0.578691,0.499027,0.590632,0.536726,0.674696,0.548598,0.702657,0.689314,0.609638,0.507383,0.580140,0.654680,0.510261,0.501843,0.739009,0.542405,0.684053,0.544570,0.579087,0.421399,0.684106,0.602228,0.386905,0.488983,0.502779,0.522222,0.733065,0.714399,0.456566,0.506820,0.404908,0.618024,0.622291,0.748156,0.568287,0.561437,0.589838,0.556913,0.590940,0.464024,0.551813,0.544871,0.481419,0.452785,0.588187,0.554748,0.667473,0.501351,0.656937,0.571696,0.637206,0.796648,0.591196,0.537044,0.602415,0.718921,0.601616,0.673320,0.663733,0.692420,0.592360,0.727619,0.541367,0.528895,0.557419,0.530242,0.441320,0.646758,0.628429,0.439002,0.662035,0.546243,0.586342,0.566129,0.509218,0.593215,0.570942,0.636511,0.556355,0.651237,0.606727,0.582121,0.750456,0.454697,0.687357,0.414587,0.715579,0.599509,0.626268,0.648383,0.745365,0.750203,0.557686,0.497899,0.562467,0.667503,0.737517,0.529758,0.651648,0.508242,0.653896,0.584099,0.751251,0.596759,0.641922,0.555922,0.558518,0.633853,0.581324,0.567292,0.724069,0.671505,0.576487,0.572079,0.686261,0.526041,0.725506,0.596789,0.600424,0.601191,0.716577,0.660946,0.718106,0.760362,0.713778,0.625377,0.606599,0.733328,0.553403,0.735780,0.729498,0.642194,0.724351,0.523324,0.573634,0.627008,0.632274,0.752187,0.646088,0.654551,0.631742,0.521503,0.589810,0.655303,0.636833,0.652558,0.512067,0.718518,0.744087,0.528595,0.592505,0.638559,0.696647,0.640539,0.581812,0.751584,0.586757,0.534315,0.658563,0.472379,0.583419,0.656605,0.557479,0.657768,0.709471,0.634466,0.663439,0.626232,0.694986,0.661568,0.735896,0.717241,0.531992,0.564433,0.644341,0.507417,0.569285,0.717816,0.719861,0.575751,0.485051,0.510370,0.581203,0.700976,0.755917,0.568470,0.592965,0.611905,0.672810,0.545152,0.725737,0.645930,0.780256,0.595140,0.544476,0.537861,0.792668,0.528608,0.540331,0.768756,0.726388,0.698020,0.761325,0.593451,0.527763,0.586787,0.664570,0.685644,0.528897,0.559140,0.540303,0.717023,0.635722,0.528992,0.601651,0.618587,0.587483,0.685043,0.580250,0.704269,0.583663,0.502238,0.543253,0.532824,0.641120,0.734093,0.666700,0.575751,0.690710,0.746229,0.584334,0.699714,0.493634,0.537548,0.680448,0.683281,0.639447,0.480251,0.745123,0.686581,0.719497,0.723833,0.712224,0.599560,0.624855,0.514311,0.763839,0.448456,0.700980,0.568462,0.624853,0.658168,0.628135,0.651742,0.688646,0.627493,0.566128,0.703567,0.656764,0.776777,0.638129,0.665744,0.604088,0.628338,0.652026,0.694326,0.779659,0.464760,0.558518,0.709001,0.664807,0.662249,0.669194,0.494413,0.594326,0.562486,0.719077,0.727664,0.759401,0.662407,0.675745,0.707336,0.696307,0.564885,0.767070,0.617088,0.677111,0.556150,0.575991,0.719029,0.637875,0.514553,0.707894,0.481081,0.506562,0.603137,0.643542,0.666032,0.763604,0.630992,0.745165,0.569573,0.745600,0.568458,0.457495,0.691142,0.607277,0.645173,0.566250,0.496887,0.668079,0.624650,0.550084,0.656718,0.554828,0.544533,0.718406,0.568364,0.416841,0.542462,0.734589,0.607252,0.730485,0.522327,0.560324,0.567099,0.605904,0.411574,0.623137,0.765086,0.540870,0.697352,0.766459,0.593804,0.599036,0.569295,0.598668,0.700772,0.684648,0.738761,0.734269,0.716524,0.765214,0.668778,0.530254,0.736898,0.738366,0.673720,0.760202,0.711913,0.697216,0.618973,0.698559,0.612097,0.789936,0.659921,0.662421,0.602375,0.643115,0.702366,0.673945,0.704790,0.644503,0.549656,0.753488,0.654589,0.714590,0.764405,0.698371,0.700998,0.691050,0.656257,0.575122,0.682663,0.694857,0.683566,0.775856,0.645852,0.664956,0.620019,0.670613,0.772006,0.752054,0.639092,0.700496,0.730204,0.626917,0.689788,0.550416,0.713803,0.724969,0.806074,0.573766,0.676006,0.514986,0.742655,0.650806,0.709409,0.736628,0.695630,0.687901,0.583314,0.722714,0.556412,0.724670,0.597221,0.738643,0.705749,0.581579,0.769068,0.708932
0.508534,0.507084,0.545611,0.580576,0.565262,0.412894,0.388452,0.586852,0.434677,0.366668,0.394932,0.460322,0.492097,0.467853,0.493731,0.568281,0.581673,0.519667,0.538234,0.563062,0.466034,0.663833,0.422679,0.521095,0.434520,0.526190,0.598344,0.680966,0.606749,0.592684,0.689128,0.542089,0.680585,0.645004,0.646706,0.269682,0.493974,0.492884,0.398636,0.565024,0.602304,0.555921,0.695931,0.587944,0.417273,0.673296,0.537907,0.619653,0.584008,0.394827,0.574172,0.523958,0.571689,0.742543,0.477551,0.667746,0.626742,0.502895,0.629229,0.554231,0.628026,0.559937,0.709360,0.524069,0.491324,0.566141,0.649947,0.656824,0.450197,0.588504,0.464420,0.603944,0.417363,0.560837,0.597950,0.431717,0.505705,0.555719,0.539985,0.506145,0.619839,0.504332,0.622187,0.722844,0.690615,0.271417,0.654272,0.637413,0.658456,0.578691,0.000000,0.580556,0.608045,0.537814,0.681404,0.290736,0.583261,0.609236,0.694460,0.358637,0.532670,0.587087,0.534468,0.613769,0.671242,0.469160,0.655281,0.494976,0.670549,0.404890,0.649010,0.686716,0.511401,0.434460,0.576749,0.702616,0.779846,0.619037,0.490491,0.477399,0.545103,0.722917,0.700780,0.677111,0.517798,0.647217,0.662305,0.529362,0.508253,0.507572,0.644286,0.563137,0.421447,0.507319,0.532082,0.626833,0.602474,0.492620,0.508881,0.510433,0.242474,0.721418,0.646969,0.397122,0.697062,0.758381,0.561396,0.628789,0.559371,0.660380,0.698167,0.733439,0.688190,0.701098,0.564027,0.573772,0.382129,0.521662,0.572080,0.489091,0.656153,0.667730,0.660371,0.708585,0.575657,0.561718,0.643724,0.601206,0.575724,0.689086,0.600325,0.636756,0.725062,0.528517,0.537578,0.667453,0.727735,0.680413,0.663092,0.568492,0.765891,0.650205,0.522070,0.600164,0.739678,0.583889,0.652653,0.589103,0.640406,0.416695,0.665620,0.665417,0.598175,0.515125,0.654829,0.634238,0.636410,0.577792,0.563017,0.610751,0.713443,0.693937,0.584126,0.684580,0.574062,0.478239,0.672935,0.575946,0.593034,0.632337,0.667768,0.719044,0.696074,0.696341,0.741212,0.724563,0.692626,0.688571,0.633202,0.743980,0.641247,0.702093,0.647294,0.666807,0.635110,0.631578,0.710085,0.728023,0.724176,0.642019,0.493990,0.556652,0.650947,0.753386,0.613728,0.607695,0.427352,0.741087,0.704167,0.653733,0.688130,0.667119,0.695216,0.502434,0.606006,0.663138,0.614099,0.630781,0.642624,0.597415,0.538507,0.625072,0.528450,0.695863,0.631683,0.721228,0.638393,0.591162,0.709346,0.672603,0.734386,0.600171,0.696393,0.569186,0.724835,0.635607,0.615960,0.768223,0.682318,0.637693,0.418365,0.567445,0.782123,0.607396,0.658976,0.661099,0.650789,0.574312,0.716913,0.627666,0.604599,0.661184,0.815016,0.711381,0.561112,0.659208,0.679364,0.554241,0.684292,0.614196,0.694837,0.716979,0.583405,0.686534,0.586031,0.649252,0.518911,0.616868,0.638379,0.724094,0.671065,0.600448,0.588253,0.563418,0.688056,0.503321,0.567268,0.682353,0.641818,0.652660,0.721871,0.325427,0.641713,0.578929,0.535642,0.793905,0.652565,0.664954,0.694801,0.614439,0.655315,0.582489,0.477503,0.578112,0.543017,0.747121,0.642663,0.631183,0.638907,0.551349,0.675165,0.691125,0.638634,0.689947,0.570974,0.474843,0.766495,0.527809,0.772949,0.802901,0.702088,0.714452,0.708337,0.503757,0.776042,0.530752,0.551734,0.694601,0.707967,0.700751,0.562269,0.753001,0.622929,0.570251,0.643333,0.613114,0.782338,0.669411,0.614076,0.768885,0.653332,0.669604,0.759632,0.438366,0.457300,0.690005,0.606218,0.722093,0.753564,0.605110,0.661568,0.656876,0.692876,0.707709,0.706650,0.601197,0.648855,0.653510,0.721567,0.691390,0.715824,0.565941,0.600083,0.509053,0.630150,0.568883,0.719578,0.724567,0.707264,0.717967,0.737802,0.512316,0.722488,0.673454,0.637957,0.662768,0.678552,0.579465,0.440859,0.653906,0.627946,0.271576,0.613416,0.542122,0.628430,0.605240,0.606449,0.640140,0.532545,0.578424,0.706223,0.662933,0.579875,0.674360,0.568433,0.527696,0.563823,0.666867,0.600598,0.656875,0.567366,0.592245,0.768934,0.423758,0.704633,0.615130,0.545531,0.675444,0.699737,0.712148,0.639872,0.782633,0.744596,0.585874,0.593548,0.769508,0.745296,0.684264,0.679897,0.493645,0.763854,0.607118,0.674230,0.567823,0.771011,0.721938,0.666071,0.692792,0.695171,0.673278,0.759124,0.696679,0.489663,0.526624,0.743268,0.565475,0.727539,0.788228,0.724237,0.621332,0.619165,0.734461,0.655118,0.569602,0.546803,0.540077,0.612404,0.642194,0.689681,0.672092,0.672064,0.746570,0.634125,0.651866,0.715322,0.634834,0.537829,0.609519,0.598976,0.733957,0.655429,0.800970,0.681722,0.589702,0.635575,0.806610,0.684283,0.790891,0.683517,0.694779,0.527087,0.621305,0.748048,0.604305,0.607947,0.662400,0.631262,0.707185,0.603470,0.644945,0.644842
0.508777,0.421382,0.323312,0.481594,0.256441,0.441904,0.492744,0.154969,0.579075,0.409208,0.506794,0.445999,0.567021,0.364364,0.535550,0.293864,0.301231,0.478678,0.311339,0.653127,0.465814,0.385745,0.407133,0.277975,0.356838,0.449761,0.391628,0.299641,0.277244,0.366469,0.665612,0.420733,0.597080,0.614612,0.334982,0.507069,0.450308,0.416221,0.506964,0.358963,0.328343,0.653890,0.630265,0.677269,0.663931,0.620229,0.417319,0.416093,0.372374,0.556985,0.369799,0.714011,0.540594,0.665037,0.370724,0.608249,0.309294,0.231570,0.573873,0.564002,0.528631,0.463016,0.630973,0.574368,0.466601,0.314892,0.285701,0.511696,0.629156,0.676843,0.665747,0.554657,0.578262,0.504433,0.609857,0.695422,0.443229,0.300992,0.358467,0.559253,0.707927,0.346198,0.428848,0.624918,0.264138,0.627744,0.501012,0.249681,0.648826,0.499027,0.580556,0.000000,0.372915,0.334084,0.647385,0.599285,0.688056,0.570766,0.445713,0.459840,0.322754,0.642200,0.202336,0.268920,0.616721,0.336791,0.611855,0.319808,0.327059,0.485928,0.763894,0.326184,0.519124,0.408722,0.264965,0.343565,0.715124,0.751243,0.362619,0.283229,0.431603,0.388808,0.314046,0.704586,0.459706,0.414395,0.439053,0.472467,0.572656,0.474811,0.237357,0.568647,0.464117,0.331247,0.558078,0.218542,0.510400,0.580564,0.669104,0.449706,0.630623,0.638996,0.249416,0.571995,0.423431,0.610579,0.466450,0.605270,0.766932,0.697580,0.241472,0.584372,0.220073,0.289939,0.421905,0.454496,0.362606,0.803507,0.457691,0.593601,0.820193,0.450202,0.431099,0.288623,0.548050,0.545972,0.269351,0.729733,0.217341,0.466762,0.600139,0.403585,0.672152,0.524248,0.621139,0.430100,0.755979,0.550141,0.393961,0.664909,0.633650,0.706810,0.558992,0.365172,0.266199,0.656958,0.569174,0.503373,0.740347,0.592781,0.376693,0.317451,0.696753,0.739260,0.524471,0.316040,0.266893,0.436659,0.756445,0.509565,0.601436,0.619280,0.729469,0.244485,0.737810,0.516772,0.780618,0.447372,0.565159,0.644868,0.715680,0.524481,0.578625,0.567003,0.685604,0.335005,0.517454,0.825694,0.412323,0.582802,0.648888,0.479354,0.621516,0.325329,0.359788,0.393627,0.323655,0.781164,0.401084,0.693108,0.691600,0.596464,0.245759,0.497895,0.474268,0.403668,0.523276,0.608931,0.652945,0.342241,0.249229,0.462486,0.767331,0.538221,0.340556,0.641058,0.576281,0.222122,0.688653,0.410373,0.416626,0.544796,0.600205,0.567869,0.648350,0.308488,0.776076,0.668172,0.520580,0.745007,0.721229,0.742727,0.341371,0.474784,0.754291,0.331712,0.329055,0.511406,0.647403,0.392805,0.468336,0.325248,0.359712,0.708264,0.773367,0.358378,0.599637,0.389775,0.385820,0.298820,0.792427,0.548522,0.703405,0.309576,0.539185,0.328933,0.716953,0.433208,0.289236,0.681960,0.637850,0.768466,0.771960,0.545491,0.490566,0.282708,0.590195,0.806708,0.339117,0.363477,0.436744,0.583143,0.524490,0.368233,0.524258,0.654367,0.639805,0.556970,0.378849,0.738553,0.293892,0.393001,0.320844,0.560884,0.731411,0.581544,0.535783,0.322226,0.365447,0.671588,0.419566,0.760972,0.582326,0.445174,0.755566,0.718538,0.619573,0.327385,0.695840,0.577439,0.696126,0.689631,0.674524,0.307979,0.596147,0.539188,0.723885,0.358917,0.761518,0.413546,0.413541,0.769760,0.609863,0.655256,0.690577,0.727503,0.290497,0.666908,0.393483,0.859018,0.775879,0.724438,0.634012,0.621910,0.579086,0.745879,0.824444,0.344556,0.543123,0.797404,0.743299,0.479442,0.620455,0.425354,0.682498,0.284158,0.699196,0.658865,0.721528,0.695169,0.606331,0.699909,0.444731,0.300798,0.841237,0.584957,0.589641,0.312918,0.344323,0.651047,0.267248,0.357413,0.711936,0.404853,0.433560,0.565757,0.434304,0.663154,0.760813,0.349265,0.694870,0.503008,0.792994,0.252674,0.545529,0.618464,0.332996,0.658421,0.494400,0.309288,0.706329,0.530780,0.323827,0.543350,0.289204,0.683949,0.646975,0.328757,0.590655,0.648705,0.677847,0.704890,0.716381,0.301030,0.589085,0.626486,0.610380,0.419265,0.677456,0.803548,0.645723,0.660769,0.876954,0.618853,0.381290,0.378960,0.773640,0.676265,0.362916,0.748164,0.665044,0.624597,0.835198,0.643488,0.444817,0.653017,0.766462,0.652250,0.684603,0.744556,0.588281,0.754023,0.627193,0.518572,0.694035,0.657357,0.638790,0.534182,0.397227,0.625774,0.458358,0.741021,0.590176,0.463189,0.624590,0.619767,0.556428,0.779039,0.759702,0.860626,0.685674,0.417133,0.621116,0.690388,0.764438,0.584941,0.759349,0.601558,0.802731,0.361982,0.551115,0.740977,0.723124,0.604003,0.476921,0.774901,0.687130,0.570984,0.610778,0.621686,0.673523,0.787136,0.541905,0.613806,0.458726,0.558777,0.497697,0.476288,0.683411,0.618101,0.749321,0.610927,0.694451,0.503925,0.781088,0.443665,0.745125,0.500372,0.542437,0.675904,0.601421
0.510594,0.365435,0.337188,0.566938,0.253342,0.410901,0.575444,0.432823,0.644524,0.351956,0.610247,0.405829,0.672688,0.432627,0.614701,0.446885,0.424545,0.476687,0.430175,0.716426,0.540919,0.428535,0.489314,0.424118,0.492049,0.384334,0.487432,0.449266,0.408384,0.442947,0.723630,0.480649,0.705012,0.680339,0.464385,0.587548,0.544547,0.444098,0.631901,0.260128,0.378434,0.733496,0.730680,0.678802,0.701706,0.667813,0.376009,0.401736,0.493664,0.560031,0.500340,0.728686,0.708830,0.758196,0.371263,0.639993,0.407496,0.398971,0.610674,0.645985,0.624954,0.479295,0.765317,0.619951,0.452602,0.492521,0.367868,0.571366,0.612762,0.670682,0.717507,0.602286,0.552255,0.245397,0.700855,0.680448,0.439789,0.452336,0.295166,0.595233,0.726440,0.340913,0.566625,0.712749,0.380037,0.588244,0.174631,0.371516,0.687097,0.590632,0.608045,0.372915,0.000000,0.454177,0.769896,0.552657,0.768378,0.642468,0.584306,0.490726,0.346955,0.660101,0.304368,0.386865,0.676124,0.268975,0.747946,0.256400,0.455954,0.650489,0.793914,0.419066,0.515394,0.343483,0.403081,0.517712,0.805207,0.643470,0.483004,0.395867,0.460216,0.473294,0.359543,0.704762,0.506593,0.476572,0.374924,0.637373,0.576114,0.463042,0.410155,0.488700,0.607172,0.356299,0.623119,0.335600,0.586998,0.709433,0.589326,0.575447,0.659764,0.734409,0.389442,0.509308,0.503054,0.744618,0.365401,0.636453,0.789287,0.745254,0.374802,0.655967,0.422846,0.405467,0.551136,0.501412,0.468778,0.798434,0.538668,0.573303,0.743561,0.497126,0.521705,0.431683,0.636820,0.719507,0.429883,0.758814,0.374519,0.602769,0.624864,0.479259,0.797690,0.552463,0.694269,0.516127,0.822889,0.651542,0.494599,0.623060,0.631211,0.678616,0.449591,0.506271,0.394226,0.701247,0.611817,0.505792,0.866785,0.667030,0.485278,0.373759,0.790481,0.807483,0.479917,0.425147,0.434081,0.553449,0.758097,0.643505,0.721581,0.748619,0.719988,0.397456,0.772059,0.618785,0.709444,0.570810,0.646663,0.701070,0.817197,0.646876,0.656841,0.623760,0.469431,0.442517,0.652331,0.841326,0.510531,0.763171,0.764345,0.607561,0.660509,0.473991,0.433509,0.395323,0.411166,0.852160,0.623702,0.571841,0.777600,0.654785,0.337716,0.464693,0.575732,0.523926,0.651652,0.695077,0.468079,0.487790,0.374599,0.594330,0.707114,0.516021,0.458517,0.730769,0.633656,0.409516,0.699545,0.436451,0.462893,0.560842,0.468297,0.504596,0.743302,0.443610,0.735800,0.586705,0.437799,0.620256,0.833297,0.780791,0.472499,0.224622,0.757699,0.374835,0.393464,0.524032,0.648544,0.388535,0.544103,0.409221,0.519222,0.707161,0.714256,0.471404,0.666846,0.464917,0.444842,0.332981,0.748681,0.612008,0.736087,0.422668,0.582410,0.472921,0.788855,0.444187,0.544690,0.745249,0.655603,0.589401,0.782057,0.517045,0.530825,0.436694,0.658935,0.734348,0.531866,0.512629,0.536930,0.607156,0.562230,0.469486,0.613391,0.750262,0.610783,0.497941,0.509132,0.721943,0.422332,0.461886,0.527806,0.613347,0.712358,0.750294,0.567800,0.372740,0.487377,0.725091,0.621976,0.718091,0.633080,0.522639,0.660751,0.819455,0.636550,0.372876,0.730114,0.610433,0.747991,0.740645,0.736076,0.401821,0.642183,0.621961,0.793453,0.352541,0.807591,0.537720,0.519333,0.788969,0.725163,0.677097,0.820807,0.665523,0.312528,0.776600,0.460015,0.751423,0.732497,0.780513,0.759389,0.409061,0.684776,0.700799,0.703141,0.412523,0.655021,0.663067,0.579962,0.530406,0.652070,0.432293,0.616785,0.468269,0.711067,0.766940,0.781283,0.686411,0.680122,0.735136,0.517506,0.423753,0.800125,0.615920,0.583856,0.447131,0.488242,0.687720,0.374083,0.546906,0.766258,0.408396,0.539736,0.667496,0.423494,0.704368,0.724802,0.391944,0.694380,0.340085,0.854958,0.343245,0.670785,0.666146,0.414928,0.477848,0.582802,0.574191,0.657704,0.498620,0.507228,0.550369,0.435364,0.731081,0.477132,0.436118,0.623442,0.777679,0.656953,0.734714,0.841275,0.427224,0.567315,0.761070,0.602646,0.583599,0.716629,0.748325,0.704804,0.739906,0.808099,0.780836,0.454149,0.464635,0.787147,0.736284,0.422508,0.854414,0.725554,0.726121,0.754938,0.565398,0.537878,0.774784,0.653170,0.419685,0.736605,0.739038,0.627598,0.760814,0.602022,0.574344,0.719996,0.769512,0.659131,0.611679,0.465746,0.687168,0.561623,0.716767,0.588097,0.443728,0.655383,0.604022,0.637464,0.888193,0.769148,0.760316,0.573270,0.535354,0.596629,0.743283,0.835323,0.547823,0.726265,0.687935,0.793656,0.431421,0.646478,0.786745,0.765689,0.644985,0.475733,0.847197,0.602550,0.556220,0.678278,0.701057,0.733996,0.830067,0.565880,0.634700,0.491712,0.586033,0.659249,0.517284,0.740358,0.584788,0.723908,0.708002,0.707138,0.555118,0.757139,0.563836,0.802699,0.533844,0.603441,0.744719,0.672718
0.511363,0.409261,0.346936,0.484876,0.311126,0.462539,0.493601,0.337481,0.455153,0.413126,0.511717,0.498890,0.533978,0.433588,0.424285,0.352070,0.199564,0.571285,0.105503,0.698388,0.349430,0.413819,0.312460,0.377963,0.270252,0.488266,0.375185,0.362659,0.306519,0.322251,0.648366,0.411589,0.556026,0.591730,0.299293,0.516061,0.388223,0.467599,0.545123,0.400364,0.332229,0.617555,0.619048,0.565866,0.640656,0.511808,0.382233,0.398644,0.362923,0.478308,0.402237,0.695497,0.533869,0.647084,0.337837,0.500094,0.322825,0.293615,0.503706,0.429565,0.502990,0.426482,0.607239,0.645549,0.427629,0.120794,0.358023,0.448102,0.554409,0.655347,0.591115,0.541152,0.508556,0.513693,0.618713,0.601997,0.345676,0.356773,0.374140,0.531537,0.750621,0.426477,0.434494,0.622258,0.333382,0.601540,0.502531,0.283392,0.636598,0.536726,0.537814,0.334084,0.454177,0.000000,0.625552,0.631437,0.697940,0.541872,0.483717,0.456568,0.280369,0.590315,0.295445,0.368881,0.625109,0.380306,0.577713,0.334383,0.264168,0.497167,0.790125,0.306761,0.565956,0.441655,0.277893,0.455266,0.688090,0.733135,0.480839,0.235481,0.424961,0.417566,0.358438,0.610257,0.343147,0.367529,0.404454,0.294402,0.540601,0.435038,0.283324,0.675878,0.560141,0.322363,0.489455,0.251539,0.553435,0.600080,0.710179,0.300441,0.580761,0.549910,0.363806,0.524441,0.462266,0.526018,0.417313,0.537892,0.806219,0.684231,0.312089,0.566998,0.347002,0.332357,0.431080,0.318106,0.410225,0.732018,0.420779,0.642874,0.755497,0.439278,0.378932,0.328618,0.531928,0.350898,0.273767,0.629465,0.284522,0.318376,0.527525,0.404386,0.654308,0.622748,0.521807,0.564747,0.770179,0.455281,0.370208,0.586782,0.622047,0.685312,0.571545,0.255530,0.325716,0.663395,0.521916,0.657604,0.774233,0.607329,0.357973,0.377113,0.659813,0.666650,0.564719,0.225605,0.352919,0.310488,0.756274,0.382039,0.584074,0.609843,0.679862,0.281759,0.717395,0.546441,0.754900,0.340820,0.470623,0.578137,0.663708,0.447014,0.540084,0.664330,0.659977,0.361244,0.366945,0.851529,0.386965,0.550427,0.663227,0.492263,0.556129,0.387596,0.387196,0.390129,0.371122,0.727908,0.494571,0.640125,0.680722,0.514632,0.355279,0.569068,0.464754,0.357024,0.542344,0.561124,0.671565,0.287661,0.338480,0.331652,0.634239,0.479510,0.398324,0.623225,0.598680,0.327266,0.630860,0.439280,0.449658,0.530691,0.642522,0.618008,0.567870,0.325441,0.727605,0.673835,0.516056,0.668983,0.690691,0.706469,0.344637,0.493784,0.720289,0.338361,0.386958,0.504029,0.617288,0.382503,0.429699,0.219189,0.481079,0.721182,0.781478,0.359268,0.596765,0.359044,0.360141,0.310276,0.720530,0.525144,0.637746,0.373996,0.451735,0.396342,0.654421,0.458647,0.378930,0.611069,0.623721,0.768319,0.698584,0.547793,0.493887,0.349640,0.547452,0.775328,0.412770,0.440922,0.345814,0.524168,0.503994,0.429382,0.445431,0.597917,0.547418,0.466519,0.337243,0.693784,0.343768,0.438092,0.315580,0.414702,0.690061,0.520268,0.536444,0.335500,0.360872,0.631281,0.273793,0.723967,0.657217,0.299800,0.742149,0.742955,0.555732,0.382031,0.712097,0.472838,0.680203,0.665679,0.610976,0.359261,0.598010,0.460574,0.692539,0.369279,0.759108,0.465603,0.423279,0.757055,0.494858,0.568125,0.661056,0.719447,0.416347,0.620185,0.356607,0.853324,0.809606,0.697445,0.615081,0.644081,0.565791,0.786759,0.761459,0.483235,0.438786,0.738744,0.741441,0.517556,0.578724,0.406336,0.638868,0.366298,0.706548,0.647630,0.684713,0.647030,0.514439,0.588125,0.438390,0.375274,0.814162,0.552661,0.618000,0.368920,0.366829,0.551723,0.326245,0.434668,0.694795,0.526916,0.390032,0.593878,0.456185,0.619788,0.710501,0.384295,0.699230,0.536612,0.734104,0.335306,0.588476,0.636121,0.365887,0.676310,0.549410,0.434510,0.693135,0.535060,0.197582,0.508050,0.316516,0.680874,0.696286,0.278282,0.732479,0.685689,0.680785,0.670239,0.717977,0.345424,0.559315,0.535043,0.529583,0.528276,0.676301,0.833111,0.740881,0.569251,0.812106,0.667756,0.389283,0.380309,0.713870,0.574813,0.415913,0.709359,0.705982,0.537041,0.802323,0.685931,0.290847,0.663566,0.742055,0.640970,0.578078,0.651507,0.591172,0.727835,0.612095,0.489299,0.622064,0.546402,0.608466,0.426982,0.488215,0.602141,0.478899,0.682669,0.551594,0.555718,0.592832,0.535774,0.469689,0.770239,0.667286,0.767413,0.571065,0.399680,0.610279,0.717428,0.773632,0.591175,0.776499,0.571220,0.666752,0.423133,0.481810,0.673886,0.661686,0.619450,0.502712,0.834448,0.669713,0.608333,0.680825,0.607814,0.593520,0.773749,0.584735,0.482622,0.423395,0.503292,0.427127,0.447425,0.662876,0.628545,0.670003,0.610341,0.640550,0.549895,0.795276,0.311224,0.656138,0.465677,0.410760,0.653770,0.485889
0.511662,0.503064,0.669392,0.525315,0.665906,0.652968,0.719586,0.645105,0.682421,0.687180,0.691908,0.739583,0.397330,0.681721,0.424104,0.638021,0.574726,0.656129,0.581445,0.672904,0.601229,0.649491,0.630771,0.706718,0.640976,0.707005,0.570145,0.508420,0.599400,0.494602,0.610932,0.629643,0.519092,0.428424,0.514758,0.663663,0.600084,0.631998,0.687528,0.674819,0.573297,0.601916,0.652029,0.769965,0.693101,0.595655,0.706652,0.675842,0.553529,0.685301,0.701010,0.640457,0.383708,0.503935,0.719114,0.553577,0.550686,0.666577,0.684559,0.635407,0.393335,0.729994,0.451031,0.665022,0.717914,0.553897,0.716292,0.448186,0.602562,0.685976,0.482319,0.406449,0.760709,0.768231,0.425909,0.645855,0.675627,0.629078,0.695967,0.789462,0.785895,0.752959,0.521182,0.530102,0.659064,0.664907,0.774305,0.677557,0.450876,0.674696,0.681404,0.647385,0.769896,0.625552,0.000000,0.656769,0.529180,0.385104,0.508937,0.655441,0.626677,0.600783,0.658870,0.707257,0.480395,0.678134,0.526411,0.699437,0.606448,0.698474,0.590076,0.647050,0.786033,0.639495,0.632785,0.734740,0.580278,0.674127,0.647505,0.668322,0.599227,0.711980,0.720953,0.622433,0.571925,0.633022,0.758414,0.525610,0.631884,0.705736,0.684598,0.737053,0.742948,0.559939,0.633556,0.676269,0.562707,0.622623,0.689236,0.509421,0.693269,0.457942,0.714536,0.582175,0.773094,0.474974,0.731989,0.587006,0.556157,0.625948,0.691234,0.462785,0.715368,0.706767,0.712182,0.646061,0.705572,0.716916,0.603259,0.670392,0.816509,0.757816,0.600643,0.659218,0.740090,0.471058,0.676016,0.613166,0.684278,0.523263,0.651591,0.647950,0.568494,0.691337,0.529166,0.605494,0.624602,0.739242,0.661448,0.687568,0.671307,0.570178,0.667903,0.647272,0.704383,0.644200,0.461707,0.642722,0.693107,0.670131,0.582639,0.695417,0.512413,0.709484,0.771194,0.645882,0.751538,0.581718,0.826295,0.636072,0.537250,0.502577,0.646213,0.637407,0.630414,0.742101,0.847232,0.615375,0.600975,0.672813,0.514084,0.589111,0.476486,0.636219,0.840117,0.697966,0.616112,0.596067,0.726083,0.547886,0.487377,0.691979,0.467612,0.766825,0.700707,0.636808,0.722421,0.550218,0.564021,0.708800,0.776040,0.603499,0.741142,0.708137,0.757959,0.660701,0.676253,0.572727,0.799950,0.732230,0.688369,0.638137,0.754659,0.668800,0.736152,0.498933,0.679007,0.664168,0.778858,0.806497,0.657762,0.603143,0.735488,0.758107,0.414696,0.720415,0.723124,0.705745,0.718006,0.703204,0.538272,0.456780,0.728583,0.790628,0.610612,0.773268,0.711504,0.700758,0.563130,0.787158,0.683047,0.653017,0.778279,0.728196,0.730024,0.748856,0.592221,0.542502,0.666378,0.725541,0.661447,0.742391,0.647699,0.693672,0.655609,0.782909,0.535689,0.711373,0.673355,0.404712,0.710820,0.776594,0.509669,0.769225,0.816869,0.712240,0.587369,0.757982,0.708050,0.735017,0.694355,0.620665,0.528965,0.746577,0.719843,0.614020,0.663105,0.784640,0.727355,0.731562,0.703006,0.655436,0.647482,0.665681,0.741358,0.533208,0.713433,0.727478,0.667818,0.471037,0.658498,0.723256,0.773258,0.648498,0.731121,0.547290,0.641172,0.815971,0.638047,0.580073,0.786751,0.621877,0.578550,0.703864,0.784025,0.738841,0.487864,0.708340,0.792035,0.768407,0.703081,0.717039,0.768523,0.527681,0.592206,0.593491,0.763464,0.586881,0.707044,0.775067,0.730073,0.536754,0.779793,0.680785,0.628910,0.764011,0.658525,0.620042,0.642414,0.650676,0.755091,0.706384,0.648950,0.709282,0.665778,0.707093,0.727183,0.559784,0.510436,0.558016,0.651770,0.641658,0.719841,0.748796,0.668498,0.706305,0.569629,0.704047,0.697905,0.589089,0.710996,0.806237,0.703024,0.813213,0.760570,0.711862,0.719136,0.692876,0.631641,0.724216,0.650219,0.704028,0.588499,0.704070,0.814132,0.601171,0.773927,0.699930,0.671556,0.743137,0.795706,0.709038,0.758687,0.668175,0.703874,0.761781,0.844329,0.736197,0.811369,0.707555,0.592467,0.697033,0.584454,0.762017,0.742209,0.702435,0.716246,0.743699,0.696906,0.795527,0.718752,0.629066,0.871138,0.645561,0.783755,0.677816,0.782712,0.734025,0.717871,0.567707,0.754550,0.541426,0.794778,0.734052,0.661012,0.584770,0.637197,0.832109,0.497545,0.657249,0.731706,0.675676,0.745483,0.635714,0.591296,0.710445,0.770235,0.699965,0.701850,0.578518,0.726109,0.849928,0.745098,0.714885,0.614877,0.698314,0.727631,0.607044,0.657903,0.689112,0.723133,0.714056,0.757680,0.814019,0.787423,0.769898,0.778712,0.772681,0.653404,0.726866,0.695911,0.621104,0.574267,0.701125,0.742548,0.695300,0.682526,0.629782,0.751059,0.555874,0.672536,0.626308,0.676494,0.614647,0.715924,0.610428,0.584818,0.706753,0.654460,0.787949,0.727174,0.735270,0.609761,0.842580,0.788034,0.634002,0.614254,0.675155,0.687604,0.547073,0.610127
0.511938,0.555669,0.595729,0.621965,0.603624,0.382182,0.386489,0.608624,0.484008,0.413521,0.391923,0.457623,0.529707,0.451160,0.603947,0.604412,0.595494,0.460478,0.635361,0.561585,0.521098,0.704084,0.473849,0.527931,0.470321,0.546006,0.665776,0.670707,0.671065,0.621824,0.682295,0.541418,0.712221,0.597433,0.691184,0.209461,0.540297,0.535768,0.420955,0.544752,0.656425,0.605611,0.708875,0.684250,0.410414,0.712822,0.583202,0.692064,0.689271,0.374166,0.625748,0.570887,0.593520,0.799394,0.536421,0.722068,0.693016,0.556619,0.695740,0.602307,0.638227,0.610943,0.742426,0.524018,0.509122,0.588098,0.700371,0.635259,0.569968,0.657132,0.509040,0.614002,0.477323,0.566846,0.614653,0.492118,0.522500,0.539910,0.591678,0.571684,0.591931,0.561837,0.645749,0.759205,0.745806,0.184325,0.601564,0.685780,0.672745,0.548598,0.290736,0.599285,0.552657,0.631437,0.656769,0.000000,0.668134,0.626038,0.697284,0.404401,0.570210,0.559425,0.564014,0.630496,0.635033,0.516057,0.735811,0.534441,0.791515,0.424650,0.650090,0.708833,0.562867,0.398912,0.688305,0.711842,0.811179,0.613512,0.438622,0.535553,0.546156,0.780974,0.741943,0.712719,0.505661,0.668690,0.716288,0.577662,0.638810,0.527110,0.714017,0.490246,0.429675,0.534776,0.569564,0.670942,0.677354,0.499488,0.503788,0.521346,0.298144,0.729610,0.713166,0.342704,0.766244,0.736837,0.620195,0.681217,0.535891,0.648705,0.732910,0.678850,0.721553,0.743855,0.670925,0.601550,0.444994,0.584521,0.611826,0.501345,0.598886,0.670969,0.722860,0.762722,0.627500,0.617234,0.689717,0.611031,0.627967,0.727784,0.566842,0.727658,0.791563,0.461660,0.644421,0.577154,0.737527,0.695714,0.687428,0.606575,0.795487,0.655836,0.471957,0.631838,0.766133,0.650840,0.668878,0.471123,0.570894,0.411902,0.706400,0.733246,0.604377,0.566368,0.647645,0.688218,0.664331,0.644751,0.560483,0.683486,0.754620,0.732932,0.616144,0.741437,0.622662,0.480483,0.690832,0.685617,0.655636,0.761072,0.721823,0.749949,0.699816,0.697123,0.755349,0.795854,0.822497,0.690113,0.663119,0.770297,0.635519,0.727460,0.677621,0.716230,0.678259,0.673091,0.780104,0.781085,0.671385,0.630196,0.552817,0.599039,0.696867,0.743414,0.724889,0.706896,0.481867,0.763297,0.700516,0.752373,0.722555,0.781692,0.754838,0.626905,0.740196,0.756127,0.639117,0.701249,0.731448,0.676248,0.572239,0.636615,0.540118,0.705936,0.691461,0.777196,0.600139,0.597780,0.718550,0.670960,0.796633,0.637712,0.760185,0.602387,0.662989,0.666902,0.680585,0.810988,0.762978,0.670605,0.394572,0.601985,0.757934,0.585089,0.625360,0.744528,0.541135,0.559855,0.765257,0.688053,0.675245,0.659486,0.845259,0.757392,0.551256,0.737424,0.766380,0.574315,0.690771,0.669247,0.738593,0.677590,0.568108,0.682739,0.578202,0.694945,0.592622,0.533314,0.709288,0.737340,0.704613,0.659715,0.672434,0.637151,0.720599,0.552430,0.615667,0.754550,0.668394,0.562782,0.762307,0.260507,0.687076,0.647517,0.523369,0.788578,0.738390,0.740577,0.752743,0.677484,0.695270,0.521464,0.422941,0.641939,0.480248,0.732565,0.712411,0.728534,0.683698,0.707540,0.623638,0.739425,0.746128,0.684445,0.670741,0.547227,0.789510,0.551057,0.834915,0.808931,0.755555,0.678220,0.718932,0.601769,0.811909,0.506576,0.608827,0.776918,0.735188,0.664322,0.600934,0.780644,0.629617,0.531183,0.689050,0.530259,0.711090,0.600444,0.693123,0.652846,0.600125,0.718560,0.745493,0.454488,0.345924,0.713621,0.599905,0.794711,0.729180,0.603848,0.693689,0.785545,0.750305,0.792405,0.660428,0.651379,0.653928,0.747688,0.774917,0.761422,0.774236,0.629817,0.628760,0.560336,0.685965,0.512931,0.750232,0.792690,0.717960,0.793569,0.695193,0.539102,0.735979,0.720303,0.631359,0.729406,0.704939,0.552240,0.461128,0.691554,0.616121,0.263337,0.721939,0.603044,0.639797,0.567142,0.568251,0.752123,0.511560,0.600077,0.675140,0.625943,0.626949,0.755199,0.505812,0.575297,0.590490,0.660526,0.531649,0.524922,0.469378,0.670723,0.809511,0.461427,0.775986,0.668770,0.593155,0.713780,0.737277,0.702414,0.656724,0.834269,0.658511,0.538204,0.588906,0.781756,0.653815,0.600196,0.624251,0.551772,0.800973,0.573659,0.602698,0.432362,0.786505,0.812412,0.716447,0.719133,0.721035,0.741685,0.774429,0.715529,0.474146,0.523914,0.773838,0.659058,0.806520,0.837733,0.809811,0.594736,0.647474,0.791825,0.646394,0.525460,0.586475,0.606028,0.553238,0.694952,0.647601,0.686089,0.734829,0.805266,0.676063,0.692186,0.710194,0.596836,0.519575,0.668018,0.539655,0.765126,0.714416,0.830820,0.696970,0.687682,0.659641,0.794461,0.710214,0.836656,0.760091,0.678087,0.616526,0.651436,0.787625,0.583169,0.534804,0.713361,0.653081,0.751736,0.579800,0.693250,0.693007
0.512402,0.526952,0.651928,0.639399,0.667212,0.662768,0.588302,0.652969,0.702587,0.623208,0.609302,0.609403,0.420405,0.612280,0.421169,0.596439,0.648401,0.610585,0.638879,0.616398,0.633253,0.708389,0.703156,0.687287,0.670524,0.627988,0.619905,0.593469,0.671843,0.605765,0.466536,0.633434,0.559602,0.502295,0.657385,0.695137,0.639911,0.636449,0.645079,0.719131,0.665614,0.504023,0.607208,0.693480,0.738916,0.684547,0.715639,0.757212,0.622442,0.692273,0.713818,0.471503,0.504879,0.584066,0.655296,0.621954,0.632386,0.681563,0.688891,0.653539,0.503680,0.690164,0.568328,0.547232,0.729899,0.674288,0.734410,0.585831,0.506504,0.516795,0.615926,0.484771,0.740330,0.764252,0.508192,0.511489,0.662788,0.600165,0.726825,0.756524,0.720777,0.733552,0.648212,0.559346,0.712978,0.650771,0.762412,0.709270,0.599712,0.702657,0.583261,0.688056,0.768378,0.697940,0.529180,0.668134,0.000000,0.484215,0.664412,0.751017,0.621619,0.644976,0.664281,0.714765,0.521081,0.630122,0.523248,0.648128,0.678211,0.751587,0.514271,0.719228,0.691182,0.700296,0.631100,0.673653,0.607803,0.730070,0.682663,0.705179,0.643914,0.730620,0.742083,0.657744,0.639702,0.656696,0.762450,0.609730,0.457019,0.688097,0.732658,0.712867,0.697676,0.637272,0.711847,0.714022,0.604780,0.516543,0.533387,0.598765,0.715556,0.562475,0.715067,0.610894,0.775003,0.624197,0.677196,0.597676,0.564365,0.701119,0.735587,0.542903,0.748154,0.740439,0.664436,0.736943,0.684975,0.644058,0.574714,0.536416,0.755760,0.748482,0.739233,0.748581,0.739812,0.602223,0.711072,0.690048,0.713638,0.657108,0.665623,0.678713,0.562222,0.625944,0.485878,0.686587,0.494858,0.672449,0.737250,0.664597,0.723493,0.657063,0.714403,0.691476,0.769991,0.500270,0.546207,0.637093,0.588231,0.706105,0.756834,0.725843,0.605947,0.732922,0.715980,0.750390,0.747515,0.639666,0.673174,0.767867,0.589398,0.556042,0.657639,0.759766,0.456238,0.653775,0.767516,0.672286,0.585683,0.511337,0.546556,0.750350,0.516935,0.651447,0.791789,0.743406,0.715404,0.530094,0.784345,0.620509,0.538407,0.717993,0.532579,0.708890,0.756275,0.719073,0.765895,0.541545,0.680487,0.742437,0.656349,0.595120,0.757351,0.751904,0.701687,0.724768,0.650497,0.754730,0.764740,0.740975,0.728747,0.753423,0.742525,0.579371,0.666767,0.517880,0.614829,0.694830,0.723421,0.717043,0.696743,0.652177,0.611830,0.808707,0.561312,0.785161,0.712133,0.634178,0.773463,0.761417,0.544303,0.482053,0.727939,0.783964,0.540376,0.806334,0.699408,0.756010,0.606632,0.792388,0.682435,0.742436,0.773661,0.791395,0.716089,0.757868,0.637270,0.597261,0.746382,0.791270,0.617178,0.722044,0.700813,0.742396,0.727806,0.795686,0.560438,0.755309,0.703517,0.535134,0.505711,0.777026,0.527145,0.760127,0.792550,0.696203,0.603120,0.758221,0.718395,0.706052,0.672906,0.723692,0.619291,0.818355,0.804161,0.623669,0.611080,0.781370,0.798510,0.753161,0.750525,0.735897,0.664185,0.688200,0.724188,0.701235,0.610001,0.768055,0.740790,0.529328,0.785195,0.687007,0.673246,0.700263,0.675609,0.521988,0.624679,0.728094,0.431626,0.462041,0.769528,0.607177,0.547835,0.759794,0.523796,0.781760,0.598497,0.696036,0.722662,0.793911,0.761927,0.634214,0.786441,0.547167,0.614191,0.627464,0.773531,0.594609,0.788283,0.746811,0.731694,0.558853,0.786987,0.604276,0.598211,0.700147,0.782965,0.700697,0.748042,0.777564,0.732461,0.682725,0.657884,0.744334,0.745836,0.757467,0.748731,0.487918,0.644256,0.602382,0.645725,0.661923,0.750747,0.777284,0.527197,0.788648,0.604869,0.753012,0.757481,0.601388,0.774369,0.773024,0.636351,0.754607,0.752594,0.770723,0.807839,0.691979,0.754457,0.702529,0.791324,0.624580,0.585522,0.734023,0.714364,0.605425,0.783846,0.643234,0.595001,0.712359,0.776618,0.709068,0.763571,0.625847,0.753762,0.742887,0.779447,0.731499,0.708538,0.636883,0.593200,0.770834,0.610248,0.743769,0.695191,0.681436,0.630981,0.695365,0.539530,0.721921,0.652266,0.702628,0.795783,0.647464,0.799360,0.654718,0.679720,0.731389,0.796480,0.612790,0.728845,0.595479,0.722703,0.777399,0.724114,0.598678,0.767247,0.801280,0.583627,0.596322,0.747682,0.705103,0.720887,0.647358,0.642464,0.748432,0.775239,0.783500,0.691514,0.606893,0.771893,0.819430,0.738020,0.613089,0.663185,0.704766,0.828018,0.575919,0.625071,0.705870,0.739065,0.778499,0.739016,0.764448,0.546831,0.702106,0.728273,0.788989,0.686175,0.734057,0.795221,0.645000,0.529732,0.621262,0.787554,0.561073,0.671272,0.651924,0.735223,0.653116,0.651724,0.657340,0.732966,0.667763,0.682275,0.768514,0.754452,0.759468,0.689037,0.716770,0.684437,0.719287,0.666492,0.773240,0.761847,0.679549,0.719320,0.738271,0.778123,0.489305,0.737951
0.512562,0.486926,0.604255,0.555828,0.568936,0.639597,0.688227,0.561137,0.698121,0.607425,0.693486,0.695877,0.239029,0.583502,0.252313,0.496444,0.552314,0.586076,0.557090,0.608956,0.541540,0.588803,0.620734,0.626777,0.568617,0.660694,0.441374,0.423083,0.513332,0.330294,0.503051,0.590918,0.399856,0.403035,0.396959,0.644837,0.526486,0.590841,0.670551,0.592105,0.441884,0.533093,0.573453,0.686733,0.746146,0.631575,0.665116,0.544154,0.436975,0.699150,0.652924,0.553674,0.291204,0.454984,0.646121,0.518988,0.462831,0.598397,0.616090,0.673598,0.176630,0.648370,0.403796,0.629937,0.650493,0.515157,0.582772,0.263049,0.547155,0.601097,0.495474,0.049264,0.743444,0.698601,0.283116,0.550021,0.625503,0.489820,0.615270,0.735983,0.775677,0.716255,0.515578,0.427391,0.595370,0.672579,0.691458,0.596995,0.433170,0.689314,0.609236,0.570766,0.642468,0.541872,0.385104,0.626038,0.484215,0.000000,0.567085,0.654898,0.553453,0.544277,0.569741,0.619046,0.368278,0.622641,0.448093,0.628834,0.506523,0.722273,0.503727,0.553201,0.739196,0.635549,0.493259,0.659932,0.512780,0.756560,0.652975,0.569073,0.518910,0.645299,0.615800,0.550470,0.529459,0.561509,0.706717,0.460871,0.561460,0.667541,0.570390,0.696445,0.645938,0.444541,0.700041,0.587172,0.420622,0.577837,0.591241,0.429571,0.702875,0.343328,0.623400,0.642821,0.636883,0.410254,0.672203,0.574288,0.606070,0.544965,0.584502,0.366867,0.615875,0.598799,0.564887,0.633298,0.652863,0.719220,0.516500,0.626777,0.763020,0.723460,0.546700,0.564353,0.660521,0.422966,0.596732,0.707402,0.631747,0.531981,0.579572,0.527591,0.490130,0.627029,0.309407,0.634204,0.512801,0.681156,0.582585,0.667160,0.651416,0.597212,0.663933,0.604414,0.639669,0.563636,0.137378,0.616156,0.679456,0.676150,0.579004,0.644476,0.374993,0.652183,0.673148,0.612621,0.643773,0.496694,0.794841,0.610668,0.426181,0.462447,0.653045,0.557642,0.493249,0.666483,0.740498,0.509061,0.530317,0.608241,0.514043,0.524963,0.353021,0.552728,0.761718,0.644964,0.566139,0.522929,0.707113,0.438468,0.437875,0.623730,0.145397,0.673932,0.692731,0.575321,0.625978,0.458274,0.511497,0.693139,0.604687,0.537627,0.589646,0.599080,0.632800,0.619312,0.686466,0.647509,0.778966,0.637681,0.590004,0.584612,0.718841,0.601468,0.594914,0.396972,0.564829,0.568723,0.736338,0.720207,0.568302,0.562384,0.686424,0.664913,0.293117,0.618607,0.701776,0.639405,0.685408,0.736360,0.431167,0.393222,0.658570,0.689072,0.530219,0.688549,0.643043,0.731219,0.529149,0.719317,0.697457,0.603021,0.732787,0.668521,0.731450,0.650967,0.525068,0.481616,0.647622,0.664714,0.512940,0.736323,0.648406,0.590830,0.601808,0.679801,0.436044,0.687679,0.634530,0.275885,0.552795,0.829676,0.453228,0.726139,0.733842,0.575177,0.456027,0.747991,0.644191,0.621777,0.643303,0.558441,0.369262,0.693243,0.718119,0.523768,0.550124,0.672220,0.714064,0.686942,0.603213,0.622747,0.572261,0.554106,0.747694,0.471980,0.507128,0.656758,0.530099,0.381170,0.689763,0.668891,0.719734,0.541410,0.704182,0.506436,0.556427,0.692964,0.519832,0.408821,0.766388,0.502873,0.497562,0.672361,0.608306,0.705415,0.401122,0.686045,0.788386,0.690721,0.613611,0.626933,0.704004,0.480886,0.532949,0.600752,0.706862,0.483386,0.650066,0.775578,0.697466,0.495859,0.676564,0.653400,0.533442,0.734838,0.752870,0.606967,0.552683,0.734607,0.696528,0.574831,0.609435,0.718720,0.736136,0.618510,0.694488,0.495710,0.447893,0.406761,0.555979,0.584666,0.672681,0.652720,0.555512,0.683944,0.359791,0.649541,0.676724,0.483164,0.599038,0.724744,0.675735,0.708714,0.690453,0.718710,0.717867,0.562677,0.670818,0.630003,0.664579,0.648886,0.476935,0.617533,0.716144,0.436147,0.642654,0.678504,0.642309,0.644856,0.779119,0.680661,0.681685,0.538689,0.685336,0.753420,0.802796,0.637432,0.794442,0.645250,0.429124,0.740817,0.624644,0.629366,0.709784,0.608861,0.601656,0.712394,0.619881,0.771911,0.673410,0.622659,0.786627,0.585358,0.676291,0.546479,0.721858,0.675326,0.603323,0.487324,0.749416,0.489741,0.691236,0.709341,0.596182,0.498871,0.720745,0.750479,0.404668,0.545715,0.662558,0.686082,0.666301,0.531764,0.540377,0.700253,0.674334,0.680304,0.580005,0.509335,0.672679,0.811098,0.734918,0.638263,0.529517,0.618476,0.641347,0.509979,0.590908,0.759347,0.670034,0.614712,0.665064,0.729019,0.700091,0.663449,0.763908,0.738680,0.583378,0.600206,0.624739,0.523799,0.449164,0.595120,0.722875,0.707677,0.562232,0.554931,0.704045,0.516841,0.463752,0.576821,0.612539,0.540315,0.622614,0.634083,0.539400,0.674351,0.595151,0.639008,0.741393,0.765177,0.548189,0.802660,0.698319,0.499082,0.548611,0.645595,0.629901,0.385671,0.594127
0.513231,0.457423,0.446535,0.294419,0.413818,0.571723,0.623063,0.449179,0.635311,0.552236,0.640691,0.584020,0.541900,0.554534,0.506583,0.491326,0.446196,0.632258,0.455592,0.664832,0.590054,0.567600,0.534171,0.561532,0.500772,0.576701,0.436606,0.466543,0.413786,0.494604,0.708147,0.554115,0.608441,0.627208,0.484720,0.649755,0.583966,0.436845,0.662567,0.559470,0.476435,0.701957,0.695321,0.653716,0.731010,0.663686,0.452606,0.560332,0.419991,0.626040,0.510799,0.730692,0.507889,0.638340,0.575210,0.658459,0.441617,0.506258,0.634304,0.561308,0.571233,0.602665,0.601074,0.694808,0.671338,0.473030,0.488761,0.590353,0.669451,0.749585,0.681057,0.572102,0.692422,0.638528,0.616235,0.737783,0.617915,0.477394,0.567359,0.689231,0.785919,0.621619,0.241115,0.657092,0.454762,0.701278,0.655956,0.485488,0.593733,0.609638,0.694460,0.445713,0.584306,0.483717,0.508937,0.697284,0.664412,0.567085,0.000000,0.592869,0.503923,0.694278,0.470421,0.469516,0.670444,0.522798,0.640813,0.532133,0.484763,0.684462,0.714133,0.487673,0.658054,0.579863,0.379148,0.565433,0.682378,0.699222,0.623767,0.486405,0.483407,0.527871,0.507887,0.702138,0.578278,0.564703,0.559767,0.618866,0.624937,0.621662,0.416614,0.672565,0.653487,0.437983,0.632148,0.486551,0.646778,0.704724,0.722049,0.564990,0.730626,0.630465,0.498937,0.651249,0.592258,0.612046,0.639943,0.638378,0.766725,0.720050,0.471560,0.624758,0.494587,0.488286,0.571344,0.540766,0.584369,0.777051,0.563881,0.696841,0.794877,0.565805,0.380109,0.474726,0.645812,0.606208,0.475639,0.698548,0.511043,0.537904,0.575754,0.521119,0.653312,0.673328,0.619329,0.504407,0.769780,0.619792,0.510260,0.728896,0.675889,0.667866,0.657409,0.523563,0.471530,0.731540,0.591599,0.628207,0.797613,0.571243,0.423597,0.521989,0.621663,0.711996,0.663200,0.509006,0.561580,0.520648,0.789402,0.586695,0.656776,0.645477,0.748709,0.437635,0.741176,0.646712,0.781376,0.449564,0.626631,0.658861,0.692130,0.573668,0.644339,0.703542,0.746494,0.500451,0.560053,0.754414,0.570287,0.627711,0.538551,0.557509,0.592299,0.542759,0.518141,0.557115,0.520439,0.742396,0.577451,0.699384,0.730905,0.671588,0.488406,0.640159,0.545846,0.530635,0.687997,0.472796,0.685340,0.475443,0.470894,0.589192,0.750890,0.644002,0.551040,0.671986,0.702708,0.477766,0.795623,0.601007,0.541365,0.666495,0.653954,0.716694,0.622763,0.506890,0.732055,0.746622,0.560762,0.721983,0.711764,0.676620,0.517157,0.624970,0.702639,0.545006,0.585536,0.600285,0.722814,0.574190,0.691753,0.489844,0.591794,0.728178,0.761244,0.491807,0.775461,0.522827,0.545437,0.473222,0.749431,0.726168,0.723534,0.472739,0.607668,0.570556,0.694498,0.652965,0.549899,0.658698,0.758793,0.753046,0.773163,0.637659,0.659878,0.502780,0.634446,0.838701,0.520049,0.561192,0.544448,0.635601,0.636809,0.559111,0.609386,0.678023,0.653159,0.633740,0.504557,0.776209,0.538743,0.595995,0.485545,0.612590,0.778416,0.608369,0.615768,0.526238,0.548175,0.656338,0.540041,0.807243,0.777196,0.558175,0.828204,0.728039,0.738160,0.554609,0.697507,0.627048,0.754266,0.769899,0.723947,0.527990,0.731435,0.629569,0.688317,0.542183,0.762903,0.512345,0.542118,0.786854,0.651305,0.667865,0.702355,0.662047,0.609183,0.706581,0.602889,0.735458,0.744663,0.717650,0.712536,0.669797,0.665545,0.793139,0.702282,0.477393,0.516407,0.706169,0.732928,0.620341,0.675637,0.574062,0.734654,0.545581,0.741697,0.713287,0.712489,0.682695,0.661433,0.753146,0.583423,0.487112,0.780463,0.620111,0.591278,0.558968,0.529182,0.665891,0.491456,0.630467,0.806072,0.617701,0.551631,0.765764,0.568427,0.662467,0.664937,0.541147,0.717106,0.603119,0.672707,0.504848,0.743991,0.685636,0.534354,0.708354,0.687218,0.605942,0.796338,0.671527,0.524774,0.614184,0.459971,0.745525,0.787249,0.547735,0.747710,0.766683,0.719322,0.755073,0.748056,0.478815,0.660114,0.666685,0.719196,0.634157,0.740804,0.801129,0.750269,0.692213,0.828733,0.695969,0.602634,0.587226,0.743756,0.764708,0.594578,0.762623,0.742483,0.662275,0.833221,0.680821,0.560762,0.675761,0.658642,0.781211,0.647978,0.663234,0.721735,0.796483,0.715114,0.664834,0.617625,0.733582,0.716751,0.627284,0.583172,0.620733,0.575783,0.772624,0.725303,0.630777,0.688360,0.691881,0.679212,0.746449,0.765839,0.761875,0.653709,0.572699,0.700361,0.798500,0.854300,0.699614,0.790669,0.729065,0.775677,0.573929,0.651704,0.724032,0.715497,0.617065,0.667206,0.748814,0.690070,0.662127,0.766318,0.660104,0.619206,0.733896,0.600686,0.667118,0.618249,0.466443,0.613133,0.570197,0.737411,0.688965,0.781895,0.709474,0.701629,0.749128,0.831836,0.505941,0.696376,0.600182,0.645437,0.707547,0.729873
0.513600,0.461715,0.531435,0.592372,0.449070,0.396558,0.400046,0.548098,0.359324,0.429304,0.423318,0.481305,0.602787,0.530465,0.617678,0.549778,0.445344,0.569182,0.463897,0.547030,0.388726,0.590923,0.237165,0.491576,0.386070,0.547311,0.473956,0.653054,0.549304,0.496108,0.684329,0.541165,0.696818,0.639851,0.541368,0.305355,0.393417,0.454946,0.389572,0.515265,0.532152,0.660790,0.710083,0.653229,0.246427,0.552747,0.475123,0.471774,0.574655,0.407802,0.563205,0.700835,0.566570,0.775421,0.499339,0.603922,0.513623,0.518609,0.621631,0.446333,0.627425,0.556597,0.732217,0.570083,0.500612,0.461530,0.611027,0.649593,0.538827,0.660814,0.534061,0.626364,0.416705,0.508102,0.594575,0.496475,0.533618,0.503482,0.545672,0.476548,0.616154,0.517058,0.554778,0.709933,0.580894,0.415458,0.645788,0.580819,0.632514,0.507383,0.358637,0.459840,0.490726,0.456568,0.655441,0.404401,0.751017,0.654898,0.592869,0.000000,0.479183,0.535147,0.435163,0.543577,0.711083,0.452974,0.748255,0.435389,0.580173,0.363646,0.755581,0.572249,0.467267,0.337557,0.529468,0.647546,0.793899,0.539596,0.434495,0.337970,0.506002,0.655865,0.602368,0.647117,0.430231,0.637074,0.607251,0.445707,0.549616,0.499097,0.559495,0.591808,0.433751,0.393775,0.334986,0.533893,0.654099,0.566428,0.650055,0.432397,0.361507,0.723010,0.616346,0.332903,0.661624,0.683975,0.588224,0.601418,0.704344,0.656222,0.596797,0.692068,0.596130,0.582751,0.559176,0.560570,0.315406,0.572894,0.592807,0.613799,0.699242,0.605775,0.517731,0.628833,0.535046,0.504781,0.539552,0.508560,0.509075,0.578250,0.537447,0.592223,0.838314,0.578010,0.602600,0.527441,0.732356,0.617728,0.492653,0.621546,0.742233,0.593609,0.583835,0.466432,0.561987,0.671589,0.626274,0.578193,0.688036,0.391623,0.538681,0.639719,0.622082,0.497515,0.640670,0.511166,0.581047,0.560750,0.682860,0.562794,0.704269,0.668979,0.576014,0.539668,0.732570,0.496161,0.701105,0.564973,0.617251,0.724212,0.737527,0.637483,0.613754,0.699474,0.759959,0.646535,0.648580,0.826776,0.540025,0.765317,0.663383,0.638181,0.643109,0.591676,0.592431,0.506633,0.639238,0.769913,0.629791,0.573855,0.446098,0.571124,0.530537,0.611934,0.626638,0.580773,0.414972,0.691517,0.655608,0.619642,0.596386,0.600816,0.656636,0.478086,0.502923,0.652191,0.550691,0.540395,0.627196,0.590152,0.407454,0.556082,0.568844,0.679761,0.658801,0.586086,0.667397,0.598898,0.596484,0.617524,0.811232,0.701004,0.656027,0.434648,0.723974,0.528156,0.638359,0.644586,0.615332,0.532501,0.421057,0.452021,0.634603,0.656109,0.669533,0.639493,0.650351,0.499205,0.583299,0.537695,0.714704,0.643848,0.755956,0.609453,0.409676,0.629614,0.729074,0.495457,0.592649,0.680830,0.637711,0.717659,0.734440,0.660218,0.582886,0.539331,0.454545,0.627191,0.607121,0.609821,0.533703,0.458716,0.501910,0.399440,0.637733,0.522482,0.582269,0.600489,0.542961,0.655603,0.618892,0.234300,0.552301,0.583871,0.557238,0.786920,0.694164,0.628661,0.629111,0.639099,0.521846,0.576435,0.464977,0.460594,0.586151,0.758478,0.585446,0.581358,0.680426,0.583936,0.699415,0.721896,0.707038,0.588220,0.628204,0.501094,0.841485,0.425106,0.758987,0.712797,0.690269,0.731481,0.648372,0.662204,0.838621,0.588365,0.454595,0.802666,0.556506,0.683851,0.700531,0.779769,0.588540,0.577605,0.609479,0.668923,0.668653,0.477169,0.581437,0.675658,0.634792,0.669168,0.720003,0.349567,0.459252,0.590137,0.623048,0.769842,0.820572,0.655441,0.669780,0.708593,0.679349,0.604479,0.824955,0.406358,0.632983,0.606448,0.667408,0.661032,0.578257,0.541567,0.646829,0.355416,0.602761,0.509407,0.572804,0.733507,0.680560,0.605126,0.700692,0.485794,0.748155,0.568877,0.651793,0.720715,0.539944,0.608052,0.390091,0.590824,0.604908,0.319769,0.552656,0.515122,0.513636,0.577213,0.566393,0.572690,0.536455,0.603699,0.774999,0.596510,0.575779,0.616828,0.572230,0.474982,0.566775,0.581674,0.675764,0.708501,0.596230,0.557211,0.835791,0.470109,0.637362,0.566364,0.516818,0.644587,0.649779,0.781973,0.690577,0.731322,0.781358,0.597805,0.497792,0.794193,0.679996,0.672245,0.676905,0.594748,0.660588,0.626387,0.684400,0.474131,0.698212,0.698696,0.633856,0.613653,0.626073,0.617252,0.681038,0.692470,0.549550,0.463059,0.664092,0.524436,0.691912,0.866060,0.749978,0.623938,0.463942,0.699112,0.672121,0.668246,0.702015,0.581732,0.667309,0.569011,0.634894,0.584847,0.610109,0.773067,0.727555,0.642247,0.652113,0.771604,0.534241,0.560890,0.597908,0.672231,0.628876,0.785241,0.541843,0.551038,0.614603,0.663934,0.586885,0.724105,0.726546,0.678765,0.492393,0.618265,0.640541,0.508467,0.719939,0.602780,0.633622,0.673522,0.454056,0.715274,0.557577
0.513832,0.397590,0.354446,0.500488,0.298917,0.450214,0.517633,0.349296,0.564376,0.350862,0.543298,0.356379,0.507080,0.358982,0.455991,0.337812,0.334584,0.418847,0.291550,0.650494,0.378688,0.442082,0.410346,0.375346,0.392281,0.387238,0.385158,0.363236,0.352615,0.355557,0.617704,0.167132,0.620850,0.588345,0.346564,0.579781,0.416454,0.457031,0.604290,0.355377,0.369081,0.653583,0.651610,0.570969,0.674914,0.526066,0.365512,0.451483,0.367832,0.583361,0.422123,0.644285,0.564758,0.723650,0.305177,0.508278,0.355755,0.311401,0.481997,0.501656,0.536957,0.394034,0.669434,0.601914,0.481998,0.325230,0.311954,0.473601,0.601655,0.568285,0.593162,0.531221,0.571311,0.481500,0.581124,0.613002,0.422846,0.276969,0.418986,0.586051,0.677910,0.387808,0.467262,0.668653,0.310626,0.590494,0.452196,0.238848,0.636925,0.580140,0.532670,0.322754,0.346955,0.280369,0.626677,0.570210,0.621619,0.553453,0.503923,0.479183,0.000000,0.531863,0.249891,0.399056,0.540774,0.292577,0.632284,0.253890,0.317322,0.589832,0.770648,0.343148,0.594744,0.428652,0.342183,0.448630,0.751663,0.661997,0.465869,0.337018,0.438409,0.379944,0.327129,0.619731,0.412668,0.438269,0.337700,0.429987,0.440815,0.489965,0.324123,0.543450,0.518129,0.335935,0.549734,0.194546,0.528089,0.617391,0.558457,0.418940,0.618281,0.603197,0.371263,0.484983,0.483000,0.581255,0.349137,0.514046,0.743219,0.614716,0.326533,0.546018,0.369211,0.356108,0.470087,0.414214,0.495562,0.733221,0.315012,0.561237,0.696858,0.488804,0.456259,0.364904,0.616691,0.508552,0.238384,0.723539,0.306354,0.444445,0.537215,0.450531,0.714667,0.521724,0.550909,0.539935,0.734456,0.496724,0.389934,0.609933,0.532302,0.617258,0.499021,0.331199,0.323413,0.642906,0.541011,0.470995,0.807725,0.680614,0.425877,0.385433,0.627879,0.728072,0.420536,0.324775,0.412342,0.375099,0.750979,0.419914,0.623034,0.650357,0.669038,0.311509,0.667238,0.628608,0.650674,0.429006,0.484369,0.558748,0.709381,0.551294,0.516624,0.554554,0.510607,0.372725,0.493745,0.820643,0.467810,0.628045,0.630249,0.520723,0.564610,0.424675,0.442831,0.306257,0.377029,0.747637,0.525031,0.607235,0.717263,0.505825,0.276326,0.520276,0.500990,0.448736,0.613077,0.641689,0.489750,0.370710,0.351845,0.434335,0.597164,0.526571,0.386919,0.548495,0.634856,0.354393,0.565349,0.468395,0.349739,0.446025,0.515858,0.571319,0.607953,0.280526,0.627625,0.609465,0.547960,0.643115,0.731392,0.706288,0.419183,0.458654,0.689741,0.384071,0.373060,0.451241,0.532480,0.379659,0.541469,0.318755,0.478320,0.694175,0.630696,0.403149,0.602396,0.242665,0.365328,0.341535,0.725621,0.530161,0.638332,0.375979,0.496238,0.444036,0.634209,0.515582,0.428487,0.599186,0.567213,0.758742,0.626384,0.495894,0.505266,0.343872,0.546335,0.683666,0.471571,0.422751,0.368460,0.496296,0.483961,0.483109,0.500368,0.636554,0.540872,0.418376,0.412762,0.658585,0.367772,0.476898,0.377198,0.450545,0.626792,0.580457,0.508091,0.375731,0.422399,0.611104,0.441414,0.628395,0.662060,0.368331,0.616129,0.758266,0.433366,0.422969,0.676093,0.459604,0.611980,0.642471,0.625271,0.374716,0.499935,0.521973,0.735073,0.419066,0.733729,0.497432,0.435506,0.780235,0.617388,0.587794,0.749530,0.706705,0.388913,0.673754,0.377451,0.781236,0.782304,0.729911,0.706916,0.496415,0.608510,0.646392,0.746681,0.437768,0.524458,0.722884,0.594056,0.487571,0.628931,0.516935,0.634653,0.408737,0.590756,0.662994,0.727382,0.681482,0.539749,0.621670,0.504268,0.340033,0.777110,0.603528,0.536332,0.386343,0.450380,0.552501,0.339511,0.409768,0.590977,0.466170,0.470775,0.606668,0.512781,0.658025,0.602166,0.326446,0.699940,0.406402,0.757943,0.350675,0.586413,0.601879,0.333943,0.532363,0.551068,0.471417,0.665805,0.522840,0.337661,0.548430,0.368379,0.703247,0.542530,0.344290,0.688200,0.665482,0.623227,0.701515,0.651728,0.379841,0.576478,0.616922,0.514215,0.516429,0.607488,0.734693,0.714104,0.479764,0.814533,0.620589,0.407857,0.317830,0.749490,0.593582,0.424455,0.773897,0.611070,0.478416,0.745130,0.569028,0.404371,0.729583,0.730962,0.615376,0.591080,0.645258,0.534155,0.715832,0.429999,0.489844,0.648611,0.615012,0.696953,0.479842,0.465221,0.537337,0.520718,0.722933,0.604919,0.469938,0.521136,0.530727,0.503975,0.784155,0.671008,0.714139,0.551258,0.352256,0.513852,0.677021,0.762740,0.572728,0.677638,0.642120,0.705547,0.381578,0.582176,0.694479,0.623351,0.638641,0.496457,0.756054,0.546721,0.632814,0.634536,0.568434,0.569371,0.828714,0.555503,0.521473,0.455381,0.508670,0.528096,0.523562,0.583093,0.597629,0.673573,0.604767,0.581574,0.561235,0.724487,0.389085,0.693841,0.461214,0.460409,0.603288,0.431776
0.514269,0.499303,0.590352,0.580577,0.580702,0.576393,0.569831,0.642022,0.524420,0.560610,0.578212,0.561047,0.475288,0.619375,0.491445,0.619756,0.585497,0.668845,0.588925,0.487654,0.441897,0.667089,0.490144,0.682835,0.627441,0.685149,0.461904,0.653645,0.595976,0.532709,0.728397,0.505773,0.659022,0.569521,0.549991,0.539076,0.513728,0.593517,0.612330,0.662334,0.517300,0.714727,0.645051,0.610349,0.559373,0.414449,0.582669,0.562688,0.565306,0.632489,0.663076,0.722331,0.540377,0.717857,0.606342,0.411367,0.628918,0.631571,0.563728,0.632172,0.564111,0.648503,0.669853,0.654726,0.633122,0.582736,0.640156,0.569722,0.490278,0.684364,0.561364,0.553023,0.593876,0.651612,0.487698,0.534822,0.678377,0.570010,0.666165,0.677076,0.716328,0.744692,0.550971,0.753270,0.648212,0.609995,0.736284,0.636907,0.468988,0.654680,0.587087,0.642200,0.660101,0.590315,0.600783,0.559425,0.644976,0.544277,0.694278,0.535147,0.531863,0.000000,0.619035,0.669511,0.544365,0.610411,0.723110,0.582389,0.603639,0.654828,0.686835,0.589938,0.640286,0.599953,0.694653,0.702646,0.814000,0.466103,0.699742,0.648043,0.646248,0.689738,0.653010,0.614218,0.576779,0.692756,0.717300,0.542475,0.528989,0.630714,0.631165,0.618682,0.632586,0.598643,0.492911,0.612399,0.547510,0.585708,0.637306,0.543875,0.594971,0.675524,0.763577,0.508777,0.728367,0.596162,0.732546,0.437560,0.578036,0.166306,0.665772,0.555968,0.692473,0.632982,0.677314,0.650361,0.677536,0.602602,0.488527,0.521066,0.522243,0.769815,0.583629,0.704643,0.695835,0.585284,0.562292,0.540051,0.638282,0.563142,0.557376,0.545839,0.734341,0.648835,0.505103,0.685516,0.576358,0.630408,0.605424,0.644130,0.716953,0.380308,0.716881,0.653892,0.654675,0.731234,0.537047,0.684322,0.780992,0.647679,0.574418,0.761825,0.464247,0.565003,0.593794,0.652288,0.726998,0.608262,0.734925,0.663620,0.689362,0.649139,0.541614,0.659216,0.709280,0.725355,0.540680,0.647747,0.472578,0.733098,0.665937,0.592676,0.532917,0.646714,0.649167,0.711609,0.604324,0.751824,0.721923,0.724765,0.464286,0.691244,0.516138,0.758197,0.712263,0.573515,0.738779,0.669460,0.566321,0.545020,0.586657,0.579931,0.637796,0.671353,0.694919,0.670121,0.655273,0.686743,0.623526,0.716882,0.680964,0.567238,0.722192,0.517547,0.715602,0.555534,0.711325,0.655982,0.693842,0.735273,0.589912,0.499416,0.632585,0.706868,0.500807,0.627714,0.559243,0.393172,0.640910,0.572346,0.705936,0.497376,0.750282,0.628301,0.620528,0.699709,0.771114,0.737743,0.353767,0.649443,0.745283,0.619167,0.771010,0.661884,0.527195,0.729070,0.671581,0.481937,0.631790,0.700698,0.506169,0.664248,0.505592,0.709634,0.533643,0.746574,0.597804,0.733957,0.674059,0.504209,0.706545,0.657767,0.514519,0.684316,0.627706,0.711949,0.458658,0.472655,0.713261,0.676172,0.593122,0.564707,0.452300,0.723556,0.753225,0.486574,0.496477,0.642862,0.704990,0.599514,0.697787,0.633428,0.634197,0.617989,0.502661,0.648830,0.599910,0.754337,0.630525,0.485147,0.647345,0.485659,0.734404,0.626923,0.540456,0.747885,0.467330,0.737219,0.733246,0.559330,0.648551,0.614079,0.583437,0.708665,0.680933,0.682155,0.734902,0.662021,0.725959,0.739349,0.627507,0.746108,0.742746,0.505383,0.753174,0.538520,0.739170,0.758543,0.612216,0.521868,0.616766,0.764288,0.659954,0.595703,0.628752,0.539349,0.582200,0.645136,0.646535,0.527969,0.603388,0.644917,0.709980,0.709235,0.586307,0.699692,0.544400,0.744226,0.768932,0.568094,0.619147,0.778645,0.770696,0.659164,0.725311,0.609946,0.631887,0.701735,0.781573,0.659276,0.689669,0.698818,0.625368,0.646025,0.728919,0.669727,0.699493,0.608894,0.500100,0.703429,0.691460,0.615019,0.627224,0.724888,0.753411,0.482553,0.654435,0.595358,0.581246,0.696513,0.672006,0.606974,0.715613,0.587011,0.697789,0.688644,0.646397,0.697527,0.727819,0.628298,0.526998,0.649214,0.545088,0.717454,0.748190,0.688942,0.633925,0.796318,0.653171,0.607742,0.733502,0.582912,0.674839,0.606038,0.745187,0.514502,0.542049,0.590546,0.626027,0.710834,0.661480,0.537044,0.626090,0.663996,0.629525,0.740690,0.561291,0.684013,0.611690,0.580005,0.592743,0.633255,0.646333,0.592157,0.548141,0.620813,0.711287,0.745046,0.609267,0.548444,0.750204,0.759190,0.738203,0.701445,0.577364,0.529549,0.723513,0.746234,0.486769,0.560695,0.553103,0.654603,0.639053,0.631577,0.722179,0.662431,0.689129,0.769802,0.526767,0.607109,0.719721,0.749829,0.497867,0.593074,0.691970,0.785921,0.590805,0.570550,0.735877,0.450597,0.609232,0.751336,0.648787,0.476990,0.642440,0.589107,0.537930,0.719236,0.472917,0.537480,0.597154,0.668855,0.481992,0.765427,0.584108,0.593492,0.447647,0.648570,0.527330,0.485608,0.418873
0.514731,0.362450,0.330554,0.478866,0.229415,0.387199,0.457018,0.303020,0.589788,0.299055,0.504554,0.347531,0.542329,0.199545,0.491518,0.304987,0.262115,0.485326,0.263724,0.672940,0.436102,0.387453,0.403774,0.278076,0.363081,0.364041,0.393210,0.304387,0.290562,0.325866,0.710356,0.331050,0.609509,0.613425,0.340501,0.504165,0.353587,0.390927,0.494107,0.275428,0.326622,0.628856,0.643626,0.663052,0.662252,0.614153,0.410733,0.412273,0.342101,0.475957,0.447144,0.646653,0.545224,0.681391,0.262101,0.558805,0.298684,0.279513,0.448047,0.510133,0.510442,0.393562,0.645928,0.641269,0.438039,0.293320,0.302630,0.460407,0.587713,0.667999,0.638269,0.526245,0.592562,0.428500,0.651160,0.650177,0.312198,0.301200,0.340202,0.536277,0.700419,0.272408,0.410745,0.626219,0.304826,0.570330,0.429923,0.214481,0.650853,0.510261,0.534468,0.202336,0.304368,0.295445,0.658870,0.564014,0.664281,0.569741,0.470421,0.435163,0.249891,0.619035,0.000000,0.331734,0.666549,0.238782,0.603125,0.204095,0.330411,0.550304,0.745072,0.363034,0.513482,0.333353,0.303379,0.399662,0.748821,0.726191,0.314193,0.282200,0.343495,0.420937,0.292499,0.703616,0.338411,0.413352,0.398374,0.420205,0.520786,0.408590,0.247620,0.553386,0.552253,0.240633,0.530618,0.176864,0.552453,0.601427,0.634111,0.387900,0.612673,0.648895,0.289262,0.518416,0.433094,0.613585,0.446807,0.568215,0.763402,0.731222,0.264092,0.639327,0.302492,0.306143,0.462168,0.358042,0.332853,0.756969,0.428155,0.572944,0.778270,0.375176,0.382110,0.313578,0.553560,0.522903,0.252696,0.707804,0.238315,0.464452,0.521846,0.405048,0.672233,0.433903,0.594168,0.474028,0.768373,0.528794,0.366057,0.656946,0.604343,0.730007,0.535462,0.358344,0.294695,0.612905,0.536116,0.476990,0.799289,0.617300,0.353795,0.305345,0.721431,0.744422,0.501752,0.279735,0.336745,0.418638,0.680224,0.510348,0.591266,0.618766,0.715003,0.242055,0.733811,0.542388,0.740614,0.432743,0.525973,0.641627,0.682182,0.551879,0.576615,0.587293,0.598256,0.329884,0.514597,0.812986,0.440121,0.629624,0.710589,0.479474,0.593613,0.412554,0.386174,0.314236,0.329214,0.775922,0.460408,0.641927,0.722344,0.573866,0.248200,0.528224,0.468207,0.390058,0.599803,0.555527,0.571883,0.419971,0.274708,0.439345,0.713898,0.478556,0.356556,0.648877,0.559702,0.293472,0.714321,0.358501,0.399866,0.526381,0.558978,0.619333,0.654438,0.318220,0.745493,0.623195,0.482589,0.688877,0.738184,0.730532,0.407511,0.376159,0.756949,0.322841,0.304348,0.442795,0.667032,0.341293,0.421721,0.231384,0.405277,0.670678,0.727340,0.416410,0.584117,0.335038,0.346300,0.260908,0.775491,0.520581,0.716194,0.307901,0.509929,0.430898,0.721257,0.356360,0.421502,0.684491,0.647851,0.725255,0.743971,0.534067,0.509456,0.300717,0.600074,0.753677,0.437542,0.430994,0.436041,0.569940,0.526402,0.382449,0.506550,0.686781,0.585618,0.497089,0.406941,0.673445,0.361638,0.353932,0.419087,0.433087,0.689382,0.643877,0.524925,0.290378,0.383779,0.655241,0.434465,0.705285,0.567850,0.301582,0.679874,0.718973,0.567665,0.295061,0.692195,0.572759,0.687324,0.720460,0.643217,0.292109,0.611885,0.564475,0.717870,0.278814,0.816830,0.462016,0.466539,0.825642,0.599535,0.586325,0.720502,0.702031,0.221618,0.670429,0.353362,0.838741,0.799850,0.742196,0.698460,0.538376,0.553248,0.705183,0.836145,0.367261,0.491883,0.781947,0.678686,0.488963,0.664046,0.343444,0.630315,0.352870,0.675327,0.682994,0.711411,0.685774,0.584373,0.691622,0.436993,0.323250,0.795663,0.602752,0.539998,0.343487,0.400038,0.647181,0.272346,0.486666,0.724890,0.394319,0.531026,0.562172,0.421906,0.642561,0.711194,0.323782,0.672147,0.430768,0.830306,0.230149,0.627619,0.640872,0.335302,0.589831,0.482993,0.436842,0.633813,0.495810,0.328246,0.498821,0.309328,0.741829,0.584515,0.345285,0.555804,0.720854,0.705520,0.694729,0.718651,0.364026,0.480264,0.647284,0.580663,0.486890,0.741823,0.773109,0.655897,0.637301,0.850335,0.607967,0.382275,0.326689,0.777478,0.646343,0.367982,0.744567,0.676658,0.643879,0.839721,0.562571,0.425558,0.685921,0.756864,0.547692,0.682358,0.733600,0.545132,0.732617,0.581930,0.492848,0.682968,0.673889,0.681744,0.516900,0.430717,0.625385,0.476383,0.752764,0.579293,0.484659,0.609471,0.561108,0.498851,0.801680,0.782222,0.818987,0.605652,0.423609,0.588810,0.685430,0.756354,0.575840,0.722130,0.620314,0.777313,0.371542,0.542070,0.756829,0.751566,0.601024,0.451463,0.788409,0.626704,0.551204,0.609483,0.592838,0.633621,0.804416,0.541714,0.594275,0.337217,0.513166,0.498162,0.482089,0.769773,0.581005,0.673861,0.665317,0.679952,0.481464,0.713494,0.428455,0.778594,0.477689,0.429080,0.701403,0.577198
0.515411,0.446575,0.270677,0.439956,0.259651,0.437456,0.548981,0.225205,0.608168,0.401483,0.547806,0.443588,0.596424,0.439621,0.555512,0.392411,0.371608,0.564316,0.327581,0.713939,0.524825,0.459016,0.469928,0.421427,0.453469,0.450482,0.485822,0.399812,0.373190,0.496139,0.698800,0.458026,0.683074,0.638242,0.453416,0.582406,0.498116,0.485838,0.628197,0.413915,0.378384,0.674877,0.667005,0.697006,0.665509,0.646146,0.399336,0.462548,0.395761,0.582224,0.121123,0.716401,0.629968,0.707801,0.386283,0.597772,0.368114,0.364480,0.592743,0.580526,0.578345,0.417002,0.687031,0.645509,0.498358,0.430645,0.321373,0.598166,0.613198,0.669520,0.702066,0.588662,0.585462,0.439154,0.707245,0.648956,0.467306,0.429554,0.360921,0.569369,0.705458,0.408045,0.465808,0.702872,0.365848,0.650680,0.512448,0.341630,0.726367,0.501843,0.613769,0.268920,0.386865,0.368881,0.707257,0.630496,0.714765,0.619046,0.469516,0.543577,0.399056,0.669511,0.331734,0.000000,0.677058,0.363413,0.685731,0.331038,0.390921,0.588716,0.772503,0.366305,0.525562,0.418721,0.190045,0.408309,0.787349,0.760560,0.485203,0.417288,0.452270,0.447946,0.326978,0.687804,0.494304,0.506138,0.416721,0.541220,0.585029,0.456145,0.255966,0.568926,0.626358,0.384820,0.574219,0.327176,0.642133,0.689113,0.688912,0.505639,0.688840,0.699170,0.296237,0.551928,0.401483,0.686450,0.451321,0.667540,0.719009,0.756163,0.275405,0.660530,0.343107,0.360771,0.550742,0.418122,0.469353,0.735913,0.523901,0.622867,0.797702,0.431038,0.422465,0.369411,0.607306,0.632507,0.352722,0.708381,0.371012,0.489096,0.646995,0.408989,0.725990,0.631517,0.690076,0.472683,0.824641,0.583534,0.469264,0.699935,0.648694,0.786567,0.542729,0.320799,0.297443,0.666160,0.612391,0.497776,0.821220,0.632533,0.431522,0.350942,0.778478,0.698910,0.537967,0.346947,0.372130,0.521872,0.808036,0.448666,0.709721,0.687195,0.666690,0.358039,0.774980,0.563762,0.766064,0.493320,0.584525,0.626009,0.756546,0.632299,0.633016,0.660897,0.630667,0.359335,0.549441,0.832131,0.309476,0.659941,0.715168,0.561597,0.647449,0.442920,0.262129,0.399776,0.369388,0.817437,0.538827,0.715925,0.705561,0.621585,0.319070,0.571001,0.558430,0.456631,0.567550,0.591864,0.616467,0.193231,0.333790,0.481675,0.693184,0.528957,0.491653,0.690301,0.636007,0.341644,0.698702,0.446987,0.488273,0.554153,0.540598,0.624846,0.672277,0.388304,0.749791,0.667366,0.539602,0.716900,0.762976,0.732070,0.160352,0.431027,0.751676,0.294818,0.396101,0.525405,0.682883,0.419237,0.545768,0.385730,0.508633,0.684180,0.766429,0.194635,0.684962,0.483931,0.391607,0.282240,0.824684,0.605542,0.713374,0.358146,0.514158,0.195655,0.728070,0.503514,0.482513,0.680980,0.665374,0.735029,0.744665,0.517582,0.398108,0.410962,0.686887,0.768907,0.435211,0.475763,0.500538,0.593792,0.659008,0.505558,0.414434,0.756530,0.627049,0.579069,0.436691,0.715621,0.358817,0.515573,0.483711,0.520997,0.737772,0.691841,0.560587,0.314506,0.446177,0.678541,0.534476,0.801368,0.674056,0.449869,0.761783,0.784713,0.655036,0.339451,0.689812,0.586556,0.651079,0.709898,0.734318,0.340044,0.685788,0.528147,0.744402,0.399214,0.748781,0.453455,0.420347,0.795500,0.677576,0.634112,0.761767,0.725800,0.394270,0.717260,0.429371,0.846322,0.802647,0.792513,0.681009,0.589446,0.577880,0.730820,0.814427,0.409028,0.580904,0.766106,0.754278,0.575380,0.660187,0.482912,0.652154,0.390317,0.733638,0.691878,0.762479,0.739406,0.646206,0.732957,0.440217,0.278306,0.839019,0.523515,0.617707,0.408292,0.223190,0.683404,0.344436,0.555992,0.717869,0.494932,0.328255,0.623844,0.393900,0.595427,0.820666,0.333960,0.769597,0.458988,0.802907,0.325194,0.640070,0.616106,0.380170,0.608663,0.568946,0.451765,0.690149,0.586488,0.397434,0.613029,0.366425,0.695894,0.694717,0.401789,0.704001,0.707560,0.696613,0.768725,0.740518,0.151102,0.633590,0.695311,0.616875,0.544442,0.707903,0.768658,0.713451,0.680011,0.810907,0.682360,0.378298,0.433493,0.704622,0.693275,0.357795,0.757808,0.632439,0.666062,0.838251,0.637084,0.523876,0.696616,0.741188,0.616034,0.702439,0.755353,0.616324,0.737911,0.646338,0.618854,0.744898,0.705593,0.648754,0.442404,0.527060,0.661175,0.463859,0.756827,0.610709,0.576340,0.624371,0.623979,0.609069,0.797301,0.771316,0.797753,0.685766,0.484011,0.649165,0.686691,0.856206,0.690141,0.719872,0.684908,0.797334,0.473626,0.558143,0.769300,0.771672,0.679125,0.510979,0.797271,0.681980,0.679938,0.672453,0.658594,0.734224,0.781007,0.602553,0.636102,0.445194,0.556654,0.579416,0.413807,0.703921,0.576465,0.691239,0.688203,0.698859,0.575527,0.770004,0.530995,0.739334,0.502086,0.543517,0.719771,0.662315
0.515437,0.557863,0.681859,0.664215,0.626339,0.687996,0.697713,0.621717,0.709760,0.722654,0.706923,0.722878,0.334256,0.680489,0.367426,0.562725,0.626101,0.587949,0.632970,0.635078,0.570299,0.607709,0.649032,0.631227,0.695165,0.708882,0.562724,0.517122,0.602879,0.445042,0.526121,0.550890,0.442445,0.326717,0.449102,0.695443,0.601024,0.703288,0.758516,0.650175,0.536793,0.578008,0.642333,0.630350,0.744520,0.607764,0.673821,0.650371,0.543892,0.771361,0.694173,0.554574,0.437885,0.504467,0.727240,0.532248,0.536209,0.632278,0.644480,0.665538,0.361011,0.711844,0.473429,0.601544,0.707144,0.590471,0.658035,0.350159,0.609595,0.633532,0.531071,0.370848,0.779942,0.744647,0.416965,0.573381,0.679480,0.503323,0.687547,0.780744,0.756553,0.750300,0.624855,0.471665,0.638733,0.691122,0.685801,0.669920,0.491985,0.739009,0.671242,0.616721,0.676124,0.625109,0.480395,0.635033,0.521081,0.368278,0.670444,0.711083,0.540774,0.544365,0.666549,0.677058,0.000000,0.674033,0.542053,0.692331,0.546479,0.745423,0.506559,0.603365,0.773175,0.661949,0.654629,0.675928,0.571398,0.744193,0.667222,0.697057,0.634503,0.688537,0.667734,0.566318,0.604161,0.596326,0.666979,0.533885,0.507358,0.710039,0.699335,0.701751,0.619252,0.566379,0.735712,0.661000,0.476486,0.620133,0.568559,0.531760,0.676587,0.404760,0.687610,0.595456,0.757317,0.456423,0.623222,0.495104,0.601328,0.530059,0.657839,0.161734,0.682327,0.698178,0.685977,0.686746,0.761156,0.731049,0.524478,0.636118,0.717878,0.758491,0.620296,0.649020,0.772818,0.513258,0.649765,0.737025,0.657620,0.545445,0.633192,0.569741,0.549594,0.656729,0.438829,0.675294,0.532363,0.682100,0.635084,0.709111,0.650781,0.577235,0.639913,0.695158,0.724906,0.567636,0.393036,0.553033,0.602710,0.710352,0.651020,0.704300,0.461358,0.661544,0.699138,0.673490,0.666124,0.553763,0.769250,0.717717,0.481270,0.488262,0.570478,0.650187,0.516536,0.701939,0.701645,0.610513,0.547446,0.642763,0.532191,0.554337,0.380817,0.516741,0.749330,0.712169,0.607526,0.549762,0.792411,0.498015,0.512611,0.686832,0.417572,0.702506,0.762606,0.615821,0.701110,0.471298,0.460318,0.666672,0.660919,0.599274,0.648403,0.606646,0.700565,0.689862,0.694903,0.728653,0.727339,0.732734,0.665617,0.608162,0.770078,0.667927,0.683963,0.407359,0.603668,0.637747,0.717994,0.754881,0.557625,0.505821,0.638456,0.677464,0.466396,0.629035,0.641896,0.592289,0.679852,0.699942,0.506296,0.448136,0.740294,0.743619,0.482973,0.727435,0.651498,0.708625,0.572488,0.726907,0.714910,0.681181,0.700616,0.696110,0.616897,0.759157,0.534461,0.507197,0.689494,0.718517,0.615601,0.720807,0.566997,0.691600,0.655226,0.774595,0.477840,0.706199,0.657342,0.426722,0.597995,0.760930,0.441806,0.679932,0.658428,0.654289,0.531606,0.708069,0.683559,0.619823,0.671228,0.550263,0.486321,0.764988,0.799811,0.548997,0.549944,0.697853,0.673072,0.721137,0.659469,0.697303,0.618957,0.705139,0.747757,0.499025,0.650980,0.732752,0.611428,0.421798,0.721152,0.670704,0.726984,0.691484,0.717685,0.541795,0.488546,0.775045,0.553967,0.537058,0.793475,0.606320,0.502278,0.709379,0.642600,0.725772,0.483669,0.734257,0.715815,0.806097,0.622492,0.610741,0.813971,0.572522,0.567001,0.676979,0.755901,0.554594,0.691562,0.775054,0.746540,0.473577,0.756775,0.641157,0.555139,0.697640,0.685616,0.661298,0.685653,0.692283,0.638428,0.571346,0.616679,0.790698,0.643992,0.688880,0.630711,0.510999,0.520650,0.489734,0.617631,0.627104,0.734998,0.703864,0.516220,0.680326,0.503136,0.655641,0.742352,0.525861,0.686608,0.746360,0.564278,0.738914,0.768118,0.733032,0.767543,0.597843,0.633305,0.668240,0.667490,0.638776,0.543963,0.695794,0.720120,0.522838,0.719195,0.660511,0.634565,0.677796,0.744144,0.687478,0.754543,0.641385,0.728016,0.714108,0.769580,0.700144,0.850873,0.570007,0.445846,0.759530,0.535447,0.737377,0.703526,0.732675,0.652740,0.744898,0.638170,0.671346,0.714062,0.615900,0.687925,0.623040,0.738030,0.588601,0.713424,0.685952,0.679832,0.480247,0.729865,0.492324,0.547755,0.658138,0.632686,0.548356,0.688041,0.737796,0.399463,0.666044,0.593320,0.711309,0.610880,0.547245,0.566219,0.650359,0.661192,0.722738,0.592352,0.682674,0.755342,0.833714,0.676095,0.613825,0.510462,0.658607,0.632432,0.499184,0.592670,0.701751,0.703569,0.602918,0.694495,0.713698,0.729030,0.722116,0.661420,0.809853,0.563735,0.603552,0.640910,0.572798,0.493881,0.707753,0.724621,0.621131,0.540627,0.653168,0.697221,0.556612,0.643345,0.584784,0.667850,0.608783,0.674617,0.624923,0.526292,0.743226,0.613642,0.720031,0.747776,0.624444,0.549776,0.791172,0.745266,0.569078,0.558283,0.714767,0.711966,0.448343,0.565061
0.516384,0.383984,0.328935,0.559138,0.216879,0.382769,0.482138,0.390813,0.604707,0.237972,0.517990,0.230355,0.569739,0.386422,0.531165,0.394502,0.353004,0.468593,0.357540,0.712133,0.451760,0.417735,0.434331,0.387256,0.417003,0.152702,0.454077,0.415723,0.391634,0.445311,0.686014,0.397948,0.643634,0.617903,0.411947,0.501991,0.428750,0.421166,0.556796,0.282089,0.372488,0.663200,0.691001,0.649220,0.652859,0.583835,0.363462,0.402326,0.460549,0.507873,0.458503,0.660838,0.595417,0.720262,0.200172,0.577348,0.394368,0.355496,0.533900,0.516952,0.570654,0.316854,0.702856,0.612386,0.418863,0.385663,0.365974,0.602372,0.539683,0.664261,0.643556,0.588814,0.522956,0.301925,0.627277,0.594989,0.389878,0.398425,0.321922,0.572997,0.728692,0.343033,0.521789,0.679597,0.336032,0.517482,0.422589,0.304031,0.662849,0.542405,0.469160,0.336791,0.268975,0.380306,0.678134,0.516057,0.630122,0.622641,0.522798,0.452974,0.292577,0.610411,0.238782,0.363413,0.674033,0.000000,0.655671,0.142798,0.392765,0.560557,0.719132,0.421101,0.469959,0.321720,0.366510,0.488552,0.759495,0.690209,0.385974,0.336267,0.358551,0.431300,0.374904,0.639255,0.418531,0.473715,0.408837,0.505554,0.486173,0.433919,0.385480,0.528683,0.561591,0.271244,0.562578,0.258742,0.608549,0.585890,0.585089,0.433810,0.547222,0.733060,0.349230,0.498886,0.498623,0.678258,0.378575,0.530706,0.750834,0.716450,0.365769,0.642423,0.409854,0.400982,0.483424,0.392334,0.391754,0.746156,0.396197,0.475830,0.763889,0.452954,0.479003,0.421930,0.578926,0.582187,0.338053,0.717504,0.344013,0.510811,0.556355,0.505242,0.748178,0.522454,0.619560,0.531294,0.778973,0.619477,0.536704,0.623859,0.548191,0.685984,0.453893,0.441746,0.393463,0.650585,0.590531,0.439930,0.792102,0.600218,0.466436,0.378344,0.733204,0.759324,0.465772,0.349839,0.437949,0.467333,0.752030,0.557935,0.669039,0.659846,0.726539,0.352476,0.715746,0.560064,0.690765,0.467635,0.531744,0.664117,0.710118,0.575284,0.597509,0.653851,0.578261,0.402431,0.548894,0.813480,0.451985,0.708711,0.670928,0.581452,0.637114,0.466546,0.389743,0.351120,0.426178,0.734568,0.580915,0.599328,0.722918,0.576863,0.314671,0.506021,0.532214,0.436792,0.612754,0.648481,0.495031,0.456139,0.388046,0.549539,0.666041,0.433282,0.428849,0.624866,0.625955,0.420969,0.679548,0.430907,0.413917,0.446317,0.388603,0.604958,0.668230,0.421949,0.717757,0.638875,0.493148,0.645871,0.768046,0.682631,0.439568,0.260041,0.733022,0.339798,0.329377,0.445973,0.585723,0.317729,0.486545,0.290275,0.528787,0.686689,0.708992,0.432016,0.668891,0.327711,0.405713,0.312910,0.755049,0.577458,0.704447,0.412850,0.485431,0.440683,0.684159,0.424014,0.484112,0.669383,0.614042,0.693661,0.718578,0.469761,0.541036,0.385610,0.580608,0.771803,0.550376,0.512962,0.451846,0.573686,0.535406,0.462505,0.501909,0.692370,0.537856,0.505715,0.444735,0.759429,0.443731,0.398747,0.470703,0.505301,0.699403,0.682346,0.572378,0.390026,0.471822,0.640394,0.516325,0.746827,0.631375,0.410647,0.716642,0.755417,0.558345,0.385349,0.680519,0.550798,0.713116,0.747096,0.700770,0.366764,0.611376,0.559459,0.780832,0.299330,0.761928,0.520179,0.497043,0.803951,0.645363,0.578361,0.748980,0.645675,0.294069,0.722201,0.470341,0.778370,0.759637,0.733337,0.712470,0.438047,0.612284,0.716768,0.713192,0.423258,0.573013,0.701796,0.642928,0.515514,0.630281,0.388920,0.652040,0.461970,0.701478,0.706459,0.764114,0.720661,0.620457,0.685119,0.476496,0.358711,0.746056,0.603759,0.582453,0.430000,0.438991,0.700555,0.370064,0.525496,0.740336,0.385824,0.534502,0.620894,0.421659,0.692269,0.743865,0.351315,0.662833,0.283760,0.818871,0.335946,0.685375,0.645096,0.374653,0.503560,0.508844,0.512300,0.668460,0.452261,0.382789,0.559878,0.362785,0.752077,0.565351,0.409370,0.620528,0.690302,0.678741,0.703328,0.733650,0.387732,0.521455,0.658983,0.582019,0.527513,0.689638,0.823248,0.628456,0.606418,0.805555,0.639296,0.449360,0.391896,0.770087,0.686435,0.401308,0.824824,0.690325,0.663747,0.802650,0.604928,0.399701,0.726129,0.684452,0.564180,0.695007,0.691226,0.634155,0.743049,0.593392,0.554634,0.688074,0.707578,0.655747,0.571036,0.464864,0.627973,0.516667,0.730180,0.577676,0.482296,0.593932,0.525518,0.623949,0.847891,0.780312,0.815299,0.592707,0.516948,0.570052,0.690978,0.822316,0.568285,0.771559,0.634326,0.796595,0.418098,0.640718,0.822803,0.697159,0.664324,0.468580,0.783653,0.571715,0.598485,0.633012,0.640845,0.684828,0.793433,0.602639,0.583156,0.429955,0.564016,0.569931,0.538968,0.743187,0.631121,0.666026,0.656220,0.660465,0.535729,0.777970,0.486879,0.764219,0.504890,0.513379,0.657801,0.599893
0.516654,0.596050,0.680842,0.667107,0.668631,0.778476,0.733699,0.649601,0.775166,0.694498,0.737565,0.726971,0.457310,0.652340,0.434798,0.602215,0.598996,0.634434,0.558597,0.747319,0.669235,0.492248,0.687219,0.630227,0.685202,0.713517,0.621890,0.452735,0.612062,0.457786,0.454400,0.712086,0.242203,0.474768,0.484568,0.732257,0.647985,0.622077,0.669467,0.684466,0.614011,0.421364,0.433447,0.722080,0.820365,0.725777,0.698201,0.683981,0.564624,0.760457,0.673267,0.349239,0.404435,0.213530,0.667213,0.613126,0.589485,0.647302,0.710584,0.693741,0.380354,0.735033,0.276830,0.628513,0.689781,0.564900,0.674975,0.392049,0.602389,0.560691,0.658020,0.420660,0.788803,0.771588,0.548331,0.547651,0.617375,0.623388,0.655259,0.764438,0.765280,0.700016,0.616566,0.233582,0.657027,0.757836,0.767603,0.629071,0.563182,0.684053,0.655281,0.611855,0.747946,0.577713,0.526411,0.735811,0.523248,0.448093,0.640813,0.748255,0.632284,0.723110,0.603125,0.685731,0.542053,0.655671,0.000000,0.662883,0.531096,0.759036,0.415685,0.664012,0.817930,0.784730,0.565804,0.671158,0.270754,0.837656,0.667511,0.647176,0.705465,0.706900,0.665774,0.717697,0.623986,0.575430,0.776259,0.432630,0.583043,0.739890,0.618794,0.761267,0.743649,0.641964,0.713949,0.620338,0.589708,0.639513,0.590805,0.556494,0.725514,0.353044,0.637953,0.693550,0.714689,0.397612,0.625405,0.623264,0.661398,0.750624,0.641691,0.508246,0.633844,0.658217,0.697617,0.718634,0.641324,0.670042,0.630846,0.758489,0.862433,0.652991,0.683892,0.640655,0.763132,0.411886,0.655969,0.730896,0.645642,0.644268,0.682489,0.592978,0.149924,0.745819,0.493161,0.719360,0.502527,0.722936,0.644092,0.679564,0.720456,0.735067,0.661490,0.651959,0.685651,0.367746,0.414381,0.767267,0.612696,0.766233,0.660475,0.638937,0.614822,0.753618,0.717490,0.629885,0.630246,0.529778,0.745945,0.665853,0.215368,0.260714,0.678075,0.634642,0.425492,0.701322,0.854020,0.605028,0.637446,0.555514,0.270094,0.615001,0.453410,0.673342,0.835056,0.662724,0.624272,0.416586,0.677128,0.386651,0.548670,0.713483,0.456192,0.684124,0.700079,0.657457,0.666110,0.353324,0.599769,0.850009,0.709927,0.670589,0.686335,0.785024,0.728585,0.660417,0.697137,0.717260,0.846001,0.648857,0.633310,0.637498,0.756807,0.635287,0.658053,0.498793,0.469566,0.602924,0.749823,0.640966,0.736308,0.687593,0.714200,0.814354,0.501294,0.681080,0.800083,0.716507,0.770621,0.781443,0.199556,0.507017,0.654119,0.764264,0.550520,0.712959,0.549634,0.731508,0.650021,0.811262,0.626921,0.697817,0.684609,0.821644,0.825587,0.657621,0.620700,0.600270,0.722476,0.664377,0.658623,0.796576,0.751176,0.667683,0.722184,0.645977,0.533770,0.600781,0.649118,0.544193,0.509674,0.851681,0.640567,0.838359,0.744970,0.631775,0.610901,0.858474,0.683735,0.695196,0.698293,0.744089,0.541083,0.726380,0.753139,0.654539,0.700993,0.718293,0.711680,0.793053,0.658087,0.664073,0.609413,0.668632,0.789133,0.517569,0.613507,0.645634,0.629560,0.456770,0.713366,0.753471,0.670705,0.618083,0.779725,0.430203,0.657423,0.621657,0.515696,0.584293,0.781963,0.607278,0.429433,0.654926,0.564416,0.738013,0.274381,0.723108,0.773799,0.705565,0.720076,0.521728,0.738386,0.596808,0.281651,0.726707,0.671052,0.203914,0.698608,0.918989,0.752553,0.391582,0.796614,0.706294,0.529890,0.844282,0.808308,0.682204,0.707534,0.792891,0.798050,0.602121,0.751172,0.709846,0.776665,0.647147,0.823314,0.291885,0.367110,0.566032,0.664648,0.394179,0.694266,0.676476,0.507726,0.803465,0.701258,0.644210,0.686425,0.425840,0.634403,0.688337,0.647692,0.771374,0.700691,0.688138,0.724878,0.672395,0.779165,0.667830,0.757146,0.648302,0.545407,0.617966,0.761970,0.606576,0.697661,0.732844,0.627630,0.659520,0.764368,0.702310,0.624247,0.651373,0.713344,0.743679,0.883325,0.655003,0.673452,0.760567,0.568317,0.754308,0.710324,0.645049,0.806208,0.723873,0.737516,0.698827,0.731608,0.897160,0.663457,0.741629,0.819972,0.687474,0.746067,0.587316,0.761463,0.742605,0.692247,0.336236,0.797566,0.523050,0.647186,0.795258,0.665556,0.361306,0.756762,0.782185,0.510545,0.730189,0.704124,0.708580,0.829469,0.635040,0.696128,0.747695,0.790070,0.742929,0.618445,0.684111,0.693553,0.810293,0.712753,0.592470,0.667730,0.708944,0.600054,0.355214,0.697207,0.741505,0.734626,0.722356,0.789520,0.772873,0.558702,0.713629,0.867832,0.802925,0.646941,0.670402,0.578356,0.425672,0.608914,0.754839,0.718298,0.606926,0.772170,0.701127,0.740381,0.688687,0.716312,0.410644,0.720029,0.641392,0.661818,0.802062,0.634439,0.758538,0.658900,0.823529,0.685904,0.780835,0.671065,0.735915,0.798587,0.605104,0.729468,0.726273,0.717871,0.539834,0.688421
0.516749,0.367756,0.324398,0.546702,0.252340,0.345724,0.436719,0.357545,0.566469,0.211294,0.471929,0.212707,0.584012,0.323468,0.515702,0.389002,0.298113,0.458619,0.304209,0.679108,0.450117,0.423378,0.394955,0.356617,0.380234,0.236098,0.446228,0.378047,0.361163,0.449728,0.700038,0.371902,0.642549,0.651166,0.410421,0.492933,0.425864,0.436398,0.520784,0.300898,0.373243,0.642264,0.669877,0.672746,0.649638,0.586532,0.386061,0.432164,0.412139,0.452985,0.434404,0.658368,0.602169,0.740223,0.101844,0.558630,0.360656,0.304536,0.503019,0.490759,0.569561,0.301442,0.689712,0.631216,0.429854,0.344706,0.349130,0.582160,0.554524,0.655219,0.658876,0.586456,0.525372,0.324031,0.667376,0.597620,0.351143,0.345623,0.285601,0.532957,0.713138,0.317317,0.479152,0.673733,0.350275,0.530835,0.396537,0.258517,0.646100,0.544570,0.494976,0.319808,0.256400,0.334383,0.699437,0.534441,0.648128,0.628834,0.532133,0.435389,0.253890,0.582389,0.204095,0.331038,0.692331,0.142798,0.662883,0.000000,0.398351,0.553949,0.766025,0.392161,0.465712,0.308773,0.326482,0.461620,0.777082,0.676005,0.428068,0.320513,0.373545,0.447259,0.339949,0.694864,0.415194,0.444225,0.368447,0.461292,0.483574,0.387455,0.333083,0.533999,0.567819,0.276938,0.528472,0.222969,0.559935,0.597967,0.604937,0.429776,0.595834,0.705017,0.309272,0.450874,0.492554,0.681271,0.373826,0.535208,0.767498,0.684711,0.331992,0.661693,0.372276,0.401324,0.485652,0.378707,0.342487,0.724688,0.372136,0.461962,0.758897,0.434498,0.466932,0.378118,0.570378,0.559257,0.284380,0.705442,0.285274,0.489584,0.563231,0.449038,0.741446,0.511010,0.618643,0.492223,0.784242,0.608568,0.470775,0.599426,0.603434,0.665639,0.460481,0.360653,0.381208,0.639295,0.573280,0.455511,0.847162,0.635887,0.409616,0.338498,0.724761,0.752969,0.453707,0.326684,0.424015,0.463662,0.735287,0.518942,0.660167,0.636652,0.716114,0.330156,0.718259,0.531518,0.689284,0.502145,0.536508,0.633465,0.691352,0.595291,0.620749,0.662352,0.554386,0.404209,0.566396,0.848892,0.429453,0.686690,0.652871,0.548515,0.627622,0.451912,0.365033,0.322910,0.377632,0.773324,0.547136,0.639599,0.709320,0.600947,0.327513,0.510472,0.541666,0.448148,0.567452,0.636957,0.503977,0.408671,0.340056,0.553861,0.708063,0.458604,0.407289,0.644973,0.598204,0.379779,0.685197,0.401437,0.450526,0.460843,0.369679,0.554969,0.655730,0.372761,0.728030,0.616790,0.538290,0.581207,0.774037,0.713913,0.419001,0.299158,0.743225,0.324776,0.320726,0.498220,0.588055,0.360946,0.446975,0.272467,0.505556,0.702399,0.707420,0.390776,0.684636,0.309206,0.380932,0.289026,0.772503,0.550946,0.689655,0.371409,0.467487,0.435598,0.729030,0.419771,0.447552,0.664287,0.615487,0.720943,0.733214,0.513723,0.514637,0.395861,0.581207,0.755425,0.507477,0.499204,0.443116,0.613100,0.545003,0.436589,0.512881,0.674860,0.552440,0.486656,0.455103,0.724230,0.412935,0.369361,0.444085,0.462903,0.687454,0.679301,0.535163,0.347024,0.461389,0.639461,0.499028,0.728151,0.584938,0.364568,0.686993,0.730983,0.557247,0.346864,0.687697,0.532283,0.690742,0.715261,0.665668,0.353232,0.558251,0.515402,0.785955,0.270978,0.774575,0.550283,0.485947,0.763541,0.631119,0.590631,0.766529,0.637549,0.291839,0.718363,0.430735,0.757585,0.785429,0.750227,0.720006,0.375045,0.608739,0.679631,0.738569,0.386875,0.571401,0.697004,0.649599,0.493701,0.679696,0.344958,0.606695,0.417181,0.705679,0.673893,0.764354,0.703736,0.616401,0.679453,0.477444,0.363178,0.792892,0.571449,0.581702,0.389961,0.424124,0.655187,0.335004,0.484114,0.706925,0.399110,0.484439,0.610223,0.454902,0.673931,0.716506,0.368303,0.678081,0.253475,0.831191,0.301218,0.641223,0.611794,0.370209,0.408522,0.514253,0.490147,0.625129,0.475898,0.381671,0.576342,0.341488,0.701473,0.563919,0.398045,0.584910,0.707891,0.676591,0.691099,0.759479,0.349459,0.493257,0.675977,0.575884,0.498727,0.676954,0.806856,0.676435,0.630057,0.816672,0.644707,0.411253,0.353831,0.753128,0.663687,0.391701,0.826527,0.658787,0.646871,0.803333,0.598616,0.441448,0.716601,0.671570,0.536096,0.691311,0.712801,0.624556,0.741898,0.575927,0.576179,0.711560,0.741211,0.680324,0.528460,0.463834,0.595375,0.514476,0.691513,0.577373,0.472956,0.618300,0.558855,0.620682,0.856982,0.745469,0.749409,0.575893,0.464923,0.552922,0.699104,0.770925,0.580382,0.754125,0.688579,0.783980,0.411666,0.603516,0.776167,0.688350,0.657392,0.461660,0.776602,0.612410,0.606013,0.660773,0.599548,0.680872,0.802196,0.580061,0.604194,0.422432,0.561418,0.601024,0.521413,0.711793,0.607681,0.631523,0.694184,0.690822,0.501283,0.753039,0.470096,0.776679,0.465414,0.489178,0.646327,0.594277
0.517725,0.443108,0.354116,0.510684,0.306975,0.593532,0.636444,0.355653,0.605469,0.490673,0.656730,0.529095,0.505384,0.511147,0.444085,0.346679,0.308788,0.615024,0.262770,0.745913,0.460835,0.340650,0.429455,0.440741,0.439100,0.517945,0.420805,0.263276,0.296533,0.289918,0.649437,0.438125,0.484377,0.608970,0.124814,0.680033,0.485342,0.507953,0.672683,0.439209,0.312197,0.676139,0.589037,0.598645,0.786634,0.554999,0.431573,0.384507,0.349299,0.699228,0.467994,0.711536,0.520487,0.548058,0.444607,0.514186,0.323364,0.347504,0.588426,0.584640,0.453997,0.474328,0.501715,0.658005,0.545617,0.292644,0.301731,0.416323,0.641652,0.698075,0.634019,0.490397,0.660940,0.589320,0.544665,0.685199,0.509956,0.382566,0.446614,0.660367,0.780612,0.468472,0.464661,0.538376,0.221158,0.779304,0.549080,0.271237,0.603806,0.579087,0.670549,0.327059,0.455954,0.264168,0.606448,0.791515,0.678211,0.506523,0.484763,0.580173,0.317322,0.603639,0.330411,0.390921,0.546479,0.392765,0.531096,0.398351,0.000000,0.658513,0.720702,0.255804,0.639321,0.575696,0.297721,0.371715,0.640258,0.831404,0.554294,0.349442,0.485728,0.319468,0.296818,0.614777,0.442393,0.386245,0.391517,0.407608,0.563029,0.520369,0.277276,0.737751,0.634378,0.370956,0.589941,0.225487,0.530161,0.719162,0.729090,0.412853,0.710928,0.492572,0.317254,0.669239,0.461663,0.437286,0.469126,0.547473,0.838275,0.685261,0.205723,0.486233,0.296117,0.255709,0.475680,0.426396,0.543388,0.823755,0.422665,0.695096,0.755140,0.486634,0.364789,0.258414,0.608828,0.420006,0.266063,0.738836,0.304819,0.393192,0.565870,0.352674,0.590114,0.671770,0.519985,0.610055,0.723653,0.490066,0.361528,0.716192,0.500549,0.681145,0.637122,0.437808,0.258090,0.663669,0.480536,0.671766,0.819587,0.720981,0.368598,0.368682,0.637175,0.783307,0.649941,0.273558,0.385615,0.328782,0.846365,0.491136,0.491534,0.537795,0.694311,0.204210,0.725154,0.668278,0.760560,0.353084,0.463534,0.614935,0.618608,0.312616,0.451930,0.616670,0.692781,0.245054,0.147277,0.785427,0.469012,0.478124,0.628553,0.481419,0.527718,0.371010,0.436612,0.337343,0.295152,0.648968,0.459167,0.681596,0.763984,0.637828,0.297204,0.509847,0.483480,0.385985,0.668744,0.562938,0.667171,0.351820,0.269352,0.228008,0.690182,0.549699,0.397046,0.538714,0.646012,0.281131,0.686481,0.424633,0.438176,0.481104,0.681757,0.646725,0.545878,0.248014,0.705982,0.635266,0.495465,0.730699,0.644009,0.639993,0.379873,0.537802,0.702890,0.380492,0.370708,0.393015,0.554620,0.395246,0.648076,0.317221,0.456683,0.774469,0.786737,0.375576,0.672392,0.377571,0.320883,0.329886,0.711681,0.582764,0.626967,0.261710,0.525883,0.422432,0.591685,0.534371,0.393353,0.566229,0.635497,0.841727,0.696608,0.553370,0.574585,0.335055,0.513627,0.798635,0.402329,0.355245,0.366542,0.525094,0.455660,0.493421,0.503092,0.605153,0.598765,0.506452,0.370891,0.769134,0.260163,0.598607,0.345969,0.521968,0.722111,0.477134,0.552174,0.350597,0.291625,0.576444,0.406290,0.785824,0.787330,0.405049,0.808480,0.690848,0.536044,0.356309,0.671496,0.509041,0.686832,0.589941,0.562202,0.358185,0.683572,0.621092,0.594857,0.407411,0.769027,0.366271,0.361507,0.749778,0.611781,0.636468,0.597926,0.793390,0.414999,0.583063,0.377436,0.877237,0.872141,0.620356,0.688130,0.694528,0.521120,0.801238,0.806799,0.504813,0.487955,0.783232,0.770808,0.470531,0.556131,0.583278,0.835512,0.349840,0.718525,0.579399,0.623373,0.607343,0.533305,0.593196,0.443522,0.278212,0.737112,0.606887,0.635482,0.304586,0.374723,0.528789,0.229490,0.543065,0.739557,0.558807,0.495420,0.649242,0.419053,0.633134,0.770974,0.279088,0.716375,0.558259,0.722097,0.307373,0.657191,0.583772,0.345431,0.728872,0.653317,0.443029,0.786470,0.663041,0.276990,0.535602,0.347132,0.764296,0.747343,0.250220,0.786593,0.742331,0.584732,0.783359,0.713752,0.333457,0.697261,0.657671,0.580485,0.543841,0.799014,0.841042,0.815934,0.595117,0.777383,0.707956,0.367112,0.392149,0.761712,0.618916,0.374842,0.628000,0.682879,0.461692,0.749048,0.790545,0.367081,0.593230,0.807334,0.695167,0.578443,0.739312,0.537042,0.762856,0.690612,0.582637,0.598633,0.469397,0.661358,0.550731,0.412006,0.580429,0.519545,0.784519,0.693536,0.564486,0.461301,0.580294,0.392442,0.677438,0.640384,0.863255,0.635720,0.317316,0.621519,0.787383,0.828463,0.676411,0.846619,0.644021,0.719150,0.366433,0.488169,0.643947,0.619660,0.599509,0.428755,0.834766,0.656150,0.575638,0.736384,0.579709,0.659750,0.674454,0.632958,0.487865,0.451894,0.513127,0.337289,0.411986,0.638832,0.572655,0.752686,0.672792,0.520647,0.617668,0.849869,0.328246,0.670201,0.443982,0.472462,0.564341,0.511517
0.518547,0.597554,0.539275,0.614286,0.572237,0.417009,0.307758,0.514309,0.330621,0.468469,0.310732,0.501627,0.657263,0.516829,0.633328,0.540664,0.529122,0.565569,0.537551,0.546666,0.470417,0.663848,0.338202,0.413576,0.330420,0.544233,0.598495,0.654087,0.563235,0.586772,0.677668,0.578734,0.754868,0.634928,0.642977,0.290606,0.506321,0.520010,0.356505,0.543764,0.616321,0.599949,0.711080,0.631710,0.416694,0.646037,0.563616,0.615706,0.618868,0.366345,0.574100,0.719173,0.640059,0.802201,0.514854,0.710069,0.630981,0.451404,0.623270,0.480742,0.710651,0.554906,0.750256,0.506119,0.491768,0.492156,0.627919,0.653532,0.624977,0.708947,0.535114,0.731327,0.359586,0.597556,0.697124,0.610905,0.512151,0.537323,0.601794,0.368100,0.588879,0.488630,0.646900,0.782656,0.630110,0.394047,0.668155,0.601508,0.725630,0.421399,0.404890,0.485928,0.650489,0.497167,0.698474,0.424650,0.751587,0.722273,0.684462,0.363646,0.589832,0.654828,0.550304,0.588716,0.745423,0.560557,0.759036,0.553949,0.658513,0.000000,0.754438,0.645127,0.418162,0.458876,0.616440,0.626752,0.805080,0.651730,0.411925,0.391614,0.505458,0.653208,0.701147,0.642718,0.574840,0.642804,0.618101,0.551871,0.667578,0.507966,0.580179,0.550865,0.378112,0.507616,0.486033,0.585738,0.667339,0.526952,0.715702,0.557712,0.386499,0.791309,0.634309,0.467142,0.707195,0.773873,0.615027,0.728768,0.669634,0.713769,0.648245,0.756203,0.581072,0.604915,0.531646,0.588062,0.355993,0.613609,0.626209,0.583922,0.647926,0.596747,0.636033,0.633291,0.514025,0.576563,0.602251,0.531119,0.521162,0.648558,0.639592,0.678505,0.807894,0.501581,0.638298,0.525056,0.766610,0.709440,0.640081,0.687514,0.764794,0.706315,0.537123,0.578665,0.642238,0.742325,0.736578,0.616574,0.620517,0.430066,0.664899,0.648994,0.680144,0.408586,0.680532,0.568120,0.572827,0.629893,0.589576,0.584146,0.789235,0.781608,0.574367,0.626218,0.698270,0.427116,0.709458,0.573193,0.644726,0.700667,0.823357,0.640956,0.724221,0.714764,0.712510,0.688650,0.632786,0.795597,0.543474,0.777307,0.738872,0.655207,0.730957,0.546377,0.618316,0.648865,0.696979,0.789108,0.631423,0.610922,0.426538,0.538447,0.629858,0.703914,0.656999,0.569865,0.313612,0.674516,0.692901,0.653368,0.646015,0.658947,0.708360,0.633659,0.585769,0.713289,0.669354,0.590354,0.685104,0.572784,0.543205,0.663814,0.611691,0.619245,0.696279,0.648543,0.639056,0.640196,0.700718,0.690451,0.824275,0.774008,0.684081,0.608923,0.738189,0.594037,0.609995,0.728704,0.757094,0.597577,0.331882,0.545856,0.633657,0.675016,0.715474,0.686745,0.415417,0.603899,0.696830,0.617924,0.721892,0.638842,0.772711,0.679818,0.507222,0.628551,0.772071,0.586220,0.543964,0.758928,0.760919,0.739405,0.781034,0.635127,0.547313,0.635834,0.545651,0.623571,0.574314,0.624728,0.586629,0.600527,0.633662,0.495645,0.643938,0.473976,0.663811,0.699002,0.610204,0.733154,0.669558,0.348276,0.531924,0.608251,0.642559,0.790995,0.709271,0.652267,0.671666,0.794107,0.488495,0.659130,0.460939,0.571704,0.655012,0.791283,0.701846,0.615626,0.768657,0.645775,0.717120,0.739847,0.717073,0.661824,0.624375,0.415235,0.853780,0.519436,0.757244,0.687268,0.685256,0.726322,0.568860,0.665062,0.800507,0.639049,0.540545,0.798391,0.672286,0.746652,0.672487,0.761932,0.363097,0.665489,0.699930,0.691681,0.718692,0.566744,0.580920,0.733554,0.662427,0.758779,0.737210,0.421347,0.522793,0.610387,0.628059,0.830146,0.812176,0.675618,0.659583,0.780548,0.687459,0.723477,0.821117,0.549039,0.706128,0.627699,0.683965,0.796902,0.683665,0.441622,0.657133,0.489195,0.591951,0.549147,0.689800,0.704860,0.756628,0.733942,0.699545,0.615535,0.738291,0.651117,0.514173,0.753310,0.609774,0.664861,0.483724,0.534123,0.645066,0.411846,0.561810,0.628213,0.553567,0.471197,0.650186,0.623060,0.496490,0.519538,0.792955,0.531910,0.580420,0.677410,0.578241,0.351495,0.492149,0.520647,0.656492,0.687994,0.558121,0.631887,0.798944,0.479274,0.664473,0.659417,0.455860,0.654057,0.700845,0.774157,0.744224,0.786148,0.814203,0.688269,0.508557,0.814793,0.721664,0.724211,0.734014,0.604705,0.763143,0.591831,0.664332,0.409648,0.815573,0.634194,0.638501,0.694376,0.734943,0.683928,0.698981,0.677204,0.513903,0.538227,0.764425,0.662360,0.744442,0.820497,0.757047,0.673604,0.618693,0.677659,0.670111,0.656144,0.641162,0.671661,0.696082,0.480097,0.690731,0.694217,0.698713,0.826298,0.764387,0.646716,0.669929,0.680739,0.640591,0.663533,0.528897,0.752193,0.637479,0.865466,0.644210,0.605476,0.655312,0.759200,0.630024,0.804911,0.736840,0.696827,0.646474,0.569616,0.713909,0.545070,0.718226,0.662294,0.595549,0.737879,0.608159,0.793419,0.715565
0.518635,0.619306,0.770247,0.731682,0.760893,0.703702,0.701341,0.772337,0.767961,0.731066,0.692717,0.715348,0.471023,0.744205,0.520655,0.710763,0.720830,0.572219,0.747274,0.680471,0.681818,0.600723,0.749015,0.724896,0.769222,0.753692,0.742296,0.612773,0.796735,0.630508,0.415757,0.747012,0.372056,0.464854,0.639983,0.677964,0.770167,0.652481,0.659672,0.706018,0.749995,0.486886,0.522266,0.776619,0.775702,0.773101,0.732821,0.816134,0.690128,0.778273,0.774127,0.359044,0.481484,0.284693,0.781709,0.725112,0.735223,0.794236,0.859745,0.730586,0.473297,0.804219,0.415793,0.523937,0.721474,0.700289,0.815994,0.518152,0.588765,0.528989,0.640579,0.480306,0.773317,0.757440,0.569830,0.471771,0.785454,0.708876,0.802239,0.787306,0.661847,0.798619,0.692179,0.312322,0.782949,0.671558,0.816809,0.832297,0.597772,0.684106,0.649010,0.763894,0.793914,0.790125,0.590076,0.650090,0.514271,0.503727,0.714133,0.755581,0.770648,0.686835,0.745072,0.772503,0.506559,0.719132,0.415685,0.766025,0.720702,0.754438,0.000000,0.788838,0.770650,0.752067,0.750803,0.813960,0.363369,0.750680,0.732288,0.781213,0.745524,0.791079,0.815978,0.794621,0.678760,0.672407,0.784432,0.580148,0.601905,0.767337,0.823443,0.681735,0.720134,0.727604,0.786438,0.826502,0.635000,0.586509,0.454852,0.643523,0.731518,0.445432,0.760521,0.652685,0.860141,0.513935,0.748555,0.683459,0.523915,0.734283,0.782360,0.530404,0.809686,0.807422,0.809679,0.834656,0.744678,0.615936,0.663919,0.644549,0.766835,0.745893,0.793984,0.786744,0.773523,0.570348,0.819041,0.781950,0.839718,0.776923,0.772740,0.761384,0.410669,0.693122,0.603448,0.674440,0.345135,0.800649,0.760089,0.643517,0.723400,0.717916,0.647257,0.792790,0.847203,0.397134,0.511268,0.678704,0.554458,0.729397,0.797472,0.817687,0.622286,0.686229,0.770282,0.800999,0.786263,0.679479,0.717709,0.772694,0.408008,0.379859,0.562029,0.770555,0.327041,0.705143,0.787687,0.761475,0.761839,0.642379,0.384245,0.708593,0.530814,0.713177,0.828592,0.791188,0.738533,0.192809,0.812257,0.489053,0.601725,0.807246,0.554622,0.781359,0.831086,0.788009,0.819496,0.339921,0.685826,0.764780,0.622608,0.668819,0.815022,0.793785,0.876183,0.801450,0.654565,0.819193,0.826206,0.850046,0.798613,0.794513,0.718042,0.680875,0.797345,0.587282,0.578620,0.767731,0.747072,0.766855,0.795018,0.705858,0.685237,0.840439,0.611621,0.845915,0.686936,0.661789,0.876194,0.821607,0.341132,0.471350,0.822810,0.795193,0.506643,0.842889,0.704437,0.757166,0.735836,0.858484,0.672748,0.823984,0.841210,0.759501,0.653756,0.839771,0.639274,0.689119,0.839486,0.790561,0.662320,0.808184,0.810892,0.784363,0.776544,0.805733,0.618206,0.674935,0.766695,0.596581,0.537952,0.806020,0.555835,0.831192,0.751383,0.757109,0.681827,0.745007,0.806773,0.809386,0.754349,0.789912,0.618967,0.818552,0.848555,0.717895,0.622755,0.794765,0.850134,0.744964,0.834392,0.740424,0.766891,0.747920,0.713653,0.644691,0.739014,0.828344,0.767375,0.484115,0.816064,0.687560,0.653787,0.751285,0.645766,0.416175,0.685935,0.802221,0.432612,0.714447,0.811207,0.735239,0.517784,0.793325,0.639425,0.803543,0.338923,0.777114,0.796946,0.838950,0.839371,0.393286,0.851121,0.669649,0.443122,0.659985,0.796634,0.419794,0.835123,0.784911,0.702529,0.420118,0.841032,0.718520,0.576935,0.669133,0.802234,0.668869,0.802939,0.753068,0.701485,0.713373,0.808453,0.837460,0.721946,0.829884,0.749880,0.426961,0.433934,0.568588,0.674465,0.595018,0.739485,0.855970,0.306980,0.778597,0.719824,0.783498,0.859247,0.457822,0.824291,0.790134,0.635875,0.773168,0.874213,0.778660,0.814762,0.703954,0.799025,0.796989,0.782941,0.670510,0.508650,0.786429,0.765992,0.694126,0.824257,0.745270,0.647972,0.754944,0.768696,0.729953,0.840420,0.750384,0.850601,0.714521,0.759986,0.815360,0.633849,0.692745,0.548126,0.732016,0.680600,0.827505,0.768965,0.729454,0.800015,0.719353,0.670599,0.758037,0.596054,0.720159,0.781205,0.708411,0.880060,0.733613,0.707972,0.743131,0.877172,0.429880,0.794281,0.668193,0.541117,0.665893,0.715587,0.448872,0.741690,0.785875,0.562733,0.691678,0.747939,0.701142,0.800243,0.691368,0.773582,0.841591,0.860829,0.847630,0.741594,0.790142,0.810509,0.852697,0.764184,0.582985,0.690038,0.791311,0.726063,0.344458,0.793085,0.668025,0.728618,0.876311,0.770529,0.727370,0.597459,0.646021,0.747409,0.842278,0.668271,0.808907,0.739427,0.433423,0.648744,0.819537,0.781049,0.486268,0.689106,0.797027,0.722829,0.748169,0.755776,0.348163,0.740161,0.682540,0.809356,0.833394,0.740453,0.897867,0.796094,0.825435,0.646003,0.799083,0.755109,0.785718,0.707732,0.750967,0.618980,0.845680,0.787656,0.590681,0.786267
0.519053,0.475741,0.328233,0.513443,0.325359,0.491758,0.609525,0.297592,0.613047,0.470398,0.620821,0.498119,0.527686,0.498341,0.487661,0.361452,0.266199,0.575331,0.265277,0.678124,0.459220,0.437581,0.484607,0.412229,0.423121,0.505505,0.407782,0.298671,0.267246,0.376990,0.710349,0.403837,0.595194,0.640045,0.304320,0.650975,0.550775,0.489420,0.662309,0.409368,0.221086,0.736381,0.615166,0.618446,0.727702,0.544048,0.401989,0.364310,0.307799,0.674498,0.420544,0.736430,0.594725,0.656659,0.424228,0.459523,0.324933,0.284072,0.583575,0.582486,0.498979,0.443833,0.593568,0.653643,0.496116,0.325454,0.250273,0.474004,0.641593,0.709619,0.668419,0.548507,0.670255,0.507599,0.607940,0.707239,0.518265,0.369394,0.429813,0.639836,0.783379,0.478115,0.407827,0.663325,0.261813,0.683924,0.505769,0.256406,0.625894,0.602228,0.686716,0.326184,0.419066,0.306761,0.647050,0.708833,0.719228,0.553201,0.487673,0.572249,0.343148,0.589938,0.363034,0.366305,0.603365,0.421101,0.664012,0.392161,0.255804,0.645127,0.788838,0.000000,0.627806,0.531193,0.289844,0.332967,0.736673,0.710996,0.536423,0.400053,0.474947,0.347187,0.242228,0.632649,0.476228,0.406805,0.406229,0.500433,0.567037,0.523770,0.247553,0.627508,0.620126,0.403630,0.640691,0.245583,0.522387,0.681090,0.683029,0.493558,0.724269,0.611977,0.338460,0.649537,0.433421,0.584501,0.473038,0.500687,0.805594,0.662051,0.222565,0.568216,0.218378,0.216566,0.452073,0.456432,0.539225,0.798451,0.404597,0.663330,0.722740,0.489138,0.422599,0.245498,0.625211,0.566397,0.228938,0.733108,0.279140,0.465309,0.622459,0.281718,0.705448,0.654567,0.604813,0.552448,0.743054,0.468133,0.393080,0.736884,0.583466,0.604670,0.595050,0.420350,0.256698,0.738364,0.540827,0.621817,0.836347,0.656760,0.361830,0.373033,0.646878,0.776181,0.542940,0.317489,0.322836,0.389157,0.812785,0.456531,0.641436,0.690063,0.716115,0.250983,0.813742,0.615366,0.707673,0.439701,0.510333,0.683836,0.726337,0.425162,0.522113,0.591361,0.666976,0.267287,0.360575,0.825828,0.469070,0.594516,0.655162,0.491411,0.556505,0.373125,0.412916,0.402936,0.312629,0.741369,0.449677,0.650292,0.799397,0.599442,0.284956,0.414634,0.459763,0.433104,0.685266,0.584757,0.665654,0.319553,0.238916,0.324109,0.727610,0.581847,0.404801,0.596458,0.716574,0.264107,0.698148,0.455083,0.461544,0.506526,0.637787,0.553177,0.592083,0.251229,0.704231,0.652813,0.472112,0.647382,0.750606,0.695446,0.347707,0.499321,0.706771,0.338922,0.406558,0.486760,0.574110,0.433726,0.619950,0.373921,0.448527,0.706925,0.677234,0.364952,0.658548,0.393924,0.366947,0.297858,0.692781,0.595557,0.562656,0.267556,0.563511,0.387883,0.652342,0.573002,0.291498,0.596159,0.690246,0.750903,0.710996,0.539459,0.600167,0.399793,0.590786,0.694718,0.390503,0.393287,0.354654,0.569624,0.505086,0.541254,0.561823,0.658509,0.541728,0.489291,0.367718,0.684847,0.231345,0.599570,0.286174,0.569386,0.667039,0.565481,0.507847,0.372052,0.256416,0.659417,0.459402,0.738742,0.723226,0.493685,0.710452,0.783793,0.504033,0.354088,0.744374,0.476818,0.675600,0.644544,0.718862,0.342334,0.690970,0.627770,0.704670,0.475104,0.753948,0.354040,0.315001,0.846159,0.617514,0.631290,0.734529,0.713401,0.472177,0.721506,0.384139,0.804742,0.811534,0.710067,0.691205,0.646631,0.542742,0.751702,0.755566,0.484541,0.574847,0.732133,0.739546,0.449654,0.572499,0.592194,0.758024,0.263950,0.644768,0.638549,0.744939,0.653212,0.551342,0.730138,0.415318,0.254652,0.816416,0.637775,0.670793,0.308310,0.377245,0.631282,0.274389,0.532724,0.703634,0.602667,0.459198,0.649299,0.500285,0.563030,0.736247,0.329468,0.638705,0.536712,0.746875,0.351534,0.645286,0.508477,0.343255,0.657017,0.612157,0.367693,0.802776,0.673554,0.391692,0.550361,0.316178,0.798529,0.676529,0.307950,0.781274,0.722037,0.630632,0.760980,0.756832,0.317726,0.626377,0.710671,0.597534,0.498743,0.689740,0.764942,0.780358,0.621392,0.784220,0.731867,0.262634,0.339244,0.755731,0.534336,0.286120,0.762364,0.711029,0.479221,0.750805,0.734550,0.458031,0.674169,0.726947,0.701881,0.586955,0.754567,0.546948,0.767375,0.610982,0.600494,0.601675,0.622172,0.581408,0.498678,0.407722,0.588949,0.493713,0.765441,0.718292,0.604117,0.504241,0.565691,0.538395,0.795543,0.691142,0.797264,0.689501,0.323752,0.590525,0.746294,0.843741,0.723196,0.747083,0.685861,0.692898,0.333528,0.534623,0.728552,0.672483,0.610719,0.488197,0.792867,0.671348,0.608873,0.729109,0.451596,0.708286,0.704440,0.601214,0.527120,0.503505,0.429456,0.425370,0.427192,0.586747,0.540527,0.768365,0.662907,0.492853,0.582136,0.804031,0.371975,0.609883,0.441440,0.561331,0.649697,0.477579
0.519342,0.503972,0.459723,0.566749,0.482104,0.368754,0.322285,0.484430,0.469171,0.382940,0.393096,0.432978,0.679019,0.474415,0.698090,0.433361,0.525308,0.539716,0.546389,0.622815,0.415298,0.614636,0.449656,0.517152,0.446574,0.474428,0.579369,0.614681,0.554687,0.644954,0.745288,0.609132,0.762760,0.683458,0.634224,0.406880,0.537112,0.409773,0.390649,0.452908,0.527404,0.632251,0.743633,0.651963,0.479616,0.695959,0.462463,0.537073,0.607848,0.373846,0.564581,0.683777,0.725876,0.836764,0.451567,0.742696,0.630481,0.513898,0.600336,0.538362,0.732611,0.561285,0.768000,0.423930,0.467724,0.552814,0.539242,0.754721,0.522616,0.634969,0.633982,0.738849,0.339365,0.471763,0.730119,0.664052,0.462540,0.570791,0.472854,0.344632,0.627244,0.463484,0.641812,0.823286,0.562838,0.501390,0.570028,0.566682,0.779360,0.386905,0.511401,0.519124,0.515394,0.565956,0.786033,0.562867,0.691182,0.739196,0.658054,0.467267,0.594744,0.640286,0.513482,0.525562,0.773175,0.469959,0.817930,0.465712,0.639321,0.418162,0.770650,0.627806,0.000000,0.405913,0.565695,0.595391,0.876056,0.586213,0.487883,0.506781,0.467111,0.631601,0.621660,0.691511,0.572767,0.575348,0.580206,0.641921,0.631711,0.342964,0.560781,0.511007,0.447418,0.493557,0.575926,0.555594,0.707117,0.559162,0.648548,0.564339,0.589695,0.854447,0.557424,0.508939,0.636944,0.802068,0.584684,0.652490,0.683101,0.715057,0.601379,0.785515,0.562925,0.565443,0.575349,0.570197,0.404565,0.601062,0.695531,0.504651,0.618912,0.570657,0.652953,0.582926,0.434795,0.707309,0.615701,0.622406,0.550641,0.697252,0.668336,0.653197,0.839741,0.503148,0.698411,0.449753,0.792651,0.633981,0.656112,0.677008,0.721674,0.701827,0.471886,0.584064,0.611454,0.718200,0.766567,0.539197,0.739715,0.516993,0.610734,0.550171,0.764865,0.561735,0.666656,0.528790,0.544292,0.637374,0.630753,0.650129,0.856635,0.733171,0.588848,0.585347,0.715128,0.479782,0.647135,0.670674,0.723301,0.673526,0.761896,0.674737,0.774757,0.671965,0.686180,0.634899,0.637451,0.790855,0.550861,0.834895,0.774470,0.650689,0.772567,0.464691,0.575522,0.604474,0.603204,0.853954,0.654387,0.536305,0.574893,0.608249,0.555806,0.660230,0.587322,0.658269,0.522773,0.748029,0.675559,0.607586,0.580643,0.681064,0.660214,0.528826,0.580024,0.813547,0.673531,0.547236,0.603806,0.461674,0.514653,0.699458,0.540766,0.610888,0.771090,0.669720,0.645593,0.622768,0.632587,0.609276,0.846872,0.745941,0.619585,0.473770,0.677610,0.498292,0.615486,0.695634,0.770217,0.476356,0.526860,0.509606,0.648074,0.693513,0.699335,0.613644,0.659621,0.698022,0.651257,0.548306,0.662389,0.661930,0.766460,0.604834,0.516441,0.573440,0.874609,0.535597,0.541833,0.810657,0.774466,0.668438,0.762572,0.539652,0.621420,0.576416,0.673541,0.636969,0.588111,0.608109,0.611089,0.663425,0.657441,0.452096,0.651110,0.672637,0.579850,0.665583,0.511423,0.712540,0.585904,0.489499,0.534333,0.567627,0.575673,0.791359,0.682506,0.551849,0.702302,0.777150,0.606392,0.676073,0.517530,0.578110,0.607732,0.732335,0.671365,0.476214,0.755364,0.671071,0.747075,0.774709,0.765455,0.564308,0.695655,0.488517,0.863523,0.369373,0.659301,0.657765,0.656288,0.717797,0.721386,0.726349,0.812727,0.628199,0.546550,0.868711,0.649714,0.624883,0.711969,0.787965,0.598844,0.610434,0.718129,0.623536,0.742882,0.480483,0.614494,0.706189,0.603714,0.655455,0.581426,0.423543,0.558234,0.531258,0.631731,0.870385,0.829505,0.690468,0.660841,0.773995,0.667488,0.638173,0.811830,0.493380,0.720402,0.553856,0.634239,0.795327,0.602137,0.525574,0.749827,0.212305,0.573386,0.571388,0.613336,0.696296,0.715469,0.641090,0.714038,0.552471,0.805314,0.565510,0.566376,0.743680,0.626079,0.619908,0.572056,0.550537,0.669217,0.585917,0.585279,0.593889,0.534117,0.564964,0.579196,0.558217,0.412913,0.541003,0.772974,0.585864,0.682699,0.603388,0.592303,0.614327,0.597086,0.438856,0.641652,0.677995,0.561072,0.628297,0.719193,0.556415,0.645692,0.613187,0.567047,0.654231,0.625295,0.874202,0.755647,0.769242,0.827948,0.659101,0.554518,0.824740,0.708655,0.627581,0.813039,0.704708,0.715377,0.638270,0.671645,0.637035,0.839278,0.691043,0.599729,0.716933,0.601212,0.746084,0.674963,0.689368,0.648244,0.520674,0.817209,0.599973,0.776990,0.911004,0.824105,0.642829,0.644668,0.715148,0.554346,0.620222,0.701092,0.662611,0.701828,0.635505,0.727161,0.595338,0.731443,0.843495,0.825128,0.591235,0.692308,0.722771,0.628180,0.556524,0.583684,0.799578,0.711727,0.835312,0.590813,0.630298,0.587517,0.715460,0.672261,0.679436,0.810754,0.613764,0.629604,0.598139,0.780304,0.508118,0.706943,0.620015,0.719544,0.695363,0.570744,0.795220,0.734425
0.519444,0.395100,0.397422,0.537389,0.300084,0.130757,0.348589,0.469194,0.489529,0.259844,0.383563,0.364314,0.585022,0.405908,0.591728,0.502990,0.393846,0.495331,0.420146,0.612071,0.408602,0.551787,0.357217,0.417973,0.401005,0.425902,0.482368,0.533127,0.475738,0.523991,0.756273,0.478855,0.772189,0.627081,0.519260,0.325092,0.405415,0.393343,0.390518,0.370238,0.454954,0.650057,0.747958,0.699758,0.476030,0.645475,0.449241,0.442933,0.535002,0.307779,0.507233,0.644277,0.641488,0.830712,0.369619,0.691872,0.468975,0.429401,0.596438,0.495234,0.629114,0.486183,0.758458,0.569278,0.446519,0.412856,0.507201,0.642693,0.570068,0.657124,0.563880,0.586293,0.451365,0.402496,0.647469,0.602785,0.363594,0.491062,0.419340,0.499886,0.682139,0.373469,0.557600,0.757044,0.506142,0.405296,0.487266,0.483044,0.689741,0.488983,0.434460,0.408722,0.343483,0.441655,0.639495,0.398912,0.700296,0.635549,0.579863,0.337557,0.428652,0.599953,0.333353,0.418721,0.661949,0.321720,0.784730,0.308773,0.575696,0.458876,0.752067,0.531193,0.405913,0.000000,0.472132,0.580048,0.858212,0.598336,0.390500,0.402843,0.376874,0.614320,0.520623,0.733252,0.415349,0.527244,0.536755,0.522849,0.564779,0.373281,0.484809,0.440345,0.480304,0.314605,0.485297,0.454586,0.650396,0.586466,0.593936,0.463025,0.493588,0.752462,0.514622,0.358941,0.579050,0.730532,0.538886,0.631282,0.609905,0.725982,0.487831,0.627137,0.533019,0.552908,0.582414,0.437071,0.298646,0.649764,0.555665,0.475295,0.663520,0.547993,0.484747,0.518872,0.499153,0.601997,0.491238,0.617931,0.419280,0.526276,0.533262,0.564434,0.840137,0.450695,0.641505,0.484361,0.791628,0.601504,0.490008,0.632993,0.769619,0.702116,0.466864,0.480548,0.514595,0.646082,0.629232,0.442990,0.763744,0.419828,0.503225,0.473125,0.711648,0.624273,0.633843,0.444479,0.542502,0.520680,0.650589,0.587823,0.793406,0.742837,0.634994,0.458809,0.739498,0.473114,0.650167,0.550776,0.603760,0.686546,0.800637,0.646571,0.656463,0.656961,0.667242,0.584562,0.678484,0.830262,0.513550,0.771683,0.689240,0.591213,0.649572,0.533776,0.501886,0.496382,0.574845,0.838794,0.566002,0.562167,0.631633,0.598470,0.477629,0.553057,0.616084,0.557094,0.547862,0.672264,0.612873,0.570895,0.508681,0.624452,0.703272,0.501995,0.527833,0.726533,0.600633,0.478360,0.712152,0.493086,0.443244,0.519871,0.478822,0.611888,0.676149,0.567136,0.647066,0.641265,0.544177,0.627292,0.826135,0.722257,0.558013,0.341047,0.674555,0.462068,0.526603,0.636099,0.707354,0.442456,0.401939,0.353014,0.552550,0.530240,0.641807,0.562411,0.657505,0.475430,0.534990,0.432495,0.725127,0.591317,0.812482,0.539990,0.513797,0.550933,0.818428,0.418334,0.541913,0.691591,0.726412,0.651261,0.707503,0.581459,0.531837,0.516615,0.645498,0.647198,0.562860,0.569097,0.583769,0.605670,0.560404,0.422348,0.619900,0.694320,0.577862,0.607076,0.477941,0.560208,0.529343,0.289020,0.543163,0.516780,0.582769,0.744705,0.664609,0.480886,0.630643,0.712472,0.496926,0.625666,0.452646,0.446390,0.567440,0.762407,0.628814,0.488997,0.714038,0.614120,0.706216,0.703748,0.696215,0.516403,0.670878,0.471850,0.861977,0.319282,0.767351,0.674842,0.598670,0.795328,0.656834,0.581012,0.876843,0.563888,0.336155,0.811459,0.550472,0.687635,0.655802,0.760986,0.714720,0.511581,0.606091,0.556238,0.754235,0.422266,0.590121,0.661569,0.592487,0.669982,0.696589,0.257267,0.423843,0.549415,0.577518,0.795756,0.813229,0.666496,0.644644,0.768319,0.580976,0.564736,0.769456,0.545562,0.563744,0.526678,0.571940,0.751899,0.526958,0.528494,0.739070,0.372004,0.554677,0.489185,0.560277,0.737579,0.745576,0.568324,0.705654,0.395164,0.808154,0.413831,0.633278,0.698016,0.509975,0.569274,0.485545,0.574978,0.582917,0.435566,0.515943,0.547069,0.460097,0.656048,0.504341,0.507612,0.465591,0.581515,0.693548,0.562765,0.726994,0.518725,0.475667,0.646532,0.613901,0.520085,0.621701,0.628303,0.570240,0.622022,0.807846,0.557012,0.590660,0.519597,0.662364,0.663494,0.557295,0.756361,0.691626,0.753471,0.780623,0.501073,0.491540,0.804004,0.632692,0.523993,0.677048,0.632923,0.654837,0.576018,0.631847,0.548179,0.713506,0.749622,0.606617,0.634632,0.625262,0.670914,0.638788,0.717412,0.587557,0.476531,0.709643,0.601061,0.736809,0.905548,0.827312,0.661528,0.610398,0.675551,0.628848,0.611857,0.722574,0.579189,0.585484,0.693997,0.734671,0.574548,0.629396,0.852041,0.795937,0.645658,0.569418,0.712421,0.573905,0.600531,0.650763,0.735453,0.680284,0.858241,0.547987,0.618066,0.497226,0.608672,0.616746,0.622452,0.795459,0.605551,0.617404,0.679501,0.739826,0.475635,0.635451,0.601146,0.717647,0.623965,0.466616,0.767632,0.673897
0.519498,0.438944,0.264476,0.404548,0.253801,0.477049,0.581494,0.234346,0.614492,0.408981,0.596076,0.472482,0.523084,0.433721,0.464592,0.313594,0.281411,0.589374,0.253617,0.706903,0.512296,0.391853,0.471941,0.390583,0.381451,0.460020,0.374419,0.289894,0.259118,0.417273,0.648223,0.437699,0.565374,0.624345,0.345514,0.618441,0.478567,0.424842,0.622205,0.421585,0.299064,0.645684,0.590933,0.647407,0.714750,0.641940,0.384867,0.386854,0.273009,0.589990,0.249396,0.698697,0.513678,0.623214,0.368722,0.563071,0.252263,0.306683,0.556145,0.588184,0.485594,0.434081,0.583540,0.655177,0.473785,0.333902,0.259827,0.507231,0.554562,0.677165,0.685881,0.485985,0.626234,0.439908,0.610975,0.678529,0.449894,0.352114,0.333757,0.598048,0.759737,0.417220,0.372486,0.612270,0.294712,0.668236,0.508490,0.275131,0.651453,0.502779,0.576749,0.264965,0.403081,0.277893,0.632785,0.688305,0.631100,0.493259,0.379148,0.529468,0.342183,0.694653,0.303379,0.190045,0.654629,0.366510,0.565804,0.326482,0.297721,0.616440,0.750803,0.289844,0.565695,0.472132,0.000000,0.358345,0.673068,0.779291,0.530367,0.328839,0.358659,0.378581,0.258912,0.659343,0.472594,0.415721,0.389971,0.491123,0.524910,0.486500,0.198669,0.637522,0.606269,0.282225,0.602038,0.263048,0.544843,0.635687,0.706721,0.459663,0.701240,0.605496,0.280456,0.602540,0.370335,0.594467,0.426316,0.616366,0.788070,0.750801,0.245518,0.611738,0.252576,0.290694,0.422474,0.402250,0.449352,0.809436,0.465624,0.624669,0.776876,0.448129,0.400491,0.286706,0.564898,0.554377,0.301089,0.742816,0.302335,0.447719,0.588628,0.338006,0.638277,0.586470,0.558533,0.510741,0.789252,0.533090,0.409102,0.667521,0.577969,0.717545,0.577730,0.307909,0.259764,0.677896,0.487268,0.605610,0.832218,0.650463,0.349281,0.331245,0.674142,0.754971,0.500459,0.281928,0.299986,0.401286,0.801027,0.422030,0.604163,0.626169,0.749109,0.290253,0.727987,0.583921,0.755275,0.386849,0.556193,0.534943,0.670274,0.523317,0.535428,0.661390,0.633549,0.307762,0.460358,0.806950,0.361861,0.562673,0.656857,0.494898,0.514077,0.378823,0.293557,0.415333,0.312486,0.736456,0.467607,0.730899,0.719261,0.583951,0.274209,0.547285,0.472469,0.399497,0.554253,0.592228,0.636300,0.172785,0.266308,0.427411,0.711406,0.482624,0.360054,0.618327,0.632381,0.223825,0.702606,0.388024,0.462046,0.563214,0.562257,0.638573,0.581831,0.301372,0.747948,0.673771,0.483292,0.700726,0.661804,0.688871,0.208962,0.445559,0.709663,0.280184,0.357643,0.478887,0.626371,0.438127,0.538812,0.347631,0.441534,0.698506,0.789025,0.197707,0.714724,0.419392,0.349138,0.270533,0.763715,0.614980,0.690134,0.292561,0.576786,0.252243,0.657336,0.489103,0.391305,0.613275,0.624594,0.739531,0.738288,0.540061,0.524463,0.316253,0.608543,0.785280,0.341883,0.402718,0.434460,0.607585,0.552523,0.465580,0.480236,0.661886,0.565346,0.502000,0.413310,0.724802,0.279612,0.518309,0.348636,0.466804,0.751154,0.597859,0.468623,0.309320,0.362925,0.620626,0.481775,0.814594,0.683031,0.394502,0.787064,0.752594,0.625533,0.282835,0.669070,0.435538,0.651658,0.618212,0.661183,0.339740,0.626275,0.522138,0.657254,0.398275,0.747292,0.426563,0.320524,0.806249,0.608440,0.596725,0.659946,0.738795,0.400669,0.617114,0.411531,0.812375,0.811637,0.702623,0.675112,0.614777,0.548679,0.782802,0.771243,0.444168,0.495651,0.752533,0.785160,0.485834,0.599970,0.494495,0.725189,0.305281,0.761706,0.605789,0.670428,0.637014,0.589682,0.649830,0.404835,0.231775,0.836380,0.652746,0.526937,0.347090,0.244212,0.585432,0.281523,0.484924,0.733575,0.517368,0.314014,0.655714,0.429515,0.581824,0.796236,0.293494,0.723260,0.464489,0.711869,0.301139,0.601056,0.536228,0.330113,0.640491,0.576579,0.387373,0.716454,0.595164,0.329365,0.516442,0.313233,0.766002,0.748264,0.310115,0.730012,0.722563,0.644250,0.754098,0.748103,0.138616,0.587769,0.620080,0.577943,0.501268,0.659024,0.826952,0.756154,0.653753,0.812387,0.686285,0.324453,0.385160,0.766022,0.678685,0.339092,0.705982,0.661396,0.592176,0.800826,0.706669,0.484803,0.600277,0.748983,0.664104,0.644752,0.680600,0.554163,0.781179,0.689613,0.628335,0.685639,0.656694,0.610871,0.449058,0.447036,0.594878,0.417972,0.706351,0.621588,0.564742,0.615188,0.574863,0.539030,0.739717,0.701155,0.836487,0.690274,0.386800,0.619343,0.738819,0.826812,0.652604,0.775043,0.652623,0.765959,0.395931,0.525383,0.660548,0.675811,0.581162,0.476670,0.786694,0.655291,0.583639,0.709431,0.610966,0.576654,0.709068,0.563567,0.625350,0.423676,0.527386,0.544917,0.391194,0.630277,0.561429,0.767209,0.686093,0.648623,0.582403,0.776011,0.374134,0.755406,0.430687,0.539159,0.649085,0.643925
0.521558,0.533625,0.334592,0.509314,0.399231,0.483678,0.567519,0.232285,0.636387,0.447037,0.612796,0.484360,0.606881,0.442547,0.576401,0.294936,0.357563,0.575655,0.396094,0.696734,0.554004,0.508481,0.574048,0.405044,0.417062,0.469019,0.538727,0.299812,0.262845,0.501555,0.652758,0.451470,0.599822,0.657124,0.405345,0.635490,0.608611,0.537847,0.628854,0.444926,0.364895,0.697265,0.612844,0.590473,0.711798,0.633027,0.473023,0.521383,0.363788,0.647093,0.434478,0.740297,0.686367,0.722986,0.428043,0.592846,0.350561,0.313153,0.597429,0.582380,0.603522,0.445224,0.633839,0.620852,0.526365,0.439595,0.300981,0.589561,0.721355,0.686343,0.761105,0.673166,0.662315,0.598531,0.752270,0.785883,0.520121,0.390924,0.468345,0.633955,0.741085,0.464764,0.522269,0.700063,0.319465,0.708774,0.534193,0.298462,0.742046,0.522222,0.702616,0.343565,0.517712,0.455266,0.734740,0.711842,0.673653,0.659932,0.565433,0.647546,0.448630,0.702646,0.399662,0.408309,0.675928,0.488552,0.671158,0.461620,0.371715,0.626752,0.813960,0.332967,0.595391,0.580048,0.358345,0.000000,0.716578,0.776594,0.582404,0.444312,0.450504,0.374502,0.329303,0.757987,0.575679,0.497210,0.443425,0.609784,0.595280,0.550075,0.294956,0.670070,0.555853,0.468753,0.686300,0.316870,0.548065,0.601034,0.724805,0.619939,0.748452,0.742410,0.323171,0.707224,0.392901,0.667141,0.511117,0.621030,0.763206,0.716372,0.280999,0.644222,0.144102,0.305976,0.444367,0.514348,0.541584,0.803076,0.513252,0.624033,0.746101,0.416564,0.537605,0.266500,0.538622,0.652817,0.317536,0.744379,0.317804,0.564705,0.696552,0.400519,0.698295,0.615787,0.647037,0.532748,0.804091,0.470953,0.451419,0.724097,0.594317,0.737873,0.681201,0.495621,0.328888,0.791850,0.641288,0.609815,0.778411,0.672070,0.405055,0.340281,0.755224,0.821759,0.588012,0.407236,0.305040,0.496026,0.743597,0.579216,0.693853,0.706560,0.765302,0.329962,0.816646,0.609400,0.746938,0.512856,0.536580,0.607005,0.726531,0.541183,0.626177,0.603798,0.699050,0.365075,0.477369,0.870876,0.509548,0.685880,0.734148,0.440404,0.637903,0.311497,0.451119,0.512820,0.307162,0.769477,0.416910,0.751565,0.793461,0.609100,0.353732,0.556014,0.459560,0.506371,0.685659,0.597466,0.692028,0.392775,0.244198,0.446786,0.741331,0.727946,0.349580,0.671844,0.762624,0.224799,0.700699,0.353270,0.554886,0.550554,0.673677,0.573199,0.700165,0.334896,0.742856,0.672815,0.603468,0.768006,0.755414,0.736227,0.374243,0.647017,0.709986,0.376494,0.428466,0.550657,0.716966,0.546002,0.623552,0.475849,0.305073,0.705743,0.749441,0.414525,0.694030,0.529341,0.443046,0.386460,0.785736,0.625095,0.692493,0.312361,0.672485,0.383892,0.713046,0.621382,0.252587,0.730888,0.721640,0.790697,0.759386,0.606363,0.654774,0.398636,0.757500,0.743529,0.264230,0.295133,0.467166,0.772887,0.663489,0.532512,0.569868,0.732582,0.615921,0.588879,0.437993,0.725038,0.298452,0.632343,0.320266,0.588270,0.742663,0.620504,0.526686,0.381557,0.412385,0.726934,0.505757,0.797083,0.643645,0.571746,0.763132,0.765568,0.574643,0.352325,0.817896,0.580400,0.649647,0.608246,0.793539,0.376676,0.660992,0.559677,0.778583,0.517779,0.741662,0.398440,0.395729,0.832096,0.573403,0.662930,0.707924,0.760095,0.519698,0.706318,0.464219,0.830121,0.769936,0.709754,0.697839,0.683138,0.592058,0.743394,0.855047,0.533384,0.625345,0.830854,0.812756,0.487197,0.575405,0.626634,0.703312,0.218776,0.776603,0.671490,0.781439,0.712967,0.509796,0.709426,0.534431,0.347866,0.850059,0.729769,0.718976,0.347280,0.375338,0.722922,0.315287,0.453754,0.720218,0.625938,0.498383,0.637132,0.596835,0.655296,0.772529,0.431647,0.687539,0.635737,0.833750,0.383796,0.513460,0.613941,0.416615,0.683066,0.638931,0.251388,0.787370,0.729107,0.426870,0.630397,0.389963,0.800277,0.746282,0.355764,0.688242,0.665821,0.709434,0.715998,0.769925,0.380048,0.640889,0.680876,0.634621,0.448730,0.705476,0.773837,0.754491,0.717839,0.809535,0.731254,0.334796,0.402089,0.839580,0.638570,0.441561,0.733770,0.676221,0.596986,0.833492,0.817224,0.558142,0.701449,0.832091,0.642140,0.680341,0.791577,0.656882,0.726008,0.683628,0.638566,0.693614,0.672249,0.647668,0.549227,0.486130,0.689952,0.482243,0.755689,0.757651,0.647106,0.635417,0.686020,0.555643,0.812475,0.729099,0.818612,0.758928,0.351166,0.588788,0.698609,0.737843,0.737787,0.748259,0.659924,0.745959,0.409588,0.598507,0.775158,0.733236,0.625373,0.552487,0.779000,0.747990,0.660537,0.684776,0.596550,0.702596,0.866673,0.639295,0.678851,0.483765,0.582865,0.516023,0.474689,0.657987,0.634710,0.827744,0.593380,0.648781,0.490177,0.797824,0.490287,0.789447,0.488055,0.624637,0.739758,0.621743
0.521885,0.648170,0.743121,0.718905,0.754624,0.817227,0.799932,0.702957,0.829045,0.808084,0.787164,0.801946,0.543030,0.744737,0.524609,0.671342,0.635267,0.691516,0.664613,0.811346,0.780876,0.533673,0.788769,0.692173,0.752194,0.771982,0.763477,0.531201,0.710091,0.523733,0.421916,0.783326,0.243540,0.526025,0.560043,0.815425,0.772511,0.707808,0.752725,0.742945,0.712450,0.475064,0.496649,0.818962,0.838940,0.785327,0.754142,0.788173,0.665996,0.832384,0.774827,0.413537,0.477517,0.202718,0.771177,0.711527,0.686174,0.714634,0.783508,0.742109,0.425382,0.807812,0.357527,0.727015,0.734556,0.649342,0.740588,0.409759,0.662338,0.617766,0.681477,0.493893,0.842090,0.807448,0.576893,0.621221,0.730790,0.706092,0.743800,0.810941,0.786380,0.765029,0.677764,0.167692,0.707486,0.824411,0.792981,0.719732,0.627029,0.733065,0.779846,0.715124,0.805207,0.688090,0.580278,0.811179,0.607803,0.512780,0.682378,0.793899,0.751663,0.814000,0.748821,0.787349,0.571398,0.759495,0.270754,0.777082,0.640258,0.805080,0.363369,0.736673,0.876056,0.858212,0.673068,0.716578,0.000000,0.838108,0.769470,0.754426,0.780047,0.703303,0.728406,0.727996,0.735966,0.629471,0.815810,0.544598,0.694364,0.809693,0.739618,0.837448,0.817562,0.727468,0.836352,0.725252,0.557096,0.701606,0.646543,0.666868,0.818979,0.385019,0.704464,0.812777,0.753710,0.416155,0.690443,0.748979,0.690188,0.833213,0.705937,0.542444,0.708234,0.719063,0.814649,0.784422,0.729584,0.795421,0.703031,0.813761,0.861698,0.713801,0.789215,0.688512,0.846172,0.522126,0.742128,0.820695,0.734471,0.708038,0.843892,0.716670,0.249775,0.795346,0.593466,0.797852,0.488893,0.820958,0.721712,0.706293,0.709779,0.754604,0.746849,0.756745,0.733781,0.446387,0.466902,0.826809,0.693938,0.834398,0.733069,0.721015,0.670787,0.814050,0.760869,0.725005,0.725954,0.680023,0.846335,0.733387,0.266241,0.337844,0.713095,0.686814,0.452695,0.799177,0.860221,0.723952,0.723943,0.655856,0.342798,0.672903,0.487016,0.659293,0.834753,0.769903,0.724775,0.377579,0.777967,0.429256,0.650027,0.776237,0.519573,0.763715,0.819505,0.780991,0.699041,0.394482,0.693771,0.847728,0.732193,0.740188,0.761083,0.806388,0.798970,0.729434,0.763034,0.833818,0.819182,0.750374,0.702699,0.739723,0.734849,0.732296,0.767621,0.586318,0.561257,0.703044,0.752977,0.753848,0.840800,0.783591,0.786829,0.824898,0.572719,0.751778,0.800643,0.788367,0.854709,0.859015,0.287002,0.571996,0.734645,0.840149,0.623487,0.746574,0.623212,0.718655,0.743220,0.836939,0.684390,0.798811,0.719958,0.851064,0.819171,0.745100,0.686159,0.722455,0.792454,0.748647,0.770815,0.784438,0.784026,0.710699,0.816835,0.767060,0.596266,0.667600,0.731768,0.606387,0.537864,0.850131,0.703300,0.869394,0.841762,0.725083,0.735782,0.854875,0.743824,0.741983,0.744713,0.794871,0.675636,0.821326,0.831454,0.744625,0.708872,0.741865,0.840859,0.845782,0.729648,0.777092,0.731844,0.749757,0.864011,0.510471,0.687227,0.730305,0.705341,0.498532,0.798552,0.791080,0.797150,0.718653,0.802279,0.395466,0.727223,0.747231,0.558754,0.698692,0.794481,0.669194,0.562209,0.742129,0.665277,0.842968,0.296875,0.814795,0.789342,0.742471,0.755849,0.561654,0.783534,0.685811,0.255255,0.752903,0.779050,0.303925,0.786291,0.914005,0.769591,0.385356,0.875887,0.795249,0.632374,0.874914,0.806061,0.784028,0.769139,0.786478,0.786153,0.693293,0.738520,0.824113,0.850170,0.747586,0.884334,0.329204,0.392104,0.662494,0.721056,0.454984,0.782412,0.758117,0.491000,0.864484,0.778909,0.749188,0.767327,0.473678,0.702931,0.762570,0.714006,0.847556,0.840582,0.785182,0.797865,0.709109,0.856660,0.732084,0.814242,0.748968,0.550511,0.724858,0.825119,0.652531,0.744675,0.824217,0.718508,0.741434,0.817081,0.803093,0.775172,0.754912,0.831970,0.866069,0.845427,0.772256,0.783819,0.886170,0.620827,0.820629,0.751907,0.730489,0.825255,0.786625,0.835723,0.793517,0.784966,0.900915,0.740519,0.813071,0.860643,0.801643,0.805728,0.719584,0.827486,0.794404,0.795017,0.413165,0.800417,0.622832,0.673392,0.835265,0.761111,0.375764,0.791089,0.846036,0.581912,0.775362,0.792908,0.802440,0.862706,0.759222,0.723207,0.828460,0.835603,0.800874,0.718250,0.780990,0.742081,0.828980,0.818427,0.705926,0.728012,0.826995,0.673440,0.383502,0.761133,0.760487,0.766072,0.764137,0.874940,0.842304,0.681284,0.751158,0.844438,0.892402,0.682589,0.783669,0.702203,0.419332,0.708242,0.862437,0.782856,0.633985,0.802955,0.805284,0.816868,0.762715,0.788993,0.379728,0.808918,0.745929,0.752617,0.841685,0.713257,0.803769,0.751646,0.898310,0.839361,0.829924,0.749668,0.824370,0.844648,0.718498,0.746668,0.808919,0.796612,0.638739,0.776615
0.522524,0.533953,0.604607,0.598368,0.632027,0.558352,0.541811,0.737905,0.490412,0.596731,0.574397,0.596992,0.663702,0.678256,0.678871,0.738583,0.668754,0.663706,0.671385,0.536285,0.549385,0.710646,0.544039,0.701695,0.656722,0.688231,0.569634,0.800363,0.711213,0.703705,0.778908,0.584838,0.775019,0.673207,0.761115,0.550137,0.652707,0.514992,0.585186,0.645069,0.576130,0.729625,0.751184,0.703335,0.502414,0.602867,0.512089,0.553235,0.713466,0.560405,0.728570,0.726758,0.690477,0.830391,0.673419,0.578749,0.685507,0.703430,0.698103,0.619046,0.744310,0.712161,0.783835,0.653569,0.666760,0.738587,0.735125,0.737878,0.581066,0.669931,0.628448,0.733162,0.543388,0.608042,0.648699,0.659224,0.744088,0.728502,0.693723,0.586241,0.632808,0.698834,0.636268,0.829746,0.769972,0.566777,0.697085,0.782898,0.579304,0.714399,0.619037,0.751243,0.643470,0.733135,0.674127,0.613512,0.730070,0.756560,0.699222,0.539596,0.661997,0.466103,0.726191,0.760560,0.744193,0.690209,0.837656,0.676005,0.831404,0.651730,0.750680,0.710996,0.586213,0.598336,0.779291,0.776594,0.838108,0.000000,0.720996,0.703584,0.737495,0.783678,0.738417,0.697951,0.662114,0.801876,0.749013,0.690792,0.622228,0.694421,0.723521,0.600225,0.644660,0.717672,0.575225,0.765907,0.649615,0.648176,0.568423,0.732826,0.639059,0.801502,0.793099,0.526804,0.819889,0.772188,0.766824,0.513584,0.585422,0.525248,0.788438,0.786733,0.775502,0.717582,0.757328,0.691906,0.665125,0.653421,0.684781,0.620456,0.557165,0.756323,0.721325,0.806567,0.676326,0.771976,0.762471,0.562948,0.749116,0.771624,0.660190,0.659400,0.827878,0.684026,0.658464,0.731278,0.692243,0.640927,0.714290,0.684437,0.779642,0.293017,0.689262,0.726844,0.775116,0.786870,0.742930,0.756777,0.773421,0.584212,0.688888,0.803822,0.632848,0.576798,0.686392,0.720164,0.758431,0.733650,0.704360,0.776692,0.820941,0.773861,0.582519,0.779089,0.721614,0.715790,0.518494,0.784988,0.726615,0.748735,0.740099,0.768856,0.732700,0.655257,0.683345,0.782648,0.817266,0.757798,0.718448,0.843202,0.633965,0.738721,0.706610,0.834861,0.740899,0.735303,0.785253,0.776402,0.758890,0.511071,0.605776,0.678313,0.739040,0.683608,0.708852,0.743939,0.691548,0.723732,0.651071,0.798132,0.727550,0.755386,0.654960,0.630902,0.787375,0.677212,0.747605,0.772716,0.646062,0.789450,0.678359,0.649845,0.684458,0.703591,0.678546,0.773279,0.590467,0.597373,0.746542,0.608136,0.806261,0.738742,0.811955,0.624387,0.708377,0.658971,0.802591,0.800344,0.574512,0.694701,0.715311,0.722434,0.838683,0.542120,0.487595,0.777060,0.735230,0.705853,0.809869,0.710524,0.556788,0.759959,0.667768,0.836946,0.626494,0.779242,0.680369,0.714266,0.777421,0.727502,0.785570,0.603320,0.660905,0.708158,0.744719,0.841714,0.670712,0.479001,0.790255,0.822114,0.728543,0.688143,0.660545,0.668301,0.787666,0.637835,0.648953,0.662083,0.720379,0.562876,0.807841,0.664697,0.740623,0.735731,0.472254,0.793721,0.708547,0.812986,0.770416,0.750797,0.763669,0.501869,0.647694,0.762706,0.415921,0.774051,0.569710,0.789388,0.817122,0.707710,0.647316,0.760269,0.750415,0.747633,0.703435,0.715859,0.810997,0.751095,0.663670,0.819999,0.791405,0.798387,0.777957,0.691838,0.845177,0.585168,0.744757,0.838190,0.722399,0.469356,0.630956,0.838955,0.704054,0.667793,0.769133,0.488904,0.483200,0.743044,0.757308,0.507072,0.619809,0.725953,0.788395,0.686709,0.531498,0.759373,0.495563,0.778843,0.845778,0.676838,0.725048,0.828716,0.824502,0.816257,0.758254,0.664877,0.741237,0.761388,0.802666,0.810522,0.789747,0.720220,0.653889,0.628024,0.783474,0.638419,0.764347,0.657355,0.542426,0.838396,0.697033,0.718320,0.731688,0.827928,0.781879,0.626799,0.686129,0.654469,0.625757,0.803839,0.673349,0.650720,0.854336,0.586713,0.769310,0.722218,0.503209,0.828626,0.684312,0.669527,0.620222,0.686663,0.657883,0.801701,0.750960,0.697373,0.686164,0.758875,0.696847,0.564530,0.664403,0.622324,0.668145,0.658800,0.778374,0.711917,0.511035,0.598008,0.742437,0.887698,0.624326,0.749054,0.686065,0.698969,0.786436,0.820666,0.418922,0.618037,0.789855,0.637364,0.634668,0.719723,0.678632,0.703473,0.643740,0.815474,0.681360,0.832897,0.720044,0.620503,0.761015,0.725231,0.742952,0.715553,0.772598,0.644014,0.862799,0.813999,0.661826,0.559028,0.591579,0.792277,0.680683,0.554893,0.691354,0.683359,0.563206,0.787885,0.630733,0.709930,0.829987,0.841302,0.706881,0.662132,0.782826,0.726715,0.659595,0.705466,0.715554,0.607908,0.710398,0.810348,0.576220,0.663601,0.802360,0.609509,0.734602,0.840194,0.622299,0.659139,0.656258,0.694128,0.675467,0.676270,0.569448,0.755152,0.605565,0.827075,0.645659,0.668890,0.556535
0.523381,0.501053,0.463230,0.563666,0.449163,0.395951,0.411849,0.422694,0.537695,0.391099,0.450464,0.448405,0.606513,0.346909,0.606310,0.458232,0.452343,0.461034,0.456186,0.647889,0.497861,0.521228,0.452100,0.349921,0.399279,0.419023,0.520342,0.515179,0.481498,0.482942,0.710398,0.515343,0.675997,0.570119,0.511473,0.413328,0.470265,0.456997,0.441850,0.388234,0.502183,0.597892,0.685333,0.696223,0.511007,0.678872,0.512336,0.542414,0.557429,0.411456,0.533321,0.660318,0.567776,0.691480,0.412837,0.682584,0.513989,0.422061,0.575444,0.536431,0.615145,0.526902,0.696858,0.545425,0.431587,0.431473,0.538579,0.557007,0.625106,0.637968,0.595265,0.622118,0.513444,0.505744,0.665102,0.639225,0.401031,0.449074,0.473622,0.478396,0.670422,0.334734,0.560195,0.703936,0.526794,0.464694,0.539674,0.461345,0.701993,0.456566,0.490491,0.362619,0.483004,0.480839,0.647505,0.438622,0.682663,0.652975,0.623767,0.434495,0.465869,0.699742,0.314193,0.485203,0.667222,0.385974,0.667511,0.428068,0.554294,0.411925,0.732288,0.536423,0.487883,0.390500,0.530367,0.582404,0.769470,0.720996,0.000000,0.405132,0.417444,0.553678,0.574184,0.677227,0.428285,0.496859,0.517417,0.519202,0.671344,0.458049,0.492189,0.519515,0.483966,0.395332,0.589876,0.440116,0.637519,0.571441,0.614631,0.467948,0.513309,0.719615,0.446693,0.497957,0.608238,0.698647,0.499332,0.657311,0.663708,0.753589,0.505524,0.693176,0.532585,0.507417,0.546311,0.487464,0.367295,0.673715,0.541851,0.563878,0.748611,0.459090,0.519754,0.524679,0.565954,0.578116,0.510126,0.680781,0.441706,0.573487,0.591332,0.583418,0.746554,0.410997,0.638201,0.485136,0.729373,0.636021,0.561199,0.655748,0.656525,0.741780,0.480198,0.538739,0.524043,0.646726,0.658971,0.448544,0.670676,0.519396,0.558177,0.480503,0.733872,0.606450,0.630820,0.472955,0.500725,0.555680,0.643939,0.592086,0.692569,0.637290,0.659866,0.483474,0.701620,0.443815,0.746211,0.527793,0.639359,0.709894,0.701954,0.607649,0.645909,0.635980,0.690555,0.558623,0.650004,0.742411,0.463915,0.676979,0.742669,0.643323,0.681771,0.538233,0.524789,0.492411,0.545718,0.810583,0.560525,0.573334,0.577741,0.610829,0.514219,0.638862,0.606222,0.498403,0.517407,0.651959,0.687045,0.578304,0.521018,0.625144,0.664791,0.584112,0.546629,0.715907,0.605138,0.530145,0.659850,0.520114,0.529939,0.637484,0.580310,0.602533,0.684609,0.556230,0.745131,0.667735,0.632912,0.727620,0.775348,0.709112,0.568094,0.512117,0.728089,0.473461,0.430130,0.600163,0.793280,0.497088,0.370173,0.434436,0.538267,0.658197,0.752554,0.575042,0.451104,0.497528,0.575983,0.447569,0.743050,0.584590,0.783040,0.517258,0.554142,0.559763,0.736500,0.447266,0.554661,0.724454,0.750617,0.698801,0.771034,0.588580,0.553067,0.525818,0.631178,0.732962,0.577687,0.593991,0.597610,0.585530,0.610354,0.508942,0.530748,0.646614,0.660340,0.644770,0.541956,0.704570,0.611631,0.356079,0.532389,0.519691,0.691853,0.707781,0.661874,0.458860,0.581009,0.738221,0.555290,0.710300,0.522746,0.442213,0.670861,0.658175,0.659342,0.532490,0.701566,0.668841,0.672692,0.768571,0.710010,0.451447,0.697505,0.588984,0.732788,0.418762,0.795640,0.583749,0.599341,0.720745,0.626098,0.661779,0.776307,0.673281,0.362233,0.755361,0.554380,0.775980,0.713434,0.672304,0.563708,0.609917,0.676884,0.747484,0.780396,0.475915,0.557229,0.748394,0.686037,0.634515,0.716776,0.389499,0.558000,0.535726,0.676161,0.751667,0.696273,0.663542,0.682385,0.725682,0.557286,0.566265,0.739395,0.598378,0.611208,0.544961,0.535015,0.741991,0.540515,0.508142,0.676014,0.469781,0.628227,0.529465,0.517259,0.712776,0.731188,0.565032,0.686019,0.541943,0.784951,0.433823,0.593158,0.746524,0.544906,0.654565,0.484720,0.556138,0.682831,0.478615,0.485885,0.583641,0.447032,0.622748,0.635689,0.530550,0.528369,0.631113,0.762283,0.622667,0.669035,0.573763,0.503628,0.569124,0.598299,0.532253,0.673411,0.778353,0.510054,0.660012,0.845812,0.522576,0.555861,0.527229,0.607121,0.686791,0.538628,0.760054,0.690847,0.726521,0.833913,0.608214,0.468309,0.715274,0.754477,0.644160,0.689017,0.716517,0.694535,0.640807,0.589493,0.427195,0.747170,0.742687,0.628111,0.635055,0.595631,0.713568,0.595369,0.781315,0.513193,0.516069,0.758796,0.647141,0.656580,0.806744,0.831488,0.723894,0.667728,0.618234,0.648089,0.707129,0.712469,0.648879,0.747691,0.613038,0.757030,0.553138,0.697915,0.754025,0.804248,0.669045,0.591337,0.722294,0.614994,0.618852,0.557847,0.700613,0.663905,0.773255,0.559003,0.637190,0.493845,0.667646,0.587519,0.662866,0.800799,0.733848,0.673357,0.610417,0.768078,0.499526,0.771821,0.559790,0.741340,0.652478,0.557267,0.776090,0.689465
0.523533,0.443939,0.368899,0.521478,0.303204,0.446087,0.425978,0.347929,0.424901,0.374845,0.468339,0.475217,0.568517,0.434135,0.512156,0.380786,0.294193,0.549872,0.281904,0.656997,0.384844,0.447758,0.268636,0.356143,0.108317,0.465342,0.403376,0.396191,0.338621,0.339399,0.651412,0.454383,0.633029,0.638415,0.348337,0.433501,0.396917,0.430372,0.452192,0.357385,0.384556,0.602694,0.646325,0.600737,0.595254,0.600627,0.411718,0.399094,0.425107,0.426548,0.474464,0.733422,0.559547,0.698590,0.365422,0.621132,0.371951,0.320107,0.580970,0.445142,0.537411,0.467035,0.673861,0.599911,0.391687,0.239931,0.397077,0.500542,0.568702,0.671311,0.599276,0.552749,0.458905,0.484454,0.630714,0.618330,0.409989,0.390145,0.415113,0.468020,0.721057,0.377715,0.459712,0.654517,0.347749,0.529585,0.524664,0.366615,0.639443,0.506820,0.477399,0.283229,0.395867,0.235481,0.668322,0.535553,0.705179,0.569073,0.486405,0.337970,0.337018,0.648043,0.282200,0.417288,0.697057,0.336267,0.647176,0.320513,0.349442,0.391614,0.781213,0.400053,0.506781,0.402843,0.328839,0.444312,0.754426,0.703584,0.405132,0.000000,0.418042,0.466413,0.418529,0.651566,0.402232,0.439242,0.448672,0.410183,0.607877,0.469307,0.318202,0.651480,0.444711,0.283631,0.465901,0.315251,0.585535,0.514481,0.683308,0.368519,0.521139,0.655086,0.376671,0.464755,0.467974,0.606532,0.473519,0.608353,0.821941,0.732290,0.355702,0.619779,0.354484,0.379916,0.304481,0.391757,0.295956,0.735686,0.501845,0.623130,0.720280,0.483387,0.432078,0.372358,0.499234,0.463250,0.368158,0.632942,0.303783,0.454910,0.490636,0.487670,0.736510,0.547575,0.531011,0.516552,0.781570,0.563928,0.380378,0.591935,0.663234,0.682146,0.555110,0.353638,0.366583,0.662146,0.527240,0.633558,0.722225,0.568114,0.417297,0.422926,0.677785,0.585024,0.552489,0.311488,0.394913,0.408966,0.726734,0.466050,0.617099,0.646052,0.660792,0.309354,0.735063,0.464475,0.721960,0.390133,0.551767,0.667318,0.737850,0.519819,0.600397,0.728924,0.697707,0.419193,0.500274,0.847191,0.410422,0.650421,0.688901,0.507631,0.554090,0.389554,0.427088,0.425340,0.421447,0.753058,0.549560,0.646708,0.568036,0.557799,0.352209,0.572912,0.524717,0.402047,0.446665,0.600675,0.627058,0.411555,0.368217,0.463761,0.659138,0.493415,0.269552,0.651009,0.529751,0.344273,0.659830,0.452572,0.408404,0.559114,0.641237,0.655850,0.610547,0.351588,0.690469,0.620203,0.525087,0.689625,0.737075,0.741862,0.453460,0.432669,0.720374,0.353297,0.422399,0.530878,0.654104,0.406226,0.368888,0.241457,0.493055,0.721024,0.772958,0.444527,0.534646,0.392146,0.454864,0.363742,0.709020,0.608224,0.781483,0.389213,0.487147,0.431826,0.714431,0.457205,0.395846,0.642915,0.606259,0.785813,0.754804,0.602271,0.524978,0.358389,0.513186,0.723720,0.461931,0.451819,0.430162,0.516009,0.493708,0.333332,0.515021,0.593213,0.588504,0.526612,0.405640,0.737340,0.377110,0.303309,0.373269,0.445098,0.717930,0.622792,0.560771,0.416837,0.425300,0.678737,0.346170,0.715962,0.571579,0.306219,0.732193,0.785948,0.637834,0.390895,0.694252,0.447717,0.723492,0.702723,0.646606,0.420849,0.563664,0.443381,0.754992,0.345592,0.769095,0.512274,0.487823,0.766109,0.502915,0.645867,0.730269,0.735857,0.331090,0.663174,0.411369,0.785776,0.795508,0.730879,0.462587,0.642396,0.652120,0.772682,0.745647,0.408164,0.511022,0.735331,0.747563,0.547244,0.642227,0.330699,0.612475,0.376646,0.703388,0.699927,0.760717,0.605543,0.609508,0.697570,0.480248,0.431799,0.824896,0.537500,0.607623,0.429361,0.444462,0.589728,0.356297,0.364414,0.710729,0.392618,0.459723,0.611720,0.460364,0.632652,0.702165,0.416380,0.703998,0.521254,0.756903,0.342202,0.506557,0.660562,0.353509,0.699914,0.459032,0.388312,0.722453,0.425473,0.291795,0.459556,0.337861,0.630195,0.650299,0.355308,0.616441,0.641955,0.722889,0.631997,0.698826,0.417913,0.534057,0.376861,0.466465,0.476840,0.659096,0.796773,0.636268,0.578564,0.813698,0.580569,0.411005,0.456031,0.633705,0.615616,0.504211,0.777743,0.742312,0.628560,0.783057,0.651545,0.364930,0.729671,0.723602,0.626824,0.644582,0.584761,0.647362,0.729874,0.641529,0.371562,0.702536,0.665064,0.621708,0.505433,0.481207,0.610533,0.549006,0.672417,0.540988,0.457144,0.666703,0.564308,0.566535,0.793384,0.726858,0.781798,0.503386,0.458731,0.649885,0.737874,0.761720,0.525149,0.776254,0.417919,0.720716,0.439583,0.553237,0.689173,0.701932,0.589026,0.544481,0.863974,0.640853,0.534967,0.590426,0.688029,0.558878,0.769922,0.562048,0.481998,0.485773,0.602352,0.518002,0.586024,0.693808,0.638663,0.658431,0.590799,0.637638,0.504392,0.776410,0.398010,0.675400,0.531569,0.467731,0.685036,0.601402
0.523682,0.422012,0.354732,0.407166,0.372235,0.373285,0.443495,0.415387,0.545394,0.315730,0.471929,0.391506,0.479401,0.339665,0.459905,0.323839,0.372908,0.546917,0.397391,0.641662,0.460399,0.534547,0.469305,0.418403,0.376587,0.370728,0.388769,0.421419,0.333741,0.479706,0.706496,0.447606,0.669969,0.594006,0.460311,0.482477,0.410680,0.416633,0.513779,0.402311,0.373222,0.644236,0.724287,0.609579,0.591030,0.651309,0.479942,0.448404,0.409457,0.452958,0.515444,0.705438,0.519672,0.755710,0.338082,0.636274,0.374885,0.412926,0.488398,0.434057,0.556116,0.423328,0.668052,0.583496,0.443415,0.377678,0.391562,0.558373,0.604559,0.700004,0.589708,0.522911,0.555104,0.439058,0.646284,0.651990,0.378876,0.363265,0.439406,0.511964,0.702263,0.428776,0.447728,0.761259,0.475041,0.554913,0.513237,0.366694,0.686203,0.404908,0.545103,0.431603,0.460216,0.424961,0.599227,0.546156,0.643914,0.518910,0.483407,0.506002,0.438409,0.646248,0.343495,0.452270,0.634503,0.358551,0.705465,0.373545,0.485728,0.505458,0.745524,0.474947,0.467111,0.376874,0.358659,0.450504,0.780047,0.737495,0.417444,0.418042,0.000000,0.495007,0.471157,0.642509,0.464436,0.466521,0.446079,0.541261,0.548518,0.446396,0.419965,0.559648,0.529408,0.099622,0.605042,0.378732,0.602844,0.542252,0.653871,0.500909,0.640938,0.767562,0.413564,0.574788,0.495536,0.717637,0.522602,0.602078,0.720000,0.679266,0.448796,0.655408,0.440175,0.468287,0.465106,0.355425,0.467320,0.688721,0.475036,0.466538,0.664977,0.467746,0.436594,0.399119,0.490332,0.584162,0.440482,0.642831,0.440870,0.495468,0.503896,0.500605,0.781397,0.370255,0.523526,0.415294,0.762679,0.545201,0.561934,0.668734,0.595879,0.733776,0.530732,0.494806,0.475397,0.747883,0.537248,0.451834,0.763004,0.520518,0.446905,0.423101,0.690792,0.644221,0.573002,0.378166,0.454188,0.514180,0.693142,0.551398,0.745450,0.714809,0.642787,0.408104,0.724303,0.529163,0.674138,0.410135,0.538421,0.623180,0.724802,0.540148,0.629699,0.662693,0.615104,0.472150,0.549806,0.788918,0.512539,0.720686,0.675260,0.604464,0.539360,0.477098,0.463556,0.483099,0.465644,0.755867,0.556096,0.598269,0.652389,0.583126,0.439034,0.559064,0.501095,0.463109,0.592114,0.564855,0.649262,0.492018,0.445377,0.559101,0.665468,0.585651,0.451866,0.677776,0.709935,0.407418,0.681712,0.488946,0.450573,0.528542,0.469776,0.612006,0.652972,0.488721,0.640557,0.618626,0.539454,0.607497,0.755483,0.647958,0.497639,0.445049,0.661048,0.415368,0.412606,0.589973,0.695605,0.476729,0.531054,0.350545,0.491707,0.616234,0.726402,0.487027,0.588202,0.453287,0.483742,0.426749,0.637588,0.615871,0.720409,0.453876,0.497674,0.537337,0.734076,0.516518,0.489430,0.676008,0.773483,0.624219,0.714981,0.532950,0.620667,0.442275,0.660288,0.712911,0.418917,0.449412,0.500450,0.652067,0.588576,0.506515,0.566381,0.623592,0.554634,0.552251,0.538391,0.637010,0.511857,0.482810,0.467319,0.368012,0.687255,0.711154,0.559882,0.430316,0.497596,0.691792,0.509543,0.744186,0.622477,0.372650,0.726753,0.740228,0.606505,0.470868,0.752758,0.564938,0.724927,0.617802,0.701929,0.465439,0.662647,0.554201,0.788186,0.391112,0.773699,0.542939,0.497779,0.771157,0.599279,0.536215,0.762480,0.586690,0.478431,0.761247,0.558356,0.730066,0.688013,0.681160,0.617045,0.548018,0.632308,0.710461,0.761837,0.455429,0.384579,0.758911,0.652126,0.567499,0.608472,0.465725,0.613567,0.489767,0.726509,0.770460,0.768581,0.574977,0.539790,0.752995,0.546888,0.488778,0.760598,0.587149,0.451046,0.506791,0.473809,0.720194,0.471901,0.589717,0.754553,0.515668,0.551300,0.620167,0.544738,0.616462,0.706526,0.470339,0.584206,0.468538,0.726291,0.411279,0.571545,0.603252,0.510162,0.567600,0.594787,0.484378,0.707966,0.603530,0.472823,0.551572,0.422479,0.675937,0.710144,0.492331,0.601043,0.605382,0.679315,0.613763,0.726943,0.468737,0.485186,0.566736,0.593491,0.493628,0.662761,0.758282,0.615677,0.632192,0.801214,0.551716,0.476852,0.420525,0.667020,0.665068,0.517686,0.802194,0.765731,0.667110,0.792521,0.629155,0.450293,0.790214,0.743630,0.555111,0.691455,0.622140,0.631225,0.619532,0.611284,0.536083,0.711983,0.689228,0.600695,0.568784,0.546536,0.627944,0.531651,0.715926,0.648537,0.591498,0.670145,0.624073,0.610713,0.848240,0.684282,0.735780,0.636133,0.499017,0.499687,0.690506,0.783070,0.707686,0.799870,0.630036,0.710754,0.477322,0.646839,0.768567,0.715200,0.540085,0.522805,0.781148,0.515029,0.560742,0.621055,0.607238,0.519310,0.799356,0.501392,0.602281,0.360271,0.571820,0.549907,0.566132,0.717286,0.608032,0.721521,0.650359,0.651042,0.590226,0.692784,0.458940,0.686003,0.487100,0.515750,0.722919,0.677574
0.525346,0.509134,0.279437,0.522027,0.327584,0.527362,0.636625,0.316339,0.599660,0.476862,0.673242,0.486379,0.618983,0.484616,0.581844,0.382211,0.371125,0.625807,0.365104,0.735539,0.531689,0.371373,0.518242,0.424710,0.446841,0.416810,0.503835,0.372690,0.350715,0.480779,0.692807,0.410962,0.639515,0.723363,0.381116,0.709380,0.561421,0.531299,0.702621,0.385379,0.420540,0.772830,0.693917,0.558611,0.750309,0.573442,0.453089,0.479933,0.381711,0.715918,0.474938,0.777515,0.718520,0.701067,0.410720,0.570575,0.411552,0.377413,0.550672,0.573881,0.666705,0.470610,0.690544,0.730083,0.494167,0.437420,0.305099,0.575106,0.703373,0.695765,0.695772,0.660753,0.612361,0.525475,0.713067,0.767196,0.511436,0.388829,0.398130,0.613020,0.721769,0.395406,0.481620,0.706139,0.129901,0.747559,0.459296,0.271269,0.720239,0.618024,0.722917,0.388808,0.473294,0.417566,0.711980,0.780974,0.730620,0.645299,0.527871,0.655865,0.379944,0.689738,0.420937,0.447946,0.688537,0.431300,0.706900,0.447259,0.319468,0.653208,0.791079,0.347187,0.631601,0.614320,0.378581,0.374502,0.703303,0.783678,0.553678,0.466413,0.495007,0.000000,0.299024,0.606674,0.606875,0.466522,0.387116,0.610175,0.675994,0.559754,0.321585,0.691088,0.619300,0.490153,0.635337,0.273815,0.627307,0.741081,0.739499,0.627580,0.755841,0.690465,0.317904,0.760109,0.398663,0.666229,0.428920,0.648120,0.840707,0.724228,0.263832,0.693513,0.317163,0.270777,0.517532,0.431709,0.643120,0.806238,0.423057,0.672630,0.767455,0.469312,0.507272,0.300053,0.590330,0.675131,0.300051,0.734478,0.396482,0.502697,0.667980,0.470823,0.715396,0.668003,0.669065,0.588212,0.784544,0.543344,0.469965,0.690068,0.445053,0.740507,0.661521,0.502514,0.255245,0.796589,0.654161,0.638834,0.880511,0.684929,0.483170,0.361699,0.749979,0.794050,0.564619,0.316168,0.393027,0.461890,0.821329,0.475389,0.704696,0.738427,0.754611,0.346947,0.827737,0.715368,0.759655,0.525719,0.568406,0.705055,0.760151,0.500624,0.628474,0.613857,0.594601,0.230332,0.443101,0.849968,0.441774,0.629448,0.729335,0.514559,0.678860,0.424798,0.399845,0.360106,0.262133,0.800291,0.580048,0.657718,0.790736,0.650834,0.362634,0.596136,0.580456,0.454334,0.718567,0.599646,0.616914,0.391719,0.296506,0.401103,0.621353,0.660919,0.473009,0.683902,0.795311,0.379989,0.611317,0.502477,0.531583,0.547921,0.669493,0.668588,0.695183,0.355072,0.707100,0.712123,0.579479,0.724603,0.776036,0.785641,0.380468,0.567792,0.777323,0.351195,0.371591,0.440105,0.672431,0.420061,0.702207,0.445395,0.511566,0.708272,0.756688,0.389530,0.744469,0.474724,0.372243,0.371987,0.793727,0.565911,0.627269,0.264619,0.672896,0.408238,0.706408,0.618911,0.424225,0.724850,0.719054,0.751109,0.834001,0.500639,0.621470,0.434439,0.680569,0.778937,0.464234,0.407881,0.401076,0.603310,0.638264,0.596243,0.409958,0.697686,0.650102,0.442287,0.415910,0.721011,0.349233,0.723687,0.418267,0.551230,0.699312,0.667876,0.576857,0.364692,0.401979,0.761746,0.534115,0.770386,0.852873,0.521280,0.769800,0.827575,0.582647,0.425918,0.747601,0.577349,0.585054,0.633982,0.729349,0.363797,0.714754,0.669791,0.729760,0.501238,0.786387,0.329703,0.363893,0.858045,0.562162,0.686237,0.742344,0.795001,0.458633,0.736531,0.397027,0.820830,0.816137,0.742539,0.671535,0.726993,0.639668,0.775141,0.823433,0.553753,0.569523,0.807848,0.767467,0.533854,0.577502,0.661532,0.829567,0.384998,0.731930,0.689225,0.755197,0.783555,0.603740,0.750356,0.434120,0.347549,0.791745,0.727630,0.743079,0.371101,0.352941,0.660692,0.281478,0.516551,0.696150,0.633211,0.575581,0.648031,0.461494,0.655995,0.677852,0.366042,0.686605,0.613477,0.814796,0.401501,0.622277,0.673705,0.384952,0.718840,0.711358,0.444529,0.794277,0.764996,0.380419,0.723561,0.427092,0.828436,0.725158,0.367953,0.790707,0.784792,0.762593,0.732493,0.769767,0.409553,0.657236,0.688483,0.622225,0.605761,0.798431,0.819041,0.802791,0.669645,0.835443,0.719566,0.390846,0.405555,0.834207,0.627541,0.410810,0.839567,0.676921,0.556048,0.869711,0.778362,0.526420,0.717630,0.822431,0.662993,0.680198,0.817986,0.611359,0.713439,0.618391,0.718592,0.652615,0.652761,0.716345,0.545332,0.504255,0.690526,0.419464,0.683923,0.771418,0.715721,0.592432,0.685052,0.472439,0.813687,0.716872,0.809553,0.685474,0.350568,0.654678,0.744603,0.848730,0.727527,0.806241,0.599437,0.778236,0.437395,0.632514,0.692868,0.752904,0.697520,0.437933,0.806831,0.641284,0.717907,0.691502,0.587561,0.630927,0.835279,0.680123,0.646631,0.461552,0.491530,0.484282,0.347301,0.739814,0.640478,0.810226,0.632616,0.619884,0.636371,0.818469,0.502941,0.745984,0.442658,0.565054,0.753887,0.534419
0.525462,0.460514,0.294659,0.524275,0.296235,0.496766,0.627695,0.306496,0.652236,0.438456,0.647572,0.471745,0.587845,0.425374,0.534385,0.335017,0.267602,0.596672,0.266316,0.701059,0.527048,0.394480,0.524412,0.409766,0.447647,0.441644,0.472602,0.292903,0.251662,0.415648,0.698703,0.385037,0.628314,0.664438,0.341826,0.699787,0.551295,0.469994,0.686013,0.334577,0.244629,0.733150,0.594873,0.630528,0.795010,0.551992,0.382763,0.369154,0.313549,0.684865,0.426898,0.736108,0.649808,0.678952,0.361627,0.431161,0.310125,0.319160,0.543696,0.600721,0.567755,0.440541,0.616838,0.705778,0.474561,0.378034,0.222159,0.511769,0.594866,0.669527,0.701476,0.606656,0.662065,0.425489,0.699922,0.732754,0.481368,0.330848,0.324843,0.598292,0.793630,0.384810,0.431068,0.668855,0.251373,0.752211,0.420472,0.222681,0.652004,0.622291,0.700780,0.314046,0.359543,0.358438,0.720953,0.741943,0.742083,0.615800,0.507887,0.602368,0.327129,0.653010,0.292499,0.326978,0.667734,0.374904,0.665774,0.339949,0.296818,0.701147,0.815978,0.242228,0.621660,0.520623,0.258912,0.329303,0.728406,0.738417,0.574184,0.418529,0.471157,0.299024,0.000000,0.623847,0.492246,0.430021,0.315006,0.524278,0.593991,0.502478,0.219645,0.644560,0.659273,0.406651,0.619520,0.220090,0.525715,0.724478,0.694083,0.545314,0.749136,0.686287,0.271018,0.669087,0.416170,0.645543,0.410886,0.534614,0.830940,0.690303,0.200638,0.646937,0.222930,0.218006,0.498017,0.467704,0.535663,0.823459,0.435856,0.647539,0.746608,0.437527,0.463944,0.236608,0.642667,0.615724,0.239434,0.771488,0.293868,0.510701,0.657318,0.325285,0.709929,0.666195,0.625627,0.553641,0.777764,0.512394,0.389713,0.708152,0.585725,0.682292,0.602293,0.440194,0.227637,0.727950,0.577692,0.615555,0.847522,0.730884,0.331143,0.319035,0.739039,0.838781,0.464268,0.281076,0.289121,0.437365,0.802561,0.507052,0.670995,0.711350,0.760233,0.253579,0.807952,0.644131,0.694410,0.469249,0.537875,0.673823,0.732465,0.520407,0.562157,0.577021,0.590227,0.235559,0.453204,0.850362,0.478966,0.600938,0.747001,0.451342,0.619435,0.372934,0.371776,0.381738,0.241986,0.778204,0.495270,0.664520,0.830578,0.639282,0.245992,0.493231,0.481392,0.388936,0.695777,0.600511,0.608079,0.346424,0.195099,0.364072,0.708921,0.529599,0.422689,0.685545,0.689154,0.262804,0.696624,0.385031,0.499245,0.529040,0.622286,0.582463,0.680748,0.276645,0.709295,0.665379,0.425750,0.643039,0.755919,0.741343,0.348338,0.436453,0.754371,0.228922,0.347995,0.485768,0.598190,0.421431,0.611262,0.387379,0.433576,0.689454,0.680687,0.359707,0.703233,0.429107,0.323555,0.221694,0.794253,0.580491,0.566831,0.245515,0.575047,0.317050,0.711226,0.446495,0.391931,0.701047,0.661826,0.672127,0.783728,0.541577,0.589470,0.370429,0.679273,0.730590,0.402074,0.395200,0.416144,0.553803,0.567978,0.530184,0.529160,0.735863,0.578863,0.439867,0.389256,0.698954,0.267971,0.614502,0.378964,0.553329,0.723764,0.619780,0.518721,0.314849,0.281980,0.667301,0.519165,0.779054,0.742558,0.476542,0.720433,0.808132,0.543899,0.288350,0.745457,0.527319,0.643082,0.648320,0.731416,0.274759,0.628597,0.606697,0.708304,0.438621,0.734211,0.363722,0.303680,0.853849,0.611424,0.643549,0.747791,0.780871,0.384689,0.684088,0.277388,0.854630,0.811566,0.763513,0.732660,0.647043,0.538912,0.730595,0.839112,0.470221,0.579613,0.798166,0.755367,0.422612,0.610125,0.579101,0.766093,0.251012,0.691361,0.665894,0.711199,0.728515,0.606914,0.723975,0.406414,0.244970,0.846468,0.686815,0.680562,0.266707,0.334583,0.650932,0.216888,0.501477,0.742850,0.586210,0.504122,0.661776,0.438073,0.587944,0.747493,0.174442,0.650747,0.528328,0.799054,0.309204,0.641970,0.516101,0.319614,0.667055,0.643408,0.392024,0.736609,0.665134,0.370833,0.543112,0.344522,0.806789,0.662195,0.309358,0.772178,0.791093,0.693274,0.840743,0.798279,0.315498,0.657563,0.734515,0.601338,0.531997,0.756157,0.813172,0.821149,0.657369,0.812509,0.766269,0.284547,0.305685,0.864995,0.618700,0.205129,0.773458,0.671169,0.545559,0.805876,0.715196,0.517640,0.689397,0.794778,0.620375,0.673991,0.793572,0.512859,0.801348,0.624879,0.674234,0.629736,0.671160,0.627096,0.517962,0.370246,0.683587,0.439860,0.750103,0.686403,0.627994,0.587470,0.554645,0.453166,0.851262,0.715786,0.810200,0.685300,0.327799,0.593804,0.720140,0.842627,0.689223,0.774361,0.675677,0.736090,0.278826,0.485268,0.736078,0.717693,0.597749,0.441710,0.862219,0.691980,0.647562,0.702286,0.517274,0.719516,0.752202,0.619323,0.616432,0.433900,0.469565,0.491007,0.300466,0.675713,0.504070,0.783439,0.661571,0.593058,0.558511,0.751761,0.461094,0.721294,0.385393,0.517043,0.706141,0.488070
0.525555,0.547139,0.623133,0.633686,0.648409,0.683927,0.702174,0.651036,0.513756,0.661056,0.703826,0.668636,0.469188,0.673469,0.502671,0.592774,0.618136,0.710414,0.601218,0.696466,0.572116,0.674735,0.541316,0.678178,0.584479,0.660235,0.587197,0.630998,0.606325,0.548712,0.732070,0.599135,0.663516,0.561713,0.562250,0.659434,0.628545,0.655487,0.741712,0.639532,0.523819,0.741575,0.745380,0.659710,0.623692,0.531126,0.653661,0.572676,0.591811,0.712167,0.632438,0.754132,0.575472,0.725622,0.672870,0.474754,0.656107,0.688997,0.697572,0.616424,0.567372,0.701457,0.702821,0.755804,0.601680,0.627290,0.683112,0.550931,0.504661,0.710574,0.525374,0.579551,0.665659,0.648882,0.575071,0.618202,0.665937,0.617438,0.622491,0.694689,0.746125,0.713458,0.670680,0.687980,0.631326,0.689205,0.718729,0.656516,0.638304,0.748156,0.677111,0.704586,0.704762,0.610257,0.622433,0.712719,0.657744,0.550470,0.702138,0.647117,0.619731,0.614218,0.703616,0.687804,0.566318,0.639255,0.717697,0.694864,0.614777,0.642718,0.794621,0.632649,0.691511,0.733252,0.659343,0.757987,0.727996,0.697951,0.677227,0.651566,0.642509,0.606674,0.623847,0.000000,0.622374,0.647512,0.662085,0.634133,0.689682,0.694866,0.722935,0.771433,0.675325,0.608793,0.571793,0.661593,0.640529,0.678584,0.724085,0.593619,0.589718,0.633860,0.744083,0.680186,0.731056,0.648002,0.677511,0.607121,0.705381,0.621689,0.691931,0.589415,0.734733,0.639583,0.622174,0.657402,0.774109,0.664441,0.588615,0.708150,0.740344,0.761764,0.597505,0.674935,0.671808,0.628125,0.609664,0.556042,0.729522,0.611555,0.717593,0.674073,0.728037,0.765968,0.531099,0.741433,0.695089,0.765891,0.704448,0.717130,0.642106,0.644569,0.715838,0.639726,0.681892,0.782870,0.577858,0.688745,0.712425,0.689398,0.652606,0.756489,0.581274,0.575461,0.716418,0.618823,0.687553,0.592613,0.851150,0.635459,0.692752,0.734085,0.563924,0.663606,0.739262,0.731585,0.715302,0.606685,0.534003,0.794301,0.741846,0.582729,0.573973,0.649600,0.747745,0.632299,0.605343,0.731906,0.696349,0.710308,0.648819,0.734758,0.560442,0.726822,0.706797,0.610846,0.700606,0.684695,0.728571,0.574574,0.600120,0.630844,0.700492,0.672030,0.689589,0.547303,0.682829,0.677779,0.771941,0.665426,0.719041,0.602854,0.596882,0.556337,0.729777,0.622609,0.786054,0.738441,0.555321,0.793434,0.593414,0.640191,0.725499,0.753471,0.573698,0.641456,0.653918,0.700310,0.675897,0.673653,0.731604,0.620912,0.706090,0.666595,0.711203,0.644924,0.740457,0.726832,0.623546,0.652193,0.771778,0.694452,0.787751,0.758244,0.689790,0.697588,0.618280,0.610595,0.727987,0.733778,0.645268,0.711931,0.511634,0.697436,0.648738,0.708374,0.642192,0.773195,0.731280,0.585210,0.720865,0.727811,0.645955,0.645677,0.715723,0.667606,0.564019,0.687093,0.792452,0.703004,0.667783,0.347810,0.564596,0.773977,0.683906,0.501910,0.655671,0.667629,0.677930,0.735520,0.716336,0.707111,0.670893,0.619320,0.683643,0.689050,0.689735,0.764789,0.587134,0.650898,0.724328,0.640278,0.895324,0.668410,0.690570,0.766585,0.637380,0.772048,0.755321,0.554980,0.700440,0.635237,0.719741,0.702254,0.748586,0.755483,0.719353,0.743147,0.760942,0.694007,0.643839,0.847328,0.703348,0.591256,0.715101,0.711203,0.762768,0.750689,0.633525,0.696753,0.823008,0.779382,0.569193,0.771596,0.659479,0.773822,0.739218,0.760020,0.577393,0.758272,0.730053,0.671664,0.658901,0.784966,0.706140,0.719923,0.676783,0.709662,0.719122,0.622987,0.735709,0.789776,0.641780,0.689244,0.803465,0.634461,0.667911,0.759466,0.705215,0.721990,0.705173,0.801161,0.636183,0.731972,0.727885,0.706524,0.717663,0.548598,0.672020,0.650026,0.638367,0.739820,0.622177,0.774280,0.781929,0.567561,0.703958,0.771066,0.706594,0.749519,0.790196,0.706586,0.659508,0.603779,0.711762,0.761196,0.796906,0.690880,0.866208,0.652034,0.687988,0.747596,0.561516,0.726479,0.741438,0.545248,0.544008,0.831782,0.740809,0.766801,0.793019,0.655666,0.780557,0.581698,0.698443,0.678906,0.586475,0.678743,0.607534,0.783184,0.729754,0.565599,0.806831,0.789124,0.679707,0.748331,0.788412,0.789608,0.549206,0.591534,0.721643,0.695484,0.679144,0.616662,0.628682,0.580591,0.682072,0.671340,0.658228,0.667254,0.706594,0.789159,0.799612,0.802138,0.627946,0.600438,0.638923,0.778607,0.644299,0.690787,0.688804,0.599122,0.640529,0.752034,0.831346,0.764520,0.775866,0.705541,0.621623,0.661486,0.711794,0.745769,0.636938,0.649267,0.720870,0.738113,0.572346,0.608593,0.670921,0.627330,0.585658,0.767119,0.732972,0.565021,0.679648,0.660131,0.572974,0.671129,0.629143,0.670100,0.687037,0.749001,0.577621,0.844625,0.811946,0.626539,0.561912,0.708318,0.627595,0.630693,0.568055
0.525923,0.446932,0.515235,0.556887,0.444085,0.450458,0.495606,0.502166,0.512812,0.487986,0.517335,0.502971,0.478847,0.456762,0.467066,0.440631,0.323091,0.513501,0.318252,0.662418,0.411396,0.500539,0.366564,0.465975,0.423662,0.536058,0.457747,0.475547,0.453228,0.438047,0.662534,0.465088,0.571783,0.524532,0.414692,0.499529,0.360809,0.447989,0.505870,0.406972,0.402129,0.655444,0.640918,0.681490,0.603027,0.621066,0.443554,0.465080,0.493629,0.479559,0.567915,0.617543,0.455327,0.660273,0.451150,0.542009,0.441161,0.434896,0.568711,0.529662,0.527352,0.512244,0.590603,0.627780,0.453523,0.303275,0.533522,0.537275,0.537066,0.634494,0.582566,0.509596,0.563812,0.530126,0.491400,0.516752,0.425526,0.383384,0.483972,0.612098,0.670322,0.482598,0.459526,0.619483,0.527088,0.519236,0.591844,0.470810,0.559740,0.568287,0.517798,0.459706,0.506593,0.343147,0.571925,0.505661,0.639702,0.529459,0.578278,0.430231,0.412668,0.576779,0.338411,0.494304,0.604161,0.418531,0.623986,0.415194,0.442393,0.574840,0.678760,0.476228,0.572767,0.415349,0.472594,0.575679,0.735966,0.662114,0.428285,0.402232,0.464436,0.606875,0.492246,0.622374,0.000000,0.508579,0.575795,0.275979,0.557460,0.399452,0.476388,0.622401,0.583970,0.362583,0.500196,0.420497,0.568205,0.595659,0.575875,0.176490,0.541388,0.547714,0.534910,0.462853,0.599663,0.500821,0.519859,0.507126,0.650027,0.679721,0.500848,0.583104,0.527233,0.495899,0.600890,0.437622,0.417839,0.691509,0.479428,0.623826,0.699923,0.538449,0.517520,0.518424,0.601751,0.359642,0.449153,0.625564,0.433321,0.477443,0.523998,0.520299,0.706681,0.568130,0.597918,0.618573,0.684242,0.575462,0.432761,0.628817,0.682313,0.647698,0.523988,0.411229,0.537130,0.615596,0.523906,0.551698,0.730918,0.602685,0.462610,0.574551,0.577952,0.632944,0.667276,0.386883,0.467600,0.417056,0.707130,0.501350,0.608786,0.600922,0.649208,0.435842,0.685579,0.553177,0.705017,0.485318,0.477197,0.713746,0.631669,0.550486,0.553154,0.639199,0.705916,0.522081,0.543187,0.723830,0.576358,0.599939,0.603475,0.583482,0.562140,0.568234,0.543808,0.465547,0.561515,0.694950,0.549560,0.620074,0.659261,0.597146,0.496192,0.641127,0.609064,0.485188,0.542176,0.650428,0.671078,0.556591,0.486277,0.492731,0.635109,0.492198,0.566306,0.612037,0.611952,0.504559,0.714808,0.523262,0.459200,0.458794,0.615800,0.666914,0.569308,0.487601,0.670200,0.637400,0.563140,0.693398,0.670501,0.609075,0.596672,0.520266,0.713393,0.489074,0.536015,0.614424,0.656025,0.489638,0.449998,0.350838,0.631000,0.649949,0.652595,0.609851,0.627101,0.427733,0.538747,0.445824,0.723777,0.516640,0.732720,0.533887,0.435706,0.587748,0.660283,0.395363,0.539574,0.597410,0.625060,0.728822,0.615924,0.594738,0.533439,0.434427,0.503480,0.680779,0.598520,0.545076,0.506636,0.556358,0.504045,0.493792,0.578280,0.589769,0.582931,0.609699,0.452972,0.614909,0.547051,0.392540,0.484847,0.476111,0.624850,0.581402,0.673994,0.557824,0.511698,0.558163,0.457797,0.719395,0.596698,0.397484,0.657853,0.696847,0.542422,0.517984,0.636937,0.597979,0.626941,0.685116,0.631859,0.465408,0.648959,0.542904,0.657995,0.381663,0.778728,0.669199,0.590805,0.733245,0.617350,0.599384,0.711212,0.664897,0.463232,0.675784,0.459769,0.737978,0.774859,0.708311,0.663128,0.576663,0.591148,0.679281,0.754324,0.552710,0.573098,0.705967,0.686974,0.544021,0.626766,0.421208,0.571797,0.509837,0.613577,0.661651,0.629022,0.614269,0.610219,0.669334,0.528588,0.518118,0.711391,0.510530,0.574394,0.521147,0.570115,0.635745,0.514322,0.591569,0.655906,0.508894,0.582062,0.537642,0.559849,0.694716,0.775995,0.539405,0.702306,0.519305,0.709817,0.502078,0.677294,0.661869,0.536203,0.615842,0.446870,0.585271,0.652159,0.486527,0.439813,0.434174,0.414603,0.697354,0.638065,0.483750,0.678307,0.626064,0.626259,0.710721,0.614222,0.578904,0.575988,0.634626,0.589261,0.628815,0.694188,0.728373,0.677390,0.582153,0.792369,0.628662,0.588295,0.472958,0.668233,0.599513,0.527864,0.677221,0.608630,0.649044,0.782149,0.632929,0.332761,0.695203,0.684146,0.623741,0.576930,0.648287,0.589690,0.726258,0.603250,0.520919,0.605234,0.673412,0.654163,0.567198,0.495264,0.681554,0.624810,0.790964,0.518192,0.540751,0.661378,0.586076,0.595117,0.742973,0.744162,0.734485,0.668481,0.568573,0.590240,0.658290,0.724370,0.632668,0.697523,0.666655,0.671566,0.428860,0.584253,0.697411,0.644281,0.643996,0.588526,0.743860,0.649235,0.607121,0.576448,0.641490,0.655356,0.712860,0.554859,0.570285,0.456884,0.576593,0.508003,0.636867,0.723744,0.663441,0.640020,0.673259,0.689396,0.502220,0.651374,0.477394,0.681410,0.622823,0.368543,0.615559,0.491456
0.526011,0.479340,0.445347,0.544174,0.443888,0.544566,0.615810,0.451591,0.686012,0.479903,0.658580,0.598825,0.518092,0.500493,0.483393,0.326871,0.408292,0.614218,0.406446,0.762236,0.526217,0.496143,0.561739,0.482503,0.464226,0.542933,0.446157,0.326651,0.476860,0.397020,0.643788,0.528475,0.501200,0.615906,0.342010,0.646106,0.540587,0.434641,0.673144,0.415255,0.449789,0.617569,0.656243,0.670233,0.772022,0.633093,0.486891,0.537672,0.484363,0.625577,0.563341,0.631503,0.543892,0.565493,0.452945,0.655306,0.481493,0.449450,0.563884,0.637756,0.492263,0.579053,0.560435,0.624995,0.570810,0.332851,0.449520,0.431531,0.589902,0.671807,0.690592,0.555727,0.619968,0.569502,0.657230,0.675719,0.469625,0.467125,0.435703,0.657549,0.805236,0.439507,0.471297,0.585332,0.417853,0.703395,0.504001,0.451997,0.692247,0.561437,0.647217,0.414395,0.476572,0.367529,0.633022,0.668690,0.656696,0.561509,0.564703,0.637074,0.438269,0.692756,0.413352,0.506138,0.596326,0.473715,0.575430,0.444225,0.386245,0.642804,0.672407,0.406805,0.575348,0.527244,0.415721,0.497210,0.629471,0.801876,0.496859,0.439242,0.466521,0.466522,0.430021,0.647512,0.508579,0.000000,0.477187,0.449863,0.664605,0.522692,0.457027,0.657218,0.618074,0.413075,0.732810,0.439539,0.531694,0.641584,0.649320,0.451923,0.734502,0.531835,0.439219,0.679126,0.546432,0.511283,0.505056,0.633757,0.755039,0.758455,0.428713,0.532124,0.442703,0.448824,0.534254,0.472864,0.572342,0.789813,0.516456,0.597823,0.783980,0.525900,0.498516,0.417913,0.656551,0.464277,0.484001,0.799009,0.440184,0.473966,0.647668,0.473625,0.608339,0.545014,0.530093,0.552166,0.724817,0.521878,0.540529,0.608582,0.636863,0.732582,0.636969,0.512993,0.458027,0.660081,0.559728,0.647731,0.729133,0.707664,0.519103,0.290147,0.676040,0.721575,0.619386,0.390599,0.439595,0.334077,0.769443,0.603526,0.586389,0.580366,0.729409,0.374025,0.679559,0.651754,0.811132,0.438669,0.658774,0.660617,0.614609,0.483035,0.518410,0.603203,0.666152,0.464204,0.516003,0.702012,0.508111,0.470604,0.720834,0.644400,0.574549,0.388736,0.490134,0.500249,0.464270,0.647297,0.513853,0.547869,0.707985,0.669534,0.451028,0.549119,0.595766,0.480580,0.675407,0.693481,0.729902,0.467290,0.442405,0.489655,0.759880,0.575370,0.470842,0.645722,0.662515,0.438483,0.751410,0.497613,0.557138,0.607703,0.669702,0.637369,0.620378,0.500023,0.775107,0.625878,0.574254,0.722861,0.624168,0.661856,0.449204,0.577824,0.644566,0.431374,0.399112,0.555220,0.733708,0.408188,0.568692,0.403277,0.533082,0.759075,0.797417,0.477687,0.585455,0.490740,0.492708,0.423662,0.716715,0.689034,0.709462,0.484217,0.629634,0.503664,0.728953,0.487000,0.447012,0.654149,0.706395,0.701215,0.731908,0.549263,0.658265,0.378285,0.642511,0.818271,0.536793,0.522927,0.555268,0.630198,0.494771,0.574549,0.591191,0.664792,0.582925,0.601676,0.404873,0.719512,0.416844,0.572276,0.462784,0.589771,0.758063,0.516054,0.551448,0.281492,0.521124,0.601739,0.505386,0.764372,0.687670,0.512950,0.766194,0.654227,0.625814,0.456248,0.686180,0.561790,0.813238,0.636968,0.541515,0.472124,0.657157,0.621447,0.553186,0.448520,0.828220,0.568190,0.556818,0.681542,0.579887,0.651487,0.654697,0.697283,0.452297,0.630931,0.502273,0.802823,0.802052,0.617315,0.687370,0.718984,0.507674,0.792137,0.818001,0.505929,0.541015,0.784087,0.705578,0.539584,0.609416,0.578416,0.731142,0.460990,0.801274,0.607144,0.524957,0.620319,0.576816,0.651002,0.503318,0.458066,0.759965,0.707909,0.649675,0.442729,0.438135,0.552950,0.441724,0.534639,0.829131,0.561381,0.561173,0.631207,0.576956,0.648193,0.779089,0.425879,0.740307,0.597457,0.702514,0.262179,0.628793,0.652476,0.479845,0.743608,0.672776,0.499855,0.755470,0.684733,0.359550,0.539676,0.362799,0.741224,0.695923,0.359097,0.671354,0.723366,0.614269,0.706508,0.795382,0.460780,0.636709,0.691594,0.633104,0.525885,0.679143,0.842026,0.700950,0.658843,0.871768,0.685773,0.441667,0.465750,0.740142,0.703517,0.460619,0.651706,0.829392,0.590622,0.808885,0.680252,0.442089,0.622165,0.786645,0.662269,0.561617,0.708956,0.640847,0.745992,0.696876,0.633316,0.705113,0.632597,0.721399,0.595103,0.504063,0.672124,0.551778,0.803718,0.699452,0.569991,0.628198,0.616702,0.503388,0.706825,0.752851,0.766497,0.689269,0.528262,0.702091,0.821204,0.742320,0.618179,0.835877,0.742473,0.737133,0.485504,0.519289,0.610151,0.697753,0.638016,0.600246,0.747076,0.668921,0.617679,0.720066,0.728796,0.711674,0.658377,0.590959,0.478366,0.516901,0.699446,0.503820,0.494195,0.726717,0.649599,0.788036,0.755085,0.690370,0.671614,0.824921,0.342093,0.732878,0.529383,0.584724,0.685724,0.659930
0.526013,0.457344,0.303356,0.505727,0.359935,0.477687,0.538364,0.382911,0.563405,0.415736,0.565350,0.443163,0.654672,0.463996,0.599949,0.421768,0.427712,0.505829,0.382110,0.684051,0.547594,0.468821,0.495661,0.451390,0.447347,0.418397,0.523633,0.418175,0.385426,0.506183,0.694009,0.458188,0.714005,0.691038,0.466791,0.672317,0.571271,0.533427,0.640795,0.357911,0.423671,0.723252,0.760006,0.532983,0.725261,0.680900,0.372577,0.490739,0.456661,0.611667,0.455724,0.745699,0.702459,0.767507,0.351241,0.626006,0.426572,0.394986,0.562039,0.520977,0.670244,0.461456,0.709124,0.601536,0.467586,0.464188,0.321869,0.583455,0.726400,0.629470,0.708867,0.684854,0.574598,0.389451,0.766525,0.761380,0.462594,0.400439,0.409492,0.564160,0.667196,0.329219,0.529395,0.769051,0.402042,0.716470,0.359154,0.337691,0.778011,0.589838,0.662305,0.439053,0.374924,0.404454,0.758414,0.716288,0.762450,0.706717,0.559767,0.607251,0.337700,0.717300,0.398374,0.416721,0.666979,0.408837,0.776259,0.368447,0.391517,0.618101,0.784432,0.406229,0.580206,0.536755,0.389971,0.443425,0.815810,0.749013,0.517417,0.448672,0.446079,0.387116,0.315006,0.662085,0.575795,0.477187,0.000000,0.622344,0.589902,0.567452,0.373493,0.521905,0.566948,0.458729,0.685817,0.342189,0.619243,0.716535,0.677143,0.616706,0.746110,0.742978,0.316120,0.626267,0.462262,0.778420,0.332620,0.679901,0.824188,0.710199,0.362491,0.689001,0.392756,0.397566,0.492872,0.476892,0.573538,0.746384,0.526694,0.651924,0.741426,0.436768,0.502074,0.368186,0.614333,0.700243,0.382327,0.778002,0.409701,0.578674,0.653702,0.521392,0.811787,0.603362,0.663237,0.517003,0.830196,0.581256,0.539538,0.690932,0.558802,0.764782,0.471519,0.496262,0.378738,0.756345,0.693932,0.548235,0.813539,0.703699,0.485156,0.362240,0.796018,0.729417,0.481142,0.382275,0.432566,0.524520,0.733269,0.519006,0.795914,0.754801,0.668830,0.389993,0.785329,0.624424,0.745917,0.508315,0.629503,0.590281,0.791728,0.595063,0.674335,0.611079,0.428949,0.376113,0.495992,0.860029,0.473724,0.708895,0.812241,0.602265,0.714206,0.417024,0.430593,0.429465,0.360115,0.841422,0.619629,0.628122,0.770863,0.640620,0.366964,0.526971,0.541815,0.461311,0.617480,0.617554,0.507590,0.391837,0.384664,0.470430,0.640194,0.692388,0.468484,0.754498,0.768068,0.416981,0.609670,0.413773,0.546199,0.629751,0.551400,0.511905,0.755807,0.352460,0.720958,0.689939,0.590231,0.662826,0.801639,0.823960,0.420445,0.442076,0.738678,0.379992,0.351601,0.499179,0.689440,0.418469,0.574935,0.456113,0.487603,0.733794,0.794634,0.398375,0.622514,0.545147,0.422533,0.305966,0.814659,0.596859,0.711660,0.378609,0.621017,0.444525,0.802065,0.555479,0.497684,0.749238,0.718945,0.670037,0.839305,0.491167,0.528623,0.485558,0.733819,0.746183,0.473278,0.444404,0.525348,0.600059,0.675253,0.556005,0.497153,0.782114,0.677096,0.407918,0.473914,0.718574,0.409110,0.655306,0.462965,0.528137,0.772655,0.748816,0.596016,0.331945,0.465658,0.822126,0.558156,0.783265,0.705645,0.494126,0.764697,0.809313,0.611734,0.404391,0.782633,0.631829,0.670661,0.725940,0.755311,0.386762,0.607094,0.538595,0.794376,0.488361,0.744905,0.489870,0.450485,0.745018,0.640461,0.701139,0.860906,0.765037,0.419385,0.769724,0.463370,0.801504,0.790384,0.725732,0.663829,0.580022,0.661813,0.753158,0.789773,0.504810,0.577225,0.762564,0.668470,0.573879,0.621050,0.583688,0.746938,0.447030,0.759655,0.770557,0.791108,0.755962,0.604692,0.705452,0.444986,0.396297,0.793556,0.669858,0.664287,0.397667,0.384637,0.682937,0.396229,0.496182,0.714151,0.603476,0.503581,0.665973,0.499304,0.651161,0.662875,0.329702,0.655778,0.507271,0.779594,0.398616,0.575416,0.705469,0.376693,0.570579,0.700432,0.507739,0.691663,0.707153,0.408894,0.730473,0.409298,0.666642,0.623808,0.366651,0.705565,0.692141,0.738299,0.738354,0.792599,0.405694,0.614048,0.695132,0.628908,0.538490,0.745707,0.804605,0.753742,0.639632,0.811068,0.733579,0.376529,0.451442,0.794293,0.647522,0.452244,0.843203,0.696983,0.597616,0.812827,0.638975,0.569129,0.766809,0.744613,0.575254,0.681202,0.765055,0.610928,0.733841,0.578754,0.677550,0.722123,0.658064,0.671394,0.530090,0.570348,0.672204,0.481071,0.722792,0.604104,0.578824,0.646410,0.701606,0.547870,0.856594,0.722259,0.771085,0.663651,0.373322,0.562609,0.742972,0.832106,0.698569,0.783507,0.672171,0.816384,0.463092,0.617734,0.730416,0.799337,0.726396,0.502047,0.783385,0.619040,0.757938,0.667019,0.634041,0.670605,0.835163,0.572236,0.677971,0.478826,0.513284,0.616597,0.455266,0.712387,0.627355,0.756764,0.653874,0.690462,0.573681,0.754767,0.533929,0.732354,0.515447,0.604836,0.811138,0.646958
0.526197,0.477684,0.561896,0.635000,0.513278,0.547932,0.533907,0.528876,0.528239,0.532717,0.549461,0.598008,0.423911,0.540448,0.395688,0.497920,0.318035,0.633214,0.312104,0.660254,0.414099,0.490590,0.378725,0.516616,0.446883,0.604117,0.462283,0.452216,0.497173,0.357306,0.543796,0.509229,0.438530,0.481284,0.347590,0.531093,0.336330,0.509707,0.518978,0.526032,0.438532,0.500209,0.537099,0.695612,0.608744,0.561291,0.553921,0.531492,0.529362,0.532491,0.573801,0.495515,0.359481,0.530112,0.502185,0.481130,0.488566,0.477045,0.554533,0.504151,0.423906,0.575553,0.496856,0.606364,0.517858,0.252567,0.569544,0.388870,0.514815,0.554704,0.531657,0.453606,0.557050,0.653586,0.469754,0.452713,0.455168,0.404918,0.544015,0.626633,0.717486,0.578733,0.526690,0.469305,0.536962,0.562840,0.705642,0.470862,0.521977,0.556913,0.529362,0.472467,0.637373,0.294402,0.525610,0.577662,0.609730,0.460871,0.618866,0.445707,0.429987,0.542475,0.420205,0.541220,0.533885,0.505554,0.432630,0.461292,0.407608,0.551871,0.580148,0.500433,0.641921,0.522849,0.491123,0.609784,0.544598,0.690792,0.519202,0.410183,0.541261,0.610175,0.524278,0.634133,0.275979,0.449863,0.622344,0.000000,0.564061,0.504489,0.501808,0.698227,0.627528,0.441317,0.443874,0.428151,0.518217,0.561597,0.609480,0.194395,0.574328,0.406387,0.568413,0.457742,0.670139,0.349838,0.569090,0.543764,0.642046,0.637792,0.501528,0.471829,0.532948,0.529184,0.628796,0.512087,0.453864,0.658003,0.507768,0.620862,0.750410,0.579292,0.546760,0.501695,0.622781,0.078566,0.458006,0.581397,0.464173,0.433160,0.522343,0.512166,0.537668,0.657947,0.503964,0.603768,0.584407,0.582786,0.412119,0.559191,0.705984,0.622934,0.650756,0.417561,0.557781,0.479807,0.435369,0.621637,0.663622,0.612727,0.481384,0.560932,0.515535,0.630386,0.683058,0.382209,0.505001,0.333471,0.729392,0.486204,0.438248,0.441504,0.599998,0.444190,0.593002,0.560758,0.777855,0.432874,0.491595,0.630155,0.500145,0.462768,0.455817,0.603872,0.780019,0.533292,0.473357,0.659373,0.571765,0.457388,0.574575,0.544671,0.455841,0.542669,0.616907,0.487842,0.557041,0.566884,0.505571,0.674111,0.589441,0.585034,0.565691,0.662074,0.651790,0.456231,0.523012,0.700956,0.766755,0.568703,0.511182,0.412328,0.627943,0.498307,0.587107,0.486702,0.482896,0.514872,0.650780,0.592581,0.548918,0.487445,0.653838,0.716742,0.433435,0.533918,0.707781,0.676508,0.681486,0.717604,0.514062,0.529999,0.602878,0.634270,0.637835,0.526884,0.527682,0.652750,0.582968,0.585724,0.432189,0.402264,0.671924,0.709431,0.723874,0.604468,0.564937,0.435310,0.560227,0.504521,0.677226,0.589429,0.680954,0.536450,0.501045,0.617705,0.553544,0.453996,0.510126,0.503784,0.539168,0.800511,0.527464,0.696900,0.573057,0.511897,0.439413,0.730832,0.609920,0.602197,0.505407,0.545777,0.458026,0.554512,0.601285,0.513731,0.583238,0.617262,0.465914,0.691186,0.538542,0.445028,0.464449,0.500131,0.611385,0.455420,0.638372,0.535647,0.507427,0.432853,0.417794,0.650032,0.567308,0.365421,0.658575,0.566452,0.479222,0.568077,0.562921,0.525145,0.648334,0.578790,0.455474,0.557521,0.549219,0.565487,0.535381,0.479192,0.783779,0.669656,0.629901,0.599816,0.602907,0.555310,0.548713,0.667404,0.538411,0.494220,0.460569,0.839170,0.767683,0.577847,0.663416,0.661645,0.515225,0.734085,0.754102,0.545638,0.517404,0.699761,0.678192,0.592057,0.659306,0.490615,0.608949,0.547808,0.665652,0.521096,0.598722,0.523216,0.606937,0.535064,0.629836,0.597234,0.653981,0.602310,0.611502,0.516137,0.595542,0.454583,0.523288,0.582096,0.622069,0.603961,0.601751,0.567577,0.616357,0.665181,0.671378,0.577932,0.747316,0.564495,0.623565,0.498122,0.680872,0.595538,0.598280,0.687053,0.489941,0.554899,0.607868,0.565323,0.397163,0.448828,0.489059,0.627275,0.684569,0.486232,0.705553,0.657949,0.585028,0.703680,0.584718,0.591307,0.603310,0.572169,0.627116,0.630141,0.703300,0.818477,0.656087,0.566774,0.849789,0.590506,0.598112,0.470345,0.669101,0.550454,0.578982,0.539568,0.659811,0.520968,0.769662,0.686073,0.329022,0.554635,0.700736,0.676720,0.450441,0.612689,0.634242,0.627663,0.692386,0.510893,0.591196,0.627055,0.717372,0.593446,0.583246,0.593846,0.623969,0.717906,0.599780,0.535573,0.573380,0.554691,0.515225,0.622951,0.659913,0.684780,0.584110,0.580115,0.739260,0.717198,0.643374,0.609227,0.790013,0.732873,0.513344,0.556197,0.507086,0.568085,0.582885,0.645034,0.642345,0.698586,0.690645,0.651691,0.598599,0.615085,0.624716,0.597173,0.584120,0.494821,0.486462,0.667768,0.391247,0.614181,0.659535,0.707055,0.585294,0.697983,0.598579,0.571181,0.697427,0.469090,0.628578,0.639623,0.343389,0.533673,0.400714
0.527040,0.472008,0.559045,0.620841,0.520814,0.557279,0.535081,0.567363,0.626630,0.527655,0.575220,0.486229,0.493768,0.576373,0.457985,0.520503,0.557317,0.555814,0.506560,0.658493,0.489400,0.578942,0.544045,0.524661,0.614132,0.550739,0.505569,0.584971,0.544567,0.549907,0.526096,0.477913,0.582155,0.537798,0.567309,0.649673,0.564939,0.540202,0.666443,0.616872,0.533162,0.567601,0.651822,0.661976,0.634021,0.591186,0.533845,0.586935,0.446559,0.605503,0.597969,0.570697,0.548864,0.644377,0.517484,0.509662,0.523468,0.505341,0.587184,0.582801,0.541770,0.559473,0.596784,0.584165,0.670197,0.576003,0.591593,0.589764,0.442247,0.596960,0.635376,0.543888,0.632294,0.550600,0.559774,0.492641,0.594564,0.458586,0.590056,0.692143,0.729007,0.639471,0.603572,0.612520,0.621169,0.574528,0.630122,0.560433,0.627940,0.590940,0.508253,0.572656,0.576114,0.540601,0.631884,0.638810,0.457019,0.561460,0.624937,0.549616,0.440815,0.528989,0.520786,0.585029,0.507358,0.486173,0.583043,0.483574,0.563029,0.667578,0.601905,0.567037,0.631711,0.564779,0.524910,0.595280,0.694364,0.622228,0.671344,0.607877,0.548518,0.675994,0.593991,0.689682,0.557460,0.664605,0.589902,0.564061,0.000000,0.596890,0.622212,0.666404,0.588286,0.494769,0.597470,0.552293,0.505845,0.507374,0.565352,0.592945,0.616980,0.606002,0.601695,0.498294,0.668822,0.640690,0.565899,0.504779,0.592980,0.584221,0.640750,0.581954,0.586713,0.626087,0.603294,0.641197,0.586635,0.677717,0.445040,0.505516,0.780324,0.640258,0.623255,0.622407,0.649968,0.596562,0.545317,0.697974,0.527474,0.618592,0.643557,0.521082,0.641222,0.667328,0.535950,0.642143,0.636864,0.622531,0.622390,0.690672,0.663895,0.588330,0.548184,0.580303,0.653355,0.580246,0.571354,0.555904,0.669329,0.651383,0.604905,0.673521,0.609594,0.681476,0.545277,0.626830,0.583201,0.577283,0.663496,0.658084,0.630159,0.593085,0.619179,0.608646,0.575718,0.658984,0.735664,0.613440,0.498827,0.540090,0.582682,0.654595,0.537957,0.618044,0.630210,0.630336,0.598962,0.686385,0.691807,0.712928,0.564006,0.653837,0.577549,0.656759,0.598881,0.564328,0.656822,0.615881,0.619567,0.670646,0.647665,0.435657,0.576963,0.671006,0.587013,0.678411,0.610983,0.689760,0.624568,0.620550,0.605344,0.597979,0.712784,0.444959,0.571615,0.473168,0.619665,0.558112,0.676752,0.596281,0.548933,0.512878,0.510790,0.723658,0.632458,0.614088,0.744075,0.566723,0.668775,0.681040,0.616686,0.577782,0.636792,0.552565,0.590831,0.666706,0.598267,0.651843,0.521734,0.628560,0.584874,0.616182,0.665226,0.708343,0.662482,0.658769,0.690645,0.444829,0.625198,0.632439,0.621269,0.667670,0.580117,0.642808,0.527399,0.648005,0.566348,0.606269,0.618649,0.598880,0.499331,0.741718,0.601359,0.662924,0.704862,0.587312,0.551306,0.740034,0.625758,0.570418,0.486521,0.600017,0.526848,0.623527,0.726382,0.596268,0.447804,0.561867,0.672927,0.718085,0.643196,0.616587,0.524300,0.666638,0.641902,0.689749,0.533013,0.692770,0.615409,0.558368,0.710486,0.608584,0.616593,0.633071,0.624167,0.669962,0.493949,0.601978,0.574710,0.424350,0.760010,0.601146,0.620864,0.639036,0.473009,0.630902,0.690192,0.576265,0.734667,0.776070,0.652886,0.729431,0.750911,0.545526,0.685366,0.617074,0.656524,0.616180,0.693160,0.782312,0.703663,0.651855,0.771517,0.510468,0.568469,0.715583,0.740262,0.621859,0.702937,0.778778,0.616388,0.547607,0.637782,0.608109,0.618240,0.619503,0.693906,0.500872,0.710462,0.640422,0.581345,0.639501,0.732605,0.628488,0.647183,0.635482,0.625122,0.606130,0.689130,0.588804,0.633795,0.659253,0.579468,0.606567,0.619290,0.688329,0.737165,0.663303,0.675759,0.634771,0.736630,0.460619,0.647929,0.679851,0.699920,0.538230,0.607400,0.530633,0.427945,0.602671,0.683730,0.563966,0.684330,0.586579,0.635489,0.710669,0.694923,0.620309,0.748082,0.561239,0.617798,0.745745,0.596156,0.609710,0.688117,0.676316,0.581377,0.645095,0.540249,0.769466,0.705754,0.560028,0.768101,0.658147,0.699041,0.476610,0.629037,0.626643,0.661113,0.649938,0.675858,0.594441,0.699241,0.730179,0.642981,0.664713,0.690566,0.745785,0.641581,0.637310,0.586527,0.755537,0.641617,0.633041,0.731601,0.693469,0.701398,0.698607,0.557980,0.696982,0.725512,0.800583,0.608488,0.571180,0.582765,0.500638,0.742092,0.685001,0.612026,0.712716,0.669068,0.647877,0.582310,0.714370,0.679331,0.657344,0.742802,0.731723,0.624317,0.560765,0.663105,0.683880,0.556063,0.622995,0.629672,0.665043,0.587122,0.630402,0.737263,0.553003,0.677533,0.700606,0.615297,0.628492,0.606404,0.641101,0.637508,0.742725,0.582431,0.702102,0.684317,0.693926,0.563562,0.634362,0.752813,0.583821,0.688805,0.648495,0.681467,0.526396,0.525929
0.527482,0.484165,0.446022,0.554904,0.455088,0.352590,0.396126,0.443852,0.538555,0.343859,0.431231,0.404100,0.597655,0.379936,0.606579,0.404360,0.397638,0.560750,0.418695,0.667093,0.407410,0.546077,0.464576,0.439908,0.410948,0.453801,0.579761,0.518941,0.480410,0.542640,0.684866,0.477947,0.696625,0.645325,0.513974,0.453849,0.524836,0.423708,0.477629,0.410626,0.445760,0.633091,0.665935,0.687617,0.590983,0.662085,0.481460,0.488552,0.529819,0.387135,0.511253,0.700723,0.675405,0.765986,0.372946,0.632415,0.562616,0.427797,0.596941,0.510106,0.673529,0.479398,0.714882,0.599098,0.465173,0.417623,0.498130,0.652009,0.536997,0.654583,0.632943,0.682302,0.462359,0.477066,0.696663,0.615801,0.363013,0.472524,0.390928,0.487826,0.673822,0.431939,0.557072,0.757736,0.510021,0.523311,0.519664,0.451973,0.696521,0.464024,0.507572,0.474811,0.463042,0.435038,0.705736,0.527110,0.688097,0.667541,0.621662,0.499097,0.489965,0.630714,0.408590,0.456145,0.710039,0.433919,0.739890,0.387455,0.520369,0.507966,0.767337,0.523770,0.342964,0.373281,0.486500,0.550075,0.809693,0.694421,0.458049,0.469307,0.446396,0.559754,0.502478,0.694866,0.399452,0.522692,0.567452,0.504489,0.596890,0.000000,0.491593,0.552518,0.544895,0.432207,0.541639,0.447017,0.595547,0.599291,0.641229,0.477332,0.581549,0.738917,0.495412,0.495185,0.602130,0.709162,0.515780,0.592414,0.673999,0.716377,0.477375,0.704885,0.512606,0.515370,0.574221,0.405571,0.394277,0.737080,0.532765,0.482294,0.665811,0.521185,0.573061,0.484453,0.524649,0.583105,0.504142,0.642149,0.448709,0.565540,0.659348,0.585047,0.783963,0.507543,0.702131,0.510960,0.782151,0.631972,0.534693,0.570185,0.622425,0.706548,0.505642,0.494408,0.548754,0.711038,0.691957,0.473474,0.767071,0.558791,0.538831,0.476225,0.692354,0.708249,0.678871,0.458139,0.469057,0.558685,0.719045,0.587565,0.756121,0.697220,0.614229,0.484522,0.723334,0.488742,0.669054,0.571021,0.605530,0.742129,0.730400,0.604252,0.693312,0.608807,0.692382,0.520338,0.571920,0.794218,0.549765,0.741533,0.699777,0.565787,0.715355,0.493502,0.529864,0.466583,0.509791,0.829843,0.605833,0.603442,0.676645,0.617254,0.521149,0.644020,0.639622,0.579012,0.548408,0.673132,0.680606,0.565968,0.489282,0.571907,0.673495,0.522899,0.597529,0.679795,0.632553,0.493901,0.658098,0.404548,0.516425,0.568854,0.506696,0.581768,0.668081,0.589843,0.665638,0.671777,0.613730,0.659440,0.805222,0.690845,0.521794,0.483165,0.797098,0.418545,0.502824,0.566584,0.697700,0.471464,0.453060,0.378751,0.630425,0.657999,0.653459,0.582263,0.639079,0.524793,0.593064,0.462125,0.778736,0.547408,0.721789,0.511155,0.505799,0.545284,0.701208,0.475566,0.522747,0.682593,0.717448,0.712935,0.658993,0.503194,0.561080,0.529136,0.644004,0.676203,0.536570,0.553138,0.503662,0.660358,0.631630,0.489533,0.599608,0.621942,0.566664,0.655616,0.466157,0.687226,0.537119,0.434542,0.505393,0.495392,0.658654,0.737414,0.655569,0.492527,0.555539,0.670326,0.512013,0.738126,0.567010,0.487840,0.644587,0.735180,0.605463,0.407393,0.742267,0.617717,0.617649,0.747790,0.722039,0.480010,0.615285,0.511775,0.801752,0.173796,0.758452,0.621696,0.642340,0.772323,0.663910,0.666848,0.783281,0.684999,0.507469,0.817519,0.572969,0.780494,0.763586,0.802399,0.684862,0.585268,0.679828,0.687274,0.775206,0.494617,0.591686,0.723490,0.614069,0.548207,0.622304,0.388970,0.551558,0.497334,0.632970,0.719180,0.765439,0.686453,0.668011,0.756238,0.599927,0.571288,0.797659,0.511988,0.712153,0.497097,0.567512,0.771788,0.509091,0.556252,0.659625,0.418085,0.571503,0.590827,0.565233,0.707048,0.776882,0.530432,0.704370,0.483881,0.824793,0.488796,0.589802,0.655421,0.592550,0.617200,0.554918,0.538500,0.709003,0.553061,0.521688,0.566649,0.459747,0.658516,0.634272,0.496385,0.555965,0.702132,0.692551,0.643297,0.689691,0.579231,0.521958,0.658210,0.571234,0.549565,0.693003,0.720537,0.682427,0.687668,0.781823,0.612256,0.583017,0.517812,0.655713,0.624145,0.522650,0.808542,0.647143,0.722769,0.813185,0.649000,0.400093,0.755819,0.737782,0.653858,0.710337,0.693426,0.677207,0.669213,0.642683,0.625824,0.774091,0.700657,0.597281,0.611488,0.537943,0.714745,0.627078,0.716944,0.581812,0.573993,0.687269,0.629212,0.702966,0.861692,0.735537,0.735770,0.673485,0.634894,0.537707,0.646649,0.790404,0.603950,0.713901,0.627147,0.711561,0.496067,0.645181,0.803810,0.711408,0.620776,0.587505,0.735472,0.643192,0.595766,0.631126,0.667403,0.726708,0.834702,0.667015,0.655194,0.502905,0.647151,0.602466,0.599192,0.795045,0.611827,0.713127,0.651911,0.742097,0.551046,0.716165,0.572380,0.727416,0.654194,0.498300,0.705414,0.627503
0.527608,0.455898,0.260129,0.430320,0.259241,0.467863,0.539492,0.250770,0.586498,0.397646,0.564659,0.467191,0.598518,0.392553,0.526041,0.322272,0.247290,0.598146,0.217513,0.689894,0.507925,0.380173,0.466123,0.372124,0.351947,0.451827,0.392808,0.293636,0.216124,0.389768,0.742994,0.408700,0.601724,0.691371,0.336843,0.623067,0.501310,0.437168,0.577911,0.380711,0.283239,0.663096,0.578580,0.618544,0.725148,0.622281,0.360340,0.408685,0.264694,0.581730,0.346812,0.746711,0.601140,0.643631,0.360265,0.552724,0.241109,0.299945,0.531081,0.555836,0.521994,0.424182,0.621955,0.666909,0.453496,0.327579,0.227228,0.499560,0.650713,0.698096,0.720292,0.557651,0.602993,0.480976,0.689325,0.761292,0.460630,0.353797,0.367343,0.542333,0.765232,0.370225,0.359657,0.681720,0.236703,0.704873,0.485362,0.232782,0.661933,0.551813,0.644286,0.237357,0.410155,0.283324,0.684598,0.714017,0.732658,0.570390,0.416614,0.559495,0.324123,0.631165,0.247620,0.255966,0.699335,0.385480,0.618794,0.333083,0.277276,0.580179,0.823443,0.247553,0.560781,0.484809,0.198669,0.294956,0.739618,0.723521,0.492189,0.318202,0.419965,0.321585,0.219645,0.722935,0.476388,0.457027,0.373493,0.501808,0.622212,0.491593,0.000000,0.613008,0.610561,0.353597,0.610361,0.215268,0.539867,0.692381,0.727972,0.524824,0.745317,0.674851,0.250819,0.652810,0.349130,0.630210,0.460286,0.606953,0.823718,0.693233,0.179739,0.649551,0.190370,0.208352,0.414505,0.404961,0.426919,0.811142,0.464237,0.680714,0.714493,0.373382,0.369358,0.237527,0.565611,0.604188,0.242091,0.740449,0.272217,0.458568,0.585126,0.309015,0.658679,0.582601,0.611294,0.532155,0.838338,0.469738,0.341385,0.712541,0.588255,0.725352,0.617868,0.365833,0.193902,0.732763,0.548711,0.647524,0.903912,0.675447,0.284247,0.302972,0.743556,0.792127,0.495015,0.220011,0.285325,0.420097,0.760848,0.457463,0.649346,0.672570,0.783897,0.237153,0.828963,0.586965,0.705531,0.414115,0.548513,0.624413,0.709733,0.548672,0.611440,0.627332,0.638054,0.273033,0.458680,0.875705,0.319003,0.581873,0.710206,0.441776,0.587042,0.344376,0.328171,0.386606,0.264801,0.795019,0.475087,0.707170,0.809457,0.607195,0.234126,0.504292,0.429633,0.373363,0.644500,0.496573,0.637228,0.251738,0.191472,0.388022,0.716804,0.563514,0.349240,0.678787,0.653405,0.201250,0.725049,0.341101,0.454341,0.567690,0.680530,0.577349,0.653251,0.248539,0.716556,0.628415,0.471725,0.709825,0.745521,0.737095,0.248018,0.480902,0.786908,0.259582,0.378473,0.477506,0.652988,0.418249,0.561622,0.324419,0.391379,0.678629,0.770161,0.254317,0.681450,0.423614,0.297683,0.210812,0.765365,0.557128,0.694138,0.251343,0.597831,0.271397,0.707503,0.498105,0.319504,0.680661,0.730172,0.727854,0.813822,0.568549,0.536732,0.347766,0.635981,0.740395,0.300824,0.382830,0.429290,0.633084,0.573499,0.429201,0.456819,0.706346,0.620098,0.440965,0.368810,0.680726,0.230342,0.529063,0.312163,0.478166,0.711944,0.623066,0.486268,0.278140,0.326428,0.676173,0.423815,0.778801,0.688425,0.400284,0.741648,0.798656,0.582862,0.248917,0.792469,0.526011,0.637227,0.660224,0.721364,0.281733,0.664364,0.523342,0.689086,0.414583,0.705561,0.354848,0.335078,0.860728,0.572643,0.632847,0.731523,0.768005,0.358947,0.682996,0.341418,0.823029,0.787117,0.721535,0.687386,0.638910,0.613561,0.756169,0.808528,0.431856,0.531649,0.747800,0.775366,0.487966,0.601719,0.476923,0.742926,0.238879,0.738558,0.689290,0.725385,0.723742,0.556420,0.700416,0.399594,0.237109,0.896721,0.661907,0.605788,0.260391,0.259296,0.646625,0.224428,0.436165,0.761491,0.524856,0.398336,0.607060,0.433097,0.595571,0.725295,0.302984,0.700421,0.556587,0.815901,0.292230,0.596614,0.578024,0.281355,0.644384,0.600111,0.309925,0.719177,0.644585,0.320270,0.563818,0.279910,0.768370,0.684786,0.293403,0.686707,0.741145,0.707513,0.739928,0.790856,0.222201,0.629039,0.671882,0.620777,0.467226,0.753412,0.780390,0.744123,0.664921,0.805183,0.734443,0.274597,0.340255,0.821237,0.630002,0.314168,0.777253,0.690445,0.582671,0.842563,0.729442,0.487124,0.656351,0.732773,0.612705,0.709192,0.740585,0.570563,0.768331,0.672195,0.604314,0.648661,0.676231,0.657091,0.477128,0.442488,0.568930,0.380834,0.696631,0.667041,0.582343,0.616521,0.605281,0.512247,0.813989,0.736579,0.818793,0.689101,0.334365,0.598783,0.690370,0.810302,0.695088,0.775228,0.602376,0.798849,0.362217,0.512676,0.716812,0.753043,0.638729,0.438768,0.835083,0.709793,0.614203,0.746626,0.562872,0.626407,0.763175,0.586939,0.618737,0.443245,0.468652,0.519495,0.359038,0.656533,0.518185,0.778418,0.653322,0.621517,0.509207,0.762341,0.408100,0.734890,0.408656,0.530551,0.711683,0.562561
0.527622,0.594331,0.464933,0.565909,0.512792,0.374318,0.426968,0.546180,0.594982,0.408877,0.451200,0.439704,0.630056,0.480414,0.668318,0.580888,0.619442,0.420253,0.632375,0.549439,0.457440,0.660184,0.604437,0.543982,0.566800,0.495241,0.610990,0.666803,0.636991,0.691752,0.697614,0.536695,0.793644,0.732804,0.716544,0.451539,0.586166,0.528477,0.465244,0.500431,0.627093,0.629231,0.721643,0.619557,0.528901,0.726678,0.459026,0.656262,0.673600,0.533768,0.577622,0.594211,0.710557,0.810270,0.530815,0.748922,0.639010,0.534001,0.646010,0.616745,0.714909,0.603928,0.784283,0.507982,0.579246,0.661909,0.580067,0.705027,0.708252,0.589985,0.612154,0.667662,0.501883,0.452899,0.711402,0.687831,0.580498,0.581190,0.589768,0.529323,0.529515,0.443034,0.678532,0.849453,0.668821,0.489940,0.537653,0.594285,0.728508,0.544871,0.563137,0.568647,0.488700,0.675878,0.737053,0.490246,0.712867,0.696445,0.672565,0.591808,0.543450,0.618682,0.553386,0.568926,0.701751,0.528683,0.761267,0.533999,0.737751,0.550865,0.681735,0.627508,0.511007,0.440345,0.637522,0.670070,0.837448,0.600225,0.519515,0.651480,0.559648,0.691088,0.644560,0.771433,0.622401,0.657218,0.521905,0.698227,0.666404,0.552518,0.613008,0.000000,0.504576,0.609606,0.689957,0.607357,0.650151,0.706955,0.517305,0.679816,0.605708,0.830632,0.628922,0.588734,0.678083,0.861304,0.564884,0.691737,0.544211,0.653937,0.669040,0.755589,0.650525,0.677492,0.637331,0.631895,0.583911,0.626391,0.642168,0.588761,0.539000,0.626976,0.682735,0.672755,0.593598,0.767569,0.625722,0.688716,0.605950,0.774569,0.618061,0.699265,0.798900,0.433826,0.758716,0.517754,0.727318,0.654998,0.701540,0.697599,0.725193,0.684787,0.463455,0.708150,0.694634,0.691808,0.720514,0.385897,0.753653,0.541699,0.657672,0.583084,0.745624,0.653076,0.579692,0.668757,0.657156,0.699220,0.554059,0.710454,0.860632,0.803411,0.623727,0.672215,0.648005,0.519246,0.588841,0.705584,0.730324,0.653555,0.811177,0.766638,0.749215,0.621205,0.576757,0.704464,0.775641,0.682544,0.649873,0.810746,0.727739,0.742978,0.726513,0.609601,0.622065,0.665496,0.689788,0.842790,0.699809,0.592991,0.671177,0.665823,0.597650,0.637485,0.684245,0.686822,0.641290,0.766782,0.597020,0.659679,0.639903,0.789307,0.672678,0.763828,0.679599,0.746832,0.674495,0.660137,0.627590,0.584832,0.567941,0.635552,0.519244,0.529137,0.766106,0.713506,0.577744,0.689721,0.683466,0.572800,0.765154,0.785835,0.656528,0.505486,0.626093,0.611600,0.595406,0.766127,0.762764,0.543519,0.592854,0.637833,0.742711,0.587305,0.594784,0.623312,0.618645,0.675425,0.718596,0.522932,0.656860,0.699225,0.813898,0.684301,0.715697,0.661272,0.773353,0.632734,0.649165,0.751293,0.775554,0.619070,0.744852,0.552446,0.569617,0.680957,0.729308,0.525343,0.655603,0.681153,0.738560,0.734066,0.705947,0.633336,0.687658,0.691030,0.712338,0.633341,0.639291,0.538762,0.666892,0.603939,0.670184,0.618662,0.503687,0.894523,0.722928,0.593947,0.720463,0.829310,0.709955,0.578989,0.524799,0.655708,0.501332,0.746065,0.713375,0.608788,0.768441,0.758490,0.625348,0.763901,0.747626,0.635787,0.665918,0.637771,0.829846,0.576582,0.672210,0.721450,0.705261,0.683608,0.745701,0.721639,0.865556,0.687719,0.519788,0.824150,0.655670,0.660533,0.607035,0.765797,0.709024,0.581915,0.697780,0.473760,0.718491,0.505829,0.689682,0.591998,0.486411,0.734199,0.806192,0.625639,0.608061,0.668163,0.585143,0.835808,0.821261,0.647430,0.648811,0.779372,0.686576,0.675664,0.666201,0.700619,0.633244,0.613861,0.684900,0.817207,0.699110,0.605412,0.624396,0.564525,0.641477,0.512479,0.715366,0.702008,0.656201,0.680803,0.691069,0.579042,0.776435,0.587498,0.643994,0.738975,0.583115,0.583402,0.675898,0.675869,0.673265,0.610822,0.727354,0.733610,0.596158,0.534752,0.484162,0.641047,0.425801,0.603592,0.644921,0.618527,0.696261,0.637796,0.615274,0.761864,0.701297,0.569013,0.678041,0.585835,0.528615,0.666535,0.758033,0.523812,0.704202,0.674474,0.685311,0.620271,0.676009,0.768869,0.692558,0.759201,0.675628,0.452371,0.654062,0.795458,0.588572,0.511045,0.782133,0.656743,0.696927,0.618809,0.586109,0.644615,0.776610,0.786725,0.765140,0.748387,0.709889,0.709091,0.672688,0.722974,0.688187,0.573456,0.735913,0.778008,0.758353,0.833926,0.786617,0.582872,0.715878,0.763561,0.609480,0.545992,0.608396,0.683479,0.586632,0.769684,0.691825,0.639162,0.763060,0.856620,0.800887,0.731695,0.707779,0.582411,0.532607,0.757189,0.601143,0.717963,0.695929,0.847266,0.654556,0.708517,0.672125,0.665584,0.798994,0.747890,0.704173,0.598335,0.696729,0.690277,0.796799,0.660640,0.577123,0.730155,0.631100,0.752374,0.662416,0.808041,0.717600
0.527843,0.596632,0.514556,0.641129,0.526534,0.465846,0.412004,0.443347,0.456132,0.480815,0.453882,0.512948,0.581456,0.544891,0.606156,0.441146,0.565217,0.436703,0.571997,0.553731,0.404467,0.596604,0.443234,0.472175,0.390940,0.559785,0.567108,0.623716,0.577705,0.643764,0.585488,0.518601,0.689777,0.628994,0.636108,0.389839,0.581422,0.474850,0.444937,0.535320,0.578898,0.597347,0.687509,0.575346,0.475057,0.706158,0.466271,0.593179,0.617354,0.482362,0.608649,0.719257,0.660661,0.771047,0.527071,0.724887,0.591999,0.479214,0.625110,0.563390,0.702808,0.601006,0.734553,0.426453,0.515249,0.551871,0.573784,0.690105,0.648139,0.577211,0.555281,0.652912,0.401149,0.600016,0.659145,0.658180,0.616376,0.517026,0.602136,0.387742,0.598004,0.474659,0.648452,0.756750,0.594162,0.431498,0.632403,0.603455,0.734683,0.481419,0.421447,0.464117,0.607172,0.560141,0.742948,0.429675,0.697676,0.645938,0.653487,0.433751,0.518129,0.632586,0.552253,0.626358,0.619252,0.561591,0.743649,0.567819,0.634378,0.378112,0.720134,0.620126,0.447418,0.480304,0.606269,0.555853,0.817562,0.644660,0.483966,0.444711,0.529408,0.619300,0.659273,0.675325,0.583970,0.618074,0.566948,0.627528,0.588286,0.544895,0.610561,0.504576,0.000000,0.512848,0.609711,0.584800,0.652457,0.430536,0.572439,0.611665,0.429251,0.766108,0.577011,0.512923,0.608960,0.790708,0.603553,0.678040,0.656378,0.638392,0.648373,0.707112,0.526378,0.539142,0.437752,0.634832,0.471693,0.642978,0.584290,0.549785,0.645419,0.630351,0.671607,0.627199,0.463179,0.675851,0.600598,0.637650,0.540907,0.699963,0.580064,0.657485,0.815050,0.497320,0.594835,0.547429,0.698913,0.610813,0.667090,0.651784,0.686424,0.693534,0.477984,0.601012,0.631645,0.766598,0.722212,0.524390,0.555276,0.466970,0.628190,0.626737,0.681100,0.495255,0.596378,0.612767,0.476230,0.556024,0.666573,0.632749,0.795401,0.756076,0.526979,0.620757,0.686985,0.492963,0.678510,0.637469,0.647771,0.643142,0.786004,0.713085,0.702442,0.705042,0.688795,0.676225,0.660981,0.749249,0.620048,0.751697,0.694079,0.722344,0.699645,0.456550,0.641703,0.623720,0.654735,0.762461,0.608000,0.587159,0.499308,0.526939,0.580861,0.671669,0.637090,0.660448,0.477810,0.721775,0.708228,0.638379,0.616257,0.698868,0.698288,0.695380,0.479705,0.714376,0.657858,0.549588,0.630441,0.539919,0.450830,0.666580,0.601126,0.623404,0.727642,0.624527,0.647605,0.596906,0.697211,0.660103,0.750102,0.721842,0.665316,0.622040,0.649480,0.586724,0.583337,0.732214,0.759171,0.545538,0.550290,0.581011,0.651452,0.640210,0.668418,0.677837,0.591844,0.569209,0.738929,0.633869,0.647303,0.672060,0.806288,0.646985,0.551507,0.582639,0.750709,0.567837,0.464599,0.729031,0.643630,0.772525,0.756319,0.612595,0.617441,0.542207,0.597229,0.641357,0.576745,0.568929,0.553928,0.659946,0.607932,0.437996,0.669774,0.539008,0.611212,0.669921,0.474311,0.624704,0.620938,0.449332,0.441628,0.640767,0.594522,0.758556,0.647155,0.649645,0.638284,0.749394,0.573460,0.666594,0.486332,0.660096,0.623046,0.742199,0.615035,0.568882,0.703901,0.583052,0.730918,0.707994,0.717518,0.586156,0.547475,0.453303,0.829514,0.548617,0.707283,0.660714,0.662955,0.729610,0.732522,0.676704,0.841326,0.656192,0.524216,0.738755,0.649070,0.710211,0.649749,0.743279,0.497406,0.669664,0.706610,0.631954,0.792016,0.571233,0.643748,0.746601,0.631642,0.645788,0.684963,0.537655,0.564100,0.529639,0.613558,0.743754,0.786890,0.613090,0.661381,0.728473,0.711267,0.686389,0.660316,0.645803,0.663812,0.562869,0.665296,0.796829,0.661589,0.317163,0.555308,0.445479,0.574821,0.554992,0.764455,0.634018,0.671931,0.718783,0.682695,0.647463,0.723447,0.633093,0.361567,0.740960,0.538784,0.668202,0.471709,0.469911,0.722807,0.429220,0.592301,0.595620,0.569828,0.585529,0.632441,0.571701,0.530673,0.373824,0.770157,0.609828,0.592409,0.655916,0.636862,0.452316,0.513132,0.561918,0.540713,0.630151,0.536539,0.568764,0.751332,0.468301,0.583228,0.613153,0.558263,0.634430,0.675987,0.782326,0.705095,0.715287,0.712057,0.646387,0.578721,0.786414,0.747174,0.675722,0.734634,0.572634,0.704244,0.642570,0.562465,0.516940,0.770887,0.655789,0.629681,0.660131,0.630923,0.752851,0.721186,0.668974,0.571867,0.492005,0.708288,0.656935,0.717006,0.763147,0.749875,0.670846,0.726945,0.639216,0.557482,0.608793,0.685651,0.584421,0.638021,0.542060,0.671609,0.580879,0.723902,0.817727,0.725043,0.624395,0.653507,0.739817,0.508692,0.643716,0.504039,0.728166,0.648187,0.842294,0.615924,0.617112,0.644812,0.751384,0.666432,0.772007,0.636546,0.680885,0.697737,0.454751,0.736182,0.520001,0.640931,0.612826,0.638135,0.728749,0.669544,0.732045,0.670913
0.528969,0.369361,0.372766,0.447096,0.291861,0.401445,0.479944,0.398455,0.566881,0.333535,0.514598,0.397461,0.426729,0.369637,0.386649,0.302926,0.305447,0.534101,0.322419,0.650206,0.424845,0.455754,0.378740,0.387709,0.350391,0.393158,0.309410,0.347526,0.301434,0.358798,0.687767,0.420407,0.593514,0.538355,0.348027,0.490520,0.349973,0.383222,0.540222,0.349808,0.298671,0.650461,0.672057,0.674253,0.628448,0.602600,0.417216,0.381970,0.356424,0.477676,0.494671,0.712186,0.444549,0.679707,0.343658,0.573233,0.288107,0.351317,0.488108,0.472538,0.432582,0.422557,0.621978,0.593023,0.456028,0.282958,0.366364,0.464841,0.553273,0.738256,0.580039,0.403555,0.563177,0.415879,0.536430,0.611978,0.384783,0.305119,0.392810,0.538339,0.751076,0.402801,0.412116,0.632651,0.386267,0.548698,0.496469,0.343150,0.585665,0.452785,0.507319,0.331247,0.356299,0.322363,0.559939,0.534776,0.637272,0.444541,0.437983,0.393775,0.335935,0.598643,0.240633,0.384820,0.566379,0.271244,0.641964,0.276938,0.370956,0.507616,0.727604,0.403630,0.493557,0.314605,0.282225,0.468753,0.727468,0.717672,0.395332,0.283631,0.099622,0.490153,0.406651,0.608793,0.362583,0.413075,0.458729,0.441317,0.494769,0.432207,0.353597,0.609606,0.512848,0.000000,0.552461,0.303422,0.540440,0.545759,0.625093,0.364247,0.586849,0.654032,0.388317,0.467293,0.474662,0.602151,0.480099,0.560889,0.761059,0.677898,0.380648,0.549118,0.386726,0.406997,0.424463,0.340593,0.385352,0.746291,0.432713,0.487956,0.728915,0.490335,0.338824,0.378475,0.523685,0.484221,0.359144,0.664397,0.333638,0.394319,0.457482,0.418278,0.727122,0.398350,0.457570,0.436702,0.729957,0.551812,0.447602,0.630701,0.623525,0.685232,0.514066,0.404873,0.410717,0.673297,0.394398,0.472888,0.785344,0.547969,0.347429,0.389322,0.631314,0.627633,0.540411,0.313625,0.392557,0.417073,0.748050,0.547221,0.627333,0.628338,0.663482,0.330971,0.702784,0.551362,0.693864,0.313626,0.462605,0.644062,0.676431,0.484390,0.519288,0.662709,0.636962,0.443942,0.504691,0.775056,0.471610,0.635437,0.628475,0.576078,0.432049,0.425674,0.427339,0.400723,0.445654,0.698756,0.503394,0.613870,0.602071,0.573820,0.333502,0.505315,0.491236,0.377297,0.556000,0.554044,0.617055,0.444377,0.382641,0.496410,0.707254,0.470530,0.359445,0.607048,0.611349,0.325624,0.738430,0.448848,0.344660,0.483439,0.462004,0.621633,0.560223,0.394850,0.696975,0.588753,0.462730,0.634920,0.718328,0.591872,0.462561,0.359766,0.665508,0.353954,0.402085,0.533383,0.613432,0.404555,0.481423,0.246752,0.483625,0.642642,0.738359,0.454636,0.565074,0.320777,0.408280,0.365383,0.639384,0.630247,0.712560,0.410352,0.424819,0.477388,0.698193,0.421585,0.455162,0.586879,0.661247,0.681293,0.688990,0.555469,0.554952,0.322261,0.515803,0.755944,0.443163,0.421604,0.417462,0.528616,0.433326,0.401113,0.575355,0.575079,0.524046,0.542643,0.472688,0.681784,0.426165,0.354190,0.417203,0.403387,0.733285,0.626544,0.520265,0.395032,0.431110,0.556318,0.453243,0.743515,0.612483,0.309370,0.743581,0.729034,0.560153,0.392706,0.655854,0.481451,0.777967,0.633694,0.631278,0.435601,0.648440,0.537668,0.714668,0.304369,0.784992,0.559122,0.471373,0.773615,0.625781,0.507505,0.727792,0.585069,0.346528,0.693977,0.489139,0.749811,0.728546,0.662940,0.584403,0.489328,0.559241,0.747650,0.744128,0.369228,0.384509,0.743057,0.681795,0.499340,0.602126,0.387288,0.609497,0.427282,0.726760,0.681733,0.696959,0.540624,0.565798,0.730851,0.512300,0.406129,0.751325,0.517049,0.381890,0.438020,0.447114,0.628830,0.387783,0.529582,0.750654,0.392445,0.513539,0.631721,0.452449,0.588569,0.713396,0.399243,0.618879,0.357878,0.708468,0.310396,0.610850,0.558746,0.435908,0.551865,0.497380,0.455110,0.704617,0.468015,0.410629,0.420427,0.353425,0.704188,0.670774,0.391719,0.627527,0.653512,0.620019,0.680888,0.707312,0.392722,0.493588,0.507952,0.539781,0.524367,0.662995,0.789839,0.659263,0.584261,0.813124,0.567139,0.428430,0.341457,0.638547,0.672091,0.455565,0.735696,0.766162,0.635237,0.782133,0.611547,0.359704,0.715262,0.714823,0.601873,0.633067,0.598059,0.591722,0.708837,0.584587,0.424661,0.664007,0.677803,0.610681,0.560905,0.447328,0.587609,0.533777,0.739950,0.595188,0.459775,0.603295,0.525299,0.583987,0.787242,0.689882,0.765001,0.541030,0.471946,0.558611,0.743572,0.817334,0.594339,0.806300,0.610780,0.707067,0.400074,0.585457,0.720682,0.659851,0.519385,0.482784,0.829742,0.515786,0.474410,0.640651,0.591878,0.496326,0.735971,0.468612,0.504769,0.368109,0.541165,0.483069,0.567851,0.705141,0.585132,0.687335,0.661438,0.595079,0.555846,0.746464,0.352229,0.696356,0.446548,0.467260,0.623967,0.622641
0.529978,0.506921,0.546665,0.550882,0.499526,0.489561,0.512621,0.585472,0.321962,0.524454,0.506162,0.562512,0.618398,0.575925,0.609871,0.623883,0.485899,0.676927,0.498930,0.603871,0.403406,0.700326,0.276970,0.548771,0.459905,0.620855,0.514869,0.654299,0.602636,0.582615,0.696067,0.587641,0.737768,0.677951,0.554917,0.468314,0.393324,0.550123,0.502255,0.604572,0.538481,0.670768,0.743531,0.627214,0.423659,0.534926,0.563731,0.488709,0.605330,0.477132,0.601172,0.729841,0.603988,0.780958,0.546274,0.535140,0.609473,0.589527,0.586783,0.417936,0.694849,0.607538,0.758800,0.670602,0.525284,0.497604,0.619379,0.696185,0.501296,0.686167,0.527890,0.715708,0.468345,0.604333,0.643364,0.503787,0.570370,0.565621,0.569945,0.550744,0.634883,0.618392,0.560464,0.754411,0.611960,0.546882,0.719360,0.614648,0.602258,0.588187,0.532082,0.558078,0.623119,0.489455,0.633556,0.569564,0.711847,0.700041,0.632148,0.334986,0.549734,0.492911,0.530618,0.574219,0.735712,0.562578,0.713949,0.528472,0.589941,0.486033,0.786438,0.640691,0.575926,0.485297,0.602038,0.686300,0.836352,0.575225,0.589876,0.465901,0.605042,0.635337,0.619520,0.571793,0.500196,0.732810,0.685817,0.443874,0.597470,0.541639,0.610361,0.689957,0.609711,0.552461,0.000000,0.577269,0.708541,0.634351,0.781282,0.471821,0.456588,0.747118,0.650815,0.403306,0.684969,0.684157,0.702169,0.585877,0.694696,0.574286,0.597017,0.708722,0.646839,0.614792,0.609129,0.537549,0.514423,0.472737,0.609315,0.644652,0.701989,0.656156,0.535259,0.643673,0.547236,0.479121,0.548554,0.224157,0.587787,0.571302,0.597603,0.678540,0.760298,0.719524,0.674992,0.615900,0.737591,0.680626,0.490556,0.676578,0.815919,0.589812,0.710733,0.508814,0.591076,0.729735,0.703068,0.608834,0.768125,0.493488,0.590273,0.693631,0.655871,0.536364,0.686207,0.475582,0.659790,0.600105,0.715753,0.557305,0.720746,0.658239,0.544516,0.576447,0.762344,0.591145,0.722697,0.664635,0.607004,0.729574,0.691813,0.640586,0.651176,0.700221,0.816685,0.604914,0.645581,0.840443,0.559429,0.788586,0.667522,0.519766,0.682563,0.669260,0.601804,0.476258,0.651958,0.843635,0.625562,0.609317,0.526396,0.629413,0.615299,0.701305,0.687556,0.626544,0.480778,0.625914,0.756961,0.650709,0.639998,0.568241,0.607106,0.466386,0.610631,0.677353,0.642416,0.598279,0.583242,0.702886,0.530073,0.638385,0.637769,0.735138,0.612488,0.612637,0.679405,0.623018,0.663199,0.603989,0.790477,0.691613,0.657610,0.562685,0.739217,0.582064,0.688889,0.754668,0.584110,0.632303,0.562094,0.492817,0.672920,0.663393,0.715805,0.653843,0.698240,0.561860,0.597831,0.607443,0.734926,0.627135,0.665123,0.618152,0.466890,0.684911,0.713998,0.654884,0.625410,0.684317,0.663310,0.760503,0.687401,0.690385,0.640029,0.624103,0.500409,0.624182,0.683275,0.640819,0.538095,0.471087,0.600174,0.552816,0.631080,0.501442,0.637187,0.612686,0.610916,0.644380,0.659478,0.501001,0.600251,0.575393,0.563150,0.763394,0.715918,0.687265,0.630869,0.661454,0.519393,0.513449,0.648478,0.497151,0.599859,0.782506,0.663580,0.653787,0.719855,0.600653,0.624208,0.694656,0.679870,0.609761,0.687396,0.615474,0.855563,0.519502,0.757381,0.670554,0.658016,0.835782,0.630639,0.681877,0.782803,0.665917,0.576720,0.791561,0.526199,0.762860,0.772340,0.841336,0.605343,0.631299,0.632159,0.662150,0.679915,0.606445,0.605631,0.655032,0.700834,0.653252,0.736614,0.498187,0.537868,0.673704,0.623275,0.764784,0.861105,0.698153,0.756679,0.800419,0.699247,0.669237,0.796215,0.476725,0.738243,0.693845,0.678266,0.659960,0.609282,0.641347,0.574588,0.539775,0.634885,0.580296,0.637062,0.700062,0.556838,0.660099,0.663929,0.591155,0.762527,0.653183,0.692056,0.714318,0.637986,0.612378,0.479202,0.646475,0.634825,0.516851,0.561556,0.596017,0.581042,0.602357,0.706852,0.616861,0.649175,0.593005,0.800399,0.608285,0.528584,0.672179,0.668678,0.544617,0.547218,0.716801,0.730496,0.729282,0.718115,0.646562,0.756941,0.530731,0.671248,0.619618,0.534700,0.618104,0.649880,0.782991,0.642242,0.678576,0.807958,0.665548,0.583323,0.809030,0.651939,0.697733,0.640047,0.670723,0.677634,0.545787,0.750262,0.593571,0.639609,0.663155,0.621530,0.657960,0.642461,0.600595,0.684489,0.683724,0.663216,0.655691,0.673586,0.584778,0.624584,0.825162,0.664673,0.525862,0.484556,0.667477,0.637012,0.696863,0.735538,0.680287,0.701220,0.634966,0.513430,0.613092,0.654073,0.786366,0.735343,0.664677,0.652884,0.759948,0.603667,0.671141,0.648238,0.671415,0.630984,0.791434,0.675695,0.584595,0.605469,0.602933,0.576474,0.660473,0.688946,0.630324,0.421525,0.600397,0.603262,0.650698,0.732518,0.696425,0.613863,0.683302,0.409189,0.753636,0.458029
0.530411,0.431269,0.271584,0.495951,0.232948,0.452051,0.539885,0.241453,0.601418,0.334715,0.575611,0.355281,0.578832,0.310987,0.499504,0.315771,0.224670,0.502657,0.224212,0.692904,0.454012,0.370873,0.442464,0.295103,0.362943,0.358438,0.389811,0.268840,0.212060,0.351378,0.702705,0.287642,0.611437,0.665525,0.267269,0.600819,0.440445,0.458506,0.605178,0.291990,0.273814,0.697447,0.644809,0.605726,0.741502,0.565528,0.401642,0.400085,0.317309,0.588768,0.398284,0.738080,0.577968,0.714243,0.242875,0.512588,0.275557,0.216422,0.494336,0.509957,0.557431,0.349017,0.639034,0.696619,0.426646,0.266312,0.191425,0.498389,0.629591,0.702244,0.644498,0.577158,0.591570,0.452387,0.661112,0.705581,0.354290,0.249919,0.328261,0.580406,0.731966,0.332691,0.437044,0.667348,0.195645,0.655647,0.428139,0.031190,0.661298,0.554748,0.626833,0.218542,0.335600,0.251539,0.676269,0.670942,0.714022,0.587172,0.486551,0.533893,0.194546,0.612399,0.176864,0.327176,0.661000,0.258742,0.620338,0.222969,0.225487,0.585738,0.826502,0.245583,0.555594,0.454586,0.263048,0.316870,0.725252,0.765907,0.440116,0.315251,0.378732,0.273815,0.220090,0.661593,0.420497,0.439539,0.342189,0.428151,0.552293,0.447017,0.215268,0.607357,0.584800,0.303422,0.577269,0.000000,0.567923,0.670844,0.702575,0.447102,0.679438,0.641525,0.222791,0.616943,0.369831,0.578602,0.380114,0.551711,0.860434,0.701135,0.147502,0.638762,0.217042,0.220550,0.442196,0.376824,0.445662,0.813258,0.327450,0.583416,0.747376,0.364850,0.419579,0.178799,0.552008,0.509408,0.108040,0.737645,0.191918,0.428393,0.567876,0.378784,0.713697,0.554318,0.621477,0.506446,0.795925,0.506510,0.355495,0.681311,0.544846,0.692338,0.552549,0.349699,0.206245,0.716223,0.552426,0.528309,0.856505,0.691266,0.339900,0.265707,0.710446,0.833953,0.474458,0.219950,0.318102,0.364877,0.740776,0.428282,0.614734,0.673861,0.725781,0.182342,0.810973,0.590031,0.728209,0.417225,0.488417,0.633650,0.726295,0.446557,0.574745,0.598969,0.589029,0.204750,0.395797,0.894741,0.418633,0.632879,0.690609,0.443411,0.589739,0.345100,0.379241,0.258729,0.185248,0.805297,0.460730,0.707772,0.801218,0.595636,0.210701,0.509063,0.465861,0.359160,0.641668,0.555027,0.581095,0.325515,0.171290,0.347503,0.671667,0.536767,0.357985,0.620251,0.670759,0.252922,0.667071,0.374379,0.414064,0.473300,0.553922,0.563550,0.624748,0.215171,0.697203,0.689037,0.497086,0.678025,0.748810,0.748963,0.351930,0.443182,0.756243,0.300863,0.272208,0.425882,0.608090,0.387080,0.524122,0.274435,0.390225,0.716999,0.744103,0.336500,0.667514,0.295904,0.297854,0.229278,0.783072,0.518620,0.623270,0.181705,0.526258,0.383161,0.673698,0.479349,0.331940,0.654765,0.653131,0.769521,0.761146,0.531016,0.529384,0.336608,0.598306,0.755007,0.369389,0.364930,0.352009,0.585486,0.543347,0.445881,0.452512,0.656557,0.598996,0.439545,0.368886,0.728062,0.252772,0.505494,0.308639,0.449553,0.706310,0.573719,0.502815,0.267177,0.297188,0.660770,0.393889,0.752762,0.714253,0.340502,0.741044,0.798133,0.516357,0.295861,0.747754,0.531874,0.628697,0.658780,0.643710,0.267982,0.613452,0.567039,0.750215,0.344889,0.783009,0.350632,0.325360,0.845397,0.577481,0.619702,0.712915,0.737508,0.319998,0.677193,0.313239,0.846236,0.811981,0.729698,0.697553,0.574463,0.600451,0.744168,0.810361,0.409990,0.503024,0.760010,0.725959,0.463276,0.615885,0.483540,0.749597,0.277172,0.696657,0.680261,0.763419,0.706493,0.536100,0.674777,0.421813,0.248447,0.848730,0.655602,0.628895,0.247696,0.329184,0.654063,0.151255,0.452214,0.692850,0.497117,0.474150,0.614511,0.403886,0.636314,0.692785,0.279412,0.674257,0.440841,0.831993,0.245306,0.641591,0.595918,0.298193,0.597174,0.594928,0.376730,0.692722,0.598153,0.266281,0.573639,0.296230,0.747020,0.660781,0.256257,0.687768,0.734504,0.676216,0.735737,0.740481,0.307319,0.570739,0.653114,0.590701,0.470814,0.728692,0.823994,0.764632,0.625854,0.825577,0.696133,0.302604,0.293093,0.829277,0.620956,0.300702,0.784986,0.669456,0.526081,0.817505,0.691204,0.370285,0.692006,0.772355,0.582758,0.666526,0.762244,0.551662,0.739721,0.551137,0.561284,0.653433,0.630015,0.670729,0.481495,0.414782,0.609924,0.408205,0.719323,0.643897,0.575343,0.552863,0.570011,0.428243,0.826568,0.712151,0.820494,0.632598,0.281396,0.568870,0.716525,0.799626,0.652050,0.787620,0.628928,0.753290,0.330374,0.534427,0.759399,0.694970,0.623986,0.413417,0.862847,0.657748,0.602861,0.666232,0.550130,0.628272,0.816989,0.584776,0.584841,0.357214,0.454505,0.432498,0.401752,0.667797,0.604913,0.750636,0.652731,0.608827,0.512237,0.765272,0.387736,0.757660,0.405760,0.447543,0.665261,0.491499
0.530538,0.538192,0.588605,0.610508,0.593839,0.595110,0.615579,0.510154,0.689352,0.570378,0.639782,0.605540,0.423193,0.550125,0.381386,0.493527,0.500820,0.597938,0.532860,0.701442,0.533853,0.553663,0.630597,0.529681,0.586564,0.647136,0.529682,0.469886,0.506302,0.429716,0.597875,0.553607,0.516825,0.520655,0.466223,0.647075,0.631759,0.568145,0.669452,0.605412,0.436111,0.612738,0.605708,0.698142,0.756844,0.582781,0.588399,0.562584,0.429307,0.647854,0.643695,0.630154,0.465486,0.582555,0.571269,0.455355,0.478914,0.486279,0.659369,0.630156,0.397704,0.597487,0.538325,0.654804,0.629703,0.526386,0.536809,0.427047,0.504282,0.673386,0.628729,0.434280,0.649726,0.611331,0.466328,0.600697,0.616226,0.510870,0.511889,0.706219,0.788177,0.587606,0.558185,0.553241,0.582483,0.700211,0.591861,0.569286,0.525127,0.667473,0.602474,0.510400,0.586998,0.553435,0.562707,0.677354,0.604780,0.420622,0.646778,0.654099,0.528089,0.547510,0.552453,0.642133,0.476486,0.608549,0.589708,0.559935,0.530161,0.667339,0.635000,0.522387,0.707117,0.650396,0.544843,0.548065,0.557096,0.649615,0.637519,0.585535,0.602844,0.627307,0.525715,0.640529,0.568205,0.531694,0.619243,0.518217,0.505845,0.595547,0.539867,0.650151,0.652457,0.540440,0.708541,0.567923,0.000000,0.578930,0.577727,0.550274,0.698851,0.531611,0.555740,0.622556,0.694107,0.564699,0.575881,0.501270,0.647090,0.557566,0.551261,0.502894,0.516118,0.569990,0.605216,0.619003,0.610397,0.828090,0.517764,0.637821,0.731044,0.647062,0.621286,0.583905,0.694290,0.540620,0.551608,0.721501,0.519970,0.580718,0.651559,0.458618,0.578203,0.675232,0.487330,0.680840,0.651826,0.662418,0.603563,0.587415,0.651570,0.525726,0.664829,0.608329,0.612381,0.671508,0.435625,0.697721,0.723423,0.730962,0.595233,0.598022,0.477899,0.729271,0.621499,0.580663,0.518591,0.534920,0.687980,0.675068,0.537292,0.584621,0.707368,0.590266,0.577123,0.692978,0.691862,0.586846,0.530742,0.655481,0.607889,0.576445,0.469211,0.362228,0.707060,0.617025,0.613130,0.656593,0.651956,0.507142,0.498090,0.671848,0.463657,0.625381,0.601333,0.597262,0.560151,0.581225,0.536649,0.652934,0.709635,0.569613,0.544623,0.617362,0.596766,0.625653,0.629870,0.697075,0.716714,0.598388,0.504711,0.585770,0.783043,0.575360,0.619540,0.474946,0.648242,0.505228,0.717617,0.583512,0.672930,0.581719,0.703965,0.597936,0.457839,0.622008,0.702436,0.596432,0.678135,0.674724,0.599057,0.539680,0.626919,0.635089,0.668378,0.562226,0.555997,0.710816,0.534477,0.632461,0.593991,0.587660,0.700596,0.649546,0.671432,0.615255,0.610071,0.524614,0.633702,0.581923,0.621876,0.653011,0.552928,0.581804,0.631048,0.660825,0.510847,0.579100,0.586004,0.514356,0.609679,0.798762,0.578548,0.674251,0.669397,0.595679,0.591131,0.708297,0.522494,0.617560,0.631769,0.634226,0.467323,0.635945,0.713794,0.591780,0.512731,0.660933,0.691817,0.697784,0.610029,0.634567,0.555827,0.703718,0.697364,0.589490,0.457410,0.623859,0.513955,0.477144,0.677110,0.685945,0.705121,0.683022,0.658582,0.675448,0.487978,0.587819,0.667438,0.461739,0.685661,0.577187,0.598113,0.606470,0.564131,0.665113,0.569217,0.635862,0.797742,0.691589,0.641990,0.712027,0.708450,0.475991,0.647183,0.665922,0.634673,0.593576,0.609488,0.773815,0.676428,0.642887,0.756998,0.714598,0.582389,0.700407,0.785476,0.646453,0.679357,0.759209,0.679606,0.516498,0.623956,0.668239,0.643565,0.525605,0.732314,0.525929,0.580989,0.537435,0.639029,0.612308,0.680958,0.589327,0.684762,0.711607,0.649348,0.593418,0.628141,0.602243,0.541537,0.575024,0.703814,0.710791,0.665710,0.696432,0.666004,0.581136,0.770871,0.574364,0.706153,0.655298,0.626475,0.606196,0.694821,0.342435,0.597542,0.743454,0.556568,0.572022,0.785752,0.669581,0.670900,0.521244,0.640090,0.787014,0.678592,0.603180,0.780658,0.729116,0.453817,0.803813,0.691557,0.605509,0.704187,0.715747,0.598911,0.726803,0.693142,0.757213,0.770496,0.706850,0.822243,0.667879,0.600595,0.520143,0.769246,0.690377,0.522294,0.623535,0.660036,0.571352,0.707170,0.781862,0.620813,0.594624,0.745154,0.766855,0.571304,0.671845,0.581901,0.767373,0.711213,0.599740,0.659641,0.741486,0.657903,0.703370,0.517975,0.691108,0.656239,0.756997,0.700120,0.620858,0.574280,0.614789,0.685024,0.667450,0.562520,0.765328,0.749461,0.611782,0.669809,0.713338,0.697168,0.585253,0.767363,0.793180,0.595343,0.531008,0.658928,0.636617,0.452498,0.638488,0.682376,0.727485,0.686838,0.598637,0.710608,0.453687,0.703693,0.625791,0.677725,0.568451,0.606255,0.700879,0.593415,0.633142,0.512948,0.655391,0.822541,0.729635,0.573167,0.730366,0.714614,0.573697,0.659530,0.655864,0.686728,0.425672,0.551464
0.531015,0.583954,0.621158,0.632937,0.646891,0.537998,0.469344,0.543915,0.523737,0.508405,0.492058,0.519192,0.472254,0.563875,0.499043,0.546913,0.565999,0.576394,0.574795,0.642870,0.454517,0.667757,0.513760,0.519519,0.465955,0.604527,0.600769,0.598812,0.610089,0.614597,0.503043,0.613430,0.635246,0.531658,0.661301,0.482318,0.602922,0.529311,0.487431,0.593676,0.606801,0.468786,0.672942,0.696594,0.583645,0.665753,0.662771,0.640491,0.530017,0.460650,0.625720,0.568390,0.591051,0.697527,0.542494,0.644547,0.597148,0.563221,0.688927,0.608416,0.589798,0.602240,0.639608,0.589880,0.536389,0.526178,0.685513,0.609167,0.440274,0.590573,0.626906,0.588011,0.546452,0.654351,0.604680,0.490257,0.603193,0.573560,0.643831,0.565569,0.678574,0.641731,0.600486,0.654735,0.719347,0.511781,0.729463,0.664586,0.653926,0.501351,0.492620,0.580564,0.709433,0.600080,0.622623,0.499488,0.516543,0.577837,0.704724,0.566428,0.617391,0.585708,0.601427,0.689113,0.620133,0.585890,0.639513,0.597967,0.719162,0.526952,0.586509,0.681090,0.559162,0.586466,0.635687,0.601034,0.701606,0.648176,0.571441,0.514481,0.542252,0.741081,0.724478,0.678584,0.595659,0.641584,0.716535,0.561597,0.507374,0.599291,0.692381,0.706955,0.430536,0.545759,0.634351,0.670844,0.578930,0.000000,0.577676,0.584720,0.625843,0.682222,0.663968,0.531801,0.665295,0.667906,0.732866,0.629716,0.553653,0.666105,0.733567,0.642711,0.606883,0.681749,0.540342,0.654830,0.492205,0.584229,0.621673,0.499953,0.708985,0.655373,0.705251,0.691040,0.584425,0.573680,0.677661,0.662260,0.605493,0.681208,0.607144,0.611947,0.686228,0.637994,0.540872,0.636181,0.607073,0.619750,0.664683,0.560113,0.740931,0.710695,0.646379,0.570523,0.732693,0.642918,0.613057,0.699459,0.503268,0.581210,0.675173,0.735070,0.582350,0.639207,0.640591,0.657177,0.610469,0.582734,0.699357,0.663255,0.678664,0.656654,0.578046,0.689265,0.610322,0.568860,0.751064,0.671962,0.506321,0.629872,0.651368,0.744503,0.638577,0.714075,0.771068,0.746846,0.751022,0.635290,0.645372,0.706745,0.657387,0.719903,0.610984,0.671738,0.666701,0.721050,0.745600,0.616911,0.621663,0.654361,0.592393,0.485767,0.704289,0.693823,0.616579,0.727656,0.539910,0.746003,0.753807,0.685222,0.684854,0.711557,0.699547,0.524723,0.599066,0.657854,0.574651,0.622550,0.574576,0.650349,0.652259,0.664809,0.698374,0.718108,0.609088,0.761774,0.714028,0.528033,0.772197,0.691254,0.668980,0.589533,0.710396,0.667167,0.640204,0.687634,0.679805,0.756078,0.665599,0.688715,0.531967,0.605661,0.691236,0.747384,0.748148,0.724676,0.598503,0.591054,0.769259,0.738410,0.613734,0.733539,0.750475,0.741267,0.605219,0.690488,0.700713,0.570298,0.540927,0.624445,0.579081,0.783970,0.629374,0.767280,0.675942,0.666068,0.647336,0.685727,0.636062,0.631930,0.610671,0.761254,0.617221,0.583038,0.708525,0.598821,0.477994,0.758796,0.724490,0.713820,0.733374,0.533171,0.536224,0.650289,0.659430,0.650638,0.599336,0.754960,0.673927,0.638671,0.627139,0.685476,0.503367,0.659108,0.616717,0.625073,0.559473,0.692431,0.675775,0.557889,0.751335,0.649010,0.677515,0.682895,0.549112,0.519739,0.748550,0.627541,0.803897,0.765712,0.724896,0.676937,0.710156,0.449746,0.652231,0.609337,0.705530,0.596953,0.731146,0.738456,0.633354,0.658482,0.648289,0.716890,0.678284,0.662632,0.798161,0.659994,0.709056,0.766206,0.661794,0.604185,0.640119,0.562806,0.572880,0.652059,0.754695,0.619267,0.761349,0.558783,0.593667,0.673631,0.762139,0.704318,0.590873,0.689745,0.677626,0.705566,0.733308,0.727908,0.754429,0.483762,0.687775,0.605196,0.629276,0.661885,0.748843,0.691838,0.753583,0.741998,0.761747,0.710964,0.716568,0.738304,0.503170,0.595921,0.640665,0.731888,0.419878,0.531089,0.741283,0.623925,0.683384,0.576468,0.726571,0.648388,0.667161,0.749347,0.586685,0.484262,0.659855,0.636250,0.655315,0.695292,0.647735,0.524875,0.638163,0.620325,0.526981,0.694696,0.489260,0.688306,0.843798,0.552955,0.702568,0.588843,0.617643,0.655518,0.756491,0.659600,0.754699,0.680773,0.737726,0.735599,0.638685,0.700240,0.762756,0.727548,0.677832,0.611767,0.726354,0.692444,0.706154,0.571813,0.763485,0.768891,0.677325,0.657994,0.606413,0.678798,0.750966,0.706939,0.641498,0.650040,0.724743,0.561445,0.830876,0.687980,0.668929,0.656921,0.709758,0.770560,0.555949,0.659947,0.613540,0.508945,0.759509,0.642796,0.643911,0.603422,0.782260,0.750165,0.643387,0.589825,0.772207,0.675455,0.684130,0.618579,0.484891,0.679789,0.674503,0.778402,0.694753,0.624777,0.636293,0.819257,0.670974,0.801559,0.722016,0.741497,0.593779,0.600195,0.688737,0.561974,0.652951,0.642921,0.685360,0.713333,0.680561,0.626821,0.653746
0.531386,0.555930,0.605157,0.648461,0.609289,0.543967,0.570681,0.654247,0.670424,0.549106,0.611129,0.529478,0.441778,0.622020,0.482460,0.588608,0.660201,0.358838,0.657042,0.619342,0.556786,0.632599,0.648873,0.652067,0.649370,0.627021,0.619179,0.646036,0.694280,0.656045,0.557398,0.544589,0.642534,0.558726,0.686876,0.566233,0.675793,0.541563,0.577546,0.614865,0.637614,0.602858,0.584736,0.741283,0.689697,0.736379,0.527969,0.722735,0.677457,0.646736,0.656315,0.421658,0.617012,0.628090,0.640269,0.670527,0.681699,0.645023,0.769625,0.679895,0.597153,0.709451,0.629588,0.464271,0.643523,0.662016,0.685708,0.642990,0.550924,0.446797,0.672649,0.559766,0.575999,0.639929,0.598593,0.455682,0.693919,0.593854,0.674955,0.676805,0.563236,0.610725,0.658792,0.588882,0.728035,0.542407,0.629266,0.715678,0.709509,0.656937,0.508881,0.669104,0.589326,0.710179,0.689236,0.503788,0.533387,0.591241,0.722049,0.650055,0.558457,0.637306,0.634111,0.688912,0.568559,0.585089,0.590805,0.604937,0.729090,0.715702,0.454852,0.683029,0.648548,0.593936,0.706721,0.724805,0.646543,0.568423,0.614631,0.683308,0.653871,0.739499,0.694083,0.724085,0.575875,0.649320,0.677143,0.609480,0.565352,0.641229,0.727972,0.517305,0.572439,0.625093,0.781282,0.702575,0.577727,0.577676,0.000000,0.638171,0.647707,0.646906,0.720820,0.536209,0.793295,0.714293,0.527733,0.610118,0.524995,0.721958,0.755106,0.650387,0.702139,0.729620,0.697871,0.695245,0.632725,0.546646,0.604901,0.561350,0.632701,0.739393,0.769290,0.766947,0.735789,0.669494,0.713344,0.750018,0.703537,0.746054,0.677419,0.604189,0.646268,0.570677,0.599771,0.601090,0.529976,0.684853,0.747104,0.568376,0.757145,0.669634,0.480247,0.717584,0.785504,0.464652,0.658320,0.493153,0.631049,0.664859,0.736452,0.718071,0.655713,0.664362,0.656534,0.735684,0.646213,0.565313,0.588766,0.755800,0.618675,0.606101,0.595530,0.750390,0.376854,0.644773,0.560639,0.734622,0.636014,0.665336,0.567862,0.811877,0.614574,0.585476,0.705370,0.742409,0.829349,0.475699,0.741047,0.690307,0.583673,0.805934,0.665870,0.695473,0.754171,0.678476,0.771241,0.600900,0.744413,0.586395,0.628708,0.624927,0.692876,0.661447,0.754435,0.715234,0.632553,0.817999,0.714862,0.783174,0.724964,0.803466,0.684375,0.621565,0.692541,0.590533,0.619069,0.721233,0.660546,0.657325,0.649669,0.628211,0.622937,0.596456,0.677245,0.737802,0.561110,0.659026,0.799003,0.760964,0.594793,0.609252,0.794968,0.686892,0.584167,0.705625,0.668131,0.788577,0.719574,0.685373,0.636104,0.706493,0.796988,0.575817,0.532996,0.756875,0.651973,0.612168,0.832413,0.697258,0.661952,0.762572,0.771155,0.782516,0.712030,0.721571,0.645473,0.598534,0.718094,0.655535,0.548527,0.711174,0.532562,0.672416,0.585981,0.635354,0.672865,0.616632,0.755279,0.756147,0.716034,0.728982,0.619093,0.677622,0.752048,0.677794,0.648304,0.743756,0.615400,0.595356,0.758853,0.620822,0.694311,0.705294,0.550861,0.749134,0.657037,0.746826,0.726192,0.629361,0.783142,0.610947,0.542593,0.726519,0.467167,0.605460,0.563754,0.681418,0.535301,0.641746,0.684350,0.686161,0.654715,0.736607,0.534979,0.728634,0.618746,0.637555,0.702986,0.871724,0.756742,0.481347,0.847840,0.582865,0.682420,0.626144,0.652430,0.604903,0.727203,0.644990,0.550391,0.621833,0.751834,0.575729,0.631942,0.511622,0.792200,0.576450,0.770656,0.763262,0.557657,0.645352,0.751807,0.713740,0.639596,0.685443,0.594206,0.621252,0.706130,0.652045,0.707857,0.690807,0.772156,0.758618,0.496136,0.685454,0.602908,0.711879,0.784175,0.629141,0.785051,0.595080,0.589741,0.605717,0.812766,0.669670,0.754395,0.745992,0.789355,0.751343,0.767949,0.581100,0.609089,0.705329,0.671734,0.644766,0.713143,0.614294,0.608867,0.728111,0.751734,0.610042,0.776809,0.656347,0.705095,0.641421,0.479243,0.739972,0.547781,0.656181,0.533442,0.819348,0.730554,0.772257,0.705701,0.718943,0.713141,0.712642,0.584982,0.611207,0.564086,0.608852,0.729779,0.623750,0.795861,0.619327,0.669235,0.609143,0.744774,0.705334,0.675595,0.716220,0.604050,0.559954,0.710638,0.657215,0.689587,0.678078,0.618333,0.601066,0.685915,0.715730,0.545369,0.641847,0.787496,0.891130,0.837711,0.830987,0.640669,0.747426,0.737526,0.784336,0.642853,0.433925,0.661213,0.723091,0.801892,0.626423,0.803570,0.587817,0.715151,0.759831,0.643742,0.567180,0.523720,0.490974,0.579956,0.806452,0.678458,0.624518,0.796546,0.672644,0.621861,0.797836,0.770673,0.497656,0.596933,0.740464,0.644136,0.654915,0.789837,0.643327,0.612392,0.608754,0.783690,0.735874,0.819645,0.836729,0.727902,0.767067,0.541879,0.721646,0.765243,0.641795,0.559819,0.714523,0.679783,0.827339,0.732697,0.563046,0.644982
0.532483,0.463607,0.555453,0.578150,0.483780,0.517758,0.531740,0.500924,0.531758,0.526373,0.534235,0.561006,0.406304,0.526723,0.412303,0.449509,0.343147,0.579907,0.369509,0.622718,0.374224,0.546415,0.365216,0.516477,0.415123,0.555429,0.432131,0.439645,0.486900,0.374734,0.642385,0.515413,0.506752,0.491747,0.356164,0.495067,0.312589,0.520866,0.555500,0.464151,0.429851,0.615879,0.588271,0.682122,0.610220,0.588927,0.510870,0.508112,0.500099,0.520050,0.569158,0.602132,0.369625,0.609527,0.487590,0.557113,0.479564,0.470719,0.563894,0.564593,0.408503,0.534001,0.561167,0.578592,0.505843,0.250319,0.560092,0.425967,0.543007,0.649733,0.503695,0.426486,0.563666,0.604727,0.437091,0.488956,0.451300,0.385009,0.514948,0.644282,0.726098,0.591169,0.512816,0.550566,0.511858,0.542058,0.664856,0.502075,0.502948,0.571696,0.510433,0.449706,0.575447,0.300441,0.509421,0.521346,0.598765,0.429571,0.564990,0.432397,0.418940,0.543875,0.387900,0.505639,0.531760,0.433810,0.556494,0.429776,0.412853,0.557712,0.643523,0.493558,0.564339,0.463025,0.459663,0.619939,0.666868,0.732826,0.467948,0.368519,0.500909,0.627580,0.545314,0.593619,0.176490,0.451923,0.616706,0.194395,0.592945,0.477332,0.524824,0.679816,0.611665,0.364247,0.471821,0.447102,0.550274,0.584720,0.638171,0.000000,0.526121,0.442393,0.573679,0.446040,0.614079,0.404072,0.558990,0.535787,0.680451,0.648136,0.522272,0.477913,0.553005,0.543611,0.561886,0.452478,0.468947,0.662460,0.504593,0.604267,0.729954,0.630728,0.485174,0.524425,0.611608,0.197468,0.467581,0.601468,0.456516,0.425261,0.508142,0.548398,0.654026,0.608213,0.480288,0.558139,0.620720,0.599556,0.436700,0.623363,0.727692,0.623052,0.567237,0.382325,0.575848,0.576685,0.432351,0.564536,0.715257,0.627070,0.460727,0.541417,0.491791,0.599017,0.674853,0.412592,0.515894,0.372405,0.715534,0.527251,0.537413,0.508527,0.628619,0.433836,0.635888,0.569926,0.731539,0.426896,0.509564,0.672758,0.559553,0.463816,0.482197,0.664944,0.785462,0.576463,0.488316,0.680213,0.574445,0.532673,0.578192,0.545622,0.463321,0.515886,0.593327,0.503892,0.590083,0.607270,0.495546,0.692821,0.571892,0.637396,0.515000,0.661060,0.611484,0.469105,0.533315,0.659597,0.735723,0.540565,0.535351,0.490252,0.652782,0.511776,0.538807,0.545089,0.570878,0.509239,0.713847,0.583251,0.464272,0.476586,0.582834,0.714107,0.457177,0.524006,0.689249,0.666095,0.575308,0.723264,0.595578,0.526137,0.590304,0.572800,0.653002,0.538793,0.566736,0.670869,0.630471,0.520016,0.492704,0.334536,0.650971,0.726154,0.683039,0.601132,0.576487,0.417575,0.551403,0.533385,0.682504,0.635295,0.731095,0.553387,0.443770,0.621584,0.597762,0.487505,0.521291,0.496350,0.619233,0.772479,0.550545,0.627566,0.553631,0.448895,0.426367,0.730526,0.615640,0.604357,0.503692,0.508408,0.447631,0.538860,0.600836,0.504225,0.578339,0.665193,0.472934,0.693492,0.528322,0.401180,0.473569,0.434769,0.684786,0.476562,0.669901,0.537315,0.508549,0.464219,0.414160,0.696430,0.629810,0.331448,0.715345,0.609522,0.557673,0.562509,0.586991,0.533914,0.707207,0.638824,0.555662,0.550344,0.643207,0.576920,0.592567,0.408324,0.763125,0.683056,0.590619,0.645659,0.609647,0.597502,0.647373,0.647331,0.538243,0.607079,0.497345,0.755467,0.781681,0.643651,0.596091,0.623868,0.540090,0.726966,0.717317,0.484244,0.506418,0.692325,0.708730,0.571256,0.618121,0.475402,0.565650,0.539844,0.633606,0.636185,0.560920,0.508108,0.593469,0.631191,0.583712,0.547737,0.690479,0.519240,0.515726,0.586764,0.605732,0.505384,0.537442,0.606040,0.657739,0.510640,0.592477,0.603889,0.579965,0.680078,0.724985,0.563433,0.721737,0.498786,0.632347,0.452163,0.708025,0.654551,0.589852,0.674753,0.508445,0.557055,0.659699,0.502623,0.375627,0.450425,0.443270,0.634393,0.725059,0.436685,0.704443,0.629892,0.575101,0.697577,0.585803,0.572890,0.593907,0.555151,0.576869,0.604021,0.688446,0.786134,0.647547,0.536430,0.813147,0.580820,0.597820,0.482103,0.645986,0.642957,0.572582,0.604097,0.695589,0.554969,0.812087,0.653311,0.269888,0.605432,0.714201,0.709738,0.464306,0.572032,0.623972,0.662024,0.643921,0.473047,0.593389,0.617328,0.673283,0.586496,0.533633,0.617710,0.681197,0.767116,0.590098,0.506698,0.600069,0.546844,0.556731,0.683649,0.717635,0.721485,0.599178,0.579581,0.670382,0.714733,0.721255,0.629588,0.747210,0.672890,0.635845,0.506976,0.553746,0.600107,0.579413,0.617505,0.676377,0.720255,0.628198,0.555950,0.598189,0.677971,0.616912,0.669309,0.546806,0.499733,0.494031,0.650844,0.447371,0.666397,0.697562,0.698019,0.595742,0.708508,0.628438,0.617520,0.746783,0.392996,0.644845,0.635731,0.339468,0.527936,0.490254
0.532950,0.576708,0.637790,0.665677,0.625380,0.491252,0.476684,0.649548,0.407954,0.500430,0.459127,0.536408,0.565334,0.560940,0.567712,0.610053,0.635495,0.583930,0.613565,0.590742,0.498866,0.721205,0.404572,0.574472,0.470223,0.610316,0.664214,0.727560,0.675032,0.633369,0.718738,0.602653,0.713408,0.630589,0.691284,0.250507,0.522191,0.577661,0.463532,0.633417,0.664761,0.674760,0.709358,0.612887,0.403053,0.658327,0.591152,0.649633,0.695518,0.456156,0.646513,0.673958,0.649610,0.762002,0.592626,0.657904,0.729887,0.570817,0.662789,0.586277,0.706627,0.612798,0.749471,0.562635,0.522151,0.603845,0.709902,0.711264,0.509212,0.673802,0.453337,0.712955,0.480065,0.606189,0.613496,0.512620,0.581660,0.596714,0.613845,0.591224,0.590190,0.609998,0.701998,0.759000,0.738769,0.285473,0.705627,0.703407,0.681973,0.637206,0.242474,0.630623,0.659764,0.580761,0.693269,0.298144,0.715556,0.702875,0.730626,0.361507,0.618281,0.594971,0.612673,0.688840,0.676587,0.547222,0.725514,0.595834,0.710928,0.386499,0.731518,0.724269,0.589695,0.493588,0.701240,0.748452,0.818979,0.639059,0.513309,0.521139,0.640938,0.755841,0.749136,0.589718,0.541388,0.734502,0.746110,0.574328,0.616980,0.581549,0.745317,0.605708,0.429251,0.586849,0.456588,0.679438,0.698851,0.625843,0.647707,0.526121,0.000000,0.740444,0.749774,0.416969,0.764415,0.790844,0.630349,0.639738,0.657251,0.678091,0.764543,0.711629,0.725408,0.718344,0.589617,0.600454,0.488738,0.589230,0.598805,0.618020,0.647908,0.734553,0.681975,0.771205,0.648328,0.602551,0.688001,0.488430,0.630610,0.673449,0.628560,0.721564,0.784129,0.591293,0.606172,0.733014,0.741423,0.731878,0.699154,0.663120,0.785859,0.623962,0.566594,0.649016,0.784708,0.707364,0.735051,0.600759,0.588934,0.371914,0.701817,0.742919,0.577507,0.455944,0.703105,0.659586,0.659003,0.596891,0.620554,0.661584,0.781753,0.728441,0.598494,0.733950,0.642808,0.542854,0.673723,0.610687,0.612175,0.715867,0.728588,0.700057,0.718413,0.712126,0.828387,0.782927,0.679785,0.784252,0.671955,0.782680,0.693389,0.733395,0.717607,0.688368,0.711618,0.635955,0.788589,0.789931,0.697952,0.631603,0.455284,0.622117,0.694758,0.776167,0.737097,0.599983,0.487488,0.750939,0.764784,0.739974,0.757918,0.702771,0.747242,0.560252,0.678457,0.687480,0.696077,0.705264,0.704925,0.688248,0.501490,0.633160,0.565149,0.726716,0.669929,0.753955,0.624398,0.622529,0.718549,0.674472,0.775245,0.671337,0.781115,0.612720,0.714472,0.691648,0.719796,0.789705,0.715310,0.637684,0.486530,0.607947,0.775784,0.640216,0.656798,0.753458,0.649964,0.579083,0.776668,0.712897,0.734767,0.723579,0.755332,0.759716,0.553966,0.750940,0.688621,0.650637,0.699303,0.669369,0.712962,0.717544,0.629696,0.651378,0.599695,0.640910,0.511655,0.610817,0.732615,0.729508,0.680980,0.517962,0.603122,0.601051,0.721505,0.420702,0.658179,0.729304,0.627050,0.638279,0.784811,0.327968,0.663130,0.624920,0.589343,0.844756,0.732808,0.756056,0.734286,0.681869,0.668353,0.603873,0.518497,0.623659,0.594286,0.802352,0.695873,0.720710,0.671916,0.640553,0.666223,0.752989,0.710968,0.721693,0.681338,0.575781,0.790266,0.592619,0.796848,0.811830,0.734161,0.753904,0.719244,0.634115,0.822447,0.591708,0.620820,0.775073,0.699064,0.690877,0.669406,0.809127,0.559861,0.601732,0.635867,0.645741,0.750580,0.733384,0.619613,0.735037,0.704795,0.713490,0.815880,0.503259,0.477635,0.727994,0.594312,0.789492,0.743535,0.655588,0.766076,0.807564,0.762603,0.782337,0.723768,0.599152,0.738773,0.747182,0.773466,0.722381,0.776118,0.655647,0.536697,0.560537,0.704611,0.607822,0.727622,0.744526,0.714974,0.785950,0.673440,0.572991,0.696311,0.732996,0.716119,0.731893,0.728198,0.621369,0.457069,0.713013,0.712172,0.149075,0.657878,0.585346,0.636691,0.615891,0.693916,0.672774,0.594040,0.559541,0.740420,0.648662,0.483053,0.772616,0.639854,0.472036,0.552891,0.762632,0.669273,0.621294,0.649297,0.647018,0.734659,0.405037,0.731157,0.710773,0.509429,0.741216,0.742479,0.752626,0.653778,0.787842,0.715711,0.657383,0.567824,0.790408,0.724691,0.731665,0.646725,0.512208,0.774979,0.594358,0.678620,0.521796,0.780934,0.684063,0.682412,0.737564,0.738765,0.704909,0.804128,0.775783,0.520691,0.582070,0.734083,0.609229,0.758611,0.821063,0.754800,0.613947,0.600890,0.744550,0.699446,0.621750,0.669708,0.657348,0.605263,0.651435,0.648668,0.716209,0.709933,0.787406,0.670101,0.660350,0.710715,0.699974,0.511780,0.653760,0.590207,0.734637,0.651487,0.851792,0.742422,0.645075,0.708187,0.788111,0.662014,0.808402,0.671286,0.723572,0.585519,0.611099,0.769339,0.626088,0.696094,0.690471,0.627155,0.780270,0.590789,0.691580,0.639926
0.533467,0.606862,0.711055,0.701362,0.682985,0.768602,0.790001,0.674952,0.790483,0.792143,0.775179,0.832408,0.403689,0.719596,0.402444,0.619018,0.585167,0.663029,0.571560,0.767438,0.670144,0.545836,0.679089,0.665213,0.705636,0.789623,0.631469,0.427060,0.630535,0.359968,0.473336,0.668190,0.294461,0.419912,0.413942,0.782634,0.686432,0.672302,0.796931,0.649007,0.582933,0.524656,0.562086,0.756511,0.815382,0.698742,0.716752,0.685605,0.578040,0.791757,0.713303,0.517792,0.387811,0.309482,0.759952,0.610651,0.574025,0.654198,0.743654,0.770316,0.279846,0.786508,0.351012,0.710899,0.708407,0.529580,0.668106,0.262232,0.603571,0.650490,0.603250,0.337864,0.805299,0.805701,0.424069,0.614303,0.675152,0.593218,0.741652,0.856740,0.791671,0.754208,0.605247,0.287126,0.630442,0.754611,0.757852,0.671408,0.494488,0.796648,0.721418,0.638996,0.734409,0.549910,0.457942,0.729610,0.562475,0.343328,0.630465,0.723010,0.603197,0.675524,0.648895,0.699170,0.404760,0.733060,0.353044,0.705017,0.492572,0.791309,0.445432,0.611977,0.854447,0.752462,0.605496,0.742410,0.385019,0.801502,0.719615,0.655086,0.767562,0.690465,0.686287,0.633860,0.547714,0.531835,0.742978,0.406387,0.606002,0.738917,0.674851,0.830632,0.766108,0.654032,0.747118,0.641525,0.531611,0.682222,0.646906,0.442393,0.740444,0.000000,0.668443,0.693966,0.771918,0.274411,0.648172,0.663638,0.678277,0.710684,0.624128,0.388088,0.686470,0.666565,0.708497,0.752862,0.748029,0.817607,0.655919,0.797477,0.862796,0.715769,0.659631,0.628645,0.788536,0.365932,0.678543,0.806557,0.651125,0.558963,0.728637,0.596158,0.356489,0.759305,0.463090,0.722274,0.491428,0.713935,0.549843,0.726807,0.677982,0.633847,0.713613,0.662540,0.679979,0.510616,0.315385,0.764514,0.649644,0.763999,0.654942,0.667663,0.517471,0.724217,0.797517,0.638492,0.678249,0.467546,0.857897,0.647711,0.297597,0.361818,0.672640,0.609940,0.541970,0.768096,0.833720,0.589684,0.641165,0.696594,0.413689,0.533843,0.359202,0.600076,0.816482,0.665641,0.557014,0.485644,0.762481,0.330284,0.534039,0.648636,0.351205,0.712215,0.734470,0.618424,0.654671,0.418507,0.511917,0.798009,0.724922,0.666067,0.675858,0.712013,0.768594,0.667324,0.722667,0.712308,0.853078,0.686904,0.639808,0.577225,0.775631,0.669311,0.716794,0.465793,0.544122,0.654606,0.784861,0.752189,0.694741,0.619753,0.805382,0.773452,0.388659,0.662215,0.807494,0.737908,0.750869,0.845861,0.357436,0.495478,0.709633,0.784312,0.581563,0.787970,0.629666,0.688238,0.649001,0.798792,0.696263,0.724994,0.755313,0.793910,0.779780,0.729369,0.579472,0.600500,0.686562,0.701866,0.668943,0.694613,0.728185,0.630662,0.698940,0.767323,0.517413,0.735048,0.698620,0.391882,0.547527,0.880567,0.571238,0.852158,0.760818,0.656213,0.553409,0.838653,0.750661,0.675539,0.687514,0.638628,0.513149,0.771763,0.764424,0.624208,0.649926,0.682286,0.695668,0.808079,0.632789,0.704583,0.619418,0.727525,0.827591,0.386303,0.660735,0.679497,0.588521,0.422870,0.705834,0.758932,0.793754,0.654924,0.788039,0.469564,0.608853,0.734744,0.527162,0.544098,0.812602,0.549452,0.412653,0.697656,0.658032,0.742197,0.262958,0.730417,0.827741,0.745885,0.688650,0.521619,0.772830,0.616068,0.403205,0.702155,0.734645,0.352820,0.715747,0.867292,0.757320,0.380888,0.811646,0.748229,0.519887,0.849733,0.721215,0.675553,0.760042,0.704739,0.738537,0.648874,0.677737,0.770283,0.759559,0.704801,0.762323,0.398293,0.327889,0.523534,0.591558,0.494612,0.694767,0.700757,0.511302,0.745865,0.619603,0.667490,0.737853,0.322620,0.623342,0.772967,0.678414,0.812335,0.745311,0.743301,0.752060,0.713234,0.759726,0.706158,0.812129,0.740653,0.473782,0.644762,0.809306,0.610264,0.718587,0.758140,0.676070,0.725958,0.775265,0.710948,0.671085,0.598712,0.700021,0.766651,0.846756,0.635148,0.887328,0.755398,0.513261,0.837176,0.616871,0.724650,0.744395,0.719443,0.759189,0.771032,0.734078,0.853114,0.774337,0.714120,0.834262,0.758525,0.736342,0.661922,0.788463,0.786373,0.717942,0.406798,0.798634,0.469830,0.655615,0.786510,0.629051,0.420534,0.692500,0.863794,0.340508,0.673234,0.661143,0.808342,0.790216,0.626866,0.583463,0.680673,0.806983,0.737184,0.655136,0.636454,0.758539,0.845579,0.745458,0.655820,0.586863,0.708358,0.581489,0.348199,0.711353,0.797520,0.775522,0.657191,0.820620,0.843992,0.727188,0.745254,0.787330,0.813562,0.604365,0.683437,0.577212,0.347511,0.561149,0.740382,0.756476,0.690687,0.728967,0.660150,0.793019,0.685569,0.704411,0.457435,0.736215,0.618457,0.731395,0.691824,0.558827,0.748701,0.669290,0.824546,0.813633,0.823641,0.654536,0.865729,0.818080,0.575107,0.683049,0.743460,0.680801,0.495361,0.653646
0.533756,0.456268,0.288573,0.528859,0.297417,0.477485,0.571528,0.208452,0.647579,0.390436,0.611957,0.453722,0.639062,0.371304,0.584109,0.347665,0.306833,0.532797,0.296670,0.745709,0.582741,0.348098,0.538529,0.321819,0.404573,0.392403,0.502265,0.285157,0.284158,0.464772,0.700756,0.458804,0.591009,0.700753,0.357571,0.652353,0.569216,0.469867,0.614813,0.313693,0.330236,0.670218,0.658569,0.671599,0.753403,0.674164,0.404648,0.452919,0.360454,0.580883,0.395532,0.738832,0.655291,0.642469,0.298168,0.612433,0.294305,0.283656,0.574956,0.543873,0.591286,0.420336,0.608822,0.647551,0.455651,0.384076,0.281235,0.545466,0.675719,0.654516,0.754785,0.608717,0.588177,0.477733,0.740331,0.744850,0.414868,0.343669,0.295278,0.598880,0.720050,0.301733,0.478135,0.649383,0.286165,0.705597,0.410884,0.215472,0.736603,0.591196,0.646969,0.249416,0.389442,0.363806,0.714536,0.713166,0.715067,0.623400,0.498937,0.616346,0.371263,0.763577,0.289262,0.296237,0.687610,0.349230,0.637953,0.309272,0.317254,0.634309,0.760521,0.338460,0.557424,0.514622,0.280456,0.323171,0.704464,0.793099,0.446693,0.376671,0.413564,0.317904,0.271018,0.744083,0.534910,0.439219,0.316120,0.568413,0.601695,0.495412,0.250819,0.628922,0.577011,0.388317,0.650815,0.222791,0.555740,0.663968,0.720820,0.573679,0.749774,0.668443,0.000000,0.679494,0.366024,0.687014,0.384804,0.678257,0.833277,0.791803,0.160762,0.665033,0.235455,0.306682,0.456258,0.415679,0.466468,0.781693,0.494901,0.621707,0.831638,0.282937,0.509829,0.214514,0.492310,0.644827,0.290397,0.779270,0.282896,0.491085,0.683375,0.418730,0.664542,0.584778,0.636842,0.497159,0.807319,0.542652,0.480262,0.677579,0.521837,0.779921,0.570537,0.439881,0.293388,0.740690,0.610586,0.568293,0.833220,0.692512,0.429234,0.209021,0.798550,0.835511,0.530372,0.267661,0.295651,0.493673,0.786659,0.479621,0.659573,0.676205,0.762032,0.250138,0.804035,0.553311,0.808163,0.522727,0.637628,0.612114,0.710201,0.539269,0.650844,0.603020,0.584796,0.215339,0.495860,0.826965,0.343169,0.570003,0.769438,0.502969,0.647852,0.339164,0.298138,0.327113,0.156241,0.772404,0.482351,0.711517,0.777811,0.666791,0.318474,0.563826,0.504657,0.453866,0.647276,0.568590,0.587763,0.329392,0.166438,0.471988,0.679265,0.609765,0.389002,0.715043,0.679100,0.277703,0.672683,0.360454,0.555584,0.597077,0.610814,0.564732,0.691679,0.339831,0.776592,0.694716,0.566860,0.744458,0.724795,0.777457,0.298578,0.516298,0.762813,0.294715,0.183134,0.436164,0.715646,0.435475,0.538514,0.363698,0.447935,0.741887,0.816567,0.284897,0.705785,0.487103,0.355983,0.222897,0.825059,0.545074,0.697434,0.181787,0.589476,0.306005,0.741843,0.446015,0.338398,0.722993,0.718873,0.727165,0.842268,0.554237,0.601916,0.391933,0.772477,0.820484,0.360475,0.390601,0.478725,0.693810,0.654799,0.469426,0.413220,0.799712,0.627153,0.499735,0.430383,0.770672,0.312410,0.558699,0.341987,0.533620,0.775665,0.633295,0.538488,0.209456,0.355105,0.724229,0.519819,0.855473,0.682334,0.481187,0.804512,0.755684,0.639833,0.303771,0.723759,0.582789,0.643880,0.684407,0.714836,0.200413,0.651803,0.567297,0.689708,0.406270,0.823598,0.420041,0.394428,0.791696,0.603433,0.675397,0.715447,0.781919,0.338699,0.664458,0.435293,0.862145,0.812819,0.719049,0.728379,0.647170,0.598911,0.819749,0.850307,0.447089,0.613243,0.807046,0.797509,0.489936,0.682868,0.484834,0.749189,0.270887,0.800872,0.634630,0.686893,0.716065,0.599721,0.656738,0.374970,0.308018,0.834116,0.679863,0.704624,0.268405,0.243055,0.684583,0.180699,0.420848,0.761149,0.564796,0.448304,0.658634,0.427995,0.697628,0.754426,0.317395,0.707420,0.534819,0.819990,0.252637,0.583988,0.663526,0.358459,0.637182,0.643982,0.353391,0.769583,0.663314,0.336272,0.647699,0.345678,0.766845,0.711563,0.321855,0.686302,0.704684,0.726427,0.777278,0.799816,0.287707,0.560632,0.727841,0.619849,0.474390,0.743407,0.870053,0.776273,0.747742,0.891974,0.726029,0.283562,0.371189,0.846932,0.734775,0.328184,0.755568,0.695758,0.650465,0.893824,0.742863,0.515162,0.673877,0.795440,0.618969,0.692270,0.840792,0.625196,0.783822,0.680761,0.680002,0.729202,0.730211,0.642490,0.498685,0.470932,0.697991,0.372569,0.690311,0.654025,0.612502,0.657473,0.655686,0.515748,0.805034,0.751678,0.833614,0.732905,0.381497,0.644828,0.759232,0.810583,0.711194,0.851002,0.631190,0.814356,0.410745,0.589347,0.702512,0.784698,0.644843,0.425887,0.842320,0.693359,0.682982,0.680630,0.627086,0.719743,0.764822,0.603618,0.704883,0.390164,0.576384,0.549040,0.387754,0.750063,0.680122,0.797882,0.646045,0.726992,0.499503,0.814798,0.462616,0.833896,0.431749,0.591843,0.742669,0.667239
0.534152,0.459953,0.628007,0.624507,0.544176,0.411799,0.417750,0.618628,0.494171,0.443826,0.441278,0.508644,0.525430,0.578717,0.536197,0.616921,0.522828,0.542891,0.526179,0.542106,0.434203,0.663714,0.374099,0.551062,0.497984,0.603409,0.514172,0.656207,0.614096,0.564220,0.660692,0.565102,0.674876,0.501016,0.615808,0.385680,0.475344,0.501458,0.465174,0.562412,0.579140,0.598571,0.618379,0.730694,0.468756,0.593616,0.532374,0.604476,0.588763,0.405012,0.582123,0.608345,0.550535,0.757156,0.546670,0.597265,0.611668,0.552972,0.682479,0.523263,0.630631,0.584612,0.702807,0.467719,0.542626,0.526321,0.653383,0.629512,0.466210,0.636177,0.522685,0.629750,0.454662,0.561136,0.571877,0.402531,0.528122,0.517794,0.601633,0.592063,0.657505,0.598182,0.586441,0.689704,0.682954,0.373919,0.616043,0.672431,0.531831,0.537044,0.397122,0.571995,0.509308,0.524441,0.582175,0.342704,0.610894,0.642821,0.651249,0.332903,0.484983,0.508777,0.518416,0.551928,0.595456,0.498886,0.693550,0.450874,0.669239,0.467142,0.652685,0.649537,0.508939,0.358941,0.602540,0.707224,0.812777,0.526804,0.497957,0.464755,0.574788,0.760109,0.669087,0.680186,0.462853,0.679126,0.626267,0.457742,0.498294,0.495185,0.652810,0.588734,0.512923,0.467293,0.403306,0.616943,0.622556,0.531801,0.536209,0.446040,0.416969,0.693966,0.679494,0.000000,0.752704,0.651401,0.579169,0.560484,0.544955,0.618599,0.678181,0.610567,0.677696,0.671772,0.684444,0.589817,0.400012,0.524614,0.537681,0.523982,0.650421,0.686460,0.570005,0.704467,0.589196,0.496841,0.610925,0.534320,0.556585,0.594217,0.540619,0.600800,0.793725,0.557494,0.634882,0.523760,0.630816,0.675366,0.550613,0.593665,0.839665,0.543870,0.457858,0.525048,0.668052,0.549917,0.614031,0.522061,0.613167,0.480750,0.572545,0.722068,0.615189,0.493753,0.647984,0.608049,0.628717,0.618031,0.605125,0.640286,0.709559,0.600842,0.516979,0.659830,0.611846,0.518197,0.694785,0.598168,0.592064,0.635478,0.633794,0.698815,0.565370,0.700176,0.724638,0.730593,0.708537,0.715009,0.613820,0.820708,0.572694,0.660152,0.625636,0.662935,0.663794,0.564436,0.733162,0.720854,0.614544,0.604521,0.520200,0.539784,0.620026,0.669076,0.701048,0.640750,0.396706,0.680254,0.674538,0.683565,0.668953,0.671787,0.678323,0.451385,0.666091,0.599004,0.551069,0.585714,0.689896,0.616159,0.504520,0.590244,0.539313,0.683624,0.564651,0.653363,0.630739,0.610232,0.687984,0.632437,0.732758,0.598738,0.708397,0.537488,0.649946,0.594151,0.692072,0.770910,0.554229,0.639197,0.417097,0.513047,0.708443,0.694758,0.615583,0.705898,0.558794,0.458832,0.685068,0.619633,0.610132,0.665907,0.725832,0.702813,0.466075,0.676526,0.701619,0.517098,0.656441,0.593620,0.628104,0.695865,0.569658,0.699319,0.522210,0.631811,0.448475,0.611655,0.679169,0.709707,0.561586,0.533658,0.499089,0.532480,0.715713,0.518636,0.558615,0.645679,0.662275,0.679135,0.675683,0.310154,0.605789,0.640951,0.612644,0.716078,0.671590,0.733007,0.705172,0.559247,0.631606,0.531344,0.462084,0.555545,0.551650,0.711205,0.597453,0.630228,0.545137,0.606515,0.715902,0.720307,0.652772,0.673114,0.614604,0.532927,0.816305,0.470318,0.773380,0.796295,0.712383,0.643636,0.721929,0.583351,0.803517,0.497127,0.555528,0.722200,0.652887,0.698317,0.692143,0.736636,0.655926,0.442268,0.648476,0.615166,0.610245,0.494386,0.682651,0.528638,0.649449,0.650467,0.719952,0.356407,0.249747,0.680743,0.618477,0.682963,0.782993,0.540239,0.698133,0.708543,0.756068,0.740204,0.689550,0.527156,0.629131,0.729087,0.744984,0.658987,0.700275,0.611307,0.575805,0.456776,0.613983,0.635722,0.679247,0.675536,0.622287,0.717123,0.727691,0.433277,0.632267,0.666228,0.664329,0.653131,0.653102,0.490374,0.372131,0.657397,0.563220,0.318213,0.684597,0.533169,0.625277,0.502384,0.604510,0.675271,0.559930,0.545017,0.614970,0.631635,0.600636,0.690370,0.570140,0.568551,0.576433,0.642575,0.587460,0.632101,0.570252,0.612054,0.799368,0.563131,0.709466,0.578218,0.513018,0.657925,0.726204,0.704358,0.683525,0.697780,0.690694,0.596975,0.516751,0.713398,0.536495,0.702725,0.594445,0.536979,0.714512,0.615241,0.664325,0.418614,0.678740,0.780029,0.678322,0.712828,0.636087,0.627906,0.737487,0.777080,0.475494,0.394062,0.642072,0.547367,0.792324,0.769746,0.652833,0.506291,0.418054,0.763349,0.650143,0.666094,0.684183,0.562189,0.649323,0.685628,0.561458,0.651426,0.750852,0.773277,0.620648,0.648512,0.697616,0.688572,0.601966,0.654098,0.627147,0.660649,0.690890,0.757892,0.605803,0.564422,0.632862,0.694987,0.646198,0.833173,0.671930,0.680531,0.434193,0.642250,0.634995,0.566768,0.725156,0.657076,0.637206,0.741751,0.539360,0.593207,0.571077
0.535084,0.518670,0.354064,0.543194,0.408057,0.540953,0.616583,0.330779,0.644808,0.496809,0.637142,0.524390,0.660517,0.464658,0.627902,0.390041,0.479544,0.639770,0.452195,0.683017,0.563389,0.525024,0.584270,0.486773,0.451566,0.503176,0.498670,0.445696,0.424843,0.562468,0.702529,0.534575,0.667657,0.759850,0.516487,0.717716,0.615293,0.615852,0.685217,0.461590,0.471716,0.765011,0.748937,0.560877,0.732395,0.705337,0.482237,0.555139,0.465865,0.661994,0.440128,0.826584,0.733508,0.754419,0.448141,0.675177,0.477405,0.473547,0.589248,0.613971,0.645052,0.494685,0.736863,0.691380,0.541718,0.508703,0.339183,0.631412,0.751795,0.717505,0.783947,0.634913,0.661218,0.561796,0.756736,0.827009,0.491724,0.514135,0.454960,0.580057,0.725867,0.445461,0.565185,0.759494,0.398985,0.769591,0.530802,0.347673,0.732925,0.602415,0.697062,0.423431,0.503054,0.462266,0.773094,0.766244,0.775003,0.636883,0.592258,0.661624,0.483000,0.728367,0.433094,0.401483,0.757317,0.498623,0.714689,0.492554,0.461663,0.707195,0.860141,0.433421,0.636944,0.579050,0.370335,0.392901,0.753710,0.819889,0.608238,0.467974,0.495536,0.398663,0.416170,0.731056,0.599663,0.546432,0.462262,0.670139,0.668822,0.602130,0.349130,0.678083,0.608960,0.474662,0.684969,0.369831,0.694107,0.665295,0.793295,0.614079,0.764415,0.771918,0.366024,0.752704,0.000000,0.765969,0.557991,0.728497,0.878407,0.743499,0.379116,0.764028,0.353280,0.365704,0.445091,0.503743,0.611549,0.782898,0.573106,0.667869,0.751202,0.486962,0.564045,0.391580,0.596452,0.718122,0.401125,0.751387,0.471359,0.621774,0.695009,0.530536,0.760203,0.657803,0.682139,0.575145,0.818501,0.604670,0.532728,0.757328,0.603823,0.817161,0.662213,0.423871,0.361287,0.838764,0.660421,0.660160,0.839342,0.749141,0.508303,0.382494,0.784714,0.840821,0.514765,0.413185,0.422667,0.556316,0.774100,0.447048,0.752222,0.803174,0.760986,0.420494,0.849560,0.701607,0.730482,0.617438,0.611882,0.598271,0.793399,0.681553,0.722994,0.718305,0.616285,0.440440,0.597190,0.909396,0.355031,0.682153,0.790317,0.589040,0.663899,0.429743,0.385934,0.490826,0.369784,0.854382,0.607638,0.758534,0.816152,0.702102,0.385589,0.587729,0.584440,0.552383,0.726159,0.687463,0.672471,0.332142,0.396873,0.587541,0.686879,0.729824,0.409107,0.743293,0.789534,0.388908,0.685841,0.462041,0.560792,0.681588,0.664058,0.607873,0.717727,0.402019,0.773312,0.716230,0.553812,0.770016,0.769269,0.775227,0.315044,0.595960,0.763455,0.418372,0.464282,0.602757,0.717289,0.513714,0.680921,0.490855,0.450681,0.778468,0.832323,0.310638,0.778446,0.583570,0.475047,0.422472,0.816389,0.700688,0.747912,0.382476,0.712948,0.381440,0.746730,0.602748,0.454967,0.712343,0.740377,0.771904,0.860854,0.653156,0.607029,0.451032,0.738712,0.843068,0.473683,0.488008,0.553353,0.701316,0.683706,0.562014,0.434910,0.757547,0.693132,0.543793,0.519077,0.762547,0.392473,0.670671,0.449925,0.484794,0.821768,0.705198,0.537446,0.364705,0.491983,0.794229,0.524183,0.846279,0.752666,0.455652,0.843886,0.796090,0.680236,0.405976,0.748347,0.613592,0.694298,0.642626,0.758090,0.454885,0.705712,0.529345,0.795480,0.539428,0.745697,0.445626,0.435492,0.875098,0.612647,0.692501,0.739555,0.765269,0.495573,0.740983,0.495154,0.851936,0.805112,0.766293,0.698098,0.733941,0.679159,0.811377,0.865812,0.551800,0.595431,0.838764,0.739738,0.627474,0.651188,0.619238,0.795315,0.416323,0.777476,0.755429,0.783996,0.696039,0.669431,0.754204,0.550473,0.344596,0.869734,0.762178,0.676292,0.431798,0.329679,0.773526,0.412458,0.509218,0.731620,0.599678,0.440285,0.713272,0.532006,0.648428,0.734953,0.468200,0.713460,0.613810,0.806625,0.425166,0.576662,0.709146,0.383717,0.762461,0.708419,0.431717,0.786926,0.719192,0.458429,0.708380,0.459534,0.769944,0.722801,0.407295,0.723367,0.728935,0.802610,0.697806,0.782138,0.321807,0.662004,0.694005,0.686376,0.575442,0.696214,0.798092,0.786323,0.700086,0.754923,0.756004,0.348385,0.507573,0.821395,0.712847,0.470748,0.806491,0.719397,0.621610,0.905062,0.749170,0.594693,0.802283,0.824678,0.696888,0.765484,0.793548,0.645466,0.732684,0.671363,0.775971,0.753139,0.732189,0.674560,0.439096,0.603080,0.682841,0.482658,0.730408,0.716716,0.692559,0.693415,0.723364,0.590311,0.850271,0.743882,0.846672,0.777792,0.417095,0.678505,0.736656,0.811506,0.744326,0.780734,0.592840,0.847646,0.514347,0.625322,0.779486,0.809971,0.658678,0.575752,0.909546,0.666418,0.678166,0.688118,0.691266,0.699279,0.870725,0.600853,0.721486,0.493718,0.637829,0.664788,0.421313,0.673725,0.714915,0.800310,0.713737,0.712230,0.604457,0.762389,0.592983,0.781049,0.512104,0.656852,0.809100,0.685230
0.535235,0.595551,0.689223,0.627072,0.650584,0.724603,0.753677,0.645185,0.729675,0.751945,0.750788,0.783626,0.468517,0.708061,0.465166,0.586765,0.541705,0.718299,0.549661,0.762280,0.613655,0.540794,0.611332,0.633787,0.671669,0.754826,0.563903,0.431306,0.589308,0.378240,0.534509,0.626348,0.330111,0.464475,0.373823,0.733334,0.572636,0.687608,0.750476,0.667811,0.555430,0.536501,0.530533,0.744340,0.775058,0.643657,0.696159,0.648700,0.563339,0.786012,0.696458,0.552443,0.358654,0.363198,0.727579,0.616519,0.557075,0.612077,0.710104,0.754574,0.329694,0.722716,0.411788,0.727712,0.748448,0.453805,0.653440,0.323357,0.621506,0.703526,0.643415,0.395480,0.776073,0.801963,0.475572,0.604594,0.686148,0.579094,0.704691,0.853499,0.839527,0.791353,0.583398,0.316224,0.578929,0.779732,0.801499,0.614949,0.481361,0.718921,0.758381,0.610579,0.744618,0.526018,0.474974,0.736837,0.624197,0.410254,0.612046,0.683975,0.581255,0.596162,0.613585,0.686450,0.456423,0.678258,0.397612,0.681271,0.437286,0.773873,0.513935,0.584501,0.802068,0.730532,0.594467,0.667141,0.416155,0.772188,0.698647,0.606532,0.717637,0.666229,0.645543,0.648002,0.500821,0.511283,0.778420,0.349838,0.640690,0.709162,0.630210,0.861304,0.790708,0.602151,0.684157,0.578602,0.564699,0.667906,0.714293,0.404072,0.790844,0.274411,0.687014,0.651401,0.765969,0.000000,0.728135,0.613463,0.704687,0.646383,0.588096,0.392731,0.641404,0.627997,0.734912,0.667430,0.676540,0.784217,0.599264,0.766561,0.790860,0.687605,0.591345,0.569728,0.763006,0.295391,0.602140,0.757949,0.611509,0.528091,0.651255,0.582032,0.414986,0.748673,0.527631,0.732540,0.522571,0.676834,0.467694,0.735746,0.680330,0.623653,0.758973,0.648129,0.635630,0.557103,0.345148,0.798531,0.695793,0.822109,0.569724,0.680476,0.549026,0.733681,0.801290,0.582934,0.674657,0.485509,0.837164,0.674773,0.330979,0.356559,0.687929,0.542726,0.658928,0.764435,0.838677,0.544841,0.591866,0.754014,0.425942,0.523992,0.389649,0.652938,0.843686,0.630353,0.533072,0.537000,0.722191,0.363767,0.535698,0.554369,0.379766,0.689075,0.740895,0.659434,0.676058,0.506591,0.485912,0.770544,0.759268,0.706595,0.661530,0.688676,0.724864,0.635920,0.732256,0.675669,0.791497,0.665205,0.631804,0.545379,0.787744,0.626601,0.681842,0.516211,0.554458,0.582050,0.764227,0.712280,0.652190,0.583645,0.783908,0.778392,0.441968,0.607149,0.764550,0.706613,0.726514,0.861515,0.441739,0.519544,0.692696,0.781542,0.657097,0.726882,0.677787,0.644045,0.600307,0.751525,0.698732,0.611947,0.691488,0.803914,0.778215,0.715589,0.620878,0.548504,0.671108,0.706941,0.622895,0.736179,0.692927,0.613211,0.687125,0.743970,0.585259,0.662306,0.625461,0.485713,0.589189,0.812516,0.612227,0.792873,0.712339,0.617663,0.538018,0.758418,0.650421,0.641164,0.616760,0.628074,0.491477,0.727021,0.751227,0.621631,0.654357,0.724638,0.662065,0.759275,0.582045,0.655649,0.578198,0.687662,0.774023,0.210516,0.692962,0.680334,0.585294,0.413454,0.597558,0.720838,0.772193,0.600891,0.799575,0.551487,0.605038,0.689511,0.573000,0.612562,0.788429,0.567669,0.479910,0.685379,0.734167,0.738168,0.316166,0.672945,0.759400,0.735480,0.668570,0.635633,0.702712,0.669637,0.416485,0.708167,0.729851,0.417243,0.656786,0.797251,0.820994,0.464223,0.830638,0.785945,0.563067,0.813075,0.719291,0.665579,0.698056,0.681118,0.790807,0.597008,0.629159,0.746220,0.748078,0.665823,0.771964,0.458477,0.364207,0.509189,0.577022,0.497030,0.698051,0.648317,0.597539,0.726829,0.641450,0.643009,0.741363,0.438044,0.618599,0.759000,0.797878,0.769966,0.719946,0.716748,0.744180,0.668835,0.702174,0.657366,0.809671,0.702148,0.567769,0.616516,0.830092,0.638239,0.680719,0.816308,0.607960,0.663058,0.705044,0.770534,0.593914,0.621930,0.687563,0.774938,0.878204,0.622526,0.871390,0.777389,0.542043,0.801074,0.666640,0.674239,0.770109,0.732866,0.753717,0.713262,0.747566,0.810749,0.755972,0.689872,0.816611,0.789297,0.727827,0.645974,0.759124,0.744832,0.707818,0.400090,0.783740,0.476286,0.653194,0.827032,0.573531,0.455918,0.716478,0.833648,0.438905,0.733853,0.696296,0.818398,0.761300,0.653019,0.569215,0.685559,0.749342,0.750783,0.573948,0.661841,0.747535,0.808249,0.754841,0.664003,0.589617,0.685317,0.519116,0.442945,0.698001,0.812516,0.724968,0.642334,0.818278,0.821933,0.775691,0.732880,0.829215,0.869330,0.613745,0.643990,0.569184,0.485414,0.600387,0.750656,0.764984,0.707140,0.796847,0.646480,0.778559,0.688163,0.679277,0.487527,0.700803,0.576504,0.699561,0.656242,0.503116,0.732693,0.714574,0.730960,0.756786,0.808360,0.593152,0.792617,0.841816,0.531750,0.669392,0.746184,0.559373,0.537977,0.571196
0.535775,0.517852,0.397562,0.595689,0.410494,0.502726,0.564839,0.447685,0.638631,0.462631,0.576686,0.473561,0.656963,0.481895,0.562751,0.454177,0.468707,0.439405,0.412035,0.711304,0.575246,0.416540,0.546960,0.494129,0.488946,0.414859,0.595137,0.452593,0.473716,0.520779,0.642565,0.486749,0.641551,0.643815,0.512308,0.649327,0.609287,0.511038,0.653138,0.401572,0.466813,0.658694,0.683193,0.585570,0.729333,0.702960,0.371751,0.554665,0.534278,0.609668,0.464775,0.617078,0.691980,0.686615,0.405851,0.643842,0.507895,0.415023,0.598864,0.599974,0.646250,0.529930,0.687820,0.547422,0.454983,0.503078,0.414168,0.581134,0.628202,0.577295,0.725434,0.673282,0.525272,0.424221,0.709323,0.635083,0.411101,0.420918,0.375225,0.589042,0.632962,0.307126,0.569473,0.646030,0.464750,0.598176,0.395606,0.395186,0.729282,0.601616,0.561396,0.466450,0.365401,0.417313,0.731989,0.620195,0.677196,0.672203,0.639943,0.588224,0.349137,0.732546,0.446807,0.451321,0.623222,0.378575,0.625405,0.373826,0.469126,0.615027,0.748555,0.473038,0.584684,0.538886,0.426316,0.511117,0.690443,0.766824,0.499332,0.473519,0.522602,0.428920,0.410886,0.677511,0.519859,0.505056,0.332620,0.569090,0.565899,0.515780,0.460286,0.564884,0.603553,0.480099,0.702169,0.380114,0.575881,0.732866,0.527733,0.558990,0.630349,0.648172,0.384804,0.579169,0.557991,0.728135,0.000000,0.659479,0.817705,0.817516,0.439424,0.654431,0.450474,0.490469,0.564071,0.505906,0.554704,0.730127,0.509341,0.635789,0.781556,0.476185,0.622894,0.468004,0.672726,0.642325,0.446492,0.779075,0.418417,0.536918,0.706919,0.517507,0.694230,0.565252,0.638333,0.550828,0.757177,0.623000,0.631248,0.659995,0.568737,0.746674,0.397481,0.500694,0.479120,0.592600,0.669120,0.540905,0.778038,0.658663,0.569191,0.418078,0.791046,0.748370,0.556140,0.415098,0.436804,0.513259,0.737846,0.541812,0.689761,0.656878,0.738842,0.497067,0.667475,0.633681,0.747439,0.593300,0.612375,0.629336,0.686174,0.654035,0.644551,0.564632,0.517512,0.463019,0.607019,0.801119,0.514516,0.647521,0.717554,0.694263,0.701463,0.493125,0.456521,0.408461,0.428175,0.764563,0.634187,0.634460,0.735568,0.622165,0.441629,0.605267,0.641933,0.549086,0.621131,0.754041,0.558685,0.446289,0.439771,0.581076,0.687954,0.609509,0.529790,0.691008,0.666051,0.489245,0.639694,0.438347,0.551566,0.610460,0.524418,0.535257,0.680636,0.481842,0.702860,0.738877,0.639526,0.739710,0.738151,0.780819,0.483627,0.470204,0.750337,0.400801,0.359952,0.539280,0.673277,0.478757,0.546204,0.496026,0.601855,0.749874,0.767059,0.446535,0.632440,0.514519,0.500446,0.364430,0.818411,0.547917,0.724638,0.458964,0.616334,0.449726,0.715931,0.476286,0.584011,0.673083,0.583777,0.687700,0.795638,0.501235,0.500376,0.503930,0.659331,0.762484,0.517618,0.547434,0.569076,0.641147,0.647186,0.587826,0.513824,0.722469,0.669629,0.491228,0.478899,0.752612,0.477795,0.579095,0.501202,0.608483,0.760376,0.726315,0.591375,0.400687,0.529687,0.709188,0.656879,0.811061,0.682995,0.546236,0.743468,0.775868,0.625238,0.413765,0.660852,0.554926,0.660891,0.748174,0.680277,0.421381,0.558329,0.562007,0.692478,0.493109,0.750655,0.614087,0.542017,0.650887,0.686761,0.654769,0.767183,0.718906,0.378467,0.636937,0.500816,0.815822,0.770872,0.706730,0.673038,0.514608,0.636393,0.727787,0.783468,0.514219,0.695160,0.777792,0.658613,0.518325,0.698906,0.538924,0.664874,0.470614,0.752938,0.660226,0.681461,0.714484,0.666425,0.635708,0.508749,0.488946,0.775080,0.678367,0.684128,0.481938,0.437904,0.585612,0.452899,0.472022,0.626289,0.554817,0.522136,0.700865,0.473240,0.735441,0.744464,0.455625,0.711176,0.424096,0.769341,0.413851,0.603974,0.662273,0.441774,0.541551,0.615303,0.603780,0.667728,0.549160,0.457436,0.678919,0.457481,0.640258,0.594281,0.438618,0.675534,0.717357,0.692454,0.805927,0.750170,0.459926,0.566973,0.685628,0.631477,0.624648,0.749059,0.805142,0.735454,0.703895,0.823122,0.751430,0.473146,0.488021,0.804107,0.687415,0.476855,0.807111,0.681316,0.622422,0.783032,0.653535,0.552763,0.694193,0.765716,0.623114,0.648144,0.727403,0.638760,0.738974,0.576649,0.612866,0.738980,0.732731,0.706446,0.573514,0.534143,0.659668,0.525359,0.712513,0.544177,0.453562,0.664398,0.714715,0.647938,0.806101,0.749514,0.735204,0.680276,0.477819,0.659183,0.731205,0.721020,0.673854,0.742656,0.605991,0.797924,0.494563,0.643060,0.638238,0.684979,0.776140,0.519890,0.753323,0.657199,0.698555,0.648447,0.648365,0.705282,0.779277,0.635584,0.662358,0.501722,0.644485,0.698210,0.513623,0.707128,0.724311,0.707950,0.676364,0.751008,0.587597,0.761840,0.516607,0.813535,0.596780,0.656042,0.712654,0.661021
0.536288,0.488774,0.607189,0.553655,0.577868,0.606984,0.650131,0.636583,0.617914,0.561533,0.658348,0.524420,0.427705,0.604639,0.427616,0.500005,0.513833,0.587201,0.504269,0.640926,0.465030,0.604336,0.568529,0.596138,0.595802,0.589973,0.465692,0.542466,0.563694,0.514173,0.657731,0.464393,0.605906,0.502711,0.511119,0.626411,0.524932,0.587693,0.672747,0.610500,0.439506,0.674006,0.608656,0.661420,0.680559,0.450512,0.601031,0.488660,0.493064,0.640210,0.680039,0.653527,0.517580,0.658796,0.535757,0.367164,0.558442,0.568920,0.585522,0.562007,0.595292,0.565481,0.598760,0.677001,0.617081,0.513286,0.563045,0.571620,0.504110,0.717110,0.638912,0.591524,0.722929,0.602538,0.498405,0.606102,0.668831,0.519472,0.599368,0.729101,0.814115,0.707860,0.539527,0.657914,0.601712,0.676975,0.662422,0.573456,0.486866,0.673320,0.628789,0.605270,0.636453,0.537892,0.587006,0.681217,0.597676,0.574288,0.638378,0.601418,0.514046,0.437560,0.568215,0.667540,0.495104,0.530706,0.623264,0.535208,0.547473,0.728768,0.683459,0.500687,0.652490,0.631282,0.616366,0.621030,0.748979,0.513584,0.657311,0.608353,0.602078,0.648120,0.534614,0.607121,0.507126,0.633757,0.679901,0.543764,0.504779,0.592414,0.606953,0.691737,0.678040,0.560889,0.585877,0.551711,0.501270,0.629716,0.610118,0.535787,0.639738,0.663638,0.678257,0.560484,0.728497,0.613463,0.659479,0.000000,0.645818,0.477457,0.604154,0.549834,0.587353,0.587005,0.629322,0.562788,0.667428,0.726913,0.453928,0.549005,0.663755,0.713223,0.540730,0.583311,0.735465,0.570659,0.518727,0.619810,0.588441,0.575702,0.537557,0.480681,0.664773,0.677011,0.535194,0.699315,0.615542,0.596311,0.602673,0.628317,0.662197,0.375851,0.666226,0.598131,0.647016,0.669874,0.569983,0.618746,0.724689,0.664229,0.520297,0.697133,0.488765,0.707773,0.618680,0.580947,0.629372,0.571341,0.748108,0.700212,0.644072,0.595161,0.651420,0.549917,0.603866,0.672061,0.586872,0.519252,0.452807,0.683704,0.581243,0.532060,0.534324,0.562623,0.703758,0.621936,0.531876,0.721192,0.706417,0.719183,0.453276,0.657732,0.556383,0.696233,0.675777,0.566226,0.644655,0.663106,0.547244,0.574547,0.692078,0.563999,0.557851,0.602730,0.637096,0.566444,0.759505,0.615094,0.694256,0.675343,0.567520,0.548514,0.763323,0.515840,0.654395,0.472583,0.679797,0.585124,0.731857,0.661026,0.606199,0.445410,0.567152,0.683248,0.541113,0.586397,0.597047,0.635667,0.578091,0.597045,0.659801,0.531904,0.709194,0.585946,0.645586,0.595362,0.665644,0.675277,0.377509,0.594635,0.647816,0.550264,0.733700,0.650418,0.495875,0.701622,0.709568,0.451994,0.579035,0.616768,0.598414,0.680231,0.489890,0.629924,0.523304,0.711435,0.477852,0.642332,0.603577,0.554539,0.646351,0.681670,0.502011,0.579515,0.684181,0.586788,0.503457,0.597353,0.660721,0.631228,0.521097,0.573271,0.480244,0.726562,0.739403,0.526304,0.492585,0.634946,0.667664,0.666027,0.627455,0.659667,0.570560,0.653952,0.665635,0.666380,0.624581,0.701925,0.571233,0.543593,0.654407,0.631349,0.685303,0.636272,0.634796,0.758814,0.414270,0.675080,0.706000,0.496405,0.653590,0.669213,0.600114,0.630537,0.609760,0.691818,0.713639,0.640551,0.705456,0.707386,0.608980,0.777677,0.755480,0.518563,0.710729,0.680959,0.699184,0.645365,0.599537,0.681072,0.766682,0.708493,0.743432,0.585138,0.638980,0.642285,0.592938,0.683485,0.554510,0.641638,0.652245,0.453364,0.642267,0.681676,0.652165,0.582790,0.521839,0.611974,0.715767,0.583012,0.673905,0.748136,0.711500,0.597788,0.700406,0.624448,0.689144,0.589572,0.689561,0.694742,0.602275,0.691819,0.596505,0.651644,0.712015,0.751263,0.674401,0.537689,0.680932,0.590168,0.646023,0.569057,0.705397,0.684205,0.785467,0.408421,0.656327,0.581175,0.585131,0.645350,0.741384,0.662673,0.680385,0.550808,0.606267,0.747528,0.676750,0.620946,0.799264,0.670981,0.451307,0.751915,0.588141,0.697808,0.754771,0.660673,0.578882,0.751695,0.662507,0.721245,0.791037,0.634247,0.683478,0.613584,0.679142,0.427467,0.652878,0.557257,0.545474,0.703511,0.636219,0.518187,0.659729,0.666871,0.569493,0.689458,0.635323,0.734232,0.588569,0.656428,0.519312,0.746926,0.612139,0.624468,0.545691,0.657380,0.645144,0.735921,0.479282,0.665261,0.714666,0.861095,0.649893,0.688656,0.577475,0.517652,0.682281,0.733573,0.486993,0.705218,0.648352,0.619871,0.573069,0.633798,0.767637,0.646254,0.648762,0.712369,0.559329,0.460124,0.656517,0.765388,0.454428,0.614436,0.655603,0.733951,0.595360,0.619404,0.711678,0.374519,0.696275,0.694846,0.665601,0.580365,0.603611,0.559775,0.520124,0.690081,0.514481,0.608919,0.696983,0.640508,0.499337,0.685337,0.730263,0.504069,0.576566,0.605649,0.590249,0.452276,0.436675
0.536580,0.598007,0.688396,0.651366,0.738018,0.545262,0.538423,0.700907,0.620573,0.625724,0.547746,0.618149,0.494762,0.658979,0.579224,0.725757,0.738582,0.580745,0.729641,0.613520,0.574834,0.767951,0.668026,0.732745,0.708870,0.697312,0.713975,0.716083,0.782141,0.723525,0.614025,0.652680,0.669734,0.540148,0.754210,0.538260,0.599036,0.656732,0.553523,0.708300,0.749476,0.584917,0.657674,0.750330,0.559719,0.694721,0.737978,0.759617,0.727318,0.604099,0.644423,0.450392,0.576798,0.646811,0.748503,0.695463,0.739906,0.756735,0.690946,0.696098,0.615609,0.772968,0.627292,0.545000,0.715907,0.718295,0.795624,0.681177,0.588439,0.504386,0.527113,0.570515,0.669915,0.766596,0.589946,0.510649,0.755958,0.761091,0.798167,0.713521,0.589424,0.761854,0.736928,0.667167,0.841817,0.556228,0.769155,0.843369,0.690149,0.663733,0.559371,0.766932,0.789287,0.806219,0.556157,0.535891,0.564365,0.606070,0.766725,0.704344,0.743219,0.578036,0.763402,0.719009,0.601328,0.750834,0.661398,0.767498,0.838275,0.669634,0.523915,0.805594,0.683101,0.609905,0.788070,0.763206,0.690188,0.585422,0.663708,0.821941,0.720000,0.840707,0.830940,0.705381,0.650027,0.755039,0.824188,0.642046,0.592980,0.673999,0.823718,0.544211,0.656378,0.761059,0.694696,0.860434,0.647090,0.553653,0.524995,0.680451,0.657251,0.678277,0.833277,0.544955,0.878407,0.704687,0.817705,0.645818,0.000000,0.593921,0.867581,0.617473,0.854029,0.847757,0.840347,0.795470,0.723059,0.551900,0.675594,0.596407,0.589866,0.732427,0.822274,0.834316,0.716907,0.650102,0.798955,0.684574,0.817814,0.777281,0.685490,0.778653,0.656679,0.634401,0.685886,0.701865,0.603355,0.716804,0.772582,0.670982,0.806906,0.620424,0.659039,0.774550,0.861293,0.567346,0.673689,0.592955,0.614185,0.632753,0.803154,0.861054,0.668879,0.621881,0.741174,0.831916,0.848507,0.731605,0.650209,0.760571,0.705172,0.618341,0.553233,0.833668,0.524207,0.620905,0.612783,0.794823,0.694607,0.640333,0.595553,0.785860,0.643746,0.693078,0.785053,0.858122,0.791126,0.533167,0.788696,0.732412,0.609822,0.771522,0.686641,0.830792,0.800069,0.803938,0.894416,0.617874,0.714623,0.671736,0.654222,0.632858,0.833314,0.753572,0.842648,0.780918,0.649571,0.787753,0.788920,0.825953,0.845768,0.784615,0.579714,0.696685,0.902744,0.645327,0.677401,0.825913,0.641400,0.839368,0.771794,0.677362,0.712044,0.754297,0.657988,0.900955,0.598160,0.675278,0.841227,0.715651,0.601933,0.562685,0.816571,0.820958,0.560331,0.818253,0.848175,0.868095,0.711229,0.805805,0.674474,0.811388,0.872109,0.577450,0.519248,0.841706,0.660438,0.723052,0.867206,0.817108,0.608775,0.725926,0.764119,0.857110,0.719308,0.817469,0.662823,0.696938,0.777663,0.624831,0.738822,0.702938,0.472275,0.775076,0.725337,0.844772,0.770638,0.574940,0.792736,0.803999,0.818570,0.745286,0.733325,0.805372,0.758484,0.701636,0.690627,0.814779,0.828079,0.556353,0.852588,0.717791,0.792744,0.695714,0.499631,0.736788,0.784443,0.873814,0.834469,0.628685,0.799287,0.522446,0.615209,0.799952,0.439440,0.601300,0.705116,0.878395,0.658804,0.724603,0.640800,0.682634,0.638090,0.813221,0.684142,0.728535,0.679208,0.805238,0.640128,0.878228,0.816461,0.651830,0.770833,0.580237,0.701352,0.610437,0.834334,0.645457,0.795304,0.726309,0.587640,0.701438,0.786894,0.704496,0.700753,0.533004,0.697439,0.748040,0.754260,0.650912,0.638304,0.768273,0.709774,0.776811,0.544229,0.855847,0.592587,0.652234,0.697192,0.640654,0.615555,0.721401,0.846630,0.848612,0.559005,0.739456,0.644903,0.846457,0.841221,0.734165,0.902195,0.776941,0.587770,0.768940,0.794477,0.575780,0.884249,0.724249,0.733187,0.889193,0.833794,0.770837,0.617306,0.880871,0.726353,0.665781,0.803505,0.698091,0.608445,0.787341,0.668002,0.714770,0.881962,0.749138,0.852499,0.710764,0.685205,0.902139,0.655598,0.566020,0.551269,0.546125,0.629826,0.849941,0.779746,0.742386,0.735849,0.716995,0.584738,0.585276,0.586991,0.657611,0.716161,0.569398,0.894411,0.777233,0.654251,0.656942,0.881753,0.561529,0.615071,0.737319,0.647039,0.631073,0.783778,0.663822,0.631410,0.602355,0.663108,0.632109,0.767318,0.593218,0.706783,0.696509,0.752018,0.797188,0.755253,0.762774,0.801202,0.756182,0.775008,0.795922,0.672524,0.712096,0.759454,0.731728,0.795433,0.633435,0.712850,0.525153,0.757873,0.922235,0.648090,0.485645,0.544366,0.694855,0.577407,0.868713,0.565270,0.773800,0.816048,0.749329,0.674915,0.753048,0.823285,0.459297,0.641552,0.813182,0.680890,0.757334,0.779733,0.672138,0.736152,0.697517,0.749495,0.773130,0.757096,0.887356,0.658127,0.727487,0.613609,0.713649,0.746559,0.792932,0.570321,0.833889,0.623510,0.867160,0.701445,0.631554,0.684824
0.536936,0.549820,0.632869,0.627929,0.666386,0.655849,0.653369,0.668718,0.619835,0.664973,0.674438,0.650678,0.522525,0.715328,0.539221,0.674171,0.701404,0.666317,0.685361,0.564273,0.570540,0.744323,0.633453,0.728278,0.689866,0.721526,0.505926,0.704255,0.609535,0.602827,0.762716,0.593497,0.703955,0.590466,0.633188,0.634725,0.608888,0.653927,0.674846,0.723103,0.559217,0.771760,0.718516,0.595160,0.627684,0.444051,0.653215,0.616713,0.589067,0.745119,0.723107,0.764401,0.565926,0.745424,0.665615,0.445542,0.668662,0.686453,0.609050,0.669710,0.609066,0.672244,0.670501,0.677032,0.693668,0.693612,0.687996,0.609344,0.596193,0.735042,0.603156,0.573928,0.707417,0.719847,0.532766,0.670727,0.766899,0.612041,0.726878,0.696977,0.783664,0.781061,0.615203,0.798745,0.709402,0.707597,0.740275,0.703889,0.470961,0.692420,0.660380,0.697580,0.745254,0.684231,0.625948,0.648705,0.701119,0.544965,0.720050,0.656222,0.614716,0.166306,0.731222,0.756163,0.530059,0.716450,0.750624,0.684711,0.685261,0.713769,0.734283,0.662051,0.715057,0.725982,0.750801,0.716372,0.833213,0.525248,0.753589,0.732290,0.679266,0.724228,0.690303,0.621689,0.679721,0.758455,0.710199,0.637792,0.584221,0.716377,0.693233,0.653937,0.638392,0.677898,0.574286,0.701135,0.557566,0.666105,0.721958,0.648136,0.678091,0.710684,0.791803,0.618599,0.743499,0.646383,0.817516,0.477457,0.593921,0.000000,0.747259,0.575045,0.723246,0.677437,0.668221,0.734548,0.764775,0.684678,0.540298,0.587377,0.634636,0.792648,0.661789,0.743298,0.722995,0.646617,0.655686,0.599470,0.704158,0.681074,0.623843,0.593240,0.767954,0.728510,0.561582,0.696127,0.608808,0.696107,0.700994,0.676646,0.736518,0.400688,0.734711,0.725420,0.711943,0.798561,0.579755,0.707535,0.768673,0.707340,0.648985,0.805205,0.493964,0.597955,0.558005,0.745343,0.768091,0.698863,0.763775,0.723755,0.749483,0.696386,0.597615,0.749506,0.754064,0.766468,0.622038,0.685074,0.543122,0.699016,0.709276,0.619591,0.576389,0.679712,0.622539,0.763979,0.638251,0.766316,0.781136,0.758622,0.476300,0.716336,0.536687,0.773518,0.749994,0.688072,0.778740,0.701875,0.604616,0.608780,0.653641,0.623856,0.698359,0.720885,0.719732,0.741095,0.710075,0.716700,0.626342,0.760232,0.736093,0.625770,0.748560,0.660748,0.753700,0.582474,0.802855,0.690158,0.719421,0.771737,0.656460,0.570082,0.668396,0.713416,0.576767,0.688635,0.692315,0.520898,0.713787,0.578666,0.710396,0.529198,0.781476,0.717434,0.674067,0.739300,0.818251,0.820118,0.387314,0.719136,0.836884,0.715141,0.784041,0.706687,0.588331,0.771498,0.692151,0.575990,0.688864,0.738153,0.493576,0.713484,0.465602,0.760937,0.619889,0.788798,0.614178,0.803066,0.702088,0.558959,0.793702,0.738205,0.522799,0.694290,0.736109,0.783491,0.502384,0.594023,0.729920,0.707834,0.636360,0.608924,0.512449,0.762627,0.811226,0.495386,0.577264,0.623332,0.782653,0.674287,0.754885,0.734737,0.635343,0.684966,0.611959,0.690211,0.643993,0.809616,0.707300,0.565692,0.688008,0.543798,0.788484,0.731294,0.632916,0.761118,0.517999,0.809323,0.775605,0.597713,0.740389,0.634236,0.628317,0.788147,0.710616,0.696714,0.771957,0.784731,0.684333,0.739487,0.666162,0.790651,0.787930,0.590812,0.775397,0.615717,0.817533,0.776598,0.708923,0.634307,0.626254,0.764512,0.669848,0.655362,0.721213,0.664820,0.625447,0.730247,0.662248,0.603742,0.664234,0.654966,0.713840,0.851755,0.705799,0.744953,0.611166,0.750978,0.780309,0.585955,0.658633,0.767380,0.789400,0.717927,0.755570,0.678215,0.653532,0.740602,0.815265,0.741261,0.770081,0.722616,0.644320,0.759298,0.763409,0.730054,0.798557,0.548666,0.462004,0.761321,0.649260,0.709812,0.588573,0.818497,0.733762,0.495513,0.738385,0.631695,0.692439,0.693354,0.731408,0.730517,0.796038,0.645538,0.780532,0.713672,0.756419,0.753217,0.816979,0.631113,0.569202,0.702487,0.605801,0.794103,0.804780,0.722089,0.649036,0.805987,0.692427,0.737733,0.758500,0.627233,0.666087,0.685945,0.780717,0.589234,0.602415,0.629166,0.675440,0.716874,0.707815,0.536308,0.681521,0.749486,0.725136,0.785468,0.612404,0.767804,0.654052,0.641588,0.656168,0.691071,0.616062,0.654305,0.558407,0.600135,0.666458,0.755921,0.645705,0.655332,0.767487,0.749017,0.775843,0.781459,0.621364,0.595334,0.748373,0.745285,0.431736,0.693461,0.611480,0.688865,0.619837,0.702913,0.769774,0.743601,0.760245,0.808147,0.534806,0.650515,0.718227,0.767464,0.501893,0.609619,0.743810,0.806594,0.615627,0.671499,0.758893,0.496532,0.627052,0.776558,0.680862,0.549872,0.727338,0.627700,0.571033,0.764384,0.408325,0.594531,0.732985,0.636283,0.512551,0.829444,0.656388,0.663547,0.437765,0.656822,0.666326,0.529750,0.471712
0.537680,0.475748,0.290038,0.491336,0.251166,0.478046,0.599071,0.232672,0.630410,0.423508,0.618265,0.488780,0.607362,0.414694,0.560636,0.359249,0.238865,0.607906,0.248018,0.726378,0.547820,0.365134,0.484174,0.361677,0.404251,0.457156,0.451313,0.236543,0.216920,0.380056,0.724001,0.385618,0.593390,0.683654,0.248863,0.664487,0.541636,0.471592,0.630344,0.341207,0.244524,0.689626,0.609113,0.667801,0.770716,0.605393,0.429178,0.369487,0.291131,0.646746,0.395827,0.764856,0.631886,0.660017,0.357684,0.533165,0.267206,0.280838,0.598777,0.554988,0.541248,0.454154,0.596057,0.686524,0.478437,0.324471,0.204678,0.490254,0.677556,0.708957,0.712773,0.574211,0.647913,0.518685,0.685995,0.780564,0.447858,0.330778,0.345528,0.643338,0.766333,0.395022,0.433034,0.631011,0.188709,0.750156,0.467653,0.158717,0.690273,0.592360,0.698167,0.241472,0.374802,0.312089,0.691234,0.732910,0.735587,0.584502,0.471560,0.596797,0.326533,0.665772,0.264092,0.275405,0.657839,0.365769,0.641691,0.331992,0.205723,0.648245,0.782360,0.222565,0.601379,0.487831,0.245518,0.280999,0.705937,0.788438,0.505524,0.355702,0.448796,0.263832,0.200638,0.691931,0.500848,0.428713,0.362491,0.501528,0.640750,0.477375,0.179739,0.669040,0.648373,0.380648,0.597017,0.147502,0.551261,0.733567,0.755106,0.522272,0.764543,0.624128,0.160762,0.678181,0.379116,0.588096,0.439424,0.604154,0.867581,0.747259,0.000000,0.599249,0.180509,0.222241,0.469210,0.367382,0.484208,0.843126,0.438865,0.666997,0.766174,0.372593,0.409069,0.127265,0.542075,0.579053,0.181804,0.751280,0.249693,0.427419,0.650112,0.362411,0.685464,0.617563,0.613576,0.510807,0.807579,0.494412,0.360331,0.713150,0.555446,0.732089,0.640784,0.399990,0.173512,0.730150,0.563545,0.598312,0.887018,0.697130,0.372389,0.245450,0.743527,0.839889,0.579682,0.226430,0.313360,0.397498,0.805937,0.465116,0.612215,0.663841,0.755096,0.140210,0.829857,0.580968,0.766484,0.455712,0.558330,0.643455,0.724741,0.432463,0.580615,0.597144,0.689247,0.157363,0.390746,0.853299,0.382193,0.592989,0.718411,0.436766,0.601151,0.330900,0.342784,0.291403,0.130789,0.779745,0.440376,0.725230,0.806304,0.691424,0.248480,0.492123,0.477444,0.411439,0.669821,0.562701,0.668465,0.303784,0.112662,0.318418,0.705925,0.566429,0.379733,0.657738,0.656867,0.212242,0.721537,0.393874,0.487977,0.523982,0.661651,0.591530,0.628125,0.228507,0.717683,0.667161,0.498531,0.727821,0.745757,0.756687,0.291048,0.500251,0.757201,0.285543,0.266666,0.409738,0.641472,0.417759,0.579021,0.307619,0.389711,0.690308,0.752894,0.299299,0.698533,0.409723,0.260721,0.218937,0.820455,0.557822,0.638413,0.094160,0.593003,0.334946,0.700846,0.509310,0.311310,0.655414,0.711260,0.793102,0.792925,0.567755,0.603516,0.368382,0.669318,0.754096,0.353355,0.355350,0.385562,0.617871,0.591245,0.496302,0.454569,0.749663,0.597088,0.507936,0.357413,0.715739,0.195038,0.578933,0.340183,0.546876,0.735064,0.564947,0.544638,0.252167,0.251941,0.680105,0.457459,0.799187,0.741551,0.447472,0.769990,0.772903,0.589796,0.289757,0.749135,0.542860,0.611599,0.681333,0.676660,0.234427,0.713273,0.598004,0.713595,0.386643,0.806770,0.347816,0.323483,0.831980,0.570376,0.703750,0.713252,0.772588,0.375556,0.691714,0.333740,0.873468,0.823304,0.732748,0.745992,0.655929,0.565722,0.753987,0.841022,0.424701,0.576432,0.786592,0.778297,0.468639,0.617645,0.530478,0.754852,0.231699,0.737254,0.642660,0.753316,0.721761,0.591598,0.716197,0.387951,0.209028,0.850265,0.647999,0.673478,0.239104,0.261455,0.650740,0.105179,0.508936,0.752200,0.557230,0.475895,0.622039,0.353919,0.634757,0.758024,0.264812,0.715248,0.551281,0.809922,0.239993,0.660711,0.588478,0.322133,0.663589,0.630607,0.365242,0.762656,0.680463,0.292386,0.594132,0.318144,0.823998,0.686963,0.259147,0.732817,0.781349,0.672690,0.766603,0.777379,0.264455,0.606147,0.720239,0.604607,0.469361,0.749868,0.794860,0.794343,0.746218,0.831514,0.744799,0.281112,0.346234,0.828017,0.654153,0.278374,0.739916,0.665553,0.569180,0.807523,0.727053,0.467778,0.642242,0.789111,0.641160,0.644930,0.799207,0.545539,0.741925,0.667242,0.635189,0.655327,0.644290,0.644103,0.488261,0.409518,0.614892,0.369140,0.735759,0.700266,0.610243,0.570246,0.611130,0.426193,0.796461,0.718952,0.838930,0.704901,0.303845,0.604014,0.722097,0.846270,0.718575,0.773976,0.654182,0.764092,0.346428,0.522599,0.723353,0.729151,0.639220,0.412855,0.861791,0.726211,0.625237,0.718873,0.560383,0.699802,0.745200,0.633046,0.608982,0.403144,0.472091,0.423564,0.330246,0.731010,0.573103,0.799915,0.676325,0.623628,0.570292,0.807110,0.421285,0.752660,0.390853,0.501584,0.684985,0.556489
0.537786,0.541220,0.689389,0.658820,0.605911,0.675123,0.724805,0.625581,0.724944,0.700916,0.701995,0.757205,0.356882,0.711083,0.371209,0.566827,0.573912,0.660724,0.592446,0.666443,0.580989,0.597929,0.615891,0.675585,0.662571,0.722675,0.544023,0.453388,0.603501,0.386771,0.553395,0.629154,0.409576,0.362867,0.383618,0.708850,0.582645,0.686762,0.752416,0.656502,0.491219,0.602874,0.603620,0.698638,0.768116,0.623690,0.672421,0.608324,0.567645,0.778064,0.685272,0.547543,0.413381,0.470967,0.734666,0.542158,0.545671,0.647688,0.660228,0.738708,0.316853,0.721739,0.455195,0.643086,0.689868,0.520206,0.655472,0.327798,0.638208,0.676629,0.590059,0.350607,0.818856,0.767420,0.415859,0.623033,0.678555,0.546206,0.674555,0.831620,0.828349,0.779746,0.598821,0.429521,0.583465,0.739159,0.717059,0.667536,0.503024,0.727619,0.733439,0.584372,0.655967,0.566998,0.462785,0.678850,0.542903,0.366867,0.624758,0.692068,0.546018,0.555968,0.639327,0.660530,0.161734,0.642423,0.508246,0.661693,0.486233,0.756203,0.530404,0.568216,0.785515,0.627137,0.611738,0.644222,0.542444,0.786733,0.693176,0.619779,0.655408,0.693513,0.646937,0.589415,0.583104,0.532124,0.689001,0.471829,0.581954,0.704885,0.649551,0.755589,0.707112,0.549118,0.708722,0.638762,0.502894,0.642711,0.650387,0.477913,0.711629,0.388088,0.665033,0.610567,0.764028,0.392731,0.654431,0.549834,0.617473,0.575045,0.599249,0.000000,0.656010,0.672586,0.668782,0.676965,0.724293,0.797311,0.580010,0.697149,0.744182,0.740229,0.563082,0.613483,0.784263,0.440933,0.620218,0.773735,0.628336,0.484409,0.655596,0.580811,0.510671,0.719632,0.440758,0.707578,0.521505,0.675656,0.615259,0.683391,0.711763,0.604539,0.693344,0.665376,0.652309,0.552403,0.361382,0.653510,0.672432,0.759666,0.626869,0.664135,0.473106,0.704117,0.697063,0.612798,0.661368,0.496785,0.817439,0.720745,0.441012,0.465064,0.649771,0.593230,0.573734,0.740805,0.746215,0.553974,0.530416,0.692514,0.545816,0.509057,0.338726,0.595227,0.811394,0.703224,0.564593,0.588322,0.748863,0.466244,0.530706,0.665292,0.402204,0.661623,0.748961,0.596601,0.696141,0.477567,0.430737,0.726463,0.705447,0.640379,0.611460,0.595605,0.724444,0.642010,0.734958,0.728902,0.737635,0.685628,0.635876,0.563028,0.779518,0.650246,0.636625,0.455367,0.595051,0.586396,0.771155,0.742581,0.554930,0.541480,0.727113,0.747075,0.461206,0.611863,0.712482,0.607907,0.673803,0.752046,0.513166,0.473955,0.688335,0.722798,0.507197,0.691540,0.658021,0.699947,0.555210,0.687973,0.737879,0.605005,0.651460,0.745521,0.700516,0.723389,0.570324,0.513728,0.617269,0.711964,0.638291,0.736783,0.642326,0.655686,0.658308,0.755377,0.562214,0.723142,0.607588,0.454581,0.591701,0.826088,0.458744,0.731846,0.752489,0.614626,0.521291,0.761974,0.673437,0.601056,0.646951,0.522699,0.454453,0.734103,0.807894,0.579920,0.574466,0.708937,0.641412,0.774883,0.589777,0.661794,0.576323,0.702058,0.795103,0.467368,0.646194,0.685047,0.591217,0.405640,0.701031,0.700489,0.745362,0.641034,0.747643,0.536353,0.477997,0.749325,0.569008,0.531608,0.826465,0.590303,0.487285,0.729686,0.679452,0.763821,0.451770,0.698191,0.738231,0.775910,0.625537,0.646857,0.744003,0.574535,0.545985,0.668363,0.741014,0.545883,0.688294,0.816210,0.758792,0.459781,0.732406,0.678594,0.532989,0.745193,0.700058,0.642281,0.638756,0.699745,0.687175,0.561254,0.623230,0.760593,0.719227,0.638300,0.684101,0.502999,0.505490,0.514324,0.638293,0.622115,0.716071,0.661090,0.600535,0.693756,0.557496,0.614869,0.719206,0.500582,0.648727,0.744377,0.683426,0.727807,0.722047,0.705102,0.722245,0.644786,0.695698,0.614634,0.694382,0.652633,0.564096,0.610818,0.739710,0.558665,0.680538,0.726859,0.632437,0.637007,0.762236,0.706700,0.674349,0.611542,0.698210,0.797983,0.777987,0.634828,0.855885,0.647898,0.475147,0.724097,0.591849,0.681324,0.704419,0.745607,0.678445,0.705947,0.668709,0.731531,0.739489,0.648867,0.746947,0.652292,0.728755,0.577712,0.751041,0.687243,0.695205,0.492537,0.775170,0.492611,0.618331,0.688682,0.582115,0.493412,0.708484,0.775782,0.399540,0.686143,0.667796,0.724897,0.701269,0.536676,0.549432,0.644782,0.621662,0.736844,0.573946,0.634892,0.723019,0.827354,0.755752,0.613590,0.546513,0.658203,0.669789,0.508395,0.603306,0.746093,0.682163,0.636487,0.734325,0.768612,0.779903,0.701530,0.725918,0.843336,0.586360,0.603296,0.644133,0.581903,0.503998,0.698917,0.758146,0.663385,0.632868,0.638936,0.771520,0.648385,0.681398,0.584703,0.689504,0.553596,0.678161,0.658540,0.492689,0.718630,0.634966,0.696457,0.783330,0.668568,0.547770,0.803317,0.800147,0.492370,0.582539,0.660464,0.666367,0.461107,0.602902
0.538075,0.511420,0.314051,0.511934,0.321776,0.489802,0.571931,0.190036,0.629280,0.437060,0.607767,0.484043,0.599178,0.448457,0.537506,0.241944,0.247611,0.546735,0.281119,0.743761,0.492959,0.413468,0.506210,0.314719,0.379122,0.478602,0.465343,0.230718,0.192979,0.435363,0.680798,0.436446,0.583817,0.667250,0.331700,0.643240,0.578194,0.459685,0.605836,0.381586,0.266371,0.711384,0.529687,0.671049,0.763732,0.615774,0.382344,0.447318,0.295322,0.621615,0.419521,0.771827,0.636323,0.660253,0.383301,0.549399,0.276612,0.200866,0.597236,0.583138,0.563832,0.427909,0.606856,0.596456,0.489804,0.331692,0.227209,0.528716,0.683982,0.716346,0.765720,0.625929,0.628818,0.523635,0.723522,0.772652,0.482971,0.308234,0.381402,0.602789,0.753172,0.401146,0.430856,0.653407,0.226752,0.700518,0.494231,0.213188,0.694247,0.541367,0.688190,0.220073,0.422846,0.347002,0.715368,0.721553,0.748154,0.615875,0.494587,0.596130,0.369211,0.692473,0.302492,0.343107,0.682327,0.409854,0.633844,0.372276,0.296117,0.581072,0.809686,0.218378,0.562925,0.533019,0.252576,0.144102,0.708234,0.775502,0.532585,0.354484,0.440175,0.317163,0.222930,0.734733,0.527233,0.442703,0.392756,0.532948,0.586713,0.512606,0.190370,0.650525,0.526378,0.386726,0.646839,0.217042,0.516118,0.606883,0.702139,0.553005,0.725408,0.686470,0.235455,0.677696,0.353280,0.641404,0.450474,0.587353,0.854029,0.723246,0.180509,0.656010,0.000000,0.230995,0.377512,0.467323,0.451002,0.831170,0.461394,0.641121,0.792285,0.442776,0.465223,0.191468,0.553916,0.591469,0.237742,0.756419,0.191742,0.497345,0.655825,0.318095,0.659317,0.610999,0.633791,0.490081,0.794865,0.456771,0.389036,0.713014,0.599237,0.736300,0.587332,0.409392,0.260138,0.782156,0.590934,0.628904,0.817860,0.680819,0.310439,0.283371,0.747397,0.827771,0.538769,0.310184,0.167197,0.403289,0.817723,0.517475,0.655829,0.687308,0.767412,0.225376,0.819408,0.580111,0.775802,0.456901,0.540217,0.631809,0.709033,0.500984,0.616366,0.599346,0.681400,0.272800,0.451945,0.861724,0.447462,0.621945,0.724067,0.425540,0.606745,0.232107,0.373890,0.453982,0.237318,0.786568,0.403503,0.735201,0.782242,0.609186,0.267295,0.521049,0.426506,0.430153,0.639159,0.578056,0.717583,0.322486,0.135630,0.385298,0.781794,0.636712,0.283124,0.661896,0.706387,0.131459,0.729343,0.303423,0.502336,0.553929,0.664323,0.552764,0.660178,0.252695,0.769937,0.675633,0.540258,0.762408,0.741611,0.752557,0.324261,0.545134,0.772329,0.303055,0.354220,0.497901,0.668432,0.478281,0.575884,0.369522,0.294046,0.743066,0.788977,0.343649,0.691063,0.439155,0.401103,0.264504,0.810036,0.607703,0.654373,0.220438,0.594178,0.292607,0.711762,0.484538,0.152336,0.698914,0.683006,0.771157,0.802138,0.602507,0.583832,0.295289,0.677019,0.781635,0.259546,0.306015,0.367731,0.705912,0.552857,0.444540,0.546134,0.715691,0.586279,0.556355,0.349578,0.750068,0.214663,0.547651,0.194536,0.609837,0.769723,0.584278,0.492120,0.320976,0.328203,0.708619,0.447610,0.840737,0.651634,0.522765,0.800924,0.814248,0.539214,0.245771,0.770961,0.522072,0.694948,0.645612,0.759419,0.290803,0.629814,0.516936,0.733385,0.422984,0.763774,0.389666,0.343227,0.830301,0.591644,0.642035,0.713345,0.780000,0.390287,0.676733,0.388657,0.857446,0.817122,0.725397,0.665525,0.649646,0.561314,0.791250,0.856371,0.441391,0.603326,0.808776,0.817792,0.416159,0.610446,0.522787,0.760396,0.106141,0.756380,0.622000,0.737692,0.688890,0.597775,0.740150,0.477947,0.263306,0.851437,0.682730,0.701265,0.261239,0.328380,0.689992,0.222365,0.352464,0.734239,0.533210,0.440128,0.665082,0.522843,0.641554,0.778063,0.372992,0.708624,0.561842,0.833416,0.291494,0.504897,0.566098,0.352121,0.652118,0.591535,0.192872,0.814013,0.656372,0.355202,0.550481,0.272089,0.754923,0.704268,0.268266,0.684316,0.696161,0.703898,0.774181,0.803627,0.294448,0.619664,0.657081,0.620749,0.435194,0.725925,0.832814,0.763762,0.709325,0.837680,0.760821,0.261792,0.316547,0.844170,0.625925,0.330054,0.765849,0.716174,0.566121,0.833435,0.800846,0.466261,0.620931,0.797605,0.692131,0.688854,0.809893,0.589613,0.796162,0.655606,0.634841,0.679932,0.689880,0.662139,0.528054,0.390200,0.680850,0.481437,0.765842,0.680409,0.551382,0.606645,0.629121,0.540746,0.787726,0.738305,0.868868,0.752406,0.304827,0.605022,0.730924,0.798312,0.692723,0.816556,0.632593,0.782935,0.310969,0.565499,0.754835,0.730114,0.584768,0.468902,0.835330,0.745379,0.639567,0.657174,0.556367,0.707603,0.790430,0.599900,0.634092,0.446194,0.515483,0.460643,0.438187,0.691557,0.620181,0.817634,0.590923,0.651936,0.453678,0.823928,0.388002,0.774347,0.461546,0.601503,0.718386,0.577498
0.538809,0.500246,0.315047,0.528345,0.305748,0.528817,0.606137,0.303571,0.610343,0.450103,0.646408,0.469828,0.609943,0.445340,0.532859,0.325387,0.291908,0.604252,0.281335,0.633303,0.489214,0.395298,0.486908,0.377966,0.411244,0.449287,0.452081,0.297691,0.284950,0.397705,0.727301,0.398863,0.607509,0.675490,0.335052,0.658226,0.546080,0.431491,0.649790,0.402590,0.275455,0.752899,0.606608,0.593884,0.740895,0.593373,0.375687,0.385127,0.312002,0.684178,0.454015,0.804030,0.627044,0.660920,0.406893,0.525480,0.330430,0.325272,0.543404,0.577218,0.561389,0.429047,0.624506,0.670379,0.468760,0.366553,0.217446,0.541373,0.655607,0.683035,0.690925,0.603687,0.629215,0.490727,0.684455,0.785954,0.507888,0.360531,0.428460,0.554162,0.756333,0.438161,0.434481,0.701791,0.218645,0.734215,0.457742,0.242060,0.665853,0.528895,0.701098,0.289939,0.405467,0.332357,0.706767,0.743855,0.740439,0.598799,0.488286,0.582751,0.356108,0.632982,0.306143,0.360771,0.698178,0.400982,0.658217,0.401324,0.255709,0.604915,0.807422,0.216566,0.565443,0.552908,0.290694,0.305976,0.719063,0.717582,0.507417,0.379916,0.468287,0.270777,0.218006,0.639583,0.495899,0.448824,0.397566,0.529184,0.626087,0.515370,0.208352,0.677492,0.539142,0.406997,0.614792,0.220550,0.569990,0.681749,0.729620,0.543611,0.718344,0.666565,0.306682,0.671772,0.365704,0.627997,0.490469,0.587005,0.847757,0.677437,0.222241,0.672586,0.230995,0.000000,0.414829,0.438570,0.536279,0.810417,0.430981,0.688805,0.719227,0.419219,0.457980,0.227799,0.547677,0.618333,0.259479,0.741821,0.311608,0.469505,0.636340,0.311705,0.704545,0.589680,0.595058,0.584284,0.766255,0.474850,0.381146,0.713203,0.550445,0.684330,0.612936,0.458646,0.138976,0.773146,0.587444,0.647607,0.801802,0.666771,0.360790,0.385792,0.755394,0.754271,0.511136,0.266114,0.300978,0.415658,0.777640,0.471083,0.669403,0.696677,0.694561,0.226571,0.823818,0.666563,0.695352,0.464194,0.525260,0.640813,0.759684,0.486470,0.580299,0.644073,0.662031,0.231230,0.376969,0.846077,0.447011,0.590074,0.691458,0.482734,0.601278,0.333731,0.393494,0.356318,0.287245,0.780904,0.448234,0.622402,0.782153,0.558078,0.231695,0.488911,0.427757,0.425105,0.698516,0.594725,0.658686,0.347708,0.230743,0.312919,0.699476,0.591247,0.355139,0.683110,0.738618,0.243781,0.666024,0.387482,0.450015,0.564682,0.669821,0.598417,0.649600,0.239747,0.728482,0.649457,0.473576,0.655048,0.761658,0.725523,0.344139,0.495932,0.718264,0.284975,0.384822,0.442322,0.610358,0.359462,0.639481,0.369791,0.394926,0.702386,0.703293,0.365680,0.686530,0.417108,0.351087,0.284953,0.724399,0.558781,0.636948,0.227425,0.549003,0.327664,0.728461,0.527710,0.343637,0.682288,0.715366,0.775440,0.781834,0.510222,0.604315,0.335334,0.624621,0.754326,0.378036,0.346632,0.346658,0.597392,0.537925,0.445087,0.521045,0.673899,0.562963,0.434829,0.359580,0.725159,0.226922,0.609143,0.296990,0.553719,0.668220,0.580398,0.477841,0.356384,0.282566,0.689287,0.445847,0.766257,0.756527,0.476717,0.703315,0.788396,0.508013,0.296722,0.771396,0.529203,0.662500,0.621985,0.734961,0.298340,0.708531,0.594322,0.716606,0.446175,0.737597,0.196281,0.292552,0.887594,0.573428,0.660148,0.713838,0.739511,0.418453,0.704195,0.343684,0.836572,0.805861,0.745192,0.621204,0.671837,0.569389,0.776583,0.816953,0.520097,0.570329,0.762191,0.739903,0.430729,0.547955,0.582742,0.788752,0.271299,0.664263,0.682020,0.765142,0.685196,0.575169,0.711300,0.424072,0.231544,0.843118,0.662025,0.673355,0.260218,0.338258,0.674668,0.252182,0.476918,0.721499,0.535215,0.478780,0.612840,0.443697,0.564831,0.744551,0.307434,0.661063,0.580295,0.761449,0.360327,0.611663,0.599823,0.273148,0.681432,0.602270,0.350893,0.801870,0.661100,0.352425,0.516730,0.316267,0.817827,0.662651,0.270600,0.725581,0.708825,0.709461,0.778311,0.767273,0.317992,0.684027,0.633552,0.582809,0.495564,0.764672,0.784708,0.796063,0.644625,0.761982,0.719261,0.272365,0.334272,0.770924,0.605183,0.302220,0.769491,0.687811,0.545282,0.821176,0.793113,0.486727,0.684908,0.760669,0.630433,0.675864,0.739287,0.533193,0.764956,0.631804,0.609264,0.647717,0.583835,0.597354,0.498101,0.368271,0.622854,0.454508,0.743243,0.737943,0.624689,0.578849,0.558601,0.463026,0.819341,0.735007,0.812529,0.673347,0.289503,0.543948,0.741748,0.849390,0.675520,0.761849,0.610561,0.726274,0.301627,0.525063,0.739387,0.711384,0.567305,0.462232,0.864202,0.646257,0.570653,0.664854,0.555131,0.677275,0.774659,0.631434,0.551513,0.458605,0.443608,0.433997,0.410266,0.637069,0.533609,0.778140,0.586853,0.561454,0.533170,0.794212,0.408917,0.733811,0.437137,0.509912,0.688724,0.477060
0.538867,0.532001,0.431980,0.533563,0.465916,0.539411,0.542014,0.397147,0.507782,0.452161,0.579042,0.526758,0.553256,0.500642,0.525468,0.366278,0.478895,0.561724,0.452249,0.616414,0.474105,0.590111,0.493133,0.460904,0.278526,0.496676,0.482698,0.431279,0.432033,0.491210,0.627226,0.492287,0.708555,0.656003,0.501175,0.571673,0.546386,0.556747,0.583092,0.491834,0.470894,0.644972,0.708886,0.540380,0.654054,0.651014,0.463711,0.521262,0.446100,0.590055,0.568653,0.797012,0.619709,0.750639,0.447390,0.648158,0.468292,0.419391,0.559813,0.513899,0.598783,0.513359,0.741306,0.593884,0.475635,0.451279,0.416642,0.583948,0.627444,0.673305,0.642742,0.585317,0.595703,0.550741,0.680582,0.724508,0.542311,0.463683,0.507362,0.535765,0.676400,0.526055,0.595712,0.758680,0.448177,0.632068,0.591080,0.453093,0.704696,0.557419,0.564027,0.421905,0.551136,0.431080,0.712182,0.670925,0.664436,0.564887,0.571344,0.559176,0.470087,0.677314,0.462168,0.550742,0.685977,0.483424,0.697617,0.485652,0.475680,0.531646,0.809679,0.452073,0.575349,0.582414,0.422474,0.444367,0.814649,0.757328,0.546311,0.304481,0.465106,0.517532,0.498017,0.622174,0.600890,0.534254,0.492872,0.628796,0.603294,0.574221,0.414505,0.637331,0.437752,0.424463,0.609129,0.442196,0.605216,0.540342,0.697871,0.561886,0.589617,0.708497,0.456258,0.684444,0.445091,0.734912,0.564071,0.629322,0.840347,0.668221,0.469210,0.668782,0.377512,0.414829,0.000000,0.488279,0.536460,0.756887,0.529499,0.589754,0.721710,0.582981,0.537367,0.426886,0.549788,0.619097,0.463419,0.679697,0.439808,0.598578,0.610589,0.517543,0.780258,0.559353,0.479169,0.593354,0.756573,0.578544,0.539597,0.656241,0.632273,0.704272,0.614448,0.542858,0.474657,0.791820,0.592129,0.658005,0.690051,0.645541,0.496544,0.456886,0.660758,0.630456,0.573058,0.481866,0.454648,0.508877,0.693301,0.600087,0.756172,0.774637,0.677845,0.431865,0.769448,0.531113,0.667069,0.468179,0.603143,0.653141,0.812624,0.576709,0.637645,0.685229,0.756194,0.534423,0.530400,0.844977,0.509487,0.730766,0.671901,0.553871,0.562526,0.387677,0.540970,0.549761,0.489581,0.759604,0.574391,0.672596,0.602880,0.568593,0.432336,0.592635,0.530700,0.552059,0.606564,0.653250,0.737135,0.495811,0.466859,0.544929,0.740767,0.654910,0.149715,0.649135,0.665760,0.394532,0.678690,0.483679,0.473545,0.659606,0.633737,0.594814,0.649304,0.454742,0.731982,0.637995,0.578990,0.694326,0.756502,0.704270,0.521017,0.549126,0.786606,0.505486,0.534825,0.638559,0.642758,0.506638,0.634761,0.454995,0.522828,0.729526,0.769065,0.507536,0.619070,0.513566,0.584269,0.530890,0.692614,0.671125,0.719531,0.497921,0.650814,0.546453,0.705644,0.681341,0.400520,0.668452,0.650533,0.768651,0.754721,0.591686,0.672890,0.416912,0.527037,0.725470,0.457855,0.437517,0.483940,0.600205,0.568345,0.500844,0.600867,0.550417,0.619858,0.580121,0.512584,0.731154,0.451254,0.570801,0.380204,0.491912,0.705144,0.674063,0.560292,0.472798,0.474770,0.724697,0.488961,0.730415,0.675734,0.476471,0.725298,0.796357,0.580446,0.452424,0.744984,0.405776,0.745279,0.585767,0.715426,0.544633,0.599356,0.526091,0.782622,0.504533,0.722190,0.539043,0.517310,0.781460,0.594632,0.689096,0.779856,0.750128,0.552555,0.754457,0.587104,0.743828,0.750321,0.753774,0.492511,0.707373,0.655414,0.761979,0.833342,0.567646,0.561261,0.796127,0.722421,0.523867,0.634247,0.597669,0.761689,0.421584,0.693541,0.721199,0.783271,0.546486,0.649264,0.766957,0.612883,0.435966,0.798602,0.674125,0.628196,0.464490,0.524214,0.675350,0.486648,0.410793,0.625231,0.555051,0.551902,0.670030,0.623939,0.598090,0.707676,0.517656,0.638427,0.622441,0.748287,0.471675,0.475442,0.610665,0.452722,0.706798,0.590154,0.390376,0.794154,0.592641,0.460085,0.534133,0.479779,0.667569,0.720055,0.393246,0.697297,0.615586,0.713700,0.705244,0.684989,0.508998,0.629732,0.422141,0.481405,0.534944,0.616360,0.749163,0.685143,0.623381,0.726805,0.595653,0.467347,0.507256,0.665567,0.647772,0.552520,0.782535,0.796475,0.609062,0.820013,0.711424,0.535900,0.763439,0.791760,0.698967,0.698585,0.571597,0.639338,0.732304,0.653994,0.563428,0.761349,0.616268,0.625915,0.588143,0.506945,0.648716,0.615249,0.744137,0.704997,0.583269,0.653441,0.639379,0.607107,0.775315,0.659060,0.827962,0.679987,0.468963,0.540428,0.697131,0.776591,0.634370,0.758064,0.505167,0.749372,0.429595,0.606861,0.694393,0.626176,0.520412,0.657509,0.855489,0.598781,0.500338,0.638120,0.640515,0.541512,0.843997,0.628169,0.563880,0.582450,0.671848,0.635152,0.607553,0.621271,0.689369,0.735814,0.485808,0.653490,0.626959,0.757812,0.479133,0.694160,0.614939,0.627754,0.680312,0.632719
0.538887,0.449454,0.366356,0.450195,0.378048,0.425153,0.529225,0.408797,0.524011,0.365524,0.558535,0.429324,0.551559,0.366630,0.522383,0.368403,0.347588,0.616553,0.329108,0.699154,0.448751,0.501181,0.451197,0.424147,0.371294,0.411834,0.440575,0.442162,0.446698,0.512841,0.750656,0.376257,0.700078,0.697309,0.435669,0.518818,0.389391,0.505097,0.556949,0.434543,0.415269,0.699570,0.755307,0.666081,0.619304,0.631578,0.461694,0.473781,0.467828,0.467889,0.463793,0.738054,0.603930,0.764791,0.329876,0.579867,0.477921,0.404189,0.501014,0.473810,0.635690,0.461056,0.711320,0.693539,0.464049,0.324667,0.408568,0.632678,0.627094,0.726008,0.632284,0.635730,0.561097,0.479093,0.721248,0.660052,0.421072,0.407235,0.377464,0.577177,0.695756,0.427325,0.488709,0.757311,0.447028,0.597064,0.513678,0.377947,0.717168,0.530242,0.573772,0.454496,0.501412,0.318106,0.646061,0.601550,0.736943,0.633298,0.540766,0.560570,0.414214,0.650361,0.358042,0.418122,0.686746,0.392334,0.718634,0.378707,0.426396,0.588062,0.834656,0.456432,0.570197,0.437071,0.402250,0.514348,0.784422,0.691906,0.487464,0.391757,0.355425,0.431709,0.467704,0.657402,0.437622,0.472864,0.476892,0.512087,0.641197,0.405571,0.404961,0.631895,0.634832,0.340593,0.537549,0.376824,0.619003,0.654830,0.695245,0.452478,0.600454,0.752862,0.415679,0.589817,0.503743,0.667430,0.505906,0.562788,0.795470,0.734548,0.367382,0.676965,0.467323,0.438570,0.488279,0.000000,0.523858,0.717439,0.464446,0.593732,0.701562,0.462957,0.454769,0.377635,0.558530,0.576535,0.411304,0.638547,0.424358,0.403361,0.560578,0.543896,0.741809,0.493574,0.562860,0.599428,0.833626,0.538153,0.539077,0.635387,0.539011,0.705435,0.615345,0.430089,0.426253,0.760519,0.629150,0.557097,0.877299,0.623470,0.512756,0.415234,0.733498,0.709269,0.620784,0.287288,0.483168,0.439160,0.720562,0.506030,0.724635,0.691243,0.673547,0.370315,0.756508,0.584330,0.703148,0.462758,0.518166,0.714924,0.687671,0.544222,0.685862,0.690061,0.664013,0.426964,0.525119,0.858664,0.420781,0.717257,0.727533,0.586362,0.649936,0.527401,0.428223,0.422354,0.442074,0.805951,0.576179,0.590644,0.721813,0.671319,0.439321,0.631649,0.598088,0.465621,0.645892,0.573385,0.643003,0.454615,0.453730,0.486000,0.645595,0.591536,0.505326,0.691461,0.719712,0.473121,0.671294,0.556147,0.508241,0.566685,0.553656,0.691475,0.611467,0.465321,0.663184,0.672613,0.586678,0.640182,0.771358,0.694396,0.414706,0.497100,0.739392,0.327512,0.454276,0.487469,0.695628,0.373939,0.543639,0.140344,0.584953,0.616878,0.710057,0.427057,0.698914,0.441421,0.442912,0.380027,0.749332,0.562129,0.719618,0.417663,0.546099,0.509234,0.764265,0.559988,0.549014,0.658375,0.782691,0.731103,0.702414,0.456201,0.531570,0.432312,0.634779,0.708041,0.534945,0.483834,0.463684,0.619493,0.638302,0.543413,0.449602,0.668871,0.593742,0.585405,0.425014,0.651084,0.530556,0.540970,0.518315,0.372255,0.667506,0.688491,0.590504,0.385165,0.509201,0.685637,0.450470,0.721907,0.712771,0.351022,0.714591,0.792306,0.606194,0.473936,0.837871,0.583281,0.643035,0.692238,0.738157,0.447873,0.682287,0.581904,0.818590,0.393876,0.778227,0.537424,0.507971,0.866937,0.540583,0.584628,0.786938,0.690696,0.474280,0.767866,0.457159,0.741359,0.751775,0.799589,0.675306,0.640945,0.660408,0.720259,0.782414,0.570047,0.491150,0.771566,0.723964,0.518593,0.624613,0.478003,0.625196,0.501224,0.664905,0.736520,0.825525,0.681854,0.663566,0.790133,0.504898,0.417460,0.813559,0.589511,0.619474,0.495896,0.384588,0.745825,0.448129,0.604725,0.722025,0.569690,0.537116,0.632343,0.467613,0.569800,0.739728,0.472708,0.684249,0.522465,0.782920,0.432320,0.683372,0.640517,0.474807,0.642091,0.630152,0.570225,0.738696,0.608492,0.354938,0.574178,0.402938,0.757610,0.681347,0.447849,0.680758,0.671895,0.654116,0.686080,0.731519,0.446691,0.526314,0.610159,0.562532,0.634101,0.733056,0.730577,0.747509,0.665524,0.847469,0.612184,0.444053,0.455403,0.713493,0.649921,0.474421,0.816577,0.693783,0.668975,0.839068,0.673086,0.423596,0.801310,0.763138,0.636724,0.660827,0.628749,0.622334,0.679638,0.596164,0.630595,0.750285,0.678818,0.630785,0.493587,0.533550,0.687926,0.490121,0.727270,0.664697,0.688871,0.683922,0.646810,0.562805,0.867558,0.753337,0.738488,0.637320,0.483387,0.567453,0.652524,0.835978,0.666916,0.724446,0.668260,0.751617,0.462705,0.659847,0.782996,0.702870,0.618629,0.526761,0.827510,0.581213,0.646395,0.636400,0.636194,0.582133,0.856194,0.624519,0.589548,0.406047,0.570568,0.548528,0.484917,0.751166,0.658180,0.704770,0.673566,0.701786,0.650101,0.729547,0.456255,0.760863,0.525494,0.436682,0.665734,0.571663
0.538918,0.495385,0.472029,0.603615,0.402449,0.320067,0.288536,0.432256,0.448554,0.349586,0.331950,0.447153,0.652219,0.397671,0.578948,0.506530,0.358163,0.519548,0.374783,0.616770,0.466228,0.514237,0.341431,0.355224,0.325681,0.492640,0.522682,0.531308,0.428384,0.517614,0.711635,0.604540,0.650437,0.630867,0.538772,0.295017,0.463178,0.406998,0.196993,0.437584,0.489532,0.562860,0.637468,0.727707,0.499946,0.681592,0.510507,0.505105,0.514925,0.260613,0.528777,0.617498,0.566450,0.706894,0.366048,0.679291,0.457591,0.345293,0.624173,0.481912,0.602454,0.493729,0.678687,0.555534,0.446458,0.401927,0.552062,0.623261,0.524234,0.671378,0.628064,0.622274,0.432098,0.518004,0.680822,0.530192,0.380085,0.482654,0.449728,0.441524,0.693087,0.396136,0.528110,0.651353,0.526566,0.425412,0.595268,0.475447,0.650853,0.441320,0.382129,0.362606,0.468778,0.410225,0.705572,0.444994,0.684975,0.652863,0.584369,0.315406,0.495562,0.677536,0.332853,0.469353,0.761156,0.391754,0.641324,0.342487,0.543388,0.355993,0.744678,0.539225,0.404565,0.298646,0.449352,0.541584,0.729584,0.665125,0.367295,0.295956,0.467320,0.643120,0.535663,0.774109,0.417839,0.572342,0.573538,0.453864,0.586635,0.394277,0.426919,0.583911,0.471693,0.385352,0.514423,0.445662,0.610397,0.492205,0.632725,0.468947,0.488738,0.748029,0.466468,0.400012,0.611549,0.676540,0.554704,0.667428,0.723059,0.764775,0.484208,0.724293,0.451002,0.536279,0.536460,0.523858,0.000000,0.632744,0.599773,0.586381,0.766694,0.532721,0.518351,0.546246,0.505749,0.520442,0.496082,0.639846,0.338261,0.587136,0.586536,0.553996,0.705877,0.513052,0.655450,0.527071,0.753414,0.631643,0.472702,0.593765,0.778365,0.738071,0.493632,0.458024,0.539143,0.574105,0.620385,0.644281,0.680022,0.418715,0.504253,0.523601,0.733525,0.596598,0.656995,0.476501,0.466458,0.577832,0.637439,0.566031,0.664307,0.637798,0.695876,0.490408,0.710741,0.410219,0.785862,0.537290,0.620176,0.669821,0.695976,0.686274,0.692181,0.730643,0.739383,0.561648,0.659951,0.790986,0.505745,0.735923,0.718410,0.564354,0.656549,0.521657,0.507342,0.574013,0.563371,0.802921,0.575454,0.691507,0.582624,0.600576,0.515005,0.657750,0.551588,0.570758,0.409119,0.659360,0.699950,0.526895,0.478074,0.620917,0.754272,0.452569,0.471522,0.704460,0.518045,0.415005,0.746528,0.396783,0.548328,0.635493,0.602113,0.648510,0.663249,0.572591,0.767889,0.660321,0.653862,0.689204,0.765517,0.734320,0.554042,0.480524,0.797391,0.459049,0.489001,0.638196,0.708852,0.544937,0.261397,0.386226,0.530829,0.680545,0.801599,0.554910,0.591463,0.546176,0.610420,0.453291,0.751343,0.616743,0.800398,0.543069,0.483845,0.508673,0.784058,0.380238,0.479469,0.716855,0.678819,0.754172,0.762245,0.696341,0.592476,0.514370,0.575779,0.749364,0.476881,0.583627,0.551093,0.676182,0.565154,0.363227,0.639370,0.628950,0.599548,0.613011,0.551618,0.748875,0.522863,0.156029,0.467378,0.578670,0.659472,0.720461,0.644285,0.529639,0.624582,0.684961,0.526418,0.715942,0.374230,0.463214,0.673686,0.717289,0.686489,0.369905,0.675497,0.591104,0.726268,0.735683,0.737033,0.475716,0.606029,0.412727,0.792199,0.315516,0.786377,0.676437,0.669832,0.759403,0.640346,0.630252,0.762418,0.648410,0.361288,0.703190,0.587812,0.823897,0.694764,0.714434,0.631999,0.604023,0.657504,0.732908,0.767779,0.472359,0.626342,0.740390,0.753283,0.649015,0.764675,0.141824,0.498650,0.475747,0.727617,0.662280,0.775023,0.686470,0.655222,0.656116,0.607551,0.566439,0.835394,0.562119,0.669496,0.532594,0.569586,0.701164,0.519037,0.422559,0.755370,0.384067,0.518616,0.541209,0.582916,0.708697,0.774088,0.584405,0.733258,0.497492,0.808119,0.467899,0.579853,0.708920,0.542725,0.652461,0.394562,0.498454,0.621571,0.411024,0.504173,0.532517,0.452062,0.617075,0.635292,0.529144,0.396453,0.638541,0.780954,0.617898,0.744500,0.505235,0.541349,0.580627,0.628896,0.506958,0.703303,0.789106,0.523607,0.720695,0.879478,0.592342,0.587062,0.551985,0.639332,0.703349,0.597200,0.751131,0.712006,0.753379,0.861521,0.697783,0.511012,0.695103,0.706224,0.662371,0.751777,0.727761,0.777306,0.702778,0.724707,0.532577,0.753402,0.779557,0.669351,0.685968,0.601137,0.629161,0.688581,0.674302,0.531721,0.441241,0.745575,0.597119,0.764611,0.858800,0.789110,0.710826,0.632646,0.682669,0.694207,0.694519,0.618971,0.572157,0.772652,0.601871,0.779760,0.606410,0.652747,0.766767,0.777192,0.644151,0.593525,0.763187,0.736036,0.611365,0.594927,0.717446,0.720563,0.786299,0.617324,0.666552,0.516690,0.729278,0.655360,0.687551,0.808411,0.675484,0.596498,0.622049,0.732274,0.359245,0.760610,0.588655,0.699141,0.681473,0.533278,0.742418,0.686215
0.539385,0.628178,0.641067,0.649551,0.717193,0.544095,0.529262,0.720619,0.400037,0.582316,0.525481,0.613332,0.607911,0.638727,0.629052,0.699255,0.716203,0.580167,0.692334,0.548635,0.515652,0.781548,0.508619,0.718902,0.618762,0.683083,0.740014,0.795761,0.776547,0.789079,0.642569,0.721154,0.781426,0.687174,0.780789,0.499490,0.566428,0.621111,0.476526,0.733011,0.734452,0.668906,0.707974,0.676947,0.453267,0.740821,0.666480,0.757054,0.731398,0.536357,0.682286,0.518750,0.681580,0.729086,0.665026,0.721390,0.805588,0.775147,0.662221,0.541207,0.734437,0.765466,0.737461,0.595116,0.671157,0.713423,0.759046,0.771665,0.558913,0.527966,0.560394,0.709328,0.502987,0.684712,0.731669,0.369467,0.657853,0.743430,0.751647,0.620476,0.502424,0.723728,0.704659,0.772370,0.834814,0.562648,0.784845,0.776855,0.702662,0.646758,0.521662,0.803507,0.798434,0.732018,0.716916,0.584521,0.644058,0.719220,0.777051,0.572894,0.733221,0.602602,0.756969,0.735913,0.731049,0.746156,0.670042,0.724688,0.823755,0.613609,0.615936,0.798451,0.601062,0.649764,0.809436,0.803076,0.795421,0.653421,0.673715,0.735686,0.688721,0.806238,0.823459,0.664441,0.691509,0.789813,0.746384,0.658003,0.677717,0.737080,0.811142,0.626391,0.642978,0.746291,0.472737,0.813258,0.828090,0.584229,0.546646,0.662460,0.589230,0.817607,0.781693,0.524614,0.782898,0.784217,0.730127,0.726913,0.551900,0.684678,0.843126,0.797311,0.831170,0.810417,0.756887,0.717439,0.632744,0.000000,0.719119,0.627769,0.594955,0.734983,0.717209,0.781194,0.609077,0.657960,0.756580,0.453548,0.834448,0.765612,0.628391,0.812738,0.722390,0.665429,0.730012,0.680843,0.612010,0.696608,0.721342,0.699974,0.858185,0.761893,0.658285,0.727291,0.820742,0.600742,0.776462,0.664114,0.658734,0.595791,0.781706,0.823344,0.718629,0.528947,0.764050,0.769236,0.800039,0.705598,0.614253,0.659103,0.777180,0.683193,0.469704,0.813211,0.588037,0.624374,0.675883,0.825853,0.689718,0.681160,0.625739,0.822605,0.754685,0.756003,0.827965,0.812028,0.809349,0.644207,0.739475,0.809861,0.737091,0.728220,0.764937,0.785484,0.796405,0.723908,0.821959,0.742017,0.760200,0.596937,0.563731,0.698596,0.815488,0.791086,0.731211,0.798015,0.576560,0.704381,0.818022,0.791744,0.841286,0.783195,0.593631,0.660344,0.805581,0.747847,0.753172,0.829757,0.539378,0.757702,0.732373,0.746048,0.655988,0.746351,0.700085,0.810383,0.551396,0.624072,0.864167,0.629077,0.747078,0.648775,0.804155,0.741105,0.627862,0.817184,0.789665,0.892418,0.721385,0.807434,0.724893,0.747975,0.828804,0.679958,0.684275,0.798180,0.733497,0.750323,0.845320,0.838746,0.590360,0.740155,0.808364,0.801832,0.626885,0.801562,0.778686,0.702117,0.767283,0.692028,0.673263,0.675771,0.677053,0.781072,0.701271,0.762214,0.692815,0.578161,0.798364,0.805736,0.777059,0.693999,0.728103,0.746240,0.739204,0.645244,0.701245,0.776659,0.780064,0.617839,0.831980,0.684399,0.773522,0.623023,0.505184,0.833828,0.766431,0.811740,0.833261,0.708960,0.797276,0.462054,0.607363,0.691181,0.486411,0.702265,0.737515,0.789042,0.686852,0.739091,0.697283,0.705068,0.702703,0.807977,0.691786,0.721218,0.762189,0.764814,0.724985,0.821266,0.833053,0.686622,0.702738,0.656042,0.780435,0.585994,0.779715,0.779533,0.719820,0.702724,0.657707,0.771302,0.698690,0.646302,0.672666,0.520388,0.746023,0.742353,0.698894,0.703143,0.658436,0.768270,0.816496,0.676687,0.537082,0.806778,0.644172,0.769638,0.787009,0.694624,0.729530,0.746882,0.815746,0.868269,0.628825,0.634796,0.713371,0.854471,0.836924,0.750125,0.853459,0.758015,0.537318,0.691771,0.778010,0.625418,0.881617,0.727551,0.625867,0.846120,0.720809,0.702988,0.700942,0.829884,0.721140,0.792140,0.807199,0.642906,0.598545,0.793522,0.721735,0.690798,0.777419,0.806954,0.772270,0.624129,0.672530,0.840162,0.484435,0.570635,0.772385,0.612204,0.653622,0.842212,0.713689,0.684126,0.713107,0.703604,0.669534,0.632929,0.548573,0.650500,0.721401,0.533438,0.827688,0.749854,0.549613,0.593954,0.823320,0.750009,0.730852,0.703064,0.729036,0.621667,0.801191,0.757397,0.708338,0.668011,0.675742,0.657132,0.830043,0.473844,0.743214,0.732742,0.774978,0.829309,0.803089,0.787210,0.801594,0.704233,0.814996,0.749483,0.787408,0.711631,0.803159,0.719598,0.734130,0.790735,0.725343,0.268327,0.579553,0.815040,0.674797,0.559402,0.491528,0.698887,0.684954,0.769679,0.587955,0.798874,0.802033,0.781959,0.764371,0.786155,0.816624,0.539651,0.627716,0.818444,0.633977,0.788784,0.733893,0.766727,0.763822,0.573525,0.729275,0.786555,0.757686,0.851089,0.754815,0.745572,0.126772,0.695054,0.743917,0.649348,0.632780,0.806361,0.568484,0.823767,0.596022,0.762103,0.629591
0.539791,0.465253,0.454709,0.561638,0.461290,0.491541,0.576221,0.452653,0.594076,0.432095,0.575808,0.383649,0.467505,0.445431,0.424122,0.409521,0.406971,0.509129,0.396225,0.637358,0.448113,0.520242,0.505399,0.461970,0.460462,0.429633,0.430685,0.439623,0.413297,0.483353,0.619672,0.309040,0.610646,0.558758,0.442720,0.596285,0.519703,0.561325,0.663177,0.462841,0.422892,0.705016,0.644454,0.592215,0.710412,0.480803,0.505388,0.525087,0.393110,0.621789,0.543878,0.702552,0.529725,0.670100,0.363789,0.474759,0.451788,0.388727,0.554984,0.491898,0.562530,0.400057,0.637709,0.642068,0.577998,0.403761,0.406181,0.544414,0.545759,0.674321,0.598755,0.534512,0.665200,0.546067,0.581505,0.540628,0.504070,0.346768,0.481405,0.688614,0.751278,0.542794,0.500034,0.669407,0.421015,0.631408,0.559996,0.343523,0.591961,0.628429,0.572080,0.457691,0.538668,0.420779,0.603259,0.611826,0.574714,0.516500,0.563881,0.592807,0.315012,0.488527,0.428155,0.523901,0.524478,0.396197,0.630846,0.372136,0.422665,0.626209,0.663919,0.404597,0.695531,0.555665,0.465624,0.513252,0.703031,0.684781,0.541851,0.501845,0.475036,0.423057,0.435856,0.588615,0.479428,0.516456,0.526694,0.507768,0.445040,0.532765,0.464237,0.642168,0.584290,0.432713,0.609315,0.327450,0.517764,0.621673,0.604901,0.504593,0.598805,0.655919,0.494901,0.537681,0.573106,0.599264,0.509341,0.453928,0.675594,0.540298,0.438865,0.580010,0.461394,0.430981,0.529499,0.464446,0.599773,0.719119,0.000000,0.500497,0.678527,0.567315,0.509593,0.439794,0.697953,0.537275,0.318885,0.694865,0.424950,0.467408,0.555474,0.470318,0.720196,0.577883,0.531792,0.629479,0.666476,0.566208,0.506029,0.630196,0.565169,0.555166,0.579351,0.490219,0.486079,0.707543,0.541583,0.510807,0.758323,0.677710,0.490095,0.508598,0.593808,0.679483,0.508893,0.470483,0.479342,0.454420,0.749682,0.521020,0.671627,0.662233,0.650958,0.422952,0.637269,0.643990,0.683090,0.477556,0.460291,0.619144,0.670460,0.514212,0.535757,0.607609,0.675960,0.429299,0.491460,0.714614,0.582657,0.644515,0.456679,0.549194,0.523841,0.522472,0.523652,0.423476,0.499100,0.693461,0.562086,0.638826,0.662108,0.530060,0.419527,0.586871,0.572996,0.523364,0.650952,0.616794,0.645648,0.520514,0.472106,0.479878,0.684016,0.565491,0.538447,0.467074,0.765853,0.458889,0.691289,0.578876,0.506005,0.389225,0.502188,0.629827,0.569009,0.445168,0.633371,0.599835,0.626515,0.642314,0.654569,0.591496,0.541182,0.559498,0.676183,0.506224,0.501872,0.535211,0.499582,0.532062,0.634875,0.445638,0.582643,0.698659,0.613129,0.542456,0.650856,0.100709,0.499282,0.485497,0.667180,0.576389,0.549772,0.472963,0.543657,0.580638,0.532028,0.617283,0.471254,0.542977,0.613115,0.763815,0.554125,0.578299,0.610652,0.479495,0.514660,0.699262,0.533940,0.515156,0.390309,0.576033,0.531483,0.631981,0.605059,0.545482,0.484206,0.542745,0.529248,0.685388,0.481210,0.578069,0.412925,0.547977,0.656115,0.576207,0.521518,0.541139,0.494421,0.577619,0.503775,0.594604,0.754733,0.513554,0.624779,0.738236,0.446003,0.538955,0.642693,0.468093,0.664739,0.634631,0.643943,0.539133,0.540362,0.631011,0.729962,0.521696,0.780462,0.550846,0.486688,0.803655,0.643590,0.530674,0.734093,0.616009,0.586944,0.664611,0.498081,0.776517,0.781706,0.721730,0.677010,0.548656,0.603827,0.698826,0.751647,0.588201,0.544162,0.711731,0.672515,0.500675,0.637872,0.630807,0.663853,0.493656,0.651660,0.601873,0.715057,0.636489,0.576912,0.767366,0.551055,0.458534,0.691121,0.701280,0.602459,0.472637,0.546638,0.639709,0.479053,0.582285,0.559781,0.658363,0.617074,0.658784,0.635707,0.602551,0.633957,0.489618,0.675530,0.450910,0.678864,0.513707,0.657348,0.516432,0.458141,0.569556,0.548371,0.524250,0.736593,0.581398,0.485835,0.602202,0.504815,0.714097,0.708461,0.457431,0.766042,0.614697,0.548431,0.727702,0.653425,0.520783,0.631179,0.619831,0.528266,0.622407,0.587205,0.765006,0.767300,0.555578,0.781605,0.653869,0.536302,0.367274,0.673167,0.575351,0.487344,0.695989,0.645980,0.510550,0.763025,0.720595,0.416238,0.671672,0.730864,0.678343,0.616265,0.654024,0.598293,0.702198,0.491139,0.559309,0.648673,0.688441,0.677361,0.570738,0.486091,0.655802,0.567822,0.802093,0.642752,0.624386,0.510186,0.557707,0.572092,0.742559,0.624116,0.720586,0.627816,0.454933,0.485429,0.685617,0.783268,0.666382,0.755503,0.738554,0.593631,0.449515,0.617618,0.709919,0.494817,0.625057,0.516732,0.710311,0.551606,0.685499,0.638997,0.475694,0.586416,0.771676,0.666611,0.572393,0.475851,0.530340,0.508667,0.589600,0.584427,0.653107,0.707484,0.629821,0.535673,0.683453,0.750752,0.432434,0.553314,0.494859,0.572319,0.494954,0.424078
0.539959,0.470982,0.528083,0.588094,0.572638,0.478032,0.487256,0.576157,0.605002,0.408341,0.527540,0.402444,0.525751,0.487743,0.551499,0.531809,0.626259,0.560395,0.639294,0.584914,0.509522,0.723930,0.594082,0.580701,0.575231,0.465893,0.537501,0.623578,0.601213,0.675603,0.619603,0.511726,0.720974,0.610185,0.670516,0.516956,0.569604,0.555330,0.574998,0.548158,0.585258,0.625229,0.712274,0.675964,0.619549,0.599269,0.579034,0.680087,0.561849,0.527021,0.633155,0.619674,0.620295,0.794716,0.461189,0.613110,0.654710,0.588187,0.601710,0.581718,0.659312,0.513375,0.735251,0.560643,0.620340,0.604225,0.629401,0.708588,0.566967,0.664294,0.604324,0.649620,0.535897,0.542740,0.610661,0.571586,0.526605,0.490796,0.563724,0.583230,0.682851,0.625069,0.634685,0.763087,0.642491,0.491343,0.641678,0.586944,0.657002,0.439002,0.489091,0.593601,0.573303,0.642874,0.670392,0.501345,0.536416,0.626777,0.696841,0.613799,0.561237,0.521066,0.572944,0.622867,0.636118,0.475830,0.758489,0.461962,0.695096,0.583922,0.644549,0.663330,0.504651,0.475295,0.624669,0.624033,0.813761,0.620456,0.563878,0.623130,0.466538,0.672630,0.647539,0.708150,0.623826,0.597823,0.651924,0.620862,0.505516,0.482294,0.680714,0.588761,0.549785,0.487956,0.644652,0.583416,0.637821,0.499953,0.561350,0.604267,0.618020,0.797477,0.621707,0.523982,0.667869,0.766561,0.635789,0.549005,0.596407,0.587377,0.666997,0.697149,0.641121,0.688805,0.589754,0.593732,0.586381,0.627769,0.500497,0.000000,0.658295,0.626109,0.652535,0.630912,0.582047,0.637964,0.565012,0.693291,0.631560,0.718339,0.568347,0.599400,0.824680,0.487667,0.588695,0.516760,0.690192,0.659677,0.717962,0.617947,0.732806,0.607308,0.549428,0.650827,0.721478,0.683879,0.707895,0.490948,0.732935,0.587347,0.677557,0.604458,0.619394,0.676494,0.601666,0.656256,0.658090,0.637395,0.643887,0.743185,0.778485,0.761811,0.602186,0.652236,0.649819,0.578006,0.657110,0.641926,0.545035,0.611253,0.758064,0.668788,0.719161,0.707489,0.701252,0.677010,0.676664,0.749399,0.695339,0.784342,0.587258,0.665665,0.674716,0.593510,0.694199,0.610189,0.663057,0.690508,0.670055,0.640437,0.579041,0.556777,0.680204,0.627600,0.705868,0.641280,0.607767,0.703615,0.650825,0.714403,0.625760,0.728506,0.717750,0.617285,0.626060,0.597499,0.692070,0.630310,0.726603,0.579891,0.653377,0.563094,0.362089,0.633476,0.629439,0.717566,0.632761,0.542420,0.664787,0.631273,0.762894,0.593136,0.706609,0.573044,0.615534,0.643760,0.622636,0.749995,0.532504,0.675208,0.586274,0.616989,0.751781,0.649040,0.644525,0.718449,0.625870,0.515770,0.717906,0.639878,0.687951,0.682107,0.681396,0.668915,0.588355,0.666922,0.642223,0.628838,0.589524,0.633731,0.656597,0.623358,0.582484,0.676057,0.627881,0.662067,0.591459,0.607344,0.636122,0.673229,0.611146,0.716840,0.632772,0.635279,0.700290,0.560375,0.558156,0.711736,0.693661,0.662650,0.664315,0.584115,0.595220,0.591049,0.661718,0.714919,0.566137,0.628271,0.723429,0.653055,0.708714,0.651027,0.588471,0.636298,0.628464,0.643791,0.563756,0.582535,0.725196,0.627709,0.730660,0.716262,0.650467,0.695563,0.572475,0.597884,0.815925,0.477520,0.743431,0.722990,0.672118,0.658707,0.763860,0.553418,0.807595,0.549593,0.678073,0.798863,0.743432,0.639781,0.645463,0.736467,0.669807,0.500149,0.659386,0.591742,0.712275,0.550551,0.630856,0.651257,0.628241,0.661546,0.635765,0.594550,0.619352,0.649468,0.687047,0.717553,0.786774,0.634856,0.631956,0.779493,0.709468,0.667933,0.671947,0.694129,0.628495,0.610304,0.708027,0.774890,0.681550,0.599664,0.612954,0.588704,0.682006,0.645493,0.780182,0.701709,0.709611,0.679069,0.713984,0.414417,0.788607,0.618531,0.579486,0.560014,0.674222,0.509100,0.612235,0.590194,0.667436,0.604022,0.700489,0.641083,0.652413,0.604612,0.683908,0.645247,0.578124,0.578730,0.591155,0.662420,0.650463,0.690420,0.594997,0.649530,0.558809,0.527729,0.491906,0.689208,0.592516,0.609431,0.778850,0.616532,0.687930,0.516847,0.613465,0.660664,0.642615,0.755693,0.710320,0.716064,0.711252,0.642440,0.583913,0.745017,0.676637,0.631799,0.789601,0.641211,0.669177,0.577042,0.671053,0.631017,0.773213,0.761046,0.717640,0.743696,0.690390,0.692001,0.689838,0.706407,0.674119,0.598112,0.704163,0.608424,0.778619,0.791430,0.594416,0.656264,0.638113,0.717963,0.569752,0.651340,0.663288,0.619260,0.734611,0.688398,0.678992,0.625200,0.737273,0.806980,0.609237,0.595633,0.718314,0.663236,0.552712,0.641647,0.659528,0.565201,0.698139,0.832943,0.606894,0.638636,0.579519,0.691894,0.700926,0.740988,0.688963,0.678804,0.684291,0.645162,0.776212,0.673803,0.633031,0.649269,0.655179,0.700885,0.651895,0.593838,0.632135
0.540629,0.680348,0.603257,0.629014,0.698887,0.542125,0.485715,0.741365,0.518016,0.580988,0.469695,0.554802,0.603550,0.613227,0.664978,0.648074,0.695936,0.613524,0.721841,0.498361,0.518077,0.792327,0.640013,0.790481,0.599985,0.689655,0.705563,0.757521,0.743457,0.767215,0.733937,0.572649,0.787275,0.718892,0.721509,0.530090,0.640807,0.705141,0.586452,0.714328,0.728116,0.751560,0.674374,0.539970,0.565264,0.695297,0.634915,0.686958,0.723818,0.607993,0.733334,0.697536,0.741188,0.849933,0.711636,0.747166,0.775952,0.767901,0.664941,0.670347,0.763700,0.726832,0.796785,0.664634,0.703683,0.734148,0.672461,0.786484,0.666932,0.652236,0.586425,0.734595,0.568022,0.692667,0.705466,0.693402,0.714803,0.715502,0.786609,0.621801,0.543098,0.752953,0.746167,0.872855,0.755658,0.608986,0.737497,0.748890,0.750773,0.662035,0.656153,0.820193,0.743561,0.755497,0.816509,0.598886,0.755760,0.763020,0.794877,0.699242,0.696858,0.522243,0.778270,0.797702,0.717878,0.763889,0.862433,0.758897,0.755140,0.647926,0.766835,0.722740,0.618912,0.663520,0.776876,0.746101,0.861698,0.557165,0.748611,0.720280,0.664977,0.767455,0.746608,0.740344,0.699923,0.783980,0.741426,0.750410,0.780324,0.665811,0.714493,0.539000,0.645419,0.728915,0.701989,0.747376,0.731044,0.708985,0.632701,0.729954,0.647908,0.862796,0.831638,0.650421,0.751202,0.790860,0.781556,0.663755,0.589866,0.634636,0.766174,0.744182,0.792285,0.719227,0.721710,0.701562,0.766694,0.594955,0.678527,0.658295,0.000000,0.732273,0.733392,0.732935,0.702377,0.781975,0.748530,0.649336,0.814339,0.772991,0.588809,0.750450,0.837270,0.563659,0.743675,0.782583,0.713551,0.677109,0.746097,0.718519,0.746410,0.607987,0.690522,0.828787,0.742438,0.796019,0.798678,0.670850,0.699796,0.684901,0.774237,0.826886,0.714592,0.589255,0.732025,0.760404,0.801227,0.740545,0.578632,0.722603,0.868664,0.816233,0.623605,0.743216,0.714748,0.701190,0.245120,0.809150,0.729930,0.736276,0.791880,0.749159,0.793558,0.764135,0.746227,0.791506,0.719069,0.760057,0.809559,0.852033,0.717579,0.760012,0.777720,0.737754,0.845020,0.740020,0.775759,0.857807,0.768189,0.577735,0.677265,0.709787,0.744822,0.731184,0.771195,0.805168,0.679025,0.813594,0.760377,0.794242,0.764477,0.712740,0.667008,0.753797,0.788197,0.768872,0.842261,0.777969,0.663169,0.740426,0.645305,0.620063,0.718864,0.690084,0.784324,0.751249,0.202064,0.566010,0.725654,0.630846,0.850643,0.729233,0.837925,0.740565,0.603446,0.749656,0.857561,0.807766,0.720685,0.716369,0.766652,0.754039,0.793329,0.504226,0.408432,0.815943,0.739929,0.739794,0.798347,0.795878,0.613035,0.760222,0.791658,0.777644,0.761996,0.817994,0.776589,0.800690,0.800133,0.755589,0.834011,0.578225,0.685222,0.695702,0.717613,0.789619,0.756692,0.234898,0.731048,0.754138,0.782006,0.736448,0.750837,0.757592,0.773604,0.657134,0.633636,0.760187,0.745199,0.384671,0.724647,0.785167,0.776446,0.613551,0.436978,0.826146,0.744825,0.825251,0.755194,0.759682,0.726509,0.482667,0.718604,0.718339,0.458662,0.814679,0.666183,0.752216,0.837633,0.785432,0.484038,0.701348,0.710667,0.831204,0.755606,0.715586,0.860557,0.746927,0.527559,0.774830,0.699852,0.772163,0.714938,0.732297,0.834487,0.639378,0.826058,0.903039,0.765522,0.394864,0.594709,0.826313,0.682361,0.746786,0.767606,0.427941,0.661411,0.792377,0.697583,0.528713,0.540973,0.763830,0.743021,0.811222,0.575635,0.759389,0.472680,0.903268,0.879497,0.695459,0.654078,0.867630,0.869005,0.752053,0.727264,0.781625,0.679764,0.774740,0.835323,0.847347,0.785959,0.741899,0.592983,0.727780,0.797970,0.628457,0.802663,0.764681,0.706961,0.777497,0.734945,0.804083,0.718496,0.829570,0.703690,0.729729,0.678829,0.756604,0.686505,0.791381,0.686150,0.730208,0.781474,0.778129,0.780738,0.697903,0.578351,0.771946,0.636375,0.566210,0.605011,0.647920,0.656066,0.834057,0.770282,0.701441,0.638723,0.707726,0.646696,0.300309,0.666135,0.610961,0.387935,0.606812,0.791071,0.743725,0.591446,0.591361,0.784149,0.802191,0.594779,0.766973,0.491298,0.614391,0.715856,0.876185,0.660580,0.540696,0.814825,0.540409,0.677095,0.602171,0.661468,0.695208,0.778980,0.728783,0.732659,0.814828,0.734820,0.694289,0.821621,0.702400,0.803279,0.776169,0.774693,0.730719,0.784527,0.850268,0.741310,0.495764,0.697441,0.733342,0.549879,0.434843,0.626473,0.704412,0.481879,0.759235,0.641010,0.693136,0.872814,0.874634,0.733960,0.763403,0.831062,0.650437,0.596440,0.706872,0.675862,0.762264,0.692342,0.824941,0.787016,0.679426,0.792051,0.744719,0.716774,0.788186,0.708081,0.570347,0.675343,0.691504,0.766280,0.757323,0.423111,0.788955,0.551946,0.841015,0.617203,0.736846,0.641626
0.540733,0.537235,0.371771,0.528236,0.417475,0.451734,0.526197,0.395890,0.624241,0.406693,0.584741,0.473980,0.690841,0.389098,0.650013,0.494302,0.412025,0.539306,0.384590,0.719967,0.581442,0.493880,0.570164,0.434131,0.465545,0.425700,0.569156,0.413155,0.425100,0.522139,0.703547,0.515054,0.655621,0.719365,0.495035,0.604222,0.601469,0.514048,0.587208,0.392507,0.472384,0.624603,0.722948,0.627934,0.640402,0.695130,0.476930,0.559258,0.491009,0.559377,0.459831,0.695766,0.700463,0.688773,0.372122,0.655759,0.444335,0.446605,0.582140,0.533172,0.655717,0.484294,0.617454,0.685210,0.453820,0.447367,0.432560,0.582176,0.664853,0.672700,0.764174,0.696192,0.605876,0.499297,0.798808,0.774028,0.429419,0.489596,0.417821,0.555502,0.695056,0.395414,0.516851,0.684013,0.493578,0.653693,0.496477,0.342946,0.781852,0.546243,0.667730,0.450202,0.497126,0.439278,0.757816,0.670969,0.748482,0.723460,0.565805,0.605775,0.488804,0.769815,0.375176,0.431038,0.758491,0.452954,0.652991,0.434498,0.486634,0.596747,0.745893,0.489138,0.570657,0.547993,0.448129,0.416564,0.713801,0.756323,0.459090,0.483387,0.467746,0.469312,0.437527,0.761764,0.538449,0.525900,0.436768,0.579292,0.640258,0.521185,0.373382,0.626976,0.630351,0.490335,0.656156,0.364850,0.647062,0.655373,0.739393,0.630728,0.734553,0.715769,0.282937,0.686460,0.486962,0.687605,0.476185,0.713223,0.732427,0.792648,0.372593,0.740229,0.442776,0.419219,0.582981,0.462957,0.532721,0.734983,0.567315,0.626109,0.732273,0.000000,0.565676,0.361997,0.574881,0.663000,0.420950,0.742437,0.448689,0.569103,0.685896,0.533777,0.675601,0.598731,0.683671,0.551049,0.828885,0.522949,0.575114,0.711501,0.641783,0.791487,0.605619,0.531363,0.389592,0.759236,0.725117,0.593594,0.798512,0.659500,0.541844,0.360662,0.804547,0.784823,0.553440,0.364522,0.480901,0.571266,0.666613,0.521103,0.673653,0.703090,0.737425,0.423530,0.744090,0.585533,0.771646,0.624494,0.620356,0.683475,0.729581,0.641654,0.701229,0.678588,0.657028,0.373439,0.614945,0.822898,0.382801,0.634417,0.801495,0.586700,0.739421,0.527307,0.404452,0.451262,0.348048,0.742101,0.580427,0.671815,0.774297,0.630674,0.494298,0.625226,0.569629,0.569213,0.668635,0.555085,0.634422,0.449594,0.362930,0.576281,0.703268,0.660805,0.548877,0.780778,0.700521,0.429141,0.671897,0.462709,0.629773,0.655774,0.654939,0.618251,0.758728,0.504761,0.734610,0.715156,0.597612,0.716913,0.736220,0.817848,0.413566,0.540591,0.702890,0.406660,0.367980,0.558409,0.814478,0.526330,0.536554,0.462392,0.522106,0.696173,0.788658,0.389169,0.667475,0.581913,0.410689,0.348392,0.784194,0.560264,0.727126,0.392086,0.650361,0.462405,0.780527,0.537436,0.535846,0.793828,0.803692,0.692824,0.828061,0.584372,0.639113,0.568117,0.813880,0.750158,0.421820,0.483706,0.549950,0.744002,0.709467,0.540345,0.471045,0.799463,0.660537,0.523617,0.502138,0.701997,0.507487,0.597753,0.525489,0.534606,0.740986,0.719395,0.626514,0.327355,0.526304,0.791797,0.556402,0.785031,0.642972,0.528442,0.748780,0.716718,0.728710,0.450332,0.831547,0.692888,0.631310,0.703922,0.743148,0.362258,0.698480,0.601740,0.718029,0.505681,0.785137,0.494006,0.487708,0.734518,0.570059,0.674725,0.695177,0.738988,0.465548,0.681722,0.534209,0.784523,0.748641,0.706734,0.770913,0.725093,0.691383,0.784837,0.835651,0.543813,0.641986,0.779109,0.774534,0.610876,0.670689,0.540419,0.692869,0.477220,0.799761,0.721012,0.731978,0.751855,0.559139,0.664383,0.504659,0.441714,0.820326,0.753418,0.736405,0.434520,0.342742,0.743289,0.371725,0.543768,0.804705,0.609804,0.550701,0.643231,0.498205,0.730664,0.749122,0.461044,0.667777,0.619869,0.819422,0.413074,0.646969,0.751992,0.456210,0.695042,0.659946,0.488791,0.730703,0.700867,0.410323,0.704150,0.520538,0.771971,0.745897,0.487777,0.599809,0.664093,0.774387,0.652970,0.794210,0.432355,0.568570,0.750255,0.652868,0.505038,0.714806,0.801255,0.675130,0.761331,0.835599,0.720252,0.453535,0.504923,0.760458,0.697257,0.504347,0.775035,0.741337,0.705153,0.836116,0.745786,0.601171,0.729482,0.792462,0.620996,0.726228,0.831048,0.676884,0.737398,0.712055,0.652264,0.770883,0.754417,0.666467,0.523058,0.595461,0.741278,0.356408,0.658875,0.725464,0.677713,0.724197,0.725912,0.594245,0.780327,0.813812,0.768813,0.754514,0.554711,0.600609,0.712423,0.741182,0.760636,0.812805,0.722171,0.756773,0.545831,0.628150,0.743534,0.856948,0.709838,0.527999,0.754104,0.700702,0.701036,0.697240,0.721763,0.755975,0.785989,0.652150,0.710545,0.466347,0.571801,0.656602,0.451048,0.788378,0.693416,0.800211,0.701049,0.777783,0.545013,0.770091,0.624234,0.814678,0.556334,0.600530,0.819123,0.739237
0.541592,0.430047,0.423256,0.362817,0.386872,0.507020,0.598778,0.485642,0.551998,0.468268,0.610707,0.541443,0.480480,0.514154,0.441526,0.471387,0.395961,0.658454,0.387721,0.666313,0.531360,0.561389,0.424507,0.519602,0.478855,0.575942,0.345929,0.478261,0.376726,0.399779,0.771705,0.512064,0.656903,0.625700,0.374674,0.587989,0.456839,0.521698,0.643345,0.497155,0.413996,0.744463,0.721592,0.674716,0.683261,0.575225,0.467157,0.468009,0.393544,0.594629,0.496024,0.779959,0.518194,0.706822,0.531741,0.562066,0.396643,0.464348,0.566442,0.525315,0.499461,0.570652,0.658966,0.752275,0.616257,0.392453,0.472138,0.500581,0.619028,0.809990,0.605234,0.520469,0.644784,0.555501,0.610612,0.682535,0.531546,0.447577,0.504098,0.678132,0.801670,0.567246,0.384428,0.695339,0.429807,0.708359,0.638382,0.456830,0.605241,0.586342,0.660371,0.431099,0.521705,0.378932,0.600643,0.722860,0.739233,0.546700,0.380109,0.517731,0.456259,0.583629,0.382110,0.422465,0.620296,0.479003,0.683892,0.466932,0.364789,0.636033,0.793984,0.422599,0.652953,0.484747,0.400491,0.537605,0.789215,0.721325,0.519754,0.432078,0.436594,0.507272,0.463944,0.597505,0.517520,0.498516,0.502074,0.546760,0.623255,0.573061,0.369358,0.682735,0.671607,0.338824,0.535259,0.419579,0.621286,0.705251,0.769290,0.485174,0.681975,0.659631,0.509829,0.570005,0.564045,0.591345,0.622894,0.540730,0.822274,0.661789,0.409069,0.563082,0.465223,0.457980,0.537367,0.454769,0.518351,0.717209,0.509593,0.652535,0.733392,0.565676,0.000000,0.449744,0.665859,0.542405,0.377962,0.658355,0.449837,0.408461,0.469304,0.460221,0.741778,0.685257,0.542254,0.543819,0.736638,0.525357,0.392067,0.705621,0.674941,0.673817,0.665332,0.434884,0.441534,0.750040,0.514818,0.622482,0.826813,0.611456,0.284135,0.471103,0.624318,0.637640,0.654954,0.436461,0.516930,0.449325,0.757404,0.571959,0.664005,0.626697,0.691385,0.384094,0.807179,0.670298,0.734159,0.305613,0.481592,0.689694,0.697249,0.507414,0.568432,0.679609,0.719253,0.479486,0.458274,0.830548,0.485413,0.667560,0.647837,0.518975,0.532504,0.508115,0.482848,0.475919,0.499472,0.760326,0.569673,0.636198,0.669228,0.694246,0.446119,0.554720,0.475919,0.347548,0.661326,0.289668,0.685033,0.442900,0.470456,0.462269,0.720348,0.531903,0.489334,0.638696,0.719513,0.398371,0.738353,0.524596,0.454158,0.580761,0.662259,0.648951,0.612519,0.442760,0.695878,0.670119,0.520695,0.703133,0.775255,0.660367,0.457344,0.518835,0.762800,0.488205,0.561911,0.581612,0.651410,0.476842,0.649104,0.378931,0.564880,0.678563,0.765747,0.458960,0.610585,0.437483,0.438878,0.453144,0.724069,0.673265,0.661546,0.492163,0.534670,0.537709,0.716475,0.649112,0.517223,0.613010,0.715454,0.736277,0.770114,0.606294,0.568231,0.430797,0.537623,0.725390,0.482975,0.535924,0.470227,0.521359,0.506175,0.547631,0.542405,0.580983,0.597533,0.594731,0.490610,0.687722,0.449354,0.525777,0.482250,0.530712,0.783172,0.632996,0.664393,0.450906,0.492442,0.645821,0.537407,0.753773,0.760798,0.429991,0.776239,0.780410,0.599286,0.502336,0.731059,0.561680,0.760272,0.685693,0.708312,0.489023,0.764498,0.645030,0.763362,0.474573,0.821737,0.532935,0.561820,0.837029,0.620044,0.613732,0.765370,0.718290,0.502697,0.754162,0.524633,0.785908,0.787768,0.727220,0.600295,0.616912,0.657695,0.784031,0.772574,0.458115,0.362905,0.736030,0.712141,0.595644,0.637957,0.524496,0.691869,0.501504,0.733082,0.745208,0.767943,0.675794,0.622895,0.791813,0.544138,0.469794,0.830274,0.534672,0.524800,0.533781,0.492867,0.610986,0.447157,0.626206,0.769454,0.587457,0.533909,0.724053,0.503636,0.622082,0.670691,0.448197,0.702309,0.570832,0.751834,0.401220,0.707925,0.626965,0.509823,0.671299,0.644340,0.567103,0.780515,0.657337,0.456317,0.596112,0.417451,0.716878,0.724387,0.436683,0.699330,0.718433,0.694516,0.724239,0.756520,0.429522,0.666644,0.619814,0.611112,0.642398,0.769973,0.793524,0.731169,0.649643,0.831366,0.684717,0.520890,0.494553,0.652206,0.662193,0.515884,0.783976,0.781608,0.580246,0.843023,0.686508,0.485756,0.721113,0.748560,0.770512,0.596523,0.634255,0.699257,0.743414,0.650833,0.547143,0.596712,0.603569,0.680352,0.624074,0.557275,0.623053,0.576665,0.775784,0.700294,0.627237,0.624969,0.570636,0.596948,0.822120,0.685601,0.700315,0.585290,0.536290,0.657248,0.773874,0.862539,0.639973,0.807694,0.653057,0.725566,0.537436,0.574867,0.715537,0.681251,0.669967,0.578168,0.821645,0.635107,0.566700,0.768717,0.606295,0.556352,0.795257,0.586638,0.525198,0.541470,0.513912,0.460596,0.540907,0.715254,0.597554,0.646862,0.689228,0.589500,0.668230,0.838435,0.419411,0.648994,0.533983,0.507547,0.695473,0.605667
0.541919,0.479317,0.315131,0.476247,0.330217,0.467314,0.595110,0.251004,0.614867,0.413085,0.624205,0.479215,0.559953,0.410456,0.526222,0.302759,0.259253,0.602383,0.285099,0.711748,0.492190,0.441406,0.500967,0.356516,0.366867,0.458182,0.471226,0.222574,0.226032,0.401933,0.687863,0.400063,0.596641,0.651724,0.265084,0.662794,0.525405,0.484883,0.645166,0.357395,0.261731,0.701632,0.635856,0.658740,0.751106,0.625885,0.433641,0.398334,0.308372,0.644840,0.459314,0.776008,0.613744,0.670411,0.362341,0.560073,0.295830,0.283910,0.562114,0.517375,0.552782,0.458721,0.602747,0.673077,0.493609,0.309903,0.200492,0.479738,0.683781,0.698280,0.699713,0.579041,0.636581,0.513733,0.700057,0.766365,0.440622,0.300836,0.371745,0.608712,0.775824,0.435494,0.439067,0.659542,0.223882,0.740141,0.475104,0.161820,0.720960,0.566129,0.708585,0.288623,0.431683,0.328618,0.659218,0.762722,0.748581,0.564353,0.474726,0.628833,0.364904,0.704643,0.313578,0.369411,0.649020,0.421930,0.640655,0.378118,0.258414,0.633291,0.786744,0.245498,0.582926,0.518872,0.286706,0.266500,0.688512,0.806567,0.524679,0.372358,0.399119,0.300053,0.236608,0.674935,0.518424,0.417913,0.368186,0.501695,0.622407,0.484453,0.237527,0.672755,0.627199,0.378475,0.643673,0.178799,0.583905,0.691040,0.766947,0.524425,0.771205,0.628645,0.214514,0.704467,0.391580,0.569728,0.468004,0.583311,0.834316,0.743298,0.127265,0.613483,0.191468,0.227799,0.426886,0.377635,0.546246,0.781194,0.439794,0.630912,0.732935,0.361997,0.449744,0.000000,0.505490,0.546042,0.233363,0.729862,0.278231,0.469652,0.647069,0.394075,0.682433,0.592770,0.602912,0.496088,0.794455,0.533740,0.385697,0.751130,0.560179,0.728090,0.623965,0.444282,0.228406,0.776884,0.563651,0.572756,0.824178,0.701577,0.369305,0.280741,0.750977,0.804100,0.584630,0.259951,0.325788,0.391534,0.793084,0.473117,0.625579,0.674441,0.700284,0.089204,0.828088,0.581478,0.747137,0.454596,0.559682,0.660675,0.722693,0.400111,0.602434,0.626318,0.676406,0.182436,0.386485,0.847659,0.460615,0.620001,0.720391,0.440162,0.588048,0.324998,0.404801,0.342058,0.158569,0.765019,0.433566,0.711139,0.788264,0.640769,0.272400,0.501481,0.482898,0.422917,0.678147,0.520073,0.688450,0.357296,0.148198,0.346372,0.680050,0.633835,0.360342,0.686498,0.705569,0.224219,0.666440,0.427612,0.483258,0.552818,0.646502,0.573492,0.626712,0.243493,0.693074,0.674010,0.509054,0.702813,0.741324,0.756602,0.358979,0.535074,0.743402,0.327545,0.306310,0.475682,0.678587,0.452260,0.592285,0.322167,0.380312,0.737980,0.733852,0.361373,0.693460,0.426717,0.312618,0.271686,0.776450,0.556080,0.627983,0.115985,0.579392,0.418676,0.722277,0.542407,0.290043,0.646750,0.710376,0.753932,0.777177,0.564935,0.645543,0.366404,0.695504,0.742330,0.344537,0.308633,0.388260,0.629950,0.607827,0.498716,0.513963,0.723920,0.586671,0.485221,0.386060,0.724698,0.212088,0.629509,0.298429,0.519586,0.730631,0.546134,0.557498,0.290364,0.290233,0.698093,0.433828,0.785933,0.746946,0.461063,0.771508,0.769291,0.563064,0.332486,0.791914,0.549846,0.626755,0.649352,0.699515,0.297335,0.692951,0.584465,0.703411,0.412308,0.801819,0.344783,0.337538,0.827284,0.538537,0.686647,0.679420,0.787200,0.449993,0.701076,0.367143,0.858988,0.820917,0.669214,0.691460,0.663136,0.583235,0.757524,0.846007,0.442345,0.538134,0.781374,0.754468,0.410560,0.601298,0.581367,0.751695,0.235864,0.722915,0.675953,0.741249,0.686323,0.577022,0.729597,0.436100,0.274623,0.845460,0.631800,0.690687,0.266566,0.340838,0.666601,0.154939,0.492751,0.744761,0.581950,0.508844,0.667421,0.471925,0.626207,0.719334,0.320837,0.666669,0.575227,0.767289,0.293809,0.642203,0.596042,0.363053,0.657200,0.643464,0.334204,0.791757,0.735736,0.307683,0.606189,0.326392,0.785291,0.721506,0.265685,0.728964,0.727606,0.694150,0.757836,0.757830,0.346464,0.622624,0.679315,0.598015,0.426476,0.720896,0.784366,0.787226,0.687470,0.836706,0.716648,0.313335,0.348772,0.804550,0.609859,0.342445,0.750252,0.709550,0.522750,0.828967,0.737259,0.456253,0.648928,0.779574,0.653101,0.622409,0.791018,0.597397,0.734604,0.679286,0.659122,0.683989,0.628324,0.593416,0.497304,0.385896,0.665112,0.405100,0.731744,0.707251,0.662712,0.627897,0.614949,0.413930,0.816629,0.737875,0.798201,0.687035,0.293018,0.546659,0.713240,0.828484,0.759251,0.789112,0.656710,0.738255,0.313423,0.521418,0.704662,0.748833,0.601249,0.494424,0.839218,0.661427,0.626687,0.694095,0.583792,0.682346,0.762165,0.616004,0.586976,0.416823,0.461120,0.407944,0.364469,0.706049,0.613972,0.786646,0.630775,0.627541,0.588167,0.805893,0.407163,0.733672,0.405632,0.508245,0.711951,0.534032
0.542283,0.554452,0.480345,0.566671,0.505983,0.469150,0.417810,0.470600,0.464225,0.479264,0.472200,0.532144,0.657538,0.505688,0.687908,0.519433,0.545069,0.646027,0.545252,0.614860,0.480882,0.647087,0.458966,0.512562,0.439090,0.560380,0.588292,0.592717,0.511714,0.624252,0.681204,0.601283,0.769694,0.732447,0.557387,0.504752,0.547400,0.505357,0.468600,0.527963,0.554363,0.701286,0.749748,0.660702,0.514652,0.663134,0.533304,0.560355,0.552647,0.466223,0.612070,0.762965,0.659943,0.818762,0.532922,0.731057,0.536787,0.556346,0.623000,0.507226,0.687145,0.599353,0.746811,0.539285,0.557659,0.551768,0.579758,0.738235,0.680133,0.620462,0.642524,0.664434,0.459313,0.602757,0.695996,0.653545,0.543875,0.540338,0.569902,0.432207,0.635719,0.585530,0.626017,0.795525,0.553845,0.597683,0.655976,0.551136,0.702284,0.509218,0.575657,0.548050,0.636820,0.531928,0.740090,0.627500,0.739812,0.660521,0.645812,0.535046,0.616691,0.695835,0.553560,0.607306,0.772818,0.578926,0.763132,0.570378,0.608828,0.514025,0.773523,0.625211,0.434795,0.499153,0.564898,0.538622,0.846172,0.676326,0.565954,0.499234,0.490332,0.590330,0.642667,0.671808,0.601751,0.656551,0.614333,0.622781,0.649968,0.524649,0.565611,0.593598,0.463179,0.523685,0.547236,0.552008,0.694290,0.584425,0.735789,0.611608,0.648328,0.788536,0.492310,0.589196,0.596452,0.763006,0.672726,0.735465,0.716907,0.722995,0.542075,0.784263,0.553916,0.547677,0.549788,0.558530,0.505749,0.609077,0.697953,0.582047,0.702377,0.574881,0.665859,0.505490,0.000000,0.660117,0.564052,0.621306,0.588835,0.692468,0.551588,0.693289,0.814830,0.559244,0.656176,0.559445,0.789661,0.609045,0.608096,0.702487,0.765050,0.752184,0.642948,0.573055,0.579272,0.784469,0.688025,0.595564,0.705904,0.535202,0.674725,0.630012,0.760319,0.586033,0.751912,0.533346,0.593399,0.587248,0.695316,0.632715,0.797841,0.768840,0.609489,0.532279,0.786682,0.530759,0.765364,0.648037,0.680159,0.692058,0.809509,0.618753,0.761371,0.733667,0.769949,0.512866,0.636313,0.852810,0.608600,0.793791,0.739821,0.633993,0.700665,0.558762,0.568498,0.592482,0.511365,0.811604,0.594364,0.678990,0.600602,0.620022,0.619351,0.711176,0.612686,0.666882,0.591236,0.699966,0.743312,0.646783,0.519367,0.634974,0.654139,0.696137,0.551366,0.739998,0.753018,0.532893,0.597020,0.581974,0.597966,0.693177,0.651273,0.730273,0.674873,0.608771,0.673329,0.673422,0.679525,0.650482,0.820066,0.760114,0.639780,0.638577,0.671672,0.565592,0.579088,0.757853,0.763225,0.592409,0.616168,0.540137,0.597482,0.663692,0.773408,0.639553,0.714939,0.684446,0.677010,0.596531,0.720289,0.652635,0.792048,0.512373,0.578865,0.563914,0.776639,0.638434,0.556411,0.721889,0.753989,0.749975,0.783983,0.684711,0.715219,0.617824,0.715167,0.722148,0.522084,0.581434,0.650350,0.652781,0.721868,0.368049,0.611142,0.703721,0.712492,0.686123,0.571072,0.662623,0.618142,0.593523,0.547636,0.585913,0.622278,0.731736,0.759506,0.631076,0.616397,0.783900,0.577609,0.704740,0.629596,0.601765,0.700965,0.784288,0.759871,0.541446,0.766497,0.687726,0.740988,0.714111,0.728145,0.532181,0.678599,0.564107,0.853803,0.562876,0.781328,0.586890,0.611943,0.778893,0.614113,0.748827,0.827173,0.658111,0.631507,0.832350,0.627841,0.740151,0.678578,0.769747,0.619228,0.686135,0.695935,0.676376,0.757095,0.585804,0.645120,0.720001,0.742224,0.670838,0.694772,0.544719,0.643561,0.545240,0.688489,0.815152,0.824435,0.639599,0.607195,0.717864,0.691842,0.683964,0.826109,0.611635,0.666471,0.577313,0.608461,0.809613,0.518562,0.581564,0.674807,0.516946,0.624052,0.596063,0.707994,0.735414,0.743098,0.694125,0.708090,0.688753,0.811085,0.629505,0.551135,0.770716,0.632367,0.673176,0.621869,0.542973,0.743994,0.651648,0.567262,0.617794,0.618643,0.673757,0.737921,0.602179,0.572814,0.499538,0.799652,0.582482,0.690194,0.630329,0.638862,0.591195,0.631380,0.539586,0.606063,0.693290,0.631062,0.692631,0.868468,0.584370,0.665690,0.663345,0.675721,0.730531,0.648200,0.805031,0.775237,0.789142,0.801614,0.689998,0.638663,0.806312,0.725301,0.644331,0.737724,0.721116,0.682487,0.622021,0.752562,0.663240,0.809022,0.703261,0.635075,0.672676,0.675050,0.696958,0.641354,0.678897,0.708835,0.695587,0.778202,0.723157,0.635623,0.845507,0.786743,0.711699,0.717488,0.676538,0.622918,0.670651,0.731715,0.726872,0.735509,0.571825,0.749002,0.626776,0.669404,0.857512,0.791970,0.543215,0.730440,0.772340,0.683747,0.659637,0.602187,0.729741,0.651122,0.902258,0.680643,0.711106,0.595456,0.688059,0.643016,0.665149,0.814036,0.664473,0.640605,0.627378,0.761658,0.580942,0.705290,0.712031,0.770806,0.729495,0.544738,0.770737,0.713097
0.542430,0.523977,0.651277,0.639785,0.605557,0.620423,0.601507,0.604814,0.554616,0.605598,0.607921,0.690001,0.407651,0.637446,0.381081,0.536345,0.409237,0.670829,0.408821,0.668479,0.453342,0.579556,0.422171,0.575991,0.503242,0.677533,0.490989,0.459649,0.558799,0.373709,0.540068,0.599106,0.424291,0.480172,0.349938,0.562427,0.377796,0.606759,0.578895,0.608504,0.526472,0.526594,0.541904,0.719043,0.657776,0.590195,0.639741,0.608388,0.547744,0.596320,0.648025,0.510662,0.308355,0.509466,0.595514,0.550610,0.554392,0.550009,0.597432,0.545042,0.396280,0.631071,0.477195,0.613961,0.600281,0.284303,0.644896,0.369015,0.545985,0.618758,0.522014,0.436450,0.598758,0.736428,0.446350,0.453993,0.536645,0.462277,0.629170,0.685414,0.770582,0.679037,0.567526,0.448759,0.586398,0.598951,0.775665,0.545975,0.481131,0.593215,0.561718,0.545972,0.719507,0.350898,0.471058,0.617234,0.602223,0.422966,0.606208,0.504781,0.508552,0.585284,0.522903,0.632507,0.513258,0.582187,0.411886,0.559257,0.420006,0.576563,0.570348,0.566397,0.707309,0.601997,0.554377,0.652817,0.522126,0.771976,0.578116,0.463250,0.584162,0.675131,0.615724,0.628125,0.359642,0.464277,0.700243,0.078566,0.596562,0.583105,0.604188,0.767569,0.675851,0.484221,0.479121,0.509408,0.540620,0.573680,0.669494,0.197468,0.602551,0.365932,0.644827,0.496841,0.718122,0.295391,0.642325,0.570659,0.650102,0.646617,0.579053,0.440933,0.591469,0.618333,0.619097,0.576535,0.520442,0.657960,0.537275,0.637964,0.781975,0.663000,0.542405,0.546042,0.660117,0.000000,0.520124,0.578500,0.532699,0.467212,0.533966,0.581113,0.515303,0.723929,0.470316,0.637221,0.549907,0.684061,0.467643,0.608976,0.755453,0.607424,0.689526,0.492901,0.644133,0.502567,0.407145,0.685426,0.634220,0.648760,0.533234,0.605295,0.478630,0.621418,0.741370,0.494248,0.600874,0.370482,0.742503,0.565362,0.426391,0.428672,0.607135,0.496323,0.591165,0.602487,0.804371,0.405156,0.513076,0.642554,0.487463,0.441870,0.425597,0.661495,0.840937,0.610477,0.464089,0.637789,0.616852,0.475017,0.517640,0.557369,0.424349,0.564918,0.700560,0.589312,0.650671,0.515564,0.529293,0.724805,0.580787,0.607859,0.648208,0.713778,0.693980,0.505010,0.567120,0.671441,0.829661,0.620469,0.603630,0.466213,0.650923,0.551859,0.588887,0.456853,0.523267,0.568257,0.716048,0.656092,0.591673,0.535303,0.695151,0.763402,0.381501,0.599095,0.748773,0.711293,0.713497,0.772663,0.481875,0.483502,0.646656,0.709811,0.646944,0.630447,0.601013,0.719734,0.579847,0.663831,0.500821,0.459602,0.681161,0.799954,0.755395,0.663822,0.559652,0.474984,0.627948,0.615254,0.660713,0.689061,0.701503,0.610320,0.525841,0.696863,0.521053,0.554269,0.545177,0.457121,0.559323,0.859710,0.514296,0.758441,0.648122,0.547408,0.414552,0.794970,0.642940,0.641447,0.544625,0.565327,0.452934,0.602282,0.653110,0.481410,0.614652,0.699068,0.578645,0.777589,0.579336,0.488435,0.493481,0.542860,0.696321,0.397615,0.679467,0.596425,0.560501,0.404188,0.412299,0.669267,0.621746,0.416683,0.734206,0.544417,0.541824,0.646094,0.557666,0.527983,0.742805,0.579265,0.438678,0.668235,0.598618,0.619185,0.516697,0.534827,0.796413,0.728687,0.685109,0.539751,0.608448,0.574806,0.517722,0.643725,0.624634,0.471680,0.570155,0.860013,0.763963,0.543036,0.650904,0.723294,0.556371,0.790822,0.725882,0.599415,0.524535,0.713884,0.730850,0.641387,0.650670,0.555105,0.631268,0.625052,0.709381,0.507408,0.545570,0.468184,0.623003,0.529140,0.687844,0.658568,0.646400,0.631454,0.621331,0.597351,0.660885,0.444233,0.612110,0.626079,0.653167,0.676793,0.657451,0.654257,0.706625,0.674156,0.670617,0.646490,0.743671,0.619153,0.593142,0.546295,0.706296,0.601999,0.689973,0.746856,0.544569,0.598672,0.693995,0.614435,0.439016,0.499763,0.557198,0.586552,0.790134,0.503698,0.743315,0.661250,0.567851,0.716075,0.585727,0.653076,0.673204,0.571591,0.637793,0.675598,0.707214,0.847534,0.661695,0.586048,0.850264,0.622773,0.669095,0.553161,0.662068,0.624386,0.668662,0.482932,0.747810,0.495879,0.782905,0.770881,0.321665,0.517155,0.739577,0.776913,0.433408,0.601628,0.708375,0.665534,0.733070,0.528049,0.573943,0.619796,0.751562,0.647278,0.627216,0.595361,0.704742,0.778367,0.652710,0.554443,0.568723,0.566617,0.515124,0.568450,0.645870,0.689601,0.566556,0.635549,0.779099,0.767852,0.649584,0.650027,0.835169,0.755417,0.501718,0.619603,0.533062,0.533359,0.534587,0.642641,0.728822,0.686460,0.694738,0.642894,0.660676,0.668969,0.626779,0.593642,0.643692,0.478852,0.567543,0.737055,0.428987,0.680932,0.652215,0.766555,0.598749,0.711340,0.588775,0.676678,0.808070,0.459695,0.590241,0.681297,0.414979,0.488435,0.470213
0.542799,0.457342,0.308717,0.504396,0.296908,0.463587,0.556928,0.266557,0.558145,0.389655,0.582519,0.396650,0.566720,0.375347,0.518591,0.361012,0.238464,0.526961,0.232237,0.670265,0.467324,0.405621,0.419589,0.356613,0.388511,0.400513,0.392143,0.298531,0.241172,0.379961,0.665884,0.305810,0.631599,0.661158,0.291481,0.622401,0.465364,0.528775,0.622681,0.368369,0.288204,0.701572,0.640064,0.592766,0.730558,0.525756,0.425961,0.426308,0.301027,0.629260,0.413510,0.731186,0.611509,0.719411,0.299093,0.475268,0.304883,0.264157,0.521652,0.504654,0.554958,0.377053,0.650418,0.695277,0.487158,0.270097,0.244422,0.502233,0.645969,0.706876,0.633958,0.590311,0.638309,0.515457,0.652574,0.687903,0.440436,0.300947,0.363411,0.612554,0.752546,0.407669,0.442911,0.671169,0.236786,0.686686,0.497762,0.117585,0.651827,0.570942,0.643724,0.269351,0.429883,0.273767,0.676016,0.689717,0.711072,0.596732,0.475639,0.539552,0.238384,0.562292,0.252696,0.352722,0.649765,0.338053,0.655969,0.284380,0.266063,0.602251,0.819041,0.228938,0.615701,0.491238,0.301089,0.317536,0.742128,0.762471,0.510126,0.368158,0.440482,0.300051,0.239434,0.609664,0.449153,0.484001,0.382327,0.458006,0.545317,0.504142,0.242091,0.625722,0.600598,0.359144,0.548554,0.108040,0.551608,0.677661,0.713344,0.467581,0.688001,0.678543,0.290397,0.610925,0.401125,0.602140,0.446492,0.518727,0.798955,0.655686,0.181804,0.620218,0.237742,0.259479,0.463419,0.411304,0.496082,0.756580,0.318885,0.565012,0.748530,0.420950,0.377962,0.233363,0.564052,0.520124,0.000000,0.684707,0.252449,0.443234,0.588119,0.369863,0.722587,0.636881,0.602869,0.534038,0.756016,0.515377,0.373457,0.711826,0.579605,0.671490,0.630896,0.343259,0.247453,0.732575,0.573871,0.547247,0.866114,0.704542,0.334445,0.346462,0.681357,0.782147,0.496618,0.261239,0.355126,0.372523,0.750650,0.426812,0.629151,0.706638,0.713395,0.222211,0.831186,0.588147,0.705931,0.443916,0.434798,0.618948,0.749038,0.455862,0.569723,0.617677,0.613256,0.237630,0.412413,0.878585,0.452388,0.626772,0.663386,0.460314,0.596181,0.381081,0.403320,0.308683,0.246314,0.778971,0.487561,0.696555,0.770954,0.608920,0.277108,0.488373,0.478632,0.366244,0.662397,0.541115,0.593808,0.328254,0.217917,0.333383,0.671317,0.553044,0.401611,0.592058,0.666596,0.281659,0.679853,0.445774,0.431524,0.477265,0.593724,0.571739,0.600653,0.214779,0.683636,0.688703,0.517534,0.680996,0.765974,0.755378,0.359538,0.507109,0.771043,0.329817,0.342318,0.471794,0.558634,0.428744,0.564942,0.319669,0.423908,0.731907,0.711740,0.357561,0.661441,0.300790,0.327630,0.268459,0.776375,0.538915,0.567520,0.235451,0.534453,0.400356,0.653442,0.526026,0.321048,0.620242,0.630301,0.823211,0.758914,0.556769,0.534395,0.362604,0.572957,0.734052,0.401683,0.385048,0.350116,0.558059,0.544333,0.513232,0.455243,0.623030,0.586152,0.481628,0.378908,0.722931,0.283066,0.555552,0.321837,0.458672,0.700782,0.590190,0.521788,0.351841,0.282819,0.664147,0.404453,0.714602,0.723776,0.372747,0.716581,0.779714,0.498639,0.362087,0.763056,0.522673,0.647412,0.663391,0.654602,0.301287,0.643529,0.587051,0.781785,0.430553,0.757040,0.368076,0.310249,0.862575,0.545928,0.625436,0.718182,0.751565,0.391889,0.682246,0.316506,0.844769,0.821143,0.764720,0.675868,0.605732,0.555681,0.716086,0.815222,0.452985,0.494983,0.778225,0.748412,0.493173,0.608248,0.545662,0.739569,0.285795,0.678603,0.676627,0.785210,0.721228,0.555590,0.721311,0.443351,0.254041,0.809079,0.650622,0.637883,0.273747,0.363714,0.650317,0.203464,0.457729,0.655248,0.568614,0.480994,0.625544,0.478408,0.583314,0.685801,0.314923,0.673182,0.489804,0.787109,0.327444,0.628599,0.568675,0.330141,0.615637,0.603800,0.384032,0.733953,0.635977,0.314197,0.630073,0.333109,0.763979,0.700872,0.315866,0.718817,0.732399,0.676904,0.724808,0.699706,0.317736,0.593810,0.637335,0.564560,0.490342,0.686957,0.815098,0.767429,0.575117,0.808729,0.676977,0.308346,0.310195,0.802028,0.565246,0.307085,0.781765,0.656558,0.485560,0.828197,0.708276,0.412805,0.681089,0.783480,0.646985,0.648071,0.755380,0.563255,0.732824,0.576194,0.572083,0.617167,0.597871,0.658830,0.457040,0.451259,0.608423,0.426182,0.731104,0.684070,0.624341,0.519487,0.573325,0.433720,0.809377,0.660483,0.779646,0.660337,0.279589,0.564099,0.700122,0.789148,0.681767,0.780479,0.641846,0.682704,0.372027,0.524101,0.750190,0.668492,0.659714,0.423408,0.812785,0.670978,0.657367,0.681431,0.511629,0.612773,0.793036,0.596005,0.559212,0.393604,0.452255,0.417696,0.431457,0.628138,0.578768,0.708783,0.662504,0.557432,0.540899,0.781270,0.397298,0.694589,0.412074,0.470168,0.652077,0.443770
0.544429,0.610222,0.611354,0.567113,0.655553,0.548702,0.551625,0.670848,0.373364,0.579834,0.548961,0.660217,0.600191,0.648770,0.623066,0.695631,0.625415,0.661825,0.650282,0.609882,0.491065,0.811865,0.445462,0.654524,0.536359,0.707624,0.615587,0.724359,0.686209,0.670044,0.704323,0.670230,0.758398,0.658549,0.679657,0.496225,0.532886,0.668348,0.532470,0.692556,0.622927,0.712359,0.763141,0.633281,0.446482,0.579414,0.665545,0.586624,0.696921,0.552959,0.691084,0.778138,0.649589,0.767223,0.637216,0.579884,0.704641,0.699643,0.653502,0.452905,0.728903,0.678368,0.772869,0.662181,0.609787,0.640492,0.720804,0.708879,0.523742,0.703685,0.573290,0.738473,0.538397,0.683552,0.664999,0.549431,0.657459,0.667075,0.667114,0.596647,0.620492,0.695118,0.647084,0.806128,0.758803,0.564011,0.747273,0.733216,0.647003,0.636511,0.601206,0.729733,0.758814,0.629465,0.613166,0.611031,0.690048,0.707402,0.698548,0.508560,0.723539,0.540051,0.707804,0.708381,0.737025,0.717504,0.730896,0.705442,0.738836,0.531119,0.781950,0.733108,0.622406,0.617931,0.742816,0.744379,0.820695,0.562948,0.680781,0.632942,0.642831,0.734478,0.771488,0.556042,0.625564,0.799009,0.778002,0.581397,0.697974,0.642149,0.740449,0.688716,0.637650,0.664397,0.224157,0.737645,0.721501,0.662260,0.750018,0.601468,0.488430,0.806557,0.779270,0.534320,0.751387,0.757949,0.779075,0.619810,0.684574,0.599470,0.751280,0.773735,0.756419,0.741821,0.679697,0.638547,0.639846,0.453548,0.694865,0.693291,0.649336,0.742437,0.658355,0.729862,0.621306,0.578500,0.684707,0.000000,0.741854,0.708036,0.647561,0.761019,0.748967,0.750291,0.708915,0.685753,0.683516,0.762240,0.694857,0.728844,0.851434,0.599167,0.733168,0.664481,0.754790,0.832870,0.771811,0.666370,0.650397,0.522432,0.707071,0.757929,0.600875,0.526794,0.749168,0.643353,0.778543,0.688572,0.702892,0.658241,0.789763,0.730732,0.532632,0.707859,0.710219,0.629523,0.730258,0.742454,0.652395,0.758560,0.713039,0.697919,0.711643,0.722999,0.824181,0.730585,0.727662,0.756608,0.642727,0.834836,0.679652,0.691653,0.724342,0.785498,0.742636,0.666147,0.746751,0.806233,0.725714,0.620627,0.543706,0.636395,0.763801,0.783046,0.739349,0.743043,0.544361,0.652592,0.842781,0.743618,0.752859,0.698154,0.627396,0.588494,0.760146,0.731621,0.773954,0.744489,0.616753,0.801319,0.650825,0.693403,0.659767,0.737794,0.620144,0.750537,0.659228,0.649939,0.781359,0.631477,0.794372,0.683827,0.763397,0.698555,0.749955,0.724879,0.784691,0.879866,0.688412,0.758056,0.642543,0.668004,0.773023,0.654283,0.721873,0.717815,0.700001,0.695085,0.779975,0.762718,0.680322,0.788348,0.641846,0.733881,0.556352,0.804788,0.697391,0.752336,0.726906,0.685643,0.745727,0.710187,0.685571,0.696754,0.730744,0.799933,0.621991,0.606066,0.722650,0.739992,0.687152,0.579974,0.698540,0.700192,0.692299,0.478894,0.717462,0.728030,0.697916,0.620189,0.797025,0.650490,0.696298,0.631179,0.621809,0.851177,0.743736,0.772588,0.739480,0.722664,0.573549,0.594421,0.676073,0.657386,0.659165,0.777355,0.751209,0.804757,0.769236,0.636671,0.620044,0.732044,0.749960,0.753925,0.735618,0.701330,0.823378,0.687725,0.805195,0.754658,0.789792,0.771111,0.675968,0.728523,0.774354,0.700397,0.742771,0.825205,0.688437,0.716385,0.735440,0.853059,0.640224,0.671536,0.702436,0.642816,0.693583,0.739366,0.659228,0.681476,0.740476,0.763467,0.739492,0.655231,0.550903,0.768316,0.659625,0.820563,0.811010,0.685860,0.795690,0.851354,0.796337,0.823587,0.749196,0.554917,0.805528,0.783285,0.742108,0.721826,0.750911,0.717949,0.610905,0.705939,0.764691,0.666883,0.758011,0.673246,0.594501,0.802651,0.671880,0.721257,0.706787,0.796448,0.712800,0.732298,0.773971,0.633587,0.566013,0.740278,0.792036,0.647553,0.676486,0.694692,0.731664,0.622313,0.796213,0.732023,0.627768,0.625785,0.792098,0.593766,0.547868,0.797646,0.728107,0.592967,0.606088,0.808179,0.741462,0.672187,0.692254,0.703266,0.748800,0.541559,0.774014,0.756784,0.538434,0.630195,0.749112,0.791439,0.726178,0.686633,0.763480,0.713575,0.695382,0.838576,0.660623,0.722374,0.662653,0.692564,0.770880,0.556151,0.726488,0.645538,0.647633,0.704586,0.628924,0.724888,0.759474,0.637207,0.743776,0.733868,0.765756,0.775441,0.745908,0.678027,0.709308,0.797428,0.666831,0.519498,0.583507,0.760065,0.683890,0.691934,0.709193,0.814060,0.715748,0.734864,0.466806,0.761457,0.723402,0.784930,0.726586,0.692411,0.771428,0.771591,0.600523,0.738992,0.723881,0.692321,0.683474,0.793779,0.732147,0.625327,0.721906,0.671711,0.692946,0.741609,0.634039,0.696206,0.492594,0.625665,0.648328,0.696729,0.715623,0.787279,0.564421,0.768189,0.570910,0.762703,0.611577
0.545107,0.450890,0.354023,0.539517,0.301565,0.421849,0.486342,0.252354,0.588432,0.381458,0.535746,0.443674,0.591859,0.384479,0.503411,0.308872,0.245154,0.505141,0.245458,0.728284,0.456387,0.435862,0.437909,0.191301,0.366695,0.466804,0.443676,0.314367,0.225763,0.430969,0.703149,0.410612,0.624480,0.668120,0.342384,0.535828,0.473519,0.450036,0.539555,0.373637,0.305708,0.658502,0.637176,0.688019,0.698379,0.571419,0.424528,0.432793,0.353305,0.527418,0.447825,0.750685,0.578957,0.691601,0.334133,0.533037,0.318659,0.061719,0.513218,0.573171,0.569306,0.432043,0.645462,0.646866,0.471818,0.298486,0.291595,0.538937,0.621579,0.768706,0.726774,0.626615,0.567126,0.485915,0.696313,0.693020,0.380849,0.254025,0.348184,0.581955,0.770020,0.341207,0.475876,0.660553,0.289082,0.598237,0.471496,0.220261,0.681974,0.556355,0.575724,0.217341,0.374519,0.284522,0.684278,0.627967,0.713638,0.631747,0.511043,0.509075,0.306354,0.638282,0.238315,0.371012,0.657620,0.344013,0.645642,0.285274,0.304819,0.521162,0.839718,0.279140,0.550641,0.419280,0.302335,0.317804,0.734471,0.749116,0.441706,0.303783,0.440870,0.396482,0.293868,0.729522,0.433321,0.440184,0.409701,0.464173,0.527474,0.448709,0.272217,0.605950,0.540907,0.333638,0.587787,0.191918,0.519970,0.605493,0.703537,0.456516,0.630610,0.651125,0.282896,0.556585,0.471359,0.611509,0.418417,0.588441,0.817814,0.704158,0.249693,0.628336,0.191742,0.311608,0.439808,0.424358,0.338261,0.834448,0.424950,0.631560,0.814339,0.448689,0.449837,0.278231,0.588835,0.532699,0.252449,0.741854,0.000000,0.462645,0.609406,0.381166,0.703383,0.570643,0.635396,0.489927,0.816502,0.506707,0.376080,0.669005,0.648528,0.720306,0.508556,0.390141,0.334681,0.726917,0.585386,0.595595,0.821654,0.618754,0.348117,0.297341,0.718257,0.772445,0.551448,0.323566,0.286446,0.410683,0.754476,0.542167,0.668546,0.688666,0.757079,0.265587,0.817972,0.548483,0.822407,0.425169,0.495756,0.651513,0.724178,0.503076,0.605157,0.608098,0.689713,0.334818,0.468361,0.896659,0.476605,0.643994,0.691672,0.459207,0.620507,0.342431,0.402543,0.432302,0.336835,0.807762,0.443918,0.749530,0.767558,0.585269,0.298137,0.558827,0.423304,0.424188,0.569462,0.563517,0.667717,0.365797,0.243174,0.395865,0.773894,0.547951,0.360421,0.655326,0.618396,0.211003,0.725762,0.342313,0.451599,0.518712,0.593438,0.584690,0.661462,0.344900,0.807295,0.643925,0.524067,0.701762,0.772713,0.750189,0.407568,0.485942,0.799026,0.338342,0.342003,0.499571,0.663587,0.414146,0.465038,0.281493,0.376105,0.749604,0.803209,0.419520,0.634271,0.380492,0.411613,0.305816,0.785706,0.563125,0.634908,0.304965,0.541495,0.423796,0.752775,0.427586,0.302968,0.714235,0.662487,0.754551,0.739492,0.576471,0.568964,0.334163,0.609599,0.803574,0.337552,0.377282,0.365059,0.632857,0.566256,0.443407,0.584767,0.662527,0.570652,0.551651,0.399302,0.773896,0.319188,0.413034,0.257424,0.595169,0.714820,0.617557,0.557381,0.324596,0.413374,0.659642,0.439642,0.795104,0.612779,0.473139,0.743142,0.824705,0.567746,0.287612,0.741443,0.507433,0.738639,0.648771,0.740291,0.360377,0.636617,0.490429,0.729773,0.335495,0.813944,0.492055,0.409406,0.843194,0.616155,0.587125,0.749195,0.761887,0.302586,0.682517,0.434438,0.867755,0.801079,0.725281,0.688720,0.608036,0.617591,0.788776,0.848172,0.404021,0.619497,0.814611,0.776849,0.463468,0.651012,0.391760,0.682652,0.270964,0.758531,0.643014,0.714207,0.696900,0.554455,0.683118,0.476914,0.317131,0.845688,0.601875,0.697376,0.314258,0.415737,0.666779,0.286796,0.400933,0.743747,0.495236,0.442653,0.617318,0.498887,0.708001,0.783818,0.390497,0.702486,0.462865,0.863657,0.260008,0.599711,0.602886,0.386232,0.654656,0.528160,0.333997,0.729743,0.536082,0.360721,0.510215,0.308612,0.711197,0.668211,0.280189,0.664076,0.723354,0.696462,0.743640,0.785967,0.358894,0.558741,0.659739,0.598174,0.493390,0.703721,0.853220,0.712392,0.671730,0.897879,0.720561,0.403919,0.340567,0.801971,0.686976,0.403499,0.750413,0.735283,0.628162,0.871777,0.754322,0.410761,0.695341,0.784762,0.649745,0.689027,0.788090,0.643190,0.783542,0.608093,0.569110,0.720732,0.645884,0.624650,0.564384,0.398368,0.706377,0.552955,0.768472,0.596374,0.522736,0.609852,0.571382,0.579457,0.822586,0.759641,0.850075,0.681844,0.435295,0.648633,0.765872,0.779012,0.613883,0.835016,0.625052,0.778676,0.351698,0.569748,0.771537,0.744485,0.581216,0.424176,0.832401,0.707243,0.587061,0.653104,0.569611,0.706049,0.837812,0.572481,0.640355,0.407592,0.572073,0.496617,0.509567,0.717413,0.620126,0.783404,0.645799,0.635055,0.460047,0.840068,0.395365,0.786490,0.498635,0.515747,0.711691,0.555606
0.545455,0.462839,0.491414,0.531195,0.431347,0.543946,0.669079,0.498801,0.650886,0.562642,0.674670,0.616419,0.499255,0.565403,0.440029,0.460947,0.301283,0.709062,0.311794,0.729075,0.544906,0.480626,0.470866,0.521525,0.483349,0.589672,0.432769,0.446158,0.450048,0.405412,0.731635,0.505266,0.602684,0.551669,0.335978,0.650985,0.445595,0.527901,0.698573,0.535443,0.394613,0.729111,0.678319,0.723241,0.744559,0.534372,0.552504,0.474151,0.457342,0.596991,0.523091,0.751362,0.512908,0.665279,0.526087,0.485160,0.431132,0.488574,0.534699,0.598179,0.498760,0.560239,0.617807,0.743708,0.541175,0.296447,0.500107,0.483429,0.619524,0.746805,0.638615,0.538620,0.683720,0.664200,0.578330,0.699823,0.502873,0.466550,0.509510,0.748927,0.814511,0.547457,0.499420,0.638725,0.456544,0.721580,0.636972,0.458048,0.619516,0.651237,0.689086,0.466762,0.602769,0.318376,0.523263,0.727784,0.657108,0.531981,0.537904,0.578250,0.444445,0.563142,0.464452,0.489096,0.545445,0.510811,0.644268,0.489584,0.393192,0.648558,0.776923,0.465309,0.697252,0.526276,0.447719,0.564705,0.708038,0.771624,0.573487,0.454910,0.495468,0.502697,0.510701,0.611555,0.477443,0.473966,0.578674,0.433160,0.618592,0.565540,0.458568,0.774569,0.699963,0.394319,0.571302,0.428393,0.580718,0.681208,0.746054,0.425261,0.673449,0.558963,0.491085,0.594217,0.621774,0.528091,0.536918,0.575702,0.777281,0.681074,0.427419,0.484409,0.497345,0.469505,0.598578,0.403361,0.587136,0.765612,0.467408,0.718339,0.772991,0.569103,0.408461,0.469652,0.692468,0.467212,0.443234,0.708036,0.462645,0.000000,0.576465,0.509644,0.671154,0.581126,0.505451,0.610384,0.733567,0.521099,0.482154,0.700617,0.613255,0.704863,0.728047,0.468579,0.454387,0.689971,0.517671,0.644218,0.752805,0.657138,0.433572,0.490143,0.618083,0.749340,0.696604,0.385071,0.521281,0.392640,0.864551,0.542069,0.624436,0.614441,0.679866,0.441143,0.783618,0.724123,0.795210,0.445129,0.467612,0.704850,0.665986,0.452167,0.504577,0.644583,0.722426,0.484090,0.492210,0.833484,0.519345,0.573662,0.676438,0.610040,0.527928,0.552178,0.516634,0.394534,0.500701,0.694360,0.500029,0.653590,0.729653,0.646901,0.496043,0.615244,0.548613,0.448083,0.715837,0.565530,0.703688,0.493703,0.483420,0.434078,0.703695,0.536310,0.535770,0.577869,0.703884,0.478692,0.730358,0.613213,0.533269,0.543835,0.735769,0.732690,0.551950,0.466649,0.756255,0.682406,0.582028,0.790426,0.688644,0.631127,0.497366,0.640091,0.716241,0.537184,0.513092,0.520981,0.633728,0.479585,0.632800,0.388264,0.601379,0.726268,0.791625,0.503159,0.687967,0.379979,0.418679,0.515870,0.708077,0.580150,0.629561,0.476074,0.554936,0.560743,0.654056,0.632590,0.529242,0.561467,0.700256,0.766560,0.675461,0.566154,0.556910,0.454130,0.574734,0.824933,0.592960,0.570132,0.494374,0.572433,0.488198,0.646374,0.526146,0.669137,0.545972,0.650556,0.513707,0.726636,0.493180,0.557978,0.500071,0.548973,0.746677,0.543028,0.623823,0.487089,0.501517,0.556791,0.501418,0.767406,0.843292,0.441741,0.781392,0.748571,0.544718,0.566490,0.696874,0.581477,0.688201,0.617876,0.628327,0.524092,0.719373,0.688843,0.702896,0.518784,0.858797,0.596837,0.509664,0.810653,0.638010,0.562176,0.685418,0.674968,0.518495,0.678814,0.490494,0.805542,0.858932,0.676670,0.691624,0.714543,0.621323,0.820059,0.774897,0.565183,0.483198,0.775294,0.757840,0.562165,0.617981,0.520501,0.731415,0.539010,0.781382,0.679281,0.717040,0.681254,0.635930,0.747483,0.534721,0.512593,0.819908,0.618714,0.564789,0.527662,0.454795,0.545745,0.460705,0.661094,0.743686,0.639233,0.546292,0.672578,0.488217,0.692179,0.735304,0.507740,0.748690,0.618481,0.674581,0.433467,0.773380,0.631674,0.555667,0.758222,0.634020,0.599655,0.770758,0.652369,0.445058,0.598925,0.453730,0.789517,0.770001,0.467729,0.831663,0.749114,0.685368,0.727500,0.772704,0.503198,0.624542,0.643165,0.640410,0.667517,0.775724,0.853182,0.851659,0.671357,0.805007,0.710173,0.488624,0.458232,0.772210,0.665512,0.501632,0.744976,0.719030,0.573000,0.839404,0.738414,0.449002,0.669705,0.777342,0.763645,0.512072,0.732372,0.677407,0.780401,0.667754,0.567422,0.602520,0.679929,0.675213,0.557075,0.543467,0.597050,0.499641,0.784530,0.713610,0.649242,0.540023,0.590627,0.585770,0.777315,0.750406,0.774102,0.691443,0.499033,0.691359,0.845276,0.902035,0.696350,0.856543,0.721965,0.721844,0.553021,0.623701,0.616328,0.670992,0.676487,0.561158,0.827099,0.625081,0.625062,0.697994,0.619492,0.612397,0.765248,0.650848,0.527955,0.513493,0.549829,0.424659,0.540658,0.733537,0.727839,0.709195,0.670694,0.591901,0.725267,0.852912,0.387169,0.702175,0.501360,0.514539,0.643132,0.542734
0.545692,0.492194,0.547420,0.517049,0.500579,0.549049,0.537156,0.623630,0.587561,0.525757,0.571918,0.529150,0.480126,0.557583,0.500538,0.533513,0.555356,0.629915,0.561652,0.633980,0.480481,0.651731,0.502807,0.586404,0.498388,0.632464,0.410585,0.613152,0.572419,0.535286,0.713768,0.518249,0.709710,0.617626,0.552507,0.502212,0.372164,0.601169,0.575007,0.615828,0.586347,0.683348,0.701725,0.696243,0.624334,0.576204,0.597058,0.580491,0.538321,0.566622,0.672965,0.710017,0.513981,0.781920,0.604316,0.601234,0.552809,0.604909,0.519866,0.579644,0.631359,0.601486,0.725326,0.695854,0.633397,0.526435,0.608526,0.631830,0.654283,0.745709,0.600161,0.532953,0.602296,0.634199,0.550950,0.608923,0.631701,0.471413,0.669269,0.675279,0.688032,0.668062,0.579857,0.732672,0.616044,0.595105,0.707491,0.589263,0.614013,0.606727,0.600325,0.600139,0.624864,0.527525,0.651591,0.566842,0.665623,0.579572,0.575754,0.537447,0.537215,0.557376,0.521846,0.646995,0.633192,0.556355,0.682489,0.563231,0.565870,0.639592,0.772740,0.622459,0.668336,0.533262,0.588628,0.696552,0.843892,0.660190,0.591332,0.490636,0.503896,0.667980,0.657318,0.717593,0.523998,0.647668,0.653702,0.522343,0.643557,0.659348,0.585126,0.618061,0.580064,0.457482,0.597603,0.567876,0.651559,0.607144,0.677419,0.508142,0.628560,0.728637,0.683375,0.540619,0.695009,0.651255,0.706919,0.537557,0.685490,0.623843,0.650112,0.655596,0.655825,0.636340,0.610589,0.560578,0.586536,0.628391,0.555474,0.568347,0.588809,0.685896,0.469304,0.647069,0.551588,0.533966,0.588119,0.647561,0.609406,0.576465,0.000000,0.653086,0.760239,0.574006,0.582768,0.661994,0.693470,0.565146,0.490414,0.695855,0.716697,0.627154,0.685575,0.579068,0.635252,0.720733,0.609705,0.636393,0.710548,0.584808,0.556874,0.681548,0.561868,0.621407,0.681460,0.616407,0.654353,0.491344,0.660344,0.689644,0.716403,0.687591,0.671374,0.602036,0.719950,0.587797,0.645842,0.473960,0.522353,0.686642,0.707165,0.602070,0.646017,0.736378,0.736424,0.647329,0.598417,0.810257,0.702613,0.752042,0.636475,0.614780,0.646818,0.623758,0.682654,0.600786,0.699482,0.790952,0.645074,0.661204,0.665324,0.628818,0.593766,0.632256,0.631459,0.565322,0.620634,0.565531,0.667077,0.696932,0.664107,0.626532,0.708485,0.644814,0.594340,0.643947,0.684174,0.591336,0.731735,0.676030,0.537197,0.545413,0.634303,0.788552,0.651302,0.630331,0.570263,0.584856,0.600033,0.644593,0.764295,0.676841,0.720183,0.630567,0.679511,0.687058,0.685596,0.682590,0.613429,0.572477,0.662865,0.511615,0.694477,0.587334,0.666542,0.718542,0.633498,0.493081,0.629774,0.626985,0.606437,0.699180,0.732312,0.684529,0.608766,0.702621,0.682132,0.696971,0.649148,0.664312,0.695161,0.708269,0.648130,0.661408,0.597135,0.554877,0.553177,0.607927,0.620647,0.641441,0.580805,0.609880,0.609334,0.553300,0.650985,0.622173,0.602003,0.724803,0.607798,0.532373,0.611255,0.546171,0.599490,0.578816,0.628008,0.674119,0.662151,0.686391,0.664586,0.681331,0.570402,0.628443,0.685097,0.547184,0.693042,0.801133,0.665308,0.682053,0.726663,0.631712,0.655385,0.691433,0.648563,0.696285,0.641509,0.662747,0.828886,0.604080,0.769342,0.700342,0.671118,0.760545,0.676933,0.625800,0.821199,0.649684,0.633637,0.763798,0.655629,0.594362,0.641151,0.774152,0.658942,0.603279,0.718255,0.683549,0.711381,0.616054,0.529234,0.659198,0.656903,0.646704,0.673770,0.601860,0.655450,0.663681,0.668692,0.811506,0.816177,0.601030,0.627373,0.810034,0.704387,0.704795,0.743843,0.658921,0.512667,0.681557,0.708138,0.705090,0.655850,0.697008,0.678742,0.628776,0.706432,0.621722,0.677362,0.678198,0.709126,0.638828,0.723204,0.624398,0.774776,0.610636,0.655869,0.638083,0.589813,0.647993,0.588390,0.665087,0.686848,0.599039,0.606585,0.649076,0.587261,0.644540,0.669854,0.609116,0.694602,0.626183,0.636958,0.663842,0.705517,0.695914,0.649672,0.583068,0.628257,0.700632,0.628883,0.624360,0.593773,0.651529,0.723763,0.629321,0.723775,0.627408,0.667062,0.599100,0.665877,0.761534,0.662913,0.651940,0.635190,0.584419,0.517303,0.753353,0.685662,0.633904,0.661448,0.614463,0.671680,0.630532,0.620616,0.493079,0.667136,0.713237,0.750749,0.723030,0.622055,0.627192,0.688874,0.757184,0.683003,0.637644,0.689115,0.645629,0.656521,0.808833,0.679595,0.659119,0.593713,0.707027,0.622206,0.657956,0.705597,0.667802,0.703417,0.649069,0.611544,0.591827,0.652697,0.811385,0.681610,0.656971,0.708440,0.727988,0.583006,0.634507,0.589081,0.625753,0.594768,0.847573,0.609282,0.577212,0.617488,0.624426,0.582306,0.722738,0.693124,0.592618,0.615174,0.633528,0.657384,0.708619,0.666467,0.561744,0.704335,0.614720,0.473931,0.656695,0.581778
0.545734,0.504733,0.434094,0.539026,0.434628,0.561109,0.643006,0.428940,0.690549,0.523074,0.689540,0.563101,0.489692,0.544963,0.433867,0.421464,0.372604,0.617830,0.339390,0.702168,0.542395,0.475593,0.565359,0.491768,0.529959,0.582193,0.423172,0.369007,0.334371,0.398936,0.721493,0.485519,0.578288,0.566816,0.384956,0.696803,0.579836,0.485193,0.688681,0.502181,0.283774,0.668336,0.561477,0.670121,0.759256,0.538056,0.483847,0.438552,0.309213,0.656737,0.446581,0.687063,0.580170,0.616198,0.506690,0.442007,0.334660,0.401825,0.619881,0.643822,0.477847,0.487151,0.546392,0.690942,0.542224,0.435397,0.364047,0.466703,0.545324,0.711899,0.730054,0.517631,0.710982,0.574396,0.602638,0.688235,0.569941,0.415948,0.504103,0.710627,0.830149,0.528841,0.410715,0.645790,0.415440,0.734928,0.531290,0.399798,0.620301,0.582121,0.636756,0.403585,0.479259,0.404386,0.647950,0.727658,0.678713,0.527591,0.521119,0.592223,0.450531,0.545839,0.405048,0.408989,0.569741,0.505242,0.592978,0.449038,0.352674,0.678505,0.761384,0.281718,0.653197,0.564434,0.338006,0.400519,0.716670,0.659400,0.583418,0.487670,0.500605,0.470823,0.325285,0.674073,0.520299,0.473625,0.521392,0.512166,0.521082,0.585047,0.309015,0.699265,0.657485,0.418278,0.678540,0.378784,0.458618,0.611947,0.604189,0.548398,0.721564,0.596158,0.418730,0.600800,0.530536,0.582032,0.517507,0.480681,0.778653,0.593240,0.362411,0.580811,0.318095,0.311705,0.517543,0.543896,0.553996,0.812738,0.470318,0.599400,0.750450,0.533777,0.460221,0.394075,0.693289,0.581113,0.369863,0.761019,0.381166,0.509644,0.653086,0.000000,0.635510,0.637911,0.503712,0.603281,0.728397,0.504421,0.474820,0.663028,0.633643,0.619898,0.622716,0.505454,0.377989,0.673562,0.506663,0.695084,0.794714,0.703126,0.384638,0.456749,0.643093,0.746955,0.582296,0.382629,0.385199,0.449772,0.777615,0.565227,0.596288,0.630320,0.734938,0.387448,0.737079,0.676609,0.683293,0.455020,0.445443,0.649352,0.649454,0.514763,0.480043,0.551977,0.668745,0.415497,0.467791,0.808675,0.521400,0.552567,0.607829,0.539483,0.517630,0.491069,0.479498,0.461820,0.402298,0.675613,0.469085,0.635635,0.733964,0.568093,0.381266,0.453346,0.480961,0.459911,0.696765,0.614178,0.713135,0.424224,0.312019,0.398923,0.814860,0.524604,0.465267,0.539766,0.665091,0.321540,0.757632,0.459324,0.534979,0.478211,0.657642,0.532817,0.529950,0.353620,0.725277,0.587572,0.497321,0.708983,0.676586,0.659103,0.443546,0.554019,0.715108,0.410406,0.485822,0.585850,0.509903,0.545320,0.627920,0.504087,0.491808,0.692285,0.677940,0.435656,0.667878,0.449167,0.409293,0.355856,0.694881,0.647478,0.544505,0.400655,0.577054,0.409928,0.594569,0.489981,0.424454,0.558309,0.701856,0.720336,0.712240,0.639047,0.580493,0.451937,0.556019,0.718667,0.438459,0.474560,0.481121,0.638184,0.429033,0.574833,0.628344,0.607663,0.529378,0.544327,0.505510,0.705806,0.367920,0.611909,0.394270,0.652353,0.741776,0.588527,0.430488,0.448230,0.354513,0.587961,0.564464,0.786906,0.703418,0.573330,0.727393,0.760266,0.432459,0.401607,0.739666,0.482579,0.700393,0.594217,0.638107,0.430200,0.620832,0.609994,0.642996,0.536250,0.748516,0.495890,0.415957,0.803567,0.663747,0.487083,0.712324,0.720693,0.514389,0.620120,0.481752,0.791072,0.775237,0.661370,0.676491,0.635128,0.480888,0.748106,0.799558,0.539972,0.605897,0.775744,0.801823,0.463133,0.611646,0.592473,0.712363,0.347377,0.687276,0.562761,0.702114,0.584769,0.526128,0.678577,0.513002,0.333709,0.762324,0.660142,0.623836,0.366571,0.455142,0.604616,0.364474,0.559982,0.741218,0.618793,0.514396,0.717843,0.526105,0.551835,0.790072,0.432929,0.739816,0.552666,0.687334,0.428205,0.673516,0.375791,0.414213,0.619975,0.569817,0.419668,0.738398,0.671631,0.521137,0.467766,0.445771,0.764322,0.742084,0.421788,0.774091,0.727950,0.543277,0.918201,0.749456,0.394355,0.686417,0.699857,0.594880,0.604346,0.768421,0.778239,0.805160,0.645602,0.770467,0.703649,0.385916,0.321586,0.735588,0.607716,0.329868,0.654661,0.675935,0.525414,0.739499,0.763312,0.572052,0.628879,0.744497,0.678030,0.631702,0.701441,0.482350,0.825390,0.663761,0.598421,0.601966,0.694974,0.636223,0.580764,0.422937,0.592706,0.523184,0.793789,0.697399,0.625373,0.492540,0.545230,0.600829,0.766961,0.608919,0.824891,0.726762,0.415276,0.611785,0.736825,0.762668,0.635525,0.750247,0.697756,0.695627,0.380141,0.496043,0.681487,0.594955,0.559001,0.572519,0.829060,0.732255,0.552776,0.733828,0.410736,0.675107,0.707792,0.571618,0.531325,0.518280,0.496603,0.468785,0.502164,0.569751,0.573338,0.784794,0.675663,0.563648,0.588197,0.731284,0.424603,0.697009,0.480659,0.620903,0.568613,0.495846
0.545971,0.644771,0.724649,0.705341,0.723059,0.804825,0.771333,0.691255,0.799697,0.779107,0.777691,0.786304,0.485701,0.686625,0.450282,0.615648,0.652729,0.695405,0.628378,0.814264,0.735203,0.541028,0.755888,0.677085,0.764887,0.787356,0.685131,0.473294,0.671828,0.486786,0.484923,0.775851,0.222132,0.507010,0.536988,0.793877,0.747938,0.659026,0.715843,0.754961,0.676939,0.432094,0.472028,0.758352,0.865795,0.749758,0.740889,0.767545,0.619453,0.787296,0.725663,0.399038,0.452286,0.185382,0.729392,0.630581,0.670778,0.686660,0.773038,0.758535,0.365130,0.771342,0.281803,0.655186,0.736123,0.629117,0.723562,0.385881,0.638931,0.611812,0.723222,0.455912,0.832397,0.814701,0.555688,0.593338,0.693425,0.671843,0.719942,0.811564,0.788984,0.743209,0.609415,0.210421,0.696837,0.833403,0.798941,0.705269,0.605780,0.750456,0.725062,0.672152,0.797690,0.654308,0.568494,0.791563,0.562222,0.490130,0.653312,0.838314,0.714667,0.734341,0.672233,0.725990,0.549594,0.748178,0.149924,0.741446,0.590114,0.807894,0.410669,0.705448,0.839741,0.840137,0.638277,0.698295,0.249775,0.827878,0.746554,0.736510,0.781397,0.715396,0.709929,0.728037,0.706681,0.608339,0.811787,0.537668,0.641222,0.783963,0.658679,0.798900,0.815050,0.727122,0.760298,0.713697,0.578203,0.686228,0.646268,0.654026,0.784129,0.356489,0.664542,0.793725,0.760203,0.414986,0.694230,0.664773,0.656679,0.767954,0.685464,0.510671,0.659317,0.704545,0.780258,0.741809,0.705877,0.722390,0.720196,0.824680,0.837270,0.675601,0.741778,0.682433,0.814830,0.515303,0.722587,0.748967,0.703383,0.671154,0.760239,0.635510,0.000000,0.778860,0.524256,0.786662,0.536806,0.770036,0.696647,0.719494,0.732106,0.733472,0.717236,0.752993,0.733142,0.430470,0.440133,0.845772,0.635050,0.799270,0.670849,0.677380,0.598399,0.800248,0.748383,0.692552,0.649241,0.621633,0.811023,0.759965,0.210314,0.277764,0.706698,0.677575,0.435384,0.788129,0.832951,0.680772,0.663441,0.644080,0.279482,0.667744,0.480329,0.697446,0.845466,0.726860,0.664617,0.403316,0.730340,0.371481,0.612167,0.717140,0.481037,0.754075,0.752109,0.718316,0.697330,0.373887,0.629132,0.874842,0.783524,0.669579,0.736263,0.817793,0.763779,0.696616,0.755252,0.746277,0.861756,0.701967,0.667171,0.692575,0.799465,0.697684,0.743410,0.537988,0.508478,0.659707,0.774104,0.678605,0.792682,0.729208,0.788552,0.854054,0.503832,0.736042,0.810788,0.691633,0.831928,0.819306,0.226597,0.548656,0.678690,0.819513,0.566574,0.737408,0.606504,0.752423,0.673848,0.856003,0.677658,0.748779,0.696078,0.824756,0.821528,0.674557,0.646455,0.708040,0.765916,0.708735,0.667216,0.821519,0.713824,0.704544,0.773871,0.684296,0.556480,0.653978,0.689685,0.542466,0.572353,0.852842,0.668538,0.899240,0.762797,0.680966,0.714422,0.846215,0.709090,0.700357,0.769206,0.749592,0.589838,0.824551,0.807947,0.708545,0.707374,0.724710,0.784237,0.816811,0.710940,0.751857,0.670360,0.746711,0.819043,0.535864,0.629629,0.675956,0.662623,0.505209,0.792561,0.771215,0.722166,0.724624,0.792974,0.432020,0.700233,0.668235,0.573091,0.623915,0.768434,0.578079,0.445485,0.701452,0.638898,0.793383,0.262432,0.773852,0.757979,0.762007,0.713707,0.557396,0.751806,0.577128,0.255519,0.743862,0.731017,0.224112,0.756516,0.885935,0.760833,0.369370,0.859043,0.774452,0.537294,0.839523,0.803874,0.765936,0.781037,0.793333,0.835593,0.614770,0.778120,0.773012,0.826770,0.669592,0.828984,0.285577,0.358117,0.595957,0.707101,0.471101,0.757559,0.703406,0.508277,0.834930,0.776695,0.695252,0.716937,0.468126,0.682925,0.729338,0.687156,0.831911,0.775494,0.771207,0.769704,0.674786,0.808654,0.702533,0.841589,0.743190,0.579396,0.691215,0.797298,0.629345,0.737592,0.768656,0.691631,0.697875,0.817558,0.789651,0.715125,0.699631,0.762593,0.819774,0.908271,0.728011,0.751261,0.778021,0.563125,0.790033,0.737938,0.679473,0.856069,0.816718,0.753878,0.795048,0.793261,0.877857,0.707019,0.785812,0.818602,0.730270,0.761643,0.636034,0.785561,0.757107,0.723085,0.345613,0.786424,0.588282,0.638989,0.856953,0.786819,0.375877,0.768199,0.806091,0.538780,0.774152,0.724056,0.757334,0.854329,0.721804,0.709681,0.772578,0.849051,0.829253,0.621726,0.697594,0.738439,0.841286,0.791994,0.666950,0.687292,0.760146,0.670521,0.342434,0.717670,0.764593,0.805027,0.737041,0.837681,0.802240,0.581638,0.766632,0.866809,0.897083,0.671114,0.691560,0.663103,0.440893,0.620276,0.806592,0.782356,0.591816,0.777335,0.747720,0.796389,0.704382,0.790811,0.389745,0.774629,0.693512,0.723913,0.829882,0.678592,0.751824,0.699097,0.807348,0.766351,0.789556,0.709134,0.767913,0.821989,0.675730,0.717241,0.773440,0.779706,0.541696,0.739391
0.546433,0.553480,0.519960,0.545260,0.551374,0.426059,0.423203,0.538867,0.658158,0.429387,0.450857,0.457394,0.563351,0.341770,0.587475,0.399225,0.546983,0.516148,0.603229,0.550700,0.528321,0.614828,0.624800,0.483087,0.491183,0.465097,0.546888,0.543692,0.564192,0.610854,0.760650,0.485503,0.702501,0.608554,0.619010,0.474293,0.504799,0.493932,0.458080,0.515535,0.612296,0.635544,0.708602,0.679472,0.607182,0.768186,0.566076,0.698975,0.612792,0.453875,0.648666,0.615614,0.585691,0.754928,0.494866,0.756873,0.600144,0.532017,0.561020,0.580603,0.629843,0.569642,0.705607,0.529747,0.592564,0.577785,0.550303,0.637736,0.690538,0.668239,0.603147,0.599361,0.589557,0.582836,0.690427,0.711370,0.457032,0.481337,0.646018,0.554817,0.565856,0.446003,0.604884,0.757445,0.635659,0.500601,0.586189,0.564567,0.700719,0.454697,0.528517,0.524248,0.552463,0.622748,0.691337,0.461660,0.625944,0.627029,0.673328,0.578010,0.521724,0.648835,0.433903,0.631517,0.656729,0.522454,0.745819,0.511010,0.671770,0.501581,0.693122,0.654567,0.503148,0.450695,0.586470,0.615787,0.795346,0.684026,0.410997,0.547575,0.370255,0.668003,0.666195,0.765968,0.568130,0.545014,0.603362,0.657947,0.667328,0.507543,0.582601,0.433826,0.497320,0.398350,0.719524,0.554318,0.675232,0.637994,0.570677,0.608213,0.591293,0.759305,0.584778,0.557494,0.657803,0.748673,0.565252,0.677011,0.634401,0.728510,0.617563,0.719632,0.610999,0.589680,0.559353,0.493574,0.513052,0.665429,0.577883,0.487667,0.563659,0.598731,0.685257,0.592770,0.559244,0.723929,0.636881,0.750291,0.570643,0.581126,0.574006,0.637911,0.778860,0.000000,0.593966,0.521441,0.682991,0.624110,0.645264,0.675135,0.694066,0.696659,0.461488,0.696312,0.634539,0.656528,0.632021,0.459485,0.710793,0.550119,0.635997,0.554024,0.754394,0.648182,0.680419,0.605099,0.568290,0.650376,0.594310,0.735295,0.759050,0.724859,0.658329,0.611238,0.669904,0.563700,0.617000,0.619837,0.667410,0.689843,0.721441,0.700441,0.725465,0.646012,0.662361,0.676720,0.731628,0.707277,0.708553,0.751054,0.730541,0.683874,0.627817,0.595985,0.683028,0.576669,0.632495,0.814689,0.573593,0.596817,0.631237,0.671949,0.566549,0.658809,0.643951,0.659769,0.646912,0.768495,0.718323,0.719054,0.602109,0.766097,0.793576,0.735459,0.545576,0.763284,0.706910,0.580509,0.782055,0.511611,0.574343,0.661473,0.522729,0.630715,0.685453,0.628380,0.592569,0.617438,0.701148,0.692888,0.765378,0.696882,0.712574,0.619790,0.619476,0.603211,0.555742,0.703811,0.770717,0.583828,0.528457,0.538316,0.634513,0.595921,0.686641,0.700965,0.570003,0.570142,0.681566,0.592623,0.663095,0.608832,0.849685,0.610486,0.632660,0.678709,0.795086,0.578675,0.627263,0.721703,0.842390,0.640557,0.712579,0.614272,0.603338,0.519384,0.691579,0.625142,0.591616,0.610709,0.690799,0.770805,0.629545,0.575351,0.705720,0.680171,0.673569,0.665229,0.664440,0.620100,0.670407,0.509868,0.619155,0.505394,0.654389,0.775112,0.638765,0.566764,0.707494,0.734753,0.675372,0.611827,0.544231,0.528380,0.603898,0.701069,0.701462,0.510834,0.735907,0.734430,0.668722,0.698743,0.685365,0.629660,0.695837,0.677764,0.755783,0.483803,0.716040,0.668222,0.673097,0.723150,0.713822,0.626938,0.810318,0.565334,0.489162,0.814430,0.677734,0.674921,0.629871,0.700945,0.670423,0.565074,0.659246,0.603554,0.768808,0.547528,0.598096,0.694009,0.573232,0.656206,0.746044,0.529039,0.581244,0.608747,0.667000,0.815950,0.730163,0.640789,0.597488,0.820101,0.707350,0.648541,0.676000,0.730529,0.517178,0.634571,0.697338,0.760858,0.658979,0.614554,0.702443,0.513472,0.715239,0.589349,0.679326,0.705312,0.698841,0.691517,0.718198,0.539095,0.732893,0.544518,0.619615,0.687227,0.584438,0.585309,0.571589,0.642132,0.686822,0.535854,0.663563,0.639050,0.536633,0.647447,0.581729,0.636619,0.424694,0.574567,0.619253,0.652174,0.703431,0.679917,0.517189,0.615598,0.653750,0.510215,0.709893,0.618665,0.558889,0.714750,0.763647,0.526281,0.638531,0.532732,0.654759,0.727344,0.708360,0.763598,0.693278,0.766778,0.709478,0.556738,0.600877,0.772492,0.684801,0.578074,0.749998,0.634832,0.626051,0.606620,0.572953,0.546881,0.778012,0.797915,0.765467,0.758221,0.646368,0.651374,0.685024,0.786266,0.651674,0.549715,0.789279,0.744321,0.703744,0.793845,0.778564,0.674925,0.698339,0.642552,0.580224,0.628784,0.667184,0.663743,0.648316,0.712718,0.733370,0.596912,0.790617,0.756893,0.767627,0.601790,0.652150,0.640390,0.520665,0.638134,0.535321,0.712418,0.612297,0.844224,0.618063,0.713223,0.555025,0.692187,0.742124,0.779367,0.766159,0.643515,0.725243,0.696416,0.796912,0.620361,0.599812,0.584241,0.740757,0.711830,0.602203,0.755517,0.761964
0.546444,0.516638,0.616216,0.586436,0.626727,0.633980,0.627941,0.624680,0.592161,0.578389,0.650869,0.665766,0.283489,0.622246,0.280220,0.499148,0.579742,0.648203,0.542987,0.577226,0.546915,0.602546,0.548480,0.627323,0.525449,0.640090,0.447136,0.488585,0.555928,0.367601,0.605933,0.568126,0.482900,0.443191,0.442836,0.582859,0.538498,0.584039,0.665948,0.621781,0.504215,0.567065,0.612094,0.632803,0.694504,0.592573,0.626720,0.599127,0.470931,0.632866,0.695671,0.587685,0.377991,0.543349,0.616262,0.541862,0.544996,0.597364,0.600077,0.641751,0.315211,0.678163,0.485768,0.606099,0.629028,0.518257,0.629945,0.338754,0.499197,0.605924,0.508102,0.319171,0.701105,0.676693,0.399705,0.590874,0.606371,0.509149,0.636868,0.691214,0.816953,0.699582,0.565053,0.502501,0.622358,0.662539,0.725917,0.638277,0.509436,0.687357,0.537578,0.621139,0.694269,0.521807,0.529166,0.644421,0.485878,0.309407,0.619329,0.602600,0.550909,0.505103,0.594168,0.690076,0.438829,0.619560,0.493161,0.618643,0.519985,0.638298,0.603448,0.604813,0.698411,0.641505,0.558533,0.647037,0.593466,0.658464,0.638201,0.531011,0.523526,0.669065,0.625627,0.531099,0.597918,0.530093,0.663237,0.503964,0.535950,0.702131,0.611294,0.758716,0.594835,0.457570,0.674992,0.621477,0.487330,0.540872,0.599771,0.480288,0.606172,0.463090,0.636842,0.634882,0.682139,0.527631,0.638333,0.535194,0.685886,0.561582,0.613576,0.440758,0.633791,0.595058,0.479169,0.562860,0.655450,0.730012,0.531792,0.588695,0.743675,0.683671,0.542254,0.602912,0.656176,0.470316,0.602869,0.708915,0.635396,0.505451,0.582768,0.503712,0.524256,0.593966,0.000000,0.683302,0.565769,0.669169,0.622186,0.667216,0.701935,0.570262,0.711631,0.627711,0.666858,0.613895,0.337753,0.709146,0.675134,0.628238,0.586222,0.632956,0.421945,0.521199,0.692366,0.570992,0.650915,0.475881,0.754500,0.703742,0.500597,0.527413,0.621757,0.597048,0.519194,0.698725,0.698249,0.449256,0.464761,0.636972,0.564386,0.518171,0.389619,0.598421,0.756725,0.657455,0.559726,0.644069,0.702671,0.523950,0.491673,0.667399,0.318416,0.639512,0.687765,0.603959,0.654490,0.452670,0.595215,0.629650,0.474237,0.583249,0.629970,0.652319,0.651498,0.565137,0.674314,0.681704,0.739349,0.685548,0.633013,0.555371,0.721833,0.571235,0.518244,0.408738,0.615398,0.574973,0.730531,0.710147,0.529742,0.552212,0.647965,0.719424,0.370995,0.646064,0.693063,0.566882,0.631792,0.692939,0.484365,0.479926,0.696240,0.660843,0.534473,0.642585,0.616316,0.732299,0.538385,0.642914,0.696544,0.566982,0.690725,0.696937,0.698051,0.674754,0.512614,0.519115,0.627057,0.652576,0.510722,0.765799,0.636117,0.642339,0.617861,0.711206,0.487325,0.692287,0.633718,0.407898,0.626634,0.803862,0.532350,0.675453,0.716262,0.580759,0.427747,0.717965,0.641146,0.618501,0.614931,0.535816,0.376857,0.650772,0.732618,0.444247,0.476313,0.684163,0.677826,0.706619,0.650739,0.594059,0.554107,0.581832,0.735960,0.525273,0.493132,0.630978,0.542442,0.469620,0.682599,0.673611,0.721265,0.565833,0.702689,0.546880,0.484768,0.666175,0.621306,0.346937,0.761053,0.445528,0.482478,0.672797,0.613849,0.715175,0.548125,0.659865,0.770146,0.740671,0.587566,0.614562,0.680847,0.435426,0.585982,0.593899,0.701481,0.496321,0.645005,0.671389,0.680989,0.521822,0.536716,0.691939,0.520116,0.749162,0.782739,0.667161,0.506556,0.767935,0.711318,0.606586,0.631612,0.696595,0.695733,0.636625,0.685791,0.501522,0.584970,0.371794,0.557084,0.678858,0.698673,0.654389,0.595858,0.700263,0.515844,0.645450,0.683334,0.509675,0.640409,0.684630,0.678695,0.681471,0.730618,0.720820,0.674879,0.537183,0.699996,0.634212,0.678467,0.633598,0.475466,0.609180,0.734549,0.443074,0.644081,0.689235,0.599073,0.661815,0.835644,0.617182,0.613906,0.451676,0.683818,0.728700,0.787699,0.606044,0.754172,0.611093,0.485664,0.757594,0.548339,0.647696,0.732971,0.475154,0.469224,0.702945,0.655510,0.720351,0.688321,0.568008,0.780263,0.500241,0.663979,0.485633,0.559458,0.708617,0.599234,0.536087,0.765079,0.506833,0.738849,0.770968,0.591932,0.564703,0.750037,0.770020,0.450162,0.496171,0.619190,0.697554,0.678721,0.492131,0.606586,0.604252,0.704931,0.740356,0.597396,0.561041,0.703975,0.788695,0.715099,0.615727,0.522730,0.531943,0.636049,0.583536,0.572053,0.747228,0.694857,0.604880,0.687856,0.705097,0.646338,0.670849,0.747618,0.688931,0.586194,0.606940,0.594303,0.520061,0.403403,0.480992,0.716047,0.716404,0.515940,0.461043,0.721410,0.562093,0.487005,0.633775,0.622260,0.445846,0.603072,0.705659,0.524797,0.677547,0.596407,0.597471,0.739020,0.725072,0.492472,0.780370,0.756597,0.402025,0.568180,0.624832,0.608189,0.380211,0.568640
0.546479,0.468255,0.476557,0.509050,0.491365,0.468709,0.470333,0.434521,0.636598,0.501116,0.496534,0.566016,0.610868,0.522864,0.650752,0.523875,0.486321,0.552707,0.527111,0.623838,0.566888,0.634092,0.545660,0.509940,0.502495,0.567778,0.483538,0.529669,0.475164,0.600059,0.672383,0.577165,0.679001,0.618577,0.552141,0.563555,0.600566,0.492434,0.511613,0.436560,0.510072,0.579734,0.698434,0.691432,0.618295,0.677802,0.487142,0.663653,0.526510,0.526893,0.523940,0.705062,0.647439,0.748703,0.527183,0.698549,0.514816,0.482215,0.682175,0.508829,0.654930,0.636899,0.656578,0.461843,0.586608,0.510352,0.526717,0.624526,0.724406,0.685587,0.664007,0.660516,0.520432,0.558119,0.728733,0.669988,0.493245,0.440780,0.530925,0.588765,0.674978,0.520157,0.505355,0.729973,0.521534,0.611770,0.579680,0.509915,0.725024,0.414587,0.667453,0.430100,0.516127,0.564747,0.605494,0.577154,0.686587,0.634204,0.504407,0.527441,0.539935,0.685516,0.474028,0.472683,0.675294,0.531294,0.719360,0.492223,0.610055,0.525056,0.674440,0.552448,0.449753,0.484361,0.510741,0.532748,0.797852,0.731278,0.485136,0.516552,0.415294,0.588212,0.553641,0.741433,0.618573,0.552166,0.517003,0.603768,0.642143,0.510960,0.532155,0.517754,0.547429,0.436702,0.615900,0.506446,0.680840,0.636181,0.601090,0.558139,0.733014,0.722274,0.497159,0.523760,0.575145,0.732540,0.550828,0.699315,0.701865,0.696127,0.510807,0.707578,0.490081,0.584284,0.593354,0.599428,0.527071,0.680843,0.629479,0.516760,0.782583,0.551049,0.543819,0.496088,0.559445,0.637221,0.534038,0.685753,0.489927,0.610384,0.661994,0.603281,0.786662,0.521441,0.683302,0.000000,0.688083,0.596251,0.588228,0.714648,0.778654,0.738966,0.535164,0.499916,0.584513,0.687011,0.690963,0.420646,0.741197,0.563647,0.528215,0.464326,0.727884,0.673350,0.610278,0.534248,0.561388,0.569506,0.643888,0.597775,0.739810,0.685232,0.612019,0.539352,0.738938,0.473495,0.765178,0.578113,0.691077,0.624171,0.719301,0.595016,0.649949,0.677397,0.709459,0.562984,0.667020,0.738023,0.563669,0.715773,0.705234,0.633195,0.685548,0.453644,0.561801,0.568676,0.524108,0.763892,0.524748,0.708319,0.653480,0.659715,0.579371,0.555228,0.668581,0.585176,0.517099,0.619660,0.739347,0.566269,0.487564,0.654010,0.709399,0.699901,0.582619,0.756789,0.568123,0.482719,0.705835,0.503080,0.604158,0.732273,0.551944,0.504681,0.731044,0.589207,0.723941,0.763030,0.593356,0.797943,0.734223,0.767022,0.581841,0.611796,0.633187,0.572549,0.529829,0.744287,0.774632,0.639085,0.519546,0.534603,0.577363,0.718224,0.721878,0.584385,0.542719,0.597264,0.599628,0.495446,0.750347,0.722096,0.761973,0.509065,0.529640,0.592958,0.814386,0.567761,0.477710,0.732069,0.735435,0.650253,0.786554,0.662939,0.573613,0.616337,0.707404,0.757528,0.549333,0.630496,0.592669,0.669324,0.636183,0.592159,0.653840,0.710708,0.672122,0.719832,0.513150,0.734569,0.550314,0.523242,0.502966,0.605983,0.711629,0.718444,0.705304,0.491605,0.611997,0.786478,0.571393,0.728455,0.509942,0.545331,0.715456,0.685148,0.722898,0.498895,0.699360,0.667133,0.814090,0.760622,0.757067,0.519785,0.658108,0.539913,0.724528,0.439317,0.785191,0.683519,0.602368,0.527787,0.720896,0.720725,0.776715,0.632613,0.551811,0.756750,0.583370,0.765688,0.756426,0.679975,0.671415,0.563118,0.608284,0.714246,0.768338,0.095325,0.576389,0.754818,0.664705,0.702040,0.726019,0.521147,0.590251,0.508116,0.766646,0.771185,0.703209,0.641373,0.654191,0.764969,0.628486,0.628574,0.769382,0.538266,0.666319,0.577196,0.580801,0.636410,0.540172,0.559689,0.719995,0.507301,0.558372,0.663393,0.619826,0.731432,0.731991,0.615769,0.689288,0.514139,0.748973,0.446615,0.596185,0.745166,0.651663,0.602490,0.692879,0.496118,0.712686,0.668561,0.553845,0.712703,0.491487,0.417295,0.661751,0.543784,0.494097,0.647456,0.774346,0.609720,0.784500,0.572260,0.487011,0.661945,0.663710,0.402971,0.618977,0.802325,0.547435,0.734317,0.864001,0.685659,0.601546,0.549428,0.691748,0.670520,0.644272,0.766491,0.824120,0.652940,0.804252,0.576310,0.570969,0.699442,0.713081,0.716557,0.662590,0.705389,0.704965,0.616552,0.695647,0.597826,0.762278,0.743932,0.707842,0.642141,0.658613,0.703282,0.645572,0.701020,0.628152,0.483265,0.730747,0.713079,0.680344,0.798787,0.796407,0.728623,0.700433,0.650222,0.671162,0.781294,0.753846,0.747349,0.792876,0.680554,0.728553,0.620191,0.670005,0.676785,0.820241,0.668638,0.680140,0.746243,0.652985,0.717308,0.644512,0.626937,0.706828,0.773306,0.363047,0.667306,0.517113,0.595268,0.615880,0.663294,0.781950,0.729342,0.680058,0.704348,0.724736,0.579312,0.778968,0.604656,0.699957,0.652347,0.634341,0.809955,0.745518
0.546976,0.650375,0.774137,0.746055,0.778559,0.739240,0.706456,0.735932,0.779686,0.753238,0.684217,0.774816,0.450562,0.774582,0.523513,0.688122,0.714600,0.617371,0.755154,0.549977,0.661772,0.690793,0.751527,0.780014,0.736776,0.788769,0.682463,0.656274,0.790533,0.598880,0.490690,0.732207,0.449429,0.474773,0.644359,0.730704,0.732327,0.744263,0.685916,0.760642,0.709671,0.580710,0.532492,0.737970,0.736567,0.715325,0.723052,0.800334,0.714123,0.801480,0.803514,0.484850,0.519833,0.469480,0.799063,0.651583,0.756462,0.790347,0.787065,0.746032,0.515743,0.795615,0.465084,0.556168,0.752071,0.700348,0.780110,0.543910,0.617558,0.524201,0.605173,0.511337,0.791086,0.809325,0.496445,0.528021,0.820270,0.684558,0.816042,0.771577,0.704994,0.833584,0.726037,0.435289,0.772483,0.724808,0.855614,0.806084,0.493245,0.715579,0.727735,0.755979,0.822889,0.770179,0.624602,0.737527,0.494858,0.512801,0.769780,0.732356,0.734456,0.576358,0.768373,0.824641,0.532363,0.778973,0.502527,0.784242,0.723653,0.766610,0.345135,0.743054,0.792651,0.791628,0.789252,0.804091,0.488893,0.692243,0.729373,0.781570,0.762679,0.784544,0.777764,0.695089,0.684242,0.724817,0.830196,0.584407,0.636864,0.782151,0.838338,0.727318,0.698913,0.729957,0.737591,0.795925,0.651826,0.607073,0.529976,0.620720,0.741423,0.491428,0.807319,0.630816,0.818501,0.522571,0.757177,0.615542,0.603355,0.608808,0.807579,0.521505,0.794865,0.766255,0.756573,0.833626,0.753414,0.612010,0.666476,0.690192,0.713551,0.828885,0.736638,0.794455,0.789661,0.549907,0.756016,0.683516,0.816502,0.733567,0.693470,0.728397,0.536806,0.682991,0.565769,0.688083,0.000000,0.757920,0.736845,0.691403,0.816165,0.558249,0.686956,0.779025,0.814063,0.512716,0.516085,0.697386,0.526086,0.754704,0.781354,0.839433,0.516354,0.655230,0.715060,0.830306,0.799069,0.656079,0.720974,0.766144,0.511634,0.509572,0.576538,0.804750,0.481411,0.741217,0.723436,0.731795,0.613999,0.668781,0.514225,0.683000,0.481717,0.703928,0.778714,0.855534,0.703229,0.356472,0.829465,0.563762,0.566069,0.785566,0.515084,0.774424,0.868517,0.772482,0.841804,0.454551,0.647363,0.747503,0.617098,0.690436,0.777130,0.771081,0.833615,0.811240,0.749150,0.804230,0.816106,0.840454,0.808655,0.743194,0.740927,0.693262,0.763685,0.584243,0.625041,0.763093,0.739575,0.789909,0.722618,0.691142,0.748645,0.790860,0.540272,0.825018,0.667061,0.732088,0.867579,0.823217,0.461486,0.531868,0.853095,0.831899,0.539323,0.844101,0.766935,0.850498,0.590779,0.850088,0.782270,0.824835,0.852435,0.810917,0.652613,0.858198,0.659720,0.683550,0.846319,0.846738,0.607770,0.845186,0.726964,0.802884,0.715665,0.856723,0.639360,0.757214,0.767954,0.592799,0.548929,0.840738,0.613454,0.859126,0.795420,0.741228,0.557331,0.716141,0.773044,0.756865,0.683800,0.736821,0.577816,0.836541,0.854070,0.565941,0.657481,0.821385,0.827594,0.799219,0.809091,0.767665,0.707237,0.756706,0.747987,0.633626,0.719380,0.869714,0.730427,0.542273,0.782409,0.692884,0.690734,0.750913,0.698201,0.494210,0.587765,0.832310,0.426297,0.638160,0.810022,0.670762,0.511943,0.838673,0.641230,0.824304,0.476361,0.824546,0.764546,0.821600,0.805554,0.500962,0.787666,0.694754,0.553598,0.617820,0.824615,0.505537,0.817334,0.785911,0.689180,0.482336,0.750799,0.677511,0.595929,0.713753,0.742767,0.696861,0.752676,0.724722,0.684770,0.716887,0.778576,0.838676,0.747540,0.801287,0.667543,0.490461,0.541626,0.533656,0.696253,0.628350,0.844342,0.859198,0.396966,0.781468,0.680792,0.811143,0.888076,0.560129,0.847675,0.746149,0.559569,0.796135,0.839380,0.793021,0.859609,0.669256,0.704239,0.809632,0.787542,0.746472,0.448615,0.803937,0.755201,0.644452,0.839711,0.704696,0.634219,0.752817,0.794843,0.750939,0.816242,0.740984,0.812103,0.699051,0.755506,0.799801,0.724401,0.653582,0.569129,0.765037,0.567887,0.855508,0.801070,0.670282,0.721765,0.766634,0.696440,0.770614,0.674456,0.684160,0.748484,0.697236,0.882656,0.653392,0.680925,0.667177,0.833650,0.547765,0.798514,0.467674,0.587069,0.726274,0.706352,0.551799,0.715068,0.847593,0.528619,0.652234,0.747565,0.702876,0.715186,0.630903,0.588507,0.741130,0.806522,0.852105,0.734325,0.677804,0.839862,0.852411,0.829648,0.604408,0.659260,0.750796,0.747839,0.478883,0.657573,0.640539,0.714716,0.829241,0.781317,0.777012,0.608632,0.721003,0.763864,0.807496,0.555493,0.802318,0.744973,0.557486,0.602968,0.749256,0.838871,0.619966,0.663304,0.787664,0.737174,0.665466,0.705437,0.509404,0.785838,0.629269,0.802224,0.794239,0.693433,0.871012,0.632082,0.769917,0.643678,0.771125,0.596984,0.784642,0.753510,0.705601,0.565337,0.811223,0.759886,0.576956,0.696160
0.547344,0.593372,0.471952,0.544183,0.489326,0.555182,0.601970,0.495663,0.600548,0.573429,0.652249,0.629916,0.636842,0.536543,0.610283,0.484766,0.421575,0.618889,0.403547,0.683945,0.511210,0.572566,0.539312,0.559126,0.532886,0.630684,0.520351,0.550926,0.488324,0.555344,0.699843,0.437415,0.685109,0.719499,0.495279,0.635186,0.595424,0.517166,0.594755,0.552285,0.471025,0.656583,0.659930,0.635221,0.640845,0.545968,0.467295,0.588575,0.508868,0.652452,0.590275,0.710721,0.705317,0.766917,0.582806,0.537988,0.454340,0.511394,0.622294,0.579275,0.675132,0.640193,0.658910,0.678403,0.591835,0.473158,0.527028,0.665050,0.737354,0.695799,0.719096,0.680689,0.664150,0.683378,0.787609,0.719540,0.619671,0.498600,0.630397,0.670278,0.648880,0.611113,0.506858,0.751869,0.500073,0.721926,0.653374,0.509931,0.776884,0.599509,0.680413,0.550141,0.651542,0.455281,0.739242,0.695714,0.672449,0.681156,0.619792,0.617728,0.496724,0.630408,0.528794,0.583534,0.682100,0.619477,0.722936,0.608568,0.490066,0.709440,0.800649,0.468133,0.633981,0.601504,0.533090,0.470953,0.820958,0.640927,0.636021,0.563928,0.545201,0.543344,0.512394,0.765891,0.575462,0.521878,0.581256,0.582786,0.622531,0.631972,0.469738,0.654998,0.610813,0.551812,0.680626,0.506510,0.662418,0.619750,0.684853,0.599556,0.731878,0.713935,0.542652,0.675366,0.604670,0.676834,0.623000,0.596311,0.716804,0.696107,0.494412,0.675656,0.456771,0.474850,0.578544,0.538153,0.631643,0.696608,0.566208,0.659677,0.677109,0.522949,0.525357,0.533740,0.609045,0.684061,0.515377,0.762240,0.506707,0.521099,0.565146,0.504421,0.770036,0.624110,0.669169,0.596251,0.757920,0.000000,0.510769,0.749180,0.650534,0.658325,0.698576,0.546350,0.518864,0.751869,0.730587,0.692023,0.793343,0.660345,0.515249,0.521642,0.757981,0.815306,0.668939,0.458876,0.495603,0.474590,0.740379,0.596165,0.744311,0.710391,0.704341,0.506059,0.758474,0.623443,0.725887,0.564575,0.593588,0.604793,0.682687,0.580701,0.687823,0.640520,0.799664,0.522206,0.539216,0.809132,0.636694,0.669750,0.782538,0.574100,0.725396,0.481456,0.605208,0.589805,0.517464,0.789032,0.510646,0.669472,0.760431,0.707407,0.548811,0.611412,0.468475,0.568689,0.741968,0.674699,0.787343,0.568911,0.454935,0.465574,0.779624,0.706892,0.564437,0.721388,0.711114,0.476492,0.702425,0.511260,0.617418,0.599633,0.750138,0.694027,0.811366,0.574356,0.663635,0.641310,0.636193,0.725215,0.764660,0.771306,0.608963,0.698023,0.703517,0.577969,0.601188,0.577312,0.730855,0.592087,0.695307,0.538103,0.584789,0.681618,0.728017,0.607255,0.732087,0.582299,0.528571,0.517520,0.671187,0.674565,0.711239,0.522475,0.622534,0.560478,0.726064,0.650299,0.481149,0.776538,0.755501,0.672425,0.740474,0.638861,0.666768,0.550977,0.746128,0.657362,0.475192,0.527367,0.520449,0.755725,0.642060,0.628585,0.638310,0.736637,0.656866,0.646874,0.417155,0.652845,0.499882,0.689427,0.455005,0.650178,0.582646,0.671694,0.654009,0.518593,0.546562,0.778126,0.576638,0.686382,0.680156,0.617995,0.646503,0.787379,0.557349,0.512911,0.787149,0.683366,0.721939,0.680129,0.731546,0.496500,0.664398,0.631053,0.803082,0.631069,0.762819,0.573163,0.562776,0.779350,0.634752,0.689070,0.796738,0.731195,0.631840,0.733508,0.509987,0.767861,0.729420,0.751297,0.765953,0.778107,0.582787,0.682400,0.784956,0.586581,0.618428,0.745905,0.749341,0.595478,0.711109,0.683025,0.737471,0.435862,0.680862,0.753058,0.805456,0.723164,0.562298,0.729699,0.653930,0.539034,0.792043,0.705372,0.748865,0.474019,0.576739,0.714944,0.515600,0.584089,0.716220,0.651496,0.629639,0.613358,0.639110,0.714165,0.769044,0.563738,0.802221,0.734913,0.823855,0.521490,0.616217,0.760842,0.532283,0.774343,0.692011,0.474986,0.738397,0.756821,0.504578,0.610108,0.500594,0.721598,0.669604,0.521789,0.649047,0.663889,0.691644,0.709854,0.825513,0.591961,0.611107,0.737610,0.712355,0.531465,0.683429,0.733637,0.718236,0.706679,0.810923,0.694503,0.541343,0.487143,0.758442,0.545025,0.600471,0.771378,0.751709,0.640807,0.715810,0.690550,0.631037,0.748420,0.752912,0.694199,0.689971,0.776315,0.556937,0.753564,0.639364,0.682238,0.645091,0.678250,0.725661,0.624144,0.615770,0.714827,0.596395,0.753594,0.804965,0.701146,0.674599,0.650260,0.611464,0.813326,0.749733,0.690235,0.711348,0.566296,0.649673,0.720167,0.729046,0.771438,0.735319,0.742275,0.707043,0.528629,0.590823,0.827558,0.774840,0.665944,0.656485,0.802297,0.714789,0.710154,0.743742,0.643608,0.757886,0.795369,0.629273,0.612064,0.595100,0.556243,0.495583,0.629698,0.754517,0.647080,0.708154,0.608884,0.683670,0.560022,0.724814,0.522224,0.756244,0.593549,0.574365,0.765684,0.567204
0.548155,0.461804,0.455955,0.535361,0.420318,0.483341,0.587580,0.438486,0.563389,0.523478,0.597171,0.569197,0.563361,0.480960,0.520633,0.450427,0.338711,0.656417,0.350244,0.704726,0.481702,0.514858,0.410983,0.423928,0.423860,0.631515,0.387102,0.397482,0.350352,0.383693,0.674770,0.463174,0.609992,0.576062,0.354714,0.588590,0.396283,0.543145,0.599132,0.471769,0.401728,0.681178,0.631518,0.659234,0.673375,0.566577,0.504954,0.487619,0.399556,0.612076,0.538354,0.692445,0.570596,0.683575,0.522664,0.542988,0.380468,0.402754,0.557655,0.581763,0.522457,0.569547,0.649894,0.744008,0.573918,0.354120,0.393606,0.507118,0.659055,0.662993,0.624736,0.559294,0.617167,0.616663,0.611928,0.636455,0.533891,0.384107,0.553370,0.655307,0.749057,0.561867,0.458821,0.615731,0.360598,0.670333,0.597848,0.395665,0.631937,0.626268,0.663092,0.393961,0.494599,0.370208,0.661448,0.687428,0.737250,0.582585,0.510260,0.492653,0.389934,0.605424,0.366057,0.469264,0.635084,0.536704,0.644092,0.470775,0.361528,0.640081,0.760089,0.393080,0.656112,0.490008,0.409102,0.451419,0.721712,0.714290,0.561199,0.380378,0.561934,0.469965,0.389713,0.704448,0.432761,0.540529,0.539538,0.412119,0.622390,0.534693,0.341385,0.701540,0.667090,0.447602,0.490556,0.355495,0.603563,0.664683,0.747104,0.436700,0.699154,0.549843,0.480262,0.550613,0.532728,0.467694,0.631248,0.602673,0.772582,0.700994,0.360331,0.615259,0.389036,0.381146,0.539597,0.539077,0.472702,0.721342,0.506029,0.717962,0.746097,0.575114,0.392067,0.385697,0.608096,0.467643,0.373457,0.694857,0.376080,0.482154,0.490414,0.474820,0.696647,0.645264,0.622186,0.588228,0.736845,0.510769,0.000000,0.715696,0.712577,0.657891,0.722634,0.441964,0.391182,0.636387,0.506728,0.688326,0.822260,0.683977,0.332994,0.493676,0.655773,0.750790,0.635961,0.403847,0.459813,0.427503,0.796482,0.534878,0.581511,0.591959,0.727885,0.333365,0.800914,0.576637,0.746230,0.458931,0.550254,0.686889,0.676081,0.517355,0.541674,0.597137,0.796770,0.419353,0.494376,0.801721,0.547083,0.607211,0.691629,0.252395,0.544443,0.464460,0.524325,0.450048,0.438837,0.790566,0.452804,0.743721,0.738845,0.649732,0.378659,0.585251,0.515096,0.494268,0.630709,0.561425,0.738765,0.494341,0.383717,0.427168,0.650125,0.583427,0.463141,0.648373,0.610959,0.339605,0.670391,0.507394,0.529042,0.520359,0.721858,0.701040,0.609329,0.345841,0.705361,0.662716,0.558098,0.681483,0.739203,0.699473,0.519977,0.602762,0.766177,0.477090,0.547953,0.589332,0.633870,0.582202,0.576924,0.435971,0.488235,0.705895,0.728699,0.525580,0.659952,0.455585,0.422810,0.458429,0.699012,0.551008,0.695988,0.390287,0.590158,0.538465,0.692178,0.620020,0.418710,0.632424,0.628665,0.766220,0.707856,0.724916,0.579025,0.420035,0.553638,0.716687,0.458257,0.471218,0.434977,0.585806,0.533279,0.528191,0.576308,0.650773,0.632245,0.522078,0.476043,0.663682,0.365239,0.505717,0.411158,0.534170,0.637614,0.527716,0.615701,0.492899,0.398086,0.615939,0.475782,0.612590,0.688593,0.406732,0.663506,0.773954,0.568975,0.449197,0.675923,0.572364,0.626625,0.590769,0.682046,0.476916,0.665843,0.591953,0.715365,0.466444,0.817313,0.521122,0.496874,0.827152,0.576444,0.701287,0.709752,0.744569,0.501693,0.686754,0.382739,0.817430,0.811676,0.721488,0.727558,0.668352,0.599653,0.731661,0.819415,0.477550,0.563581,0.740242,0.687379,0.570272,0.619846,0.518042,0.687771,0.432113,0.714735,0.689700,0.747805,0.643183,0.579119,0.756547,0.544989,0.446253,0.762135,0.604013,0.583014,0.488924,0.551379,0.517735,0.374576,0.566348,0.693865,0.582347,0.561051,0.556497,0.579333,0.653653,0.678513,0.465454,0.760348,0.622053,0.794135,0.435082,0.697229,0.653898,0.440211,0.721269,0.554485,0.455216,0.623156,0.651353,0.423224,0.565879,0.455877,0.684841,0.658924,0.415967,0.736080,0.759427,0.715072,0.718915,0.724724,0.477047,0.652844,0.623291,0.681671,0.573881,0.719737,0.748846,0.744859,0.684766,0.836369,0.698033,0.501123,0.480990,0.763054,0.560244,0.508751,0.672052,0.631032,0.512714,0.765800,0.688931,0.493569,0.671595,0.746009,0.695827,0.574899,0.682629,0.600882,0.652975,0.680084,0.550285,0.645000,0.715564,0.683482,0.652953,0.511048,0.640894,0.548158,0.723744,0.690869,0.609455,0.573688,0.606019,0.478126,0.749064,0.691664,0.697467,0.583286,0.435302,0.658097,0.743387,0.782369,0.634224,0.739962,0.688719,0.610926,0.458035,0.500144,0.650268,0.736855,0.667010,0.600849,0.780566,0.734834,0.595081,0.640983,0.585089,0.638052,0.750941,0.573580,0.586115,0.544236,0.520063,0.448599,0.558766,0.684465,0.534656,0.635719,0.688409,0.547719,0.592658,0.794735,0.513281,0.692582,0.529623,0.352955,0.716053,0.401757
0.548210,0.562260,0.574245,0.663422,0.594995,0.625096,0.605057,0.645508,0.641380,0.541647,0.622502,0.587310,0.577192,0.635116,0.550884,0.581225,0.624459,0.600696,0.619337,0.683411,0.588865,0.654397,0.652739,0.672803,0.578500,0.630069,0.651915,0.645426,0.701787,0.655620,0.700933,0.640072,0.720135,0.649135,0.682643,0.588278,0.660592,0.551379,0.597554,0.616211,0.641670,0.697492,0.683319,0.718257,0.679696,0.644685,0.654271,0.674768,0.674401,0.573971,0.667194,0.626162,0.617880,0.711248,0.598604,0.671604,0.702241,0.636306,0.705033,0.655577,0.662098,0.646005,0.710434,0.667130,0.608143,0.591881,0.676390,0.693426,0.544730,0.671189,0.675063,0.645256,0.597532,0.634150,0.674425,0.582247,0.610008,0.642720,0.631255,0.669991,0.766506,0.645466,0.685925,0.691540,0.698663,0.574018,0.679683,0.673841,0.644887,0.648383,0.568492,0.664909,0.623060,0.586782,0.687568,0.606575,0.664597,0.667160,0.728896,0.621546,0.609933,0.644130,0.656946,0.699935,0.709111,0.623859,0.679564,0.599426,0.716192,0.687514,0.643517,0.736884,0.677008,0.632993,0.667521,0.724097,0.706293,0.684437,0.655748,0.591935,0.668734,0.690068,0.708152,0.717130,0.628817,0.608582,0.690932,0.559191,0.690672,0.570185,0.712541,0.697599,0.651784,0.630701,0.676578,0.681311,0.587415,0.560113,0.568376,0.623363,0.663120,0.726807,0.677579,0.593665,0.757328,0.735746,0.659995,0.628317,0.670982,0.676646,0.713150,0.683391,0.713014,0.713203,0.656241,0.635387,0.593765,0.699974,0.630196,0.617947,0.718519,0.711501,0.705621,0.751130,0.702487,0.608976,0.711826,0.728844,0.669005,0.700617,0.695855,0.663028,0.719494,0.675135,0.667216,0.714648,0.691403,0.749180,0.715696,0.000000,0.699419,0.698781,0.675262,0.639591,0.700758,0.665697,0.647831,0.684579,0.712245,0.683253,0.700839,0.652310,0.683504,0.735107,0.668635,0.697462,0.667438,0.671238,0.674963,0.701475,0.723269,0.680172,0.715636,0.731953,0.601617,0.732595,0.711850,0.668726,0.630912,0.682095,0.712546,0.769946,0.675759,0.740168,0.730259,0.703502,0.786634,0.677980,0.679802,0.689499,0.682975,0.758086,0.652932,0.677064,0.724371,0.668673,0.728406,0.694391,0.701278,0.692699,0.710903,0.625716,0.692990,0.781370,0.720224,0.702507,0.635649,0.747026,0.728746,0.667454,0.708500,0.735746,0.762990,0.620042,0.693268,0.709461,0.750044,0.696983,0.689153,0.611910,0.751721,0.685590,0.685686,0.736116,0.634374,0.736098,0.730190,0.695534,0.774256,0.758861,0.705660,0.567310,0.683757,0.664458,0.678279,0.644355,0.688121,0.741111,0.663673,0.666733,0.611123,0.608088,0.762889,0.752884,0.744047,0.705107,0.729364,0.632804,0.701095,0.697699,0.703016,0.696420,0.755295,0.760135,0.711646,0.687386,0.729017,0.602338,0.721930,0.688326,0.727323,0.755526,0.566118,0.699902,0.727283,0.629669,0.667884,0.744571,0.668344,0.704042,0.689540,0.706510,0.632237,0.609546,0.724173,0.675814,0.695378,0.701132,0.723891,0.723286,0.737488,0.600330,0.671660,0.646680,0.720526,0.739381,0.663944,0.636596,0.762614,0.564410,0.723916,0.686546,0.617828,0.689725,0.643885,0.713937,0.658056,0.645087,0.754948,0.704530,0.696444,0.706771,0.723454,0.735064,0.633678,0.683451,0.760085,0.583374,0.780846,0.773171,0.754164,0.689857,0.722613,0.576364,0.757626,0.628887,0.692595,0.675318,0.722808,0.724227,0.569935,0.770452,0.744579,0.664460,0.751409,0.758140,0.728561,0.694306,0.730196,0.722873,0.740108,0.679722,0.708964,0.613070,0.616043,0.699558,0.759576,0.698668,0.765431,0.670322,0.741059,0.614818,0.714010,0.757033,0.710409,0.761001,0.708067,0.710705,0.709780,0.677665,0.751593,0.593983,0.738378,0.652408,0.678009,0.728736,0.689029,0.808041,0.766664,0.723981,0.785117,0.675979,0.698298,0.676616,0.693304,0.623519,0.677563,0.696417,0.673327,0.679307,0.715686,0.680825,0.669198,0.623302,0.720381,0.785257,0.674818,0.689581,0.639650,0.711598,0.619210,0.737194,0.765572,0.714633,0.699966,0.689822,0.691470,0.758892,0.725027,0.780685,0.668545,0.759864,0.836887,0.680440,0.760015,0.632507,0.712708,0.761489,0.751787,0.756442,0.696262,0.796458,0.771174,0.668925,0.614057,0.773477,0.772755,0.726770,0.719991,0.605220,0.780410,0.679274,0.691521,0.704181,0.755809,0.794591,0.778593,0.738487,0.723369,0.720221,0.738510,0.685767,0.710112,0.642068,0.748469,0.720190,0.729910,0.815862,0.668807,0.730470,0.682783,0.750925,0.714804,0.714151,0.636389,0.220103,0.779597,0.736186,0.668684,0.692540,0.729025,0.687627,0.636639,0.654100,0.725834,0.763920,0.750652,0.723314,0.705167,0.720523,0.678513,0.760197,0.702910,0.694179,0.675739,0.856582,0.751050,0.733441,0.672628,0.792430,0.690736,0.738364,0.764899,0.665980,0.705851,0.661440,0.738498,0.711844,0.720865,0.660361,0.666808
0.548223,0.586580,0.498897,0.622584,0.542522,0.686774,0.769545,0.559667,0.711977,0.602297,0.798117,0.543572,0.618454,0.579179,0.604613,0.497375,0.574089,0.675469,0.588104,0.810616,0.648654,0.379459,0.703633,0.597778,0.632086,0.490106,0.677859,0.571347,0.595821,0.625625,0.667717,0.457363,0.618808,0.700870,0.546470,0.780116,0.662820,0.624519,0.771608,0.553865,0.597604,0.724216,0.750615,0.643573,0.775501,0.596893,0.614998,0.559069,0.600945,0.709181,0.610941,0.790728,0.738601,0.702029,0.556905,0.618729,0.580590,0.605341,0.589274,0.670979,0.677405,0.571608,0.714521,0.783653,0.592139,0.642967,0.526232,0.640684,0.695519,0.730296,0.691654,0.659716,0.723205,0.627441,0.732911,0.791337,0.655031,0.583142,0.580117,0.735210,0.723326,0.557954,0.662011,0.704457,0.517518,0.763335,0.595711,0.518181,0.751886,0.745365,0.765891,0.633650,0.631211,0.622047,0.671307,0.795487,0.723493,0.651416,0.675889,0.742233,0.532302,0.716953,0.604343,0.648694,0.650781,0.548191,0.720456,0.603434,0.500549,0.764794,0.723400,0.583466,0.721674,0.769619,0.577969,0.594317,0.709779,0.779642,0.656525,0.663234,0.595879,0.445053,0.585725,0.642106,0.682313,0.636863,0.558802,0.705984,0.663895,0.622425,0.588255,0.725193,0.686424,0.623525,0.815919,0.544846,0.651570,0.740931,0.757145,0.727692,0.785859,0.677982,0.521837,0.839665,0.603823,0.680330,0.568737,0.662197,0.806906,0.736518,0.555446,0.711763,0.599237,0.550445,0.632273,0.539011,0.778365,0.858185,0.565169,0.732806,0.746410,0.641783,0.674941,0.560179,0.765050,0.755453,0.579605,0.851434,0.648528,0.613255,0.716697,0.633643,0.732106,0.694066,0.701935,0.778654,0.816165,0.650534,0.712577,0.699419,0.000000,0.735209,0.732951,0.678552,0.560041,0.843908,0.656584,0.688258,0.830172,0.790616,0.672584,0.567969,0.773158,0.867286,0.687056,0.553423,0.587889,0.626245,0.888266,0.592238,0.733557,0.751836,0.744543,0.572425,0.732708,0.774398,0.725820,0.655449,0.708186,0.721322,0.733763,0.611480,0.687434,0.632657,0.558634,0.511915,0.535705,0.791012,0.618824,0.690683,0.772852,0.734879,0.659590,0.644925,0.585834,0.483882,0.518031,0.772198,0.695511,0.583121,0.846304,0.675203,0.557294,0.622172,0.689171,0.638097,0.801615,0.693148,0.588461,0.613380,0.588448,0.580561,0.618973,0.714489,0.645789,0.656274,0.806020,0.656679,0.592450,0.619431,0.665669,0.597202,0.683803,0.678989,0.725299,0.567525,0.679025,0.718855,0.647844,0.785800,0.748829,0.709313,0.578478,0.681499,0.817602,0.579870,0.513991,0.225785,0.699497,0.504210,0.775250,0.609393,0.695349,0.747992,0.733860,0.584905,0.748021,0.602397,0.587613,0.611070,0.778278,0.559434,0.627866,0.556565,0.751580,0.597404,0.649696,0.714495,0.669536,0.711438,0.763778,0.766685,0.768989,0.491422,0.765374,0.605800,0.755762,0.747703,0.693427,0.631172,0.641133,0.701855,0.724984,0.809625,0.507002,0.736594,0.648745,0.610677,0.607639,0.793459,0.643683,0.803518,0.628653,0.580890,0.750781,0.739888,0.644686,0.575111,0.567194,0.709230,0.714746,0.829369,0.867999,0.618812,0.817698,0.752738,0.610375,0.651386,0.805117,0.679432,0.588239,0.702585,0.757671,0.511301,0.736808,0.725381,0.744961,0.642856,0.756533,0.559474,0.668629,0.848479,0.687652,0.706548,0.730656,0.814626,0.654513,0.744699,0.603262,0.784812,0.850129,0.753037,0.802052,0.757541,0.756775,0.791546,0.763404,0.781206,0.620397,0.816466,0.691724,0.617909,0.617966,0.771439,0.841294,0.645750,0.717795,0.729723,0.742883,0.748532,0.626846,0.687086,0.542389,0.520274,0.748078,0.759401,0.703210,0.592977,0.571125,0.718658,0.557675,0.727990,0.729306,0.751912,0.705043,0.781104,0.593405,0.714102,0.701372,0.560843,0.748306,0.707262,0.754262,0.637592,0.761869,0.703710,0.511120,0.747537,0.780216,0.708811,0.783733,0.802637,0.639281,0.776310,0.618528,0.861287,0.746499,0.633223,0.868961,0.832652,0.680738,0.823907,0.747122,0.628623,0.650643,0.722294,0.745260,0.761920,0.822849,0.804807,0.842684,0.652354,0.778918,0.767558,0.563381,0.619918,0.839074,0.729733,0.592175,0.824843,0.655194,0.652376,0.810154,0.786629,0.672013,0.772736,0.887646,0.732690,0.719170,0.741233,0.619718,0.769234,0.627186,0.783174,0.764696,0.653112,0.784664,0.565145,0.627474,0.736703,0.563634,0.755833,0.780477,0.830749,0.605031,0.736288,0.590834,0.767222,0.754885,0.849415,0.766099,0.497997,0.579899,0.756381,0.875948,0.757823,0.780448,0.644275,0.836668,0.571446,0.712827,0.728738,0.752016,0.770148,0.493572,0.832252,0.676806,0.729825,0.647773,0.638469,0.584742,0.749078,0.782800,0.766381,0.649244,0.699185,0.634894,0.594381,0.712639,0.767602,0.889972,0.669559,0.679586,0.748144,0.767752,0.595585,0.797633,0.608276,0.714750,0.736731,0.623541
0.548611,0.558889,0.665924,0.622171,0.669744,0.649307,0.672423,0.715883,0.616514,0.683012,0.671830,0.672667,0.532216,0.702289,0.554742,0.671753,0.648447,0.672641,0.685343,0.522048,0.565422,0.710140,0.613711,0.724772,0.682598,0.704886,0.505127,0.682613,0.679340,0.562076,0.739781,0.555795,0.634941,0.577102,0.599349,0.605183,0.637134,0.639425,0.672035,0.710276,0.560243,0.717183,0.673679,0.673495,0.618449,0.490473,0.611398,0.585143,0.624724,0.699523,0.774616,0.719950,0.525017,0.729005,0.677624,0.468266,0.667219,0.701736,0.669697,0.656905,0.613547,0.708258,0.638283,0.636190,0.721154,0.662337,0.699999,0.604531,0.584114,0.751581,0.572764,0.603309,0.671526,0.670945,0.491036,0.652047,0.792077,0.639612,0.710010,0.678207,0.794361,0.781169,0.634181,0.708793,0.695490,0.631217,0.752486,0.714934,0.425993,0.750203,0.650205,0.706810,0.678616,0.685312,0.570178,0.655836,0.657063,0.597212,0.667866,0.593609,0.617258,0.380308,0.730007,0.786567,0.577235,0.685984,0.735067,0.665639,0.681145,0.706315,0.717916,0.604670,0.701827,0.702116,0.717545,0.737873,0.754604,0.293017,0.741780,0.682146,0.733776,0.740507,0.682292,0.644569,0.647698,0.732582,0.764782,0.622934,0.588330,0.706548,0.725352,0.684787,0.693534,0.685232,0.589812,0.692338,0.525726,0.710695,0.669634,0.623052,0.623962,0.633847,0.779921,0.543870,0.817161,0.623653,0.746674,0.375851,0.620424,0.400688,0.732089,0.604539,0.736300,0.684330,0.704272,0.705435,0.738071,0.761893,0.555166,0.607308,0.607987,0.791487,0.673817,0.728090,0.752184,0.607424,0.671490,0.599167,0.720306,0.704863,0.627154,0.619898,0.733472,0.696659,0.570262,0.738966,0.558249,0.658325,0.657891,0.698781,0.735209,0.000000,0.693648,0.715026,0.734706,0.750499,0.587137,0.721708,0.761732,0.713606,0.643652,0.770656,0.492997,0.645234,0.647551,0.725397,0.783495,0.709420,0.735635,0.774917,0.677086,0.657696,0.644903,0.706440,0.694888,0.714208,0.549763,0.640525,0.624747,0.744153,0.664976,0.591105,0.575802,0.607616,0.735539,0.752951,0.647707,0.750103,0.780248,0.747581,0.459386,0.680706,0.562211,0.808117,0.784723,0.688273,0.741646,0.654874,0.621944,0.619563,0.656068,0.664140,0.704436,0.685548,0.755700,0.712045,0.705327,0.697769,0.675934,0.796215,0.690179,0.700010,0.838816,0.637180,0.737352,0.545994,0.720785,0.693053,0.768819,0.790377,0.689402,0.585129,0.652152,0.747229,0.535772,0.699091,0.604688,0.618070,0.681114,0.607023,0.683343,0.549761,0.797728,0.677819,0.662428,0.700331,0.755548,0.789207,0.391980,0.741761,0.732015,0.714762,0.818993,0.637845,0.491933,0.785685,0.715719,0.583179,0.739550,0.717685,0.519467,0.769967,0.508337,0.758721,0.610476,0.818033,0.529361,0.791129,0.728844,0.583246,0.754521,0.658097,0.523624,0.738801,0.760091,0.776237,0.501033,0.516251,0.731700,0.751251,0.629237,0.615668,0.523401,0.732680,0.822012,0.504800,0.589802,0.673113,0.782163,0.656085,0.712147,0.698821,0.684248,0.721965,0.612247,0.666492,0.649540,0.794307,0.646771,0.553001,0.715588,0.503815,0.717592,0.726060,0.581651,0.718276,0.514545,0.782383,0.759857,0.586748,0.689016,0.683257,0.610663,0.760424,0.677891,0.761022,0.731158,0.772921,0.710361,0.774303,0.720131,0.740592,0.798154,0.630171,0.746292,0.538561,0.784392,0.730420,0.706258,0.557986,0.673790,0.720440,0.735633,0.624507,0.684989,0.619482,0.434398,0.740870,0.717024,0.524425,0.629320,0.633978,0.734221,0.764599,0.644935,0.729360,0.478490,0.710513,0.715850,0.567326,0.698030,0.742574,0.828651,0.720232,0.763763,0.732738,0.716574,0.756106,0.797999,0.712517,0.715560,0.726094,0.673124,0.710253,0.780824,0.758183,0.787269,0.576298,0.501860,0.739611,0.669118,0.671370,0.630208,0.782735,0.762278,0.497477,0.729303,0.616961,0.668807,0.750909,0.721972,0.648138,0.796339,0.616490,0.759627,0.720580,0.640337,0.736994,0.775157,0.693332,0.438059,0.740722,0.582516,0.777381,0.784694,0.716990,0.639523,0.790606,0.691633,0.641235,0.739789,0.637524,0.682365,0.668018,0.759109,0.605238,0.616486,0.620423,0.668233,0.742236,0.650988,0.543063,0.611428,0.730629,0.706836,0.734265,0.536389,0.758628,0.682379,0.622981,0.540815,0.739060,0.673833,0.666663,0.504975,0.716253,0.703767,0.803011,0.633383,0.568653,0.777772,0.797190,0.736358,0.678173,0.604684,0.606752,0.751283,0.738110,0.486790,0.659096,0.556109,0.698578,0.691289,0.648080,0.733285,0.746754,0.611360,0.823476,0.463259,0.638807,0.720325,0.778041,0.494036,0.642309,0.766138,0.735395,0.616591,0.645692,0.797030,0.480216,0.704464,0.699954,0.696364,0.575788,0.759968,0.673752,0.658932,0.794026,0.402714,0.611430,0.762378,0.707798,0.469667,0.809965,0.701049,0.650763,0.487944,0.717058,0.657316,0.461661,0.506475
0.549191,0.539698,0.505296,0.614853,0.517677,0.449445,0.470497,0.550637,0.651561,0.451089,0.506171,0.449288,0.645236,0.543359,0.589982,0.545887,0.587558,0.377430,0.563178,0.670898,0.531023,0.599739,0.587700,0.512647,0.538335,0.472815,0.649037,0.611220,0.550568,0.631212,0.653986,0.601758,0.691238,0.622772,0.665742,0.537670,0.649023,0.549873,0.527627,0.479483,0.591533,0.623609,0.697295,0.680497,0.648760,0.756408,0.451606,0.660409,0.641652,0.518228,0.555003,0.588854,0.643797,0.708777,0.462040,0.725478,0.627908,0.474999,0.692953,0.623399,0.648633,0.538997,0.704716,0.421794,0.542282,0.611233,0.582880,0.687273,0.642162,0.599855,0.618222,0.636230,0.503965,0.481255,0.648416,0.593021,0.456487,0.515959,0.541840,0.543412,0.624273,0.464771,0.635223,0.697944,0.646329,0.464588,0.503383,0.582654,0.700841,0.557686,0.522070,0.558992,0.449591,0.571545,0.667903,0.471957,0.714403,0.663933,0.657409,0.583835,0.499021,0.716881,0.535462,0.542729,0.639913,0.453893,0.661490,0.460481,0.637122,0.537123,0.647257,0.595050,0.471886,0.466864,0.577730,0.681201,0.746849,0.689262,0.480198,0.555110,0.530732,0.661521,0.602293,0.715838,0.523988,0.636969,0.471519,0.650756,0.548184,0.505642,0.617868,0.463455,0.477984,0.514066,0.710733,0.552549,0.664829,0.646379,0.480247,0.567237,0.566594,0.713613,0.570537,0.457858,0.662213,0.758973,0.397481,0.666226,0.659039,0.734711,0.640784,0.693344,0.587332,0.612936,0.614448,0.615345,0.493632,0.658285,0.579351,0.549428,0.690522,0.605619,0.665332,0.623965,0.642948,0.689526,0.630896,0.733168,0.508556,0.728047,0.685575,0.622716,0.717236,0.461488,0.711631,0.535164,0.686956,0.698576,0.722634,0.675262,0.732951,0.693648,0.000000,0.632654,0.653334,0.583569,0.699800,0.474840,0.659151,0.590177,0.627459,0.589535,0.746735,0.601766,0.601729,0.611785,0.555111,0.661396,0.684711,0.661229,0.744766,0.709336,0.623778,0.627201,0.607459,0.588894,0.707925,0.679760,0.725572,0.650539,0.723185,0.773596,0.724296,0.688902,0.591963,0.682549,0.688678,0.668367,0.627545,0.753659,0.644641,0.705400,0.709170,0.586266,0.612762,0.601262,0.655050,0.821631,0.705557,0.663819,0.707775,0.585735,0.590896,0.677708,0.620754,0.676298,0.581580,0.732906,0.637722,0.596945,0.613558,0.740212,0.747993,0.654936,0.622456,0.723937,0.668825,0.594873,0.742149,0.431383,0.565873,0.668885,0.416791,0.571656,0.744624,0.657677,0.663386,0.714271,0.698104,0.688625,0.701151,0.690209,0.626459,0.510587,0.690241,0.590936,0.546419,0.728163,0.703306,0.592473,0.510947,0.585792,0.679239,0.707930,0.693704,0.614526,0.607916,0.573110,0.716087,0.541563,0.722620,0.684055,0.795443,0.640179,0.539079,0.596926,0.727033,0.502619,0.658219,0.725144,0.667720,0.657739,0.687592,0.625663,0.540141,0.617637,0.666630,0.705940,0.616988,0.676448,0.649925,0.686001,0.649902,0.568285,0.675904,0.715746,0.673387,0.580329,0.622844,0.715610,0.652062,0.514883,0.549322,0.623868,0.698428,0.738192,0.724537,0.590196,0.724680,0.729774,0.728460,0.696655,0.609215,0.609324,0.629184,0.701733,0.693603,0.477277,0.610079,0.647218,0.764761,0.826866,0.769482,0.623635,0.643566,0.553276,0.698585,0.470304,0.715248,0.692405,0.660117,0.639936,0.806573,0.702866,0.773025,0.663363,0.526493,0.699802,0.718265,0.777075,0.727388,0.661999,0.708654,0.481108,0.741617,0.699934,0.748968,0.527454,0.713281,0.682913,0.612528,0.653846,0.747446,0.509748,0.583581,0.616024,0.660336,0.717902,0.662884,0.657378,0.661611,0.652292,0.706336,0.638968,0.650519,0.643105,0.617759,0.648656,0.657140,0.755310,0.670566,0.561018,0.657664,0.496233,0.609230,0.643448,0.669308,0.727442,0.711620,0.636326,0.738219,0.382476,0.718476,0.591122,0.624764,0.726279,0.580602,0.495929,0.559410,0.682766,0.677693,0.482086,0.660228,0.664334,0.550193,0.537632,0.605375,0.596586,0.543438,0.578399,0.662651,0.690682,0.711529,0.616651,0.578345,0.699160,0.661846,0.605621,0.679166,0.749583,0.527105,0.613692,0.778322,0.665486,0.687790,0.582370,0.699335,0.748241,0.694399,0.742781,0.737985,0.736430,0.722674,0.639153,0.588252,0.756624,0.656652,0.660989,0.757700,0.685891,0.670249,0.683244,0.578042,0.582439,0.818837,0.786984,0.697539,0.685294,0.644585,0.760676,0.734316,0.812213,0.503877,0.409596,0.715245,0.690008,0.789714,0.759581,0.747488,0.660781,0.731343,0.695494,0.599588,0.703620,0.686277,0.649308,0.727340,0.715948,0.739429,0.621132,0.781581,0.772018,0.685022,0.714541,0.677852,0.679187,0.585046,0.669978,0.621147,0.740233,0.773278,0.768793,0.650671,0.702684,0.635171,0.727664,0.800293,0.743334,0.716500,0.718962,0.674440,0.687211,0.798751,0.593790,0.731393,0.633428,0.701813,0.760462,0.691946,0.685758,0.742788
0.549483,0.435459,0.383152,0.496364,0.383016,0.491191,0.504466,0.334570,0.497756,0.464634,0.524267,0.491576,0.564026,0.433901,0.538827,0.438410,0.337311,0.574479,0.279942,0.655285,0.425999,0.524945,0.369636,0.455021,0.382663,0.541793,0.440470,0.468639,0.404007,0.453215,0.678640,0.432137,0.650994,0.613650,0.449374,0.561694,0.454130,0.530092,0.574928,0.455511,0.429554,0.661548,0.724169,0.666647,0.617885,0.587167,0.441125,0.480421,0.425522,0.539685,0.323573,0.720418,0.577891,0.743651,0.401448,0.567572,0.421913,0.400271,0.591022,0.439824,0.554591,0.487471,0.692653,0.672848,0.482199,0.301009,0.423137,0.569735,0.627397,0.608109,0.652331,0.605855,0.569105,0.559612,0.640368,0.642552,0.410124,0.435694,0.441286,0.582101,0.727767,0.471968,0.496274,0.666843,0.430128,0.645259,0.601669,0.373828,0.674396,0.497899,0.600164,0.365172,0.506271,0.255530,0.647272,0.631838,0.691476,0.604414,0.523563,0.466432,0.331199,0.653892,0.358344,0.320799,0.695158,0.441746,0.651959,0.360653,0.437808,0.578665,0.792790,0.420350,0.584064,0.480548,0.307909,0.495621,0.756745,0.726844,0.538739,0.353638,0.494806,0.502514,0.440194,0.639726,0.411229,0.512993,0.496262,0.417561,0.580303,0.494408,0.365833,0.708150,0.601012,0.404873,0.508814,0.349699,0.608329,0.570523,0.717584,0.382325,0.649016,0.662540,0.439881,0.525048,0.423871,0.648129,0.500694,0.598131,0.774550,0.725420,0.399990,0.665376,0.409392,0.458646,0.542858,0.430089,0.458024,0.727291,0.490219,0.650827,0.828787,0.531363,0.434884,0.444282,0.573055,0.492901,0.343259,0.664481,0.390141,0.468579,0.579068,0.505454,0.752993,0.696312,0.627711,0.499916,0.779025,0.546350,0.441964,0.639591,0.678552,0.715026,0.632654,0.000000,0.400911,0.695635,0.600274,0.593949,0.829775,0.646090,0.474892,0.457689,0.666705,0.700658,0.589032,0.352909,0.442278,0.462870,0.773172,0.306653,0.647396,0.636047,0.716826,0.399823,0.731545,0.585871,0.782049,0.513181,0.535091,0.607387,0.681818,0.599566,0.624865,0.660457,0.707118,0.468898,0.556708,0.860131,0.337241,0.657402,0.676095,0.565504,0.629361,0.481691,0.343363,0.425210,0.443082,0.764715,0.602529,0.725761,0.719830,0.616046,0.417895,0.606257,0.539910,0.489983,0.551095,0.642777,0.679492,0.237445,0.433490,0.526072,0.592976,0.554904,0.518430,0.666947,0.620806,0.389213,0.569985,0.529578,0.510779,0.593894,0.627064,0.636734,0.645177,0.415501,0.747290,0.719872,0.598029,0.694470,0.751264,0.737990,0.289593,0.560382,0.753607,0.401591,0.492389,0.602571,0.619518,0.488927,0.537421,0.335169,0.516035,0.749557,0.771032,0.317515,0.672994,0.436786,0.466726,0.406396,0.785282,0.521336,0.726791,0.468261,0.507660,0.411503,0.701880,0.513578,0.441233,0.665649,0.640233,0.818309,0.689300,0.586816,0.467992,0.443942,0.605408,0.779151,0.478660,0.543015,0.452063,0.564216,0.593142,0.515979,0.370669,0.650489,0.610187,0.578164,0.446026,0.708305,0.440464,0.460005,0.437638,0.471714,0.707450,0.673209,0.602338,0.418891,0.499293,0.684098,0.411450,0.763542,0.646098,0.370900,0.745542,0.776583,0.584335,0.494035,0.724409,0.539713,0.628139,0.684039,0.689098,0.431078,0.606823,0.450521,0.778743,0.463405,0.782092,0.569657,0.526693,0.779827,0.649076,0.601819,0.732918,0.704817,0.471727,0.716578,0.396146,0.859697,0.804328,0.780064,0.673719,0.607421,0.622771,0.744195,0.792221,0.453083,0.531675,0.789329,0.733331,0.622655,0.644909,0.479807,0.630633,0.460681,0.715477,0.703295,0.763354,0.713449,0.669622,0.675585,0.485418,0.409263,0.877573,0.569373,0.634444,0.512547,0.335992,0.603999,0.415754,0.500529,0.694726,0.530048,0.285771,0.662667,0.470816,0.651287,0.764797,0.473419,0.734434,0.534493,0.764677,0.423610,0.606866,0.632824,0.434980,0.658166,0.566420,0.481418,0.645025,0.584618,0.343337,0.583084,0.417467,0.692754,0.697734,0.430352,0.684692,0.691430,0.729197,0.709178,0.723290,0.303303,0.579129,0.585788,0.578692,0.546326,0.645906,0.776466,0.712867,0.618204,0.877112,0.714226,0.449738,0.480073,0.756669,0.643351,0.490812,0.795798,0.596377,0.534846,0.856755,0.644642,0.427100,0.718504,0.795256,0.703901,0.634019,0.711886,0.650761,0.754671,0.629588,0.588465,0.652424,0.661079,0.644748,0.293233,0.611692,0.614412,0.529791,0.647638,0.589960,0.592237,0.664533,0.624654,0.579081,0.784643,0.703826,0.759217,0.618989,0.490593,0.669849,0.670081,0.783324,0.639505,0.691906,0.584422,0.735676,0.556250,0.537906,0.720120,0.681068,0.646721,0.585283,0.810752,0.724588,0.654092,0.660656,0.642058,0.629548,0.808370,0.576747,0.612901,0.446350,0.609117,0.588954,0.488434,0.653822,0.704845,0.645312,0.677254,0.648305,0.561829,0.789572,0.523280,0.713281,0.565542,0.472364,0.673049,0.563475
0.550017,0.481855,0.278940,0.492767,0.252194,0.512109,0.629365,0.283626,0.625049,0.443976,0.650084,0.488817,0.636233,0.447552,0.569547,0.363953,0.329408,0.614200,0.294877,0.717547,0.493673,0.440565,0.465680,0.428269,0.417494,0.461787,0.454485,0.306967,0.308483,0.373359,0.743415,0.406772,0.654216,0.703543,0.338163,0.685285,0.532375,0.464438,0.671898,0.417471,0.315822,0.779530,0.672421,0.633334,0.731790,0.562370,0.427140,0.372120,0.331203,0.696566,0.391447,0.787066,0.673820,0.708984,0.403167,0.557797,0.343201,0.359268,0.571289,0.585510,0.584615,0.453587,0.663716,0.722289,0.492270,0.376742,0.208970,0.537719,0.683113,0.710577,0.698226,0.613683,0.657359,0.509322,0.698446,0.806232,0.504006,0.409792,0.423487,0.595497,0.762534,0.420819,0.445840,0.696081,0.204365,0.780872,0.490017,0.229000,0.713360,0.562467,0.739678,0.266199,0.394226,0.325716,0.704383,0.766133,0.769991,0.639669,0.471530,0.561987,0.323413,0.654675,0.294695,0.297443,0.724906,0.393463,0.685651,0.381208,0.258090,0.642238,0.847203,0.256698,0.611454,0.514595,0.259764,0.328888,0.733781,0.775116,0.524043,0.366583,0.475397,0.255245,0.227637,0.681892,0.537130,0.458027,0.378738,0.557781,0.653355,0.548754,0.193902,0.694634,0.631645,0.410717,0.591076,0.206245,0.612381,0.732693,0.785504,0.575848,0.784708,0.679979,0.293388,0.668052,0.361287,0.635630,0.479120,0.647016,0.861293,0.711943,0.173512,0.652309,0.260138,0.138976,0.474657,0.426253,0.539143,0.820742,0.486079,0.721478,0.742438,0.389592,0.441534,0.228406,0.579272,0.644133,0.247453,0.754790,0.334681,0.454387,0.635252,0.377989,0.733142,0.634539,0.666858,0.584513,0.814063,0.518864,0.391182,0.700758,0.560041,0.734706,0.653334,0.400911,0.000000,0.735804,0.609855,0.632152,0.857863,0.687936,0.408165,0.343669,0.800095,0.805014,0.493877,0.261280,0.388187,0.442346,0.834304,0.454646,0.650790,0.702497,0.707284,0.211958,0.870922,0.678136,0.738857,0.504220,0.528254,0.665431,0.801751,0.537002,0.559126,0.667661,0.640999,0.253058,0.432585,0.892602,0.373110,0.665778,0.732489,0.515233,0.642899,0.402794,0.368910,0.310397,0.242690,0.809083,0.500824,0.673215,0.846569,0.612550,0.220184,0.485434,0.485396,0.463402,0.708725,0.618302,0.624460,0.271537,0.239593,0.359209,0.684495,0.582460,0.380681,0.676211,0.738949,0.250190,0.652291,0.470742,0.440640,0.542229,0.699307,0.653355,0.693145,0.215120,0.723781,0.660141,0.469466,0.698618,0.799564,0.797085,0.262887,0.471438,0.720488,0.293870,0.396666,0.417080,0.615128,0.371480,0.668504,0.347041,0.380482,0.683669,0.774173,0.286103,0.750825,0.435442,0.249881,0.287345,0.781821,0.542965,0.654566,0.219904,0.604254,0.341414,0.750364,0.562989,0.410358,0.721388,0.714758,0.795213,0.820271,0.523153,0.585537,0.363217,0.654960,0.760162,0.370557,0.355019,0.360335,0.557948,0.605906,0.451420,0.447069,0.762028,0.616964,0.432144,0.398595,0.706670,0.229764,0.619651,0.395446,0.529931,0.717610,0.616231,0.523096,0.304564,0.332212,0.719362,0.459981,0.777344,0.799270,0.438073,0.770029,0.785036,0.593541,0.345263,0.774417,0.583224,0.615949,0.652516,0.719310,0.331101,0.738911,0.632468,0.761717,0.456533,0.776500,0.202774,0.314392,0.897732,0.545792,0.688978,0.724850,0.768117,0.399285,0.737697,0.357923,0.845395,0.797051,0.779305,0.730458,0.700131,0.593976,0.761324,0.808073,0.495010,0.598403,0.752411,0.764153,0.489551,0.590235,0.581560,0.791867,0.315177,0.703765,0.698596,0.811330,0.740086,0.587748,0.704842,0.416637,0.205149,0.891292,0.668137,0.650483,0.318684,0.271415,0.671806,0.204689,0.506307,0.742414,0.534732,0.458942,0.635749,0.375909,0.607964,0.769243,0.261337,0.710043,0.579959,0.795510,0.317292,0.644823,0.627480,0.254462,0.722211,0.635628,0.400273,0.761693,0.692142,0.342535,0.623563,0.354744,0.846137,0.706186,0.308000,0.765669,0.747161,0.719444,0.707967,0.779386,0.259654,0.678130,0.714611,0.622930,0.509182,0.768745,0.797461,0.801973,0.696658,0.802659,0.734856,0.314022,0.370548,0.822655,0.638302,0.304161,0.814276,0.659785,0.521046,0.822461,0.737064,0.538002,0.707335,0.765430,0.631129,0.679483,0.817395,0.548130,0.723073,0.649229,0.625766,0.655787,0.641721,0.626898,0.435614,0.427925,0.616820,0.383466,0.752976,0.781441,0.629335,0.571100,0.618594,0.458102,0.852314,0.756563,0.830988,0.653509,0.304647,0.589902,0.730222,0.866124,0.684230,0.776765,0.650877,0.769945,0.352911,0.527139,0.758922,0.783779,0.651570,0.476420,0.893708,0.689235,0.611429,0.734338,0.610667,0.698579,0.803009,0.665042,0.577249,0.468765,0.454962,0.497461,0.308994,0.676402,0.517755,0.759526,0.625831,0.586855,0.626245,0.784567,0.483308,0.752178,0.407043,0.521767,0.756712,0.544373
0.550282,0.580203,0.712276,0.740237,0.676535,0.653262,0.634652,0.722133,0.762968,0.700130,0.636945,0.669420,0.530963,0.652193,0.509185,0.704824,0.662997,0.567882,0.616450,0.690338,0.698209,0.604064,0.674147,0.734198,0.710031,0.725416,0.685244,0.620583,0.714225,0.533440,0.489357,0.739466,0.484934,0.519496,0.609841,0.652803,0.603620,0.644893,0.577969,0.702553,0.682898,0.460185,0.512583,0.756221,0.769691,0.777943,0.758302,0.695002,0.664280,0.676280,0.652971,0.122205,0.517226,0.475795,0.691880,0.729158,0.685532,0.725021,0.739796,0.719607,0.507758,0.755144,0.489854,0.530525,0.709783,0.626676,0.763506,0.548297,0.562955,0.424700,0.626730,0.513222,0.762581,0.749795,0.558966,0.453611,0.626933,0.657863,0.715917,0.719579,0.703145,0.718776,0.689697,0.371638,0.725654,0.682243,0.762859,0.752909,0.647559,0.667503,0.583889,0.656958,0.701247,0.663395,0.644200,0.650840,0.500270,0.563636,0.731540,0.671589,0.642906,0.731234,0.612905,0.666160,0.567636,0.650585,0.367746,0.639295,0.663669,0.742325,0.397134,0.738364,0.718200,0.646082,0.677896,0.791850,0.446387,0.786870,0.646726,0.662146,0.747883,0.796589,0.727950,0.782870,0.615596,0.660081,0.756345,0.479807,0.580246,0.711038,0.732763,0.691808,0.766598,0.673297,0.729735,0.716223,0.671508,0.642918,0.464652,0.576685,0.707364,0.510616,0.740690,0.549917,0.838764,0.557103,0.592600,0.669874,0.567346,0.798561,0.730150,0.552403,0.782156,0.773146,0.791820,0.760519,0.574105,0.600742,0.707543,0.683879,0.796019,0.759236,0.750040,0.776884,0.784469,0.502567,0.732575,0.832870,0.726917,0.689971,0.720733,0.673562,0.430470,0.656528,0.613895,0.687011,0.512716,0.751869,0.636387,0.665697,0.843908,0.750499,0.583569,0.695635,0.735804,0.000000,0.542985,0.678756,0.600675,0.729908,0.742384,0.781405,0.679910,0.731626,0.746308,0.693637,0.771437,0.652115,0.661318,0.702615,0.389304,0.362699,0.595495,0.711496,0.406499,0.627215,0.777213,0.688795,0.705037,0.533297,0.421268,0.717435,0.513907,0.661812,0.803672,0.786209,0.729431,0.449591,0.775908,0.566662,0.629357,0.725785,0.607534,0.770792,0.781195,0.684066,0.771123,0.520953,0.703398,0.772784,0.637929,0.673052,0.744071,0.769744,0.805085,0.715966,0.664102,0.892362,0.759117,0.768344,0.749250,0.712589,0.654163,0.574032,0.739737,0.571195,0.429178,0.726314,0.710821,0.718237,0.694269,0.668892,0.683220,0.849661,0.612147,0.745479,0.746768,0.715474,0.815402,0.765704,0.397470,0.599786,0.781219,0.707872,0.538942,0.740214,0.673277,0.815904,0.654611,0.800416,0.563428,0.724103,0.793626,0.773689,0.717685,0.789121,0.620294,0.677506,0.754594,0.718974,0.668907,0.710822,0.856402,0.755055,0.751420,0.743972,0.659656,0.615862,0.787681,0.617105,0.488114,0.815791,0.612998,0.808607,0.632637,0.699514,0.616305,0.781175,0.805345,0.806423,0.744113,0.702793,0.601421,0.735360,0.824092,0.736949,0.721546,0.714941,0.780508,0.745336,0.746600,0.619378,0.766881,0.687780,0.714851,0.687127,0.730817,0.763306,0.718342,0.555121,0.811680,0.635467,0.606679,0.602905,0.642192,0.410241,0.660447,0.713996,0.418296,0.681954,0.758015,0.712730,0.525604,0.760269,0.525934,0.796865,0.513660,0.728431,0.764506,0.818256,0.777906,0.473839,0.825585,0.669842,0.516409,0.661457,0.678490,0.411543,0.691730,0.868145,0.706031,0.537333,0.833128,0.663339,0.602465,0.692221,0.810297,0.628729,0.754969,0.777345,0.702390,0.700954,0.809250,0.645720,0.689811,0.771366,0.742836,0.454337,0.591665,0.599886,0.705594,0.520771,0.781013,0.769330,0.476341,0.767259,0.684222,0.761476,0.800737,0.501348,0.737937,0.768026,0.609002,0.646358,0.787408,0.691839,0.734512,0.662361,0.817804,0.693079,0.802338,0.600526,0.587044,0.697832,0.795588,0.703272,0.736733,0.721877,0.594190,0.795464,0.593952,0.652726,0.746299,0.713009,0.793225,0.682166,0.709505,0.769088,0.597982,0.723557,0.618666,0.769208,0.724039,0.750817,0.689347,0.771048,0.792729,0.698526,0.699018,0.775075,0.550954,0.719757,0.810291,0.657014,0.850043,0.681275,0.727348,0.717545,0.773890,0.513431,0.737028,0.622699,0.588851,0.625809,0.745592,0.509216,0.740233,0.753840,0.580390,0.691394,0.714896,0.661327,0.801936,0.626072,0.738102,0.856631,0.789159,0.840632,0.708620,0.707722,0.772732,0.822542,0.664786,0.480130,0.661003,0.737600,0.749216,0.502319,0.752878,0.609509,0.643207,0.800484,0.802521,0.738238,0.437159,0.636378,0.749787,0.837651,0.664826,0.759880,0.701069,0.574958,0.656183,0.829209,0.763045,0.456265,0.752070,0.737142,0.708501,0.747710,0.795275,0.508217,0.742128,0.619007,0.722769,0.852623,0.725770,0.815855,0.769713,0.791905,0.549181,0.807225,0.715453,0.703238,0.727714,0.741758,0.717487,0.822456,0.670208,0.593029,0.730266
0.550495,0.517859,0.627153,0.606292,0.562244,0.675322,0.706211,0.602095,0.727218,0.610686,0.718038,0.696685,0.293435,0.610114,0.277779,0.508343,0.524270,0.666584,0.539763,0.642877,0.568902,0.519120,0.594228,0.609389,0.588163,0.673304,0.468892,0.393198,0.514386,0.319830,0.558822,0.617171,0.371683,0.421303,0.384352,0.677840,0.527205,0.590411,0.718261,0.594331,0.430753,0.580436,0.559538,0.746302,0.775706,0.631939,0.662076,0.532339,0.460980,0.709983,0.690083,0.571958,0.299877,0.415826,0.645306,0.529937,0.441499,0.577452,0.644031,0.675056,0.170466,0.677622,0.420644,0.697511,0.645960,0.496309,0.573968,0.249865,0.549958,0.682180,0.562840,0.113950,0.754082,0.664441,0.330993,0.566031,0.610730,0.483457,0.618627,0.758211,0.834759,0.692355,0.544611,0.361160,0.570660,0.695989,0.696580,0.581525,0.385101,0.737517,0.652653,0.569174,0.611817,0.521916,0.461707,0.668878,0.546207,0.137378,0.591599,0.626274,0.541011,0.537047,0.536116,0.612391,0.393036,0.590531,0.414381,0.573280,0.480536,0.736578,0.511268,0.540827,0.766567,0.629232,0.487268,0.641288,0.466902,0.742930,0.658971,0.527240,0.537248,0.654161,0.577692,0.577858,0.523906,0.559728,0.693932,0.435369,0.571354,0.691957,0.548711,0.720514,0.722212,0.394398,0.703068,0.552426,0.435625,0.613057,0.658320,0.432351,0.735051,0.315385,0.610586,0.614031,0.660421,0.345148,0.669120,0.569983,0.673689,0.579755,0.563545,0.361382,0.590934,0.587444,0.592129,0.629150,0.620385,0.776462,0.541583,0.707895,0.798678,0.725117,0.514818,0.563651,0.688025,0.407145,0.573871,0.771811,0.585386,0.517671,0.609705,0.506663,0.440133,0.632021,0.337753,0.690963,0.516085,0.730587,0.506728,0.647831,0.656584,0.587137,0.699800,0.600274,0.609855,0.542985,0.000000,0.709018,0.721774,0.722364,0.506164,0.631648,0.432789,0.688017,0.701962,0.589299,0.618104,0.507458,0.842292,0.660147,0.368490,0.418428,0.688298,0.548148,0.538030,0.712680,0.772193,0.466728,0.518656,0.657690,0.484408,0.531355,0.333743,0.604697,0.761938,0.653407,0.582256,0.540511,0.676525,0.427963,0.491812,0.649976,0.059529,0.694465,0.645067,0.574268,0.620956,0.464828,0.500908,0.744198,0.629158,0.618413,0.551197,0.615549,0.658556,0.582941,0.714013,0.650517,0.771910,0.635069,0.567883,0.575199,0.756893,0.580501,0.564883,0.437429,0.552150,0.533028,0.772753,0.679974,0.591405,0.569135,0.687638,0.713994,0.284202,0.572998,0.766320,0.646166,0.691891,0.761612,0.407552,0.410275,0.645164,0.620657,0.585861,0.626608,0.629442,0.678934,0.521337,0.717256,0.679141,0.562085,0.710831,0.746024,0.786773,0.641432,0.576513,0.472405,0.619583,0.624818,0.552793,0.701916,0.681416,0.585454,0.601386,0.661866,0.509910,0.640052,0.633386,0.310549,0.569406,0.850330,0.535092,0.816088,0.710647,0.542811,0.445815,0.790861,0.657951,0.599208,0.625825,0.560942,0.334329,0.646695,0.741724,0.545568,0.576920,0.682196,0.748797,0.729884,0.587261,0.580943,0.580922,0.591771,0.795675,0.473074,0.540918,0.638468,0.507649,0.340811,0.690064,0.680925,0.718908,0.512963,0.741797,0.537748,0.551422,0.637806,0.533186,0.444706,0.791725,0.531505,0.480560,0.666262,0.641894,0.704161,0.378515,0.650872,0.831103,0.713605,0.613536,0.656380,0.752391,0.487433,0.499694,0.613470,0.639698,0.434782,0.627140,0.807398,0.733585,0.500610,0.695963,0.641762,0.508251,0.776365,0.739918,0.602600,0.610006,0.718232,0.731840,0.564547,0.653609,0.674731,0.737969,0.597983,0.749638,0.452587,0.437750,0.434786,0.594700,0.581903,0.628250,0.618046,0.568538,0.679803,0.389818,0.631778,0.666429,0.469479,0.566548,0.730458,0.735481,0.669122,0.697615,0.743437,0.673016,0.589074,0.673685,0.604302,0.729881,0.593200,0.522866,0.578068,0.775049,0.438474,0.635568,0.682927,0.585381,0.645299,0.763740,0.645387,0.686032,0.467594,0.665822,0.790659,0.801968,0.623039,0.803754,0.730487,0.421859,0.779926,0.675956,0.601309,0.736820,0.619252,0.673177,0.761798,0.709933,0.822184,0.729688,0.674162,0.849374,0.650742,0.639047,0.511787,0.724631,0.734970,0.590619,0.458873,0.797427,0.514138,0.684441,0.729387,0.573852,0.460132,0.722566,0.741475,0.427919,0.589648,0.666935,0.788408,0.710341,0.523139,0.544123,0.773746,0.716421,0.725823,0.545625,0.528870,0.680529,0.838607,0.731092,0.606193,0.575453,0.625731,0.629124,0.494690,0.614560,0.752970,0.596295,0.601429,0.739172,0.791863,0.718712,0.633794,0.821015,0.793707,0.615611,0.582118,0.609553,0.528618,0.475292,0.593007,0.660105,0.757575,0.660171,0.545575,0.696518,0.549136,0.442012,0.533390,0.651779,0.548774,0.613672,0.675945,0.531328,0.687990,0.641933,0.657163,0.736541,0.787261,0.523944,0.764575,0.757370,0.495590,0.611383,0.625629,0.619063,0.404396,0.597286
0.550858,0.519113,0.507460,0.541674,0.503668,0.420859,0.519701,0.468023,0.649044,0.404903,0.539732,0.398088,0.488257,0.424514,0.591035,0.498058,0.592637,0.357034,0.621734,0.643157,0.504845,0.690859,0.586053,0.548055,0.568279,0.417605,0.593042,0.592488,0.583806,0.627699,0.628803,0.422447,0.761960,0.612607,0.621468,0.515907,0.540987,0.586848,0.594244,0.484788,0.577856,0.673871,0.768789,0.682867,0.574768,0.680100,0.529836,0.664512,0.601951,0.588625,0.537009,0.638742,0.645488,0.805604,0.466817,0.700778,0.598474,0.545612,0.626442,0.554278,0.664728,0.537945,0.747365,0.518787,0.617984,0.600371,0.534332,0.676179,0.723678,0.589362,0.585620,0.618963,0.618506,0.534698,0.660863,0.673709,0.522758,0.436500,0.560642,0.629041,0.579741,0.512998,0.646939,0.768609,0.618968,0.519642,0.556747,0.527994,0.763443,0.529758,0.589103,0.503373,0.505792,0.657604,0.642722,0.471123,0.637093,0.616156,0.628207,0.578193,0.470995,0.684322,0.476990,0.497776,0.553033,0.439930,0.767267,0.455511,0.671766,0.616574,0.678704,0.621817,0.539197,0.442990,0.605610,0.609815,0.826809,0.756777,0.448544,0.633558,0.451834,0.638834,0.615555,0.688745,0.551698,0.647731,0.548235,0.621637,0.555904,0.473474,0.647524,0.385897,0.524390,0.472888,0.608834,0.528309,0.697721,0.699459,0.493153,0.564536,0.600759,0.764514,0.568293,0.522061,0.660160,0.798531,0.540905,0.618746,0.592955,0.707535,0.598312,0.653510,0.628904,0.647607,0.658005,0.557097,0.644281,0.664114,0.510807,0.490948,0.670850,0.593594,0.622482,0.572756,0.595564,0.685426,0.547247,0.666370,0.595595,0.644218,0.636393,0.695084,0.845772,0.459485,0.709146,0.420646,0.697386,0.692023,0.688326,0.684579,0.688258,0.721708,0.474840,0.593949,0.632152,0.678756,0.709018,0.000000,0.720445,0.602517,0.625641,0.553049,0.721871,0.676601,0.588749,0.616689,0.628611,0.649430,0.659405,0.643851,0.768619,0.731773,0.651353,0.580797,0.656630,0.563704,0.643717,0.639083,0.646530,0.671760,0.767797,0.669106,0.672272,0.632280,0.673729,0.621117,0.708567,0.692479,0.654624,0.828770,0.659317,0.671751,0.706125,0.578257,0.627370,0.487592,0.611862,0.825662,0.629440,0.686930,0.663304,0.648477,0.551148,0.607024,0.699981,0.641947,0.642232,0.697150,0.668551,0.635845,0.614888,0.733906,0.659933,0.726398,0.661828,0.665369,0.702716,0.626172,0.649202,0.642695,0.462650,0.542785,0.416301,0.540287,0.744557,0.669764,0.610223,0.740705,0.665975,0.678686,0.789626,0.668745,0.626993,0.566794,0.681216,0.614023,0.538738,0.679323,0.779301,0.563022,0.614029,0.567054,0.661468,0.580950,0.565729,0.617992,0.584765,0.494887,0.625072,0.574234,0.771837,0.615964,0.737519,0.587590,0.589203,0.680489,0.716864,0.669601,0.613827,0.667966,0.702083,0.722167,0.613875,0.527977,0.577172,0.588282,0.655556,0.644652,0.675570,0.607280,0.600173,0.600699,0.700902,0.634265,0.635481,0.650895,0.655871,0.705345,0.558341,0.600570,0.651187,0.580087,0.627342,0.598746,0.639107,0.805585,0.740114,0.580747,0.676871,0.716185,0.676324,0.624088,0.584053,0.601213,0.597040,0.671744,0.651970,0.642506,0.650634,0.695947,0.642482,0.807681,0.745345,0.621718,0.658719,0.674972,0.826480,0.504105,0.728160,0.698874,0.645200,0.664981,0.737291,0.749765,0.804053,0.652431,0.574877,0.844534,0.647010,0.756501,0.705755,0.749626,0.710302,0.505809,0.662768,0.637374,0.822154,0.442877,0.590415,0.804829,0.519919,0.662025,0.693758,0.657396,0.611053,0.644574,0.590784,0.800059,0.798128,0.671184,0.656271,0.775233,0.669052,0.653450,0.667009,0.577662,0.516630,0.625054,0.626896,0.771125,0.616462,0.675768,0.544019,0.535128,0.646353,0.611547,0.684402,0.708593,0.673936,0.587267,0.648744,0.445795,0.784234,0.534518,0.657972,0.729168,0.668110,0.509616,0.641042,0.627335,0.678040,0.576250,0.640788,0.727502,0.568751,0.611459,0.589135,0.629945,0.562912,0.590145,0.646255,0.718677,0.632205,0.628998,0.565680,0.699569,0.584651,0.546799,0.621350,0.666504,0.549650,0.617747,0.769232,0.531548,0.701378,0.533835,0.694545,0.640304,0.641724,0.817387,0.623785,0.686016,0.767435,0.425650,0.563284,0.836321,0.782089,0.626504,0.622845,0.658658,0.685363,0.624165,0.517058,0.575241,0.815075,0.744101,0.727982,0.620503,0.641919,0.747668,0.643784,0.776348,0.626472,0.548550,0.657304,0.733790,0.691765,0.842794,0.807154,0.683256,0.713858,0.690096,0.530938,0.602257,0.766743,0.711319,0.626159,0.741018,0.665698,0.578481,0.722552,0.830165,0.741209,0.699043,0.680820,0.639916,0.518853,0.728819,0.606916,0.688953,0.664748,0.847941,0.618056,0.707018,0.575961,0.616127,0.701703,0.689445,0.745212,0.667067,0.696171,0.691279,0.777358,0.687387,0.688456,0.657649,0.695812,0.654224,0.594249,0.716242,0.676236
0.550972,0.675674,0.789024,0.776294,0.804181,0.689420,0.622639,0.739202,0.696135,0.731577,0.648855,0.717221,0.565484,0.755546,0.639067,0.699920,0.766056,0.641563,0.771435,0.681252,0.656652,0.774391,0.701478,0.703299,0.663544,0.765253,0.753587,0.745701,0.772257,0.698273,0.520315,0.807551,0.628398,0.499878,0.739554,0.607264,0.725773,0.687841,0.616851,0.782019,0.810216,0.635241,0.646046,0.665388,0.631197,0.758567,0.777367,0.785111,0.755273,0.659920,0.776417,0.597622,0.613050,0.661714,0.786923,0.748844,0.767466,0.774237,0.804437,0.690588,0.666339,0.792369,0.618392,0.552415,0.701828,0.732231,0.817992,0.691205,0.606830,0.592984,0.655319,0.672701,0.680514,0.840519,0.611821,0.563131,0.767504,0.702436,0.853127,0.711866,0.714552,0.763519,0.809739,0.653920,0.866562,0.610535,0.827075,0.865204,0.708179,0.651648,0.640406,0.740347,0.866785,0.774233,0.693107,0.570894,0.588231,0.679456,0.797613,0.688036,0.807725,0.780992,0.799289,0.821220,0.602710,0.792102,0.612696,0.847162,0.819587,0.620517,0.554458,0.836347,0.739715,0.763744,0.832218,0.778411,0.693938,0.773421,0.670676,0.722225,0.763004,0.880511,0.847522,0.712425,0.730918,0.729133,0.813539,0.663622,0.669329,0.767071,0.903912,0.753653,0.555276,0.785344,0.768125,0.856505,0.723423,0.503268,0.631049,0.715257,0.588934,0.649644,0.833220,0.613167,0.839342,0.695793,0.778038,0.724689,0.614185,0.768673,0.887018,0.672432,0.817860,0.801802,0.690051,0.877299,0.680022,0.658734,0.758323,0.732935,0.699796,0.798512,0.826813,0.824178,0.705904,0.634220,0.866114,0.650397,0.821654,0.752805,0.710548,0.794714,0.635050,0.710793,0.675134,0.741197,0.526086,0.793343,0.822260,0.712245,0.830172,0.761732,0.659151,0.829775,0.857863,0.600675,0.721774,0.720445,0.000000,0.637212,0.849001,0.873137,0.622415,0.622183,0.744743,0.859389,0.783926,0.733032,0.611935,0.811867,0.670483,0.641549,0.538380,0.831488,0.586338,0.681832,0.789819,0.789328,0.713931,0.698560,0.673321,0.758665,0.649986,0.774019,0.883381,0.867820,0.772699,0.574327,0.829592,0.712562,0.693923,0.824142,0.707982,0.782720,0.827042,0.839569,0.872526,0.591269,0.729371,0.760290,0.619476,0.577682,0.834487,0.811079,0.790557,0.855550,0.663011,0.848165,0.864247,0.860449,0.858782,0.798494,0.757795,0.699272,0.761356,0.637243,0.706057,0.800955,0.701451,0.783740,0.741919,0.738903,0.811941,0.850615,0.688677,0.864352,0.716928,0.708123,0.829615,0.789118,0.639635,0.688388,0.862115,0.850425,0.657665,0.888566,0.769076,0.879385,0.794906,0.825735,0.587892,0.858848,0.782586,0.801774,0.735359,0.860500,0.623110,0.743415,0.919512,0.899704,0.739160,0.849942,0.742349,0.856140,0.705163,0.832660,0.653555,0.712580,0.773424,0.679165,0.600960,0.784345,0.674206,0.803810,0.752603,0.788932,0.713587,0.727931,0.775851,0.792062,0.741643,0.737166,0.717064,0.722960,0.824736,0.648070,0.695625,0.832808,0.811530,0.769546,0.852199,0.665283,0.738643,0.766779,0.732441,0.754249,0.794479,0.914544,0.792813,0.731148,0.761796,0.725269,0.588267,0.782098,0.717324,0.608614,0.715457,0.836226,0.524736,0.708594,0.739065,0.699719,0.630108,0.837111,0.654186,0.711203,0.671246,0.801510,0.778061,0.824730,0.858892,0.576813,0.779037,0.742610,0.652880,0.718157,0.807630,0.593438,0.837149,0.837003,0.722339,0.643330,0.677681,0.791681,0.657040,0.703771,0.800711,0.804880,0.788268,0.772668,0.716447,0.738761,0.750547,0.729850,0.632341,0.820150,0.734261,0.641464,0.644767,0.617002,0.739418,0.718323,0.860067,0.880862,0.542007,0.761882,0.728984,0.817572,0.872209,0.693305,0.886306,0.710320,0.619993,0.774540,0.828545,0.710069,0.886227,0.747593,0.809266,0.839350,0.796597,0.862295,0.619275,0.885139,0.655009,0.786289,0.812316,0.825043,0.567676,0.725377,0.733168,0.683967,0.797363,0.732980,0.849343,0.646710,0.797850,0.812219,0.676112,0.559114,0.743704,0.691896,0.636083,0.872761,0.799025,0.615931,0.716255,0.729641,0.622192,0.691410,0.593370,0.725322,0.803725,0.632121,0.868439,0.809459,0.642878,0.739955,0.856698,0.625723,0.772973,0.723160,0.649229,0.738072,0.756928,0.670762,0.759131,0.791233,0.628802,0.660906,0.792520,0.697413,0.751532,0.609468,0.817360,0.711632,0.692464,0.824311,0.731009,0.799880,0.861929,0.774831,0.655880,0.675036,0.703272,0.714878,0.788341,0.652371,0.837722,0.721589,0.764529,0.850585,0.699856,0.731034,0.597081,0.662175,0.768158,0.742488,0.638163,0.763565,0.781309,0.712630,0.669558,0.748490,0.900330,0.648066,0.688011,0.776936,0.515400,0.787171,0.790462,0.684123,0.812583,0.706663,0.829444,0.903814,0.737581,0.860242,0.763295,0.835761,0.682438,0.608936,0.757979,0.709537,0.748414,0.830979,0.633776,0.886051,0.804482,0.685905,0.748116
0.551320,0.582600,0.562479,0.565203,0.565679,0.417107,0.440109,0.585784,0.419460,0.469681,0.421595,0.562689,0.592010,0.569032,0.621088,0.623358,0.615980,0.630162,0.616049,0.529547,0.501221,0.717143,0.423685,0.588408,0.495110,0.640850,0.611980,0.706923,0.629235,0.654839,0.747343,0.640850,0.758137,0.682052,0.696460,0.309904,0.539551,0.462617,0.397469,0.626373,0.634735,0.684894,0.825534,0.652422,0.390773,0.689832,0.580673,0.621947,0.689492,0.404175,0.612501,0.705698,0.657589,0.796464,0.624185,0.713550,0.653223,0.562187,0.614647,0.480112,0.717280,0.634407,0.770552,0.542343,0.543641,0.642961,0.662678,0.711218,0.565829,0.665935,0.515653,0.686384,0.459969,0.644706,0.639437,0.606513,0.578280,0.586375,0.601685,0.559127,0.593437,0.594595,0.588149,0.799690,0.696887,0.383845,0.719866,0.686579,0.709978,0.508242,0.416695,0.592781,0.667030,0.607329,0.670131,0.411902,0.706105,0.676150,0.571243,0.391623,0.680614,0.647679,0.617300,0.632533,0.710352,0.600218,0.766233,0.635887,0.720981,0.430066,0.729397,0.656760,0.516993,0.419828,0.650463,0.672070,0.834398,0.584212,0.519396,0.568114,0.520518,0.684929,0.730884,0.689398,0.602685,0.707664,0.703699,0.612727,0.651383,0.558791,0.675447,0.541699,0.466970,0.547969,0.493488,0.691266,0.730962,0.581210,0.664859,0.627070,0.371914,0.763999,0.692512,0.480750,0.749141,0.822109,0.658663,0.664229,0.632753,0.707340,0.697130,0.759666,0.680819,0.666771,0.645541,0.623470,0.418715,0.595791,0.677710,0.587347,0.684901,0.659500,0.611456,0.701577,0.535202,0.648760,0.704542,0.522432,0.618754,0.657138,0.584808,0.703126,0.799270,0.550119,0.628238,0.563647,0.754704,0.660345,0.683977,0.683253,0.790616,0.713606,0.590177,0.646090,0.687936,0.729908,0.722364,0.602517,0.637212,0.000000,0.680767,0.716763,0.642145,0.479208,0.750802,0.676988,0.683276,0.628217,0.650284,0.632727,0.801537,0.787284,0.573295,0.689068,0.687672,0.507633,0.709472,0.639896,0.661365,0.716183,0.813984,0.692605,0.725820,0.709473,0.795628,0.695162,0.677058,0.792178,0.636408,0.801987,0.690797,0.699281,0.666493,0.658999,0.647613,0.666833,0.740943,0.785865,0.677910,0.582225,0.492607,0.591046,0.672067,0.693081,0.658273,0.696477,0.513596,0.707901,0.757360,0.702214,0.696350,0.694834,0.717455,0.608210,0.682384,0.739628,0.707529,0.662225,0.714096,0.628403,0.563955,0.648356,0.607762,0.695910,0.695348,0.744673,0.677252,0.669613,0.670925,0.647241,0.800819,0.714095,0.732939,0.628064,0.639272,0.671062,0.683042,0.776698,0.763405,0.599441,0.529929,0.616021,0.732314,0.547944,0.663692,0.712539,0.692777,0.668020,0.737331,0.634100,0.691988,0.682681,0.781927,0.707239,0.543955,0.706564,0.776334,0.646309,0.673251,0.718573,0.797751,0.705082,0.687152,0.595798,0.649308,0.707492,0.590787,0.635314,0.643580,0.678986,0.673372,0.633520,0.653415,0.545718,0.694909,0.536694,0.644335,0.668307,0.616139,0.595219,0.741208,0.403041,0.612080,0.681555,0.549659,0.828833,0.748040,0.711128,0.781913,0.777961,0.673466,0.627946,0.498109,0.683315,0.577565,0.767930,0.738907,0.654542,0.738209,0.688254,0.671439,0.708164,0.708810,0.679075,0.724972,0.591210,0.829167,0.546693,0.772367,0.695446,0.703621,0.737725,0.660361,0.658472,0.847755,0.533095,0.633898,0.806116,0.735248,0.681773,0.623448,0.744418,0.599633,0.642612,0.641913,0.648741,0.731246,0.605803,0.621288,0.684133,0.647093,0.763517,0.746302,0.450694,0.466196,0.703744,0.608565,0.795160,0.834195,0.655601,0.642864,0.803948,0.728297,0.773455,0.763292,0.527700,0.704756,0.710287,0.696180,0.754462,0.745320,0.652152,0.662614,0.556046,0.649862,0.554164,0.660614,0.788941,0.709121,0.778634,0.701015,0.630833,0.721590,0.706719,0.700088,0.777830,0.668141,0.635150,0.504259,0.711690,0.668726,0.450773,0.678586,0.602438,0.627260,0.596469,0.658410,0.684974,0.504087,0.515896,0.779952,0.561818,0.638583,0.724258,0.600166,0.573276,0.642991,0.656159,0.681477,0.644017,0.595818,0.728270,0.755290,0.499300,0.758948,0.704545,0.560435,0.722785,0.716647,0.773551,0.709937,0.809996,0.803675,0.662097,0.610885,0.813895,0.650624,0.698234,0.646373,0.603807,0.789247,0.537069,0.687446,0.603049,0.747535,0.693856,0.662364,0.739583,0.766989,0.665751,0.719153,0.729505,0.643360,0.575671,0.756634,0.675658,0.847139,0.809898,0.801551,0.584671,0.626967,0.759514,0.674561,0.614416,0.679494,0.701672,0.651466,0.665855,0.681496,0.747215,0.723547,0.779095,0.756669,0.612712,0.733205,0.708758,0.559725,0.683292,0.600009,0.717079,0.622314,0.834348,0.627841,0.712792,0.663480,0.670208,0.689541,0.734891,0.801246,0.712143,0.625295,0.563410,0.770759,0.606089,0.698490,0.681543,0.630216,0.769159,0.586001,0.807553,0.710569
0.552203,0.445156,0.434145,0.466887,0.411373,0.523091,0.619785,0.421589,0.619071,0.488144,0.625220,0.540749,0.540413,0.512182,0.494330,0.395940,0.274822,0.620713,0.301828,0.701387,0.531428,0.450167,0.483360,0.458265,0.446068,0.558138,0.363943,0.383891,0.272523,0.418803,0.771584,0.488294,0.585402,0.623447,0.357710,0.616417,0.495655,0.491038,0.649499,0.456923,0.333242,0.712827,0.542217,0.682104,0.725422,0.582572,0.436201,0.484955,0.332515,0.612630,0.523128,0.767408,0.542697,0.659241,0.473019,0.518895,0.316982,0.360115,0.577960,0.583051,0.527517,0.530014,0.614542,0.686647,0.573473,0.341766,0.386246,0.506655,0.613993,0.802554,0.663325,0.562561,0.641351,0.530716,0.636883,0.733943,0.524002,0.363010,0.454871,0.675879,0.836267,0.518003,0.384442,0.657445,0.374830,0.681502,0.575953,0.364139,0.582104,0.653896,0.665620,0.376693,0.485278,0.357973,0.582639,0.706400,0.756834,0.579004,0.423597,0.538681,0.425877,0.574418,0.353795,0.431522,0.651020,0.466436,0.660475,0.409616,0.368598,0.664899,0.797472,0.361830,0.610734,0.503225,0.349281,0.405055,0.733069,0.688888,0.558177,0.417297,0.446905,0.483170,0.331143,0.652606,0.462610,0.519103,0.485156,0.481384,0.604905,0.538831,0.284247,0.657672,0.628190,0.347429,0.590273,0.339900,0.595233,0.675173,0.736452,0.460727,0.701817,0.654942,0.429234,0.572545,0.508303,0.569724,0.569191,0.520297,0.803154,0.648985,0.372389,0.626869,0.310439,0.360790,0.496544,0.512756,0.504253,0.781706,0.490095,0.677557,0.774237,0.541844,0.284135,0.369305,0.674725,0.533234,0.334445,0.707071,0.348117,0.433572,0.556874,0.384638,0.670849,0.635997,0.586222,0.528215,0.781354,0.515249,0.332994,0.700839,0.672584,0.643652,0.627459,0.474892,0.408165,0.742384,0.506164,0.625641,0.849001,0.680767,0.000000,0.419182,0.663151,0.760950,0.588396,0.348665,0.374471,0.457025,0.799335,0.606722,0.641370,0.623582,0.748796,0.331524,0.826773,0.648511,0.725196,0.344315,0.524044,0.699891,0.663587,0.523556,0.572637,0.661397,0.671778,0.425094,0.508336,0.851638,0.535005,0.635205,0.672631,0.475840,0.521564,0.429746,0.487501,0.476475,0.414530,0.768069,0.468170,0.699967,0.743732,0.649226,0.363977,0.569667,0.446511,0.343633,0.678347,0.368657,0.684210,0.469013,0.327031,0.446018,0.777786,0.551579,0.433705,0.685764,0.689900,0.292515,0.778189,0.437304,0.484532,0.549253,0.661663,0.622688,0.586571,0.366325,0.741847,0.696290,0.532735,0.755816,0.720385,0.650507,0.485709,0.527425,0.804367,0.410944,0.499051,0.553434,0.632703,0.528737,0.609168,0.402527,0.501412,0.720883,0.732540,0.474268,0.651395,0.436799,0.439715,0.361524,0.710754,0.645243,0.670295,0.407948,0.552463,0.449140,0.718580,0.562126,0.362332,0.622828,0.726724,0.707758,0.745578,0.666409,0.600241,0.408456,0.575806,0.732230,0.416100,0.488531,0.429455,0.605032,0.486178,0.513196,0.620725,0.619234,0.568666,0.544195,0.444898,0.721024,0.366483,0.518627,0.346119,0.526606,0.724097,0.583374,0.599263,0.431530,0.406906,0.614794,0.495193,0.776353,0.722980,0.430923,0.742620,0.803157,0.578556,0.418526,0.754671,0.553063,0.738913,0.667230,0.752722,0.395851,0.740525,0.610169,0.712901,0.449895,0.763840,0.530955,0.425018,0.821112,0.655619,0.598778,0.710872,0.728087,0.466883,0.669792,0.427616,0.744232,0.839022,0.739422,0.642655,0.636742,0.611810,0.784477,0.826685,0.441961,0.483783,0.768135,0.771419,0.498865,0.658463,0.531956,0.690245,0.332389,0.727963,0.717533,0.708374,0.630635,0.595262,0.753219,0.505533,0.443084,0.848073,0.603805,0.598627,0.417493,0.484725,0.634577,0.373246,0.538681,0.799543,0.563445,0.559437,0.664746,0.535698,0.619401,0.673564,0.446971,0.682979,0.550067,0.789775,0.388191,0.686502,0.605152,0.459585,0.652637,0.597901,0.426863,0.781484,0.640983,0.442503,0.520205,0.366839,0.720937,0.701234,0.388034,0.716696,0.756842,0.702595,0.762017,0.780253,0.434341,0.623851,0.643200,0.634446,0.606990,0.799869,0.812616,0.743086,0.640149,0.832118,0.719294,0.428716,0.413371,0.749665,0.603768,0.445212,0.727238,0.734925,0.588234,0.853480,0.757472,0.482126,0.668763,0.736536,0.702726,0.656702,0.662423,0.662321,0.769178,0.679245,0.579519,0.631167,0.715890,0.696742,0.653142,0.453026,0.664129,0.530856,0.791531,0.702453,0.587553,0.633808,0.533004,0.580400,0.819295,0.705035,0.768144,0.658372,0.427392,0.674271,0.777577,0.834100,0.661138,0.815852,0.691837,0.707492,0.419596,0.551420,0.708872,0.711742,0.608130,0.473967,0.854323,0.675260,0.572923,0.762225,0.567819,0.612402,0.727660,0.525897,0.604256,0.507027,0.486507,0.467633,0.533512,0.675337,0.584267,0.720624,0.673294,0.625912,0.557375,0.825743,0.405337,0.654100,0.486977,0.527196,0.697377,0.533441
0.553007,0.458971,0.301496,0.484665,0.329741,0.454526,0.618293,0.294036,0.720380,0.393388,0.662885,0.496790,0.632421,0.397976,0.583649,0.307179,0.357535,0.553965,0.368830,0.764586,0.564515,0.459170,0.601224,0.370736,0.432137,0.412659,0.466326,0.289830,0.350244,0.455831,0.751034,0.453747,0.606924,0.722830,0.385016,0.654362,0.571030,0.484418,0.652301,0.325530,0.371245,0.691277,0.730552,0.679388,0.770024,0.661642,0.438277,0.501384,0.425190,0.612573,0.426281,0.752216,0.666881,0.691357,0.320540,0.670460,0.379022,0.327636,0.549157,0.579832,0.585218,0.450820,0.653055,0.651076,0.510946,0.377245,0.305359,0.515999,0.723562,0.725292,0.767396,0.632253,0.609101,0.473173,0.783079,0.807793,0.388752,0.396024,0.345656,0.604132,0.757079,0.307669,0.501520,0.684175,0.334402,0.715392,0.391511,0.263707,0.765268,0.584099,0.665417,0.317451,0.373759,0.377113,0.695417,0.733246,0.725843,0.644476,0.521989,0.639719,0.385433,0.761825,0.305345,0.350942,0.704300,0.378344,0.638937,0.338498,0.368682,0.648994,0.817687,0.373033,0.550171,0.473125,0.331245,0.340281,0.721015,0.803822,0.480503,0.422926,0.423101,0.361699,0.319035,0.756489,0.574551,0.290147,0.362240,0.560932,0.673521,0.476225,0.302972,0.583084,0.626737,0.389322,0.693631,0.265707,0.598022,0.735070,0.718071,0.541417,0.742919,0.667663,0.209021,0.722068,0.382494,0.680476,0.418078,0.697133,0.861054,0.805205,0.245450,0.664135,0.283371,0.385792,0.456886,0.415234,0.523601,0.823344,0.508598,0.604458,0.826886,0.360662,0.471103,0.280741,0.630012,0.605295,0.346462,0.757929,0.297341,0.490143,0.681548,0.456749,0.677380,0.554024,0.632956,0.464326,0.839433,0.521642,0.493676,0.652310,0.567969,0.770656,0.589535,0.457689,0.343669,0.781405,0.631648,0.553049,0.873137,0.716763,0.419182,0.000000,0.780328,0.856665,0.528296,0.330551,0.366863,0.447498,0.775350,0.577681,0.678921,0.691287,0.772847,0.288018,0.783115,0.602298,0.804033,0.473631,0.651401,0.655593,0.709931,0.545864,0.645228,0.581289,0.622658,0.335802,0.542509,0.850612,0.382858,0.609827,0.799651,0.541337,0.649526,0.305535,0.378008,0.389468,0.232355,0.775496,0.536958,0.729877,0.804107,0.693428,0.336159,0.560892,0.526034,0.434822,0.702923,0.559602,0.679115,0.341688,0.248606,0.501056,0.742641,0.679927,0.380965,0.727541,0.720587,0.309045,0.757586,0.357199,0.540009,0.594699,0.611907,0.526721,0.696879,0.410604,0.779556,0.728761,0.576554,0.781781,0.712181,0.778996,0.307082,0.504500,0.765180,0.338933,0.263132,0.483013,0.762023,0.409641,0.582531,0.364049,0.434885,0.730850,0.824274,0.306623,0.665510,0.510292,0.388783,0.286377,0.830049,0.649372,0.712858,0.301255,0.662133,0.399746,0.757992,0.506388,0.368619,0.738001,0.772975,0.681506,0.829397,0.535892,0.636883,0.373903,0.751260,0.806949,0.397985,0.468538,0.501194,0.712312,0.638155,0.523241,0.475342,0.745401,0.661570,0.535968,0.367854,0.756962,0.329388,0.578393,0.386263,0.509456,0.824222,0.647381,0.550642,0.064068,0.464566,0.732191,0.488973,0.840635,0.702219,0.456504,0.823144,0.727495,0.645799,0.324149,0.786712,0.616119,0.709330,0.712171,0.678070,0.359461,0.694986,0.591935,0.687950,0.374635,0.842068,0.472528,0.461476,0.765490,0.624215,0.687042,0.727476,0.784172,0.354807,0.689676,0.452572,0.815084,0.814226,0.713119,0.752888,0.661867,0.598190,0.795840,0.853405,0.415239,0.543251,0.826609,0.759767,0.521320,0.696928,0.527085,0.761106,0.329049,0.811044,0.709397,0.664943,0.732569,0.633475,0.716131,0.428901,0.342345,0.850408,0.726755,0.678246,0.303133,0.281714,0.646756,0.255241,0.462368,0.818921,0.544787,0.498532,0.685626,0.480734,0.691131,0.743718,0.344991,0.746819,0.527084,0.825255,0.102703,0.616072,0.693416,0.407056,0.677496,0.729070,0.411258,0.764227,0.696685,0.311727,0.662782,0.334589,0.753116,0.710370,0.266203,0.625315,0.800459,0.696233,0.718500,0.868331,0.325557,0.562695,0.764188,0.646707,0.482903,0.712617,0.855315,0.746261,0.703627,0.896553,0.728277,0.335241,0.383008,0.826578,0.748496,0.409790,0.714147,0.768558,0.630324,0.890865,0.703770,0.492022,0.726629,0.841580,0.611038,0.664631,0.821453,0.652419,0.728265,0.700292,0.713695,0.703889,0.728668,0.720660,0.520027,0.499373,0.680107,0.420279,0.760822,0.726835,0.605728,0.656378,0.662975,0.493082,0.810016,0.792712,0.836624,0.704244,0.444704,0.665778,0.772543,0.799116,0.689721,0.854529,0.738488,0.803773,0.449036,0.560777,0.689960,0.818394,0.662407,0.499556,0.834860,0.688338,0.641622,0.760116,0.685883,0.733725,0.812054,0.576716,0.659169,0.440134,0.622092,0.575055,0.393119,0.756991,0.699368,0.842879,0.682942,0.731990,0.607011,0.864396,0.425061,0.800701,0.460587,0.600178,0.780973,0.709558
0.553047,0.602564,0.713159,0.600323,0.694008,0.681923,0.702994,0.689393,0.639839,0.687743,0.687739,0.734027,0.312670,0.703831,0.373007,0.667246,0.653777,0.641235,0.672099,0.581132,0.575280,0.738150,0.606391,0.704846,0.655836,0.785476,0.495894,0.640666,0.624247,0.482655,0.638082,0.633369,0.570736,0.501285,0.539547,0.579461,0.570148,0.644060,0.704903,0.760789,0.585971,0.657595,0.670710,0.656679,0.641682,0.569829,0.715821,0.657139,0.568786,0.704599,0.740086,0.631434,0.385243,0.607650,0.731478,0.500464,0.650505,0.670785,0.660742,0.698868,0.434945,0.703411,0.532386,0.663366,0.712917,0.613460,0.733647,0.460210,0.555246,0.695067,0.539356,0.418402,0.742161,0.733995,0.200444,0.589979,0.735057,0.554832,0.737228,0.808131,0.800437,0.853974,0.559795,0.599383,0.728616,0.646399,0.819261,0.709135,0.407809,0.751251,0.598175,0.696753,0.790481,0.659813,0.512413,0.604377,0.605947,0.374993,0.621663,0.622082,0.627879,0.464247,0.721431,0.778478,0.461358,0.733204,0.614822,0.724761,0.637175,0.680144,0.622286,0.646878,0.764865,0.711648,0.674142,0.755224,0.670787,0.632848,0.733872,0.677785,0.690792,0.749979,0.739039,0.581274,0.577952,0.676040,0.796018,0.515535,0.609594,0.692354,0.743556,0.745624,0.681100,0.631314,0.655871,0.710446,0.477899,0.582350,0.655713,0.491791,0.577507,0.517471,0.798550,0.615189,0.784714,0.549026,0.791046,0.488765,0.668879,0.493964,0.743527,0.473106,0.747397,0.755394,0.660758,0.733498,0.733525,0.718629,0.593808,0.619394,0.714592,0.804547,0.624318,0.750977,0.760319,0.478630,0.681357,0.600875,0.718257,0.618083,0.561868,0.643093,0.598399,0.754394,0.421945,0.727884,0.516354,0.757981,0.655773,0.683504,0.773158,0.492997,0.746735,0.666705,0.800095,0.679910,0.432789,0.721871,0.622415,0.642145,0.663151,0.780328,0.000000,0.605216,0.682782,0.740254,0.785193,0.573570,0.738903,0.686288,0.593672,0.615210,0.664316,0.728698,0.547346,0.713193,0.733161,0.584702,0.525062,0.686870,0.629438,0.541195,0.481586,0.550671,0.783868,0.782750,0.604391,0.655685,0.763104,0.609289,0.434734,0.693490,0.391191,0.803427,0.803888,0.678666,0.773563,0.530588,0.621967,0.709344,0.565504,0.618762,0.726671,0.694853,0.684004,0.706710,0.657016,0.711832,0.735437,0.750944,0.742523,0.657048,0.768092,0.640466,0.733221,0.447884,0.684352,0.714972,0.740021,0.806821,0.603608,0.582574,0.694812,0.721437,0.343369,0.744312,0.692459,0.635780,0.738366,0.697710,0.569929,0.479906,0.805508,0.748413,0.596990,0.820717,0.774127,0.825249,0.496795,0.775598,0.753101,0.723491,0.823126,0.725767,0.682749,0.751369,0.622873,0.578738,0.763805,0.803948,0.547609,0.812886,0.562017,0.768127,0.641677,0.854660,0.463298,0.792824,0.713109,0.368436,0.703348,0.823764,0.467834,0.735869,0.745291,0.746648,0.404681,0.702082,0.726737,0.749396,0.710382,0.533171,0.481801,0.787195,0.775764,0.380389,0.598013,0.758486,0.754341,0.713171,0.776831,0.620110,0.658453,0.688002,0.728989,0.611695,0.643212,0.807996,0.648445,0.463260,0.720361,0.669267,0.702916,0.683535,0.712023,0.630525,0.566330,0.838939,0.636506,0.525377,0.700491,0.595289,0.575580,0.834367,0.702628,0.754503,0.624454,0.748988,0.845641,0.842101,0.689915,0.624222,0.713247,0.591364,0.642864,0.635662,0.853828,0.667616,0.750286,0.664218,0.706699,0.671954,0.669052,0.671253,0.687045,0.697157,0.682773,0.734410,0.613861,0.705025,0.725850,0.678051,0.679155,0.769230,0.691812,0.759176,0.664361,0.638084,0.637912,0.482516,0.669509,0.717420,0.744151,0.770617,0.650879,0.730679,0.567718,0.779994,0.804065,0.603634,0.770139,0.772819,0.634362,0.750630,0.747981,0.736638,0.782902,0.684915,0.665305,0.747879,0.670564,0.706253,0.548068,0.777384,0.820809,0.527404,0.806941,0.683961,0.665862,0.755693,0.784074,0.612274,0.770128,0.572493,0.785221,0.696412,0.803130,0.744692,0.816583,0.666462,0.490803,0.754948,0.533851,0.767356,0.724150,0.615358,0.615447,0.857520,0.678074,0.735308,0.681337,0.632862,0.779771,0.545780,0.808637,0.641544,0.608250,0.683453,0.668802,0.637390,0.739537,0.557640,0.692030,0.753828,0.612702,0.645101,0.707535,0.856503,0.473885,0.570515,0.696484,0.675471,0.682086,0.587741,0.563439,0.655515,0.724425,0.795371,0.701664,0.583986,0.768930,0.777514,0.777947,0.676180,0.559058,0.599020,0.765620,0.582906,0.559407,0.701781,0.659708,0.708025,0.724543,0.769216,0.668019,0.726774,0.771434,0.782112,0.568541,0.707645,0.700824,0.619279,0.408056,0.603527,0.804199,0.626666,0.545730,0.629588,0.760683,0.535244,0.575002,0.676980,0.679309,0.583831,0.726974,0.711135,0.609438,0.779234,0.579903,0.669944,0.742668,0.755205,0.583592,0.804151,0.770185,0.649041,0.494193,0.734103,0.623881,0.408831,0.592262
0.553662,0.635460,0.678896,0.617402,0.719632,0.564489,0.449709,0.720740,0.380277,0.637382,0.462168,0.666374,0.560762,0.690304,0.571130,0.688468,0.733664,0.665629,0.701256,0.470258,0.539062,0.811836,0.436891,0.679176,0.515665,0.737773,0.647934,0.795291,0.732521,0.644152,0.698549,0.709429,0.741125,0.580863,0.752205,0.435577,0.562047,0.601113,0.541311,0.746988,0.716856,0.692393,0.756243,0.606799,0.476409,0.666707,0.663266,0.666230,0.726176,0.514313,0.657120,0.717570,0.583323,0.738503,0.739260,0.712274,0.793629,0.693561,0.668160,0.560299,0.684397,0.739892,0.724083,0.545569,0.673914,0.694057,0.795179,0.674318,0.578335,0.684862,0.488080,0.643250,0.497940,0.697136,0.592954,0.562570,0.656378,0.693029,0.760661,0.529002,0.601082,0.729339,0.698899,0.772716,0.794727,0.533568,0.820579,0.847637,0.651921,0.596759,0.515125,0.739260,0.807483,0.666650,0.709484,0.566368,0.732922,0.652183,0.711996,0.497515,0.728072,0.565003,0.744422,0.698910,0.661544,0.759324,0.753618,0.752969,0.783307,0.408586,0.686229,0.776181,0.561735,0.624273,0.754971,0.821759,0.814050,0.576798,0.606450,0.585024,0.644221,0.794050,0.838781,0.575461,0.632944,0.721575,0.729417,0.630386,0.681476,0.708249,0.792127,0.653076,0.495255,0.627633,0.536364,0.833953,0.729271,0.639207,0.664362,0.599017,0.455944,0.724217,0.835511,0.493753,0.840821,0.733681,0.748370,0.707773,0.621881,0.597955,0.839889,0.704117,0.827771,0.754271,0.630456,0.709269,0.596598,0.528947,0.679483,0.676494,0.589255,0.784823,0.637640,0.804100,0.586033,0.621418,0.782147,0.526794,0.772445,0.749340,0.621407,0.746955,0.800248,0.648182,0.521199,0.673350,0.655230,0.815306,0.750790,0.735107,0.867286,0.645234,0.601766,0.700658,0.805014,0.731626,0.688017,0.676601,0.622183,0.479208,0.760950,0.856665,0.605216,0.000000,0.781607,0.759542,0.789064,0.701125,0.632670,0.674027,0.774327,0.712078,0.497129,0.790282,0.673158,0.629931,0.658948,0.635691,0.706715,0.738264,0.766611,0.725812,0.696630,0.755516,0.787925,0.826953,0.723395,0.706075,0.764757,0.786309,0.617353,0.809092,0.644916,0.750613,0.762343,0.754266,0.878670,0.737833,0.785608,0.558655,0.260430,0.639097,0.802662,0.813719,0.771466,0.696386,0.499272,0.692325,0.779276,0.779532,0.859757,0.702723,0.714776,0.653114,0.711846,0.662340,0.751559,0.791328,0.687577,0.786649,0.589425,0.721419,0.617362,0.748691,0.642201,0.787650,0.576731,0.604980,0.744275,0.708461,0.735313,0.689699,0.803344,0.689200,0.637858,0.779852,0.791056,0.912120,0.705706,0.700443,0.631452,0.706259,0.842689,0.634960,0.642999,0.807960,0.519878,0.715733,0.878486,0.822728,0.635641,0.776024,0.726416,0.843619,0.567308,0.798099,0.741588,0.745803,0.808120,0.635252,0.726682,0.703620,0.692895,0.711389,0.623060,0.763166,0.541786,0.577739,0.784386,0.778273,0.729987,0.521873,0.638192,0.621976,0.768561,0.500831,0.632039,0.756810,0.733798,0.621018,0.836272,0.555791,0.731218,0.664474,0.634019,0.754932,0.793508,0.826820,0.808234,0.702030,0.726232,0.605484,0.665312,0.692316,0.647447,0.787682,0.701552,0.768214,0.643922,0.603057,0.770396,0.747450,0.663532,0.832662,0.761433,0.612233,0.745857,0.717273,0.688933,0.820322,0.792808,0.695986,0.704352,0.719034,0.804740,0.626979,0.768899,0.794150,0.808300,0.562874,0.680869,0.753829,0.393086,0.707501,0.665614,0.641476,0.709116,0.714155,0.594183,0.687992,0.709696,0.789797,0.788989,0.640171,0.565893,0.821862,0.564166,0.764964,0.737794,0.584614,0.703112,0.807335,0.840999,0.858785,0.730857,0.504176,0.668758,0.852348,0.851742,0.717640,0.862891,0.706737,0.624016,0.611965,0.762586,0.643861,0.787790,0.671656,0.658077,0.863194,0.721269,0.675256,0.569234,0.822323,0.682390,0.724738,0.789220,0.699458,0.564472,0.809312,0.727044,0.494350,0.748972,0.584290,0.787379,0.537009,0.764871,0.781054,0.634776,0.511882,0.703530,0.653252,0.513248,0.812814,0.738136,0.408154,0.498331,0.773108,0.699926,0.580610,0.616370,0.595959,0.698102,0.472677,0.826489,0.772878,0.252909,0.750232,0.818736,0.717635,0.748622,0.731381,0.779171,0.670228,0.697456,0.770217,0.653315,0.741758,0.675756,0.533647,0.781396,0.578864,0.730996,0.488180,0.759133,0.590143,0.657698,0.795140,0.785135,0.690377,0.870862,0.786275,0.591486,0.659295,0.747366,0.663149,0.822279,0.707893,0.660566,0.574949,0.584102,0.800283,0.708106,0.631775,0.715547,0.736626,0.631310,0.653389,0.635206,0.798273,0.758568,0.725263,0.689545,0.636529,0.857803,0.682239,0.590047,0.625433,0.635889,0.765916,0.588885,0.785972,0.723367,0.555568,0.749693,0.759521,0.702443,0.853492,0.722686,0.677353,0.543427,0.664434,0.689773,0.765145,0.693086,0.685434,0.499369,0.883019,0.614271,0.685200,0.691502
0.553783,0.533216,0.461490,0.649692,0.488658,0.571496,0.685248,0.504105,0.730433,0.486827,0.691782,0.515116,0.605631,0.539488,0.593273,0.543858,0.559983,0.511042,0.535140,0.697522,0.578682,0.628032,0.670023,0.532440,0.559022,0.513750,0.476682,0.543024,0.527715,0.606980,0.670316,0.461793,0.697043,0.664512,0.648936,0.691518,0.613614,0.560402,0.664650,0.503790,0.542134,0.696881,0.736790,0.664648,0.715390,0.591788,0.477937,0.625006,0.473126,0.702950,0.567348,0.695550,0.694097,0.760445,0.451955,0.524074,0.526118,0.533073,0.549429,0.637373,0.648170,0.545881,0.724248,0.664818,0.586131,0.559650,0.430811,0.632778,0.638137,0.659149,0.733760,0.673514,0.654251,0.436805,0.711646,0.715821,0.640984,0.499399,0.572187,0.611760,0.752454,0.516277,0.565391,0.755981,0.565482,0.698421,0.483564,0.468934,0.712404,0.641922,0.654829,0.524471,0.479917,0.564719,0.771194,0.647645,0.715980,0.673148,0.663200,0.640670,0.420536,0.593794,0.501752,0.537967,0.699138,0.465772,0.717490,0.453707,0.649941,0.680532,0.770282,0.542940,0.666656,0.633843,0.500459,0.588012,0.760869,0.686392,0.630820,0.552489,0.573002,0.564619,0.464268,0.716418,0.667276,0.619386,0.481142,0.683058,0.545277,0.678871,0.495015,0.579692,0.596378,0.540411,0.686207,0.474458,0.621499,0.640591,0.656534,0.674853,0.703105,0.797517,0.530372,0.647984,0.514765,0.801290,0.556140,0.618680,0.741174,0.558005,0.579682,0.697063,0.538769,0.511136,0.573058,0.620784,0.656995,0.764050,0.508893,0.601666,0.732025,0.553440,0.654954,0.584630,0.751912,0.741370,0.496618,0.749168,0.551448,0.696604,0.681460,0.582296,0.748383,0.680419,0.692366,0.610278,0.715060,0.668939,0.635961,0.668635,0.687056,0.647551,0.601729,0.589032,0.493877,0.746308,0.701962,0.588749,0.744743,0.750802,0.588396,0.528296,0.682782,0.781607,0.000000,0.510947,0.552054,0.631499,0.686907,0.637560,0.741709,0.752566,0.707173,0.604677,0.724618,0.706017,0.691747,0.650251,0.558133,0.645173,0.750198,0.739721,0.630545,0.731192,0.488627,0.606797,0.731054,0.792474,0.550133,0.736705,0.635481,0.680492,0.712661,0.560560,0.545657,0.588341,0.552290,0.686862,0.663975,0.698510,0.760172,0.530775,0.424682,0.568574,0.632164,0.635327,0.702587,0.738150,0.487952,0.526151,0.530083,0.691022,0.699995,0.622760,0.576636,0.687639,0.709407,0.577825,0.708193,0.586361,0.571710,0.615160,0.550756,0.615847,0.744821,0.558088,0.725299,0.641755,0.628827,0.626640,0.702482,0.726712,0.510550,0.479513,0.648787,0.500652,0.525419,0.669022,0.591012,0.523341,0.676215,0.595377,0.620414,0.718005,0.692977,0.494691,0.705914,0.510504,0.509047,0.511052,0.732391,0.720391,0.607477,0.587225,0.624975,0.541452,0.679624,0.634360,0.566682,0.677794,0.648170,0.682695,0.725381,0.596076,0.697806,0.602330,0.716881,0.696916,0.640115,0.648437,0.556748,0.676837,0.681995,0.644760,0.682578,0.688933,0.565648,0.411700,0.628672,0.783867,0.576807,0.670452,0.567016,0.622001,0.724518,0.778750,0.547220,0.514073,0.620234,0.717443,0.691278,0.665086,0.695658,0.603291,0.669303,0.749649,0.601350,0.544574,0.763573,0.590884,0.717504,0.719154,0.733764,0.540564,0.585650,0.659025,0.793160,0.619321,0.707513,0.613813,0.548133,0.773483,0.707529,0.626183,0.775043,0.705718,0.553696,0.722980,0.602531,0.790623,0.738069,0.761888,0.726189,0.576820,0.715221,0.722680,0.723516,0.573298,0.672296,0.715986,0.623787,0.601625,0.694182,0.699278,0.726528,0.586716,0.759502,0.705352,0.780041,0.750399,0.681863,0.702309,0.637751,0.508392,0.761047,0.754053,0.669588,0.545210,0.550354,0.712794,0.580527,0.518958,0.625674,0.619997,0.585142,0.743507,0.710596,0.603174,0.637588,0.476685,0.685383,0.535565,0.758458,0.570837,0.641542,0.621516,0.454247,0.587623,0.667086,0.509884,0.786919,0.689622,0.588634,0.726748,0.589545,0.758652,0.617688,0.559229,0.725392,0.688468,0.667814,0.699583,0.700410,0.489137,0.688126,0.717839,0.587908,0.635361,0.619249,0.841867,0.733441,0.634431,0.795033,0.687041,0.500217,0.407604,0.752660,0.649597,0.522151,0.817464,0.761457,0.645737,0.720430,0.687164,0.657096,0.784874,0.720585,0.656534,0.761501,0.696286,0.618775,0.747706,0.533201,0.679984,0.742883,0.776394,0.732371,0.618571,0.577380,0.728395,0.515479,0.679838,0.724462,0.644844,0.676159,0.547768,0.698338,0.808506,0.665195,0.754812,0.639398,0.592259,0.514582,0.754130,0.807584,0.666484,0.803391,0.722571,0.683128,0.516943,0.687265,0.717625,0.663157,0.739039,0.646560,0.795685,0.598963,0.746065,0.775708,0.588782,0.700245,0.778863,0.571173,0.705033,0.618414,0.628552,0.736693,0.631040,0.575554,0.640670,0.782810,0.621231,0.668777,0.680659,0.761055,0.636741,0.684295,0.469610,0.729530,0.686863,0.614139
0.553921,0.446804,0.323472,0.520734,0.301388,0.464965,0.578791,0.354535,0.537016,0.414506,0.603439,0.490430,0.612148,0.424443,0.540559,0.372701,0.218285,0.619582,0.192177,0.755121,0.447295,0.352582,0.389536,0.395102,0.346837,0.423922,0.416858,0.333979,0.297510,0.383981,0.668730,0.410684,0.585211,0.654298,0.299918,0.616226,0.442336,0.422238,0.575678,0.344864,0.273986,0.629019,0.637628,0.618554,0.673757,0.580769,0.377264,0.355496,0.334575,0.537267,0.433667,0.706599,0.610045,0.688199,0.333419,0.495403,0.306037,0.350494,0.538187,0.480197,0.554902,0.468834,0.624705,0.692969,0.415343,0.238456,0.299438,0.511535,0.576204,0.672181,0.635589,0.617001,0.519835,0.435929,0.692591,0.699365,0.401008,0.354106,0.322120,0.559714,0.738284,0.360217,0.407032,0.662694,0.273110,0.681323,0.453264,0.256756,0.678516,0.555922,0.634238,0.316040,0.425147,0.225605,0.645882,0.688218,0.750390,0.612621,0.509006,0.511166,0.324775,0.652288,0.279735,0.346947,0.673490,0.349839,0.629885,0.326684,0.273558,0.568120,0.800999,0.317489,0.528790,0.444479,0.281928,0.407236,0.725005,0.720164,0.472955,0.311488,0.378166,0.316168,0.281076,0.618823,0.386883,0.390599,0.382275,0.382209,0.626830,0.458139,0.220011,0.668757,0.612767,0.313625,0.475582,0.219950,0.580663,0.657177,0.735684,0.412592,0.659586,0.638492,0.267661,0.608049,0.413185,0.582934,0.415098,0.580947,0.831916,0.745343,0.226430,0.612798,0.310184,0.266114,0.481866,0.287288,0.476501,0.769236,0.470483,0.656256,0.760404,0.364522,0.436461,0.259951,0.533346,0.494248,0.261239,0.643353,0.323566,0.385071,0.616407,0.382629,0.692552,0.605099,0.570992,0.534248,0.830306,0.458876,0.403847,0.697462,0.553423,0.725397,0.611785,0.352909,0.261280,0.693637,0.589299,0.616689,0.859389,0.676988,0.348665,0.330551,0.740254,0.759542,0.510947,0.000000,0.341135,0.337794,0.768508,0.401906,0.637378,0.647631,0.679733,0.244692,0.806230,0.584465,0.743968,0.427746,0.520163,0.620602,0.674373,0.468155,0.578428,0.654741,0.619837,0.250070,0.434488,0.894101,0.317835,0.574888,0.737566,0.495693,0.632626,0.399305,0.324711,0.310976,0.255227,0.766906,0.490800,0.613485,0.758442,0.610031,0.310569,0.557028,0.500920,0.340840,0.624824,0.584941,0.612931,0.344924,0.239410,0.343586,0.589791,0.485263,0.437871,0.678419,0.612841,0.325450,0.607031,0.449182,0.447960,0.550655,0.633838,0.634491,0.625098,0.311952,0.705276,0.654026,0.488344,0.665530,0.701038,0.771148,0.336943,0.437476,0.746953,0.241430,0.338797,0.455980,0.675199,0.378429,0.501359,0.245268,0.471410,0.707436,0.784734,0.325511,0.651239,0.416925,0.278078,0.219726,0.783489,0.530598,0.676305,0.249408,0.512923,0.355137,0.718580,0.456644,0.389322,0.685644,0.669535,0.735730,0.801881,0.540239,0.536438,0.381734,0.632007,0.744934,0.442882,0.434321,0.395192,0.554038,0.543689,0.454616,0.386334,0.664379,0.560561,0.423996,0.347532,0.717750,0.325171,0.541499,0.364298,0.421180,0.698276,0.595877,0.529987,0.300728,0.315713,0.695116,0.393107,0.768653,0.725904,0.317930,0.734487,0.759268,0.534063,0.368414,0.772125,0.521432,0.625984,0.655119,0.683073,0.275609,0.656611,0.521781,0.695901,0.397309,0.764574,0.422790,0.359582,0.814055,0.548184,0.624095,0.723592,0.765907,0.348302,0.649207,0.306779,0.844039,0.873294,0.711677,0.663443,0.660870,0.555309,0.755613,0.796641,0.453050,0.493392,0.748453,0.770911,0.504898,0.591406,0.470110,0.701407,0.348084,0.736402,0.680200,0.711727,0.676330,0.601774,0.666922,0.362383,0.316746,0.849154,0.603234,0.673922,0.297945,0.285887,0.638645,0.233627,0.507468,0.729797,0.494234,0.435625,0.593948,0.395013,0.566268,0.697685,0.313289,0.661010,0.530156,0.768660,0.311966,0.667070,0.619176,0.342588,0.666162,0.590873,0.424566,0.709545,0.619432,0.259029,0.507621,0.304388,0.730700,0.666993,0.309202,0.701392,0.731281,0.700982,0.729952,0.689777,0.313688,0.553719,0.607116,0.555316,0.538664,0.772186,0.841476,0.776013,0.598838,0.857143,0.643061,0.315016,0.364294,0.776712,0.575571,0.327746,0.778746,0.676932,0.575524,0.867886,0.710936,0.424754,0.679460,0.744679,0.598702,0.620792,0.721981,0.530705,0.744093,0.692733,0.589470,0.648581,0.636217,0.570568,0.453741,0.474820,0.635622,0.355630,0.618649,0.639712,0.630745,0.608919,0.544589,0.440238,0.804923,0.742204,0.766050,0.657524,0.343685,0.602894,0.753423,0.804374,0.705342,0.817498,0.596244,0.717703,0.385554,0.506276,0.710686,0.769608,0.631075,0.388783,0.841383,0.643943,0.630553,0.659346,0.598884,0.607415,0.739210,0.554676,0.548036,0.385505,0.466092,0.417382,0.365457,0.712545,0.613593,0.711251,0.653604,0.598503,0.502537,0.778782,0.389199,0.732079,0.403723,0.430599,0.729489,0.480669
0.554121,0.533301,0.392136,0.596530,0.384174,0.530807,0.577518,0.254009,0.625501,0.496595,0.609676,0.526064,0.612616,0.447935,0.553226,0.219443,0.285530,0.571323,0.306594,0.767073,0.487060,0.373311,0.506259,0.347136,0.433312,0.516411,0.495688,0.319906,0.305004,0.492032,0.633378,0.475258,0.581401,0.633672,0.423051,0.646330,0.594154,0.427700,0.623177,0.407008,0.323782,0.679589,0.548404,0.691061,0.740520,0.674323,0.366826,0.490274,0.393737,0.600464,0.453394,0.771844,0.653181,0.651961,0.447728,0.556258,0.379727,0.279633,0.633052,0.600044,0.592891,0.502850,0.633924,0.612231,0.497958,0.367939,0.315620,0.552479,0.602895,0.717124,0.743161,0.642254,0.576661,0.480003,0.755568,0.705201,0.479257,0.325566,0.394769,0.591046,0.755267,0.377370,0.452547,0.653126,0.316846,0.664358,0.508232,0.318880,0.714097,0.558518,0.636410,0.266893,0.434081,0.352919,0.751538,0.664331,0.747515,0.643773,0.561580,0.581047,0.412342,0.726998,0.336745,0.372130,0.666124,0.437949,0.630246,0.424015,0.385615,0.572827,0.786263,0.322836,0.544292,0.542502,0.299986,0.305040,0.725954,0.758431,0.500725,0.394913,0.454188,0.393027,0.289121,0.687553,0.467600,0.439595,0.432566,0.505001,0.583201,0.469057,0.285325,0.657156,0.476230,0.392557,0.659790,0.318102,0.518591,0.610469,0.646213,0.515894,0.659003,0.678249,0.295651,0.628717,0.422667,0.674657,0.436804,0.629372,0.848507,0.768091,0.313360,0.661368,0.167197,0.300978,0.454648,0.483168,0.466458,0.800039,0.479342,0.658090,0.801227,0.480901,0.516930,0.325788,0.593399,0.600874,0.355126,0.778543,0.286446,0.521281,0.654353,0.385199,0.649241,0.568290,0.650915,0.561388,0.799069,0.495603,0.459813,0.667438,0.587889,0.783495,0.555111,0.442278,0.388187,0.771437,0.618104,0.628611,0.783926,0.683276,0.374471,0.366863,0.785193,0.789064,0.552054,0.341135,0.000000,0.428485,0.837370,0.543452,0.648518,0.652901,0.732153,0.347690,0.790251,0.598186,0.766813,0.503685,0.577951,0.666038,0.649647,0.580294,0.644274,0.618358,0.664027,0.351558,0.527571,0.822633,0.498851,0.579306,0.777079,0.534247,0.668736,0.274729,0.414567,0.483072,0.346218,0.802172,0.468229,0.666566,0.758114,0.629787,0.316058,0.610766,0.486890,0.445706,0.578555,0.613500,0.741253,0.392326,0.255004,0.474349,0.747430,0.559564,0.380152,0.677429,0.669975,0.247949,0.709998,0.311637,0.495189,0.597852,0.654594,0.615253,0.696453,0.359806,0.772989,0.636977,0.600253,0.731856,0.722436,0.785157,0.386744,0.503803,0.810291,0.308017,0.386971,0.511712,0.727756,0.465128,0.531881,0.392183,0.423751,0.751511,0.805403,0.423900,0.667224,0.455086,0.467957,0.344728,0.812943,0.596725,0.696101,0.357251,0.585487,0.307889,0.710583,0.425962,0.257490,0.742925,0.630078,0.739185,0.839330,0.615298,0.526575,0.241312,0.679988,0.809964,0.358000,0.390218,0.406999,0.673830,0.557105,0.471611,0.603084,0.690837,0.598970,0.554867,0.364583,0.787592,0.351378,0.507661,0.276147,0.595069,0.758664,0.631528,0.514403,0.385126,0.367739,0.736229,0.507268,0.818556,0.622971,0.527615,0.760273,0.825045,0.530687,0.289110,0.721636,0.572793,0.727836,0.662116,0.740860,0.322232,0.571026,0.538059,0.707440,0.390164,0.757623,0.486533,0.462170,0.814121,0.668596,0.633692,0.716298,0.790187,0.377107,0.663078,0.403086,0.874050,0.817640,0.746501,0.664512,0.649711,0.576082,0.789058,0.860198,0.505030,0.600815,0.825886,0.775708,0.418639,0.623911,0.486789,0.689045,0.191179,0.759573,0.610389,0.702421,0.723959,0.660686,0.743955,0.511914,0.373889,0.797010,0.678790,0.724513,0.322568,0.400698,0.685976,0.341440,0.365222,0.675769,0.499014,0.489072,0.646572,0.522032,0.624250,0.793559,0.391858,0.717466,0.563222,0.796730,0.365882,0.457084,0.589121,0.405306,0.677461,0.517380,0.290085,0.789818,0.581903,0.402218,0.479779,0.300231,0.754334,0.667244,0.344422,0.705377,0.659055,0.714474,0.803178,0.772123,0.379338,0.610657,0.649254,0.615526,0.539340,0.738107,0.863461,0.749625,0.667634,0.835942,0.747378,0.308167,0.347843,0.806627,0.587745,0.391350,0.792982,0.719448,0.672490,0.866654,0.814853,0.440507,0.680558,0.793146,0.703358,0.716197,0.783175,0.585790,0.830193,0.600977,0.595795,0.756681,0.709722,0.671005,0.595591,0.403554,0.768897,0.522675,0.754861,0.606209,0.539469,0.654648,0.618200,0.583540,0.805987,0.746217,0.860716,0.757363,0.392289,0.641452,0.754766,0.825648,0.635358,0.816348,0.605450,0.799624,0.346144,0.595690,0.740694,0.751008,0.619882,0.482512,0.822661,0.721335,0.668086,0.558907,0.596421,0.716256,0.747782,0.580030,0.631915,0.480493,0.594714,0.498788,0.519967,0.717771,0.677168,0.778408,0.569553,0.703213,0.430122,0.787056,0.434475,0.798774,0.490217,0.636372,0.713361,0.574150
0.554718,0.479427,0.482790,0.579109,0.437136,0.551864,0.627133,0.487452,0.583915,0.504533,0.651377,0.559382,0.446968,0.559998,0.421826,0.406750,0.350700,0.608049,0.336535,0.750759,0.423965,0.476704,0.425228,0.482479,0.440889,0.574407,0.378308,0.389588,0.422257,0.368524,0.580319,0.435247,0.529444,0.540862,0.277842,0.587861,0.460054,0.449457,0.628402,0.465919,0.357738,0.633092,0.620349,0.668125,0.706577,0.622832,0.456644,0.468112,0.438501,0.636107,0.539524,0.637768,0.526653,0.609977,0.501838,0.528233,0.434987,0.446100,0.577184,0.591635,0.484016,0.595546,0.529901,0.622796,0.541283,0.263346,0.438976,0.456518,0.568298,0.598063,0.578892,0.491725,0.587504,0.622457,0.552342,0.610068,0.543422,0.407787,0.489044,0.651299,0.715114,0.547078,0.473245,0.584237,0.377927,0.653010,0.602136,0.400551,0.652155,0.633853,0.577792,0.436659,0.553449,0.310488,0.581718,0.644751,0.639666,0.496694,0.520648,0.560750,0.375099,0.608262,0.418638,0.521872,0.553763,0.467333,0.529778,0.463662,0.328782,0.629893,0.679479,0.389157,0.637374,0.520680,0.401286,0.496026,0.680023,0.733650,0.555680,0.408966,0.514180,0.461890,0.437365,0.592613,0.417056,0.334077,0.524520,0.333471,0.577283,0.558685,0.420097,0.699220,0.556024,0.417073,0.600105,0.364877,0.534920,0.582734,0.565313,0.372405,0.596891,0.467546,0.493673,0.618031,0.556316,0.485509,0.513259,0.571341,0.731605,0.698863,0.397498,0.496785,0.403289,0.415658,0.508877,0.439160,0.577832,0.705598,0.454420,0.637395,0.740545,0.571266,0.449325,0.391534,0.587248,0.370482,0.372523,0.688572,0.410683,0.392640,0.491344,0.449772,0.621633,0.650376,0.475881,0.569506,0.656079,0.474590,0.427503,0.671238,0.626245,0.709420,0.661396,0.462870,0.442346,0.652115,0.507458,0.649430,0.733032,0.628217,0.457025,0.447498,0.573570,0.701125,0.631499,0.337794,0.428485,0.000000,0.769977,0.525484,0.554665,0.564218,0.599115,0.345754,0.675352,0.607632,0.746718,0.364759,0.444502,0.651531,0.589881,0.415351,0.482230,0.613846,0.738074,0.422989,0.417163,0.757602,0.516768,0.501569,0.643802,0.560117,0.539838,0.397118,0.513279,0.426839,0.470999,0.647237,0.452337,0.606084,0.653638,0.610169,0.438995,0.567234,0.594646,0.368332,0.651068,0.625682,0.755608,0.498391,0.423651,0.365138,0.647266,0.539853,0.467445,0.537575,0.628950,0.425015,0.639788,0.575599,0.423299,0.491236,0.697588,0.683848,0.517852,0.430414,0.663281,0.627215,0.576020,0.763998,0.598972,0.660964,0.519894,0.607123,0.604540,0.484946,0.496833,0.538034,0.655333,0.452760,0.610630,0.357917,0.568873,0.677902,0.750910,0.517237,0.646279,0.369506,0.467987,0.443345,0.693026,0.660573,0.696038,0.419197,0.574157,0.542948,0.632259,0.546343,0.407391,0.539273,0.565390,0.853066,0.665695,0.610114,0.612830,0.354975,0.530190,0.763685,0.566311,0.506797,0.437129,0.516224,0.459006,0.511112,0.533246,0.598170,0.564239,0.651511,0.316966,0.661839,0.409632,0.559048,0.358753,0.565182,0.666541,0.500897,0.552153,0.440153,0.403090,0.589851,0.442403,0.759218,0.688066,0.460416,0.734082,0.704494,0.476740,0.512844,0.662311,0.469923,0.705552,0.574962,0.510602,0.506232,0.602171,0.597176,0.576885,0.491512,0.840857,0.571556,0.514361,0.698605,0.624146,0.558431,0.681182,0.734115,0.508078,0.574437,0.417142,0.813623,0.715617,0.606992,0.632936,0.674830,0.441302,0.720874,0.831118,0.493413,0.491679,0.779887,0.692981,0.497304,0.611502,0.614106,0.745510,0.418040,0.702612,0.595921,0.623571,0.622714,0.575812,0.717253,0.538409,0.470078,0.705982,0.621616,0.612857,0.402227,0.479389,0.500530,0.424293,0.525310,0.648061,0.569355,0.608519,0.540762,0.553023,0.629580,0.734506,0.499711,0.748668,0.612553,0.670097,0.389367,0.631171,0.582368,0.471382,0.718015,0.588913,0.493121,0.781835,0.593409,0.329675,0.482913,0.354213,0.713685,0.691017,0.335336,0.741812,0.626074,0.651244,0.690084,0.688157,0.502676,0.651969,0.574829,0.558220,0.569665,0.602427,0.783647,0.752244,0.506958,0.796286,0.610492,0.482010,0.408140,0.721673,0.548171,0.466541,0.624658,0.698430,0.451087,0.755656,0.717009,0.374981,0.578184,0.741472,0.693158,0.401395,0.627855,0.617980,0.655327,0.621763,0.546884,0.633757,0.586279,0.672681,0.575659,0.479867,0.636749,0.525933,0.806668,0.678278,0.565890,0.568420,0.561269,0.475298,0.675995,0.757194,0.726217,0.662040,0.468609,0.634794,0.734549,0.731060,0.628013,0.779323,0.669278,0.662885,0.431653,0.472457,0.608045,0.608405,0.628565,0.614735,0.767330,0.602688,0.607160,0.659429,0.591540,0.630365,0.682667,0.518392,0.443955,0.537687,0.557976,0.346036,0.538095,0.672964,0.648523,0.666716,0.676501,0.591307,0.609489,0.724148,0.310475,0.694672,0.521901,0.470322,0.570854,0.466681
0.554789,0.666978,0.647495,0.681286,0.698744,0.565792,0.445214,0.742427,0.628553,0.615933,0.492217,0.619019,0.681683,0.593265,0.727688,0.747936,0.732448,0.641534,0.729113,0.488961,0.655409,0.809655,0.697468,0.653872,0.667616,0.679142,0.695798,0.769288,0.754840,0.770722,0.776968,0.701426,0.774136,0.783158,0.829254,0.513846,0.641136,0.651369,0.551617,0.746827,0.789051,0.579758,0.720147,0.546370,0.583321,0.831908,0.697623,0.798200,0.659876,0.567153,0.778968,0.611494,0.733953,0.840046,0.687783,0.816345,0.770710,0.711342,0.648999,0.651235,0.774413,0.729606,0.721428,0.608084,0.692241,0.721180,0.724187,0.773833,0.712893,0.649087,0.641680,0.784865,0.567510,0.721575,0.741597,0.668785,0.648160,0.679131,0.768947,0.641288,0.593574,0.709604,0.770654,0.802980,0.807371,0.584130,0.752985,0.733341,0.778411,0.581324,0.563017,0.756445,0.758097,0.756274,0.826295,0.560483,0.673174,0.794841,0.789402,0.682860,0.750979,0.734925,0.680224,0.808036,0.769250,0.752030,0.745945,0.735287,0.846365,0.589576,0.717709,0.812785,0.630753,0.650589,0.801027,0.743597,0.846335,0.704360,0.643939,0.726734,0.693142,0.821329,0.802561,0.851150,0.707130,0.769443,0.733269,0.729392,0.663496,0.719045,0.760848,0.554059,0.666573,0.748050,0.715753,0.740776,0.687980,0.699357,0.588766,0.715534,0.620554,0.857897,0.786659,0.605125,0.774100,0.837164,0.737846,0.748108,0.650209,0.763775,0.805937,0.817439,0.817723,0.777640,0.693301,0.720562,0.637439,0.614253,0.749682,0.643887,0.578632,0.666613,0.757404,0.793084,0.695316,0.742503,0.750650,0.702892,0.754476,0.864551,0.660344,0.777615,0.811023,0.594310,0.754500,0.643888,0.720974,0.740379,0.796482,0.674963,0.888266,0.735635,0.684711,0.773172,0.834304,0.661318,0.842292,0.659405,0.611935,0.650284,0.799335,0.775350,0.738903,0.632670,0.686907,0.768508,0.837370,0.769977,0.000000,0.780253,0.829591,0.776349,0.679601,0.829574,0.685152,0.605281,0.629184,0.745844,0.733159,0.652086,0.762694,0.859789,0.792608,0.747119,0.786693,0.806779,0.834051,0.762936,0.764159,0.835178,0.729244,0.742899,0.832086,0.738672,0.817340,0.785472,0.813860,0.765370,0.753281,0.764875,0.666724,0.663719,0.784306,0.798644,0.704912,0.752446,0.630070,0.735145,0.732700,0.828850,0.792408,0.829095,0.828060,0.776770,0.746791,0.797330,0.672135,0.773911,0.752407,0.686523,0.726157,0.776508,0.715082,0.725104,0.798901,0.827281,0.599230,0.735488,0.791519,0.718802,0.769313,0.772061,0.856621,0.772435,0.606798,0.825681,0.751734,0.914186,0.811150,0.776374,0.585088,0.764068,0.770697,0.585485,0.679048,0.845173,0.648198,0.803642,0.879971,0.776884,0.674972,0.790697,0.856876,0.836342,0.805429,0.870390,0.828575,0.746942,0.815073,0.822572,0.842203,0.761382,0.764760,0.769515,0.745544,0.817098,0.745032,0.605968,0.739991,0.813373,0.807257,0.788248,0.794273,0.733166,0.802439,0.649875,0.708326,0.738080,0.801759,0.608957,0.792549,0.641556,0.805603,0.693962,0.632129,0.870144,0.726555,0.774835,0.862011,0.812047,0.798471,0.598231,0.531267,0.721099,0.589642,0.788517,0.779421,0.728295,0.729094,0.782422,0.685575,0.735731,0.721250,0.809005,0.736205,0.696087,0.825180,0.714828,0.684157,0.864866,0.777469,0.655517,0.703251,0.743540,0.846934,0.631575,0.756170,0.793400,0.796044,0.665304,0.537045,0.768978,0.709880,0.697149,0.701309,0.572508,0.810205,0.690820,0.739779,0.759330,0.643629,0.826629,0.835047,0.665485,0.612939,0.815450,0.656426,0.812911,0.820021,0.719371,0.711005,0.751141,0.834501,0.830141,0.728611,0.805475,0.766749,0.776168,0.859472,0.842788,0.833473,0.713281,0.714820,0.701993,0.782278,0.660739,0.862380,0.804465,0.755631,0.865100,0.726476,0.744392,0.751743,0.781847,0.735216,0.816796,0.759232,0.714829,0.649459,0.719792,0.601850,0.671000,0.770748,0.794455,0.774873,0.604794,0.644551,0.747869,0.488519,0.615998,0.740956,0.634324,0.729792,0.844644,0.687991,0.737249,0.729614,0.605303,0.639056,0.593478,0.532634,0.708466,0.712831,0.596534,0.834007,0.775729,0.670786,0.732612,0.841016,0.717185,0.757215,0.833109,0.698001,0.618272,0.787961,0.817509,0.761157,0.665288,0.821309,0.643593,0.790039,0.631166,0.756439,0.697512,0.833384,0.769312,0.744485,0.799077,0.828524,0.782035,0.772159,0.530247,0.657260,0.654390,0.853929,0.752651,0.801170,0.799310,0.815475,0.634344,0.711925,0.832760,0.688199,0.607243,0.435146,0.650416,0.612131,0.789167,0.675885,0.786395,0.794940,0.843469,0.740061,0.731438,0.822379,0.595607,0.719750,0.793797,0.700460,0.802945,0.795484,0.804910,0.715573,0.800533,0.782899,0.858373,0.856419,0.859644,0.771216,0.794640,0.682622,0.758286,0.802580,0.640657,0.609457,0.835822,0.715968,0.848446,0.744401,0.770783,0.792919
0.555418,0.555052,0.408915,0.532348,0.473199,0.525419,0.552455,0.397094,0.489876,0.511229,0.557476,0.566622,0.648059,0.467118,0.606367,0.545212,0.430715,0.625793,0.369265,0.610462,0.551835,0.553891,0.472591,0.534782,0.406648,0.591054,0.568543,0.548485,0.498497,0.525171,0.687242,0.473585,0.687191,0.671800,0.502782,0.610099,0.541506,0.605022,0.587792,0.527269,0.498877,0.687944,0.747664,0.561780,0.630284,0.630789,0.537258,0.533366,0.494114,0.577102,0.370748,0.670562,0.643370,0.746372,0.462172,0.608841,0.489444,0.492809,0.608058,0.434526,0.658704,0.530844,0.692329,0.737895,0.482614,0.428501,0.449093,0.590181,0.664856,0.601932,0.569621,0.638261,0.592348,0.639109,0.673251,0.679111,0.469987,0.520744,0.506759,0.632277,0.674798,0.531620,0.487280,0.745457,0.493645,0.667385,0.623298,0.424006,0.742259,0.567292,0.610751,0.509565,0.643505,0.382039,0.636072,0.683486,0.767867,0.610668,0.586695,0.562794,0.419914,0.663620,0.510348,0.448666,0.717717,0.557935,0.665853,0.518942,0.491136,0.584146,0.772694,0.456531,0.650129,0.587823,0.422030,0.579216,0.733387,0.776692,0.592086,0.466050,0.551398,0.475389,0.507052,0.635459,0.501350,0.603526,0.519006,0.486204,0.658084,0.587565,0.457463,0.710454,0.632749,0.547221,0.557305,0.428282,0.675068,0.663255,0.755800,0.527251,0.661584,0.647711,0.479621,0.640286,0.447048,0.674773,0.541812,0.700212,0.760571,0.723755,0.465116,0.720745,0.517475,0.471083,0.600087,0.506030,0.566031,0.659103,0.521020,0.743185,0.722603,0.521103,0.571959,0.473117,0.632715,0.565362,0.426812,0.658241,0.542167,0.542069,0.689644,0.565227,0.759965,0.735295,0.703742,0.597775,0.766144,0.596165,0.534878,0.701475,0.592238,0.774917,0.661229,0.306653,0.454646,0.702615,0.660147,0.643851,0.811867,0.632727,0.606722,0.577681,0.686288,0.674027,0.637560,0.401906,0.543452,0.525484,0.780253,0.000000,0.714995,0.706411,0.678280,0.468067,0.779127,0.596126,0.754865,0.639512,0.624184,0.608254,0.721870,0.621564,0.717630,0.639847,0.691794,0.459886,0.564684,0.836325,0.407221,0.646894,0.717206,0.599459,0.654310,0.600280,0.414092,0.444595,0.464442,0.819348,0.663593,0.677347,0.715921,0.633448,0.509549,0.657028,0.613629,0.596530,0.567308,0.690617,0.695341,0.354023,0.498886,0.534967,0.534154,0.666249,0.602672,0.722951,0.713534,0.522426,0.556995,0.619872,0.622371,0.671551,0.702757,0.625229,0.647210,0.435111,0.685283,0.770760,0.676210,0.699548,0.771288,0.762170,0.426005,0.684938,0.744179,0.517041,0.540867,0.614488,0.669894,0.600012,0.551040,0.526506,0.637459,0.694427,0.719101,0.381299,0.669897,0.545389,0.531819,0.466009,0.769590,0.485882,0.703126,0.462404,0.598672,0.481331,0.719749,0.617972,0.582600,0.653288,0.726249,0.806266,0.722894,0.613875,0.556720,0.582741,0.688279,0.740025,0.574803,0.592287,0.568444,0.593531,0.662760,0.678254,0.374670,0.699798,0.679717,0.515842,0.541348,0.647175,0.495902,0.628292,0.536243,0.474397,0.646721,0.687322,0.620770,0.523353,0.529031,0.732029,0.505001,0.716642,0.739456,0.443395,0.708450,0.796036,0.632625,0.602039,0.760337,0.598460,0.543385,0.689894,0.732435,0.485421,0.675061,0.444309,0.749345,0.630061,0.753976,0.552717,0.530179,0.797056,0.537846,0.660305,0.753684,0.696497,0.613188,0.694982,0.435026,0.877456,0.796610,0.776761,0.677419,0.715389,0.690050,0.758835,0.775232,0.606330,0.587325,0.774205,0.747827,0.693948,0.675798,0.582095,0.681476,0.560866,0.644590,0.772115,0.780762,0.728658,0.648245,0.626045,0.489398,0.474951,0.818679,0.626683,0.683028,0.526779,0.416968,0.632388,0.476218,0.583881,0.655457,0.699673,0.407762,0.650286,0.569383,0.705217,0.692468,0.525947,0.666318,0.664588,0.728145,0.589598,0.629330,0.714534,0.465628,0.699259,0.661632,0.615492,0.679102,0.702589,0.433034,0.706759,0.495494,0.706022,0.748879,0.530671,0.733824,0.699970,0.808656,0.706203,0.695919,0.414258,0.621737,0.581134,0.662966,0.594104,0.712512,0.761518,0.725718,0.662587,0.804695,0.667537,0.465859,0.600095,0.770490,0.657999,0.525118,0.813038,0.604835,0.535176,0.879579,0.646091,0.584749,0.753183,0.779979,0.746123,0.636542,0.691890,0.705656,0.728034,0.677629,0.649676,0.675589,0.702942,0.608986,0.297510,0.696363,0.597772,0.555034,0.635282,0.605029,0.753564,0.692049,0.742002,0.520186,0.782294,0.732489,0.658329,0.695298,0.450710,0.603545,0.648535,0.753488,0.770371,0.716120,0.597220,0.728766,0.623551,0.538132,0.664783,0.779200,0.712828,0.578363,0.774276,0.736239,0.790739,0.637082,0.668607,0.578755,0.787115,0.687414,0.625298,0.516123,0.550895,0.620480,0.494898,0.619958,0.718982,0.665170,0.644294,0.661991,0.647731,0.708633,0.640028,0.628207,0.596957,0.500596,0.785003,0.572274
0.555748,0.597300,0.742971,0.714946,0.684870,0.798358,0.761975,0.667978,0.804088,0.773443,0.774545,0.778740,0.446083,0.680095,0.453959,0.624386,0.599694,0.697146,0.582756,0.801348,0.680852,0.480743,0.657508,0.689545,0.714207,0.769501,0.634706,0.421648,0.638058,0.356421,0.473061,0.714431,0.209159,0.460057,0.405112,0.777293,0.678389,0.660604,0.734741,0.686095,0.611729,0.454700,0.490096,0.786470,0.849951,0.719183,0.733447,0.691961,0.580366,0.802870,0.730641,0.424510,0.409251,0.250977,0.712673,0.598295,0.591843,0.673881,0.768732,0.727897,0.302196,0.754863,0.271357,0.685962,0.729391,0.541660,0.684826,0.310423,0.627582,0.623824,0.674697,0.390127,0.816314,0.829374,0.492887,0.601527,0.664489,0.627260,0.722556,0.827706,0.835420,0.749705,0.588261,0.163765,0.617829,0.808147,0.797081,0.649406,0.563245,0.724069,0.713443,0.601436,0.721581,0.584074,0.537250,0.754620,0.589398,0.426181,0.656776,0.704269,0.623034,0.689362,0.591266,0.709721,0.481270,0.669039,0.215368,0.660167,0.491534,0.789235,0.408008,0.641436,0.856635,0.793406,0.604163,0.693853,0.266241,0.820941,0.692569,0.617099,0.745450,0.704696,0.670995,0.692752,0.608786,0.586389,0.795914,0.438248,0.630159,0.756121,0.649346,0.860632,0.795401,0.627333,0.720746,0.614734,0.537292,0.678664,0.618675,0.537413,0.781753,0.297597,0.659573,0.709559,0.752222,0.330979,0.689761,0.644072,0.705172,0.749483,0.612215,0.441012,0.655829,0.669403,0.756172,0.724635,0.664307,0.777180,0.671627,0.778485,0.868664,0.673653,0.664005,0.625579,0.797841,0.426391,0.629151,0.789763,0.668546,0.624436,0.716403,0.596288,0.210314,0.759050,0.500597,0.739810,0.511634,0.744311,0.581511,0.723269,0.733557,0.677086,0.744766,0.647396,0.650790,0.389304,0.368490,0.768619,0.670483,0.801537,0.641370,0.678921,0.593672,0.774327,0.741709,0.637378,0.648518,0.554665,0.829591,0.714995,0.000000,0.208160,0.642988,0.588249,0.468148,0.733935,0.829540,0.648933,0.618603,0.663572,0.290267,0.554361,0.372100,0.644771,0.859169,0.661905,0.606140,0.448706,0.746366,0.365985,0.571543,0.696002,0.444452,0.753028,0.754581,0.649026,0.639741,0.334582,0.564137,0.842828,0.713446,0.688558,0.670902,0.710929,0.760253,0.686236,0.712203,0.770616,0.856521,0.713119,0.612342,0.653158,0.761478,0.621540,0.691362,0.497177,0.432466,0.606573,0.770762,0.705175,0.711882,0.691393,0.789737,0.826023,0.472193,0.628487,0.790665,0.692878,0.746970,0.819082,0.285935,0.549769,0.714806,0.780816,0.575587,0.699889,0.551526,0.707140,0.644582,0.831610,0.646792,0.663177,0.682901,0.816075,0.789762,0.712139,0.619859,0.601355,0.708683,0.668425,0.688617,0.735958,0.760224,0.631287,0.700936,0.713799,0.546672,0.660045,0.670911,0.500975,0.494915,0.908859,0.644964,0.889473,0.723698,0.632211,0.595051,0.830963,0.696821,0.690228,0.660339,0.683198,0.523128,0.725351,0.796315,0.663756,0.686961,0.697203,0.741752,0.835670,0.659387,0.654936,0.675965,0.707955,0.816003,0.486642,0.644980,0.684018,0.570324,0.447805,0.701718,0.744451,0.729151,0.615514,0.782951,0.365159,0.626110,0.658181,0.510469,0.584772,0.802890,0.619150,0.420927,0.646471,0.635764,0.799890,0.295606,0.714462,0.832974,0.712055,0.693238,0.538451,0.770640,0.625915,0.183833,0.743605,0.688822,0.271069,0.665119,0.883710,0.785014,0.365358,0.860850,0.718327,0.537957,0.846027,0.756825,0.665516,0.747394,0.746029,0.795731,0.615973,0.748457,0.733812,0.782611,0.641037,0.811219,0.296775,0.399031,0.576588,0.666174,0.435211,0.747860,0.656590,0.530232,0.765693,0.672066,0.688002,0.726982,0.371524,0.587756,0.720068,0.702546,0.748025,0.769577,0.743946,0.701407,0.677817,0.809118,0.634329,0.812289,0.691880,0.507602,0.633590,0.793983,0.590275,0.703982,0.770116,0.621896,0.705997,0.740127,0.731754,0.651331,0.665319,0.740587,0.787270,0.853953,0.714971,0.776162,0.797655,0.530211,0.775435,0.683684,0.677850,0.798812,0.778152,0.730714,0.757797,0.763709,0.892996,0.710771,0.754057,0.825675,0.727025,0.727618,0.604206,0.780798,0.706099,0.692697,0.393176,0.776974,0.512121,0.577509,0.795091,0.676769,0.371284,0.744389,0.839439,0.440908,0.758201,0.697367,0.755881,0.817984,0.614647,0.642318,0.774303,0.797994,0.769181,0.604707,0.664344,0.679441,0.794841,0.738690,0.593150,0.626265,0.712388,0.600822,0.349007,0.733771,0.801325,0.726102,0.673080,0.823239,0.846504,0.654739,0.714176,0.848725,0.868207,0.657462,0.667693,0.608200,0.394278,0.615896,0.812441,0.742319,0.692586,0.767715,0.646638,0.793822,0.672967,0.748529,0.374700,0.696553,0.608629,0.694849,0.755004,0.606475,0.771669,0.732616,0.814274,0.753311,0.818922,0.670338,0.764247,0.829726,0.615554,0.719269,0.761581,0.692752,0.504215,0.673630
0.556102,0.565770,0.743955,0.704597,0.702267,0.744128,0.718878,0.690355,0.726169,0.732131,0.727756,0.747793,0.471826,0.703754,0.471944,0.618598,0.601318,0.656915,0.596798,0.759338,0.648147,0.539843,0.619044,0.689753,0.714926,0.745643,0.606983,0.474935,0.673387,0.441200,0.487628,0.746011,0.227584,0.442710,0.461651,0.711179,0.636581,0.611358,0.686870,0.710178,0.622903,0.464268,0.480709,0.791077,0.754220,0.699849,0.675885,0.698586,0.609620,0.747079,0.722707,0.414091,0.385614,0.290313,0.703463,0.603155,0.646091,0.701448,0.750770,0.703784,0.365294,0.788841,0.294633,0.590923,0.739964,0.545349,0.705268,0.406472,0.594512,0.583291,0.676679,0.432652,0.738872,0.771358,0.528347,0.558880,0.688629,0.646231,0.713838,0.775494,0.790762,0.744344,0.566996,0.222695,0.666780,0.778416,0.808644,0.708153,0.535962,0.671505,0.693937,0.619280,0.748619,0.609843,0.502577,0.732932,0.556042,0.462447,0.645477,0.668979,0.650357,0.649139,0.618766,0.687195,0.488262,0.659846,0.260714,0.636652,0.537795,0.781608,0.379859,0.690063,0.733171,0.742837,0.626169,0.706560,0.337844,0.773861,0.637290,0.646052,0.714809,0.738427,0.711350,0.734085,0.600922,0.580366,0.754801,0.441504,0.593085,0.697220,0.672570,0.803411,0.756076,0.628338,0.658239,0.673861,0.584621,0.656654,0.606101,0.508527,0.728441,0.361818,0.676205,0.600842,0.803174,0.356559,0.656878,0.595161,0.618341,0.696386,0.663841,0.465064,0.687308,0.696677,0.774637,0.691243,0.637798,0.683193,0.662233,0.761811,0.816233,0.703090,0.626697,0.674441,0.768840,0.428672,0.706638,0.730732,0.688666,0.614441,0.687591,0.630320,0.277764,0.724859,0.527413,0.685232,0.509572,0.710391,0.591959,0.680172,0.751836,0.657696,0.709336,0.636047,0.702497,0.362699,0.418428,0.731773,0.641549,0.787284,0.623582,0.691287,0.615210,0.712078,0.752566,0.647631,0.652901,0.564218,0.776349,0.706411,0.208160,0.000000,0.618536,0.607734,0.442688,0.713659,0.839766,0.642680,0.647689,0.647386,0.090382,0.602301,0.415162,0.663844,0.872681,0.729279,0.628543,0.409167,0.730833,0.414381,0.585489,0.725542,0.493271,0.698973,0.737557,0.626198,0.697829,0.379106,0.552495,0.783483,0.635906,0.684560,0.681991,0.755554,0.780394,0.671825,0.659873,0.758735,0.836555,0.726549,0.676906,0.670697,0.744804,0.598817,0.726621,0.511069,0.463749,0.620118,0.724694,0.704503,0.686881,0.651157,0.738037,0.814130,0.478798,0.681772,0.770252,0.710190,0.803164,0.751590,0.288095,0.495882,0.728314,0.746777,0.527244,0.687241,0.608184,0.738964,0.637110,0.785423,0.648471,0.650893,0.689307,0.838199,0.776407,0.736729,0.620341,0.616923,0.707768,0.680483,0.672426,0.793955,0.752149,0.671125,0.647532,0.714033,0.573529,0.645493,0.670432,0.490949,0.498556,0.850776,0.621763,0.778927,0.706025,0.614789,0.586205,0.813900,0.708105,0.717505,0.658462,0.683068,0.508298,0.723677,0.807234,0.682284,0.635033,0.683824,0.749287,0.808199,0.671257,0.630259,0.660267,0.706242,0.769033,0.503963,0.681490,0.693716,0.632281,0.424511,0.719471,0.698613,0.666568,0.624695,0.746259,0.356591,0.607618,0.670362,0.495623,0.613858,0.829158,0.648198,0.449421,0.654078,0.621322,0.759456,0.333344,0.665831,0.798762,0.765272,0.757988,0.482809,0.786687,0.631189,0.344962,0.685148,0.685529,0.340054,0.693887,0.823057,0.745613,0.374530,0.842083,0.683412,0.526876,0.812085,0.732833,0.622839,0.713687,0.736447,0.726844,0.592345,0.738568,0.709971,0.713974,0.682430,0.780437,0.336947,0.426786,0.551561,0.685402,0.483849,0.753671,0.706963,0.503211,0.691526,0.676142,0.701125,0.746499,0.352722,0.658315,0.721969,0.673409,0.670132,0.752905,0.739636,0.699027,0.658044,0.730129,0.688453,0.794671,0.658247,0.487289,0.630838,0.744349,0.627987,0.725861,0.708531,0.590713,0.693741,0.719936,0.707312,0.678068,0.652565,0.714999,0.726117,0.812770,0.695794,0.689757,0.715334,0.525966,0.726305,0.698531,0.692526,0.805776,0.742925,0.782980,0.710475,0.721827,0.870331,0.655560,0.720699,0.814412,0.698224,0.763746,0.630945,0.706910,0.705508,0.749722,0.407085,0.768550,0.535955,0.603541,0.767388,0.649139,0.400952,0.712845,0.846074,0.469686,0.704501,0.701366,0.759120,0.776892,0.627936,0.631934,0.797479,0.797641,0.809822,0.604458,0.650438,0.745484,0.832640,0.719591,0.554435,0.690010,0.692793,0.640746,0.400053,0.728173,0.682207,0.606697,0.743801,0.781342,0.804031,0.666075,0.680330,0.838437,0.886557,0.643719,0.677412,0.652457,0.398790,0.626760,0.762851,0.774528,0.624622,0.735058,0.698474,0.778755,0.679062,0.754688,0.356740,0.651893,0.575617,0.710386,0.771374,0.591053,0.804419,0.741460,0.792023,0.661014,0.743760,0.671407,0.729435,0.834123,0.602993,0.690886,0.762539,0.668033,0.514521,0.651630
0.556102,0.610749,0.668584,0.651921,0.702225,0.600625,0.576061,0.697322,0.523242,0.630290,0.583548,0.641230,0.563597,0.668011,0.592949,0.664308,0.667873,0.642266,0.686513,0.604937,0.483360,0.706110,0.504579,0.666993,0.601003,0.730812,0.680917,0.673534,0.727350,0.604335,0.561519,0.632962,0.696280,0.587477,0.643379,0.574508,0.624038,0.553407,0.603933,0.682398,0.630006,0.619089,0.686043,0.665027,0.561064,0.665841,0.654186,0.656919,0.668977,0.570491,0.639796,0.594267,0.648064,0.702355,0.693296,0.621694,0.732341,0.706024,0.704521,0.567207,0.667948,0.755528,0.648805,0.561891,0.609021,0.644179,0.688973,0.617226,0.546866,0.551809,0.510683,0.655408,0.474218,0.701341,0.673411,0.459826,0.657354,0.660567,0.748793,0.538043,0.608917,0.723667,0.662609,0.683358,0.728384,0.633875,0.744625,0.738097,0.692101,0.576487,0.584126,0.729469,0.719988,0.679862,0.646213,0.616144,0.657639,0.653045,0.748709,0.576014,0.669038,0.541614,0.715003,0.666690,0.570478,0.726539,0.678075,0.716114,0.694311,0.574367,0.562029,0.716115,0.588848,0.634994,0.749109,0.765302,0.713095,0.582519,0.659866,0.660792,0.642787,0.754611,0.760233,0.563924,0.649208,0.729409,0.668830,0.599998,0.619179,0.614229,0.783897,0.623727,0.526979,0.663482,0.544516,0.725781,0.707368,0.578046,0.595530,0.628619,0.598494,0.672640,0.762032,0.516979,0.760986,0.687929,0.738842,0.651420,0.553233,0.597615,0.755096,0.649771,0.767412,0.694561,0.677845,0.673547,0.695876,0.469704,0.650958,0.602186,0.623605,0.737425,0.691385,0.700284,0.609489,0.607135,0.713395,0.532632,0.757079,0.679866,0.671374,0.734938,0.706698,0.658329,0.621757,0.612019,0.576538,0.704341,0.727885,0.715636,0.744543,0.644903,0.623778,0.716826,0.707284,0.595495,0.688298,0.651353,0.538380,0.573295,0.748796,0.772847,0.664316,0.497129,0.707173,0.679733,0.732153,0.599115,0.679601,0.678280,0.642988,0.618536,0.000000,0.702298,0.621810,0.600455,0.676923,0.744684,0.601120,0.656974,0.635398,0.668587,0.570102,0.708358,0.781898,0.725749,0.671240,0.619066,0.735795,0.761039,0.703381,0.791439,0.669899,0.680960,0.804711,0.608858,0.746919,0.634684,0.716578,0.594786,0.487915,0.591891,0.713945,0.743563,0.754242,0.700062,0.554338,0.688554,0.782729,0.779408,0.762006,0.642504,0.534050,0.609781,0.723964,0.625234,0.668682,0.749149,0.511347,0.736755,0.605887,0.634463,0.665397,0.769358,0.659116,0.719280,0.561102,0.547415,0.734790,0.600138,0.619035,0.670064,0.767989,0.692665,0.574908,0.738007,0.740630,0.755467,0.700802,0.681381,0.663164,0.678006,0.810284,0.696473,0.593847,0.788112,0.641252,0.652697,0.789981,0.759441,0.579286,0.719977,0.713926,0.722502,0.543816,0.780434,0.714131,0.692817,0.712425,0.656102,0.586536,0.739656,0.626909,0.699540,0.622094,0.741619,0.647410,0.578345,0.735251,0.722499,0.636443,0.543327,0.634431,0.680175,0.735390,0.616294,0.603844,0.692907,0.721051,0.677953,0.742419,0.696308,0.699886,0.598709,0.587562,0.732654,0.711923,0.793831,0.673273,0.684389,0.699298,0.592854,0.690724,0.630805,0.573089,0.626058,0.573006,0.754647,0.625588,0.653231,0.702556,0.699945,0.601550,0.752137,0.608078,0.711365,0.677761,0.673845,0.780739,0.716946,0.736233,0.636625,0.788020,0.638855,0.681621,0.630195,0.775097,0.668490,0.662706,0.727419,0.682468,0.680572,0.625742,0.733089,0.616412,0.569449,0.683323,0.668982,0.658541,0.624248,0.572114,0.705376,0.716498,0.690414,0.547748,0.749656,0.598806,0.625646,0.761254,0.568236,0.718882,0.752558,0.804488,0.783667,0.590275,0.533927,0.720314,0.740004,0.806032,0.662714,0.760094,0.708515,0.481500,0.656132,0.802449,0.658410,0.734902,0.533998,0.647848,0.785546,0.753285,0.715241,0.579491,0.791474,0.639124,0.668488,0.729536,0.734959,0.585716,0.713213,0.727655,0.688777,0.749474,0.693533,0.746285,0.575702,0.694710,0.718529,0.633067,0.501050,0.692844,0.566416,0.509216,0.798516,0.678995,0.594004,0.609738,0.656206,0.590453,0.642342,0.663812,0.577390,0.694346,0.539670,0.754059,0.680461,0.459367,0.564146,0.767733,0.693225,0.690901,0.643896,0.641574,0.646258,0.643268,0.692099,0.623855,0.692382,0.605082,0.594376,0.721144,0.547474,0.675633,0.623918,0.742013,0.696800,0.698958,0.728228,0.697566,0.739567,0.745770,0.770994,0.682157,0.657404,0.692033,0.648585,0.683674,0.640354,0.757268,0.475551,0.592968,0.713630,0.591755,0.679245,0.679382,0.718940,0.688639,0.715652,0.568459,0.683313,0.724260,0.698216,0.732208,0.712893,0.767229,0.620939,0.540869,0.702765,0.600728,0.663832,0.703551,0.670498,0.672579,0.520340,0.690131,0.701367,0.602469,0.836266,0.715599,0.740807,0.479022,0.563755,0.607729,0.707521,0.655193,0.705586,0.531933,0.810663,0.624434,0.715415,0.598106
0.556448,0.444943,0.342993,0.484356,0.289549,0.477110,0.595752,0.302190,0.600612,0.415119,0.615970,0.467571,0.557738,0.421573,0.526020,0.321090,0.239175,0.592894,0.254991,0.739088,0.443128,0.423231,0.421514,0.362170,0.361595,0.458741,0.416966,0.246006,0.256743,0.319301,0.696089,0.385329,0.574445,0.642749,0.221095,0.632005,0.461428,0.449219,0.626007,0.346482,0.255465,0.700920,0.626028,0.683750,0.746021,0.578096,0.410017,0.329560,0.329300,0.635595,0.478399,0.764754,0.586782,0.644899,0.359519,0.557302,0.291305,0.301462,0.569486,0.509843,0.528695,0.467208,0.599848,0.659699,0.488318,0.259423,0.242547,0.460352,0.662173,0.689616,0.678359,0.549742,0.640942,0.517711,0.644902,0.740206,0.463980,0.327765,0.378426,0.612074,0.787582,0.440292,0.428335,0.619724,0.216313,0.749314,0.501570,0.202698,0.694009,0.572079,0.684580,0.244485,0.397456,0.281759,0.637407,0.741437,0.759766,0.557642,0.437635,0.539668,0.311509,0.659216,0.242055,0.358039,0.650187,0.352476,0.634642,0.330156,0.204210,0.626218,0.770555,0.250983,0.585347,0.458809,0.290253,0.329962,0.686814,0.779089,0.483474,0.309354,0.408104,0.346947,0.253579,0.663606,0.435842,0.374025,0.389993,0.444190,0.608646,0.484522,0.237153,0.672215,0.620757,0.330971,0.576447,0.182342,0.590266,0.689265,0.750390,0.433836,0.733950,0.609940,0.250138,0.659830,0.420494,0.542726,0.497067,0.549917,0.833668,0.749506,0.140210,0.593230,0.225376,0.226571,0.431865,0.370315,0.490408,0.813211,0.422952,0.652236,0.743216,0.423530,0.384094,0.089204,0.532279,0.496323,0.222211,0.707859,0.265587,0.441143,0.602036,0.387448,0.677575,0.611238,0.597048,0.539352,0.804750,0.506059,0.333365,0.731953,0.572425,0.706440,0.627201,0.399823,0.211958,0.711496,0.548148,0.580797,0.831488,0.689068,0.331524,0.288018,0.728698,0.790282,0.604677,0.244692,0.347690,0.345754,0.829574,0.468067,0.588249,0.607734,0.702298,0.000000,0.808994,0.570995,0.750298,0.423355,0.555421,0.664298,0.698066,0.405191,0.563567,0.620320,0.695302,0.208206,0.369829,0.836228,0.455804,0.606360,0.702029,0.456547,0.588576,0.324602,0.407062,0.304083,0.214085,0.745828,0.458858,0.691647,0.763284,0.660963,0.249837,0.484592,0.479527,0.383493,0.683366,0.562752,0.673787,0.361831,0.185741,0.330766,0.679718,0.568213,0.342219,0.651385,0.637729,0.230293,0.675475,0.447772,0.413102,0.501839,0.655909,0.608049,0.627718,0.217943,0.688634,0.661969,0.488108,0.704721,0.744823,0.721883,0.376322,0.474069,0.730581,0.319280,0.313766,0.429962,0.642456,0.381175,0.559449,0.259348,0.370064,0.720249,0.729436,0.377379,0.674167,0.355062,0.303510,0.257981,0.803427,0.564161,0.649424,0.170591,0.528815,0.415838,0.700157,0.498261,0.300067,0.639502,0.683923,0.779844,0.757516,0.546646,0.609298,0.311058,0.619106,0.744257,0.388839,0.339534,0.362697,0.563945,0.546129,0.452250,0.509648,0.716546,0.587144,0.488454,0.345525,0.689744,0.210231,0.545738,0.306513,0.517192,0.725992,0.535347,0.576832,0.291940,0.294440,0.644115,0.383692,0.776339,0.737438,0.397299,0.774111,0.751500,0.554468,0.346707,0.768884,0.564361,0.653751,0.673457,0.662440,0.286447,0.694553,0.595576,0.704412,0.374140,0.820480,0.354588,0.380227,0.832156,0.551505,0.684594,0.694667,0.801671,0.393611,0.694161,0.336964,0.843298,0.848514,0.695539,0.709295,0.657960,0.555243,0.752373,0.819892,0.421101,0.517096,0.763685,0.731120,0.426517,0.600909,0.521434,0.762848,0.268671,0.685556,0.675583,0.738788,0.687883,0.607115,0.730049,0.437750,0.251257,0.835634,0.567560,0.663975,0.267285,0.364626,0.614322,0.159315,0.493240,0.754558,0.493040,0.524659,0.638603,0.429043,0.643461,0.758315,0.288800,0.670562,0.544830,0.787774,0.243515,0.656919,0.624580,0.319078,0.679088,0.609104,0.368036,0.751842,0.667344,0.261584,0.553364,0.285099,0.784151,0.683807,0.250124,0.727052,0.729692,0.681209,0.746076,0.757952,0.337355,0.644126,0.666049,0.607025,0.453471,0.736579,0.790468,0.766881,0.632916,0.855719,0.699120,0.331642,0.355469,0.780587,0.630956,0.323761,0.740351,0.693951,0.529672,0.812740,0.690449,0.414270,0.661895,0.760414,0.646796,0.603352,0.776363,0.562694,0.742905,0.674426,0.608092,0.674673,0.636160,0.595909,0.505957,0.370566,0.617474,0.458400,0.772273,0.699527,0.591860,0.594334,0.588553,0.412507,0.809450,0.763979,0.817626,0.624140,0.306772,0.549332,0.712614,0.843742,0.697817,0.784069,0.664210,0.754281,0.293875,0.485678,0.714679,0.743163,0.605437,0.482488,0.862027,0.648752,0.576010,0.705852,0.611018,0.705659,0.735035,0.586222,0.536795,0.432595,0.466272,0.383542,0.396770,0.711399,0.588929,0.748042,0.634917,0.601656,0.583999,0.816813,0.381690,0.717944,0.433951,0.438595,0.697364,0.509867
0.556538,0.642603,0.762103,0.696364,0.747022,0.694038,0.649690,0.757523,0.705453,0.662806,0.649073,0.665626,0.420056,0.671790,0.437503,0.644194,0.745742,0.488789,0.724180,0.609888,0.608902,0.682908,0.715179,0.726589,0.715271,0.760683,0.707194,0.665551,0.801548,0.639627,0.463862,0.679786,0.490599,0.517356,0.695895,0.602180,0.704171,0.695530,0.624577,0.743289,0.747184,0.459772,0.564278,0.754028,0.732139,0.739384,0.714340,0.778865,0.721410,0.692977,0.743489,0.375145,0.507785,0.443498,0.723382,0.722241,0.756462,0.751988,0.769821,0.695716,0.513649,0.760592,0.526046,0.453890,0.737345,0.703329,0.790202,0.582978,0.559402,0.472850,0.629137,0.481435,0.709432,0.769529,0.524066,0.480873,0.720745,0.698543,0.781466,0.722239,0.640133,0.761773,0.731219,0.421842,0.837777,0.642898,0.777162,0.807650,0.607747,0.686261,0.574062,0.737810,0.772059,0.717395,0.630414,0.622662,0.456238,0.493249,0.741176,0.732570,0.667238,0.709280,0.733811,0.774980,0.516536,0.715746,0.425492,0.718259,0.725154,0.698270,0.327041,0.813742,0.715128,0.739498,0.727987,0.816646,0.452695,0.721614,0.701620,0.735063,0.724303,0.827737,0.807952,0.739262,0.685579,0.679559,0.785329,0.593002,0.575718,0.723334,0.828963,0.648005,0.686985,0.702784,0.762344,0.810973,0.577123,0.610322,0.376854,0.635888,0.642808,0.541970,0.804035,0.611846,0.849560,0.658928,0.667475,0.603866,0.524207,0.754064,0.829857,0.573734,0.819408,0.823818,0.769448,0.756508,0.710741,0.588037,0.637269,0.649819,0.714748,0.744090,0.807179,0.828088,0.786682,0.591165,0.831186,0.710219,0.817972,0.783618,0.719950,0.737079,0.435384,0.669904,0.519194,0.738938,0.481411,0.758474,0.800914,0.601617,0.732708,0.694888,0.607459,0.731545,0.870922,0.406499,0.538030,0.656630,0.586338,0.687672,0.826773,0.783115,0.547346,0.673158,0.724618,0.806230,0.790251,0.675352,0.685152,0.779127,0.468148,0.442688,0.621810,0.808994,0.000000,0.668759,0.672818,0.728764,0.734229,0.597646,0.419153,0.753719,0.563076,0.660411,0.810947,0.864041,0.739885,0.332437,0.787225,0.581894,0.560029,0.815225,0.544607,0.756745,0.821448,0.787402,0.848790,0.416147,0.762078,0.704537,0.588430,0.612892,0.788331,0.795946,0.812198,0.776413,0.613980,0.855804,0.809930,0.795661,0.818213,0.786464,0.708089,0.660368,0.767692,0.516420,0.562681,0.775039,0.688510,0.743817,0.740088,0.653143,0.622140,0.758941,0.561466,0.856641,0.629713,0.683613,0.877894,0.790258,0.327981,0.490096,0.816905,0.778148,0.465389,0.776680,0.734268,0.808800,0.686143,0.810559,0.643217,0.780747,0.820882,0.766942,0.664911,0.804007,0.602516,0.668053,0.867774,0.800679,0.645294,0.841706,0.803704,0.851657,0.721171,0.778722,0.534456,0.710697,0.822116,0.538410,0.552331,0.783771,0.491601,0.733210,0.717377,0.729688,0.636737,0.732114,0.781005,0.796779,0.752631,0.719462,0.615351,0.784173,0.846619,0.587184,0.657063,0.794530,0.803206,0.742535,0.840578,0.696372,0.763074,0.690440,0.717240,0.709044,0.668850,0.796341,0.758514,0.528376,0.783627,0.662332,0.634993,0.731791,0.617557,0.470283,0.672340,0.795743,0.509249,0.621594,0.738168,0.720369,0.542065,0.824374,0.511997,0.774009,0.503531,0.754922,0.789184,0.879681,0.826142,0.378325,0.815351,0.594541,0.500492,0.638148,0.791817,0.412262,0.807202,0.746819,0.699992,0.536377,0.749365,0.665284,0.666904,0.625894,0.759240,0.723363,0.709973,0.713879,0.686789,0.715520,0.779659,0.773541,0.654924,0.815099,0.700717,0.515698,0.569313,0.526575,0.710271,0.623371,0.816227,0.834830,0.409426,0.745982,0.622734,0.818491,0.848637,0.537488,0.854608,0.716836,0.576272,0.696848,0.814441,0.776388,0.835902,0.694122,0.816758,0.769424,0.810468,0.640726,0.475939,0.785384,0.715083,0.687304,0.782949,0.696944,0.647406,0.791602,0.786633,0.650860,0.805162,0.689256,0.848777,0.653962,0.723267,0.783522,0.591588,0.674588,0.492038,0.764581,0.660759,0.811645,0.731902,0.655124,0.684445,0.755716,0.572430,0.723675,0.590486,0.650516,0.734551,0.585913,0.900582,0.711028,0.653041,0.729851,0.865483,0.521647,0.749854,0.695050,0.540897,0.672327,0.707738,0.566391,0.702725,0.792414,0.559015,0.572378,0.715649,0.682979,0.685282,0.646093,0.772677,0.829548,0.850538,0.859958,0.752787,0.684613,0.809059,0.840209,0.709941,0.473495,0.656958,0.745614,0.777867,0.422998,0.715000,0.599332,0.663631,0.857124,0.700992,0.677412,0.486118,0.598349,0.685999,0.813222,0.642625,0.775933,0.804813,0.562573,0.493188,0.749120,0.815064,0.477596,0.614546,0.779501,0.735233,0.749424,0.718911,0.515844,0.754801,0.663573,0.794330,0.871127,0.794425,0.903920,0.732393,0.844883,0.629252,0.745456,0.785427,0.777662,0.720864,0.721325,0.627703,0.857515,0.765107,0.473483,0.769645
0.557300,0.583462,0.553624,0.633028,0.566650,0.433555,0.400112,0.485062,0.499569,0.475672,0.438445,0.563945,0.648043,0.500425,0.709588,0.600242,0.503829,0.543955,0.512868,0.579699,0.542628,0.631759,0.498182,0.466827,0.400880,0.557911,0.583302,0.610679,0.525073,0.580073,0.645145,0.603941,0.734703,0.652303,0.596098,0.402127,0.536350,0.569501,0.402638,0.496726,0.561910,0.464616,0.669108,0.658444,0.544737,0.725637,0.595663,0.609290,0.585405,0.417941,0.584553,0.615067,0.672149,0.781514,0.502800,0.711651,0.547928,0.501773,0.661443,0.501399,0.695134,0.604435,0.714178,0.503593,0.529360,0.492434,0.659327,0.639410,0.631309,0.571714,0.605494,0.670030,0.508934,0.598749,0.705892,0.578836,0.502195,0.546247,0.537245,0.519453,0.638624,0.551121,0.657806,0.731503,0.646851,0.509598,0.636885,0.579842,0.720776,0.526041,0.478239,0.516772,0.618785,0.546441,0.742101,0.480483,0.653775,0.666483,0.646712,0.496161,0.628608,0.725355,0.542388,0.563762,0.701939,0.560064,0.701322,0.531518,0.668278,0.427116,0.705143,0.615366,0.479782,0.473114,0.583921,0.609400,0.799177,0.715790,0.443815,0.464475,0.529163,0.715368,0.644131,0.731585,0.553177,0.651754,0.624424,0.560758,0.658984,0.488742,0.586965,0.519246,0.492963,0.551362,0.591145,0.590031,0.692978,0.568860,0.644773,0.569926,0.542854,0.768096,0.553311,0.518197,0.701607,0.764435,0.633681,0.672061,0.620905,0.766468,0.580968,0.740805,0.580111,0.666563,0.531113,0.584330,0.410219,0.624374,0.643990,0.578006,0.701190,0.585533,0.670298,0.581478,0.530759,0.602487,0.588147,0.629523,0.548483,0.724123,0.587797,0.676609,0.788129,0.563700,0.698725,0.473495,0.741217,0.623443,0.576637,0.732595,0.774398,0.714208,0.588894,0.585871,0.678136,0.627215,0.712680,0.563704,0.681832,0.507633,0.648511,0.602298,0.713193,0.629931,0.706017,0.584465,0.598186,0.607632,0.605281,0.596126,0.733935,0.713659,0.600455,0.570995,0.668759,0.000000,0.723003,0.623255,0.700935,0.628604,0.731954,0.610152,0.749856,0.678797,0.809018,0.645348,0.669264,0.766128,0.582856,0.768218,0.773224,0.629412,0.722341,0.583168,0.642891,0.655020,0.622720,0.778515,0.588379,0.669002,0.531535,0.650549,0.705433,0.683169,0.673608,0.621303,0.450529,0.702409,0.797186,0.659000,0.567305,0.670951,0.642013,0.628713,0.595361,0.771613,0.483582,0.579214,0.620833,0.604498,0.665276,0.732129,0.617936,0.628655,0.717640,0.648867,0.627864,0.724417,0.655684,0.727129,0.724340,0.781113,0.678247,0.647558,0.722509,0.605059,0.581600,0.756831,0.760692,0.703180,0.384544,0.559917,0.642917,0.635948,0.653759,0.663990,0.512331,0.668995,0.764419,0.531289,0.714684,0.641453,0.789429,0.607081,0.608618,0.644981,0.770879,0.575161,0.541148,0.750191,0.725421,0.694876,0.733436,0.713828,0.562288,0.716368,0.634562,0.657107,0.613314,0.663571,0.678423,0.686147,0.721227,0.618022,0.662120,0.635559,0.725929,0.762390,0.603722,0.668632,0.634702,0.456226,0.571493,0.563251,0.632250,0.771142,0.762328,0.613914,0.604302,0.804645,0.570413,0.691335,0.445410,0.518236,0.657071,0.689784,0.740873,0.645629,0.714286,0.663634,0.678237,0.777629,0.681579,0.547040,0.603586,0.493366,0.806018,0.546114,0.759910,0.701334,0.687804,0.609988,0.595440,0.756094,0.793133,0.656165,0.586413,0.757606,0.625730,0.757236,0.711040,0.771194,0.624676,0.625233,0.658526,0.663923,0.781392,0.500534,0.650114,0.726883,0.740618,0.746324,0.757801,0.437733,0.524427,0.599169,0.644446,0.817405,0.771447,0.621097,0.643650,0.739758,0.640215,0.723648,0.788108,0.586343,0.700403,0.614618,0.676528,0.725185,0.601862,0.542834,0.662508,0.567404,0.608047,0.589054,0.717463,0.720650,0.761433,0.710146,0.705294,0.619981,0.795345,0.611689,0.563306,0.804753,0.685241,0.642956,0.581716,0.556772,0.644063,0.561227,0.578353,0.679369,0.594024,0.429511,0.716110,0.628119,0.508680,0.580062,0.748376,0.592738,0.649479,0.680829,0.492950,0.570421,0.621139,0.530416,0.546277,0.679804,0.479146,0.730276,0.798129,0.508340,0.634381,0.671107,0.608045,0.652585,0.662988,0.710322,0.686741,0.714542,0.749556,0.625307,0.590628,0.761870,0.726201,0.624738,0.667621,0.677014,0.783993,0.562649,0.782063,0.544403,0.752054,0.791070,0.669282,0.623591,0.751075,0.674828,0.663336,0.684741,0.526547,0.554969,0.784156,0.758281,0.693685,0.757828,0.767975,0.661277,0.679812,0.722605,0.632532,0.586706,0.587546,0.740298,0.707754,0.653262,0.711688,0.678691,0.655432,0.779393,0.823298,0.690204,0.673855,0.676935,0.698271,0.706273,0.629114,0.708005,0.683741,0.762973,0.579926,0.683784,0.630199,0.736374,0.630948,0.765404,0.807577,0.744087,0.654855,0.540638,0.774473,0.544577,0.706255,0.693129,0.671157,0.799764,0.588327,0.790642,0.756205
0.557313,0.632976,0.617221,0.638499,0.661518,0.578284,0.579468,0.739798,0.595739,0.593832,0.579406,0.544905,0.609899,0.640804,0.648716,0.647078,0.713092,0.616002,0.739244,0.542549,0.548822,0.765616,0.663119,0.808226,0.651755,0.642364,0.665470,0.751756,0.712306,0.729402,0.762616,0.508396,0.806441,0.728324,0.742005,0.602592,0.664659,0.705497,0.648390,0.680558,0.662400,0.738748,0.698795,0.536204,0.644220,0.692328,0.619696,0.661175,0.717066,0.680637,0.727205,0.705445,0.782919,0.860083,0.678210,0.712403,0.746007,0.781799,0.676755,0.680105,0.756749,0.705175,0.817744,0.659052,0.727960,0.723079,0.641612,0.782286,0.660462,0.668446,0.622886,0.707187,0.634618,0.690011,0.707164,0.706986,0.747166,0.688408,0.753860,0.647936,0.608870,0.758814,0.771149,0.838159,0.734276,0.664452,0.737385,0.729561,0.751167,0.725506,0.672935,0.780618,0.709444,0.754900,0.847232,0.690832,0.767516,0.740498,0.781376,0.701105,0.650674,0.540680,0.740614,0.766064,0.701645,0.690765,0.854020,0.689284,0.760560,0.709458,0.787687,0.707673,0.647135,0.650167,0.755275,0.746938,0.860221,0.518494,0.746211,0.721960,0.674138,0.759655,0.694410,0.715302,0.705017,0.811132,0.745917,0.777855,0.735664,0.669054,0.705531,0.588841,0.678510,0.693864,0.722697,0.728209,0.691862,0.751064,0.560639,0.731539,0.673723,0.833720,0.808163,0.694785,0.730482,0.838677,0.747439,0.586872,0.612783,0.622038,0.766484,0.746215,0.775802,0.695352,0.667069,0.703148,0.785862,0.675883,0.683090,0.657110,0.245120,0.771646,0.734159,0.747137,0.765364,0.804371,0.705931,0.730258,0.822407,0.795210,0.645842,0.683293,0.832951,0.617000,0.698249,0.765178,0.723436,0.725887,0.746230,0.711850,0.725820,0.549763,0.707925,0.782049,0.738857,0.777213,0.772193,0.643717,0.789819,0.709472,0.725196,0.804033,0.733161,0.658948,0.691747,0.743968,0.766813,0.746718,0.629184,0.754865,0.829540,0.839766,0.676923,0.750298,0.672818,0.723003,0.000000,0.744066,0.728605,0.779610,0.827461,0.739452,0.734615,0.710881,0.742570,0.791501,0.714284,0.765611,0.786586,0.846117,0.723036,0.730467,0.748312,0.728266,0.837048,0.709213,0.773554,0.796561,0.785261,0.566666,0.681108,0.695970,0.675797,0.662647,0.750532,0.737952,0.749552,0.803317,0.742416,0.786831,0.753031,0.741553,0.685668,0.707827,0.710852,0.755639,0.784279,0.763781,0.693529,0.754176,0.633272,0.635026,0.672175,0.610008,0.772051,0.705174,0.343699,0.648456,0.691574,0.707397,0.828056,0.744883,0.805753,0.722650,0.688366,0.688681,0.848534,0.791141,0.698731,0.675302,0.789574,0.738480,0.796516,0.486042,0.318554,0.795496,0.750137,0.720136,0.749841,0.760090,0.585486,0.804988,0.777003,0.794407,0.731182,0.797667,0.775504,0.814294,0.776906,0.754824,0.799141,0.654823,0.707368,0.689379,0.735424,0.721579,0.733493,0.384352,0.774556,0.721180,0.741444,0.701513,0.748176,0.732952,0.780933,0.674072,0.671683,0.741058,0.714331,0.513859,0.719007,0.787918,0.790995,0.595087,0.542165,0.816296,0.666290,0.801426,0.725980,0.760658,0.692607,0.568911,0.726873,0.681977,0.483060,0.812058,0.607249,0.777476,0.850920,0.741818,0.575411,0.715257,0.730958,0.820307,0.724077,0.782548,0.846042,0.742358,0.393071,0.792229,0.706343,0.758831,0.717510,0.709865,0.793360,0.676374,0.797120,0.855009,0.720092,0.453074,0.628001,0.851277,0.675599,0.702098,0.744901,0.501430,0.660115,0.754911,0.701322,0.623831,0.581029,0.708478,0.796395,0.825564,0.595412,0.753546,0.406914,0.873517,0.870157,0.702181,0.713893,0.884631,0.866163,0.714297,0.751157,0.737626,0.662323,0.761114,0.808222,0.838042,0.777219,0.706210,0.601723,0.668962,0.818445,0.697657,0.771446,0.707816,0.704829,0.759359,0.757445,0.719630,0.735964,0.798485,0.713114,0.681439,0.664448,0.741983,0.702791,0.771223,0.720885,0.735850,0.783184,0.755017,0.765768,0.736560,0.556860,0.777922,0.708496,0.644101,0.580314,0.772387,0.695796,0.806724,0.736786,0.680448,0.640359,0.753410,0.704254,0.446237,0.748751,0.602315,0.303116,0.651376,0.763805,0.693074,0.610944,0.565550,0.772597,0.858502,0.605241,0.751931,0.581970,0.613190,0.695231,0.881516,0.665400,0.640272,0.826751,0.544672,0.604470,0.673666,0.636547,0.734932,0.783706,0.730124,0.749251,0.776077,0.696601,0.730541,0.803580,0.706115,0.823626,0.716047,0.779020,0.732524,0.809306,0.811462,0.778346,0.590798,0.709921,0.695562,0.608926,0.448642,0.704580,0.663709,0.432524,0.800524,0.653282,0.637409,0.821406,0.864355,0.730097,0.779299,0.826926,0.725812,0.622708,0.719367,0.739185,0.745911,0.701695,0.825407,0.733831,0.683611,0.807178,0.687928,0.746775,0.786264,0.634106,0.649370,0.707217,0.700753,0.750274,0.757741,0.495111,0.766483,0.612109,0.771469,0.665749,0.689588,0.645234
0.557954,0.470541,0.494047,0.459266,0.465201,0.586774,0.622044,0.509027,0.609527,0.506819,0.634950,0.586632,0.427063,0.579735,0.353657,0.399474,0.420082,0.663876,0.381436,0.697228,0.526997,0.565915,0.488907,0.502422,0.463596,0.564698,0.369001,0.432313,0.388756,0.382327,0.693472,0.487889,0.583909,0.580482,0.345241,0.567727,0.452504,0.520264,0.679333,0.497271,0.422452,0.658302,0.656502,0.671118,0.755658,0.587385,0.532800,0.506428,0.402762,0.625176,0.545989,0.713832,0.464188,0.654114,0.542679,0.550989,0.406200,0.437387,0.554994,0.572390,0.503426,0.532349,0.593732,0.647309,0.628149,0.338175,0.452876,0.469063,0.609665,0.805428,0.632338,0.505638,0.636726,0.581328,0.590733,0.658330,0.539236,0.384100,0.532303,0.650058,0.834936,0.576029,0.486288,0.635804,0.436598,0.668613,0.630093,0.452202,0.584834,0.596789,0.575946,0.447372,0.570810,0.340820,0.615375,0.685617,0.672286,0.509061,0.449564,0.564973,0.429006,0.647747,0.432743,0.493320,0.610513,0.467635,0.605028,0.502145,0.353084,0.573193,0.761475,0.439701,0.670674,0.550776,0.386849,0.512856,0.723952,0.784988,0.527793,0.390133,0.410135,0.525719,0.469249,0.606685,0.485318,0.438669,0.508315,0.432874,0.613440,0.571021,0.414115,0.705584,0.637469,0.313626,0.664635,0.417225,0.586846,0.671962,0.734622,0.426896,0.610687,0.589684,0.522727,0.598168,0.617438,0.544841,0.593300,0.519252,0.794823,0.685074,0.455712,0.553974,0.456901,0.464194,0.468179,0.462758,0.537290,0.825853,0.477556,0.641926,0.809150,0.624494,0.305613,0.454596,0.648037,0.405156,0.443916,0.742454,0.425169,0.445129,0.473960,0.455020,0.680772,0.619837,0.449256,0.578113,0.731795,0.564575,0.458931,0.668726,0.655449,0.640525,0.679760,0.513181,0.504220,0.688795,0.466728,0.639083,0.789328,0.639896,0.344315,0.473631,0.584702,0.635691,0.650251,0.427746,0.503685,0.364759,0.745844,0.639512,0.648933,0.642680,0.744684,0.423355,0.728764,0.623255,0.744066,0.000000,0.455129,0.682412,0.700595,0.384097,0.502107,0.699266,0.732431,0.515504,0.392051,0.829572,0.547844,0.635484,0.618475,0.563669,0.481815,0.458369,0.555235,0.567659,0.549413,0.684475,0.557079,0.706384,0.638438,0.625043,0.425470,0.607300,0.491364,0.223559,0.670794,0.505744,0.732281,0.493082,0.494473,0.431840,0.770849,0.569402,0.453969,0.577395,0.659561,0.411417,0.771608,0.538562,0.476136,0.516480,0.633049,0.717648,0.584425,0.466512,0.749670,0.656027,0.514052,0.742114,0.673472,0.610100,0.529109,0.556916,0.753573,0.488480,0.545357,0.581274,0.631335,0.506575,0.578018,0.376583,0.570400,0.733982,0.731915,0.529473,0.566380,0.427331,0.493343,0.494378,0.683052,0.748395,0.699967,0.501665,0.565494,0.544885,0.676512,0.612726,0.502188,0.603906,0.674014,0.808153,0.688688,0.620443,0.591888,0.390228,0.497545,0.809482,0.512934,0.507363,0.431468,0.512638,0.491681,0.556732,0.635312,0.545276,0.563082,0.613780,0.478180,0.794021,0.449184,0.503432,0.455255,0.562543,0.793224,0.551857,0.559722,0.448204,0.490183,0.586564,0.440391,0.799564,0.691182,0.453835,0.826803,0.784281,0.579946,0.513678,0.696742,0.491290,0.800489,0.653759,0.635304,0.559519,0.654287,0.603551,0.692785,0.494754,0.831307,0.604428,0.541919,0.732146,0.599291,0.550501,0.721319,0.734136,0.516735,0.648253,0.555263,0.812005,0.768291,0.715367,0.552139,0.670236,0.616924,0.818195,0.779346,0.523575,0.338312,0.809541,0.776189,0.551894,0.634296,0.565925,0.754503,0.509672,0.738189,0.675075,0.659727,0.577672,0.589721,0.738760,0.564990,0.485964,0.817408,0.617598,0.604581,0.490320,0.522105,0.584038,0.500056,0.591809,0.745801,0.599017,0.573711,0.718942,0.591043,0.585518,0.718788,0.484212,0.701045,0.551249,0.751234,0.404024,0.720049,0.534911,0.537164,0.705680,0.657749,0.534832,0.809519,0.575343,0.379042,0.479331,0.443226,0.682664,0.780809,0.344405,0.767363,0.766184,0.600548,0.771783,0.731995,0.481760,0.627033,0.542223,0.560950,0.626372,0.743824,0.843213,0.761107,0.601875,0.863690,0.638523,0.545649,0.444987,0.654010,0.628158,0.546979,0.681774,0.810118,0.580634,0.825124,0.721487,0.376571,0.696376,0.809113,0.747282,0.583516,0.571389,0.656521,0.781035,0.672003,0.510760,0.616781,0.582692,0.723785,0.668527,0.524544,0.647641,0.611460,0.788080,0.642316,0.557155,0.643493,0.511483,0.544114,0.754344,0.663497,0.808672,0.563000,0.526929,0.722232,0.783317,0.783931,0.640403,0.831555,0.651556,0.676965,0.487421,0.571741,0.686422,0.610787,0.571997,0.610822,0.804464,0.647082,0.602060,0.754566,0.595702,0.547875,0.803718,0.601339,0.489823,0.520614,0.633544,0.439089,0.611246,0.643233,0.652795,0.774488,0.708047,0.582146,0.690748,0.858793,0.303943,0.644623,0.509335,0.520899,0.585794,0.634707
0.558200,0.495637,0.575203,0.608316,0.542374,0.593509,0.620990,0.574984,0.616339,0.557865,0.639468,0.545830,0.404076,0.573675,0.367426,0.496894,0.505073,0.609881,0.461257,0.667211,0.489791,0.627496,0.516675,0.555772,0.537766,0.590853,0.446362,0.509342,0.499379,0.465546,0.649998,0.507518,0.621969,0.510525,0.477441,0.625254,0.490105,0.594147,0.686932,0.629462,0.466590,0.681239,0.703301,0.655897,0.718484,0.484759,0.586167,0.591900,0.439193,0.655425,0.607549,0.693102,0.541554,0.700146,0.570187,0.389833,0.541307,0.488501,0.553030,0.597164,0.518007,0.577568,0.572446,0.730454,0.613412,0.451371,0.540668,0.522741,0.553721,0.712338,0.640574,0.528240,0.677390,0.626767,0.508313,0.614939,0.607575,0.456503,0.599219,0.680110,0.790263,0.607619,0.540676,0.641998,0.542744,0.688131,0.718235,0.512114,0.598680,0.600424,0.593034,0.565159,0.646663,0.470623,0.600975,0.655636,0.585683,0.530317,0.626631,0.617251,0.484369,0.472578,0.525973,0.584525,0.547446,0.531744,0.637446,0.536508,0.463534,0.644726,0.761839,0.510333,0.723301,0.603760,0.556193,0.536580,0.723943,0.726615,0.639359,0.551767,0.538421,0.568406,0.537875,0.534003,0.477197,0.658774,0.629503,0.491595,0.498827,0.605530,0.548513,0.730324,0.647771,0.462605,0.607004,0.488417,0.530742,0.506321,0.636014,0.509564,0.612175,0.641165,0.637628,0.592064,0.611882,0.591866,0.612375,0.452807,0.694607,0.543122,0.558330,0.530416,0.540217,0.525260,0.603143,0.518166,0.620176,0.689718,0.460291,0.545035,0.729930,0.620356,0.481592,0.559682,0.680159,0.513076,0.434798,0.652395,0.495756,0.467612,0.522353,0.445443,0.663441,0.667410,0.464761,0.691077,0.613999,0.593588,0.550254,0.630912,0.708186,0.624747,0.725572,0.535091,0.528254,0.705037,0.518656,0.646530,0.713931,0.661365,0.524044,0.651401,0.525062,0.706715,0.558133,0.520163,0.577951,0.444502,0.733159,0.624184,0.618603,0.647689,0.601120,0.555421,0.734229,0.700935,0.728605,0.455129,0.000000,0.673194,0.682663,0.552479,0.451579,0.621482,0.740079,0.568914,0.511734,0.789571,0.649668,0.676439,0.532485,0.640734,0.539228,0.634564,0.618349,0.535998,0.632346,0.613386,0.561029,0.679988,0.707693,0.535779,0.536097,0.560164,0.583114,0.510774,0.713884,0.589500,0.678178,0.607582,0.577463,0.506109,0.716261,0.559005,0.598777,0.504252,0.703996,0.523750,0.685207,0.605396,0.510761,0.502877,0.668904,0.686510,0.505219,0.518189,0.710487,0.579633,0.582481,0.665304,0.696735,0.603201,0.628163,0.604178,0.655742,0.580037,0.651445,0.653248,0.498359,0.561962,0.678455,0.495464,0.647087,0.739177,0.685993,0.641208,0.662007,0.431562,0.519873,0.614238,0.631080,0.668916,0.527961,0.566751,0.548436,0.649061,0.577839,0.650889,0.555673,0.541959,0.608819,0.836680,0.571811,0.656717,0.575379,0.514170,0.490924,0.712236,0.575942,0.516558,0.396233,0.541908,0.512350,0.656851,0.658330,0.508689,0.518075,0.651930,0.618244,0.754727,0.587804,0.626474,0.531906,0.639588,0.683788,0.601878,0.555359,0.659561,0.544027,0.576254,0.615748,0.688665,0.689229,0.593022,0.691877,0.729763,0.430326,0.595032,0.704889,0.480223,0.695246,0.506767,0.629606,0.650400,0.656742,0.678556,0.725807,0.593083,0.816478,0.651401,0.569877,0.818598,0.659692,0.386781,0.694303,0.657338,0.602628,0.634641,0.611953,0.805913,0.694004,0.660797,0.670060,0.644026,0.576698,0.701844,0.819516,0.662244,0.598525,0.810075,0.661288,0.552167,0.602831,0.674802,0.698530,0.575573,0.730494,0.601767,0.747832,0.603976,0.602554,0.721310,0.658329,0.511249,0.721868,0.646928,0.624062,0.576100,0.631738,0.656478,0.608051,0.638877,0.611750,0.668046,0.667092,0.698885,0.638117,0.599136,0.705591,0.548000,0.725349,0.598095,0.707308,0.631839,0.670652,0.431552,0.585738,0.689181,0.541379,0.567543,0.813969,0.656834,0.582005,0.560758,0.602916,0.788707,0.715859,0.537567,0.806983,0.600471,0.524693,0.717795,0.608115,0.581029,0.754764,0.604849,0.524697,0.731892,0.673992,0.779446,0.798960,0.629942,0.805606,0.616603,0.612140,0.403783,0.697638,0.541525,0.523024,0.695493,0.651810,0.480414,0.764935,0.761322,0.513694,0.693048,0.797803,0.763093,0.576181,0.656772,0.612782,0.709865,0.555583,0.549268,0.576917,0.655420,0.709870,0.654504,0.528937,0.645048,0.616190,0.744262,0.747348,0.713130,0.546589,0.532121,0.688564,0.732374,0.579085,0.729671,0.677551,0.559250,0.598406,0.716334,0.745452,0.637563,0.803512,0.688214,0.608728,0.487431,0.631616,0.725436,0.535457,0.589074,0.606712,0.765325,0.622750,0.625445,0.648805,0.456200,0.632344,0.804112,0.658298,0.543313,0.495795,0.591339,0.499817,0.640297,0.596803,0.578198,0.675682,0.642979,0.482641,0.616343,0.739202,0.518571,0.606317,0.553107,0.556999,0.499374,0.455490
0.558204,0.573906,0.575153,0.644895,0.578641,0.686990,0.578823,0.592357,0.669193,0.632596,0.590053,0.615667,0.605612,0.651475,0.577784,0.596533,0.628900,0.600437,0.567413,0.645495,0.613940,0.627596,0.647387,0.691556,0.648389,0.669962,0.635688,0.616814,0.621277,0.631731,0.565009,0.619893,0.617862,0.636890,0.652325,0.707489,0.657570,0.649644,0.645357,0.690826,0.643545,0.569998,0.609581,0.556193,0.704822,0.713362,0.613614,0.685862,0.488341,0.709537,0.596458,0.563897,0.698240,0.657368,0.632491,0.657441,0.555994,0.647998,0.681682,0.594230,0.639625,0.627257,0.613312,0.577053,0.676432,0.649815,0.638212,0.659342,0.665152,0.495875,0.662485,0.624867,0.688421,0.710073,0.659980,0.633398,0.647571,0.640912,0.652424,0.696651,0.662097,0.701675,0.642739,0.620118,0.667241,0.728175,0.711404,0.632176,0.709638,0.601191,0.632337,0.644868,0.701070,0.578137,0.672813,0.761072,0.511337,0.608241,0.658861,0.724212,0.558748,0.733098,0.641627,0.626009,0.642763,0.664117,0.555514,0.633465,0.614935,0.700667,0.642379,0.683836,0.673526,0.686546,0.534943,0.607005,0.655856,0.748735,0.709894,0.667318,0.623180,0.705055,0.673823,0.794301,0.713746,0.660617,0.590281,0.630155,0.540090,0.742129,0.624413,0.653555,0.643142,0.644062,0.729574,0.633650,0.655481,0.629872,0.665336,0.672758,0.715867,0.696594,0.612114,0.635478,0.598271,0.754014,0.629336,0.683704,0.640333,0.699016,0.643455,0.692514,0.631809,0.640813,0.653141,0.714924,0.669821,0.681160,0.619144,0.611253,0.736276,0.683475,0.689694,0.660675,0.692058,0.642554,0.618948,0.758560,0.651513,0.704850,0.686642,0.649352,0.644080,0.689843,0.636972,0.624171,0.668781,0.604793,0.686889,0.682095,0.721322,0.744153,0.650539,0.607387,0.665431,0.533297,0.657690,0.671760,0.698560,0.716183,0.699891,0.655593,0.686870,0.738264,0.645173,0.620602,0.666038,0.651531,0.652086,0.608254,0.663572,0.647386,0.656974,0.664298,0.597646,0.628604,0.779610,0.682412,0.673194,0.000000,0.652831,0.734152,0.676228,0.770042,0.693418,0.688082,0.643784,0.680288,0.641199,0.665168,0.661946,0.714826,0.642209,0.588335,0.675035,0.683969,0.663250,0.672953,0.679941,0.743345,0.710638,0.629716,0.688506,0.663166,0.611824,0.690746,0.663459,0.800760,0.679296,0.572140,0.639658,0.658784,0.649060,0.688476,0.642200,0.601541,0.614058,0.590968,0.632748,0.581742,0.663300,0.693465,0.681881,0.678386,0.672126,0.659752,0.738999,0.718373,0.778955,0.717034,0.556405,0.702831,0.627699,0.726045,0.577157,0.723148,0.618479,0.707329,0.620724,0.736968,0.655098,0.699489,0.632700,0.829064,0.762479,0.623909,0.692560,0.627040,0.656602,0.626004,0.696037,0.761459,0.757294,0.667765,0.780916,0.647950,0.650515,0.639058,0.625523,0.678611,0.651728,0.815782,0.689315,0.756199,0.666323,0.644982,0.679735,0.799377,0.571598,0.660280,0.666894,0.762594,0.695497,0.713945,0.671093,0.647584,0.731282,0.617510,0.726971,0.760500,0.625854,0.746348,0.568108,0.624682,0.713563,0.703834,0.657990,0.662685,0.695020,0.735867,0.666233,0.686487,0.629213,0.606771,0.678952,0.592156,0.683298,0.620177,0.629146,0.612495,0.716526,0.645445,0.605359,0.642684,0.581905,0.644662,0.720470,0.717705,0.709323,0.726870,0.592723,0.627906,0.681203,0.714055,0.687370,0.725906,0.727201,0.612037,0.621873,0.853522,0.747984,0.657796,0.807029,0.650200,0.658571,0.682705,0.753036,0.657565,0.643297,0.751415,0.726034,0.719624,0.734339,0.733638,0.745608,0.642142,0.783869,0.611609,0.747929,0.597398,0.661954,0.521821,0.742392,0.657587,0.669675,0.827295,0.651003,0.632407,0.675423,0.663817,0.678580,0.670867,0.578333,0.727156,0.577486,0.731797,0.704427,0.689732,0.723726,0.660429,0.795857,0.672056,0.648553,0.664326,0.705971,0.722756,0.674123,0.673755,0.737567,0.629021,0.656239,0.713089,0.652572,0.718681,0.678893,0.682616,0.743791,0.630289,0.682425,0.653806,0.606574,0.690552,0.667157,0.589310,0.757370,0.707425,0.665144,0.571889,0.651677,0.805262,0.686911,0.724687,0.773916,0.703235,0.667993,0.648902,0.757721,0.691481,0.714915,0.654249,0.699234,0.661286,0.749915,0.693277,0.729213,0.661368,0.735761,0.706751,0.708516,0.696620,0.663194,0.711064,0.749976,0.675836,0.726172,0.703919,0.726748,0.628867,0.759965,0.657068,0.677434,0.695011,0.708018,0.630099,0.699292,0.736629,0.670235,0.653549,0.578105,0.698698,0.683246,0.640541,0.689930,0.783482,0.589695,0.718683,0.794138,0.769861,0.712228,0.737699,0.658681,0.712308,0.683066,0.713569,0.691044,0.636611,0.708177,0.810454,0.726410,0.709902,0.678940,0.775061,0.713654,0.725250,0.654096,0.768107,0.723221,0.703247,0.632451,0.776549,0.698489,0.716603,0.751941,0.646091,0.728176,0.687166,0.749079,0.709404,0.736567,0.704991,0.692957
0.558362,0.606579,0.758222,0.695926,0.763128,0.758677,0.733427,0.723046,0.746518,0.749536,0.746101,0.755289,0.473815,0.696871,0.487348,0.622923,0.604907,0.638008,0.611613,0.765655,0.669490,0.556189,0.702873,0.687555,0.745305,0.764740,0.661703,0.524258,0.696814,0.558235,0.520661,0.745420,0.255404,0.483505,0.531223,0.734573,0.683673,0.643472,0.676233,0.718049,0.636167,0.461997,0.480750,0.793821,0.759070,0.726855,0.690311,0.738202,0.617525,0.745047,0.751748,0.397099,0.422728,0.308788,0.725081,0.589611,0.690159,0.727003,0.750496,0.702488,0.438376,0.794153,0.329226,0.633289,0.745556,0.596687,0.740109,0.474727,0.587166,0.613656,0.687209,0.495620,0.779936,0.786563,0.603456,0.560564,0.729849,0.661597,0.739842,0.818264,0.759240,0.758851,0.580026,0.283856,0.739115,0.772913,0.811641,0.733988,0.549305,0.716577,0.667768,0.715680,0.817197,0.663708,0.514084,0.721823,0.546556,0.514043,0.692130,0.737527,0.709381,0.665937,0.682182,0.756546,0.532191,0.710118,0.270094,0.691352,0.618608,0.823357,0.384245,0.726337,0.761896,0.800637,0.670274,0.726531,0.342798,0.740099,0.701954,0.737850,0.724802,0.760151,0.732465,0.741846,0.631669,0.614609,0.791728,0.500145,0.582682,0.730400,0.709733,0.811177,0.786004,0.676431,0.691813,0.726295,0.607889,0.651368,0.567862,0.559553,0.728588,0.413689,0.710201,0.633794,0.793399,0.425942,0.686174,0.581243,0.595553,0.709276,0.724741,0.545816,0.709033,0.759684,0.812624,0.687671,0.695976,0.625739,0.670460,0.758064,0.791880,0.729581,0.697249,0.722693,0.809509,0.487463,0.749038,0.713039,0.724178,0.665986,0.707165,0.649454,0.279482,0.721441,0.564386,0.719301,0.514225,0.682687,0.676081,0.712546,0.733763,0.664976,0.723185,0.681818,0.801751,0.421268,0.484408,0.767797,0.673321,0.813984,0.663587,0.709931,0.629438,0.766611,0.750198,0.674373,0.649647,0.589881,0.762694,0.721870,0.290267,0.090382,0.635398,0.698066,0.419153,0.731954,0.827461,0.700595,0.682663,0.652831,0.000000,0.639183,0.502479,0.665045,0.862409,0.782970,0.671070,0.405041,0.767171,0.454668,0.622453,0.763550,0.550003,0.732159,0.752920,0.679797,0.724130,0.418244,0.602388,0.777015,0.683260,0.716089,0.742598,0.808452,0.780706,0.689591,0.693336,0.753570,0.865542,0.761176,0.699050,0.707100,0.729172,0.635804,0.778987,0.544263,0.538862,0.688075,0.733488,0.718278,0.755845,0.685186,0.749630,0.824022,0.535550,0.757258,0.728452,0.704475,0.851461,0.784541,0.276571,0.502358,0.770702,0.821920,0.561398,0.733332,0.656656,0.764488,0.682413,0.838770,0.685537,0.719289,0.736549,0.822222,0.760645,0.774834,0.667573,0.663342,0.762190,0.722848,0.678149,0.816447,0.757072,0.721582,0.692175,0.761283,0.559182,0.644725,0.705028,0.548842,0.582241,0.784970,0.638133,0.802226,0.766089,0.666669,0.665877,0.769377,0.734174,0.753409,0.717556,0.767256,0.567120,0.822921,0.821457,0.686898,0.663547,0.716264,0.787696,0.787243,0.739865,0.707763,0.693751,0.696765,0.760916,0.572020,0.685666,0.735561,0.669103,0.473704,0.779570,0.691721,0.680958,0.680722,0.723545,0.409825,0.627223,0.719127,0.549179,0.640211,0.790198,0.648914,0.506638,0.691144,0.625293,0.770051,0.348125,0.728557,0.811957,0.827918,0.771449,0.514473,0.811731,0.596019,0.347915,0.680131,0.752944,0.339689,0.723708,0.798392,0.722587,0.390195,0.886410,0.704898,0.552773,0.758676,0.715391,0.697343,0.730235,0.728700,0.770038,0.603311,0.744899,0.768735,0.701724,0.700846,0.801166,0.363658,0.435749,0.576445,0.664234,0.513681,0.792621,0.757947,0.497446,0.763202,0.734625,0.720455,0.774901,0.431713,0.721504,0.766306,0.649688,0.763742,0.783270,0.751167,0.800654,0.664239,0.735420,0.768272,0.810078,0.705451,0.491488,0.703125,0.770442,0.634217,0.777820,0.705609,0.647806,0.717019,0.766776,0.742974,0.758316,0.688883,0.737202,0.765737,0.834329,0.746669,0.675640,0.740218,0.544974,0.762213,0.721521,0.760227,0.796999,0.769293,0.802591,0.749753,0.728684,0.856454,0.674587,0.726575,0.815479,0.711935,0.760214,0.630567,0.717925,0.696047,0.788357,0.411537,0.780359,0.573636,0.615449,0.804227,0.702280,0.435984,0.694234,0.829577,0.499551,0.701526,0.705889,0.785158,0.789987,0.709210,0.655672,0.825390,0.826199,0.839341,0.640992,0.705237,0.772206,0.854639,0.748435,0.650695,0.723548,0.709026,0.649271,0.425722,0.752190,0.628327,0.675620,0.771366,0.784693,0.770580,0.626467,0.747253,0.832778,0.866679,0.646421,0.682950,0.683898,0.447617,0.668149,0.802121,0.779136,0.577819,0.742010,0.773691,0.796517,0.670766,0.793596,0.389532,0.706842,0.632403,0.735050,0.790963,0.622647,0.835636,0.736651,0.851393,0.651738,0.775014,0.710800,0.753499,0.795424,0.632881,0.727208,0.750371,0.701420,0.569680,0.657254
0.558516,0.516023,0.546517,0.581439,0.546847,0.615948,0.735550,0.542105,0.681898,0.608572,0.740632,0.668541,0.458885,0.621004,0.500038,0.491706,0.442060,0.695003,0.474559,0.733681,0.544061,0.523476,0.554322,0.567897,0.533137,0.648241,0.469807,0.431917,0.437377,0.414004,0.678578,0.542487,0.533313,0.569496,0.183139,0.669001,0.549282,0.565466,0.728989,0.496720,0.410688,0.744547,0.656012,0.686490,0.763173,0.559716,0.603916,0.475642,0.460801,0.688256,0.661693,0.735808,0.503027,0.636362,0.603287,0.509316,0.488816,0.524632,0.653292,0.638393,0.544524,0.621038,0.535404,0.699191,0.628073,0.387910,0.494045,0.469010,0.637224,0.736691,0.652707,0.561643,0.705080,0.670817,0.569475,0.719198,0.610736,0.464911,0.576144,0.719418,0.856484,0.644973,0.578829,0.602379,0.445234,0.733519,0.643418,0.476561,0.615778,0.660946,0.719044,0.524481,0.646876,0.447014,0.589111,0.749949,0.750350,0.524963,0.573668,0.637483,0.551294,0.592676,0.551879,0.632299,0.554337,0.575284,0.615001,0.595291,0.312616,0.640956,0.708593,0.425162,0.674737,0.646571,0.523317,0.541183,0.672903,0.768856,0.607649,0.519819,0.540148,0.500624,0.520407,0.582729,0.550486,0.483035,0.595063,0.462768,0.654595,0.604252,0.548672,0.766638,0.713085,0.484390,0.640586,0.446557,0.576445,0.744503,0.811877,0.463816,0.700057,0.533843,0.539269,0.698815,0.681553,0.523992,0.654035,0.532060,0.785860,0.619591,0.432463,0.509057,0.500984,0.486470,0.576709,0.544222,0.686274,0.822605,0.514212,0.668788,0.749159,0.641654,0.507414,0.400111,0.618753,0.441870,0.455862,0.697919,0.503076,0.452167,0.602070,0.514763,0.667744,0.700441,0.518171,0.595016,0.683000,0.580701,0.517355,0.769946,0.611480,0.591105,0.773596,0.599566,0.537002,0.717435,0.531355,0.669106,0.758665,0.692605,0.523556,0.545864,0.541195,0.725812,0.739721,0.468155,0.580294,0.415351,0.859789,0.621564,0.554361,0.602301,0.668587,0.405191,0.753719,0.610152,0.739452,0.384097,0.552479,0.734152,0.639183,0.000000,0.490770,0.606793,0.768281,0.445749,0.202080,0.769974,0.642820,0.621687,0.627622,0.569799,0.549102,0.515308,0.618221,0.493386,0.470210,0.648127,0.495969,0.633211,0.601913,0.725683,0.528481,0.599145,0.602312,0.503764,0.714008,0.637433,0.781154,0.608172,0.445541,0.309261,0.662602,0.603542,0.584090,0.559027,0.717767,0.493422,0.675667,0.668105,0.571053,0.513036,0.727310,0.745940,0.555660,0.490463,0.684266,0.666340,0.583855,0.712527,0.667652,0.635801,0.640830,0.672553,0.684327,0.591057,0.537863,0.571308,0.609293,0.594432,0.653936,0.501883,0.623110,0.763483,0.678896,0.618748,0.630171,0.484614,0.479357,0.559895,0.600014,0.667682,0.620197,0.401845,0.570209,0.676314,0.620497,0.666148,0.494541,0.602812,0.702588,0.786387,0.661676,0.631716,0.697268,0.553436,0.492818,0.762154,0.591134,0.561185,0.464626,0.525704,0.494628,0.663422,0.631934,0.527669,0.603237,0.708939,0.502179,0.775324,0.478119,0.671684,0.484147,0.621679,0.711464,0.578525,0.646521,0.566705,0.408963,0.607992,0.477114,0.728686,0.782258,0.544490,0.781397,0.703219,0.530824,0.649724,0.742902,0.570181,0.679446,0.617093,0.572365,0.576789,0.743853,0.724224,0.669141,0.577573,0.857960,0.566814,0.523235,0.725593,0.653418,0.670474,0.644753,0.722019,0.645889,0.673710,0.544876,0.782391,0.848829,0.652912,0.592942,0.763053,0.597929,0.795742,0.722144,0.602068,0.456692,0.750116,0.762152,0.583030,0.592476,0.682304,0.784920,0.526547,0.635835,0.684632,0.655424,0.554716,0.617673,0.754592,0.582573,0.540235,0.751020,0.673722,0.697216,0.519645,0.588380,0.570422,0.437464,0.684291,0.713302,0.671957,0.668826,0.673967,0.588466,0.617869,0.748357,0.547275,0.673449,0.689213,0.669796,0.516791,0.780159,0.566221,0.639784,0.780476,0.695235,0.565778,0.775929,0.748412,0.444192,0.552561,0.533070,0.740310,0.783253,0.442329,0.833444,0.755485,0.560442,0.732713,0.682999,0.613784,0.666153,0.607631,0.577400,0.624289,0.768506,0.815972,0.831459,0.647157,0.786057,0.656803,0.565537,0.500715,0.655766,0.566089,0.507647,0.669877,0.716970,0.539142,0.741684,0.764227,0.397408,0.648405,0.789092,0.756223,0.508243,0.667504,0.596105,0.695558,0.782546,0.566612,0.600382,0.447978,0.651622,0.655309,0.558421,0.680301,0.596857,0.795737,0.743501,0.707441,0.568174,0.597529,0.497986,0.734816,0.695769,0.818163,0.623662,0.506687,0.660128,0.784751,0.819899,0.763869,0.818878,0.683329,0.603999,0.535480,0.553621,0.635519,0.617903,0.571123,0.572939,0.814117,0.630112,0.634375,0.753766,0.580528,0.639287,0.671278,0.638601,0.453885,0.547918,0.607969,0.211758,0.602966,0.663582,0.711972,0.802916,0.734283,0.530850,0.742162,0.853521,0.373741,0.605918,0.548375,0.503662,0.584670,0.510780
0.558649,0.512739,0.651291,0.669491,0.601625,0.693328,0.766968,0.624806,0.741492,0.663308,0.743330,0.727892,0.332464,0.689753,0.358414,0.557254,0.524606,0.664215,0.559267,0.746385,0.573511,0.564359,0.596274,0.642342,0.661898,0.685603,0.512055,0.419308,0.574814,0.318938,0.528803,0.579973,0.398823,0.429069,0.366242,0.728705,0.578542,0.616779,0.749893,0.592916,0.466951,0.582094,0.565801,0.747808,0.754719,0.555540,0.651643,0.578363,0.496108,0.781066,0.679367,0.533239,0.386603,0.451413,0.692903,0.482073,0.532129,0.609813,0.660514,0.699544,0.283247,0.721620,0.391567,0.625408,0.672699,0.496071,0.605852,0.284708,0.556824,0.631976,0.584663,0.340198,0.763052,0.711185,0.376735,0.557822,0.692922,0.520021,0.655753,0.768618,0.867956,0.706123,0.596272,0.372301,0.557236,0.749996,0.732112,0.618016,0.488083,0.718106,0.696074,0.578625,0.656841,0.540084,0.476486,0.699816,0.516935,0.353021,0.644339,0.613754,0.516624,0.532917,0.576615,0.633016,0.380817,0.597509,0.453410,0.620749,0.451930,0.724221,0.530814,0.522113,0.774757,0.656463,0.535428,0.626177,0.487016,0.732700,0.645909,0.600397,0.629699,0.628474,0.562157,0.573973,0.553154,0.518410,0.674335,0.455817,0.537957,0.693312,0.611440,0.749215,0.702442,0.519288,0.651176,0.574745,0.469211,0.638577,0.614574,0.482197,0.718413,0.359202,0.650844,0.565370,0.722994,0.389649,0.644551,0.534324,0.643746,0.576389,0.580615,0.338726,0.616366,0.580299,0.637645,0.685862,0.692181,0.754685,0.535757,0.719161,0.793558,0.701229,0.568432,0.602434,0.761371,0.425597,0.569723,0.711643,0.605157,0.504577,0.646017,0.480043,0.480329,0.725465,0.389619,0.649949,0.481717,0.687823,0.541674,0.675759,0.687434,0.575802,0.724296,0.624865,0.559126,0.513907,0.333743,0.672272,0.649986,0.725820,0.572637,0.645228,0.481586,0.696630,0.630545,0.578428,0.644274,0.482230,0.792608,0.717630,0.372100,0.415162,0.570102,0.563567,0.563076,0.749856,0.734615,0.502107,0.451579,0.676228,0.502479,0.490770,0.000000,0.570698,0.772163,0.619896,0.532055,0.559076,0.685274,0.478922,0.511249,0.669022,0.379659,0.669199,0.685910,0.566780,0.643618,0.439866,0.481006,0.689743,0.661190,0.550042,0.554492,0.605341,0.705318,0.623653,0.715729,0.744878,0.770846,0.633224,0.595119,0.525659,0.694046,0.560624,0.631985,0.398413,0.576381,0.537655,0.731213,0.700613,0.530140,0.527508,0.718590,0.736039,0.433691,0.560514,0.737323,0.621811,0.622092,0.734318,0.432603,0.444787,0.660804,0.664314,0.538712,0.642381,0.625995,0.654406,0.529365,0.665647,0.723405,0.625028,0.646774,0.785250,0.673243,0.678444,0.535567,0.483570,0.557388,0.650263,0.587716,0.737324,0.604888,0.610464,0.603970,0.711904,0.504178,0.673808,0.606932,0.454065,0.542324,0.872398,0.538157,0.722153,0.746642,0.571118,0.434246,0.743064,0.656925,0.577082,0.543554,0.509173,0.414582,0.682204,0.767968,0.525695,0.542355,0.665251,0.671137,0.776526,0.574391,0.651035,0.584654,0.687956,0.750597,0.481275,0.599945,0.651541,0.530461,0.379051,0.660352,0.663396,0.722696,0.598438,0.696622,0.508208,0.473756,0.686966,0.499994,0.450727,0.788589,0.509506,0.513218,0.647287,0.651308,0.818865,0.408214,0.653587,0.810883,0.676241,0.630551,0.616718,0.742668,0.552318,0.476000,0.689269,0.665353,0.482112,0.619822,0.826212,0.791470,0.525987,0.767057,0.715980,0.469553,0.780686,0.732148,0.604001,0.658284,0.743560,0.695031,0.595419,0.593850,0.750591,0.698030,0.634380,0.676477,0.412418,0.461398,0.487936,0.542527,0.631356,0.684513,0.620471,0.590147,0.669967,0.588936,0.647028,0.676997,0.448298,0.594614,0.750040,0.648835,0.683196,0.707799,0.711161,0.695627,0.593219,0.714753,0.549401,0.720163,0.632993,0.507329,0.608591,0.810031,0.469890,0.606842,0.761159,0.581403,0.621645,0.756404,0.708576,0.648534,0.587323,0.682466,0.769926,0.780630,0.608934,0.825169,0.689393,0.483320,0.734738,0.631034,0.630246,0.741103,0.676779,0.621600,0.719090,0.707017,0.796788,0.756257,0.637934,0.793445,0.640557,0.679074,0.523651,0.679253,0.604044,0.611873,0.519376,0.746270,0.390235,0.629504,0.743086,0.553006,0.481989,0.739474,0.836944,0.384440,0.628728,0.641831,0.745027,0.685893,0.512519,0.556439,0.660315,0.710519,0.727558,0.547450,0.663972,0.686666,0.831641,0.825621,0.588927,0.461123,0.592326,0.619444,0.507861,0.633139,0.747051,0.650289,0.611189,0.719716,0.813472,0.745698,0.685686,0.767946,0.819805,0.550252,0.571410,0.607787,0.526031,0.508830,0.673883,0.684148,0.694193,0.646950,0.543782,0.784252,0.541531,0.654901,0.545354,0.634394,0.483371,0.628696,0.630787,0.488418,0.666956,0.618334,0.659793,0.717620,0.759570,0.461671,0.747865,0.835732,0.504641,0.587430,0.606303,0.621051,0.443836,0.534095
0.558771,0.564767,0.575865,0.601455,0.613833,0.561834,0.656358,0.531296,0.714202,0.623097,0.649872,0.634377,0.537306,0.513574,0.542191,0.530305,0.605418,0.570340,0.630805,0.733903,0.639422,0.605424,0.697534,0.562081,0.663688,0.646556,0.597481,0.557371,0.587254,0.526339,0.675685,0.511430,0.668819,0.544291,0.549865,0.687030,0.615490,0.626925,0.734886,0.604440,0.504478,0.670197,0.719669,0.668045,0.745451,0.652173,0.624896,0.575375,0.603800,0.680863,0.631986,0.604723,0.617516,0.716809,0.630942,0.557868,0.566635,0.558403,0.602490,0.657627,0.565137,0.679964,0.677275,0.670978,0.642280,0.633408,0.572613,0.511298,0.614163,0.644654,0.665095,0.578325,0.729359,0.665645,0.542922,0.700574,0.609273,0.526552,0.560265,0.741974,0.675104,0.599537,0.645354,0.682001,0.632146,0.729819,0.591624,0.594378,0.661393,0.760362,0.696341,0.567003,0.623760,0.664330,0.636219,0.697123,0.651447,0.552728,0.703542,0.699474,0.554554,0.646714,0.587293,0.660897,0.516741,0.653851,0.673342,0.662352,0.616670,0.714764,0.713177,0.591361,0.671965,0.656961,0.661390,0.603798,0.659293,0.655257,0.635980,0.728924,0.662693,0.613857,0.577021,0.649600,0.639199,0.603203,0.611079,0.603872,0.618044,0.608807,0.627332,0.621205,0.705042,0.662709,0.700221,0.598969,0.362228,0.714075,0.585476,0.664944,0.712126,0.600076,0.603020,0.700176,0.718305,0.652938,0.564632,0.562623,0.693078,0.679712,0.597144,0.595227,0.599346,0.644073,0.685229,0.690061,0.730643,0.756003,0.607609,0.707489,0.764135,0.678588,0.679609,0.626318,0.733667,0.661495,0.617677,0.722999,0.608098,0.644583,0.736378,0.551977,0.697446,0.646012,0.598421,0.677397,0.703928,0.640520,0.597137,0.740168,0.632657,0.607616,0.688902,0.660457,0.667661,0.661812,0.604697,0.632280,0.774019,0.709473,0.661397,0.581289,0.550671,0.755516,0.731192,0.654741,0.618358,0.613846,0.747119,0.639847,0.644771,0.663844,0.708358,0.620320,0.660411,0.678797,0.710881,0.699266,0.621482,0.770042,0.665045,0.606793,0.570698,0.000000,0.711504,0.617847,0.657743,0.753487,0.692322,0.592082,0.613598,0.635763,0.604328,0.683127,0.654270,0.576451,0.600308,0.749254,0.555118,0.531964,0.707503,0.711673,0.587077,0.598109,0.624867,0.700199,0.735058,0.723002,0.750851,0.712413,0.579502,0.642268,0.767867,0.709863,0.692910,0.586381,0.714925,0.596800,0.699112,0.674324,0.634434,0.605205,0.701218,0.545372,0.581204,0.647155,0.667829,0.717325,0.659520,0.734888,0.718030,0.644038,0.697442,0.709384,0.742818,0.635534,0.560495,0.698877,0.651105,0.677835,0.700182,0.728451,0.709059,0.618405,0.661532,0.695769,0.616060,0.638007,0.693603,0.621028,0.694837,0.566453,0.614119,0.625368,0.699880,0.739157,0.581139,0.663238,0.657558,0.642158,0.690367,0.675395,0.650396,0.608099,0.642352,0.660810,0.657254,0.671881,0.629894,0.656748,0.697592,0.680232,0.615364,0.752623,0.676600,0.677755,0.676000,0.687877,0.676784,0.665178,0.660655,0.738157,0.650574,0.729326,0.680659,0.693618,0.610259,0.603481,0.584632,0.602680,0.735649,0.725511,0.747119,0.711163,0.676353,0.743063,0.528249,0.701775,0.726952,0.618899,0.637728,0.658339,0.662098,0.606174,0.661054,0.755421,0.683268,0.726504,0.851323,0.722435,0.710248,0.778547,0.786702,0.619630,0.695055,0.721429,0.690332,0.690118,0.610652,0.757129,0.741095,0.736372,0.793700,0.726781,0.630332,0.645387,0.823951,0.701775,0.740126,0.829516,0.621216,0.566747,0.684267,0.756858,0.705095,0.627891,0.662768,0.651561,0.672609,0.692285,0.627939,0.746195,0.659592,0.663034,0.705953,0.689637,0.658574,0.631927,0.672581,0.670816,0.602534,0.686440,0.686772,0.702056,0.758166,0.666557,0.712351,0.701943,0.759564,0.599134,0.714560,0.697820,0.708785,0.631604,0.739894,0.526994,0.666510,0.736493,0.689268,0.679237,0.735133,0.739873,0.725382,0.644719,0.679092,0.751207,0.634892,0.654893,0.754557,0.741414,0.563826,0.844253,0.660081,0.720756,0.660402,0.772819,0.682980,0.738889,0.720238,0.689470,0.784922,0.745910,0.808533,0.666476,0.667894,0.574867,0.786737,0.713760,0.543267,0.688826,0.640575,0.622318,0.779871,0.680643,0.754703,0.685756,0.788957,0.748098,0.581893,0.761021,0.584383,0.709366,0.652719,0.684804,0.652431,0.767494,0.701091,0.704415,0.587660,0.702801,0.636656,0.831282,0.707094,0.694090,0.612979,0.752386,0.659531,0.771161,0.681299,0.733210,0.809628,0.614280,0.683827,0.653803,0.727922,0.700193,0.648828,0.800190,0.657962,0.563663,0.611318,0.699393,0.633488,0.688158,0.650612,0.671833,0.680466,0.649630,0.681225,0.545111,0.705001,0.754533,0.706190,0.670686,0.626204,0.629805,0.645014,0.626293,0.659188,0.643184,0.791819,0.754020,0.637389,0.756943,0.700578,0.701480,0.705459,0.739863,0.632257,0.594661,0.619503
0.558874,0.535904,0.474456,0.662732,0.536965,0.614044,0.688690,0.617080,0.764353,0.607751,0.699679,0.559070,0.740467,0.603546,0.717561,0.631419,0.656198,0.612988,0.635171,0.741832,0.704524,0.554973,0.730313,0.638795,0.690240,0.563319,0.598964,0.699424,0.624885,0.690414,0.750691,0.596343,0.770491,0.766898,0.694205,0.792233,0.663983,0.626186,0.746862,0.491558,0.657461,0.796737,0.801251,0.706215,0.794524,0.697822,0.562257,0.650961,0.664530,0.671941,0.632702,0.753991,0.802756,0.836155,0.541078,0.718528,0.645022,0.657558,0.585791,0.747510,0.777679,0.605068,0.845582,0.726674,0.628020,0.695368,0.610401,0.690774,0.731849,0.693705,0.790499,0.746311,0.690680,0.520884,0.788638,0.773965,0.690150,0.657381,0.568250,0.671003,0.780970,0.449630,0.692253,0.842656,0.654513,0.745257,0.420871,0.574821,0.726235,0.713778,0.741212,0.685604,0.469431,0.659977,0.840117,0.755349,0.791789,0.761718,0.746494,0.759959,0.510607,0.649167,0.598256,0.630667,0.749330,0.578261,0.835056,0.554386,0.692781,0.712510,0.828592,0.666976,0.686180,0.667242,0.633549,0.699050,0.834753,0.683345,0.690555,0.697707,0.615104,0.594601,0.590227,0.747745,0.705916,0.666152,0.428949,0.780019,0.630210,0.692382,0.638054,0.576757,0.688795,0.636962,0.816685,0.589029,0.707060,0.771068,0.705370,0.785462,0.828387,0.816482,0.584796,0.724638,0.616285,0.843686,0.517512,0.703758,0.785053,0.622539,0.689247,0.811394,0.681400,0.662031,0.756194,0.664013,0.739383,0.827965,0.675960,0.701252,0.746227,0.657028,0.719253,0.676406,0.769949,0.840937,0.613256,0.824181,0.689713,0.722426,0.736424,0.668745,0.845466,0.662361,0.756725,0.709459,0.778714,0.799664,0.796770,0.730259,0.558634,0.735539,0.591963,0.707118,0.640999,0.803672,0.761938,0.673729,0.883381,0.795628,0.671778,0.622658,0.783868,0.787925,0.488627,0.619837,0.664027,0.738074,0.786693,0.691794,0.859169,0.872681,0.781898,0.695302,0.810947,0.809018,0.742570,0.732431,0.740079,0.693418,0.862409,0.768281,0.772163,0.711504,0.000000,0.650027,0.756286,0.836829,0.671204,0.847602,0.849413,0.825031,0.761982,0.684740,0.616013,0.604076,0.644033,0.849193,0.809329,0.590621,0.824868,0.772006,0.609355,0.679786,0.721215,0.699599,0.755994,0.771713,0.238126,0.645855,0.678265,0.769799,0.648801,0.738191,0.734977,0.789743,0.818867,0.730424,0.724357,0.627722,0.689385,0.727955,0.652261,0.640074,0.788171,0.619701,0.766438,0.779768,0.700838,0.759518,0.791480,0.818006,0.650708,0.569214,0.800369,0.618650,0.564743,0.592510,0.706971,0.506154,0.732193,0.686226,0.730333,0.758737,0.755266,0.627169,0.693374,0.682956,0.630292,0.574577,0.805573,0.656023,0.705702,0.700351,0.725724,0.634437,0.780988,0.655410,0.781630,0.802294,0.774192,0.679118,0.837815,0.512649,0.643594,0.721125,0.754582,0.774812,0.769818,0.698897,0.724445,0.752975,0.727725,0.756731,0.632471,0.775623,0.732133,0.507883,0.754213,0.767573,0.729624,0.791055,0.726694,0.632571,0.804270,0.873405,0.721600,0.597511,0.761090,0.829641,0.783045,0.789099,0.803797,0.653937,0.774084,0.865012,0.699103,0.646668,0.851765,0.733288,0.740240,0.792977,0.743428,0.618562,0.714313,0.704714,0.865352,0.688622,0.766097,0.695598,0.691073,0.838859,0.743476,0.722591,0.867545,0.817274,0.566547,0.790961,0.691105,0.740439,0.745373,0.837041,0.753872,0.538381,0.855926,0.772951,0.730281,0.719735,0.681232,0.733619,0.652935,0.773686,0.767961,0.718440,0.759211,0.742988,0.770715,0.881011,0.843180,0.782540,0.732409,0.787716,0.631068,0.677156,0.825580,0.832970,0.670491,0.648511,0.649355,0.804014,0.676876,0.659433,0.791314,0.726399,0.671643,0.834267,0.728298,0.755604,0.668372,0.604165,0.781437,0.631766,0.735765,0.653509,0.719956,0.749299,0.578103,0.528548,0.800646,0.791342,0.709500,0.766981,0.723602,0.839342,0.661694,0.753738,0.662657,0.679053,0.792239,0.736894,0.735096,0.745571,0.819881,0.645463,0.727063,0.825728,0.766848,0.819431,0.837005,0.831065,0.790975,0.739328,0.806676,0.847110,0.607490,0.633176,0.814119,0.814641,0.617025,0.947318,0.740844,0.712995,0.824075,0.718892,0.738014,0.874785,0.723620,0.620437,0.776172,0.798815,0.748214,0.835443,0.541170,0.767151,0.751919,0.778834,0.782041,0.705752,0.788178,0.772211,0.665688,0.782658,0.726632,0.759964,0.737733,0.769800,0.741940,0.842755,0.728943,0.813103,0.726375,0.612634,0.727664,0.863025,0.847110,0.740201,0.791890,0.701629,0.833425,0.760961,0.806858,0.783009,0.802285,0.811869,0.604176,0.826908,0.680815,0.826829,0.735862,0.730045,0.656259,0.871076,0.669203,0.820741,0.657809,0.723064,0.806194,0.671521,0.719546,0.755083,0.859443,0.785298,0.779669,0.752500,0.749715,0.676922,0.800468,0.657204,0.757396,0.842233,0.768599
0.559017,0.504429,0.293663,0.537484,0.296369,0.539713,0.641443,0.303860,0.632781,0.466638,0.679516,0.508935,0.617394,0.445567,0.592580,0.395755,0.300777,0.645507,0.287229,0.766603,0.558663,0.358674,0.508312,0.389202,0.447762,0.471295,0.475595,0.302034,0.280511,0.448634,0.739799,0.407229,0.669623,0.687952,0.297616,0.707089,0.574129,0.469200,0.677740,0.373511,0.312081,0.761195,0.675266,0.660777,0.802792,0.573615,0.435921,0.406820,0.326399,0.682341,0.427508,0.798190,0.654182,0.704148,0.403218,0.536339,0.313785,0.340464,0.609899,0.563999,0.621153,0.478012,0.633004,0.751155,0.513284,0.381757,0.278054,0.551409,0.663942,0.723846,0.693962,0.653624,0.639233,0.517603,0.721490,0.755281,0.500156,0.351087,0.348369,0.654118,0.755271,0.423894,0.475303,0.699349,0.199097,0.769639,0.484799,0.206011,0.719432,0.625377,0.724563,0.335005,0.442517,0.361244,0.697966,0.795854,0.743406,0.644964,0.500451,0.646535,0.372725,0.711609,0.329884,0.359335,0.712169,0.402431,0.662724,0.404209,0.245054,0.688650,0.791188,0.267287,0.634899,0.584562,0.307762,0.365075,0.769903,0.782648,0.558623,0.419193,0.472150,0.230332,0.235559,0.632299,0.522081,0.464204,0.376113,0.533292,0.630336,0.520338,0.273033,0.704464,0.676225,0.443942,0.604914,0.204750,0.617025,0.746846,0.742409,0.576463,0.782927,0.665641,0.215339,0.730593,0.440440,0.630353,0.463019,0.621936,0.858122,0.763979,0.157363,0.703224,0.272800,0.231230,0.534423,0.426964,0.561648,0.812028,0.429299,0.677010,0.791506,0.373439,0.479486,0.182436,0.512866,0.610477,0.237630,0.730585,0.334818,0.484090,0.647329,0.415497,0.726860,0.676720,0.657455,0.562984,0.855534,0.522206,0.419353,0.703502,0.511915,0.752951,0.682549,0.468898,0.253058,0.786209,0.653407,0.621117,0.867820,0.695162,0.425094,0.335802,0.782750,0.826953,0.606797,0.250070,0.351558,0.422989,0.806779,0.459886,0.661905,0.729279,0.725749,0.208206,0.864041,0.645348,0.791501,0.515504,0.568914,0.688082,0.782970,0.445749,0.619896,0.617847,0.650027,0.000000,0.411172,0.864451,0.442966,0.602613,0.725864,0.489909,0.686254,0.411797,0.348483,0.317439,0.190265,0.793777,0.513850,0.680697,0.807222,0.665258,0.330196,0.569200,0.545729,0.452335,0.686992,0.527745,0.670553,0.362402,0.193211,0.319359,0.667666,0.577888,0.469293,0.692868,0.746859,0.301607,0.688904,0.481588,0.529794,0.558548,0.693365,0.663077,0.672735,0.276548,0.716779,0.701067,0.512168,0.711903,0.779764,0.782752,0.352242,0.537593,0.784722,0.335092,0.296478,0.412849,0.686901,0.433564,0.601671,0.376474,0.463522,0.728966,0.744586,0.351288,0.730356,0.442327,0.333874,0.258065,0.793937,0.571408,0.590008,0.157582,0.601030,0.363171,0.702418,0.531205,0.386149,0.704914,0.732856,0.792122,0.788253,0.550376,0.624135,0.427263,0.703962,0.785193,0.418492,0.410454,0.400891,0.616680,0.615178,0.499975,0.430465,0.748260,0.622454,0.492282,0.390178,0.735303,0.297788,0.662481,0.365054,0.549865,0.699021,0.620709,0.579169,0.334960,0.297561,0.727060,0.485564,0.810556,0.800693,0.484495,0.781452,0.836721,0.587716,0.358638,0.799175,0.590082,0.614167,0.695801,0.696645,0.254991,0.713446,0.682145,0.732307,0.448735,0.819401,0.339712,0.363989,0.869620,0.610247,0.702636,0.763215,0.787966,0.433980,0.727859,0.341151,0.859776,0.851840,0.761608,0.717945,0.717086,0.586224,0.815671,0.848458,0.499818,0.577176,0.824272,0.797868,0.505500,0.622082,0.598676,0.813514,0.312117,0.737781,0.694163,0.781642,0.762581,0.603566,0.728968,0.358441,0.301840,0.859928,0.672744,0.749860,0.305636,0.304576,0.649896,0.176572,0.574088,0.784164,0.611777,0.516545,0.668522,0.403868,0.664899,0.748757,0.293269,0.687199,0.608486,0.822968,0.344692,0.679911,0.617165,0.378515,0.704001,0.674098,0.419419,0.820667,0.759538,0.330483,0.617795,0.385724,0.827223,0.727000,0.329808,0.753517,0.742072,0.726672,0.803671,0.794044,0.341354,0.647326,0.731231,0.624236,0.529190,0.794193,0.855111,0.828175,0.713424,0.873883,0.772271,0.327603,0.407667,0.812557,0.652877,0.308283,0.809618,0.665741,0.597132,0.861309,0.784166,0.493593,0.696690,0.817273,0.668486,0.675607,0.861480,0.570999,0.784621,0.695812,0.706761,0.675105,0.655244,0.689035,0.518609,0.443276,0.675903,0.385130,0.705670,0.738277,0.709129,0.588606,0.635061,0.422332,0.823632,0.748326,0.862805,0.725823,0.323912,0.605271,0.768715,0.870694,0.728866,0.842541,0.639494,0.784917,0.374945,0.528924,0.719637,0.776527,0.629980,0.380687,0.850629,0.703460,0.673109,0.695133,0.563899,0.701864,0.766845,0.629724,0.628232,0.415884,0.421661,0.440401,0.343158,0.765013,0.594620,0.792863,0.686995,0.600354,0.594483,0.832309,0.458205,0.769771,0.447976,0.519944,0.727747,0.517144
0.559064,0.515961,0.474419,0.562427,0.488579,0.644654,0.669466,0.496084,0.608889,0.571103,0.669183,0.586917,0.532459,0.604842,0.497124,0.459693,0.460765,0.699768,0.405701,0.722462,0.498986,0.498195,0.505476,0.572677,0.515846,0.603975,0.509417,0.432868,0.411755,0.429317,0.673941,0.513634,0.571260,0.627467,0.285193,0.684280,0.545876,0.588690,0.700013,0.560443,0.420354,0.719566,0.688749,0.577560,0.756121,0.562507,0.537538,0.487867,0.457084,0.705361,0.577032,0.763702,0.582030,0.630368,0.560122,0.531252,0.488443,0.485104,0.627636,0.629333,0.567832,0.533832,0.574289,0.664732,0.617664,0.414709,0.433811,0.537146,0.668100,0.709221,0.595065,0.582494,0.687413,0.703667,0.565298,0.714567,0.599070,0.488956,0.588818,0.689929,0.766842,0.631854,0.581334,0.649136,0.385995,0.764317,0.655787,0.420841,0.634931,0.606599,0.692626,0.517454,0.652331,0.366945,0.616112,0.822497,0.715404,0.566139,0.560053,0.648580,0.493745,0.604324,0.514597,0.549441,0.607526,0.548894,0.624272,0.566396,0.147277,0.632786,0.738533,0.360575,0.637451,0.678484,0.460358,0.477369,0.724775,0.817266,0.650004,0.500274,0.549806,0.443101,0.453204,0.605343,0.543187,0.516003,0.495992,0.473357,0.598962,0.571920,0.458680,0.775641,0.660981,0.504691,0.645581,0.395797,0.613130,0.751022,0.829349,0.488316,0.679785,0.557014,0.495860,0.708537,0.597190,0.533072,0.607019,0.531876,0.791126,0.638251,0.390746,0.564593,0.451945,0.376969,0.530400,0.525119,0.659951,0.809349,0.491460,0.676664,0.719069,0.614945,0.458274,0.386485,0.636313,0.464089,0.412413,0.727662,0.468361,0.492210,0.598417,0.467791,0.664617,0.731628,0.559726,0.667020,0.703229,0.539216,0.494376,0.786634,0.535705,0.647707,0.688678,0.556708,0.432585,0.729431,0.582256,0.708567,0.772699,0.677058,0.508336,0.542509,0.604391,0.723395,0.731054,0.434488,0.527571,0.417163,0.834051,0.564684,0.606140,0.628543,0.671240,0.369829,0.739885,0.669264,0.714284,0.392051,0.511734,0.643784,0.671070,0.202080,0.532055,0.657743,0.756286,0.411172,0.000000,0.791204,0.606237,0.600618,0.627432,0.546703,0.592499,0.445196,0.575290,0.466180,0.449019,0.680675,0.539641,0.655933,0.707730,0.630969,0.464468,0.590307,0.523797,0.465577,0.713867,0.602740,0.736346,0.477639,0.426461,0.223010,0.679649,0.635956,0.539004,0.545706,0.740291,0.444220,0.674946,0.538830,0.522791,0.509505,0.703192,0.706012,0.585882,0.430353,0.683680,0.682801,0.599497,0.703264,0.684485,0.649680,0.523386,0.677550,0.712713,0.547479,0.540968,0.481990,0.560046,0.514978,0.729894,0.477452,0.609846,0.751680,0.733213,0.530956,0.687221,0.475322,0.443498,0.517338,0.626530,0.618423,0.620096,0.395439,0.543644,0.582418,0.605828,0.666492,0.502297,0.592466,0.701618,0.837164,0.695643,0.593076,0.662069,0.503359,0.510859,0.768648,0.504524,0.440253,0.425678,0.550171,0.548728,0.636510,0.574578,0.535806,0.638646,0.613840,0.463288,0.755135,0.403502,0.706665,0.438358,0.585873,0.713269,0.573273,0.616530,0.519625,0.398447,0.664332,0.466169,0.786015,0.799116,0.520592,0.826270,0.716450,0.556391,0.542633,0.714905,0.546958,0.682672,0.601915,0.569497,0.545779,0.740441,0.655066,0.669480,0.551249,0.737753,0.437098,0.444727,0.775370,0.634333,0.667794,0.652614,0.777540,0.637541,0.664122,0.530211,0.848783,0.863288,0.670946,0.644045,0.748744,0.576721,0.793052,0.763065,0.659184,0.457470,0.765462,0.764750,0.559672,0.559523,0.681656,0.823684,0.497906,0.643880,0.663802,0.672221,0.587519,0.521562,0.665528,0.557519,0.445063,0.745441,0.648758,0.694896,0.451004,0.520852,0.638954,0.411760,0.642901,0.683224,0.686445,0.581891,0.655433,0.563963,0.633281,0.766661,0.446641,0.717630,0.668457,0.713549,0.512956,0.725952,0.610914,0.530467,0.764201,0.711364,0.558296,0.755728,0.713329,0.413073,0.587896,0.464541,0.721446,0.811616,0.359718,0.864812,0.721767,0.593749,0.755450,0.665405,0.513533,0.742907,0.607324,0.565506,0.593037,0.793851,0.823438,0.851802,0.586808,0.707325,0.682459,0.499453,0.491115,0.691524,0.596163,0.497663,0.639491,0.690932,0.486342,0.778224,0.826344,0.408054,0.696593,0.813456,0.739824,0.588630,0.682761,0.574658,0.686409,0.756724,0.603270,0.621218,0.344369,0.679179,0.630394,0.532857,0.616200,0.621601,0.814113,0.717852,0.693717,0.516095,0.615780,0.482311,0.716925,0.606603,0.855569,0.664076,0.446652,0.625368,0.766472,0.833365,0.784666,0.835361,0.636240,0.672487,0.487832,0.554331,0.717409,0.604432,0.576823,0.551834,0.829391,0.652014,0.623086,0.760621,0.562071,0.663999,0.722992,0.710544,0.509268,0.535351,0.581689,0.298044,0.537042,0.608245,0.631140,0.788606,0.692091,0.538020,0.704353,0.843015,0.399882,0.607144,0.519724,0.506100,0.595818,0.543622
0.559096,0.691156,0.819192,0.746169,0.843775,0.753191,0.744212,0.793616,0.803214,0.775940,0.742924,0.768519,0.475109,0.758631,0.538880,0.719844,0.780667,0.566752,0.815080,0.713638,0.728091,0.692470,0.806495,0.790179,0.795980,0.813853,0.789461,0.664729,0.842583,0.697849,0.469858,0.771183,0.403126,0.496162,0.731849,0.711909,0.821334,0.722326,0.705978,0.719084,0.777017,0.535366,0.524638,0.830123,0.782901,0.806908,0.756771,0.843602,0.750079,0.816002,0.814555,0.409826,0.519306,0.306296,0.823329,0.763928,0.776390,0.831126,0.882787,0.773473,0.518280,0.843824,0.449095,0.549625,0.796663,0.767464,0.850324,0.562385,0.601131,0.566087,0.665723,0.497560,0.827311,0.809486,0.621036,0.531087,0.856189,0.781813,0.817293,0.806618,0.659904,0.802360,0.759988,0.338118,0.858360,0.721514,0.821467,0.881613,0.644095,0.733328,0.688571,0.825694,0.841326,0.851529,0.596067,0.690113,0.530094,0.522929,0.754414,0.826776,0.820643,0.751824,0.812986,0.832131,0.549762,0.813480,0.416586,0.848892,0.785427,0.795597,0.192809,0.825828,0.790855,0.830262,0.806950,0.870876,0.377579,0.757798,0.742411,0.847191,0.788918,0.849968,0.850362,0.731906,0.723830,0.702012,0.860029,0.659373,0.686385,0.794218,0.875705,0.682544,0.749249,0.775056,0.840443,0.894741,0.656593,0.635290,0.475699,0.680213,0.784252,0.485644,0.826965,0.715009,0.909396,0.537000,0.801119,0.721192,0.533167,0.766316,0.853299,0.588322,0.861724,0.846077,0.844977,0.858664,0.790986,0.644207,0.714614,0.749399,0.760057,0.822898,0.830548,0.847659,0.852810,0.637789,0.878585,0.756608,0.896659,0.833484,0.810257,0.808675,0.403316,0.707277,0.644069,0.738023,0.356472,0.809132,0.801721,0.677980,0.791012,0.750103,0.668367,0.860131,0.892602,0.449591,0.540511,0.692479,0.574327,0.792178,0.851638,0.850612,0.655685,0.706075,0.792474,0.894101,0.822633,0.757602,0.762936,0.836325,0.448706,0.409167,0.619066,0.836228,0.332437,0.766128,0.765611,0.829572,0.789571,0.680288,0.405041,0.769974,0.559076,0.753487,0.836829,0.864451,0.791204,0.000000,0.853219,0.515686,0.643756,0.837123,0.559975,0.814552,0.869380,0.854975,0.883454,0.406724,0.763788,0.784240,0.643483,0.740943,0.839888,0.837652,0.889650,0.871427,0.734975,0.868500,0.859550,0.851458,0.861008,0.828291,0.735882,0.699893,0.860612,0.649182,0.655089,0.806089,0.736067,0.819240,0.821339,0.755585,0.742259,0.825190,0.655726,0.906199,0.717079,0.732309,0.942678,0.821505,0.347345,0.478853,0.852436,0.842334,0.537924,0.880477,0.774726,0.850000,0.801427,0.883213,0.755256,0.882864,0.905252,0.810283,0.665958,0.857675,0.665454,0.751989,0.906744,0.876881,0.619255,0.891826,0.803180,0.853212,0.822916,0.839071,0.651592,0.728706,0.831932,0.628558,0.598071,0.839545,0.591844,0.805259,0.820124,0.799192,0.719617,0.749244,0.824276,0.828442,0.782094,0.812291,0.696112,0.881499,0.875499,0.713423,0.664266,0.860487,0.867663,0.775140,0.875945,0.783814,0.788546,0.782846,0.720381,0.653172,0.750233,0.868390,0.792759,0.519756,0.853459,0.650938,0.700396,0.827264,0.638332,0.394388,0.740490,0.846913,0.481422,0.742267,0.835477,0.745262,0.546478,0.867970,0.674524,0.864663,0.361681,0.839978,0.779771,0.859596,0.860731,0.468860,0.854067,0.730178,0.463508,0.727868,0.845550,0.428509,0.882225,0.802069,0.687443,0.464887,0.829029,0.771251,0.604027,0.739666,0.810816,0.756509,0.828831,0.777032,0.654751,0.704600,0.821508,0.895672,0.701245,0.835030,0.787379,0.438593,0.457790,0.579824,0.748839,0.619348,0.816346,0.890112,0.340276,0.810661,0.748139,0.838507,0.906813,0.535169,0.898389,0.801943,0.646169,0.829325,0.898894,0.791448,0.861969,0.714417,0.790208,0.848741,0.792950,0.756083,0.499991,0.834752,0.787299,0.725327,0.867681,0.788582,0.701482,0.789322,0.822377,0.796601,0.874923,0.774121,0.900833,0.768984,0.746306,0.884740,0.654078,0.738447,0.559143,0.776729,0.716416,0.862494,0.822302,0.730337,0.807927,0.795533,0.736515,0.816216,0.658017,0.765459,0.783616,0.705508,0.928399,0.783811,0.678542,0.750761,0.911418,0.454603,0.820210,0.697133,0.596062,0.750915,0.778106,0.485346,0.745850,0.824719,0.606510,0.682604,0.822979,0.736976,0.748776,0.721002,0.785184,0.843484,0.868602,0.905177,0.729412,0.849392,0.881580,0.907709,0.878208,0.642555,0.780540,0.797054,0.743895,0.394280,0.816297,0.678555,0.760050,0.921339,0.771484,0.775912,0.648237,0.700896,0.799889,0.904668,0.642589,0.822940,0.825399,0.486397,0.664767,0.853884,0.909350,0.539177,0.669984,0.824637,0.734697,0.783659,0.812390,0.344505,0.816108,0.715714,0.840026,0.890781,0.777102,0.946216,0.806182,0.850588,0.708674,0.804763,0.794358,0.861587,0.740759,0.775331,0.658974,0.858732,0.834807,0.630441,0.805566
0.560217,0.505434,0.367616,0.515783,0.411381,0.472605,0.553675,0.362857,0.509170,0.409291,0.588273,0.513399,0.691775,0.482288,0.653116,0.494663,0.444173,0.631982,0.399158,0.731981,0.527542,0.505968,0.431725,0.476921,0.412520,0.492686,0.514794,0.487836,0.491459,0.539197,0.716272,0.545364,0.686762,0.720948,0.500882,0.580119,0.544367,0.546150,0.590668,0.449978,0.497341,0.691540,0.756470,0.669070,0.599129,0.686621,0.462954,0.513906,0.500450,0.553538,0.340176,0.793379,0.699432,0.741547,0.398121,0.647432,0.473165,0.471486,0.597140,0.532848,0.632969,0.514440,0.737599,0.669901,0.460179,0.420888,0.428980,0.629095,0.606158,0.651074,0.766184,0.693748,0.486075,0.492902,0.756955,0.721013,0.471636,0.547352,0.361502,0.519414,0.733577,0.408063,0.551627,0.733377,0.474302,0.626592,0.537060,0.429887,0.742379,0.553403,0.633202,0.412323,0.510531,0.386965,0.726083,0.663119,0.784345,0.707113,0.570287,0.540025,0.467810,0.721923,0.440121,0.309476,0.792411,0.451985,0.677128,0.429453,0.469012,0.543474,0.812257,0.469070,0.550861,0.513550,0.361861,0.509548,0.777967,0.718448,0.463915,0.410422,0.512539,0.441774,0.478966,0.696349,0.576358,0.508111,0.473724,0.571765,0.691807,0.549765,0.319003,0.649873,0.620048,0.471610,0.559429,0.418633,0.651956,0.645372,0.741047,0.574445,0.671955,0.762481,0.343169,0.613820,0.355031,0.722191,0.514516,0.706417,0.788696,0.781136,0.382193,0.748863,0.447462,0.447011,0.509487,0.420781,0.505745,0.739475,0.582657,0.695339,0.809559,0.382801,0.485413,0.460615,0.608600,0.616852,0.452388,0.642727,0.476605,0.519345,0.702613,0.521400,0.730340,0.708553,0.702671,0.563669,0.829465,0.636694,0.547083,0.679802,0.618824,0.780248,0.627545,0.337241,0.373110,0.775908,0.676525,0.654624,0.829592,0.636408,0.535005,0.382858,0.763104,0.764757,0.550133,0.317835,0.498851,0.516768,0.764159,0.407221,0.746366,0.730833,0.735795,0.455804,0.787225,0.582856,0.786586,0.547844,0.649668,0.641199,0.767171,0.642820,0.685274,0.692322,0.671204,0.442966,0.606237,0.853219,0.000000,0.650249,0.730935,0.605801,0.692563,0.538594,0.257486,0.455111,0.452868,0.805007,0.643826,0.674459,0.733541,0.661477,0.445320,0.640606,0.601753,0.504640,0.594430,0.603717,0.723032,0.257855,0.466531,0.585435,0.587251,0.559283,0.524222,0.781374,0.697378,0.451813,0.619316,0.548806,0.572544,0.681142,0.672270,0.644610,0.712090,0.480662,0.800638,0.694321,0.597389,0.738662,0.774693,0.755637,0.231693,0.527386,0.786872,0.350465,0.451403,0.611970,0.740569,0.466992,0.557857,0.414822,0.575797,0.757378,0.826954,0.193413,0.725974,0.550066,0.433612,0.384463,0.774520,0.618125,0.758483,0.449204,0.634596,0.334448,0.797185,0.573516,0.531005,0.785757,0.739244,0.779319,0.806412,0.586839,0.524626,0.526499,0.697649,0.787628,0.540024,0.591792,0.556518,0.643680,0.667301,0.555108,0.250930,0.722020,0.654735,0.571566,0.509251,0.770809,0.494149,0.545784,0.515691,0.477416,0.742856,0.722297,0.594784,0.315763,0.546569,0.739237,0.481244,0.788958,0.670445,0.415676,0.754045,0.781309,0.692721,0.521744,0.778866,0.595218,0.576311,0.682305,0.742902,0.449183,0.695873,0.501950,0.763443,0.528370,0.808542,0.517089,0.543797,0.774940,0.613413,0.676877,0.796726,0.759035,0.449573,0.728243,0.483374,0.867020,0.809962,0.796463,0.675963,0.733936,0.720471,0.788917,0.801929,0.534959,0.591746,0.784825,0.754782,0.688543,0.672556,0.511613,0.663965,0.516056,0.785907,0.738025,0.779084,0.737099,0.706177,0.730235,0.434637,0.401263,0.892920,0.643476,0.710911,0.472738,0.200499,0.705684,0.461627,0.486929,0.751241,0.559681,0.316385,0.634438,0.425884,0.634791,0.737281,0.497480,0.760361,0.602813,0.809574,0.430523,0.651425,0.683609,0.441033,0.725444,0.624683,0.504737,0.728870,0.645969,0.372021,0.654264,0.474677,0.679449,0.680970,0.449462,0.684994,0.731644,0.783159,0.677495,0.766086,0.256464,0.682131,0.644130,0.623137,0.626855,0.690538,0.814732,0.728199,0.685682,0.870662,0.674823,0.415446,0.559882,0.726436,0.678574,0.478425,0.821172,0.663321,0.681806,0.932546,0.742937,0.546941,0.746869,0.789436,0.691675,0.728878,0.737764,0.697170,0.730105,0.715419,0.676753,0.745609,0.765901,0.662068,0.367261,0.649779,0.698056,0.345194,0.644479,0.663645,0.628237,0.729281,0.657088,0.590136,0.821518,0.792028,0.750171,0.673457,0.546989,0.695332,0.700082,0.803557,0.713147,0.803768,0.639134,0.784335,0.587608,0.611985,0.742702,0.801531,0.698339,0.541401,0.862904,0.674578,0.682968,0.713133,0.710401,0.672348,0.802633,0.640644,0.639527,0.530734,0.657374,0.660034,0.414415,0.700533,0.706272,0.717630,0.658810,0.709882,0.615378,0.807294,0.567849,0.747078,0.549879,0.585557,0.774012,0.673884
0.560283,0.635355,0.660498,0.699936,0.667071,0.756464,0.749783,0.608465,0.777981,0.759681,0.746486,0.772349,0.497331,0.669106,0.483474,0.574959,0.579121,0.720232,0.527498,0.783232,0.670179,0.488739,0.693560,0.641684,0.683023,0.746847,0.620968,0.406602,0.603027,0.423773,0.549304,0.697996,0.345542,0.530429,0.442996,0.772166,0.686192,0.672199,0.761358,0.657183,0.548217,0.543112,0.536025,0.737451,0.830168,0.778134,0.623450,0.702435,0.604973,0.821040,0.655897,0.550966,0.479649,0.332298,0.697562,0.646641,0.575815,0.647075,0.712061,0.759919,0.340211,0.720058,0.362188,0.728766,0.721609,0.513392,0.639281,0.358243,0.692777,0.658834,0.693874,0.412468,0.835136,0.778058,0.537147,0.678673,0.676963,0.626842,0.628259,0.816958,0.827817,0.691901,0.592115,0.360507,0.602139,0.821477,0.771550,0.631846,0.589252,0.735780,0.743980,0.582802,0.763171,0.550427,0.547886,0.770297,0.620509,0.438468,0.627711,0.765317,0.628045,0.724765,0.629624,0.659941,0.498015,0.708711,0.386651,0.686690,0.478124,0.777307,0.489053,0.594516,0.834895,0.771683,0.562673,0.685880,0.429256,0.843202,0.676979,0.650421,0.720686,0.629448,0.600938,0.710308,0.599939,0.470604,0.708895,0.457388,0.712928,0.741533,0.581873,0.810746,0.751697,0.635437,0.788586,0.632879,0.507142,0.706745,0.690307,0.532673,0.782680,0.330284,0.570003,0.820708,0.682153,0.363767,0.647521,0.719183,0.732412,0.758622,0.592989,0.466244,0.621945,0.590074,0.730766,0.717257,0.735923,0.809861,0.644515,0.784342,0.852033,0.634417,0.667560,0.620001,0.793791,0.475017,0.626772,0.834836,0.643994,0.573662,0.752042,0.552567,0.371481,0.751054,0.523950,0.715773,0.563762,0.669750,0.607211,0.689499,0.690683,0.747581,0.753659,0.657402,0.665778,0.566662,0.427963,0.828770,0.712562,0.801987,0.635205,0.609827,0.609289,0.786309,0.736705,0.574888,0.579306,0.501569,0.835178,0.646894,0.365985,0.414381,0.761039,0.606360,0.581894,0.768218,0.846117,0.635484,0.676439,0.665168,0.454668,0.621687,0.478922,0.592082,0.847602,0.602613,0.600618,0.515686,0.650249,0.000000,0.649296,0.686575,0.477141,0.645532,0.648420,0.653662,0.627499,0.458081,0.536437,0.809185,0.753773,0.713390,0.626675,0.752060,0.768322,0.621681,0.762291,0.728694,0.862133,0.613520,0.575258,0.584956,0.800748,0.739588,0.705963,0.632580,0.591093,0.620463,0.801596,0.670395,0.732708,0.686031,0.792823,0.782528,0.504482,0.627469,0.790508,0.721647,0.739408,0.831224,0.408285,0.576832,0.612025,0.797815,0.599183,0.645971,0.563440,0.731645,0.715981,0.741319,0.703487,0.668550,0.718377,0.807874,0.818557,0.633441,0.652362,0.619275,0.705553,0.575107,0.724046,0.758868,0.777608,0.622374,0.728720,0.604948,0.667735,0.590819,0.629341,0.537566,0.633321,0.822025,0.687587,0.806183,0.738464,0.614468,0.697540,0.833135,0.648976,0.678357,0.747113,0.734381,0.545840,0.787387,0.720045,0.712751,0.723802,0.711845,0.642487,0.806390,0.623513,0.727578,0.587888,0.689214,0.840918,0.456442,0.617231,0.565232,0.571825,0.522752,0.677449,0.841467,0.743109,0.622924,0.830769,0.518076,0.642494,0.664215,0.567153,0.620796,0.813127,0.616414,0.486901,0.608276,0.679134,0.729632,0.259308,0.741503,0.789275,0.698664,0.666330,0.632183,0.724578,0.656077,0.454492,0.763830,0.665978,0.409447,0.620343,0.846779,0.813864,0.442282,0.802466,0.836048,0.457915,0.850638,0.846467,0.668383,0.696869,0.819884,0.806834,0.642875,0.744488,0.774437,0.869110,0.604568,0.855624,0.434558,0.350523,0.610643,0.637110,0.494483,0.663917,0.652055,0.566225,0.801082,0.684444,0.577683,0.625411,0.425953,0.607280,0.704859,0.798619,0.826386,0.683577,0.727098,0.743312,0.710378,0.841535,0.602312,0.835450,0.727062,0.557128,0.571390,0.779595,0.628180,0.629088,0.858524,0.722541,0.651451,0.806029,0.767620,0.608903,0.637058,0.645597,0.840057,0.837668,0.598165,0.802494,0.816189,0.608221,0.811676,0.768018,0.615135,0.765272,0.778732,0.743915,0.714488,0.791470,0.893732,0.776873,0.730785,0.852649,0.729246,0.635744,0.619355,0.811219,0.762603,0.615504,0.433664,0.800829,0.590818,0.716513,0.880030,0.635865,0.449445,0.806660,0.828021,0.536749,0.790077,0.666844,0.797176,0.855943,0.700366,0.681907,0.738543,0.788613,0.719586,0.633410,0.689389,0.657034,0.820207,0.765087,0.708151,0.679324,0.782083,0.587860,0.445246,0.710963,0.854685,0.875899,0.639764,0.846134,0.861788,0.756922,0.738939,0.897743,0.852086,0.694725,0.670549,0.594854,0.441458,0.639505,0.763732,0.731969,0.721972,0.766253,0.753486,0.806802,0.653976,0.758024,0.476517,0.668264,0.672256,0.682263,0.724140,0.570817,0.686983,0.715176,0.758434,0.847863,0.857048,0.717931,0.768196,0.800544,0.569393,0.740608,0.723589,0.706193,0.588000,0.713200
0.560387,0.540070,0.711718,0.615492,0.681272,0.650280,0.641278,0.683200,0.671387,0.645540,0.646123,0.651848,0.435030,0.700492,0.444871,0.653939,0.674232,0.609523,0.655084,0.610018,0.582644,0.708852,0.629220,0.727297,0.682267,0.725118,0.543324,0.631630,0.650052,0.581057,0.586653,0.626398,0.577289,0.468869,0.586718,0.653728,0.645601,0.666587,0.707597,0.788836,0.635120,0.672043,0.634265,0.653329,0.698079,0.577189,0.668476,0.709201,0.526738,0.717173,0.731383,0.640224,0.413667,0.605094,0.684810,0.549464,0.658767,0.659115,0.731494,0.633017,0.495318,0.723661,0.585289,0.672451,0.764545,0.629886,0.727685,0.581774,0.553282,0.686057,0.624634,0.481005,0.734412,0.752423,0.422884,0.567864,0.731925,0.610188,0.724917,0.798985,0.809194,0.828412,0.536838,0.583951,0.704493,0.691853,0.807724,0.712552,0.455311,0.729498,0.641247,0.648888,0.764345,0.663227,0.487377,0.635519,0.538407,0.437875,0.538551,0.663383,0.630249,0.464286,0.710589,0.715168,0.512611,0.670928,0.548670,0.652871,0.628553,0.738872,0.601725,0.655162,0.774470,0.689240,0.656857,0.734148,0.650027,0.633965,0.742669,0.688901,0.675260,0.729335,0.747001,0.648819,0.603475,0.720834,0.812241,0.574575,0.564006,0.699777,0.710206,0.727739,0.694079,0.628475,0.667522,0.690609,0.498090,0.657387,0.583673,0.578192,0.693389,0.534039,0.769438,0.572694,0.790317,0.535698,0.717554,0.453276,0.609822,0.476300,0.718411,0.530706,0.724067,0.691458,0.671901,0.727533,0.718410,0.737091,0.456679,0.587258,0.717579,0.801495,0.647837,0.720391,0.739821,0.517640,0.663386,0.679652,0.691672,0.676438,0.636475,0.607829,0.612167,0.730541,0.491673,0.705234,0.566069,0.782538,0.691629,0.682975,0.772852,0.459386,0.644641,0.676095,0.732489,0.629357,0.491812,0.659317,0.693923,0.690797,0.672631,0.799651,0.434734,0.617353,0.635481,0.737566,0.777079,0.643802,0.729244,0.717206,0.571543,0.585489,0.703381,0.702029,0.560029,0.773224,0.723036,0.618475,0.532485,0.661946,0.622453,0.627622,0.511249,0.613598,0.849413,0.725864,0.627432,0.643756,0.730935,0.649296,0.000000,0.708309,0.473141,0.793758,0.706662,0.709737,0.784247,0.547368,0.653665,0.710370,0.666747,0.594797,0.712369,0.685151,0.767721,0.760811,0.710983,0.690238,0.825580,0.742643,0.721974,0.690352,0.843555,0.619833,0.729866,0.387647,0.667252,0.679499,0.830809,0.785818,0.652142,0.545292,0.601992,0.729561,0.402577,0.732728,0.678901,0.694402,0.745785,0.710483,0.593230,0.424374,0.758785,0.737290,0.587955,0.780652,0.755629,0.793836,0.396159,0.798475,0.755618,0.708890,0.812413,0.742383,0.648969,0.731960,0.721916,0.476535,0.755866,0.762637,0.586112,0.716904,0.613782,0.721947,0.636667,0.786688,0.396426,0.783335,0.698119,0.416616,0.582221,0.816215,0.445420,0.796047,0.728920,0.736590,0.452784,0.716031,0.706788,0.751261,0.639108,0.661080,0.531744,0.751421,0.779037,0.502504,0.597358,0.747669,0.753474,0.754016,0.726113,0.671661,0.646742,0.713878,0.660290,0.587035,0.647993,0.818725,0.703665,0.437097,0.712921,0.594594,0.751413,0.703135,0.661586,0.635891,0.570043,0.756494,0.559308,0.448725,0.722694,0.636770,0.558657,0.804992,0.636337,0.720870,0.622837,0.711390,0.794636,0.758552,0.707870,0.660394,0.845915,0.544406,0.650033,0.579056,0.819030,0.600764,0.770450,0.690669,0.765730,0.610300,0.746645,0.677689,0.660774,0.692899,0.668016,0.701330,0.733716,0.644596,0.713862,0.642708,0.733791,0.762931,0.675855,0.765465,0.670441,0.545641,0.658958,0.510553,0.661544,0.656493,0.786700,0.692783,0.666946,0.728113,0.627199,0.775200,0.778038,0.650412,0.751370,0.743731,0.614851,0.762613,0.742515,0.715629,0.820124,0.622951,0.682726,0.726923,0.715663,0.592895,0.577084,0.787518,0.783243,0.472412,0.784273,0.679756,0.628018,0.739185,0.818817,0.677489,0.764624,0.566791,0.771627,0.736372,0.787023,0.743280,0.847879,0.656544,0.419004,0.774406,0.533275,0.729235,0.839696,0.707964,0.598432,0.836106,0.594036,0.714204,0.752220,0.656909,0.798754,0.639473,0.841852,0.584960,0.658661,0.723046,0.720604,0.588211,0.691985,0.562908,0.696879,0.769527,0.659799,0.611477,0.627358,0.843095,0.576555,0.578316,0.654925,0.719887,0.738925,0.638073,0.569164,0.749018,0.739379,0.737083,0.640821,0.630572,0.791800,0.808142,0.725160,0.649998,0.549246,0.606905,0.764385,0.627333,0.514711,0.753266,0.671798,0.750614,0.666500,0.691978,0.687942,0.720439,0.714924,0.826093,0.598051,0.658281,0.720029,0.671770,0.268054,0.615552,0.748093,0.634493,0.642328,0.631567,0.801688,0.477742,0.634068,0.697258,0.738375,0.636365,0.703864,0.617868,0.695825,0.784902,0.529035,0.697595,0.727526,0.723980,0.556250,0.894483,0.759251,0.660448,0.512864,0.760940,0.701544,0.283300,0.574825
0.560551,0.537145,0.469886,0.545077,0.489666,0.521960,0.601613,0.456443,0.598441,0.561354,0.644137,0.593569,0.613384,0.518124,0.596594,0.491567,0.445526,0.686187,0.470522,0.716022,0.588109,0.661112,0.554644,0.487879,0.484978,0.586924,0.530135,0.501038,0.398677,0.521896,0.728332,0.538891,0.685920,0.663887,0.475015,0.639321,0.506405,0.642776,0.604485,0.517847,0.503809,0.724950,0.690294,0.671083,0.694056,0.649575,0.577380,0.609243,0.475935,0.620820,0.598639,0.699510,0.636795,0.740530,0.515065,0.606270,0.474854,0.446459,0.574080,0.634351,0.608144,0.577058,0.708446,0.735698,0.628411,0.470242,0.458620,0.607462,0.690677,0.726009,0.671490,0.640641,0.687009,0.670482,0.707222,0.681823,0.559522,0.489963,0.585669,0.699289,0.761388,0.616773,0.547782,0.728117,0.464238,0.717945,0.649550,0.443733,0.700922,0.642194,0.702093,0.479354,0.607561,0.492263,0.691979,0.727460,0.717993,0.623730,0.557509,0.638181,0.520723,0.691244,0.479474,0.561597,0.686832,0.581452,0.713483,0.548515,0.481419,0.655207,0.807246,0.491411,0.650689,0.591213,0.494898,0.440404,0.776237,0.738721,0.643323,0.507631,0.604464,0.514559,0.451342,0.734758,0.583482,0.644400,0.602265,0.544671,0.653837,0.565787,0.441776,0.742978,0.722344,0.576078,0.519766,0.443411,0.671848,0.719903,0.805934,0.545622,0.733395,0.648636,0.502969,0.660152,0.589040,0.554369,0.694263,0.657732,0.771522,0.716336,0.436766,0.665292,0.425540,0.482734,0.553871,0.586362,0.564354,0.728220,0.549194,0.665665,0.760012,0.586700,0.518975,0.440162,0.633993,0.557369,0.460314,0.691653,0.459207,0.610040,0.614780,0.539483,0.717140,0.683874,0.667399,0.633195,0.785566,0.574100,0.252395,0.758086,0.734879,0.680706,0.705400,0.565504,0.515233,0.725785,0.649976,0.671751,0.824142,0.699281,0.475840,0.541337,0.693490,0.809092,0.680492,0.495693,0.534247,0.560117,0.742899,0.599459,0.696002,0.725542,0.791439,0.456547,0.815225,0.629412,0.730467,0.563669,0.640734,0.714826,0.763550,0.569799,0.669022,0.635763,0.825031,0.489909,0.546703,0.837123,0.605801,0.686575,0.708309,0.000000,0.642806,0.492890,0.588693,0.558553,0.489718,0.863423,0.506996,0.768725,0.789805,0.682942,0.491876,0.647108,0.537799,0.570408,0.654491,0.580313,0.767852,0.565299,0.456273,0.540674,0.728766,0.671633,0.525695,0.695473,0.743339,0.439339,0.719585,0.526990,0.649033,0.632290,0.695404,0.677515,0.652646,0.473091,0.779746,0.723620,0.624728,0.737513,0.811760,0.716817,0.553772,0.694395,0.803260,0.530766,0.608030,0.664857,0.700094,0.682658,0.634395,0.539776,0.505414,0.726148,0.759182,0.587357,0.698888,0.555269,0.540258,0.537844,0.740539,0.590661,0.705876,0.465478,0.702668,0.596799,0.711700,0.733898,0.472508,0.696726,0.757598,0.798444,0.670796,0.740268,0.723742,0.531003,0.700494,0.754580,0.496389,0.504586,0.549748,0.729463,0.668835,0.644099,0.604440,0.692961,0.669408,0.615228,0.555374,0.762924,0.474446,0.632708,0.480928,0.574442,0.689112,0.549317,0.624092,0.547154,0.500969,0.699619,0.528664,0.629834,0.720927,0.525571,0.682697,0.808368,0.670043,0.504411,0.765884,0.607031,0.622068,0.605115,0.792919,0.577918,0.728728,0.675204,0.766724,0.543581,0.726503,0.555939,0.507936,0.901685,0.562794,0.728777,0.746074,0.765542,0.625601,0.760130,0.533115,0.853204,0.784744,0.733985,0.724289,0.707529,0.679991,0.781955,0.828869,0.611398,0.645231,0.766659,0.749696,0.607795,0.647140,0.624737,0.709567,0.470548,0.752922,0.743952,0.765947,0.687543,0.572503,0.834088,0.604788,0.537386,0.787184,0.734195,0.665317,0.534767,0.593081,0.674072,0.481848,0.662491,0.732207,0.687216,0.647702,0.615342,0.698817,0.704914,0.657417,0.547512,0.740127,0.670366,0.849132,0.533751,0.704207,0.697590,0.553404,0.730065,0.659522,0.477795,0.688883,0.754154,0.513164,0.665365,0.510092,0.772158,0.745850,0.489908,0.755364,0.732331,0.744762,0.772992,0.737905,0.562744,0.671481,0.694441,0.678474,0.580485,0.735685,0.769602,0.782170,0.694931,0.776762,0.748686,0.554019,0.570700,0.835995,0.633945,0.556795,0.741501,0.616211,0.608564,0.858127,0.782183,0.570429,0.714343,0.793075,0.762412,0.632091,0.746575,0.678663,0.707887,0.695381,0.688686,0.720665,0.727996,0.651731,0.681040,0.581620,0.708517,0.598039,0.723488,0.770524,0.723771,0.641932,0.665295,0.528366,0.797462,0.733535,0.754415,0.707166,0.469292,0.675663,0.766200,0.765749,0.740964,0.756841,0.717687,0.609187,0.556042,0.608253,0.767870,0.700114,0.678079,0.693677,0.768309,0.765837,0.673913,0.718836,0.666107,0.680849,0.824974,0.675116,0.697480,0.620042,0.561936,0.584487,0.571429,0.739970,0.598101,0.715907,0.689276,0.618055,0.649698,0.849634,0.592603,0.728600,0.612605,0.480842,0.737360,0.495892
0.560725,0.555190,0.622332,0.574701,0.589725,0.678901,0.710370,0.621446,0.695566,0.619979,0.725517,0.725013,0.296907,0.636854,0.286649,0.534068,0.561663,0.675916,0.577893,0.612094,0.580772,0.586927,0.610819,0.647260,0.578466,0.690719,0.479748,0.434900,0.526926,0.372057,0.566482,0.615604,0.423126,0.437785,0.437858,0.680362,0.545173,0.602127,0.733676,0.615898,0.449810,0.589769,0.594837,0.693839,0.752785,0.612249,0.667843,0.552158,0.483282,0.700682,0.684065,0.615925,0.330737,0.460323,0.660932,0.522845,0.481724,0.592591,0.636904,0.643400,0.217496,0.666566,0.463151,0.679559,0.659819,0.534423,0.579884,0.300556,0.547775,0.677513,0.557341,0.158592,0.738517,0.699072,0.345432,0.585347,0.628168,0.512796,0.646018,0.771410,0.834240,0.722224,0.556039,0.431629,0.617968,0.678693,0.723073,0.608575,0.414836,0.724351,0.647294,0.621516,0.660509,0.556129,0.467612,0.677621,0.532579,0.145397,0.592299,0.643109,0.564610,0.516138,0.593613,0.647449,0.417572,0.637114,0.456192,0.627622,0.527718,0.730957,0.554622,0.556505,0.772567,0.649572,0.514077,0.637903,0.519573,0.706610,0.681771,0.554090,0.539360,0.678860,0.619435,0.560442,0.562140,0.574549,0.714206,0.455841,0.577549,0.715355,0.587042,0.726513,0.699645,0.432049,0.682563,0.589739,0.463657,0.610984,0.665870,0.463321,0.717607,0.351205,0.647852,0.625636,0.663899,0.379766,0.701463,0.556383,0.686641,0.536687,0.601151,0.402204,0.606745,0.601278,0.562526,0.649936,0.656549,0.764937,0.523841,0.674716,0.777720,0.739421,0.532504,0.588048,0.700665,0.424349,0.596181,0.724342,0.620507,0.527928,0.646818,0.517630,0.481037,0.627817,0.318416,0.685548,0.515084,0.725396,0.544443,0.652932,0.659590,0.562211,0.709170,0.629361,0.642899,0.607534,0.059529,0.706125,0.707982,0.666493,0.521564,0.649526,0.391191,0.644916,0.712661,0.632626,0.668736,0.539838,0.832086,0.654310,0.444452,0.493271,0.669899,0.588576,0.544607,0.722341,0.748312,0.481815,0.539228,0.642209,0.550003,0.549102,0.379659,0.604328,0.761982,0.686254,0.592499,0.559975,0.692563,0.477141,0.473141,0.642806,0.000000,0.701657,0.685722,0.603273,0.651114,0.488976,0.525030,0.706309,0.599992,0.610162,0.593398,0.603961,0.635392,0.615597,0.716878,0.640650,0.792219,0.638250,0.606048,0.583363,0.772967,0.601335,0.566284,0.433343,0.600780,0.558328,0.774295,0.692960,0.609223,0.586712,0.690749,0.684390,0.275674,0.594578,0.784098,0.669993,0.688949,0.775680,0.429748,0.412229,0.667045,0.663684,0.567046,0.664240,0.665715,0.707920,0.504311,0.756022,0.708647,0.618453,0.726960,0.735559,0.777181,0.652483,0.589959,0.482445,0.663266,0.678890,0.510446,0.724351,0.635389,0.623961,0.615998,0.696194,0.489408,0.701379,0.648047,0.304498,0.612862,0.844174,0.493598,0.799122,0.742972,0.606540,0.432419,0.778460,0.657377,0.632302,0.644891,0.574385,0.351520,0.699039,0.758423,0.486691,0.563679,0.674196,0.754896,0.734459,0.618457,0.611326,0.571705,0.580241,0.767767,0.482157,0.538461,0.667827,0.550355,0.387873,0.701157,0.667770,0.730158,0.533845,0.723033,0.579614,0.545899,0.662635,0.552866,0.426276,0.784958,0.504427,0.491662,0.710318,0.651017,0.702475,0.428242,0.691529,0.808280,0.712672,0.600707,0.669475,0.724931,0.490879,0.538598,0.581270,0.699953,0.459375,0.657827,0.772021,0.750268,0.525431,0.666358,0.671848,0.519721,0.775222,0.734906,0.641314,0.600553,0.715420,0.732381,0.581571,0.653125,0.707296,0.733596,0.629165,0.739340,0.494026,0.483602,0.415264,0.588526,0.609495,0.649140,0.640841,0.578216,0.693992,0.401998,0.668589,0.697037,0.499126,0.615692,0.733007,0.716359,0.721270,0.690736,0.761692,0.711555,0.571779,0.639539,0.670703,0.700476,0.629766,0.499884,0.625706,0.770547,0.444739,0.660167,0.678378,0.619530,0.652930,0.781995,0.665746,0.696241,0.478697,0.696712,0.760411,0.840240,0.631764,0.820070,0.701465,0.432736,0.791501,0.639567,0.630144,0.713719,0.587200,0.650844,0.776360,0.693111,0.825787,0.745638,0.660093,0.814151,0.641543,0.643079,0.524642,0.688452,0.725197,0.618428,0.485676,0.795119,0.510485,0.726062,0.751348,0.600435,0.509721,0.718943,0.777556,0.432448,0.554493,0.682601,0.743111,0.690656,0.542045,0.540132,0.753792,0.691277,0.722550,0.580635,0.516045,0.705686,0.830249,0.750825,0.628959,0.552032,0.626505,0.659342,0.509595,0.577605,0.736202,0.611848,0.594920,0.727671,0.808493,0.722125,0.660172,0.813606,0.795985,0.571109,0.619750,0.626121,0.542681,0.450915,0.572662,0.699869,0.762513,0.629558,0.571653,0.681931,0.532144,0.381331,0.565436,0.667027,0.558622,0.621587,0.672565,0.552220,0.713743,0.587829,0.660769,0.752079,0.773096,0.520827,0.791570,0.753590,0.513548,0.549720,0.659158,0.631530,0.429652,0.582930
0.560936,0.518707,0.404896,0.569143,0.401522,0.526401,0.568491,0.331012,0.639423,0.488562,0.592631,0.546828,0.655401,0.530392,0.614234,0.297954,0.384738,0.529154,0.397367,0.702362,0.502266,0.516305,0.528480,0.431346,0.417141,0.533692,0.468916,0.360244,0.373688,0.527887,0.655609,0.501545,0.650811,0.713095,0.424236,0.617018,0.575088,0.464702,0.613897,0.434755,0.414147,0.690706,0.616200,0.678714,0.735631,0.683936,0.352863,0.546749,0.457532,0.604647,0.509609,0.765310,0.701923,0.716424,0.485417,0.690265,0.439234,0.358743,0.601904,0.577739,0.661517,0.546161,0.690887,0.509167,0.560947,0.380520,0.318063,0.632455,0.757290,0.669192,0.722230,0.676393,0.537274,0.596394,0.775929,0.795924,0.530545,0.395506,0.490408,0.522641,0.684138,0.436633,0.542723,0.723965,0.310746,0.703017,0.549371,0.361511,0.829119,0.523324,0.666807,0.325329,0.473991,0.387596,0.766825,0.716230,0.708890,0.673932,0.542759,0.591676,0.424675,0.758197,0.412554,0.442920,0.702506,0.466546,0.684124,0.451912,0.371010,0.546377,0.781359,0.373125,0.464691,0.533776,0.378823,0.311497,0.763715,0.834861,0.538233,0.389554,0.477098,0.424798,0.372934,0.726822,0.568234,0.388736,0.417024,0.542669,0.656759,0.493502,0.344376,0.609601,0.456550,0.425674,0.669260,0.345100,0.625381,0.671738,0.695473,0.515886,0.688368,0.712215,0.339164,0.662935,0.429743,0.689075,0.493125,0.696233,0.830792,0.773518,0.330900,0.661623,0.232107,0.333731,0.387677,0.527401,0.521657,0.785484,0.522472,0.593510,0.737754,0.527307,0.508115,0.324998,0.558762,0.564918,0.381081,0.785498,0.342431,0.552178,0.623758,0.491069,0.754075,0.595985,0.639512,0.453644,0.774424,0.481456,0.464460,0.677064,0.644925,0.808117,0.586266,0.481691,0.402794,0.770792,0.694465,0.578257,0.782720,0.658999,0.429746,0.305535,0.803427,0.750613,0.560560,0.399305,0.274729,0.397118,0.738672,0.600280,0.753028,0.698973,0.680960,0.324602,0.756745,0.583168,0.728266,0.458369,0.634564,0.588335,0.732159,0.515308,0.669199,0.683127,0.684740,0.411797,0.445196,0.814552,0.538594,0.645532,0.793758,0.492890,0.701657,0.000000,0.520684,0.472739,0.394236,0.796348,0.510806,0.683897,0.700308,0.634649,0.330353,0.517991,0.505710,0.415041,0.615217,0.641449,0.661626,0.408687,0.322967,0.453271,0.707374,0.703700,0.308065,0.663978,0.679134,0.286567,0.712941,0.285837,0.436354,0.603825,0.658694,0.529106,0.736093,0.426543,0.728216,0.691872,0.583847,0.748704,0.751701,0.767071,0.426506,0.592397,0.709502,0.385042,0.416119,0.532913,0.740557,0.387419,0.600235,0.396479,0.407008,0.783359,0.796064,0.492413,0.660400,0.488395,0.462616,0.380933,0.806065,0.691274,0.795520,0.359702,0.611223,0.401620,0.739425,0.537382,0.217641,0.750776,0.665695,0.764295,0.831817,0.512810,0.625642,0.307353,0.645111,0.790696,0.382192,0.414248,0.412558,0.661452,0.580831,0.449621,0.619965,0.670250,0.656231,0.599236,0.293392,0.765304,0.235337,0.563228,0.237790,0.586060,0.769696,0.607737,0.555629,0.344983,0.454565,0.765717,0.423211,0.796476,0.617758,0.520270,0.791288,0.777665,0.625199,0.283868,0.723461,0.591181,0.780980,0.688545,0.723172,0.406665,0.623955,0.488130,0.780539,0.365268,0.735698,0.493687,0.454849,0.747178,0.605989,0.774021,0.800498,0.786044,0.434601,0.742243,0.473945,0.806151,0.796189,0.708076,0.570936,0.667810,0.573426,0.777929,0.860659,0.409123,0.512067,0.808436,0.700261,0.531449,0.614540,0.550238,0.755369,0.261608,0.767568,0.695116,0.760970,0.687759,0.645233,0.755262,0.524009,0.399816,0.816291,0.688816,0.683213,0.307244,0.452684,0.702548,0.383319,0.351014,0.680671,0.437628,0.509216,0.606184,0.605039,0.655550,0.777289,0.428300,0.767044,0.587933,0.780902,0.280503,0.472104,0.728166,0.410550,0.691439,0.658334,0.269739,0.752549,0.633818,0.343890,0.606631,0.265147,0.651745,0.657742,0.180300,0.608098,0.640081,0.737075,0.714496,0.742207,0.436796,0.670703,0.578983,0.546875,0.321613,0.641243,0.826695,0.743004,0.616960,0.787692,0.732941,0.353186,0.416650,0.757710,0.638785,0.479287,0.762225,0.777142,0.637113,0.813868,0.731713,0.381312,0.710841,0.824230,0.719216,0.693173,0.717481,0.629975,0.719467,0.612783,0.614871,0.780857,0.610551,0.684956,0.612140,0.518347,0.697481,0.555268,0.750000,0.704239,0.458854,0.635638,0.658446,0.551349,0.827921,0.773249,0.813823,0.673057,0.462838,0.591461,0.778796,0.771993,0.643290,0.814993,0.594639,0.762311,0.444034,0.553038,0.760492,0.757884,0.637093,0.590665,0.782380,0.693157,0.673795,0.660619,0.716396,0.691765,0.815493,0.542190,0.569841,0.542724,0.647892,0.489129,0.557328,0.714646,0.661162,0.776182,0.547589,0.709732,0.484289,0.864110,0.385070,0.743019,0.513882,0.609540,0.774397,0.652023
0.561251,0.481493,0.313300,0.489564,0.348920,0.455174,0.586094,0.309783,0.594255,0.419053,0.611605,0.459726,0.660493,0.442148,0.610394,0.451855,0.374347,0.603459,0.340550,0.754956,0.582161,0.428536,0.491832,0.429174,0.439129,0.433558,0.515192,0.458016,0.399422,0.544485,0.780814,0.512677,0.704460,0.714613,0.476346,0.618125,0.571642,0.511098,0.630369,0.385179,0.422500,0.756957,0.774370,0.659593,0.680882,0.638841,0.443856,0.468507,0.439420,0.584467,0.326032,0.789041,0.680680,0.746400,0.368342,0.603823,0.390251,0.386331,0.585485,0.581823,0.641938,0.488717,0.717908,0.697638,0.488861,0.429932,0.392465,0.645221,0.617493,0.696035,0.764009,0.677376,0.598342,0.434329,0.760853,0.763167,0.425310,0.493447,0.282370,0.551234,0.777317,0.362650,0.493467,0.753093,0.406159,0.703001,0.460691,0.381367,0.714967,0.573634,0.635110,0.359788,0.433509,0.387196,0.700707,0.678259,0.756275,0.692731,0.518141,0.592431,0.442831,0.712263,0.386174,0.262129,0.762606,0.389743,0.700079,0.365033,0.436612,0.618316,0.831086,0.412916,0.575522,0.501886,0.293557,0.451119,0.819505,0.740899,0.524789,0.427088,0.463556,0.399845,0.371776,0.706797,0.543808,0.490134,0.430593,0.616907,0.598881,0.529864,0.328171,0.622065,0.641703,0.427339,0.601804,0.379241,0.601333,0.666701,0.754171,0.593327,0.711618,0.734470,0.298138,0.663794,0.385934,0.740895,0.456521,0.675777,0.800069,0.749994,0.342784,0.748961,0.373890,0.393494,0.540970,0.428223,0.507342,0.796405,0.523652,0.694199,0.845020,0.404452,0.482848,0.404801,0.568498,0.700560,0.403320,0.742636,0.402543,0.516634,0.682654,0.479498,0.752109,0.683028,0.687765,0.561801,0.868517,0.605208,0.524325,0.724371,0.585834,0.784723,0.612762,0.343363,0.368910,0.781195,0.645067,0.627370,0.827042,0.647613,0.487501,0.378008,0.803888,0.762343,0.545657,0.324711,0.414567,0.513279,0.817340,0.414092,0.754581,0.737557,0.804711,0.407062,0.821448,0.642891,0.837048,0.555235,0.618349,0.675035,0.752920,0.618221,0.685910,0.654270,0.616013,0.348483,0.575290,0.869380,0.257486,0.648420,0.706662,0.588693,0.685722,0.520684,0.000000,0.427243,0.365197,0.842518,0.586080,0.657566,0.749474,0.663585,0.409810,0.616394,0.571917,0.513279,0.652068,0.637718,0.619266,0.253985,0.357852,0.533113,0.660069,0.577898,0.489110,0.767873,0.750324,0.403341,0.642972,0.502288,0.584091,0.620778,0.606137,0.638968,0.700173,0.448679,0.801949,0.698533,0.559099,0.672613,0.803441,0.755512,0.230497,0.468578,0.764086,0.295420,0.344522,0.543866,0.718817,0.432239,0.587451,0.423447,0.570349,0.731839,0.835870,0.212482,0.736426,0.523178,0.396414,0.306167,0.810931,0.500056,0.696315,0.378624,0.616888,0.256541,0.769823,0.529508,0.477435,0.726304,0.768664,0.742272,0.825284,0.520082,0.569603,0.485643,0.732667,0.809230,0.490496,0.529160,0.499141,0.668664,0.668536,0.539893,0.364256,0.759867,0.607395,0.557554,0.468504,0.716642,0.451311,0.567003,0.451070,0.532704,0.773739,0.750813,0.586055,0.345736,0.452058,0.746777,0.551612,0.806685,0.720310,0.473593,0.792745,0.835749,0.677149,0.435758,0.764545,0.552450,0.613130,0.675640,0.775423,0.336200,0.716452,0.521722,0.760872,0.498834,0.851313,0.479546,0.466151,0.871820,0.666966,0.641059,0.805215,0.728840,0.408391,0.728225,0.458834,0.893104,0.791677,0.791066,0.684876,0.677452,0.677353,0.808127,0.789379,0.525166,0.607169,0.775932,0.762554,0.611346,0.670322,0.519952,0.701928,0.443284,0.785563,0.733562,0.769534,0.739384,0.663163,0.774331,0.354586,0.341059,0.886718,0.664220,0.714929,0.456418,0.190244,0.725382,0.368473,0.516486,0.809086,0.591228,0.326926,0.660623,0.441899,0.653069,0.758730,0.399375,0.729590,0.538253,0.808436,0.400660,0.671026,0.666372,0.414715,0.669873,0.640586,0.503911,0.769691,0.659898,0.414631,0.630393,0.409472,0.785180,0.719105,0.424531,0.695697,0.787388,0.789502,0.754246,0.818312,0.231606,0.635555,0.694273,0.633123,0.622086,0.728487,0.820242,0.740942,0.712128,0.885964,0.718019,0.366384,0.502745,0.768645,0.726247,0.394560,0.813400,0.633752,0.643538,0.914812,0.742480,0.580330,0.748896,0.741785,0.652890,0.725201,0.781283,0.622051,0.788166,0.705368,0.697795,0.702107,0.737548,0.633423,0.428625,0.551200,0.698138,0.422581,0.657774,0.651830,0.661822,0.680394,0.641514,0.589782,0.833481,0.778270,0.824776,0.740375,0.489525,0.635229,0.696060,0.853125,0.756677,0.801953,0.648221,0.833762,0.501667,0.596487,0.779015,0.761826,0.622405,0.459640,0.847655,0.706523,0.665592,0.641117,0.653244,0.714844,0.806080,0.676885,0.674176,0.456556,0.563703,0.617338,0.348880,0.734584,0.653999,0.768074,0.706671,0.674237,0.619701,0.808702,0.544690,0.769237,0.444701,0.601615,0.763185,0.651875
0.561584,0.450613,0.376645,0.570739,0.332314,0.496934,0.647199,0.413936,0.616085,0.449923,0.660046,0.435575,0.562289,0.410503,0.522715,0.448712,0.377835,0.566340,0.369218,0.697551,0.498260,0.408509,0.440394,0.464118,0.451991,0.431466,0.453196,0.418706,0.428066,0.396707,0.708975,0.388711,0.649163,0.656681,0.355116,0.647069,0.491206,0.469736,0.676829,0.374178,0.363202,0.750262,0.720964,0.619696,0.684806,0.538215,0.431404,0.414476,0.427942,0.616570,0.462172,0.736338,0.634756,0.734197,0.384279,0.491965,0.439702,0.456355,0.552399,0.535322,0.577071,0.497995,0.675864,0.733206,0.481097,0.434939,0.324812,0.537823,0.610589,0.640033,0.602270,0.559856,0.577711,0.527190,0.612535,0.661264,0.449782,0.400054,0.399473,0.645379,0.689387,0.412560,0.494326,0.687827,0.334646,0.672846,0.481451,0.296997,0.665974,0.627008,0.631578,0.393627,0.395323,0.390129,0.636808,0.673091,0.719073,0.575321,0.557115,0.506633,0.306257,0.573515,0.314236,0.399776,0.615821,0.351120,0.657457,0.322910,0.337343,0.648865,0.788009,0.402936,0.604474,0.496382,0.415333,0.512820,0.780991,0.735303,0.492411,0.425340,0.483099,0.360106,0.381738,0.610846,0.465547,0.500249,0.429465,0.487842,0.564328,0.466583,0.386606,0.665496,0.623720,0.400723,0.476258,0.258729,0.597262,0.721050,0.678476,0.503892,0.635955,0.618424,0.327113,0.564436,0.490826,0.659434,0.408461,0.566226,0.803938,0.688072,0.291403,0.596601,0.453982,0.356318,0.549761,0.422354,0.574013,0.723908,0.423476,0.610189,0.740020,0.451262,0.475919,0.342058,0.592482,0.589312,0.308683,0.666147,0.432302,0.394534,0.600786,0.461820,0.718316,0.576669,0.603959,0.568676,0.772482,0.589805,0.450048,0.668673,0.483882,0.688273,0.601262,0.425210,0.310397,0.684066,0.574268,0.487592,0.839569,0.666833,0.476475,0.389468,0.678666,0.754266,0.588341,0.310976,0.483072,0.426839,0.785472,0.444595,0.649026,0.626198,0.608858,0.304083,0.787402,0.655020,0.709213,0.567659,0.535998,0.683969,0.679797,0.493386,0.566780,0.576451,0.604076,0.317439,0.466180,0.854975,0.455111,0.653662,0.709737,0.558553,0.603273,0.472739,0.427243,0.000000,0.301160,0.809170,0.566414,0.619394,0.708774,0.582881,0.321664,0.529943,0.593367,0.450754,0.677014,0.607594,0.574873,0.435192,0.347732,0.391582,0.599823,0.518312,0.486556,0.572076,0.693493,0.433024,0.605889,0.516551,0.438553,0.478119,0.590433,0.626298,0.585996,0.321145,0.659007,0.627702,0.585711,0.678646,0.744208,0.714221,0.434888,0.492846,0.714174,0.409601,0.373407,0.403351,0.550848,0.409480,0.604918,0.397484,0.581558,0.671253,0.755027,0.423988,0.683439,0.345035,0.316315,0.372727,0.727074,0.481802,0.611808,0.313787,0.500551,0.489714,0.640708,0.570334,0.522647,0.600688,0.642519,0.822039,0.722941,0.521039,0.556785,0.428264,0.566071,0.727377,0.568802,0.499999,0.450454,0.477005,0.498777,0.541583,0.392335,0.667693,0.563656,0.489282,0.447505,0.683757,0.412340,0.559716,0.484909,0.492896,0.696880,0.695352,0.482662,0.371057,0.364839,0.625742,0.589257,0.689516,0.772318,0.403701,0.707743,0.761594,0.489271,0.445680,0.697980,0.556388,0.547713,0.691469,0.616775,0.377307,0.645200,0.643762,0.725057,0.417461,0.836812,0.488389,0.464475,0.841921,0.606953,0.647224,0.773161,0.720242,0.402905,0.725798,0.376589,0.846195,0.804698,0.748856,0.674303,0.565276,0.559425,0.714337,0.748452,0.486703,0.529407,0.724723,0.626826,0.508495,0.670608,0.542622,0.704833,0.469795,0.655076,0.681334,0.779777,0.719126,0.628534,0.763044,0.435906,0.364271,0.772581,0.558999,0.600121,0.396318,0.407284,0.606304,0.274426,0.597686,0.616032,0.516315,0.546686,0.583397,0.360096,0.660217,0.687133,0.403099,0.719989,0.478420,0.723729,0.360136,0.719072,0.605328,0.372224,0.585814,0.565553,0.597236,0.685561,0.585964,0.424135,0.615754,0.402315,0.765081,0.657789,0.406328,0.721501,0.708498,0.670301,0.708121,0.638793,0.430589,0.622665,0.653196,0.565141,0.588824,0.752569,0.778038,0.806705,0.609479,0.802395,0.657517,0.392891,0.392664,0.723564,0.613897,0.378061,0.787447,0.558209,0.548052,0.825557,0.632264,0.483021,0.743607,0.728170,0.628604,0.590059,0.695836,0.551053,0.656707,0.625194,0.592192,0.704925,0.639758,0.668907,0.510670,0.474792,0.562803,0.412543,0.721926,0.658570,0.625832,0.527141,0.591286,0.460967,0.819612,0.687117,0.731150,0.592403,0.352065,0.534412,0.726882,0.839567,0.671416,0.774870,0.591831,0.678142,0.430130,0.601417,0.698605,0.691520,0.666688,0.431013,0.815354,0.609168,0.616865,0.682582,0.518390,0.622580,0.774216,0.644773,0.520902,0.467724,0.504634,0.415074,0.433039,0.684026,0.620923,0.647693,0.646487,0.543380,0.626715,0.754789,0.485965,0.734102,0.438628,0.488371,0.664174,0.448832
0.561665,0.515024,0.291799,0.515213,0.323090,0.517600,0.645370,0.268606,0.664021,0.439206,0.684858,0.515088,0.623119,0.409170,0.583207,0.375473,0.301121,0.599489,0.306401,0.771160,0.586432,0.404966,0.565675,0.422533,0.420733,0.457704,0.528364,0.279115,0.254643,0.428468,0.717716,0.431417,0.613608,0.683076,0.316086,0.726904,0.621811,0.503011,0.665226,0.334023,0.313538,0.710218,0.676038,0.660411,0.772173,0.633422,0.449361,0.433437,0.337855,0.662680,0.435603,0.760423,0.689241,0.696556,0.359676,0.558220,0.314527,0.361320,0.634383,0.533782,0.593137,0.478505,0.621740,0.722333,0.481098,0.399521,0.228679,0.521398,0.689346,0.710801,0.713080,0.630969,0.655139,0.512008,0.748545,0.814593,0.414948,0.359765,0.363999,0.638790,0.743095,0.377550,0.457759,0.685518,0.244799,0.779257,0.414158,0.175081,0.741177,0.632274,0.710085,0.323655,0.411166,0.371122,0.722421,0.780104,0.765895,0.625978,0.520439,0.639238,0.377029,0.738779,0.329214,0.369388,0.701110,0.426178,0.666110,0.377632,0.295152,0.696979,0.819496,0.312629,0.603204,0.574845,0.312486,0.307162,0.699041,0.785253,0.545718,0.421447,0.465644,0.262133,0.241986,0.700606,0.561515,0.464270,0.360115,0.557041,0.656822,0.509791,0.264801,0.689788,0.654735,0.445654,0.651958,0.185248,0.560151,0.745600,0.771241,0.590083,0.788589,0.654671,0.156241,0.733162,0.369784,0.676058,0.428175,0.644655,0.894416,0.778740,0.130789,0.696141,0.237318,0.287245,0.489581,0.442074,0.563371,0.821959,0.499100,0.663057,0.775759,0.348048,0.499472,0.158569,0.511365,0.650671,0.246314,0.746751,0.336835,0.500701,0.699482,0.402298,0.697330,0.632495,0.654490,0.524108,0.841804,0.517464,0.438837,0.728406,0.518031,0.741646,0.655050,0.443082,0.242690,0.771123,0.620956,0.611862,0.872526,0.740943,0.414530,0.232355,0.773563,0.878670,0.552290,0.255227,0.346218,0.470999,0.813860,0.464442,0.639741,0.697829,0.746919,0.214085,0.848790,0.622720,0.773554,0.549413,0.632346,0.663250,0.724130,0.470210,0.643618,0.600308,0.644033,0.190265,0.449019,0.883454,0.452868,0.627499,0.784247,0.489718,0.651114,0.394236,0.365197,0.301160,0.000000,0.801526,0.530333,0.735958,0.825838,0.683022,0.299573,0.547483,0.507707,0.458931,0.694925,0.593680,0.666489,0.355224,0.083679,0.397120,0.674273,0.639673,0.419016,0.724455,0.722437,0.291235,0.656799,0.422744,0.571135,0.594834,0.664575,0.576314,0.688351,0.276532,0.704945,0.710969,0.568758,0.732838,0.755234,0.814538,0.357697,0.544296,0.781152,0.334211,0.261869,0.466997,0.691476,0.495916,0.598248,0.414393,0.432992,0.714340,0.789279,0.316994,0.742031,0.505880,0.316144,0.253564,0.821859,0.536278,0.639393,0.119864,0.623671,0.375208,0.716115,0.534014,0.369820,0.704903,0.732560,0.736441,0.846766,0.603170,0.652113,0.432812,0.763914,0.766638,0.368992,0.415049,0.491257,0.664005,0.640972,0.527974,0.435454,0.784921,0.642472,0.472012,0.429901,0.717176,0.280290,0.666692,0.388641,0.531672,0.757382,0.661313,0.535331,0.243697,0.305084,0.741943,0.518660,0.821939,0.778027,0.478455,0.810597,0.780282,0.611023,0.335135,0.798037,0.592080,0.581175,0.674520,0.710619,0.241256,0.681179,0.626293,0.707922,0.452304,0.822437,0.366971,0.355428,0.813177,0.594590,0.685064,0.709411,0.805741,0.425436,0.706415,0.388227,0.867486,0.857158,0.717223,0.777388,0.687738,0.612017,0.789268,0.849873,0.471399,0.576758,0.793742,0.785952,0.482597,0.655446,0.591094,0.778837,0.256991,0.754768,0.693873,0.725431,0.738404,0.597004,0.703612,0.449470,0.314396,0.846699,0.699557,0.737089,0.296891,0.285649,0.656030,0.052213,0.502599,0.751362,0.607085,0.518488,0.704014,0.405407,0.650657,0.719433,0.310397,0.722183,0.603654,0.824053,0.284334,0.658042,0.632028,0.352701,0.687320,0.694000,0.391797,0.785566,0.726241,0.342225,0.660844,0.382366,0.814976,0.727543,0.335346,0.733024,0.804280,0.718351,0.776907,0.792747,0.338112,0.597309,0.747411,0.649560,0.499359,0.777035,0.810579,0.820513,0.730323,0.856618,0.745305,0.309088,0.386686,0.860099,0.686158,0.318550,0.781580,0.685683,0.562542,0.830961,0.750638,0.552098,0.703212,0.811665,0.625387,0.663695,0.834700,0.573472,0.744161,0.737083,0.716431,0.694700,0.687307,0.660299,0.514877,0.451429,0.679325,0.366931,0.716674,0.712686,0.686117,0.617977,0.670265,0.429037,0.839778,0.716433,0.831607,0.729627,0.303614,0.599296,0.738285,0.830644,0.762513,0.817108,0.637098,0.775559,0.379175,0.570830,0.698848,0.792656,0.657955,0.471483,0.896295,0.717451,0.657119,0.720103,0.595568,0.736598,0.769804,0.644195,0.685255,0.424359,0.478164,0.493130,0.310051,0.696481,0.670051,0.814726,0.678526,0.684058,0.561021,0.796352,0.515219,0.805384,0.421279,0.542803,0.773696,0.598781
0.561666,0.624884,0.813945,0.807224,0.794046,0.826552,0.800070,0.794495,0.807549,0.790438,0.809660,0.832736,0.424605,0.831579,0.488128,0.728524,0.714548,0.718247,0.722879,0.714451,0.700404,0.647792,0.757871,0.789572,0.777600,0.786627,0.676548,0.576218,0.754006,0.553174,0.477782,0.762116,0.315980,0.457229,0.567357,0.790282,0.766332,0.701771,0.785454,0.778299,0.720253,0.513048,0.566613,0.749563,0.780456,0.663376,0.777584,0.797524,0.656845,0.858923,0.815055,0.478901,0.471143,0.322524,0.801275,0.599329,0.683449,0.805234,0.783604,0.743080,0.383245,0.795647,0.307023,0.627489,0.768499,0.659147,0.814266,0.454906,0.660379,0.607095,0.694420,0.456734,0.837102,0.804960,0.514886,0.574917,0.841891,0.730675,0.812311,0.804594,0.829808,0.858858,0.736522,0.312846,0.768007,0.815792,0.855267,0.819205,0.555713,0.752187,0.728023,0.781164,0.852160,0.727908,0.550218,0.781085,0.541545,0.458274,0.742396,0.769913,0.747637,0.669460,0.775922,0.817437,0.471298,0.734568,0.353324,0.773324,0.648968,0.789108,0.339921,0.741369,0.853954,0.838794,0.736456,0.769477,0.394482,0.776402,0.810583,0.753058,0.755867,0.800291,0.778204,0.684695,0.694950,0.647297,0.841422,0.566884,0.615881,0.829843,0.795019,0.842790,0.762461,0.698756,0.843635,0.805297,0.581225,0.616911,0.600900,0.607270,0.789931,0.418507,0.772404,0.720854,0.854382,0.506591,0.764563,0.663106,0.617874,0.701875,0.779745,0.477567,0.786568,0.780904,0.759604,0.805951,0.802921,0.742017,0.693461,0.690508,0.857807,0.742101,0.760326,0.765019,0.811604,0.515564,0.778971,0.806233,0.807762,0.694360,0.790952,0.675613,0.373887,0.814689,0.452670,0.763892,0.454551,0.789032,0.790566,0.694391,0.772198,0.654874,0.821631,0.764715,0.809083,0.520953,0.464828,0.825662,0.591269,0.785865,0.768069,0.775496,0.530588,0.737833,0.686862,0.766906,0.802172,0.647237,0.765370,0.819348,0.334582,0.379106,0.634684,0.745828,0.416147,0.778515,0.796561,0.684475,0.613386,0.672953,0.418244,0.648127,0.439866,0.749254,0.849193,0.793777,0.680675,0.406724,0.805007,0.458081,0.547368,0.863423,0.488976,0.796348,0.842518,0.809170,0.801526,0.000000,0.675800,0.841545,0.648382,0.661315,0.799652,0.731776,0.815923,0.773540,0.736276,0.796706,0.799188,0.827253,0.768719,0.753467,0.755531,0.732917,0.753291,0.453590,0.562122,0.770910,0.776442,0.822149,0.788640,0.653284,0.756892,0.835326,0.479437,0.786672,0.793401,0.667990,0.809712,0.746676,0.285565,0.497096,0.821392,0.809766,0.463885,0.798790,0.701496,0.808195,0.638030,0.849765,0.763813,0.781106,0.793575,0.853790,0.703253,0.822811,0.622537,0.690596,0.801791,0.814213,0.638519,0.871683,0.694055,0.810031,0.719351,0.772658,0.522485,0.753985,0.711842,0.481776,0.547107,0.861129,0.582846,0.855534,0.864183,0.768858,0.601773,0.809040,0.829398,0.787380,0.731575,0.756636,0.567003,0.824662,0.863674,0.641681,0.621143,0.744026,0.823870,0.855726,0.769668,0.778050,0.725050,0.795033,0.819167,0.585505,0.694560,0.787305,0.688233,0.475390,0.779422,0.777687,0.717125,0.784295,0.780237,0.379282,0.612012,0.808007,0.573008,0.589708,0.889861,0.591464,0.450133,0.809742,0.650622,0.826103,0.383996,0.820399,0.811543,0.819509,0.775904,0.463670,0.768320,0.587177,0.403846,0.715640,0.842723,0.360199,0.819920,0.810317,0.743607,0.360766,0.785536,0.768151,0.555358,0.800767,0.716193,0.738940,0.806323,0.745429,0.768286,0.715907,0.754185,0.855840,0.773380,0.778058,0.820694,0.385896,0.467960,0.526958,0.702078,0.498108,0.802723,0.792161,0.476817,0.788645,0.726448,0.766489,0.821631,0.471534,0.783731,0.766332,0.672014,0.839918,0.821658,0.858802,0.852277,0.664321,0.806342,0.762232,0.775834,0.736450,0.482948,0.762630,0.780282,0.585174,0.791188,0.801135,0.734167,0.711722,0.839735,0.810836,0.769941,0.708469,0.913894,0.812989,0.869833,0.785272,0.793468,0.685449,0.504009,0.756638,0.675715,0.784606,0.792011,0.728516,0.717582,0.744478,0.675468,0.883098,0.686220,0.672584,0.808118,0.725024,0.831111,0.672448,0.734817,0.760855,0.813743,0.424142,0.866761,0.570449,0.606457,0.855356,0.695817,0.458009,0.722398,0.850153,0.526593,0.698338,0.725876,0.766646,0.820521,0.703462,0.675117,0.715759,0.841523,0.832391,0.732925,0.735350,0.792381,0.801844,0.840561,0.661753,0.628031,0.734712,0.738510,0.330598,0.734756,0.762877,0.740083,0.815650,0.806485,0.790935,0.671560,0.717706,0.868229,0.839339,0.675691,0.790743,0.690524,0.435265,0.540247,0.744175,0.838396,0.647470,0.713919,0.756658,0.838770,0.663793,0.777404,0.407383,0.695269,0.627073,0.773498,0.851379,0.695852,0.862297,0.703447,0.898217,0.757363,0.777027,0.664429,0.826025,0.831274,0.665997,0.613141,0.797017,0.818850,0.460793,0.733295
0.562006,0.564049,0.517685,0.592467,0.479966,0.560370,0.618389,0.405352,0.669746,0.613346,0.615634,0.640190,0.491920,0.532695,0.499079,0.450695,0.436629,0.638211,0.500289,0.691433,0.568459,0.517966,0.569517,0.461219,0.561095,0.615014,0.518585,0.342710,0.435526,0.461976,0.693646,0.534670,0.509781,0.507775,0.381462,0.639046,0.516000,0.553155,0.600408,0.529617,0.405108,0.671219,0.546778,0.682754,0.681123,0.653634,0.577197,0.565411,0.459479,0.678480,0.580914,0.696567,0.537508,0.605560,0.563025,0.521322,0.422822,0.445654,0.559177,0.655759,0.455232,0.601626,0.465494,0.662064,0.608497,0.448101,0.500521,0.465925,0.684989,0.663816,0.719617,0.515459,0.729536,0.657498,0.593561,0.691321,0.597748,0.416831,0.593395,0.698995,0.751324,0.615066,0.495599,0.588038,0.468641,0.689064,0.685223,0.473039,0.612136,0.646088,0.724176,0.401084,0.623702,0.494571,0.564021,0.671385,0.680487,0.511497,0.577451,0.629791,0.525031,0.566321,0.460408,0.538827,0.460318,0.580915,0.599769,0.547136,0.459167,0.631423,0.685826,0.449677,0.654387,0.566002,0.467607,0.416910,0.693771,0.758890,0.560525,0.549560,0.556096,0.580048,0.495270,0.728571,0.549560,0.513853,0.619629,0.505571,0.619567,0.605833,0.475087,0.699809,0.608000,0.503394,0.625562,0.460730,0.536649,0.621663,0.744413,0.495546,0.697952,0.511917,0.482351,0.614544,0.607638,0.485912,0.634187,0.547244,0.714623,0.604616,0.440376,0.430737,0.403503,0.448234,0.574391,0.576179,0.575454,0.760200,0.562086,0.670055,0.768189,0.580427,0.569673,0.433566,0.594364,0.529293,0.487561,0.725714,0.443918,0.500029,0.645074,0.469085,0.629132,0.573593,0.595215,0.524748,0.647363,0.510646,0.452804,0.701278,0.695511,0.621944,0.705557,0.602529,0.500824,0.703398,0.500908,0.629440,0.729371,0.677910,0.468170,0.536958,0.621967,0.785608,0.663975,0.490800,0.468229,0.452337,0.753281,0.663593,0.564137,0.552495,0.716578,0.458858,0.762078,0.588379,0.785261,0.557079,0.561029,0.679941,0.602388,0.495969,0.481006,0.555118,0.809329,0.513850,0.539641,0.763788,0.643826,0.536437,0.653665,0.506996,0.525030,0.510806,0.586080,0.566414,0.530333,0.675800,0.000000,0.659765,0.726590,0.645843,0.501536,0.563467,0.599851,0.599444,0.637106,0.640605,0.802530,0.582612,0.413235,0.512829,0.800582,0.674663,0.541280,0.635968,0.688978,0.390114,0.754402,0.552482,0.591745,0.610220,0.691846,0.630315,0.561568,0.487704,0.745212,0.631603,0.568777,0.706994,0.665593,0.574744,0.599814,0.661030,0.614006,0.561304,0.536575,0.643101,0.672784,0.660073,0.635172,0.536764,0.461401,0.703103,0.736007,0.617589,0.628556,0.518981,0.544382,0.517954,0.697359,0.680663,0.658478,0.441793,0.576312,0.581566,0.676742,0.632081,0.423785,0.576809,0.759522,0.788549,0.599167,0.707302,0.682889,0.528879,0.653848,0.745209,0.480904,0.478929,0.572369,0.653934,0.539054,0.598792,0.732153,0.676264,0.591935,0.664702,0.563956,0.754113,0.448286,0.619312,0.412701,0.692301,0.716149,0.473508,0.634856,0.548475,0.447990,0.543960,0.586589,0.707650,0.635676,0.624898,0.748429,0.656052,0.597435,0.532357,0.715875,0.579471,0.747080,0.554732,0.644000,0.486240,0.682639,0.638086,0.597287,0.603635,0.798463,0.595534,0.480770,0.764091,0.648721,0.623217,0.651277,0.713604,0.582702,0.635960,0.537869,0.849412,0.728249,0.564152,0.754329,0.674357,0.488160,0.742392,0.711889,0.514833,0.659522,0.700751,0.778633,0.508882,0.690748,0.649268,0.694718,0.405845,0.744882,0.631225,0.585649,0.595761,0.557223,0.660225,0.592396,0.524386,0.792768,0.663101,0.632275,0.498768,0.572290,0.631669,0.481603,0.588246,0.727814,0.657499,0.630948,0.590524,0.674216,0.674215,0.694707,0.599100,0.598310,0.651777,0.747352,0.506984,0.675929,0.576554,0.551606,0.685246,0.610368,0.403041,0.753737,0.712184,0.547612,0.578138,0.508459,0.726073,0.764486,0.502452,0.713399,0.608354,0.612607,0.706766,0.671362,0.569508,0.666355,0.739336,0.725411,0.543039,0.722164,0.800691,0.724805,0.732877,0.806976,0.669765,0.550403,0.467924,0.767712,0.661525,0.533205,0.579314,0.745979,0.534890,0.729109,0.682526,0.591733,0.537720,0.697274,0.748648,0.522763,0.744599,0.626873,0.656648,0.716507,0.608552,0.652848,0.685905,0.640315,0.720838,0.499832,0.666057,0.618674,0.805530,0.725354,0.656094,0.637872,0.653953,0.592773,0.691354,0.724664,0.778205,0.749315,0.505368,0.674548,0.775447,0.759376,0.704004,0.783195,0.742977,0.657492,0.479406,0.570308,0.695499,0.672847,0.565370,0.624075,0.779806,0.713064,0.636891,0.699443,0.571535,0.690410,0.703449,0.598372,0.662045,0.541173,0.553327,0.457094,0.648142,0.682834,0.619864,0.775265,0.672646,0.625527,0.621466,0.794148,0.489559,0.707906,0.618926,0.558867,0.657809,0.577251
0.563112,0.540996,0.565602,0.603382,0.580598,0.528268,0.546132,0.685232,0.518141,0.546486,0.591837,0.568946,0.634061,0.600629,0.657198,0.579039,0.624904,0.633080,0.619108,0.656483,0.527152,0.601573,0.553545,0.658857,0.588007,0.606291,0.597926,0.715597,0.693732,0.665284,0.766932,0.562792,0.792591,0.672885,0.631825,0.600006,0.586281,0.472475,0.628922,0.557519,0.564461,0.761323,0.733605,0.657795,0.586458,0.661032,0.547612,0.493570,0.678253,0.551383,0.708121,0.738077,0.749671,0.822586,0.613693,0.620583,0.687757,0.692319,0.580950,0.619246,0.734543,0.700159,0.824890,0.692235,0.571600,0.641603,0.677553,0.676655,0.480975,0.647615,0.640824,0.714230,0.511685,0.530117,0.702771,0.644849,0.642541,0.680151,0.569928,0.601526,0.637439,0.539132,0.639032,0.826099,0.695439,0.630371,0.574842,0.710558,0.725581,0.654551,0.642019,0.693108,0.571841,0.640125,0.708800,0.630196,0.742437,0.693139,0.699384,0.573855,0.607235,0.545020,0.641927,0.715925,0.666672,0.599328,0.850009,0.639599,0.681596,0.610922,0.764780,0.650292,0.536305,0.562167,0.730899,0.751565,0.847728,0.511071,0.573334,0.646708,0.598269,0.657718,0.664520,0.574574,0.620074,0.547869,0.628122,0.674111,0.670646,0.603442,0.707170,0.592991,0.587159,0.613870,0.609317,0.707772,0.652934,0.654361,0.586395,0.692821,0.631603,0.798009,0.711517,0.604521,0.758534,0.770544,0.634460,0.574547,0.671736,0.608780,0.725230,0.726463,0.735201,0.622402,0.672596,0.590644,0.691507,0.596937,0.638826,0.640437,0.577735,0.671815,0.636198,0.711139,0.678990,0.724805,0.696555,0.620627,0.749530,0.653590,0.661204,0.635635,0.874842,0.596817,0.629650,0.708319,0.747503,0.669472,0.743721,0.692699,0.583121,0.619563,0.663819,0.725761,0.673215,0.772784,0.744198,0.686930,0.760290,0.582225,0.699967,0.729877,0.709344,0.558655,0.698510,0.613485,0.666566,0.606084,0.764875,0.677347,0.842828,0.783483,0.594786,0.691647,0.704537,0.669002,0.566666,0.706384,0.679988,0.743345,0.777015,0.633211,0.689743,0.531964,0.590621,0.680697,0.655933,0.784240,0.674459,0.809185,0.710370,0.768725,0.706309,0.683897,0.657566,0.619394,0.735958,0.841545,0.659765,0.000000,0.557683,0.651455,0.678001,0.525699,0.700676,0.663775,0.675659,0.735977,0.603246,0.782475,0.706323,0.629513,0.627024,0.509735,0.697525,0.722547,0.769624,0.750336,0.587675,0.699447,0.583295,0.652638,0.695568,0.552862,0.705710,0.671226,0.568422,0.566814,0.601541,0.635980,0.854644,0.717221,0.758086,0.541677,0.714746,0.590634,0.677835,0.631507,0.664434,0.463538,0.661473,0.638901,0.768350,0.584593,0.624628,0.748974,0.683663,0.648786,0.687282,0.652987,0.615301,0.662158,0.673186,0.719931,0.647143,0.740677,0.738389,0.612838,0.757981,0.726864,0.793095,0.563364,0.721710,0.459516,0.651098,0.671875,0.669725,0.572521,0.788197,0.695050,0.688309,0.572798,0.609590,0.664298,0.691420,0.644606,0.606455,0.668159,0.632635,0.604696,0.776554,0.689221,0.715004,0.615407,0.559072,0.783459,0.676005,0.693034,0.663613,0.743915,0.698591,0.595780,0.710259,0.640051,0.560427,0.823067,0.610555,0.739167,0.789162,0.635654,0.677920,0.688849,0.740423,0.619202,0.705356,0.727863,0.845357,0.652589,0.719328,0.702150,0.696681,0.819520,0.713164,0.639037,0.858971,0.673496,0.596539,0.849844,0.603928,0.576542,0.711289,0.839349,0.637886,0.686853,0.682674,0.583457,0.639905,0.731572,0.612616,0.645419,0.577344,0.663116,0.700561,0.650435,0.576938,0.751287,0.602061,0.829550,0.832556,0.691671,0.667559,0.872142,0.681838,0.726980,0.800163,0.631598,0.666467,0.715903,0.705278,0.784383,0.738620,0.678388,0.728056,0.585432,0.793085,0.633701,0.644413,0.670311,0.627695,0.696008,0.615645,0.720312,0.721063,0.730052,0.732130,0.654169,0.644603,0.695311,0.643382,0.808577,0.750692,0.677606,0.705719,0.601050,0.647110,0.710415,0.553101,0.730803,0.697138,0.606782,0.665037,0.695260,0.705063,0.775609,0.675436,0.619860,0.609559,0.765386,0.683744,0.681618,0.737599,0.682547,0.713764,0.629121,0.639811,0.660328,0.546167,0.654159,0.586106,0.890143,0.700332,0.715002,0.775519,0.647879,0.696579,0.800481,0.664709,0.648853,0.692175,0.620516,0.639770,0.663107,0.631062,0.645681,0.734419,0.633024,0.646238,0.747385,0.624800,0.716373,0.684514,0.799886,0.715836,0.711077,0.648822,0.611319,0.708634,0.848325,0.708450,0.580784,0.621786,0.662904,0.634049,0.661430,0.788895,0.637833,0.662018,0.698274,0.692800,0.610004,0.751135,0.827209,0.727094,0.689777,0.635447,0.734600,0.576218,0.634343,0.598145,0.687316,0.608459,0.806001,0.673474,0.494963,0.685822,0.638379,0.604631,0.697307,0.699763,0.595236,0.615170,0.701112,0.663605,0.695022,0.640640,0.637883,0.667421,0.735152,0.610096,0.732963,0.602148
0.563171,0.614714,0.697926,0.662017,0.722129,0.587827,0.516425,0.690711,0.427713,0.638213,0.547854,0.655715,0.523837,0.667281,0.589285,0.674730,0.687285,0.634444,0.723599,0.501025,0.568535,0.742949,0.449274,0.628048,0.522970,0.715180,0.618156,0.758935,0.728736,0.631947,0.624656,0.675230,0.672253,0.616518,0.670533,0.439398,0.549655,0.576769,0.543119,0.674049,0.700341,0.684127,0.685911,0.681979,0.474848,0.716992,0.680157,0.676325,0.708140,0.516725,0.674110,0.637120,0.568406,0.721640,0.718187,0.725851,0.742814,0.695961,0.682403,0.603594,0.686527,0.737542,0.679115,0.569111,0.667827,0.650929,0.806593,0.657493,0.546273,0.596540,0.553945,0.611248,0.509836,0.691301,0.587366,0.513147,0.687601,0.616919,0.713048,0.523579,0.602373,0.743774,0.685045,0.689972,0.799002,0.527349,0.785586,0.819201,0.667175,0.631742,0.493990,0.691600,0.777600,0.680722,0.776040,0.552817,0.656349,0.604687,0.730905,0.446098,0.717263,0.586657,0.722344,0.705561,0.660919,0.722918,0.709927,0.709320,0.763984,0.426538,0.622608,0.799397,0.574893,0.631633,0.719261,0.793461,0.732193,0.605776,0.577741,0.568036,0.652389,0.790736,0.830578,0.600120,0.659261,0.707985,0.770863,0.589441,0.647665,0.676645,0.809457,0.671177,0.499308,0.602071,0.526396,0.801218,0.709635,0.592393,0.628708,0.571892,0.455284,0.724922,0.777811,0.520200,0.816152,0.759268,0.735568,0.692078,0.654222,0.653641,0.806304,0.705447,0.782242,0.782153,0.602880,0.721813,0.582624,0.563731,0.662108,0.579041,0.677265,0.774297,0.669228,0.788264,0.600602,0.580787,0.770954,0.543706,0.767558,0.729653,0.665324,0.733964,0.783524,0.631237,0.474237,0.653480,0.617098,0.760431,0.738845,0.710903,0.846304,0.656068,0.707775,0.719830,0.846569,0.637929,0.629158,0.663304,0.619476,0.492607,0.743732,0.804107,0.565504,0.260430,0.760172,0.758442,0.758114,0.653638,0.666724,0.715921,0.713446,0.635906,0.487915,0.763284,0.588430,0.531535,0.681108,0.638438,0.707693,0.710638,0.683260,0.601913,0.661190,0.707503,0.824868,0.807222,0.707730,0.643483,0.733541,0.753773,0.666747,0.789805,0.599992,0.700308,0.749474,0.708774,0.825838,0.648382,0.726590,0.557683,0.000000,0.652050,0.797394,0.806749,0.800227,0.676911,0.461314,0.775496,0.783511,0.818438,0.806124,0.697970,0.646241,0.589367,0.654282,0.631699,0.693195,0.767643,0.642641,0.774432,0.620258,0.703454,0.606657,0.761744,0.590188,0.800436,0.649661,0.621665,0.794432,0.724093,0.660349,0.641997,0.822061,0.694407,0.631402,0.765769,0.752054,0.891840,0.727378,0.716234,0.578897,0.710697,0.823034,0.679298,0.644407,0.799258,0.556624,0.690225,0.863391,0.815391,0.659837,0.809424,0.796516,0.806479,0.534705,0.762289,0.689974,0.692953,0.734447,0.606974,0.627454,0.717772,0.695042,0.722852,0.664606,0.737943,0.493955,0.629095,0.787711,0.754942,0.704494,0.549731,0.590769,0.616762,0.773541,0.460253,0.626387,0.826154,0.740012,0.687627,0.855019,0.524923,0.675105,0.678969,0.673801,0.815812,0.728994,0.796540,0.750338,0.656338,0.714403,0.642543,0.598240,0.665942,0.662414,0.671094,0.668937,0.772039,0.569794,0.589460,0.743803,0.753210,0.598081,0.812715,0.613943,0.662516,0.750111,0.674972,0.791192,0.842223,0.823565,0.627500,0.713764,0.734981,0.770343,0.600988,0.755321,0.760426,0.755452,0.601775,0.713033,0.723151,0.365575,0.683062,0.598817,0.689733,0.745845,0.679162,0.581885,0.777182,0.695485,0.783800,0.826934,0.628431,0.566324,0.773427,0.637579,0.698614,0.772502,0.522658,0.751177,0.838793,0.853488,0.882376,0.696170,0.495265,0.673525,0.834553,0.842899,0.650007,0.819333,0.632054,0.573560,0.588777,0.800027,0.652343,0.785378,0.700908,0.700682,0.874159,0.748184,0.643857,0.559765,0.786920,0.669734,0.719152,0.814077,0.695770,0.531143,0.731317,0.749917,0.504917,0.737983,0.536673,0.772077,0.551863,0.760529,0.770378,0.593626,0.555449,0.706256,0.667260,0.550389,0.806514,0.710771,0.354265,0.515993,0.751907,0.602351,0.672582,0.601696,0.632362,0.748257,0.423022,0.799482,0.722045,0.218843,0.727681,0.794448,0.706714,0.744691,0.748832,0.775545,0.701828,0.629976,0.718562,0.752947,0.762463,0.651229,0.530951,0.791464,0.586728,0.764688,0.484436,0.756597,0.656887,0.701628,0.839938,0.786904,0.679869,0.808828,0.774823,0.596912,0.601860,0.736759,0.633742,0.814720,0.663560,0.747483,0.589752,0.562217,0.806993,0.752841,0.646250,0.668196,0.697810,0.699320,0.665881,0.661038,0.785228,0.743783,0.653575,0.646989,0.554194,0.826501,0.651779,0.575191,0.660353,0.657503,0.764754,0.564825,0.701277,0.643005,0.550639,0.767579,0.826892,0.613110,0.899695,0.798462,0.751259,0.581138,0.633044,0.736935,0.716428,0.718430,0.636827,0.585031,0.861441,0.647695,0.634051,0.699328
0.563385,0.539700,0.586414,0.634912,0.586945,0.557330,0.535709,0.582040,0.599978,0.520504,0.589837,0.541665,0.535464,0.574032,0.484833,0.527735,0.586348,0.613549,0.532241,0.653850,0.489718,0.648108,0.585558,0.533713,0.538899,0.584869,0.591203,0.575942,0.581134,0.545077,0.596357,0.515619,0.628272,0.569512,0.640732,0.589750,0.608358,0.583249,0.617417,0.645816,0.557661,0.579247,0.698566,0.605610,0.599682,0.572235,0.628514,0.612862,0.463046,0.552311,0.589425,0.648052,0.557873,0.693727,0.578787,0.566215,0.568331,0.534582,0.627140,0.586209,0.572105,0.539303,0.602789,0.601783,0.614294,0.571920,0.575473,0.580934,0.525161,0.615681,0.550821,0.567862,0.556005,0.633157,0.558551,0.625160,0.562662,0.510810,0.652563,0.591982,0.733568,0.651723,0.614314,0.684380,0.635999,0.576346,0.667504,0.606996,0.664990,0.521503,0.556652,0.596464,0.654785,0.514632,0.603499,0.599039,0.595120,0.537627,0.671588,0.571124,0.505825,0.579931,0.573866,0.621585,0.599274,0.576863,0.670589,0.600947,0.637828,0.538447,0.668819,0.599442,0.608249,0.598470,0.583951,0.609100,0.740188,0.678313,0.610829,0.557799,0.583126,0.650834,0.639282,0.630844,0.597146,0.669534,0.640620,0.585034,0.435657,0.617254,0.607195,0.665823,0.526939,0.573820,0.629413,0.595636,0.569613,0.485767,0.624927,0.637396,0.622117,0.666067,0.666791,0.539784,0.702102,0.706595,0.622165,0.563999,0.632858,0.623856,0.691424,0.640379,0.609186,0.558078,0.568593,0.671319,0.600576,0.698596,0.530060,0.556777,0.709787,0.630674,0.694246,0.640769,0.620022,0.607859,0.608920,0.636395,0.585269,0.646901,0.628818,0.568093,0.669579,0.671949,0.583249,0.659715,0.690436,0.707407,0.649732,0.625716,0.675203,0.664140,0.585735,0.616046,0.612550,0.673052,0.618413,0.648477,0.577682,0.591046,0.649226,0.693428,0.618762,0.639097,0.530775,0.610031,0.629787,0.610169,0.663719,0.633448,0.688558,0.684560,0.591891,0.660963,0.612892,0.650549,0.695970,0.625043,0.535779,0.629716,0.716089,0.725683,0.550042,0.711673,0.772006,0.665258,0.630969,0.740943,0.661477,0.713390,0.594797,0.682942,0.610162,0.634649,0.663585,0.582881,0.683022,0.661315,0.645843,0.651455,0.652050,0.000000,0.576152,0.664044,0.600190,0.634501,0.602045,0.748753,0.707852,0.618074,0.634094,0.581959,0.708301,0.548057,0.626462,0.550142,0.660520,0.614715,0.633057,0.573550,0.582478,0.556558,0.664022,0.661906,0.602606,0.625481,0.681218,0.601497,0.728147,0.691416,0.656132,0.646478,0.643886,0.644842,0.622924,0.632025,0.657286,0.688548,0.579286,0.633328,0.564861,0.634267,0.712437,0.702431,0.650158,0.671361,0.575882,0.527897,0.670529,0.663039,0.642079,0.690463,0.659347,0.675615,0.553397,0.616535,0.596591,0.618580,0.625233,0.599024,0.626972,0.777778,0.620267,0.649247,0.710661,0.629064,0.650471,0.684182,0.612661,0.581235,0.573508,0.611122,0.568544,0.598850,0.732208,0.617976,0.481947,0.561328,0.664891,0.695905,0.655788,0.605377,0.535216,0.652639,0.677016,0.706218,0.477431,0.712219,0.653828,0.646177,0.583105,0.658747,0.638314,0.657249,0.646968,0.704329,0.578428,0.613720,0.680428,0.516807,0.720821,0.683942,0.667713,0.690734,0.592653,0.597815,0.708042,0.628520,0.758644,0.688178,0.611840,0.747639,0.680309,0.494178,0.718680,0.663006,0.699592,0.658429,0.669247,0.751950,0.750861,0.672705,0.712046,0.628380,0.595223,0.678760,0.771280,0.659306,0.660099,0.734438,0.681005,0.651627,0.615594,0.594077,0.597506,0.643235,0.631712,0.640222,0.703814,0.603032,0.595937,0.629408,0.697095,0.656226,0.709751,0.655273,0.620983,0.629320,0.684296,0.682070,0.682776,0.573519,0.593246,0.642834,0.594784,0.652120,0.769075,0.666398,0.680278,0.660246,0.741437,0.647989,0.689881,0.722713,0.652441,0.580435,0.583101,0.631194,0.493829,0.588237,0.748426,0.622186,0.650402,0.620662,0.660532,0.666037,0.721282,0.644162,0.743157,0.543787,0.696122,0.658186,0.584986,0.646456,0.687391,0.548914,0.538610,0.622788,0.570181,0.725432,0.706890,0.570115,0.779400,0.602539,0.695956,0.547690,0.620713,0.619211,0.688089,0.655006,0.727839,0.640773,0.679765,0.738353,0.627534,0.745383,0.760448,0.746421,0.666812,0.601310,0.701181,0.650177,0.662491,0.554096,0.728743,0.666888,0.671082,0.653532,0.652376,0.672634,0.683092,0.801849,0.658818,0.645919,0.614043,0.477904,0.753254,0.714926,0.660399,0.732815,0.675096,0.620887,0.531674,0.687852,0.738035,0.613452,0.728017,0.653548,0.585934,0.619504,0.711084,0.734482,0.623281,0.646266,0.715392,0.749524,0.624261,0.683841,0.684654,0.557214,0.702579,0.780372,0.676063,0.635077,0.652931,0.670813,0.648259,0.745298,0.634133,0.673335,0.758320,0.588140,0.653044,0.632959,0.722157,0.594580,0.663166,0.672826,0.713310,0.619087,0.587400
0.563387,0.465842,0.330401,0.533811,0.271924,0.499419,0.609910,0.312277,0.650704,0.400410,0.623471,0.425404,0.553118,0.415839,0.499281,0.274974,0.356483,0.526792,0.352701,0.722273,0.476061,0.454820,0.488512,0.390315,0.412300,0.437926,0.412178,0.300525,0.319588,0.398356,0.672968,0.359031,0.622648,0.660874,0.357146,0.643417,0.488673,0.478336,0.669288,0.366650,0.302971,0.756992,0.679140,0.631443,0.732343,0.609833,0.374457,0.378386,0.364751,0.674477,0.410341,0.770279,0.623772,0.715458,0.376529,0.550474,0.327154,0.326300,0.497819,0.564355,0.543111,0.408410,0.692326,0.683460,0.498005,0.383727,0.086414,0.533444,0.630204,0.744318,0.695885,0.565377,0.616830,0.460327,0.660958,0.756540,0.517474,0.340542,0.426251,0.594981,0.753371,0.382841,0.481144,0.696243,0.265849,0.712187,0.467462,0.239760,0.689397,0.589810,0.650947,0.245759,0.337716,0.355279,0.741142,0.696867,0.757351,0.589646,0.488406,0.530537,0.276326,0.637796,0.248200,0.319070,0.648403,0.314671,0.686335,0.327513,0.297204,0.629858,0.815022,0.284956,0.555806,0.477629,0.274209,0.353732,0.761083,0.739040,0.514219,0.352209,0.439034,0.362634,0.245992,0.700492,0.496192,0.451028,0.366964,0.565691,0.576963,0.521149,0.234126,0.597650,0.580861,0.333502,0.615299,0.210701,0.544623,0.704289,0.692876,0.515000,0.694758,0.675858,0.318474,0.620026,0.385589,0.661530,0.441629,0.557851,0.833314,0.698359,0.248480,0.611460,0.267295,0.231695,0.432336,0.439321,0.515005,0.815488,0.419527,0.680204,0.744822,0.494298,0.446119,0.272400,0.619351,0.648208,0.277108,0.763801,0.298137,0.496043,0.593766,0.381266,0.736263,0.566549,0.629970,0.579371,0.777130,0.548811,0.378659,0.692990,0.557294,0.704436,0.590896,0.417895,0.220184,0.744071,0.551197,0.551148,0.834487,0.672067,0.363977,0.336159,0.726671,0.802662,0.424682,0.310569,0.316058,0.438995,0.784306,0.509549,0.670902,0.681991,0.713945,0.249837,0.788331,0.705433,0.675797,0.425470,0.536097,0.688506,0.742598,0.528481,0.554492,0.587077,0.609355,0.330196,0.464468,0.839888,0.445320,0.626675,0.712369,0.491876,0.593398,0.330353,0.409810,0.321664,0.299573,0.799652,0.501536,0.678001,0.797394,0.576152,0.000000,0.483998,0.449602,0.432740,0.686785,0.614330,0.558391,0.336153,0.262903,0.437875,0.742985,0.555196,0.338114,0.660856,0.709048,0.255976,0.712901,0.404335,0.371283,0.477282,0.606918,0.603213,0.677788,0.260061,0.740732,0.628739,0.465853,0.633009,0.799304,0.714374,0.342670,0.408796,0.741150,0.293342,0.390867,0.451389,0.601268,0.290836,0.652294,0.336505,0.403345,0.731193,0.732951,0.346753,0.731078,0.358780,0.297993,0.298979,0.707059,0.580612,0.683762,0.268873,0.541029,0.371503,0.731000,0.550891,0.377334,0.702128,0.602372,0.787388,0.751609,0.478791,0.558214,0.264911,0.639763,0.726471,0.389017,0.384880,0.376427,0.590089,0.530830,0.432522,0.538784,0.706604,0.542691,0.391329,0.392986,0.741961,0.241404,0.549234,0.362145,0.542313,0.723590,0.658042,0.409050,0.317867,0.359088,0.648909,0.490281,0.732753,0.727247,0.454347,0.720166,0.814015,0.525293,0.308403,0.740435,0.521608,0.683852,0.668822,0.699257,0.367591,0.622768,0.597209,0.752964,0.394134,0.782830,0.398045,0.369377,0.907962,0.618820,0.642053,0.767738,0.778855,0.351075,0.742230,0.391454,0.846098,0.792023,0.767588,0.675333,0.599806,0.591930,0.703055,0.795319,0.461039,0.543575,0.754888,0.607199,0.415196,0.535065,0.555870,0.736408,0.301585,0.702785,0.678345,0.781076,0.715435,0.589360,0.718142,0.466119,0.219680,0.784448,0.612800,0.598216,0.317890,0.356029,0.648330,0.241750,0.464097,0.697075,0.420087,0.485309,0.621360,0.451411,0.555024,0.716604,0.270123,0.678821,0.495044,0.766631,0.283405,0.655101,0.529801,0.192152,0.650454,0.553074,0.387178,0.754236,0.599983,0.348161,0.550402,0.332866,0.836844,0.541294,0.261688,0.720530,0.746186,0.656224,0.736467,0.747366,0.284466,0.662403,0.663546,0.593906,0.494289,0.731086,0.772177,0.817764,0.583278,0.779864,0.703304,0.346274,0.339931,0.795903,0.601915,0.335817,0.817020,0.693751,0.591846,0.765571,0.641862,0.469226,0.719893,0.741321,0.650299,0.692791,0.680980,0.536313,0.795266,0.517975,0.594753,0.698699,0.640275,0.661473,0.524793,0.359020,0.657571,0.406083,0.786024,0.677784,0.556007,0.602907,0.553206,0.510941,0.858675,0.741084,0.802399,0.586792,0.346429,0.527141,0.703153,0.865906,0.579181,0.724598,0.664576,0.685476,0.286237,0.560654,0.762866,0.705827,0.624514,0.504195,0.862670,0.626338,0.586605,0.656220,0.573330,0.672371,0.801894,0.605543,0.545641,0.463880,0.506236,0.514214,0.466515,0.618987,0.533635,0.756927,0.617053,0.593315,0.602375,0.762761,0.407342,0.701310,0.380919,0.530932,0.688138,0.540891
0.563765,0.497948,0.499235,0.617362,0.430716,0.568384,0.636955,0.539772,0.668421,0.563528,0.662123,0.586381,0.594957,0.629899,0.589171,0.547536,0.546192,0.568005,0.542938,0.706107,0.588165,0.602939,0.578146,0.639185,0.590998,0.588757,0.493593,0.497799,0.524223,0.541113,0.748252,0.558158,0.694088,0.627714,0.496394,0.721780,0.586785,0.559168,0.705668,0.513166,0.445750,0.709446,0.768672,0.645496,0.748302,0.642131,0.566076,0.479742,0.527882,0.675101,0.618492,0.806018,0.740660,0.757770,0.580325,0.630139,0.461113,0.561607,0.624091,0.643951,0.585584,0.573870,0.702308,0.679222,0.603045,0.551947,0.468553,0.595892,0.713974,0.709669,0.755044,0.578213,0.697054,0.591970,0.637087,0.781458,0.642666,0.562720,0.587162,0.714703,0.748219,0.565746,0.579438,0.719796,0.522551,0.767329,0.571995,0.535823,0.744148,0.655303,0.753386,0.497895,0.464693,0.569068,0.708137,0.743414,0.751904,0.599080,0.640159,0.611934,0.520276,0.671353,0.528224,0.571001,0.606646,0.506021,0.785024,0.510472,0.509847,0.703914,0.793785,0.414634,0.660230,0.553057,0.547285,0.556014,0.806388,0.683608,0.638862,0.572912,0.559064,0.596136,0.493231,0.672030,0.641127,0.549119,0.526971,0.662074,0.671006,0.644020,0.504292,0.637485,0.671669,0.505315,0.701305,0.509063,0.617362,0.693823,0.661447,0.661060,0.776167,0.712013,0.563826,0.669076,0.587729,0.688676,0.605267,0.602730,0.753572,0.720885,0.492123,0.595605,0.521049,0.488911,0.592635,0.631649,0.657750,0.791086,0.586871,0.627600,0.731184,0.625226,0.554720,0.501481,0.711176,0.713778,0.488373,0.783046,0.558827,0.615244,0.632256,0.453346,0.817793,0.658809,0.652319,0.555228,0.771081,0.611412,0.585251,0.781370,0.622172,0.685548,0.677708,0.606257,0.485434,0.769744,0.615549,0.607024,0.811079,0.693081,0.569667,0.560892,0.694853,0.813719,0.568574,0.557028,0.610766,0.567234,0.798644,0.657028,0.710929,0.755554,0.743563,0.484592,0.795946,0.683169,0.662647,0.607300,0.560164,0.663166,0.808452,0.599145,0.605341,0.598109,0.679786,0.569200,0.590307,0.837652,0.640606,0.752060,0.685151,0.647108,0.603961,0.517991,0.616394,0.529943,0.547483,0.731776,0.563467,0.525699,0.806749,0.664044,0.483998,0.000000,0.610984,0.600687,0.747445,0.725338,0.654247,0.604845,0.511396,0.593084,0.766435,0.655511,0.563307,0.599342,0.651677,0.503749,0.752231,0.600500,0.504817,0.593546,0.716037,0.271784,0.680893,0.463565,0.724376,0.711340,0.503934,0.730463,0.824409,0.779224,0.631807,0.549704,0.691722,0.572002,0.560314,0.558183,0.622105,0.529302,0.697192,0.575137,0.544457,0.658293,0.680788,0.610140,0.655719,0.544479,0.524667,0.538997,0.726966,0.669337,0.667851,0.531775,0.697497,0.645078,0.661926,0.615857,0.492941,0.638534,0.741968,0.722719,0.728893,0.581465,0.638490,0.590802,0.658224,0.736670,0.612049,0.564020,0.583192,0.579001,0.623094,0.619049,0.711292,0.721078,0.679588,0.626060,0.576502,0.701110,0.444169,0.674234,0.542511,0.705294,0.705193,0.683076,0.618315,0.589072,0.519542,0.754105,0.596265,0.722047,0.698068,0.621552,0.717158,0.730790,0.663457,0.545252,0.778564,0.667669,0.717567,0.702610,0.753661,0.559859,0.750282,0.682383,0.804151,0.570571,0.769233,0.611158,0.523766,0.776266,0.689676,0.678244,0.776539,0.753133,0.540470,0.778700,0.564517,0.788157,0.818668,0.677702,0.786590,0.639596,0.615976,0.708482,0.703383,0.513924,0.658048,0.724135,0.663544,0.597955,0.680904,0.663709,0.743327,0.565598,0.711281,0.769717,0.799833,0.679685,0.613585,0.754816,0.605215,0.480205,0.822497,0.684206,0.542229,0.510775,0.605824,0.712206,0.520105,0.639975,0.748304,0.611022,0.654134,0.717298,0.600519,0.697374,0.752296,0.511865,0.722783,0.619019,0.780035,0.511748,0.694364,0.637591,0.487959,0.639721,0.686118,0.525820,0.720859,0.730222,0.610550,0.709602,0.552914,0.749480,0.640645,0.538416,0.770221,0.719874,0.535838,0.732746,0.757007,0.560629,0.701247,0.764184,0.691837,0.532862,0.717031,0.760187,0.770501,0.706106,0.741038,0.762702,0.486249,0.542989,0.799944,0.668256,0.493091,0.798010,0.695805,0.588214,0.731660,0.634351,0.643627,0.743036,0.721719,0.692482,0.677486,0.776228,0.564037,0.767297,0.621318,0.670055,0.679210,0.702027,0.675290,0.673413,0.533211,0.578148,0.564977,0.724258,0.787278,0.601062,0.526269,0.687416,0.631971,0.803476,0.769678,0.798676,0.733554,0.536831,0.542643,0.734896,0.860174,0.697360,0.747355,0.741517,0.767946,0.480454,0.615828,0.801903,0.726105,0.750633,0.611391,0.808567,0.707276,0.691321,0.703467,0.626721,0.694106,0.818912,0.617162,0.669443,0.604601,0.558739,0.646297,0.580909,0.720371,0.593481,0.758176,0.659497,0.627300,0.664881,0.776275,0.599976,0.700608,0.636531,0.647146,0.715145,0.618194
0.564549,0.523238,0.467812,0.509083,0.459456,0.584023,0.591719,0.465317,0.626797,0.486472,0.639863,0.556500,0.635473,0.522049,0.550035,0.485200,0.444083,0.639312,0.436029,0.683527,0.553986,0.638265,0.561574,0.504148,0.527577,0.561182,0.491720,0.538320,0.371098,0.549681,0.798886,0.546161,0.723171,0.707906,0.526348,0.635747,0.594097,0.505640,0.638118,0.553069,0.434465,0.705170,0.737477,0.599888,0.705272,0.608153,0.511045,0.518499,0.421893,0.647358,0.595407,0.778843,0.693176,0.788402,0.538147,0.548093,0.397325,0.416325,0.554475,0.605603,0.614564,0.444020,0.748903,0.729340,0.611260,0.518449,0.438972,0.653877,0.683862,0.716630,0.705359,0.655000,0.661324,0.622119,0.719755,0.751455,0.533043,0.462318,0.589718,0.654385,0.775915,0.583995,0.537289,0.788305,0.506110,0.716060,0.605387,0.466086,0.729803,0.636833,0.613728,0.474268,0.575732,0.464754,0.757959,0.724889,0.701687,0.632800,0.545846,0.626638,0.500990,0.694919,0.468207,0.558430,0.700565,0.532214,0.728585,0.541666,0.483480,0.656999,0.876183,0.459763,0.587322,0.616084,0.472469,0.459560,0.798970,0.708852,0.606222,0.524717,0.501095,0.580456,0.481392,0.689589,0.609064,0.595766,0.541815,0.651790,0.587013,0.639622,0.429633,0.684245,0.637090,0.491236,0.687556,0.465861,0.596766,0.616579,0.754435,0.611484,0.737097,0.768594,0.504657,0.701048,0.584440,0.724864,0.641933,0.637096,0.842648,0.719732,0.477444,0.724444,0.426506,0.427757,0.530700,0.598088,0.551588,0.731211,0.572996,0.705868,0.771195,0.569629,0.475919,0.482898,0.612686,0.693980,0.478632,0.739349,0.423304,0.548613,0.631459,0.480961,0.763779,0.643951,0.651498,0.668581,0.833615,0.468475,0.515096,0.720224,0.689171,0.755700,0.620754,0.539910,0.485396,0.805085,0.658556,0.699981,0.790557,0.658273,0.446511,0.526034,0.684004,0.771466,0.632164,0.500920,0.486890,0.594646,0.704912,0.613629,0.760253,0.780394,0.754242,0.479527,0.812198,0.673608,0.750532,0.491364,0.583114,0.611824,0.780706,0.602312,0.705318,0.624867,0.721215,0.545729,0.523797,0.889650,0.601753,0.768322,0.767721,0.537799,0.635392,0.505710,0.571917,0.593367,0.507707,0.815923,0.599851,0.700676,0.800227,0.600190,0.449602,0.610984,0.000000,0.540301,0.733952,0.593544,0.660906,0.492826,0.454928,0.519880,0.759116,0.658645,0.505572,0.731868,0.762302,0.426578,0.636544,0.458903,0.562758,0.642952,0.728817,0.652329,0.753080,0.519945,0.792788,0.708875,0.597454,0.711551,0.823809,0.757325,0.548745,0.629094,0.821742,0.584255,0.555625,0.639608,0.709615,0.556893,0.689415,0.545357,0.494892,0.761608,0.801620,0.532730,0.746901,0.555432,0.545988,0.528208,0.655651,0.704772,0.711404,0.522336,0.606873,0.577698,0.772273,0.653959,0.497638,0.753318,0.799883,0.736286,0.794195,0.607954,0.727607,0.539275,0.698171,0.842157,0.402541,0.490392,0.546881,0.699052,0.634721,0.595403,0.675721,0.699155,0.620373,0.531023,0.565504,0.782831,0.464630,0.618713,0.466440,0.673164,0.724800,0.647642,0.608987,0.539239,0.530517,0.755887,0.598363,0.759876,0.769555,0.617295,0.701943,0.841185,0.649621,0.491535,0.806789,0.632911,0.768402,0.678794,0.840153,0.542266,0.749733,0.636513,0.840966,0.581208,0.793560,0.520676,0.494684,0.900025,0.634975,0.670190,0.728379,0.760953,0.606648,0.770506,0.572607,0.831614,0.776859,0.799050,0.760547,0.659615,0.768398,0.761242,0.835718,0.652608,0.532367,0.832295,0.744886,0.580443,0.602747,0.625256,0.722555,0.492971,0.740165,0.811746,0.833080,0.725760,0.592239,0.651013,0.617719,0.469048,0.848870,0.685078,0.639650,0.479402,0.590611,0.761234,0.495085,0.617137,0.765844,0.598710,0.539779,0.675714,0.669646,0.703351,0.723170,0.523804,0.744237,0.688533,0.847555,0.514475,0.716874,0.655354,0.507593,0.676057,0.670063,0.510701,0.775219,0.713130,0.505479,0.611009,0.541814,0.806971,0.694212,0.468484,0.734102,0.714248,0.740057,0.769193,0.802245,0.504732,0.586493,0.718497,0.696900,0.546420,0.814506,0.827387,0.755028,0.702535,0.748417,0.727165,0.547920,0.485165,0.788190,0.666274,0.595645,0.838177,0.780750,0.720215,0.870515,0.747931,0.584698,0.808109,0.832761,0.730701,0.758615,0.743207,0.678708,0.803178,0.675542,0.654170,0.701700,0.645667,0.626029,0.630820,0.575850,0.714925,0.618538,0.743608,0.732633,0.689784,0.716313,0.598674,0.679167,0.871218,0.704951,0.765954,0.741500,0.534612,0.644462,0.767832,0.755289,0.658067,0.825715,0.693003,0.732984,0.536479,0.648231,0.823457,0.781053,0.626655,0.667807,0.841024,0.726781,0.654662,0.709432,0.654489,0.686502,0.896729,0.639176,0.682478,0.572899,0.623880,0.579059,0.635451,0.701108,0.679766,0.720937,0.691839,0.645233,0.617466,0.825924,0.512316,0.759251,0.572193,0.623447,0.784744,0.655183
0.564924,0.479492,0.434760,0.502327,0.426032,0.576358,0.642306,0.477786,0.565627,0.514512,0.647557,0.547177,0.539934,0.535824,0.479527,0.431943,0.372987,0.681819,0.334403,0.722975,0.564077,0.484584,0.475486,0.474621,0.439152,0.513386,0.464898,0.448022,0.386426,0.436710,0.746298,0.494475,0.634441,0.652689,0.397482,0.597364,0.479059,0.517277,0.691242,0.447243,0.388155,0.683268,0.653623,0.682981,0.740151,0.631780,0.482943,0.484653,0.442737,0.614032,0.491584,0.726542,0.577740,0.689206,0.486618,0.528539,0.439199,0.433930,0.583530,0.588098,0.569058,0.546944,0.653484,0.722042,0.560853,0.346106,0.432349,0.527341,0.612713,0.778947,0.597722,0.584933,0.604096,0.513702,0.665421,0.699036,0.518979,0.434243,0.451268,0.650763,0.765136,0.473245,0.498640,0.681490,0.384893,0.704333,0.581333,0.380514,0.713558,0.652558,0.607695,0.403668,0.523926,0.357024,0.660701,0.706896,0.724768,0.619312,0.530635,0.580773,0.448736,0.670121,0.390058,0.456631,0.689862,0.436792,0.660417,0.448148,0.385985,0.569865,0.801450,0.433104,0.658269,0.557094,0.399497,0.506371,0.729434,0.743939,0.498403,0.402047,0.463109,0.454334,0.388936,0.547303,0.485188,0.480580,0.461311,0.456231,0.678411,0.579012,0.373363,0.686822,0.660448,0.377297,0.626544,0.359160,0.625653,0.727656,0.715234,0.469105,0.599983,0.667324,0.453866,0.640750,0.552383,0.635920,0.549086,0.566444,0.780918,0.741095,0.411439,0.642010,0.430153,0.425105,0.552059,0.465621,0.570758,0.798015,0.523364,0.641280,0.805168,0.569213,0.347548,0.422917,0.666882,0.505010,0.366244,0.743043,0.424188,0.448083,0.565322,0.459911,0.696616,0.659769,0.565137,0.585176,0.811240,0.568689,0.494268,0.702507,0.638097,0.712045,0.676298,0.489983,0.463402,0.715966,0.582941,0.641947,0.855550,0.696477,0.343633,0.434822,0.706710,0.696386,0.635327,0.340840,0.445706,0.368332,0.752446,0.596530,0.686236,0.671825,0.700062,0.383493,0.776413,0.621303,0.737952,0.223559,0.510774,0.690746,0.689591,0.503764,0.623653,0.700199,0.699599,0.452335,0.465577,0.871427,0.504640,0.621681,0.760811,0.570408,0.615597,0.415041,0.513279,0.450754,0.458931,0.773540,0.599444,0.663775,0.676911,0.634501,0.432740,0.600687,0.540301,0.000000,0.647811,0.509503,0.692041,0.468374,0.428467,0.400956,0.662675,0.551497,0.520217,0.652298,0.697422,0.445411,0.705922,0.531789,0.529357,0.544092,0.659007,0.652531,0.643999,0.408281,0.694062,0.655271,0.549115,0.760020,0.708206,0.692819,0.494213,0.531052,0.791253,0.402462,0.477750,0.591303,0.663478,0.472557,0.545698,0.392731,0.576551,0.713016,0.782016,0.475865,0.579545,0.472432,0.444773,0.401621,0.789870,0.683989,0.689742,0.461255,0.628360,0.493631,0.697141,0.566167,0.506695,0.650731,0.707188,0.730487,0.787115,0.582400,0.540490,0.432677,0.628898,0.772808,0.563015,0.554944,0.533275,0.479722,0.556110,0.601728,0.556512,0.635227,0.629917,0.589075,0.446227,0.748268,0.429665,0.545272,0.481917,0.507305,0.799678,0.620541,0.550687,0.417606,0.412968,0.676665,0.516189,0.812739,0.760544,0.417705,0.801237,0.798959,0.631559,0.492026,0.768961,0.596077,0.710492,0.726755,0.675281,0.470324,0.677170,0.651282,0.715198,0.507357,0.796144,0.573020,0.485118,0.816345,0.620734,0.546945,0.745241,0.768526,0.453982,0.679917,0.415951,0.823922,0.820638,0.742624,0.528049,0.668217,0.596946,0.780287,0.802535,0.529102,0.325014,0.795113,0.831294,0.611067,0.685258,0.574561,0.748845,0.446756,0.754267,0.710734,0.718342,0.691059,0.657446,0.797622,0.492039,0.465867,0.849321,0.641494,0.676077,0.416881,0.471498,0.680452,0.425168,0.604591,0.702078,0.618902,0.628287,0.683864,0.534734,0.616200,0.743573,0.443925,0.688656,0.563613,0.778116,0.389510,0.737729,0.605397,0.491765,0.699821,0.681695,0.547160,0.816275,0.578981,0.393726,0.562381,0.350474,0.705288,0.778922,0.352986,0.780191,0.785942,0.735264,0.767648,0.720832,0.453208,0.653301,0.561234,0.569910,0.603780,0.750111,0.834817,0.832603,0.613662,0.907483,0.674581,0.427245,0.451826,0.689661,0.635968,0.457676,0.751729,0.709027,0.637452,0.846051,0.705177,0.475742,0.720130,0.781258,0.672494,0.617885,0.642917,0.707869,0.745848,0.712738,0.587378,0.669999,0.624600,0.712946,0.633192,0.571448,0.651353,0.498637,0.778878,0.616335,0.639354,0.694267,0.550491,0.509336,0.819722,0.711677,0.808693,0.631835,0.442055,0.716485,0.764447,0.814459,0.677667,0.808939,0.655314,0.744705,0.509818,0.588390,0.760716,0.723421,0.681008,0.564354,0.833954,0.662215,0.645427,0.771974,0.622024,0.617149,0.799832,0.626804,0.533067,0.533164,0.581902,0.407194,0.552514,0.685106,0.661620,0.755749,0.723680,0.660973,0.640785,0.800962,0.398701,0.694610,0.493302,0.520954,0.690220,0.601118
0.565047,0.593340,0.598372,0.631707,0.596312,0.520894,0.425809,0.528637,0.383609,0.542387,0.438920,0.580959,0.623194,0.587388,0.629017,0.601622,0.546693,0.589122,0.549805,0.615210,0.540471,0.668844,0.394868,0.505496,0.426535,0.675359,0.627032,0.663587,0.629581,0.632907,0.601870,0.638753,0.683294,0.588397,0.661195,0.416720,0.549678,0.573815,0.425399,0.601600,0.629796,0.566475,0.687510,0.683518,0.488695,0.717507,0.600346,0.675720,0.652650,0.464942,0.561749,0.662866,0.602640,0.732034,0.576404,0.704513,0.635495,0.517228,0.699153,0.544968,0.676312,0.635665,0.709987,0.558687,0.576082,0.553484,0.666581,0.670995,0.528246,0.678832,0.641178,0.701025,0.404878,0.594232,0.691981,0.453661,0.553498,0.536500,0.574798,0.480665,0.643070,0.561325,0.604677,0.707504,0.689676,0.441568,0.701146,0.652993,0.697225,0.512067,0.427352,0.523276,0.651652,0.542344,0.676253,0.481867,0.650497,0.686466,0.687997,0.414972,0.613077,0.655273,0.599803,0.567550,0.694903,0.612754,0.697137,0.567452,0.668744,0.313612,0.654565,0.685266,0.522773,0.547862,0.554253,0.685659,0.763034,0.691548,0.517407,0.446665,0.592114,0.718567,0.695777,0.682829,0.542176,0.675407,0.617480,0.523012,0.610983,0.548408,0.644500,0.641290,0.477810,0.556000,0.480778,0.641668,0.629870,0.539910,0.632553,0.533315,0.487488,0.722667,0.647276,0.396706,0.726159,0.732256,0.621131,0.759505,0.649571,0.710075,0.669821,0.734958,0.639159,0.698516,0.606564,0.645892,0.409119,0.576560,0.650952,0.607767,0.679025,0.668635,0.661326,0.678147,0.591236,0.567120,0.662397,0.544361,0.569462,0.715837,0.620634,0.696765,0.755252,0.646912,0.674314,0.517099,0.749150,0.741968,0.630709,0.635649,0.801615,0.705327,0.581580,0.551095,0.708725,0.664102,0.714013,0.642232,0.663011,0.513596,0.678347,0.702923,0.657016,0.499272,0.702587,0.624824,0.578555,0.651068,0.630070,0.567308,0.712203,0.659873,0.554338,0.683366,0.613980,0.450529,0.749552,0.670794,0.713884,0.663459,0.693336,0.714008,0.715729,0.735058,0.755994,0.686992,0.713867,0.734975,0.594430,0.762291,0.710983,0.654491,0.716878,0.615217,0.652068,0.677014,0.694925,0.736276,0.637106,0.675659,0.461314,0.602045,0.686785,0.747445,0.733952,0.647811,0.000000,0.691633,0.764197,0.657565,0.673458,0.692638,0.739085,0.557107,0.658969,0.714681,0.588160,0.631779,0.699124,0.606666,0.649542,0.725246,0.612981,0.701378,0.705294,0.665313,0.678132,0.635908,0.765333,0.692078,0.749358,0.727112,0.685402,0.635470,0.719060,0.609146,0.648591,0.806352,0.747999,0.686752,0.349250,0.591642,0.685353,0.763280,0.776145,0.686489,0.510378,0.624016,0.772469,0.637195,0.733555,0.650828,0.768454,0.701273,0.554188,0.631081,0.762748,0.580591,0.640459,0.731992,0.644807,0.747401,0.723672,0.727143,0.520474,0.666845,0.567923,0.667157,0.643749,0.682578,0.666304,0.639461,0.634731,0.566987,0.692514,0.526789,0.639430,0.708046,0.696405,0.722692,0.711286,0.419291,0.608226,0.651244,0.662629,0.757211,0.717871,0.716254,0.674770,0.715643,0.640396,0.672725,0.505594,0.622742,0.660752,0.742669,0.732403,0.625304,0.654817,0.621744,0.694330,0.735406,0.722881,0.653164,0.586246,0.492808,0.797068,0.534028,0.779502,0.785918,0.726564,0.650521,0.692072,0.694261,0.775967,0.632562,0.606950,0.738985,0.692899,0.732737,0.755134,0.729727,0.527579,0.638330,0.696081,0.736840,0.775528,0.539134,0.675332,0.721422,0.707111,0.759355,0.755420,0.483571,0.489782,0.649350,0.740107,0.748462,0.793222,0.631051,0.718791,0.747080,0.694203,0.743245,0.743202,0.521400,0.697739,0.684244,0.697188,0.713025,0.698379,0.527765,0.637126,0.568678,0.618545,0.655567,0.680218,0.731414,0.756894,0.722369,0.776910,0.599499,0.678023,0.708651,0.560017,0.730992,0.665285,0.654228,0.448996,0.619899,0.643492,0.459669,0.639459,0.651964,0.622765,0.536997,0.664582,0.681732,0.589092,0.571351,0.759299,0.703952,0.612989,0.672235,0.627712,0.486195,0.558772,0.619022,0.570856,0.709689,0.571595,0.676591,0.807445,0.608606,0.711052,0.728108,0.528152,0.737972,0.709807,0.732730,0.691591,0.812892,0.734257,0.682209,0.572160,0.739568,0.724686,0.777794,0.703851,0.576512,0.797079,0.687486,0.716879,0.511285,0.833986,0.733174,0.697887,0.695941,0.724897,0.766085,0.755445,0.679018,0.455747,0.517466,0.745082,0.710271,0.763720,0.728071,0.741392,0.661862,0.625736,0.707215,0.697066,0.701289,0.613669,0.643807,0.716117,0.584058,0.725580,0.720803,0.708058,0.774202,0.709361,0.711424,0.714820,0.672421,0.709011,0.709565,0.555124,0.755208,0.646364,0.739879,0.595812,0.652284,0.695889,0.783349,0.699268,0.828831,0.759757,0.779040,0.599529,0.636287,0.796941,0.569346,0.732868,0.735885,0.657385,0.798890,0.635335,0.744505,0.700147
0.565200,0.542586,0.547751,0.420138,0.561581,0.613683,0.682962,0.581217,0.615023,0.583638,0.700662,0.624322,0.585741,0.579506,0.552420,0.611216,0.517527,0.713317,0.538313,0.706628,0.665942,0.655184,0.599912,0.535920,0.559466,0.649131,0.505446,0.583046,0.470771,0.597491,0.799486,0.621195,0.766429,0.681022,0.565973,0.682108,0.602575,0.629488,0.716919,0.624746,0.535723,0.777229,0.738912,0.759664,0.713256,0.677995,0.612944,0.614711,0.496769,0.646387,0.619412,0.838166,0.609016,0.755911,0.629213,0.628373,0.504094,0.534133,0.617649,0.610544,0.628275,0.643477,0.722898,0.829860,0.694101,0.559117,0.580363,0.626085,0.702622,0.882860,0.666034,0.640103,0.679468,0.664604,0.734007,0.727259,0.622767,0.545518,0.611308,0.767476,0.807770,0.683117,0.479335,0.798818,0.588505,0.699390,0.707435,0.544018,0.678424,0.718518,0.741087,0.608931,0.695077,0.561124,0.572727,0.763297,0.754730,0.647509,0.472796,0.691517,0.641689,0.686743,0.555527,0.591864,0.728653,0.648481,0.717260,0.636957,0.562938,0.674516,0.819193,0.584757,0.748029,0.672264,0.592228,0.597466,0.833818,0.723732,0.651959,0.600675,0.564855,0.599646,0.600511,0.677779,0.650428,0.693481,0.617554,0.700956,0.689760,0.673132,0.496573,0.766782,0.721775,0.554044,0.625914,0.555027,0.697075,0.746003,0.817999,0.659597,0.750939,0.712308,0.568590,0.680254,0.687463,0.675669,0.754041,0.615094,0.787753,0.716700,0.562701,0.728902,0.578056,0.594725,0.653250,0.573385,0.659360,0.704381,0.616794,0.703615,0.813594,0.555085,0.289668,0.520073,0.699966,0.671441,0.541115,0.652592,0.563517,0.565530,0.565531,0.614178,0.746277,0.768495,0.681704,0.619660,0.804230,0.674699,0.561425,0.747026,0.693148,0.697769,0.732906,0.642777,0.618302,0.892362,0.650517,0.697150,0.848165,0.707901,0.368657,0.559602,0.711832,0.692325,0.738150,0.584941,0.613500,0.625682,0.735145,0.690617,0.770616,0.758735,0.688554,0.562752,0.855804,0.702409,0.803317,0.505744,0.589500,0.800760,0.753570,0.637433,0.744878,0.723002,0.771713,0.527745,0.602740,0.868500,0.603717,0.728694,0.690238,0.580313,0.640650,0.641449,0.637718,0.607594,0.593680,0.796706,0.640605,0.735977,0.775496,0.748753,0.614330,0.725338,0.593544,0.509503,0.691633,0.000000,0.793699,0.626787,0.563985,0.602531,0.774091,0.699565,0.635024,0.753152,0.846238,0.563829,0.809275,0.632171,0.671415,0.723124,0.735728,0.704583,0.649265,0.620940,0.752612,0.769538,0.681082,0.794167,0.805045,0.714571,0.590459,0.716194,0.845275,0.669943,0.679215,0.666297,0.721806,0.670257,0.702016,0.558203,0.689934,0.671673,0.766981,0.620218,0.680880,0.600513,0.601196,0.599394,0.722964,0.699087,0.690379,0.594985,0.635447,0.699475,0.767680,0.771421,0.619840,0.695660,0.828147,0.719137,0.794918,0.735002,0.700212,0.668253,0.698506,0.770868,0.584568,0.661053,0.596819,0.715926,0.692990,0.681855,0.637080,0.660076,0.705568,0.713679,0.662863,0.723252,0.623386,0.691718,0.594861,0.623467,0.840342,0.705780,0.753570,0.574877,0.645974,0.751310,0.667699,0.813677,0.841388,0.630084,0.825511,0.872710,0.729292,0.658631,0.858481,0.677316,0.757934,0.789272,0.806791,0.592923,0.793895,0.704050,0.769770,0.653184,0.848905,0.630806,0.662569,0.884631,0.705942,0.659155,0.824599,0.752756,0.694670,0.779718,0.642157,0.798345,0.771184,0.773547,0.669268,0.725059,0.779218,0.837188,0.791585,0.619098,0.550316,0.764540,0.811239,0.669899,0.710020,0.661314,0.738660,0.621590,0.785496,0.820872,0.772953,0.783319,0.695220,0.816669,0.591674,0.668318,0.875827,0.648916,0.649398,0.652511,0.616353,0.774236,0.576501,0.719359,0.811135,0.788697,0.685175,0.785608,0.688564,0.709444,0.676643,0.660211,0.720614,0.718792,0.813157,0.584607,0.771982,0.709036,0.677584,0.714382,0.728462,0.646551,0.881520,0.761388,0.641711,0.716519,0.572814,0.741349,0.827374,0.600524,0.777508,0.763520,0.765688,0.787658,0.771323,0.649419,0.736835,0.667074,0.687408,0.753350,0.773860,0.821747,0.800936,0.721460,0.890347,0.777716,0.645723,0.631551,0.715638,0.751837,0.649739,0.816142,0.775441,0.713323,0.960220,0.782152,0.652745,0.762680,0.752614,0.779439,0.706031,0.728948,0.812878,0.739638,0.767493,0.686064,0.671587,0.750938,0.779251,0.703147,0.661742,0.687701,0.611749,0.785602,0.715829,0.815651,0.740843,0.733957,0.671128,0.842072,0.705038,0.739174,0.757409,0.666883,0.720018,0.776065,0.873560,0.749460,0.848777,0.681584,0.774655,0.648485,0.697265,0.798835,0.779313,0.707957,0.598994,0.819547,0.722166,0.674655,0.811046,0.634062,0.617281,0.836883,0.693512,0.714164,0.640447,0.521082,0.617370,0.667665,0.751170,0.735873,0.724079,0.700212,0.687966,0.732734,0.851853,0.617596,0.721614,0.624548,0.695094,0.760578,0.698116
0.565315,0.481949,0.515611,0.670503,0.479683,0.615691,0.672927,0.624547,0.748626,0.576847,0.686381,0.505882,0.749696,0.640317,0.735340,0.678702,0.657234,0.601994,0.637141,0.669028,0.711267,0.576512,0.680571,0.632659,0.670628,0.533552,0.571948,0.735871,0.634717,0.659032,0.759573,0.567448,0.800675,0.792928,0.690888,0.713140,0.612370,0.610876,0.728466,0.544529,0.644041,0.790960,0.837820,0.715872,0.753621,0.631958,0.554094,0.603808,0.651594,0.676205,0.637479,0.741171,0.782598,0.840335,0.555396,0.694982,0.631624,0.653181,0.576152,0.740181,0.789265,0.580289,0.850209,0.733385,0.626308,0.701753,0.600239,0.732007,0.764053,0.716277,0.742207,0.747381,0.704637,0.544199,0.705299,0.768198,0.708197,0.667703,0.578578,0.697647,0.724161,0.523045,0.683709,0.826709,0.612164,0.739499,0.519451,0.591839,0.706642,0.744087,0.704167,0.652945,0.468079,0.671565,0.799950,0.700516,0.764740,0.778966,0.685340,0.655608,0.489750,0.623526,0.571883,0.616467,0.727339,0.495031,0.846001,0.503977,0.667171,0.692901,0.826206,0.665654,0.675559,0.612873,0.636300,0.692028,0.819182,0.651071,0.687045,0.627058,0.649262,0.616914,0.608079,0.771941,0.671078,0.729902,0.507590,0.766755,0.624568,0.680606,0.637228,0.597020,0.708228,0.617055,0.756961,0.581095,0.716714,0.753807,0.714862,0.735723,0.764784,0.853078,0.587763,0.674538,0.672471,0.791497,0.558685,0.694256,0.788920,0.626342,0.668465,0.737635,0.717583,0.658686,0.737135,0.643003,0.699950,0.818022,0.645648,0.650825,0.760377,0.634422,0.685033,0.688450,0.743312,0.829661,0.593808,0.842781,0.667717,0.703688,0.667077,0.713135,0.861756,0.718323,0.739349,0.739347,0.816106,0.787343,0.738765,0.728746,0.588461,0.675934,0.637722,0.679492,0.624460,0.759117,0.771910,0.668551,0.864247,0.757360,0.684210,0.679115,0.735437,0.779276,0.487952,0.612931,0.741253,0.755608,0.732700,0.695341,0.856521,0.836555,0.782729,0.673787,0.809930,0.797186,0.742416,0.732281,0.678178,0.679296,0.865542,0.781154,0.770846,0.750851,0.238126,0.670553,0.736346,0.859550,0.723032,0.862133,0.825580,0.767852,0.792219,0.661626,0.619266,0.574873,0.666489,0.799188,0.802530,0.603246,0.783511,0.707852,0.558391,0.654247,0.660906,0.692041,0.764197,0.793699,0.000000,0.675151,0.682511,0.758027,0.685670,0.710857,0.676369,0.703231,0.763855,0.730540,0.691672,0.605260,0.608872,0.635189,0.610493,0.717742,0.792140,0.630102,0.757975,0.690691,0.636588,0.683704,0.830302,0.823722,0.670575,0.536970,0.787770,0.617351,0.601737,0.566066,0.638222,0.428955,0.729683,0.629087,0.737360,0.762559,0.757815,0.652792,0.735038,0.613097,0.577688,0.588387,0.805324,0.673009,0.717572,0.698598,0.705444,0.667570,0.747694,0.651675,0.760616,0.772646,0.729903,0.679038,0.811026,0.473136,0.684487,0.709225,0.708180,0.718099,0.722105,0.617787,0.685884,0.656978,0.736950,0.686655,0.683116,0.754308,0.745871,0.501632,0.753926,0.755411,0.700441,0.691866,0.715725,0.661402,0.770953,0.853669,0.730441,0.658446,0.752909,0.782796,0.773815,0.737239,0.769215,0.661200,0.730783,0.815446,0.683186,0.647882,0.812519,0.742493,0.742591,0.773484,0.775244,0.632482,0.722387,0.718498,0.888811,0.629897,0.765893,0.696197,0.641283,0.850089,0.720140,0.763603,0.883238,0.746258,0.561378,0.822622,0.687877,0.673421,0.749209,0.825172,0.760456,0.493083,0.844264,0.736652,0.662928,0.706638,0.706993,0.696923,0.625437,0.767767,0.685369,0.670258,0.761129,0.761928,0.734898,0.878137,0.875179,0.776917,0.730107,0.746890,0.664155,0.648313,0.815584,0.807441,0.656961,0.649068,0.681565,0.808127,0.662708,0.679214,0.798400,0.654846,0.692246,0.792427,0.700849,0.804262,0.688425,0.554727,0.753033,0.558947,0.778169,0.660081,0.779785,0.766863,0.537750,0.535860,0.769412,0.786114,0.663151,0.678201,0.708162,0.818032,0.673470,0.809093,0.602358,0.693891,0.795380,0.778340,0.760982,0.729469,0.761006,0.635668,0.710783,0.794153,0.709089,0.720445,0.775885,0.794059,0.768794,0.690926,0.836734,0.831383,0.655887,0.662532,0.796860,0.816894,0.621645,0.919689,0.740517,0.740558,0.796788,0.691332,0.734923,0.883804,0.683589,0.623599,0.785606,0.772998,0.748611,0.832360,0.565638,0.677960,0.745506,0.718498,0.720222,0.715094,0.766928,0.740052,0.659106,0.685290,0.726621,0.700879,0.673592,0.717138,0.761713,0.885978,0.735490,0.800000,0.621617,0.659038,0.743593,0.799758,0.868086,0.700758,0.761872,0.698242,0.815056,0.735423,0.792956,0.824155,0.762059,0.797722,0.620155,0.775345,0.695004,0.800105,0.739369,0.723885,0.705828,0.856634,0.644954,0.790439,0.692050,0.748253,0.782841,0.704225,0.719957,0.673371,0.803094,0.747679,0.744607,0.677174,0.766031,0.718956,0.810590,0.620627,0.709028,0.776638,0.753627
0.565393,0.537693,0.266227,0.423381,0.340963,0.518977,0.614021,0.238609,0.603348,0.449511,0.616022,0.525250,0.623258,0.479314,0.542950,0.401607,0.375959,0.605934,0.303008,0.753565,0.537245,0.488647,0.506622,0.462434,0.427238,0.509692,0.497257,0.397376,0.374614,0.512192,0.731264,0.488583,0.660898,0.713249,0.464173,0.663472,0.583484,0.530569,0.655070,0.463694,0.395419,0.722858,0.725644,0.633158,0.714133,0.657433,0.380062,0.476470,0.374851,0.648932,0.173327,0.765821,0.645660,0.696964,0.407759,0.627573,0.389618,0.363614,0.607161,0.580476,0.585174,0.428700,0.698927,0.699906,0.501140,0.395592,0.295346,0.601797,0.665483,0.690410,0.738126,0.635301,0.643713,0.517642,0.722803,0.752220,0.477539,0.479514,0.398282,0.616811,0.757032,0.432625,0.468915,0.718238,0.356165,0.723107,0.536839,0.324102,0.751895,0.528595,0.653733,0.342241,0.487790,0.287661,0.732230,0.752373,0.740975,0.637681,0.475443,0.619642,0.370710,0.716882,0.419971,0.193231,0.732734,0.456139,0.648857,0.408671,0.351820,0.653368,0.850046,0.319553,0.607586,0.570895,0.172785,0.392775,0.750374,0.798132,0.578304,0.411555,0.492018,0.391719,0.346424,0.665426,0.556591,0.467290,0.391837,0.568703,0.620550,0.565968,0.251738,0.659679,0.638379,0.444377,0.650709,0.325515,0.598388,0.685222,0.783174,0.540565,0.739974,0.686904,0.329392,0.683565,0.332142,0.665205,0.446289,0.675343,0.825953,0.760232,0.303784,0.685628,0.322486,0.347708,0.495811,0.454615,0.526895,0.791744,0.520514,0.714403,0.794242,0.449594,0.442900,0.357296,0.646783,0.620469,0.328254,0.743618,0.365797,0.493703,0.696932,0.424224,0.701967,0.719054,0.685548,0.566269,0.840454,0.568911,0.494341,0.667454,0.613380,0.796215,0.596945,0.237445,0.271537,0.768344,0.635069,0.635845,0.860449,0.702214,0.469013,0.341688,0.750944,0.779532,0.526151,0.344924,0.392326,0.498391,0.828850,0.354023,0.713119,0.726549,0.779408,0.361831,0.795661,0.659000,0.786831,0.493082,0.607582,0.572140,0.761176,0.608172,0.633224,0.712413,0.645855,0.362402,0.477639,0.851458,0.257855,0.613520,0.742643,0.565299,0.638250,0.408687,0.253985,0.435192,0.355224,0.827253,0.582612,0.782475,0.818438,0.618074,0.336153,0.604845,0.492826,0.468374,0.657565,0.626787,0.675151,0.000000,0.343447,0.451094,0.653227,0.602119,0.470564,0.732280,0.746820,0.317093,0.624662,0.455153,0.539007,0.630581,0.644333,0.615060,0.685126,0.362329,0.780667,0.715247,0.595453,0.722865,0.741015,0.738813,0.095739,0.547624,0.744328,0.331155,0.422140,0.550538,0.683626,0.448113,0.627465,0.418382,0.477412,0.746487,0.830079,0.097110,0.749892,0.514465,0.387436,0.336080,0.794013,0.605500,0.710539,0.368298,0.602926,0.244493,0.746069,0.581554,0.445863,0.686714,0.736670,0.817335,0.773366,0.516282,0.522010,0.438246,0.720704,0.808140,0.363518,0.470873,0.483463,0.632743,0.666875,0.561820,0.347485,0.737976,0.631098,0.511236,0.437225,0.756265,0.321828,0.614483,0.399655,0.491788,0.775686,0.651191,0.521710,0.300866,0.462797,0.717046,0.481849,0.825733,0.746480,0.460235,0.811406,0.825698,0.684383,0.368748,0.781120,0.556030,0.617401,0.685698,0.747019,0.389583,0.696763,0.492768,0.721410,0.518565,0.733974,0.420724,0.382432,0.837218,0.604482,0.637769,0.743885,0.795862,0.481226,0.686280,0.442898,0.878023,0.813120,0.780748,0.709739,0.699224,0.649884,0.807620,0.816739,0.528084,0.540663,0.803877,0.804428,0.590329,0.590734,0.577747,0.749469,0.381588,0.778253,0.703341,0.745237,0.743454,0.618614,0.636333,0.398844,0.255807,0.895607,0.690732,0.672216,0.405668,0.183498,0.654771,0.346571,0.493422,0.750980,0.606567,0.192778,0.694392,0.446334,0.629637,0.779272,0.357934,0.753138,0.577693,0.756797,0.356337,0.632429,0.629744,0.337177,0.706034,0.665158,0.436841,0.758178,0.692078,0.317784,0.667569,0.354751,0.767122,0.786434,0.327099,0.751963,0.754469,0.746244,0.759232,0.799437,0.101256,0.678698,0.697272,0.640546,0.525258,0.730874,0.827919,0.791637,0.666121,0.813096,0.746677,0.331807,0.465365,0.786285,0.705787,0.413648,0.798353,0.634730,0.557342,0.850995,0.759291,0.518009,0.719203,0.800067,0.699810,0.691912,0.768131,0.676652,0.780334,0.682442,0.706306,0.710364,0.642575,0.629749,0.334773,0.560924,0.623957,0.442717,0.695069,0.710580,0.657048,0.681304,0.641794,0.544565,0.803209,0.706047,0.827751,0.726746,0.418832,0.626328,0.727555,0.831306,0.707971,0.799330,0.668859,0.807006,0.501307,0.562529,0.713407,0.767417,0.678676,0.552105,0.846767,0.713170,0.702702,0.761888,0.688411,0.686528,0.803061,0.664063,0.648003,0.451214,0.554885,0.610774,0.352954,0.614448,0.621726,0.779030,0.707927,0.700649,0.638259,0.834523,0.467720,0.727968,0.474187,0.594028,0.768909,0.654588
0.565995,0.502191,0.314059,0.512082,0.301001,0.489262,0.595213,0.234909,0.655640,0.422406,0.630464,0.491310,0.592758,0.404406,0.543820,0.340318,0.235988,0.577556,0.253233,0.746721,0.536005,0.377283,0.524939,0.354185,0.405150,0.466700,0.460683,0.232621,0.194053,0.402006,0.726806,0.415159,0.582124,0.654169,0.284190,0.682280,0.584519,0.432697,0.620448,0.324208,0.229302,0.687321,0.571751,0.693269,0.769502,0.610218,0.388450,0.407536,0.283689,0.635192,0.432854,0.742257,0.636313,0.662124,0.360541,0.507085,0.240617,0.275071,0.616043,0.558127,0.546685,0.445209,0.574947,0.675662,0.472682,0.348507,0.222256,0.494746,0.674521,0.727579,0.728694,0.591358,0.661054,0.499737,0.691434,0.790239,0.442033,0.309712,0.361093,0.632424,0.771200,0.388182,0.405848,0.649633,0.210672,0.732594,0.431265,0.172996,0.659067,0.592505,0.688130,0.249229,0.374599,0.338480,0.688369,0.722555,0.728747,0.590004,0.470894,0.596386,0.351845,0.680964,0.274708,0.333790,0.665617,0.388046,0.633310,0.340056,0.269352,0.646015,0.798613,0.238916,0.580643,0.508681,0.266308,0.244198,0.702699,0.727550,0.521018,0.368217,0.445377,0.296506,0.195099,0.719041,0.486277,0.442405,0.384664,0.511182,0.605344,0.489282,0.191472,0.639903,0.616257,0.382641,0.639998,0.171290,0.504711,0.684854,0.724964,0.535351,0.757918,0.639808,0.166438,0.668953,0.396873,0.631804,0.439771,0.567520,0.845768,0.736093,0.112662,0.635876,0.135630,0.230743,0.466859,0.453730,0.478074,0.841286,0.472106,0.625760,0.764477,0.362930,0.470456,0.148198,0.519367,0.603630,0.217917,0.752859,0.243174,0.483420,0.664107,0.312019,0.667171,0.602109,0.633013,0.487564,0.808655,0.454935,0.383717,0.708500,0.588448,0.690179,0.613558,0.433490,0.239593,0.749250,0.567883,0.614888,0.858782,0.696350,0.327031,0.248606,0.742523,0.859757,0.530083,0.239410,0.255004,0.423651,0.792408,0.498886,0.612342,0.676906,0.762006,0.185741,0.818213,0.567305,0.753031,0.494473,0.577463,0.639658,0.699050,0.445541,0.595119,0.579502,0.678265,0.193211,0.426461,0.861008,0.466531,0.575258,0.721974,0.456273,0.606048,0.322967,0.357852,0.347732,0.083679,0.768719,0.413235,0.706323,0.806124,0.634094,0.262903,0.511396,0.454928,0.428467,0.673458,0.563985,0.682511,0.343447,0.000000,0.348568,0.755496,0.602170,0.363828,0.687326,0.664123,0.193881,0.722430,0.353510,0.526841,0.539625,0.649221,0.564302,0.637767,0.264179,0.698311,0.661007,0.513113,0.722135,0.730901,0.763162,0.357073,0.507746,0.748360,0.289655,0.276228,0.484502,0.629648,0.488883,0.546608,0.376392,0.367562,0.692678,0.752688,0.339694,0.701951,0.443908,0.324076,0.205549,0.801744,0.558657,0.632614,0.112606,0.564508,0.329448,0.703709,0.452761,0.264730,0.660969,0.711389,0.713451,0.802996,0.611720,0.625865,0.372027,0.702644,0.743553,0.306615,0.359519,0.435667,0.662727,0.586193,0.458484,0.533170,0.747283,0.597602,0.506282,0.379619,0.705602,0.214468,0.578340,0.287829,0.575642,0.733555,0.606209,0.516993,0.271487,0.265494,0.687645,0.488585,0.809081,0.700065,0.487658,0.756132,0.784985,0.552730,0.268079,0.780920,0.544068,0.636304,0.674247,0.688300,0.209430,0.658086,0.567216,0.675537,0.405696,0.804999,0.389118,0.318525,0.802513,0.588959,0.636563,0.708474,0.777949,0.383224,0.660497,0.358903,0.831335,0.831001,0.697193,0.742707,0.629000,0.552967,0.747246,0.787976,0.408911,0.589609,0.730999,0.796339,0.431790,0.640413,0.514515,0.742338,0.160099,0.726423,0.646224,0.703653,0.705210,0.571186,0.690134,0.436243,0.280493,0.836009,0.663647,0.705285,0.227322,0.313122,0.663678,0.076298,0.445582,0.767530,0.556649,0.482458,0.635870,0.442722,0.654545,0.747322,0.314234,0.699260,0.550238,0.832777,0.263643,0.624676,0.571391,0.336694,0.643238,0.614929,0.301623,0.777106,0.673767,0.336175,0.544138,0.301905,0.780585,0.680111,0.289217,0.698112,0.766693,0.661910,0.780444,0.804272,0.316883,0.571981,0.718685,0.618479,0.437462,0.743887,0.798957,0.782150,0.726253,0.861063,0.729045,0.282597,0.313955,0.836738,0.651053,0.298293,0.727820,0.701527,0.575556,0.791464,0.745816,0.498294,0.620839,0.720462,0.605939,0.667391,0.814941,0.551493,0.777752,0.724437,0.636288,0.638042,0.680303,0.649589,0.541995,0.386081,0.644243,0.405253,0.731558,0.676196,0.603182,0.616631,0.605411,0.477051,0.810583,0.695664,0.842779,0.715867,0.329980,0.585023,0.708695,0.792650,0.715233,0.793273,0.654637,0.780901,0.305764,0.524176,0.732557,0.748715,0.589714,0.440151,0.865318,0.727401,0.628353,0.718938,0.536193,0.757579,0.746151,0.575260,0.643168,0.398776,0.424676,0.432533,0.368661,0.677450,0.620148,0.824301,0.658003,0.654420,0.476176,0.770109,0.443059,0.789537,0.420240,0.546429,0.712155,0.565397
0.566081,0.516252,0.437568,0.568734,0.435224,0.600661,0.685842,0.451380,0.575272,0.540492,0.684865,0.616611,0.547084,0.565430,0.505440,0.463977,0.328259,0.696194,0.302029,0.714723,0.499466,0.464569,0.462987,0.493681,0.465415,0.627137,0.510973,0.413114,0.377676,0.404469,0.726667,0.459560,0.623006,0.645340,0.284029,0.667960,0.544067,0.535100,0.702920,0.501089,0.318595,0.740722,0.672906,0.615689,0.716946,0.546966,0.498158,0.421577,0.353606,0.694437,0.513357,0.739338,0.594075,0.680367,0.546778,0.466714,0.422220,0.413581,0.603072,0.591010,0.583032,0.555484,0.614687,0.750937,0.569226,0.370673,0.401671,0.517858,0.609983,0.733037,0.605254,0.591640,0.685184,0.638759,0.615972,0.692383,0.548073,0.447841,0.493803,0.691038,0.790647,0.572986,0.530600,0.677152,0.332256,0.773534,0.611900,0.371035,0.635587,0.638559,0.667119,0.462486,0.594330,0.331652,0.638137,0.781692,0.753423,0.584612,0.589192,0.600816,0.434335,0.567238,0.439345,0.481675,0.608162,0.549539,0.637498,0.553861,0.228008,0.658947,0.794513,0.324109,0.681064,0.624452,0.427411,0.446786,0.739723,0.755386,0.625144,0.463761,0.559101,0.401103,0.364072,0.602854,0.492731,0.489655,0.470430,0.412328,0.597979,0.571907,0.388022,0.789307,0.698868,0.496410,0.568241,0.347503,0.585770,0.711557,0.803466,0.490252,0.702771,0.577225,0.471988,0.671787,0.587541,0.545379,0.581076,0.548514,0.784615,0.625770,0.318418,0.563028,0.385298,0.312919,0.544929,0.486000,0.620917,0.783195,0.479878,0.728506,0.712740,0.576281,0.462269,0.346372,0.634974,0.466213,0.333383,0.698154,0.395865,0.434078,0.626532,0.398923,0.692575,0.766097,0.555371,0.654010,0.743194,0.465574,0.427168,0.735746,0.580561,0.700010,0.740212,0.526072,0.359209,0.712589,0.575199,0.733906,0.798494,0.694834,0.446018,0.501056,0.657048,0.702723,0.691022,0.343586,0.474349,0.365138,0.829095,0.534967,0.653158,0.670697,0.642504,0.330766,0.786464,0.670951,0.741553,0.431840,0.506109,0.658784,0.707100,0.309261,0.525659,0.642268,0.769799,0.319359,0.223010,0.828291,0.585435,0.584956,0.690352,0.540674,0.583363,0.453271,0.533113,0.391582,0.397120,0.753467,0.512829,0.629513,0.697970,0.581959,0.437875,0.593084,0.519880,0.400956,0.692638,0.602531,0.758027,0.451094,0.348568,0.000000,0.668929,0.539326,0.509985,0.593332,0.732602,0.423778,0.646744,0.571576,0.519329,0.480439,0.758361,0.724198,0.596143,0.375742,0.637639,0.643427,0.599315,0.738896,0.702075,0.680390,0.480631,0.616342,0.742865,0.451775,0.512759,0.484833,0.578102,0.507145,0.643709,0.428105,0.543439,0.750729,0.754790,0.504151,0.670263,0.459474,0.390592,0.429248,0.691329,0.596290,0.610470,0.341318,0.551208,0.531155,0.668513,0.568419,0.479307,0.605096,0.739619,0.822982,0.694472,0.609693,0.650896,0.503568,0.569516,0.730907,0.521790,0.470833,0.451882,0.509474,0.516960,0.617265,0.577788,0.600097,0.555602,0.634205,0.427901,0.722511,0.386448,0.661166,0.422244,0.604883,0.678079,0.549275,0.622465,0.480809,0.324258,0.628569,0.494724,0.717212,0.835751,0.507860,0.739028,0.817542,0.473387,0.504637,0.773623,0.543463,0.674063,0.655507,0.611540,0.464485,0.745841,0.673212,0.692292,0.538470,0.813285,0.435517,0.405467,0.851619,0.614260,0.620854,0.720273,0.778534,0.582918,0.665895,0.394986,0.861771,0.893051,0.737797,0.634864,0.791873,0.521310,0.770639,0.786275,0.617502,0.470129,0.764752,0.784927,0.557995,0.606618,0.649245,0.785352,0.433243,0.657755,0.660673,0.749485,0.621754,0.564183,0.722780,0.530360,0.411864,0.803196,0.617034,0.722709,0.373739,0.499952,0.604514,0.356479,0.661732,0.699348,0.672304,0.611304,0.598600,0.507708,0.632786,0.767567,0.434834,0.709012,0.689071,0.731303,0.453696,0.762672,0.600166,0.521879,0.787401,0.628946,0.519170,0.797384,0.715353,0.392370,0.512130,0.420082,0.769623,0.750122,0.369145,0.858200,0.747051,0.685599,0.775993,0.691802,0.488750,0.682584,0.603163,0.539782,0.595341,0.799641,0.816238,0.889257,0.598277,0.772496,0.685653,0.441019,0.408525,0.702199,0.552445,0.435054,0.627666,0.675607,0.510683,0.800267,0.793823,0.434863,0.695324,0.778789,0.660086,0.563561,0.688453,0.560553,0.693734,0.784152,0.595820,0.581118,0.403187,0.636874,0.575958,0.516411,0.631720,0.575229,0.841521,0.732986,0.731923,0.515992,0.525846,0.435696,0.771761,0.650870,0.804089,0.651447,0.390329,0.628327,0.769499,0.830737,0.742650,0.834820,0.667526,0.667509,0.463023,0.505851,0.710159,0.658433,0.607275,0.524402,0.839696,0.665682,0.629565,0.767897,0.535426,0.644929,0.729571,0.683095,0.478044,0.505210,0.515892,0.160665,0.500899,0.699170,0.614301,0.744529,0.694058,0.512779,0.634011,0.800583,0.400934,0.631838,0.478792,0.491344,0.648195,0.408612
0.566102,0.575693,0.574425,0.646049,0.647449,0.605833,0.641859,0.645627,0.548369,0.619373,0.649741,0.603345,0.650170,0.631198,0.684634,0.714094,0.647897,0.651147,0.623251,0.691967,0.544892,0.631260,0.576376,0.668781,0.575669,0.625642,0.683438,0.742476,0.688787,0.691355,0.628899,0.613568,0.763372,0.686098,0.646903,0.682968,0.560667,0.681762,0.634151,0.594158,0.689691,0.741142,0.746150,0.678666,0.596730,0.688813,0.630800,0.625596,0.664955,0.625361,0.615397,0.609315,0.766874,0.783991,0.660124,0.679692,0.701545,0.730497,0.643759,0.525166,0.740585,0.715237,0.783331,0.697506,0.563066,0.626122,0.698437,0.731109,0.642602,0.395177,0.581714,0.717985,0.603939,0.657162,0.722996,0.625210,0.643771,0.681556,0.691213,0.643444,0.622853,0.640806,0.708332,0.777462,0.673622,0.728890,0.668623,0.677926,0.843649,0.696647,0.695216,0.767331,0.707114,0.634239,0.754659,0.754838,0.742525,0.718841,0.750890,0.656636,0.597164,0.722192,0.713898,0.693184,0.770078,0.666041,0.756807,0.708063,0.690182,0.708360,0.718042,0.727610,0.660214,0.703272,0.711406,0.741331,0.734849,0.654960,0.664791,0.659138,0.665468,0.621353,0.708921,0.596882,0.635109,0.759880,0.640194,0.627943,0.712784,0.673495,0.716804,0.672678,0.698288,0.707254,0.607106,0.671667,0.783043,0.699547,0.684375,0.652782,0.747242,0.775631,0.679265,0.678323,0.686879,0.787744,0.687954,0.763323,0.579714,0.748560,0.705925,0.779518,0.781794,0.699476,0.740767,0.645595,0.754272,0.593631,0.684016,0.717750,0.667008,0.703268,0.720348,0.680050,0.654139,0.650923,0.671317,0.627396,0.773894,0.703695,0.708485,0.814860,0.799465,0.793576,0.721833,0.709399,0.740927,0.779624,0.650125,0.762990,0.618973,0.838816,0.747993,0.592976,0.684495,0.654163,0.756893,0.659933,0.757795,0.717455,0.777786,0.742641,0.768092,0.714776,0.699995,0.589791,0.747430,0.647266,0.828060,0.534154,0.761478,0.744804,0.534050,0.679718,0.708089,0.642013,0.685668,0.770849,0.716261,0.649060,0.729172,0.662602,0.694046,0.767867,0.648801,0.667666,0.679649,0.735882,0.587251,0.800748,0.843555,0.728766,0.772967,0.707374,0.660069,0.599823,0.674273,0.755531,0.800582,0.627024,0.646241,0.708301,0.742985,0.766435,0.759116,0.662675,0.739085,0.774091,0.685670,0.653227,0.755496,0.668929,0.000000,0.674864,0.784908,0.738981,0.801662,0.802062,0.308836,0.797790,0.676532,0.709434,0.744553,0.750752,0.747502,0.679919,0.632398,0.714018,0.783439,0.664131,0.711929,0.795662,0.674252,0.717769,0.742920,0.654632,0.721194,0.690307,0.791651,0.664497,0.744377,0.663203,0.793020,0.698140,0.639965,0.644213,0.735024,0.721281,0.697069,0.695212,0.704364,0.625565,0.784662,0.682621,0.695036,0.712195,0.727320,0.768499,0.759746,0.762889,0.691651,0.768598,0.734543,0.677582,0.729384,0.790107,0.779283,0.677477,0.813965,0.775386,0.687952,0.600469,0.766611,0.785488,0.509751,0.743027,0.769162,0.615768,0.710775,0.665394,0.738609,0.804434,0.715037,0.527491,0.641013,0.803899,0.789721,0.715163,0.679569,0.813496,0.673567,0.624644,0.808763,0.547276,0.610499,0.686282,0.674489,0.833256,0.707582,0.698644,0.524882,0.734262,0.786640,0.701616,0.640138,0.732992,0.804907,0.749966,0.726141,0.689550,0.746465,0.725486,0.659024,0.800307,0.757963,0.783131,0.757077,0.778016,0.569828,0.850489,0.742827,0.803521,0.710614,0.753572,0.820353,0.685527,0.757520,0.730822,0.605885,0.739142,0.677736,0.822383,0.709846,0.748864,0.696077,0.796280,0.719044,0.781161,0.826240,0.747088,0.710327,0.781513,0.643777,0.748261,0.772649,0.679785,0.729683,0.754356,0.650225,0.712080,0.708250,0.751393,0.527973,0.751980,0.681390,0.640713,0.717776,0.672421,0.692517,0.715402,0.746656,0.769868,0.698028,0.771434,0.759181,0.787050,0.665237,0.755034,0.731002,0.758750,0.713259,0.832306,0.657066,0.773140,0.730327,0.699504,0.718230,0.697957,0.744980,0.676778,0.835947,0.617659,0.678067,0.714586,0.745933,0.682098,0.703913,0.742177,0.720550,0.756778,0.684286,0.596663,0.773168,0.644238,0.688466,0.754736,0.656409,0.614288,0.757341,0.883293,0.615382,0.630012,0.835434,0.746383,0.639485,0.795760,0.768883,0.663139,0.645669,0.662916,0.835651,0.550397,0.751464,0.734175,0.809503,0.706613,0.686010,0.628321,0.820807,0.741980,0.630904,0.685040,0.785956,0.810029,0.754321,0.739106,0.597497,0.755850,0.789567,0.557936,0.659190,0.692617,0.669062,0.668613,0.734287,0.788568,0.753466,0.637993,0.644681,0.763330,0.781537,0.714365,0.821199,0.755545,0.711290,0.740257,0.663290,0.833696,0.663951,0.776494,0.615823,0.794746,0.720662,0.647892,0.692458,0.712716,0.676969,0.718598,0.743260,0.777064,0.609466,0.661518,0.687039,0.766231,0.722161,0.739349,0.679570,0.749888,0.534114,0.816540,0.600181
0.566587,0.498154,0.572603,0.646256,0.473506,0.531802,0.585649,0.609562,0.563450,0.478507,0.613704,0.557947,0.541463,0.615954,0.501005,0.562246,0.455530,0.675281,0.430467,0.732820,0.519747,0.526296,0.454372,0.568599,0.555624,0.602231,0.529139,0.586235,0.569248,0.521962,0.655491,0.601310,0.647260,0.600416,0.516939,0.551195,0.535034,0.456526,0.584507,0.543960,0.461082,0.635559,0.621291,0.782561,0.630338,0.593680,0.567392,0.425685,0.469209,0.504749,0.584067,0.657350,0.596618,0.667411,0.525336,0.489412,0.554168,0.549435,0.673006,0.615643,0.584395,0.627199,0.669153,0.696115,0.533578,0.497041,0.595648,0.605720,0.101802,0.682835,0.625759,0.595451,0.507542,0.480865,0.588567,0.476129,0.566391,0.562511,0.431431,0.678098,0.837065,0.581940,0.565806,0.627960,0.587799,0.559950,0.661227,0.579844,0.645400,0.640539,0.502434,0.538221,0.516021,0.479510,0.668800,0.626905,0.579371,0.601468,0.644002,0.478086,0.526571,0.517547,0.478556,0.528957,0.667927,0.433282,0.635287,0.458604,0.549699,0.633659,0.680875,0.581847,0.528826,0.501995,0.482624,0.727946,0.732296,0.630902,0.584112,0.493415,0.585651,0.660919,0.529599,0.556337,0.492198,0.575370,0.692388,0.498307,0.444959,0.522899,0.563514,0.763828,0.695380,0.470530,0.466386,0.536767,0.575360,0.524723,0.621565,0.511776,0.560252,0.669311,0.609765,0.451385,0.729824,0.626601,0.609509,0.515840,0.696685,0.660748,0.566429,0.650246,0.636712,0.591247,0.654910,0.591536,0.452569,0.660344,0.565491,0.617285,0.753797,0.660805,0.531903,0.633835,0.696137,0.551859,0.553044,0.588494,0.547951,0.536310,0.644814,0.524604,0.697684,0.735459,0.571235,0.699901,0.693262,0.706892,0.583427,0.620042,0.714489,0.637180,0.654936,0.554904,0.582460,0.574032,0.580501,0.726398,0.699272,0.608210,0.551579,0.679927,0.640466,0.653114,0.622760,0.485263,0.559564,0.539853,0.776770,0.666249,0.621540,0.598817,0.609781,0.568213,0.660368,0.628713,0.707827,0.569402,0.559005,0.688476,0.635804,0.603542,0.560624,0.709863,0.738191,0.577888,0.635956,0.699893,0.559283,0.739588,0.619833,0.671633,0.601335,0.703700,0.577898,0.518312,0.639673,0.732917,0.674663,0.509735,0.589367,0.548057,0.555196,0.655511,0.658645,0.551497,0.557107,0.699565,0.710857,0.602119,0.602170,0.539326,0.674864,0.000000,0.620589,0.642668,0.585861,0.557715,0.651565,0.621873,0.536287,0.595640,0.631858,0.773886,0.629019,0.615823,0.728292,0.528957,0.566568,0.687093,0.710090,0.621106,0.607665,0.422886,0.721250,0.527845,0.628016,0.658486,0.563142,0.525431,0.527454,0.512482,0.736586,0.781092,0.728330,0.601501,0.742344,0.499330,0.525600,0.573308,0.615009,0.688971,0.582027,0.606080,0.549658,0.599117,0.663680,0.518137,0.673086,0.659965,0.546406,0.781261,0.658291,0.613066,0.618686,0.551062,0.551172,0.732043,0.692531,0.686509,0.532691,0.489234,0.477952,0.579860,0.673533,0.598006,0.421828,0.629301,0.661628,0.785988,0.656006,0.467603,0.623442,0.610620,0.642617,0.692254,0.515951,0.674061,0.554869,0.554536,0.673478,0.653938,0.689864,0.557840,0.635758,0.764486,0.595839,0.572754,0.587819,0.458774,0.718529,0.674564,0.632508,0.564951,0.571611,0.691336,0.733688,0.472289,0.781488,0.724720,0.637340,0.808930,0.760382,0.532911,0.707990,0.660869,0.521135,0.661779,0.578471,0.752192,0.819036,0.804243,0.711470,0.629927,0.601123,0.732179,0.711107,0.610016,0.648469,0.679940,0.710209,0.547713,0.689726,0.443924,0.574199,0.638314,0.753337,0.609102,0.743376,0.673501,0.696943,0.768318,0.631496,0.589134,0.773327,0.584740,0.710999,0.663397,0.618171,0.599827,0.577009,0.650417,0.734918,0.473712,0.625823,0.676076,0.468042,0.608613,0.757773,0.546460,0.716850,0.526419,0.680217,0.620024,0.780928,0.515414,0.629138,0.674243,0.387275,0.685090,0.720901,0.514616,0.596679,0.468768,0.582956,0.760435,0.660822,0.616855,0.697740,0.710680,0.691804,0.738928,0.638099,0.561675,0.715324,0.620030,0.563792,0.769389,0.685648,0.820606,0.782829,0.691097,0.776004,0.646312,0.636580,0.550208,0.588581,0.676192,0.510445,0.793016,0.698786,0.706824,0.794114,0.758177,0.583973,0.679300,0.673828,0.759243,0.672626,0.589268,0.695549,0.756518,0.767356,0.622348,0.712470,0.667347,0.650872,0.722251,0.495126,0.687865,0.641338,0.776092,0.648207,0.575338,0.638826,0.313491,0.692595,0.813444,0.696740,0.669011,0.582445,0.671433,0.707469,0.751469,0.786198,0.541332,0.811031,0.697083,0.640415,0.556065,0.713703,0.710229,0.619297,0.633112,0.598657,0.794045,0.640548,0.559097,0.722975,0.637948,0.666626,0.633437,0.718340,0.471987,0.616457,0.691962,0.555191,0.652545,0.726323,0.578746,0.577371,0.676878,0.609114,0.646248,0.792449,0.551569,0.722651,0.574376,0.579566,0.591675,0.531684
0.566636,0.500037,0.431914,0.560128,0.380832,0.548992,0.579331,0.377877,0.593653,0.458272,0.614871,0.531780,0.594513,0.496589,0.532133,0.313846,0.407225,0.569882,0.406087,0.649412,0.489970,0.546344,0.492048,0.417370,0.334421,0.516333,0.427699,0.381739,0.379219,0.444756,0.674402,0.486468,0.664821,0.680735,0.422588,0.621071,0.517341,0.540068,0.609273,0.476257,0.438141,0.691464,0.679833,0.604538,0.705065,0.640368,0.439351,0.483062,0.421078,0.646843,0.564381,0.777474,0.596237,0.712559,0.446382,0.659640,0.389895,0.387886,0.550655,0.561102,0.589111,0.517475,0.715242,0.603754,0.533073,0.409742,0.368079,0.587631,0.675395,0.718215,0.703230,0.580555,0.644871,0.550309,0.704719,0.752123,0.553003,0.425572,0.491926,0.549174,0.729705,0.494677,0.565433,0.701742,0.347389,0.707019,0.595952,0.381714,0.720752,0.581812,0.606006,0.340556,0.458517,0.398324,0.736152,0.740196,0.666767,0.594914,0.551040,0.502923,0.386919,0.715602,0.356556,0.491653,0.683963,0.428849,0.658053,0.407289,0.397046,0.585769,0.797345,0.404801,0.580024,0.527833,0.360054,0.349580,0.767621,0.787375,0.546629,0.269552,0.451866,0.473009,0.422689,0.729777,0.566306,0.470842,0.468484,0.587107,0.571615,0.597529,0.349240,0.679599,0.479705,0.359445,0.610631,0.357985,0.619540,0.599066,0.692541,0.538807,0.678457,0.716794,0.389002,0.666091,0.409107,0.681842,0.529790,0.654395,0.902744,0.753700,0.379733,0.636625,0.283124,0.355139,0.149715,0.505326,0.471522,0.805581,0.538447,0.626060,0.788197,0.548877,0.489334,0.360342,0.551366,0.588887,0.401611,0.760146,0.360421,0.535770,0.594340,0.465267,0.743410,0.545576,0.518244,0.582619,0.763685,0.564437,0.463141,0.693268,0.645789,0.737352,0.622456,0.518430,0.380681,0.739737,0.564883,0.661828,0.761356,0.682384,0.433705,0.380965,0.733221,0.711846,0.576636,0.437871,0.380152,0.467445,0.746791,0.602672,0.691362,0.726621,0.723964,0.342219,0.767692,0.595361,0.710852,0.453969,0.598777,0.642200,0.778987,0.584090,0.631985,0.692910,0.734977,0.469293,0.539004,0.860612,0.524222,0.705963,0.729866,0.525695,0.566284,0.308065,0.489110,0.486556,0.419016,0.753291,0.541280,0.697525,0.654282,0.626462,0.338114,0.563307,0.505572,0.520217,0.658969,0.635024,0.676369,0.470564,0.363828,0.509985,0.784908,0.620589,0.000000,0.651569,0.645133,0.277054,0.724933,0.419534,0.419795,0.602302,0.629251,0.639991,0.666497,0.368415,0.781791,0.638096,0.544193,0.759447,0.751338,0.749531,0.482809,0.503847,0.767926,0.426267,0.466583,0.539084,0.641450,0.450033,0.635750,0.397504,0.388923,0.768707,0.797465,0.488882,0.672525,0.476925,0.478486,0.452538,0.730584,0.687141,0.746427,0.415148,0.639193,0.464651,0.743232,0.613347,0.326724,0.696503,0.634811,0.794061,0.808418,0.627850,0.661463,0.288364,0.564826,0.803422,0.395459,0.380888,0.426814,0.609380,0.534210,0.402887,0.634663,0.653380,0.615303,0.570998,0.467196,0.755568,0.353161,0.522195,0.337240,0.530731,0.757996,0.644035,0.538184,0.412492,0.440636,0.706838,0.488802,0.766821,0.660273,0.445764,0.779094,0.793882,0.578537,0.350095,0.713931,0.433465,0.789749,0.609395,0.705439,0.476065,0.600899,0.563227,0.756167,0.424073,0.746233,0.509893,0.486026,0.807195,0.594536,0.701177,0.768599,0.749932,0.441065,0.715095,0.538857,0.781601,0.783900,0.708424,0.557427,0.688594,0.651039,0.793489,0.819813,0.491002,0.578594,0.802958,0.749364,0.497461,0.664656,0.539685,0.789139,0.334969,0.748752,0.697932,0.788332,0.618460,0.620618,0.740393,0.580836,0.376241,0.830717,0.642153,0.611614,0.395949,0.481680,0.628477,0.383487,0.382000,0.734284,0.442947,0.561543,0.664439,0.588257,0.610348,0.745222,0.431330,0.708438,0.540358,0.806428,0.340693,0.504676,0.656406,0.386520,0.719345,0.583970,0.350789,0.801017,0.596612,0.409035,0.527921,0.388339,0.727591,0.694466,0.301499,0.663958,0.659778,0.751671,0.727689,0.786244,0.440763,0.647612,0.508158,0.523983,0.465532,0.670051,0.813672,0.711137,0.618786,0.786813,0.665230,0.405724,0.454859,0.740642,0.666271,0.529322,0.761079,0.807564,0.616102,0.848253,0.716435,0.513799,0.730087,0.779596,0.662260,0.727896,0.653760,0.600941,0.789026,0.652956,0.555786,0.739776,0.654378,0.668281,0.600370,0.460709,0.596831,0.596791,0.754397,0.708305,0.485797,0.627093,0.616323,0.596814,0.783687,0.746296,0.856253,0.634414,0.445233,0.612292,0.756210,0.776495,0.624037,0.776301,0.531676,0.797132,0.394108,0.594685,0.694930,0.698782,0.562479,0.615003,0.851550,0.642209,0.511525,0.683737,0.688685,0.600714,0.815020,0.579820,0.535983,0.573217,0.644117,0.597414,0.573105,0.662256,0.684049,0.728003,0.549423,0.663219,0.568872,0.813802,0.434411,0.760007,0.537259,0.617645,0.712058,0.645865
0.567324,0.529260,0.712128,0.729798,0.650981,0.742253,0.707867,0.673836,0.699450,0.708776,0.721788,0.673849,0.396334,0.714894,0.398073,0.581643,0.650280,0.650394,0.615385,0.686152,0.569629,0.640904,0.615096,0.651961,0.690673,0.670150,0.517994,0.592710,0.626266,0.472534,0.445807,0.553511,0.495260,0.448706,0.492421,0.769687,0.608411,0.656286,0.779288,0.745703,0.584002,0.586106,0.614945,0.665250,0.760376,0.511105,0.697122,0.628992,0.548013,0.753425,0.701884,0.593939,0.420488,0.552891,0.694394,0.489585,0.612626,0.647632,0.698409,0.658747,0.440288,0.648591,0.523826,0.673265,0.751833,0.619346,0.683426,0.466350,0.618889,0.629249,0.575888,0.414727,0.777073,0.790253,0.381629,0.539212,0.729944,0.575992,0.746854,0.819600,0.747571,0.767741,0.663201,0.507647,0.635567,0.760734,0.820933,0.650144,0.472171,0.751584,0.663138,0.641058,0.730769,0.623225,0.498933,0.756127,0.517880,0.396972,0.671986,0.652191,0.548495,0.555534,0.648877,0.690301,0.407359,0.624866,0.498793,0.644973,0.538714,0.713289,0.587282,0.596458,0.813547,0.726533,0.618327,0.671844,0.586318,0.677212,0.715907,0.651009,0.677776,0.683902,0.685545,0.622609,0.612037,0.645722,0.754498,0.486702,0.473168,0.679795,0.678787,0.746832,0.714376,0.607048,0.677353,0.620251,0.474946,0.657854,0.590533,0.545089,0.687480,0.465793,0.715043,0.599004,0.743293,0.516211,0.691008,0.472583,0.645327,0.582474,0.657738,0.455367,0.661896,0.683110,0.649135,0.691461,0.704460,0.747847,0.467074,0.597499,0.768872,0.780778,0.638696,0.686498,0.739998,0.456853,0.592058,0.731621,0.655326,0.577869,0.643947,0.539766,0.537988,0.763284,0.408738,0.756789,0.584243,0.721388,0.648373,0.709461,0.656274,0.545994,0.723937,0.666947,0.676211,0.571195,0.437429,0.665369,0.637243,0.739628,0.685764,0.727541,0.447884,0.662340,0.687639,0.678419,0.677429,0.537575,0.797330,0.722951,0.497177,0.511069,0.625234,0.651385,0.516420,0.771613,0.755639,0.577395,0.504252,0.601541,0.544263,0.559027,0.398413,0.586381,0.789743,0.692868,0.545706,0.649182,0.781374,0.632580,0.387647,0.695473,0.433343,0.663978,0.767873,0.572076,0.724455,0.453590,0.635968,0.722547,0.631699,0.550142,0.660856,0.599342,0.731868,0.652298,0.714681,0.753152,0.703231,0.732280,0.687326,0.593332,0.738981,0.642668,0.651569,0.000000,0.573462,0.657856,0.783789,0.732775,0.569978,0.387467,0.668552,0.742478,0.368895,0.653673,0.699461,0.635400,0.760123,0.721865,0.456382,0.524223,0.712937,0.723604,0.565562,0.759936,0.682789,0.631892,0.395304,0.701891,0.713824,0.656359,0.760531,0.771030,0.666301,0.759429,0.599239,0.434588,0.671984,0.740409,0.627368,0.759500,0.578666,0.691591,0.688749,0.729910,0.169650,0.708268,0.650892,0.358632,0.450584,0.853739,0.512848,0.743307,0.694719,0.621351,0.404556,0.749305,0.706187,0.677984,0.592213,0.569220,0.455479,0.733791,0.758038,0.483362,0.591269,0.709214,0.705241,0.796742,0.667494,0.687289,0.616098,0.682184,0.758976,0.570658,0.574601,0.760695,0.593131,0.479355,0.683461,0.696989,0.746316,0.635497,0.756228,0.577293,0.427231,0.699012,0.538506,0.427064,0.752542,0.557486,0.440000,0.762465,0.531837,0.747173,0.581823,0.652858,0.770838,0.775819,0.687451,0.659687,0.761271,0.579788,0.606379,0.688196,0.730655,0.525043,0.692344,0.770889,0.798213,0.535844,0.718997,0.688646,0.562468,0.743516,0.666925,0.724350,0.686568,0.692856,0.713481,0.628243,0.703105,0.725711,0.760473,0.695534,0.629717,0.401347,0.636126,0.462902,0.641285,0.616501,0.781452,0.661691,0.565944,0.755768,0.566740,0.644983,0.749917,0.563426,0.688518,0.748042,0.439648,0.743803,0.813690,0.751736,0.790272,0.580880,0.733465,0.632981,0.789243,0.631955,0.555862,0.711010,0.746308,0.453052,0.681289,0.701970,0.626069,0.683384,0.756281,0.675235,0.745599,0.579392,0.729914,0.736925,0.826598,0.682030,0.907857,0.622948,0.399839,0.753945,0.478085,0.722446,0.794521,0.650438,0.569613,0.756157,0.623979,0.791090,0.774305,0.559617,0.785996,0.660724,0.735647,0.570933,0.692136,0.661029,0.660589,0.541192,0.677226,0.494718,0.689777,0.813718,0.613143,0.577665,0.679098,0.812783,0.514490,0.650432,0.547453,0.745359,0.677765,0.549985,0.616144,0.656611,0.739977,0.754062,0.639675,0.540379,0.765432,0.835671,0.734984,0.641926,0.312460,0.634679,0.687991,0.576260,0.526243,0.773673,0.667853,0.666617,0.722378,0.755715,0.698794,0.695527,0.752827,0.719354,0.601921,0.652166,0.660509,0.639985,0.335905,0.667470,0.713676,0.655304,0.666076,0.682702,0.714870,0.434627,0.645887,0.667151,0.709239,0.536492,0.681283,0.721452,0.566811,0.752729,0.561498,0.755544,0.689814,0.714708,0.440671,0.798606,0.812585,0.609081,0.550914,0.726312,0.720483,0.263605,0.498489
0.567363,0.556270,0.711778,0.757595,0.610622,0.677682,0.571407,0.680192,0.703421,0.666218,0.614445,0.737405,0.620670,0.670299,0.622686,0.693520,0.585649,0.701151,0.570961,0.743182,0.618495,0.537410,0.563790,0.626661,0.642166,0.733984,0.608818,0.595565,0.686896,0.528375,0.435693,0.708281,0.481940,0.554587,0.582104,0.654872,0.626030,0.588025,0.607772,0.671909,0.661908,0.163715,0.544670,0.747764,0.733792,0.784694,0.662635,0.653280,0.657424,0.614040,0.706779,0.510168,0.597589,0.520903,0.691793,0.707825,0.636087,0.644288,0.739971,0.709850,0.521011,0.760171,0.509866,0.610292,0.653119,0.561557,0.726000,0.505682,0.634681,0.592000,0.680899,0.550718,0.611561,0.722516,0.597953,0.586461,0.621086,0.638766,0.661447,0.626161,0.750454,0.685832,0.659645,0.410276,0.665379,0.688281,0.756629,0.705671,0.650530,0.586757,0.614099,0.576281,0.633656,0.598680,0.679007,0.639117,0.614829,0.564829,0.702708,0.550691,0.634856,0.711325,0.559702,0.636007,0.603668,0.625955,0.469566,0.598204,0.646012,0.669354,0.578620,0.716574,0.673531,0.600633,0.632381,0.762624,0.561257,0.747605,0.605138,0.529751,0.709935,0.795311,0.689154,0.786054,0.611952,0.662515,0.768068,0.482896,0.619665,0.632553,0.653405,0.674495,0.657858,0.611349,0.642416,0.670759,0.648242,0.574651,0.619069,0.570878,0.696077,0.544122,0.679100,0.551069,0.789534,0.554458,0.666051,0.679797,0.677401,0.802855,0.656867,0.595051,0.706387,0.738618,0.665760,0.719712,0.518045,0.753172,0.765853,0.692070,0.842261,0.700521,0.719513,0.705569,0.753018,0.523267,0.666596,0.773954,0.618396,0.703884,0.684174,0.665091,0.508478,0.706910,0.615398,0.568123,0.625041,0.711114,0.610959,0.750044,0.806020,0.720785,0.668825,0.620806,0.738949,0.429178,0.552150,0.702716,0.706057,0.707529,0.689900,0.720587,0.684352,0.751559,0.709407,0.612841,0.669975,0.628950,0.672135,0.713534,0.432466,0.463749,0.668682,0.637729,0.562681,0.483582,0.784279,0.659561,0.703996,0.614058,0.538862,0.717767,0.576381,0.714925,0.818867,0.746859,0.740291,0.655089,0.697378,0.591093,0.667252,0.743339,0.600780,0.679134,0.750324,0.693493,0.722437,0.562122,0.688978,0.769624,0.693195,0.660520,0.709048,0.651677,0.762302,0.697422,0.588160,0.846238,0.763855,0.746820,0.664123,0.732602,0.801662,0.585861,0.645133,0.573462,0.000000,0.684720,0.741607,0.648882,0.634107,0.736132,0.733541,0.732142,0.612298,0.746375,0.773294,0.736108,0.723739,0.785438,0.496777,0.737899,0.748976,0.644911,0.668817,0.659437,0.630217,0.751791,0.694628,0.742450,0.473864,0.608279,0.780272,0.804082,0.804398,0.798726,0.564599,0.673173,0.754709,0.619667,0.727138,0.758114,0.870001,0.720172,0.667050,0.691343,0.610900,0.548237,0.661632,0.652812,0.463464,0.826934,0.742498,0.837685,0.577549,0.688686,0.577058,0.814365,0.789089,0.754404,0.710029,0.663756,0.572770,0.673925,0.803833,0.650844,0.693175,0.748945,0.709141,0.812341,0.692619,0.517913,0.688023,0.737882,0.733379,0.649434,0.719171,0.731088,0.677989,0.635939,0.710721,0.746915,0.444009,0.593711,0.726068,0.531101,0.686408,0.646792,0.552865,0.618880,0.845061,0.684872,0.580147,0.626312,0.608215,0.625340,0.560026,0.578668,0.774619,0.863675,0.765393,0.502565,0.789503,0.695417,0.584161,0.750779,0.571822,0.468512,0.665113,0.841741,0.806058,0.519544,0.842948,0.677651,0.591806,0.725912,0.824451,0.486478,0.764985,0.776159,0.731024,0.701274,0.791948,0.510510,0.662350,0.716322,0.767711,0.511379,0.598632,0.580376,0.750811,0.520069,0.790295,0.715258,0.636218,0.665280,0.687151,0.702080,0.797764,0.543374,0.665911,0.634387,0.691453,0.539700,0.695390,0.699433,0.719689,0.666162,0.799257,0.666128,0.886823,0.640454,0.689978,0.639882,0.687179,0.702685,0.689550,0.718310,0.568870,0.680802,0.607215,0.584067,0.697848,0.644662,0.717017,0.552472,0.678514,0.725466,0.672092,0.773671,0.627886,0.779518,0.666813,0.732555,0.651726,0.698161,0.715841,0.652537,0.660720,0.846494,0.547222,0.742328,0.832607,0.647978,0.771749,0.678297,0.746252,0.713502,0.758936,0.565577,0.782608,0.714023,0.661391,0.646740,0.703396,0.569461,0.765754,0.757500,0.654903,0.734341,0.643545,0.796587,0.833443,0.583401,0.728325,0.820743,0.783433,0.729218,0.671089,0.682886,0.777698,0.703118,0.564527,0.471191,0.702255,0.686668,0.760260,0.530422,0.768422,0.781511,0.673110,0.825906,0.802132,0.781953,0.649002,0.668795,0.768829,0.741973,0.701623,0.684051,0.647461,0.610504,0.712310,0.796459,0.701333,0.722063,0.813610,0.748891,0.673707,0.747536,0.779019,0.587728,0.572477,0.683903,0.682179,0.850968,0.721914,0.848444,0.815683,0.812210,0.686931,0.728378,0.694216,0.594625,0.807007,0.706378,0.769386,0.812085,0.682658,0.626091,0.743372
0.567606,0.475602,0.355107,0.499251,0.327921,0.465784,0.541997,0.247916,0.648734,0.441412,0.557569,0.505971,0.555947,0.441451,0.500036,0.256319,0.287383,0.574527,0.303171,0.695030,0.482715,0.440810,0.484869,0.348120,0.401387,0.532549,0.398879,0.243927,0.221959,0.390302,0.693662,0.463723,0.565558,0.600744,0.320549,0.593016,0.519442,0.469801,0.588546,0.416105,0.269828,0.694012,0.575555,0.657904,0.745136,0.587652,0.396842,0.417491,0.292497,0.611234,0.430577,0.758740,0.592272,0.635486,0.423001,0.557289,0.258159,0.248094,0.571489,0.581491,0.506173,0.475056,0.576428,0.598141,0.537497,0.333771,0.253617,0.491963,0.629279,0.717040,0.727116,0.556708,0.637339,0.540129,0.664653,0.737899,0.499964,0.329318,0.392539,0.606017,0.775917,0.445787,0.449521,0.614524,0.259776,0.693789,0.528524,0.274968,0.657630,0.534315,0.630781,0.222122,0.409516,0.327266,0.664168,0.701249,0.694830,0.568723,0.477766,0.540395,0.354393,0.655982,0.293472,0.341644,0.637747,0.420969,0.602924,0.379779,0.281131,0.590354,0.767731,0.264107,0.547236,0.478360,0.223825,0.224799,0.703044,0.772716,0.530145,0.344273,0.407418,0.379989,0.262804,0.738441,0.504559,0.438483,0.416981,0.514872,0.558112,0.493901,0.201250,0.660137,0.549588,0.325624,0.598279,0.252922,0.505228,0.622550,0.721233,0.509239,0.705264,0.654606,0.277703,0.585714,0.388908,0.582050,0.489245,0.585124,0.825913,0.690158,0.212242,0.586396,0.131459,0.243781,0.394532,0.473121,0.415005,0.829757,0.458889,0.630310,0.777969,0.429141,0.398371,0.224219,0.532893,0.568257,0.281659,0.744489,0.211003,0.478692,0.591336,0.321540,0.659707,0.580509,0.574973,0.482719,0.763093,0.476492,0.339605,0.696983,0.656679,0.693053,0.594873,0.389213,0.250190,0.726314,0.533028,0.626172,0.800955,0.662225,0.292515,0.309045,0.714972,0.791328,0.577825,0.325450,0.247949,0.425015,0.773911,0.522426,0.606573,0.620118,0.749149,0.230293,0.775039,0.579214,0.763781,0.411417,0.523750,0.590968,0.688075,0.493422,0.537655,0.596800,0.730424,0.301607,0.444220,0.806089,0.451813,0.620463,0.679499,0.439339,0.558328,0.286567,0.403341,0.433024,0.291235,0.770910,0.390114,0.750336,0.767643,0.614715,0.255976,0.503749,0.426578,0.445411,0.631779,0.563829,0.730540,0.317093,0.193881,0.423778,0.802062,0.557715,0.277054,0.657856,0.684720,0.000000,0.731637,0.347827,0.432457,0.544706,0.664893,0.587496,0.640540,0.262602,0.779167,0.621415,0.469000,0.713041,0.718464,0.702608,0.342601,0.521796,0.733513,0.334726,0.388777,0.500779,0.615731,0.473632,0.578814,0.356367,0.296141,0.721388,0.770123,0.354913,0.667961,0.421639,0.354150,0.312134,0.752605,0.631923,0.651080,0.270599,0.600636,0.353642,0.738376,0.505364,0.234056,0.694226,0.662661,0.782896,0.757769,0.602613,0.589678,0.269183,0.599584,0.777521,0.156291,0.306823,0.347753,0.628863,0.532145,0.379423,0.582901,0.685983,0.556968,0.523974,0.380207,0.736571,0.209056,0.491398,0.241092,0.577995,0.730901,0.575141,0.482348,0.339314,0.330385,0.633452,0.432916,0.791148,0.625621,0.478403,0.763418,0.764989,0.585418,0.265080,0.718554,0.493783,0.714865,0.592816,0.688686,0.331376,0.637976,0.491311,0.684734,0.388028,0.743125,0.423397,0.366178,0.828219,0.576313,0.631430,0.687254,0.736260,0.398537,0.667246,0.418821,0.859021,0.769672,0.698534,0.693829,0.612623,0.547501,0.786019,0.835556,0.410698,0.567371,0.788675,0.784390,0.413738,0.631195,0.490053,0.681254,0.180063,0.747642,0.620471,0.687339,0.673169,0.550976,0.681445,0.480307,0.274713,0.840506,0.646421,0.639104,0.287824,0.366293,0.614256,0.244594,0.395885,0.758518,0.481526,0.411035,0.625992,0.471271,0.625256,0.786749,0.347908,0.674935,0.525156,0.794853,0.295093,0.517396,0.552383,0.353649,0.642618,0.551202,0.226171,0.731696,0.621312,0.348057,0.515735,0.333517,0.766658,0.730413,0.263724,0.653857,0.676742,0.658568,0.726127,0.795055,0.277299,0.642030,0.656138,0.590877,0.420077,0.694224,0.811860,0.753008,0.689263,0.827842,0.724855,0.355896,0.359956,0.811364,0.636819,0.370672,0.711262,0.707073,0.569457,0.788913,0.748487,0.479239,0.631184,0.770487,0.689524,0.679397,0.762608,0.585052,0.765902,0.666856,0.577781,0.691313,0.675429,0.594809,0.546247,0.380219,0.637263,0.492465,0.739429,0.684284,0.510605,0.618214,0.584710,0.526056,0.794285,0.714219,0.838099,0.681985,0.366094,0.595766,0.735937,0.804767,0.640121,0.794264,0.654558,0.723826,0.321810,0.523611,0.702821,0.706980,0.547276,0.476556,0.818149,0.686262,0.569762,0.684101,0.578317,0.705465,0.748492,0.577674,0.568606,0.441931,0.520015,0.478945,0.411538,0.645634,0.539594,0.780397,0.591427,0.633731,0.511067,0.792057,0.401489,0.729655,0.459176,0.551515,0.693065,0.579423
0.567765,0.601726,0.573706,0.645354,0.660760,0.605814,0.589095,0.608462,0.500687,0.586121,0.612430,0.540980,0.643373,0.602516,0.670529,0.667422,0.664459,0.618947,0.642304,0.682503,0.462628,0.654540,0.546364,0.634137,0.585182,0.618693,0.692681,0.724036,0.696032,0.678797,0.577581,0.583814,0.753240,0.704390,0.657632,0.608227,0.595470,0.631919,0.626617,0.615035,0.685907,0.677423,0.784875,0.625811,0.519174,0.694348,0.594533,0.611119,0.643057,0.631293,0.605155,0.651604,0.791501,0.780157,0.631990,0.674157,0.706380,0.665674,0.648160,0.551283,0.760433,0.710610,0.771198,0.696193,0.551138,0.659875,0.667764,0.728341,0.606023,0.364575,0.611096,0.738594,0.539542,0.587819,0.771906,0.620709,0.637762,0.669083,0.644189,0.581515,0.570046,0.658856,0.740400,0.753976,0.662276,0.720671,0.669792,0.661660,0.818461,0.658563,0.642624,0.688653,0.699545,0.630860,0.778858,0.731448,0.723421,0.736338,0.795623,0.627196,0.565349,0.693842,0.714321,0.698702,0.717994,0.679548,0.749823,0.685197,0.686481,0.685104,0.747072,0.698148,0.603806,0.712152,0.702606,0.700699,0.752977,0.646062,0.659850,0.659830,0.681712,0.611317,0.696624,0.555321,0.714808,0.751410,0.609670,0.650780,0.676752,0.658098,0.725049,0.627590,0.630441,0.738430,0.583242,0.667071,0.717617,0.574576,0.660546,0.713847,0.704925,0.784861,0.672683,0.689896,0.685841,0.764227,0.639694,0.731857,0.641400,0.719421,0.721537,0.771155,0.729343,0.666024,0.678690,0.671294,0.746528,0.539378,0.691289,0.726603,0.663169,0.671897,0.738353,0.666440,0.597020,0.716048,0.679853,0.616753,0.725762,0.730358,0.731735,0.757632,0.774104,0.782055,0.730531,0.705835,0.739575,0.702425,0.670391,0.689153,0.592450,0.768819,0.742149,0.569985,0.652291,0.710821,0.772753,0.649202,0.701451,0.714096,0.778189,0.757586,0.740021,0.687577,0.708193,0.607031,0.709998,0.639788,0.752407,0.556995,0.770762,0.724694,0.511347,0.675475,0.688510,0.620833,0.693529,0.771608,0.685207,0.632748,0.733488,0.675667,0.731213,0.699112,0.724357,0.688904,0.674946,0.736067,0.619316,0.801596,0.830809,0.719585,0.774295,0.712941,0.642972,0.605889,0.656799,0.776442,0.754402,0.587675,0.642641,0.633057,0.712901,0.752231,0.636544,0.705922,0.699124,0.809275,0.691672,0.624662,0.722430,0.646744,0.308836,0.651565,0.724933,0.783789,0.741607,0.731637,0.000000,0.763333,0.636634,0.680009,0.685687,0.705270,0.786193,0.676531,0.610207,0.643656,0.806989,0.613877,0.752088,0.794699,0.659734,0.645030,0.680630,0.658584,0.687130,0.673130,0.756181,0.661890,0.741076,0.677231,0.755384,0.667333,0.704371,0.637269,0.739184,0.712382,0.701800,0.734695,0.683453,0.617718,0.759213,0.701385,0.704902,0.727053,0.782917,0.722298,0.706141,0.795960,0.653777,0.728720,0.750951,0.639144,0.702659,0.750597,0.770617,0.642991,0.693265,0.683131,0.651958,0.539615,0.761300,0.729346,0.550383,0.723826,0.685921,0.633410,0.679081,0.601906,0.717340,0.771203,0.692529,0.607351,0.559667,0.800433,0.766248,0.738154,0.670706,0.809863,0.682472,0.596635,0.736524,0.637314,0.564520,0.717793,0.642150,0.801188,0.769855,0.675478,0.510390,0.648974,0.781382,0.671594,0.612666,0.671758,0.800679,0.740528,0.738971,0.655832,0.688720,0.769309,0.689794,0.724770,0.747928,0.767735,0.764339,0.782931,0.580870,0.774454,0.694463,0.780694,0.717688,0.774701,0.748909,0.583791,0.762541,0.743209,0.638240,0.764647,0.613698,0.722473,0.690827,0.762466,0.689434,0.742522,0.650071,0.773678,0.832874,0.702143,0.726909,0.688940,0.710537,0.720385,0.749399,0.657433,0.747340,0.735604,0.683875,0.681351,0.694654,0.666488,0.546931,0.677184,0.641636,0.600093,0.696753,0.711132,0.701043,0.710737,0.687740,0.747616,0.731028,0.754741,0.725501,0.755859,0.668310,0.776012,0.681935,0.711297,0.656126,0.793366,0.661716,0.744845,0.745206,0.718535,0.656884,0.696972,0.685846,0.651777,0.802731,0.668778,0.662984,0.695764,0.735070,0.654502,0.633841,0.695054,0.693936,0.688549,0.645025,0.584947,0.757101,0.544837,0.725837,0.713279,0.644672,0.554197,0.735933,0.868210,0.565428,0.603174,0.751989,0.694369,0.718428,0.839867,0.808754,0.607341,0.634162,0.676177,0.761034,0.551969,0.707360,0.727187,0.829787,0.637052,0.663943,0.591012,0.748614,0.747227,0.676125,0.628029,0.761304,0.786280,0.759981,0.683259,0.652930,0.811672,0.782017,0.589849,0.683506,0.662877,0.586582,0.571835,0.665008,0.710194,0.680115,0.661503,0.652152,0.690980,0.745373,0.729637,0.814967,0.713766,0.757862,0.667988,0.613544,0.799640,0.564250,0.755514,0.648748,0.830489,0.732197,0.670508,0.723087,0.736182,0.647495,0.712980,0.696827,0.753262,0.557150,0.645475,0.734328,0.685349,0.637178,0.754346,0.683229,0.735075,0.578354,0.838735,0.561859
0.567976,0.528873,0.414959,0.573785,0.417953,0.473145,0.493587,0.394919,0.659290,0.416584,0.559530,0.455757,0.697448,0.452895,0.616525,0.364004,0.389774,0.540866,0.398877,0.711268,0.583639,0.470661,0.566933,0.410349,0.480805,0.475954,0.572049,0.434381,0.382101,0.586708,0.730538,0.553251,0.632143,0.758853,0.504637,0.614851,0.622704,0.448890,0.523858,0.433010,0.456720,0.630527,0.617066,0.641114,0.754279,0.721496,0.418443,0.605389,0.450671,0.500178,0.500527,0.705591,0.704002,0.677112,0.423415,0.672159,0.436143,0.353548,0.620570,0.578778,0.650435,0.450503,0.650610,0.578217,0.506455,0.485106,0.390184,0.657885,0.669198,0.717714,0.762104,0.711691,0.517196,0.529443,0.797044,0.746857,0.402698,0.433508,0.458930,0.553396,0.734676,0.371385,0.522771,0.699617,0.432909,0.640045,0.507889,0.387444,0.757339,0.472379,0.597415,0.410373,0.436451,0.439280,0.806497,0.676248,0.717043,0.720207,0.601007,0.590152,0.468395,0.735273,0.358501,0.446987,0.754881,0.430907,0.640966,0.401437,0.424633,0.572784,0.766855,0.455083,0.461674,0.493086,0.388024,0.353270,0.753848,0.789450,0.520114,0.452572,0.488946,0.502477,0.385031,0.793434,0.523262,0.497613,0.413773,0.592581,0.596281,0.404548,0.341101,0.584832,0.539919,0.448848,0.702886,0.374379,0.583512,0.650349,0.657325,0.583251,0.688248,0.752189,0.360454,0.616159,0.462041,0.712280,0.438347,0.661026,0.839368,0.771737,0.393874,0.742581,0.303423,0.387482,0.483679,0.556147,0.396783,0.757702,0.578876,0.579891,0.740426,0.462709,0.524596,0.427612,0.581974,0.656092,0.445774,0.801319,0.342313,0.613213,0.676030,0.459324,0.678605,0.511611,0.710147,0.503080,0.789909,0.511260,0.507394,0.611910,0.619431,0.790377,0.431383,0.529578,0.470742,0.718237,0.679974,0.642695,0.783740,0.628403,0.437304,0.357199,0.806821,0.786649,0.586361,0.449182,0.311637,0.575599,0.686523,0.619872,0.705175,0.704503,0.736755,0.447772,0.743817,0.604498,0.754176,0.538562,0.605396,0.581742,0.718278,0.668105,0.700613,0.674324,0.627722,0.481588,0.538830,0.819240,0.548806,0.670395,0.785818,0.526990,0.692960,0.285837,0.502288,0.516551,0.422744,0.822149,0.552482,0.699447,0.774432,0.573550,0.404335,0.600500,0.458903,0.531789,0.606666,0.632171,0.605260,0.455153,0.353510,0.571576,0.797790,0.621873,0.419534,0.732775,0.648882,0.347827,0.763333,0.000000,0.598761,0.695632,0.558941,0.535033,0.750590,0.462351,0.782988,0.703281,0.618176,0.745476,0.743226,0.764599,0.462109,0.544898,0.788516,0.406467,0.405102,0.542201,0.707055,0.474390,0.508642,0.457396,0.465796,0.798257,0.824380,0.492265,0.717208,0.568534,0.535881,0.368921,0.810899,0.628244,0.788109,0.432695,0.584541,0.383082,0.733427,0.434711,0.396764,0.775935,0.735068,0.708847,0.837888,0.574786,0.573801,0.420386,0.737489,0.806038,0.356259,0.441188,0.540338,0.768964,0.585091,0.477963,0.665028,0.727056,0.658571,0.539256,0.465872,0.807469,0.406894,0.501974,0.359234,0.581324,0.782004,0.702471,0.555720,0.370123,0.551689,0.737190,0.542796,0.792027,0.552863,0.535322,0.747843,0.775851,0.653155,0.140624,0.729125,0.650326,0.766542,0.717684,0.758450,0.391012,0.628578,0.501258,0.730959,0.297838,0.732521,0.538432,0.504183,0.761961,0.646993,0.686197,0.751163,0.761773,0.395230,0.669452,0.528445,0.844212,0.812252,0.702194,0.758194,0.574958,0.613012,0.791894,0.872614,0.465123,0.627054,0.795356,0.728373,0.549444,0.672131,0.412739,0.680251,0.337851,0.816549,0.676957,0.690755,0.736909,0.631668,0.650320,0.554320,0.416533,0.835078,0.703557,0.693550,0.389727,0.480742,0.715603,0.429514,0.405948,0.736922,0.486852,0.508367,0.688997,0.567192,0.716092,0.781110,0.433692,0.797120,0.482835,0.846061,0.362153,0.567253,0.683176,0.441923,0.613980,0.591907,0.422340,0.726841,0.601615,0.448719,0.609256,0.393853,0.661482,0.643135,0.357235,0.508033,0.721880,0.753978,0.744944,0.818577,0.437117,0.581129,0.674041,0.670664,0.462954,0.772429,0.855709,0.691637,0.753984,0.771456,0.792917,0.400867,0.426839,0.794300,0.712451,0.502815,0.749347,0.797942,0.717999,0.855775,0.794010,0.517420,0.710826,0.817997,0.710620,0.792608,0.749282,0.649591,0.753346,0.673159,0.680646,0.798697,0.729856,0.723654,0.648908,0.559701,0.716147,0.591896,0.718820,0.630046,0.481786,0.684122,0.640836,0.618130,0.797269,0.721923,0.808194,0.728670,0.488102,0.634522,0.779573,0.759910,0.615042,0.832575,0.661135,0.811633,0.514106,0.642051,0.756194,0.746271,0.640803,0.553317,0.809524,0.784496,0.685702,0.652036,0.688720,0.740036,0.809263,0.606689,0.727411,0.476968,0.692545,0.661284,0.582333,0.748308,0.676248,0.750717,0.633370,0.759657,0.380513,0.847791,0.504549,0.834273,0.597165,0.654311,0.768586,0.725545
0.568075,0.501983,0.499276,0.584207,0.389306,0.511303,0.524414,0.485294,0.548384,0.472747,0.534595,0.492203,0.491442,0.523930,0.492758,0.400500,0.496989,0.491471,0.462240,0.636930,0.386017,0.608228,0.384663,0.525190,0.465795,0.557962,0.398321,0.518074,0.468161,0.436656,0.658738,0.419710,0.696701,0.596360,0.454769,0.509114,0.477878,0.509959,0.636744,0.502287,0.418501,0.704919,0.703056,0.613028,0.575404,0.619002,0.429533,0.420930,0.468936,0.637073,0.564600,0.757543,0.606867,0.788376,0.533452,0.632041,0.486575,0.469260,0.575833,0.610862,0.590750,0.550493,0.718645,0.543464,0.611442,0.449222,0.446329,0.578509,0.599202,0.632351,0.545459,0.551546,0.580034,0.533331,0.525530,0.707677,0.575249,0.405592,0.522718,0.548157,0.669521,0.556199,0.565655,0.707770,0.424649,0.576909,0.634347,0.473478,0.666504,0.583419,0.538507,0.416626,0.462893,0.449658,0.657762,0.572239,0.696743,0.568302,0.541365,0.407454,0.349739,0.589912,0.399866,0.488273,0.557625,0.413917,0.736308,0.450526,0.438176,0.543205,0.795018,0.461544,0.514653,0.443244,0.462046,0.554886,0.840800,0.678359,0.529939,0.408404,0.450573,0.531583,0.499245,0.593414,0.459200,0.557138,0.546199,0.548918,0.548933,0.516425,0.454341,0.567941,0.450830,0.344660,0.530073,0.414064,0.672930,0.652259,0.649669,0.464272,0.501490,0.694741,0.555584,0.504520,0.560792,0.652190,0.551566,0.606199,0.771794,0.656460,0.487977,0.554930,0.502336,0.450015,0.473545,0.508241,0.548328,0.732373,0.506005,0.653377,0.645305,0.629773,0.454158,0.483258,0.597966,0.591673,0.431524,0.650825,0.451599,0.533269,0.537197,0.534979,0.792682,0.574343,0.529742,0.604158,0.722618,0.617418,0.529042,0.751721,0.665669,0.689402,0.565873,0.510779,0.440640,0.694269,0.591405,0.462650,0.741919,0.563955,0.484532,0.540009,0.603608,0.589425,0.571710,0.447960,0.495189,0.423299,0.726157,0.622371,0.711882,0.686881,0.605887,0.413102,0.740088,0.665276,0.633272,0.476136,0.510761,0.663300,0.755845,0.571053,0.530140,0.634434,0.689385,0.529794,0.522791,0.821339,0.572544,0.732708,0.652142,0.649033,0.609223,0.436354,0.584091,0.438553,0.571135,0.788640,0.591745,0.583295,0.620258,0.582478,0.371283,0.504817,0.562758,0.529357,0.649542,0.671415,0.608872,0.539007,0.526841,0.519329,0.676532,0.536287,0.419795,0.569978,0.634107,0.432457,0.636634,0.598761,0.000000,0.432122,0.613484,0.619911,0.665755,0.473810,0.615909,0.588064,0.499091,0.642244,0.780675,0.721889,0.555234,0.431289,0.655408,0.491320,0.553072,0.570593,0.634470,0.401098,0.697954,0.406722,0.568774,0.709839,0.622529,0.568916,0.642404,0.391485,0.481450,0.501286,0.664263,0.701678,0.726895,0.513052,0.537880,0.611530,0.700396,0.595117,0.495158,0.653850,0.604865,0.777444,0.719393,0.486711,0.588291,0.371918,0.428978,0.638561,0.567782,0.474552,0.403387,0.414640,0.488334,0.423735,0.656470,0.526786,0.599555,0.543416,0.407209,0.673251,0.457183,0.453075,0.446584,0.591242,0.669158,0.680726,0.633845,0.555566,0.531403,0.661558,0.522071,0.705103,0.684282,0.508802,0.694206,0.771201,0.508875,0.544872,0.663925,0.521707,0.750189,0.682556,0.664873,0.556871,0.663088,0.603618,0.816370,0.458905,0.739032,0.592655,0.501505,0.788356,0.670512,0.674588,0.812330,0.726185,0.474232,0.781492,0.544621,0.701405,0.762307,0.732993,0.619569,0.593196,0.620233,0.646727,0.787406,0.498895,0.554128,0.785041,0.610729,0.528478,0.649726,0.582299,0.650795,0.521708,0.591384,0.747884,0.804162,0.613264,0.611978,0.780396,0.638087,0.484598,0.742177,0.561906,0.542524,0.497018,0.612919,0.673202,0.510052,0.555414,0.592659,0.339597,0.555607,0.598198,0.581461,0.597415,0.682504,0.461404,0.674542,0.518024,0.687184,0.464031,0.594299,0.671662,0.468876,0.625564,0.525300,0.519036,0.687593,0.431609,0.487657,0.480760,0.464128,0.724830,0.613774,0.421623,0.698550,0.571835,0.681491,0.699143,0.572086,0.520152,0.661487,0.558044,0.487369,0.575638,0.676629,0.685050,0.691749,0.447114,0.719779,0.515402,0.574292,0.459861,0.621336,0.621574,0.507482,0.820889,0.724738,0.616879,0.727042,0.602084,0.458753,0.772630,0.748981,0.696563,0.634857,0.598603,0.587468,0.706035,0.507979,0.455149,0.700925,0.565618,0.618482,0.592073,0.485225,0.653021,0.622028,0.782819,0.700683,0.434092,0.566762,0.515874,0.648358,0.830509,0.737275,0.728878,0.563085,0.551183,0.582282,0.658220,0.787058,0.653338,0.679467,0.604771,0.691586,0.417208,0.592212,0.774134,0.672750,0.574001,0.607001,0.785219,0.477907,0.555426,0.635827,0.655571,0.620622,0.830345,0.590562,0.498693,0.606699,0.573195,0.513310,0.620427,0.658343,0.542667,0.662677,0.595070,0.588199,0.645265,0.756520,0.444641,0.656386,0.563501,0.523993,0.641387,0.575330
0.568408,0.524710,0.552979,0.667598,0.502639,0.530398,0.622435,0.571126,0.624819,0.514561,0.598141,0.472103,0.461329,0.584658,0.477279,0.488766,0.505222,0.556941,0.505088,0.701676,0.449609,0.613141,0.529278,0.565994,0.570150,0.524807,0.494005,0.525145,0.499256,0.505443,0.624870,0.390764,0.636712,0.545826,0.465178,0.596402,0.482709,0.600076,0.709582,0.591329,0.465845,0.727743,0.670892,0.615520,0.619523,0.444320,0.601750,0.485215,0.478518,0.681191,0.593095,0.690600,0.591292,0.715970,0.502838,0.488903,0.501506,0.529638,0.576761,0.635526,0.575030,0.474644,0.645391,0.674652,0.667722,0.510168,0.508906,0.599055,0.595841,0.639530,0.618673,0.542985,0.700880,0.584594,0.527568,0.612900,0.646652,0.450109,0.590185,0.727606,0.720903,0.667869,0.620894,0.669458,0.502643,0.683110,0.674992,0.500583,0.597515,0.656605,0.625072,0.544796,0.560842,0.530691,0.603143,0.636615,0.652177,0.562384,0.666495,0.556082,0.446025,0.499416,0.526381,0.554153,0.505821,0.446317,0.687593,0.460843,0.481104,0.663814,0.705858,0.506526,0.699458,0.519871,0.563214,0.550554,0.783591,0.649845,0.637484,0.559114,0.528542,0.547921,0.529040,0.640191,0.458794,0.607703,0.629751,0.487445,0.512878,0.568854,0.567690,0.635552,0.666580,0.483439,0.638385,0.473300,0.581719,0.664809,0.628211,0.476586,0.633160,0.619753,0.597077,0.590244,0.681588,0.583645,0.610460,0.445410,0.677362,0.570082,0.523982,0.541480,0.553929,0.564682,0.659606,0.566685,0.635493,0.746048,0.389225,0.563094,0.620063,0.655774,0.580761,0.552818,0.693177,0.535303,0.477265,0.693403,0.518712,0.543835,0.545413,0.478211,0.729208,0.661473,0.552212,0.732273,0.691142,0.599633,0.520359,0.685590,0.597202,0.585129,0.668885,0.593894,0.542229,0.668892,0.569135,0.542785,0.738903,0.648356,0.549253,0.594699,0.582574,0.721419,0.615160,0.550655,0.597852,0.491236,0.776508,0.671551,0.691393,0.651157,0.634463,0.501839,0.653143,0.732129,0.635026,0.516480,0.502877,0.693465,0.685186,0.513036,0.527508,0.605205,0.727955,0.558548,0.509505,0.755585,0.681142,0.686031,0.545292,0.632290,0.586712,0.603825,0.620778,0.478119,0.594834,0.653284,0.610220,0.652638,0.703454,0.556558,0.477282,0.593546,0.642952,0.544092,0.725246,0.723124,0.635189,0.630581,0.539625,0.480439,0.709434,0.595640,0.602302,0.387467,0.736132,0.544706,0.680009,0.695632,0.432122,0.000000,0.520926,0.731591,0.600689,0.544485,0.533371,0.532381,0.637185,0.608332,0.650315,0.595347,0.630495,0.526500,0.601279,0.591381,0.586637,0.555579,0.499633,0.531745,0.707406,0.532978,0.660575,0.611192,0.541796,0.645190,0.696600,0.369669,0.491251,0.586340,0.649656,0.698482,0.583171,0.556488,0.597817,0.641061,0.490313,0.602473,0.560121,0.551584,0.601139,0.703151,0.600257,0.575375,0.647528,0.535917,0.544490,0.550256,0.596187,0.558700,0.475916,0.551954,0.518379,0.653857,0.663143,0.584951,0.518372,0.599657,0.555342,0.591539,0.539864,0.593911,0.534163,0.626403,0.663565,0.639639,0.590098,0.630168,0.528311,0.567390,0.598642,0.685000,0.781375,0.591447,0.701146,0.743069,0.414665,0.654776,0.711028,0.543585,0.589029,0.637174,0.536691,0.626052,0.595987,0.721012,0.737527,0.557609,0.778187,0.678870,0.565107,0.799243,0.704253,0.576423,0.786848,0.700245,0.637909,0.681559,0.564196,0.655120,0.713175,0.699786,0.678602,0.630997,0.548864,0.589083,0.692961,0.670760,0.604215,0.670863,0.616817,0.602304,0.653429,0.683142,0.691750,0.574291,0.528082,0.606059,0.776047,0.574530,0.587728,0.735578,0.664613,0.520027,0.645716,0.642588,0.601132,0.524324,0.634845,0.655902,0.547048,0.693728,0.556472,0.632331,0.701350,0.649014,0.655527,0.601107,0.742125,0.518342,0.703288,0.511462,0.712118,0.581091,0.761875,0.532667,0.530043,0.635921,0.581992,0.583029,0.690769,0.636410,0.572619,0.582391,0.563407,0.789065,0.683199,0.535408,0.827720,0.629812,0.496411,0.710883,0.605327,0.616868,0.673294,0.664611,0.516278,0.630866,0.655070,0.673715,0.780827,0.503921,0.744934,0.632971,0.691597,0.448087,0.704130,0.602395,0.552221,0.661655,0.602918,0.565617,0.611501,0.705982,0.479073,0.744323,0.690299,0.592775,0.600276,0.627578,0.531928,0.700875,0.525601,0.569131,0.642960,0.617574,0.713602,0.694399,0.559615,0.655929,0.636735,0.824813,0.755421,0.642296,0.494069,0.516223,0.679925,0.776628,0.648892,0.758451,0.655983,0.563416,0.571465,0.614679,0.779214,0.687287,0.668562,0.674510,0.608072,0.494392,0.607303,0.766132,0.500077,0.660891,0.608525,0.735355,0.565584,0.650339,0.671193,0.508198,0.699457,0.739259,0.695184,0.523318,0.592033,0.585420,0.445336,0.635168,0.602183,0.615418,0.718260,0.709735,0.548065,0.721744,0.672928,0.509940,0.597052,0.520880,0.498188,0.485567,0.447495
0.568640,0.518283,0.524163,0.591354,0.546812,0.476456,0.530964,0.575362,0.627578,0.374159,0.543327,0.346411,0.602631,0.505280,0.586751,0.561306,0.628643,0.533835,0.636452,0.630729,0.593451,0.696262,0.609438,0.545131,0.615477,0.404528,0.603381,0.646598,0.618861,0.694357,0.626375,0.518369,0.719923,0.651929,0.706176,0.534869,0.563548,0.610484,0.627240,0.554808,0.597918,0.690019,0.751035,0.652498,0.621350,0.659322,0.557881,0.662106,0.637206,0.609993,0.569998,0.632544,0.619235,0.745665,0.415312,0.655950,0.647196,0.550539,0.608354,0.564098,0.701731,0.516470,0.780122,0.577757,0.668552,0.661697,0.582266,0.762151,0.607727,0.677559,0.618542,0.677053,0.612031,0.408992,0.691583,0.570440,0.519138,0.484205,0.479348,0.643284,0.682905,0.607771,0.659912,0.744703,0.665012,0.540238,0.558106,0.547941,0.653742,0.557479,0.528450,0.600205,0.468297,0.642522,0.735488,0.540118,0.611830,0.686424,0.653954,0.568844,0.515858,0.632585,0.558978,0.540598,0.638456,0.388603,0.714200,0.369679,0.681757,0.611691,0.685237,0.637787,0.540766,0.478822,0.562257,0.673677,0.786829,0.684458,0.580310,0.641237,0.469776,0.669493,0.622286,0.725499,0.615800,0.669702,0.551400,0.653838,0.510790,0.506696,0.680530,0.519244,0.601126,0.462004,0.637769,0.553922,0.703965,0.698374,0.622937,0.582834,0.565149,0.805382,0.610814,0.539313,0.664058,0.783908,0.524418,0.567152,0.712044,0.668396,0.661651,0.727113,0.664323,0.669821,0.633737,0.553656,0.602113,0.655988,0.502188,0.362089,0.718864,0.654939,0.662259,0.646502,0.651273,0.695151,0.593724,0.659767,0.593438,0.735769,0.634303,0.657642,0.788552,0.522729,0.647965,0.551944,0.748645,0.750138,0.721858,0.685686,0.683803,0.652152,0.416791,0.627064,0.699307,0.683220,0.687638,0.416301,0.811941,0.607762,0.661663,0.611907,0.694812,0.617362,0.550756,0.633838,0.654594,0.697588,0.715082,0.702757,0.789737,0.738037,0.665397,0.655909,0.622140,0.617936,0.672175,0.633049,0.668904,0.681881,0.749630,0.727310,0.718590,0.701218,0.652261,0.693365,0.703192,0.742259,0.672270,0.792823,0.601992,0.695404,0.690749,0.658694,0.606137,0.590433,0.664575,0.756892,0.691846,0.695568,0.606657,0.664022,0.606918,0.716037,0.728817,0.659007,0.612981,0.735728,0.610493,0.644333,0.649221,0.758361,0.744553,0.631858,0.629251,0.668552,0.733541,0.664893,0.685687,0.558941,0.613484,0.520926,0.000000,0.646622,0.693063,0.696480,0.682956,0.649463,0.674763,0.614334,0.746550,0.596734,0.628230,0.444935,0.689947,0.601924,0.588437,0.729490,0.596329,0.623266,0.630370,0.580213,0.733778,0.719347,0.672438,0.614111,0.696891,0.497374,0.680618,0.595805,0.729597,0.726763,0.696775,0.657763,0.571872,0.658775,0.679775,0.649069,0.711298,0.656017,0.664228,0.586570,0.652932,0.600701,0.595003,0.658290,0.641014,0.682703,0.682818,0.700158,0.616707,0.686474,0.677144,0.712909,0.708902,0.628472,0.627743,0.654772,0.716080,0.699010,0.713107,0.578960,0.651822,0.584492,0.730780,0.809170,0.673554,0.590664,0.724632,0.625353,0.746704,0.649506,0.651119,0.616615,0.661972,0.750354,0.642555,0.552530,0.693483,0.609766,0.753010,0.804633,0.736900,0.674025,0.553998,0.683041,0.761192,0.473017,0.708256,0.714364,0.661202,0.701165,0.834606,0.685210,0.822297,0.591287,0.651782,0.764952,0.722382,0.683982,0.764914,0.784847,0.706258,0.390337,0.675951,0.699732,0.725692,0.570776,0.669517,0.683309,0.632842,0.663206,0.739310,0.630518,0.665543,0.698951,0.662458,0.696522,0.734816,0.644829,0.707309,0.768517,0.729689,0.623363,0.699486,0.614168,0.613994,0.668750,0.665027,0.753450,0.681251,0.700089,0.627895,0.563310,0.650063,0.719851,0.714802,0.676892,0.680369,0.598358,0.718862,0.108923,0.784203,0.610864,0.734735,0.651498,0.667046,0.425231,0.604315,0.716628,0.695132,0.523621,0.693959,0.644637,0.628853,0.616930,0.680747,0.645242,0.583301,0.653535,0.641273,0.708910,0.678794,0.602585,0.567422,0.636909,0.556234,0.655947,0.651886,0.737172,0.636608,0.666668,0.761526,0.644172,0.695495,0.527617,0.620276,0.748596,0.649499,0.757866,0.735154,0.722403,0.737955,0.620677,0.594897,0.766027,0.654794,0.601328,0.758830,0.605121,0.710071,0.634297,0.623023,0.668410,0.810216,0.759630,0.690468,0.707774,0.686885,0.702965,0.756405,0.736106,0.607687,0.554612,0.676149,0.652602,0.759024,0.781097,0.660832,0.702888,0.633330,0.708570,0.635003,0.689529,0.743228,0.737035,0.703358,0.742169,0.720291,0.649310,0.731732,0.790962,0.605286,0.599095,0.647595,0.680720,0.525534,0.671849,0.707255,0.644591,0.670655,0.777734,0.639043,0.741998,0.570029,0.690261,0.774232,0.708399,0.692839,0.706627,0.671402,0.706399,0.736968,0.702876,0.752637,0.671753,0.701256,0.658280,0.652811,0.617487,0.704215
0.568876,0.598126,0.496881,0.566792,0.559606,0.531784,0.585470,0.536111,0.626855,0.536868,0.596880,0.576387,0.695728,0.569397,0.665608,0.599381,0.620438,0.481633,0.597418,0.659749,0.622134,0.678280,0.639303,0.609808,0.590418,0.565127,0.631616,0.607414,0.552394,0.651267,0.789263,0.575781,0.778141,0.719979,0.659668,0.675279,0.691661,0.635836,0.635808,0.513182,0.536401,0.691396,0.774715,0.621692,0.722039,0.728560,0.563686,0.617831,0.628613,0.590999,0.599218,0.808335,0.779742,0.809427,0.545263,0.726760,0.545703,0.532738,0.673917,0.604103,0.686282,0.574601,0.759802,0.624598,0.566042,0.615756,0.536064,0.653574,0.737321,0.679155,0.718373,0.678444,0.600794,0.560790,0.746094,0.800105,0.580572,0.574349,0.568403,0.669338,0.654625,0.530782,0.646747,0.822030,0.663176,0.715380,0.478462,0.559177,0.810137,0.657768,0.695863,0.567869,0.504596,0.618008,0.758107,0.705936,0.808707,0.664913,0.716694,0.679761,0.571319,0.706868,0.619333,0.624846,0.677464,0.604958,0.814354,0.554969,0.646725,0.619245,0.840439,0.553177,0.610888,0.611888,0.638573,0.573199,0.824898,0.703591,0.602533,0.655850,0.612006,0.668588,0.582463,0.753471,0.666914,0.637369,0.511905,0.716742,0.723658,0.581768,0.577349,0.529137,0.623404,0.621633,0.735138,0.563550,0.597936,0.718108,0.596456,0.714107,0.726716,0.773452,0.564732,0.683624,0.607873,0.778392,0.535257,0.683248,0.754297,0.713416,0.591530,0.747075,0.552764,0.598417,0.594814,0.691475,0.648510,0.746351,0.629827,0.633476,0.690084,0.618251,0.648951,0.573492,0.730273,0.763402,0.571739,0.737794,0.584690,0.732690,0.788552,0.532817,0.854054,0.630715,0.719424,0.504681,0.790860,0.694027,0.701040,0.736116,0.678989,0.747229,0.571656,0.636734,0.653355,0.849661,0.713994,0.540287,0.850615,0.695910,0.622688,0.526721,0.721437,0.748691,0.615847,0.634491,0.615253,0.683848,0.725104,0.625229,0.826023,0.814130,0.769358,0.608049,0.758941,0.628655,0.610008,0.717648,0.686510,0.678386,0.824022,0.745940,0.736039,0.545372,0.640074,0.663077,0.706012,0.825190,0.644610,0.782528,0.729561,0.677515,0.684390,0.529106,0.638968,0.626298,0.576314,0.835326,0.630315,0.552862,0.761744,0.661906,0.603213,0.271784,0.652329,0.652531,0.701378,0.704583,0.717742,0.615060,0.564302,0.724198,0.750752,0.773886,0.639991,0.742478,0.732142,0.587496,0.705270,0.535033,0.619911,0.731591,0.646622,0.000000,0.708730,0.618774,0.696018,0.815916,0.636401,0.771229,0.852673,0.801365,0.671315,0.637407,0.779232,0.630845,0.563713,0.717362,0.734340,0.630893,0.649969,0.686523,0.634313,0.648422,0.678986,0.613573,0.603167,0.679891,0.691958,0.550036,0.779121,0.646044,0.720132,0.618616,0.681237,0.681070,0.733488,0.636291,0.554061,0.686508,0.851401,0.688161,0.759977,0.550061,0.638898,0.703968,0.754563,0.688766,0.628513,0.652556,0.701384,0.717649,0.716410,0.674125,0.700272,0.715407,0.742539,0.644169,0.617736,0.697666,0.559550,0.704575,0.550754,0.713899,0.745817,0.723345,0.626883,0.554446,0.673523,0.817528,0.604177,0.784189,0.636386,0.702605,0.722289,0.772056,0.725636,0.577754,0.878086,0.716722,0.721915,0.766236,0.815705,0.604449,0.734890,0.573775,0.816791,0.603161,0.718551,0.688874,0.601218,0.716199,0.708777,0.699670,0.813826,0.794852,0.626969,0.827216,0.643077,0.768810,0.763163,0.731984,0.732628,0.611179,0.694639,0.717766,0.786388,0.522484,0.704356,0.775002,0.665893,0.675423,0.747998,0.673730,0.680068,0.586110,0.725062,0.856471,0.795798,0.712664,0.663191,0.724169,0.646182,0.598527,0.858944,0.658035,0.610748,0.586943,0.642523,0.794327,0.609776,0.563995,0.735085,0.666511,0.609637,0.745658,0.675092,0.795573,0.691003,0.646582,0.686447,0.613301,0.794865,0.557891,0.660166,0.729500,0.610700,0.582156,0.755187,0.583242,0.771943,0.729598,0.669644,0.769608,0.600685,0.604776,0.644865,0.608877,0.650501,0.714916,0.624223,0.793239,0.785495,0.634352,0.671029,0.738060,0.705981,0.573952,0.729751,0.754000,0.755719,0.770351,0.702876,0.759656,0.571659,0.607724,0.773878,0.756791,0.609975,0.819727,0.725017,0.670452,0.805373,0.677257,0.664105,0.773976,0.771561,0.708900,0.748690,0.752899,0.691786,0.748619,0.603101,0.737753,0.794341,0.798071,0.675097,0.681870,0.659628,0.669881,0.646389,0.741868,0.715904,0.612895,0.710616,0.801782,0.710180,0.832316,0.749144,0.734882,0.799099,0.616745,0.542415,0.696726,0.811103,0.732545,0.733978,0.765710,0.791215,0.592511,0.680295,0.789703,0.768930,0.751578,0.696385,0.810526,0.716838,0.734352,0.722474,0.703891,0.707730,0.872170,0.645074,0.781821,0.629441,0.610446,0.792420,0.655537,0.712896,0.733144,0.787845,0.640733,0.796609,0.640770,0.759751,0.690967,0.713471,0.736744,0.730951,0.790506,0.725651
0.568923,0.584635,0.679179,0.655725,0.670316,0.685325,0.697792,0.650067,0.664443,0.673592,0.690715,0.732114,0.345967,0.670853,0.351211,0.612645,0.572536,0.710956,0.576198,0.612998,0.582801,0.617806,0.590154,0.662182,0.627412,0.713197,0.464685,0.506502,0.579378,0.442077,0.624855,0.662887,0.475504,0.479344,0.455433,0.668228,0.566742,0.642346,0.710438,0.709843,0.510447,0.605862,0.583583,0.691530,0.724409,0.610484,0.692827,0.654258,0.506620,0.651554,0.678117,0.615552,0.314696,0.525696,0.683395,0.527249,0.570481,0.637588,0.668385,0.658999,0.335668,0.708090,0.501688,0.674901,0.691109,0.514929,0.658703,0.392006,0.550678,0.686271,0.524846,0.328076,0.702747,0.730773,0.286096,0.543818,0.662581,0.599365,0.670487,0.794707,0.854109,0.760139,0.545034,0.493175,0.661626,0.685813,0.767873,0.635247,0.343708,0.709471,0.631683,0.648350,0.743302,0.567870,0.414696,0.691461,0.561312,0.293117,0.622763,0.658801,0.607953,0.500807,0.654438,0.672277,0.466396,0.668230,0.501294,0.655730,0.545878,0.696279,0.611621,0.592083,0.771090,0.676149,0.581831,0.700165,0.572719,0.678546,0.684609,0.610547,0.652972,0.695183,0.680748,0.573698,0.569308,0.620378,0.755807,0.433435,0.632458,0.668081,0.653251,0.766106,0.727642,0.560223,0.612488,0.624748,0.457839,0.609088,0.677245,0.457177,0.669929,0.388659,0.691679,0.564651,0.717727,0.441968,0.680636,0.541113,0.657988,0.576767,0.628125,0.461206,0.660178,0.649600,0.649304,0.611467,0.663249,0.700085,0.569009,0.629439,0.784324,0.758728,0.612519,0.626712,0.674873,0.381501,0.600653,0.620144,0.661462,0.551950,0.651302,0.529950,0.503832,0.685453,0.370995,0.731044,0.540272,0.811366,0.609329,0.634374,0.725299,0.535772,0.744624,0.645177,0.693145,0.612147,0.284202,0.744557,0.688677,0.695348,0.586571,0.696879,0.343369,0.642201,0.744821,0.625098,0.696453,0.517852,0.798901,0.647210,0.472193,0.478798,0.659116,0.627718,0.561466,0.717640,0.772051,0.584425,0.505219,0.672126,0.535550,0.555660,0.433691,0.581204,0.788171,0.672735,0.585882,0.655726,0.712090,0.504482,0.402577,0.652646,0.275674,0.736093,0.700173,0.585996,0.688351,0.479437,0.561568,0.705710,0.590188,0.602606,0.677788,0.680893,0.753080,0.643999,0.705294,0.649265,0.792140,0.685126,0.637767,0.596143,0.747502,0.629019,0.666497,0.368895,0.612298,0.640540,0.786193,0.750590,0.665755,0.600689,0.693063,0.708730,0.000000,0.657844,0.756400,0.708317,0.745596,0.798674,0.487644,0.414282,0.688506,0.720265,0.579267,0.666608,0.684984,0.762574,0.435124,0.769811,0.693351,0.612289,0.785161,0.740579,0.778257,0.680666,0.601997,0.548872,0.711424,0.651705,0.581757,0.709022,0.633143,0.637560,0.622061,0.703389,0.415242,0.685702,0.646294,0.124167,0.645156,0.857298,0.489015,0.785689,0.722828,0.686405,0.393447,0.782227,0.727160,0.733469,0.653818,0.594365,0.394841,0.734743,0.764790,0.460945,0.609012,0.711344,0.734538,0.762065,0.678290,0.638273,0.596911,0.609796,0.804545,0.512082,0.550120,0.711604,0.555631,0.375761,0.678845,0.699054,0.728891,0.569146,0.737600,0.555345,0.557401,0.706581,0.630681,0.463088,0.752619,0.558984,0.462507,0.711683,0.656988,0.694987,0.500359,0.682938,0.805556,0.736890,0.637310,0.641746,0.711642,0.443378,0.589002,0.540942,0.732310,0.506750,0.658718,0.757544,0.709161,0.552833,0.641624,0.645991,0.578324,0.758616,0.677949,0.703609,0.662121,0.658526,0.782333,0.654781,0.705860,0.665113,0.666726,0.671060,0.700071,0.495757,0.557580,0.403329,0.686350,0.624174,0.683567,0.670958,0.621379,0.739026,0.509588,0.706301,0.710257,0.551923,0.664666,0.751281,0.661574,0.741492,0.699208,0.738769,0.783888,0.589933,0.685262,0.702045,0.707535,0.645804,0.461576,0.695991,0.795817,0.460364,0.713396,0.660093,0.623775,0.712477,0.799795,0.675905,0.699398,0.478545,0.712578,0.710555,0.843147,0.669189,0.837140,0.665742,0.436784,0.766217,0.575989,0.678117,0.750533,0.615314,0.643579,0.823325,0.708327,0.788490,0.744091,0.677903,0.795302,0.622263,0.663228,0.588508,0.660423,0.723968,0.605053,0.492301,0.728959,0.511682,0.766128,0.827416,0.601865,0.494580,0.654676,0.831539,0.430531,0.577700,0.721004,0.665079,0.749122,0.597408,0.477603,0.727572,0.735239,0.737657,0.686616,0.393712,0.704636,0.832044,0.736752,0.665228,0.517158,0.612439,0.675001,0.535105,0.538801,0.696793,0.630745,0.643819,0.790030,0.783406,0.699421,0.688552,0.789238,0.759253,0.573590,0.715513,0.661979,0.561352,0.384009,0.553618,0.734607,0.726512,0.641449,0.637541,0.746071,0.489376,0.532461,0.612961,0.666747,0.548135,0.644868,0.639649,0.572496,0.710502,0.577128,0.714361,0.706729,0.757694,0.521550,0.805759,0.777721,0.572403,0.531122,0.721906,0.660136,0.336284,0.549972
0.569008,0.501851,0.345318,0.535320,0.311306,0.565408,0.645863,0.324028,0.605425,0.512136,0.672436,0.502240,0.609525,0.490597,0.558211,0.353678,0.320395,0.619307,0.312886,0.717116,0.520466,0.427145,0.456524,0.431423,0.405509,0.511044,0.447683,0.294296,0.281523,0.383534,0.738284,0.402920,0.619636,0.647435,0.295579,0.718753,0.527133,0.534369,0.715697,0.438711,0.311736,0.786630,0.650156,0.590579,0.786106,0.595551,0.435931,0.406080,0.340943,0.726299,0.448788,0.796639,0.641005,0.696992,0.419089,0.540769,0.339450,0.366972,0.595834,0.562306,0.561062,0.472637,0.646039,0.720137,0.517793,0.352582,0.249302,0.505023,0.713989,0.738339,0.673845,0.595828,0.687008,0.583342,0.675953,0.771505,0.551569,0.380612,0.468364,0.671457,0.780987,0.454116,0.462453,0.687573,0.264547,0.769774,0.534431,0.246192,0.687585,0.634466,0.721228,0.308488,0.443610,0.325441,0.720415,0.777196,0.785161,0.618607,0.506890,0.586086,0.280526,0.627714,0.318220,0.388304,0.629035,0.421949,0.681080,0.372761,0.248014,0.648543,0.845915,0.251229,0.669720,0.567136,0.301372,0.334896,0.751778,0.773279,0.556230,0.351588,0.488721,0.355072,0.276645,0.641456,0.487601,0.500023,0.352460,0.533918,0.614088,0.589843,0.248539,0.713506,0.624527,0.394850,0.612637,0.215171,0.622008,0.761774,0.737802,0.524006,0.753955,0.662215,0.339831,0.653363,0.402019,0.607149,0.481842,0.586397,0.900955,0.688635,0.228507,0.611863,0.252695,0.239747,0.454742,0.465321,0.572591,0.810383,0.445168,0.717566,0.751249,0.504761,0.442760,0.243493,0.608771,0.599095,0.214779,0.750537,0.344900,0.466649,0.630331,0.353620,0.736042,0.628380,0.646064,0.589207,0.825018,0.574356,0.345841,0.736098,0.567525,0.699091,0.657677,0.415501,0.215120,0.745479,0.572998,0.669764,0.864352,0.744673,0.366325,0.410604,0.744312,0.787650,0.558088,0.311952,0.359806,0.430414,0.827281,0.435111,0.628487,0.681772,0.719280,0.217943,0.856641,0.648867,0.705174,0.466512,0.518189,0.659752,0.757258,0.490463,0.560514,0.647155,0.619701,0.276548,0.430353,0.906199,0.480662,0.627469,0.732728,0.473091,0.594578,0.426543,0.448679,0.321145,0.276532,0.786672,0.487704,0.671226,0.800436,0.625481,0.260061,0.463565,0.519945,0.408281,0.665313,0.620940,0.630102,0.362329,0.264179,0.375742,0.679919,0.615823,0.368415,0.653673,0.746375,0.262602,0.676531,0.462351,0.473810,0.544485,0.696480,0.618774,0.657844,0.000000,0.709735,0.674695,0.518979,0.717048,0.774787,0.800696,0.403479,0.565696,0.742598,0.371929,0.421640,0.479460,0.613866,0.472944,0.619826,0.373790,0.363942,0.737943,0.747726,0.370278,0.682730,0.400841,0.321513,0.335514,0.790883,0.534386,0.648285,0.276060,0.606238,0.410239,0.721792,0.589998,0.371909,0.688763,0.704294,0.843669,0.824895,0.609715,0.554592,0.343769,0.617235,0.758543,0.410047,0.381562,0.420210,0.537093,0.539406,0.490956,0.521907,0.706581,0.665669,0.431260,0.421117,0.729616,0.281160,0.607739,0.380097,0.478863,0.766987,0.602151,0.517755,0.396398,0.282534,0.709532,0.448623,0.770699,0.780358,0.385636,0.799389,0.814571,0.551479,0.373428,0.760766,0.574778,0.625194,0.698212,0.713161,0.353329,0.676301,0.638849,0.755420,0.485607,0.755380,0.390527,0.320946,0.888212,0.582977,0.704412,0.724579,0.779653,0.428375,0.734552,0.332459,0.876803,0.869579,0.743931,0.677970,0.628550,0.573810,0.763991,0.785376,0.501810,0.543518,0.770638,0.782215,0.508221,0.609253,0.597355,0.768171,0.304324,0.682998,0.722961,0.786890,0.740099,0.599947,0.770329,0.432351,0.263020,0.865100,0.649586,0.628479,0.333773,0.378572,0.607474,0.238975,0.514740,0.716070,0.577254,0.515430,0.683101,0.451222,0.649009,0.745531,0.344583,0.691626,0.576851,0.765938,0.379683,0.647831,0.603428,0.284492,0.639612,0.652572,0.411758,0.747878,0.688896,0.349170,0.629597,0.355248,0.791382,0.732007,0.343148,0.809038,0.746164,0.709398,0.748242,0.765749,0.323291,0.652153,0.688960,0.638291,0.553152,0.756353,0.798202,0.844488,0.630112,0.775705,0.763318,0.295179,0.398594,0.814731,0.593703,0.330197,0.796236,0.636939,0.502104,0.785180,0.739333,0.509471,0.701811,0.753529,0.685052,0.647337,0.758647,0.550789,0.780595,0.623437,0.591573,0.672652,0.643129,0.647689,0.504535,0.440123,0.595320,0.468828,0.737626,0.706658,0.648445,0.530652,0.684534,0.400089,0.786893,0.727376,0.842343,0.643095,0.118030,0.581452,0.760424,0.878220,0.695147,0.763643,0.649857,0.754792,0.353371,0.567625,0.705973,0.751998,0.690123,0.504335,0.869011,0.732195,0.667739,0.688657,0.554686,0.639190,0.773708,0.610740,0.556402,0.497847,0.439713,0.464103,0.451882,0.624174,0.592254,0.747433,0.648440,0.576379,0.583964,0.810076,0.414171,0.708780,0.441580,0.508519,0.717817,0.491015
0.569022,0.650545,0.614855,0.623255,0.674168,0.545016,0.538153,0.717181,0.527968,0.585366,0.504004,0.548701,0.522533,0.603705,0.601808,0.634983,0.655055,0.595428,0.666101,0.548033,0.512605,0.703561,0.605314,0.757257,0.572527,0.677463,0.677056,0.707915,0.710636,0.701166,0.720530,0.487651,0.765653,0.679899,0.650741,0.534541,0.649703,0.656500,0.597415,0.672280,0.686739,0.683896,0.657436,0.609172,0.591030,0.651744,0.633991,0.683727,0.655654,0.622348,0.676961,0.665088,0.711111,0.830028,0.685795,0.671137,0.739180,0.753649,0.721582,0.622431,0.723226,0.736486,0.745612,0.623935,0.673144,0.702139,0.690738,0.721400,0.664498,0.612223,0.500428,0.680739,0.580362,0.681981,0.664725,0.659545,0.689565,0.657579,0.729295,0.658436,0.576966,0.741469,0.700124,0.797983,0.709627,0.639075,0.734963,0.702080,0.728290,0.663439,0.638393,0.776076,0.735800,0.727605,0.723124,0.600139,0.712133,0.701776,0.732055,0.667397,0.627625,0.559243,0.745493,0.749791,0.641896,0.717757,0.800083,0.728030,0.705982,0.639056,0.686936,0.704231,0.645593,0.647066,0.747948,0.742856,0.800643,0.590467,0.745131,0.690469,0.640557,0.707100,0.709295,0.653918,0.670200,0.775107,0.720958,0.707781,0.744075,0.665638,0.716556,0.577744,0.647605,0.696975,0.679405,0.697203,0.702436,0.714028,0.561110,0.689249,0.624398,0.807494,0.776592,0.630739,0.773312,0.764550,0.702860,0.597047,0.598160,0.692315,0.717683,0.712482,0.769937,0.728482,0.731982,0.663184,0.767889,0.551396,0.633371,0.632761,0.202064,0.734610,0.695878,0.693074,0.673329,0.748773,0.683636,0.659228,0.807295,0.756255,0.570263,0.725277,0.810788,0.592569,0.693063,0.723941,0.667061,0.663635,0.705361,0.730190,0.679025,0.604688,0.663386,0.747290,0.723781,0.746768,0.766320,0.610223,0.716928,0.677252,0.741847,0.779556,0.692459,0.576731,0.725299,0.705276,0.772989,0.663281,0.599230,0.685283,0.790665,0.770252,0.561102,0.688634,0.629713,0.627864,0.343699,0.749670,0.710487,0.738999,0.728452,0.684266,0.737323,0.667829,0.766438,0.716779,0.683680,0.717079,0.800638,0.790508,0.678901,0.779746,0.784098,0.728216,0.801949,0.659007,0.704945,0.793401,0.745212,0.568422,0.649661,0.681218,0.740732,0.724376,0.792788,0.694062,0.678132,0.752612,0.757975,0.780667,0.698311,0.637639,0.632398,0.728292,0.781791,0.699461,0.773294,0.779167,0.610207,0.782988,0.615909,0.533371,0.682956,0.696018,0.756400,0.709735,0.000000,0.593345,0.728795,0.656390,0.771967,0.701333,0.813815,0.721827,0.541011,0.716309,0.786350,0.746598,0.705527,0.705192,0.722967,0.717889,0.799668,0.478402,0.373049,0.778866,0.683020,0.687011,0.772999,0.731328,0.668716,0.729758,0.756133,0.718199,0.712216,0.805711,0.700707,0.760245,0.774238,0.698857,0.803354,0.573799,0.657200,0.647630,0.654515,0.765604,0.739659,0.252041,0.728195,0.764350,0.780440,0.642356,0.744212,0.776855,0.716164,0.649377,0.647775,0.782104,0.697422,0.405747,0.732068,0.758985,0.774805,0.544054,0.480898,0.809875,0.744530,0.786097,0.697772,0.724035,0.737149,0.522249,0.784272,0.647754,0.507892,0.803532,0.643116,0.796904,0.784978,0.760791,0.490155,0.723153,0.659561,0.722660,0.711043,0.727818,0.797195,0.759488,0.639778,0.768158,0.714166,0.739315,0.709416,0.669046,0.788570,0.648005,0.809847,0.826354,0.683080,0.445239,0.624087,0.791411,0.680601,0.716803,0.672812,0.427444,0.667089,0.717804,0.602585,0.556856,0.564016,0.755545,0.793504,0.790847,0.610869,0.750828,0.398623,0.863019,0.826835,0.679946,0.642311,0.855521,0.810927,0.752390,0.698693,0.714887,0.662208,0.753455,0.800414,0.776000,0.712154,0.741544,0.565495,0.723343,0.814698,0.674236,0.785094,0.753795,0.756973,0.731203,0.716122,0.753511,0.695737,0.785149,0.739103,0.699704,0.677374,0.713217,0.696696,0.788175,0.699371,0.698642,0.749349,0.803272,0.737810,0.634965,0.609448,0.779318,0.667265,0.562714,0.596939,0.661486,0.607404,0.816450,0.695900,0.672536,0.612789,0.714063,0.617225,0.341324,0.663171,0.580622,0.561842,0.542067,0.774702,0.678753,0.596471,0.595995,0.744177,0.790034,0.599429,0.684117,0.489760,0.597459,0.715790,0.858563,0.656589,0.530822,0.704628,0.545966,0.657209,0.514217,0.691887,0.656630,0.755462,0.694372,0.776342,0.744130,0.740623,0.695874,0.756257,0.741252,0.790354,0.743353,0.717740,0.735147,0.708351,0.846596,0.754294,0.505636,0.686231,0.673275,0.551794,0.408788,0.678165,0.717109,0.460522,0.730957,0.671057,0.681827,0.821693,0.832418,0.724653,0.782821,0.747586,0.632884,0.582288,0.701884,0.704672,0.686137,0.689517,0.802808,0.753595,0.648064,0.787741,0.697200,0.626502,0.765300,0.728685,0.614538,0.630493,0.717228,0.735040,0.788500,0.465839,0.751688,0.541218,0.801896,0.557582,0.681114,0.612764
0.569188,0.580253,0.639396,0.658975,0.637676,0.626589,0.588285,0.661835,0.551622,0.601426,0.602499,0.589100,0.541662,0.613948,0.541831,0.537241,0.672024,0.666194,0.638378,0.688205,0.508772,0.690654,0.538747,0.635052,0.614625,0.699813,0.599442,0.636614,0.640704,0.627901,0.646361,0.591011,0.678245,0.594883,0.610791,0.578395,0.616228,0.596287,0.645043,0.651349,0.614445,0.666899,0.714775,0.703684,0.619439,0.623927,0.594307,0.591553,0.561933,0.635628,0.680868,0.688350,0.664489,0.643607,0.650902,0.541958,0.662698,0.651124,0.657060,0.675726,0.597722,0.694933,0.668326,0.664834,0.673646,0.694419,0.656588,0.613018,0.513880,0.689780,0.702125,0.603695,0.595191,0.568755,0.649294,0.594188,0.706511,0.592673,0.650396,0.629311,0.645661,0.665817,0.653940,0.723185,0.666907,0.641596,0.650917,0.710056,0.707954,0.626232,0.591162,0.668172,0.586705,0.673835,0.705745,0.597780,0.634178,0.639405,0.746622,0.598898,0.609465,0.393172,0.623195,0.667366,0.592289,0.638875,0.716507,0.616790,0.635266,0.640196,0.661789,0.652813,0.622768,0.641265,0.673771,0.672815,0.788367,0.597373,0.667735,0.620203,0.618626,0.712123,0.665379,0.700310,0.637400,0.625878,0.689939,0.676508,0.566723,0.671777,0.628415,0.689721,0.596906,0.588753,0.623018,0.689037,0.596432,0.528033,0.659026,0.666095,0.622529,0.737908,0.694716,0.610232,0.716230,0.706613,0.738877,0.635667,0.675278,0.520898,0.667161,0.607907,0.675633,0.649457,0.637995,0.672613,0.660321,0.624072,0.599835,0.542420,0.566010,0.715156,0.670119,0.674010,0.673422,0.711293,0.688703,0.649939,0.643925,0.682406,0.584856,0.587572,0.691633,0.617438,0.566882,0.763030,0.732088,0.641310,0.662716,0.695534,0.718855,0.618070,0.714271,0.719872,0.660141,0.715474,0.646166,0.740705,0.708123,0.669613,0.696290,0.728761,0.635780,0.604980,0.641755,0.654026,0.636977,0.627215,0.735488,0.770760,0.692878,0.710190,0.547415,0.661969,0.683613,0.724417,0.648456,0.656027,0.579633,0.718373,0.704475,0.666340,0.621811,0.717325,0.779768,0.701067,0.682801,0.732309,0.694321,0.721647,0.694402,0.723620,0.669993,0.691872,0.698533,0.627702,0.710969,0.667990,0.631603,0.566814,0.621665,0.601497,0.628739,0.711340,0.708875,0.655271,0.635908,0.769538,0.690691,0.715247,0.661007,0.643427,0.714018,0.528957,0.638096,0.635400,0.736108,0.621415,0.643656,0.703281,0.588064,0.532381,0.649463,0.815916,0.708317,0.674695,0.593345,0.000000,0.582463,0.552128,0.714643,0.661822,0.714826,0.557296,0.625774,0.696491,0.701279,0.715395,0.596746,0.662925,0.691784,0.660110,0.702521,0.698836,0.699973,0.723951,0.657154,0.577067,0.616819,0.712284,0.642859,0.722821,0.661487,0.679331,0.625887,0.687596,0.704743,0.656726,0.673179,0.694871,0.655632,0.622354,0.687851,0.734929,0.638546,0.631957,0.634001,0.503746,0.659089,0.633081,0.617103,0.582494,0.587267,0.652513,0.744483,0.627808,0.445872,0.687266,0.728463,0.652082,0.699595,0.643988,0.658355,0.678536,0.615889,0.740186,0.548466,0.719110,0.647808,0.630506,0.745324,0.625611,0.678583,0.703089,0.637603,0.752693,0.547106,0.679821,0.761104,0.595481,0.665006,0.604482,0.633263,0.714335,0.618087,0.685960,0.700253,0.651198,0.794076,0.758673,0.675127,0.778858,0.753532,0.541380,0.755047,0.677799,0.680947,0.745048,0.658819,0.581915,0.628891,0.732578,0.653013,0.703959,0.624218,0.549888,0.693832,0.730068,0.736553,0.615361,0.663307,0.642331,0.743648,0.687580,0.647742,0.630014,0.716578,0.696855,0.718764,0.653006,0.703581,0.813956,0.774344,0.644654,0.661032,0.644424,0.710812,0.685518,0.733781,0.696998,0.686812,0.687782,0.658586,0.622930,0.740033,0.681980,0.658285,0.663049,0.700029,0.642397,0.720034,0.645804,0.706535,0.723135,0.678973,0.569882,0.608113,0.750480,0.517200,0.656113,0.731462,0.592909,0.761321,0.587739,0.680121,0.725858,0.678569,0.676317,0.698039,0.605760,0.603544,0.710731,0.647618,0.682614,0.763129,0.679252,0.573192,0.704266,0.615338,0.605776,0.729447,0.646124,0.750324,0.602059,0.693045,0.593613,0.537961,0.665848,0.644922,0.724051,0.704353,0.710484,0.595338,0.716034,0.718008,0.756376,0.645749,0.615589,0.696202,0.657464,0.649809,0.674757,0.729532,0.624849,0.785990,0.648790,0.673595,0.752299,0.586968,0.708697,0.729020,0.758936,0.723456,0.683517,0.724948,0.476117,0.728994,0.751983,0.685213,0.603497,0.607730,0.689541,0.611838,0.652817,0.693389,0.677113,0.720189,0.733522,0.679637,0.550026,0.754736,0.767532,0.668691,0.604633,0.699531,0.764770,0.562045,0.561557,0.679094,0.625690,0.729038,0.751970,0.725897,0.498847,0.716449,0.737093,0.621013,0.699847,0.647750,0.553259,0.637059,0.635861,0.659830,0.716521,0.611921,0.644555,0.649971,0.630241,0.653769,0.629050,0.572756
0.569231,0.487511,0.502333,0.580648,0.436768,0.597440,0.686223,0.581651,0.673760,0.574687,0.707442,0.640340,0.653653,0.615311,0.635909,0.511380,0.511732,0.697831,0.483908,0.725626,0.592208,0.596806,0.572292,0.615967,0.580202,0.588899,0.502375,0.539454,0.470276,0.504489,0.807445,0.605291,0.743108,0.682332,0.486157,0.682193,0.562674,0.577286,0.762389,0.490475,0.446812,0.786782,0.756580,0.673066,0.719895,0.601649,0.547478,0.435145,0.539276,0.668188,0.618689,0.851166,0.743766,0.772390,0.584694,0.550107,0.481355,0.540856,0.584254,0.657373,0.651682,0.600400,0.713545,0.736986,0.575808,0.536511,0.477947,0.596980,0.639431,0.824554,0.770988,0.664409,0.701150,0.512729,0.699029,0.791418,0.632881,0.554829,0.479692,0.673681,0.893081,0.577783,0.612513,0.767408,0.491487,0.743557,0.523096,0.522266,0.719839,0.694986,0.709346,0.520580,0.437799,0.516056,0.718006,0.718550,0.773463,0.685408,0.560762,0.596484,0.547960,0.640910,0.482589,0.539602,0.679852,0.493148,0.770621,0.538290,0.495465,0.700718,0.876194,0.472112,0.632587,0.544177,0.483292,0.603468,0.854709,0.746542,0.632912,0.525087,0.539454,0.579479,0.425750,0.675897,0.563140,0.574254,0.590231,0.681486,0.668775,0.613730,0.471725,0.683466,0.697211,0.462730,0.663199,0.497086,0.678135,0.772197,0.799003,0.575308,0.718549,0.750869,0.566860,0.687984,0.553812,0.726514,0.639526,0.578091,0.841227,0.713787,0.498531,0.673803,0.540258,0.473576,0.578990,0.586678,0.653862,0.864167,0.626515,0.664787,0.725654,0.597612,0.520695,0.509054,0.679525,0.713497,0.517534,0.781359,0.524067,0.582028,0.600033,0.497321,0.831928,0.701148,0.631792,0.593356,0.867579,0.636193,0.558098,0.774256,0.647844,0.681114,0.698104,0.598029,0.469466,0.815402,0.691891,0.665975,0.829615,0.670925,0.532735,0.576554,0.738366,0.744275,0.628827,0.488344,0.600253,0.576020,0.791519,0.676210,0.746970,0.803164,0.734790,0.488108,0.877894,0.655684,0.691574,0.514052,0.582481,0.778955,0.851461,0.583855,0.622092,0.659520,0.700838,0.512168,0.599497,0.942678,0.597389,0.739408,0.745785,0.624728,0.688949,0.583847,0.559099,0.585711,0.568758,0.809712,0.568777,0.601541,0.794432,0.728147,0.465853,0.503934,0.597454,0.549115,0.765333,0.681082,0.636588,0.595453,0.513113,0.599315,0.783439,0.566568,0.544193,0.760123,0.723739,0.469000,0.806989,0.618176,0.499091,0.637185,0.674763,0.636401,0.745596,0.518979,0.728795,0.582463,0.000000,0.639990,0.852845,0.763355,0.599344,0.469086,0.784253,0.501870,0.577608,0.614249,0.678047,0.498896,0.704125,0.515159,0.549755,0.746177,0.667385,0.591749,0.708686,0.579146,0.502406,0.492728,0.788379,0.736968,0.624550,0.515672,0.620675,0.602214,0.760901,0.618836,0.607801,0.764555,0.768200,0.579725,0.766682,0.552283,0.616106,0.561135,0.659519,0.719001,0.602452,0.599736,0.565067,0.560874,0.610557,0.593267,0.693373,0.729416,0.617240,0.562091,0.576595,0.782362,0.493396,0.625758,0.572416,0.653644,0.747388,0.713866,0.624154,0.570523,0.509846,0.737194,0.615931,0.811753,0.777324,0.593738,0.808778,0.829374,0.683620,0.532640,0.830455,0.601212,0.790231,0.713419,0.755800,0.511096,0.747195,0.669004,0.795359,0.519808,0.787664,0.576712,0.518324,0.842438,0.680462,0.682302,0.826026,0.769133,0.521362,0.792189,0.541742,0.716184,0.778326,0.798119,0.727564,0.714775,0.649990,0.776916,0.704720,0.528647,0.653548,0.715667,0.763109,0.572263,0.632912,0.610527,0.762376,0.556528,0.727654,0.822170,0.758860,0.702856,0.666460,0.843178,0.587638,0.453087,0.894511,0.606336,0.674706,0.552001,0.586478,0.731900,0.489726,0.707545,0.845427,0.565835,0.610055,0.682490,0.524576,0.689952,0.794110,0.466371,0.643127,0.596943,0.820783,0.544991,0.793585,0.632106,0.529217,0.752512,0.712100,0.600283,0.764034,0.658977,0.559430,0.572008,0.602379,0.743475,0.740654,0.486996,0.816293,0.775951,0.714394,0.802553,0.766352,0.543587,0.678654,0.777067,0.642242,0.662389,0.755948,0.803881,0.827129,0.718055,0.788673,0.749755,0.556229,0.551767,0.780304,0.716408,0.438991,0.847886,0.782908,0.664641,0.816153,0.688500,0.596597,0.760438,0.713308,0.689842,0.739401,0.777312,0.591769,0.769895,0.689770,0.631436,0.661563,0.670639,0.611127,0.631299,0.496795,0.746709,0.599733,0.789109,0.742348,0.646196,0.682988,0.559638,0.626507,0.896428,0.819835,0.800151,0.712381,0.604595,0.658707,0.774843,0.898544,0.744346,0.800508,0.706068,0.754755,0.438959,0.613828,0.807459,0.785755,0.610324,0.610224,0.890691,0.673179,0.553389,0.759701,0.641813,0.734106,0.812156,0.615881,0.586614,0.590945,0.587528,0.633926,0.540162,0.706934,0.519748,0.835762,0.694255,0.614870,0.757631,0.779680,0.552339,0.727888,0.586453,0.631075,0.758714,0.644638
0.569231,0.606212,0.588138,0.655808,0.640496,0.587648,0.626773,0.701227,0.546701,0.562699,0.612613,0.545694,0.642748,0.602214,0.646876,0.673634,0.650328,0.670070,0.641230,0.625912,0.527009,0.742897,0.580180,0.700575,0.639431,0.610140,0.639764,0.689450,0.671490,0.693397,0.726313,0.632084,0.763815,0.715636,0.705543,0.610259,0.593671,0.622812,0.640713,0.667801,0.642367,0.761540,0.785659,0.667578,0.561576,0.601890,0.619922,0.621696,0.671339,0.650168,0.707972,0.719362,0.742141,0.794686,0.545162,0.539614,0.673796,0.674235,0.572672,0.598809,0.700858,0.634383,0.720678,0.778549,0.603413,0.688899,0.601426,0.722309,0.640577,0.648798,0.693736,0.729772,0.611483,0.571664,0.739123,0.694892,0.682199,0.634847,0.667493,0.534978,0.703824,0.689494,0.635818,0.837231,0.712387,0.654573,0.655320,0.676789,0.720912,0.661568,0.672603,0.745007,0.620256,0.668983,0.703204,0.670960,0.761417,0.736360,0.721983,0.617524,0.643115,0.572346,0.688877,0.716900,0.699942,0.645871,0.781443,0.581207,0.730699,0.690451,0.821607,0.647382,0.609276,0.627292,0.700726,0.768006,0.859015,0.608136,0.727620,0.689625,0.607497,0.724603,0.643039,0.673653,0.693398,0.722861,0.662826,0.717604,0.681040,0.659440,0.709825,0.572800,0.660103,0.634920,0.603989,0.678025,0.674724,0.691254,0.760964,0.723264,0.674472,0.845861,0.744458,0.632437,0.770016,0.861515,0.739710,0.597045,0.715651,0.578666,0.727821,0.752046,0.762408,0.655048,0.694326,0.640182,0.689204,0.629077,0.642314,0.631273,0.630846,0.716913,0.703133,0.702813,0.650482,0.772663,0.680996,0.631477,0.701762,0.790426,0.644593,0.708983,0.819306,0.692888,0.692939,0.797943,0.823217,0.725215,0.681483,0.758861,0.785800,0.607023,0.688625,0.694470,0.698618,0.765704,0.761612,0.678686,0.789118,0.647241,0.755816,0.781781,0.697710,0.708461,0.626640,0.665530,0.731856,0.763998,0.718802,0.699548,0.819082,0.751590,0.600138,0.704721,0.790258,0.727129,0.707397,0.742114,0.665304,0.717034,0.784541,0.712527,0.734318,0.734888,0.759518,0.711903,0.703264,0.821505,0.738662,0.831224,0.710483,0.737513,0.775680,0.748704,0.672613,0.678646,0.732838,0.746676,0.706994,0.635980,0.724093,0.691416,0.633009,0.730463,0.711551,0.760020,0.692078,0.794167,0.683704,0.722865,0.722135,0.738896,0.664131,0.687093,0.759447,0.721865,0.785438,0.713041,0.613877,0.745476,0.642244,0.608332,0.614334,0.771229,0.798674,0.717048,0.656390,0.552128,0.639990,0.000000,0.847485,0.730650,0.747924,0.571588,0.638698,0.630865,0.713595,0.832495,0.629079,0.643647,0.749270,0.648190,0.782933,0.676505,0.652130,0.720827,0.762499,0.662566,0.678836,0.669640,0.609534,0.719648,0.582558,0.726302,0.649205,0.759055,0.766346,0.759108,0.741124,0.810988,0.738258,0.687424,0.731028,0.661564,0.759595,0.772984,0.684146,0.610867,0.730162,0.755296,0.675797,0.665140,0.705773,0.670636,0.781473,0.661166,0.608799,0.569158,0.752660,0.675201,0.726001,0.733151,0.702557,0.690810,0.568471,0.860532,0.646629,0.768053,0.678706,0.751658,0.746378,0.593810,0.732412,0.724905,0.624808,0.774962,0.647778,0.723458,0.855107,0.629774,0.708453,0.668588,0.697554,0.683060,0.686671,0.709654,0.856221,0.694365,0.746328,0.712123,0.712183,0.893217,0.714811,0.706508,0.871968,0.756145,0.746182,0.862661,0.663400,0.731316,0.674366,0.778506,0.743462,0.660353,0.743826,0.640194,0.679074,0.788047,0.708538,0.635117,0.563066,0.689076,0.709232,0.701714,0.690579,0.728418,0.717295,0.747607,0.888676,0.732938,0.729641,0.777169,0.730261,0.673088,0.733719,0.691555,0.761098,0.735030,0.736022,0.777901,0.714874,0.773634,0.660182,0.688116,0.760636,0.655212,0.688601,0.544603,0.560098,0.640992,0.569372,0.664987,0.794279,0.776945,0.779081,0.619543,0.646865,0.638563,0.709625,0.764704,0.682143,0.715105,0.746762,0.730525,0.728448,0.782935,0.653501,0.721227,0.699861,0.699262,0.740046,0.655844,0.659675,0.703250,0.780375,0.744221,0.650790,0.713511,0.677702,0.723420,0.722485,0.642229,0.763642,0.629866,0.733668,0.682162,0.714780,0.590866,0.651007,0.878499,0.754861,0.669881,0.695294,0.692820,0.733828,0.820965,0.652441,0.643852,0.789039,0.702233,0.689377,0.637833,0.663788,0.704427,0.770779,0.665284,0.735645,0.753565,0.657354,0.762064,0.729677,0.713761,0.788258,0.841701,0.758130,0.658656,0.788444,0.881334,0.623359,0.559737,0.600151,0.742124,0.565792,0.655193,0.760142,0.770497,0.757026,0.812462,0.621758,0.623397,0.762241,0.851078,0.718463,0.674470,0.744018,0.771995,0.598341,0.734182,0.628075,0.631035,0.770810,0.790900,0.764559,0.576563,0.648468,0.696425,0.735718,0.713891,0.626758,0.561059,0.660730,0.696998,0.660375,0.763595,0.690357,0.738698,0.609076,0.654826,0.619467,0.731196,0.606522
0.569346,0.649068,0.772497,0.751103,0.773229,0.817480,0.805423,0.733521,0.835114,0.812684,0.804072,0.833919,0.452229,0.765596,0.462962,0.674602,0.682887,0.664990,0.676287,0.761145,0.702675,0.562365,0.772142,0.730265,0.760314,0.798741,0.673563,0.546272,0.710393,0.555853,0.430663,0.761317,0.271896,0.488003,0.584410,0.796590,0.738293,0.696912,0.749532,0.741154,0.706432,0.389367,0.508203,0.757697,0.846119,0.739663,0.765410,0.769035,0.628496,0.828773,0.755079,0.376658,0.428062,0.244728,0.785136,0.658598,0.682346,0.762180,0.781190,0.751303,0.401647,0.800624,0.292126,0.589585,0.755355,0.650776,0.789795,0.442303,0.637141,0.545801,0.647140,0.417072,0.848017,0.819289,0.515537,0.582385,0.766197,0.691489,0.764144,0.828952,0.780990,0.814497,0.694761,0.234454,0.757007,0.833375,0.821958,0.751979,0.549508,0.735896,0.734386,0.721229,0.833297,0.690691,0.538272,0.796633,0.544303,0.431167,0.711764,0.811232,0.731392,0.705936,0.738184,0.762976,0.506296,0.768046,0.199556,0.774037,0.644009,0.824275,0.341132,0.750606,0.846872,0.826135,0.661804,0.755414,0.287002,0.806261,0.775348,0.737075,0.755483,0.776036,0.755919,0.731604,0.670501,0.624168,0.801639,0.514062,0.616686,0.805222,0.745521,0.765154,0.750102,0.718328,0.790477,0.748810,0.599057,0.668980,0.594793,0.595578,0.775245,0.357436,0.724795,0.732758,0.769269,0.441739,0.738151,0.659801,0.601933,0.710396,0.745757,0.513166,0.741611,0.761658,0.756502,0.771358,0.765517,0.747078,0.654569,0.762894,0.850643,0.736220,0.775255,0.741324,0.820066,0.481875,0.765974,0.794372,0.772713,0.688644,0.764295,0.676586,0.226597,0.765378,0.484365,0.734223,0.461486,0.764660,0.739203,0.705660,0.748829,0.683343,0.701151,0.751264,0.799564,0.397470,0.407552,0.789626,0.639635,0.800819,0.720385,0.712181,0.569929,0.735313,0.702482,0.701038,0.722436,0.598972,0.769313,0.771288,0.285935,0.288095,0.619035,0.744823,0.327981,0.724340,0.828056,0.673472,0.696735,0.556405,0.276571,0.667652,0.432603,0.718030,0.791480,0.779764,0.684485,0.347345,0.774693,0.408285,0.593230,0.811760,0.429748,0.751701,0.803441,0.744208,0.755234,0.285565,0.665593,0.854644,0.660349,0.656132,0.799304,0.824409,0.823809,0.708206,0.749358,0.805045,0.830302,0.741015,0.730901,0.702075,0.711929,0.710090,0.751338,0.456382,0.496777,0.718464,0.752088,0.743226,0.780675,0.650315,0.746550,0.852673,0.487644,0.774787,0.771967,0.714643,0.852845,0.847485,0.000000,0.490985,0.733209,0.830656,0.464017,0.791346,0.667027,0.779051,0.689676,0.864297,0.727319,0.790915,0.766600,0.815035,0.783849,0.760949,0.623172,0.680063,0.785038,0.744676,0.673285,0.869902,0.779833,0.769109,0.759309,0.731800,0.497315,0.683916,0.728047,0.497122,0.539251,0.841333,0.609098,0.853042,0.781655,0.727443,0.646922,0.847631,0.763706,0.754990,0.745911,0.758189,0.575398,0.810537,0.840345,0.654008,0.670962,0.743307,0.814313,0.814488,0.766547,0.769269,0.684259,0.697004,0.830747,0.546373,0.661807,0.736656,0.690716,0.472383,0.767644,0.768656,0.747668,0.698399,0.795772,0.389640,0.644565,0.739732,0.526200,0.609390,0.836881,0.652980,0.404664,0.742223,0.571098,0.821144,0.289686,0.799254,0.768452,0.818961,0.760076,0.423241,0.797479,0.612274,0.323907,0.735752,0.805815,0.190538,0.763056,0.864226,0.755877,0.370326,0.832436,0.766545,0.542719,0.815468,0.762351,0.722940,0.745145,0.739829,0.809542,0.694496,0.770687,0.829129,0.795175,0.740110,0.812718,0.322940,0.383750,0.498174,0.681432,0.475338,0.778074,0.782823,0.439921,0.844802,0.709493,0.744573,0.782441,0.439419,0.755709,0.757886,0.621739,0.836074,0.784211,0.793949,0.838742,0.632534,0.781740,0.745126,0.849452,0.725276,0.412915,0.734571,0.774116,0.635300,0.766397,0.771075,0.706746,0.716120,0.800900,0.777851,0.759322,0.705697,0.832133,0.730143,0.923694,0.746899,0.736695,0.685654,0.492474,0.760960,0.679168,0.742653,0.814097,0.741821,0.761582,0.770972,0.706387,0.883916,0.681214,0.702893,0.819253,0.692237,0.807131,0.647132,0.740733,0.776895,0.807900,0.338242,0.835007,0.555790,0.597197,0.858170,0.701785,0.421617,0.718668,0.800225,0.497244,0.705584,0.726861,0.728538,0.813747,0.712826,0.703354,0.781370,0.846854,0.833606,0.728341,0.738130,0.755818,0.828014,0.798045,0.633176,0.639924,0.728513,0.680189,0.287899,0.708857,0.744785,0.765888,0.775137,0.822062,0.816581,0.610430,0.761680,0.862396,0.861967,0.630399,0.782227,0.687166,0.403906,0.574767,0.770764,0.778486,0.604034,0.733477,0.814561,0.791468,0.700935,0.732776,0.359825,0.740099,0.679390,0.731342,0.846056,0.690393,0.850330,0.698360,0.900860,0.772981,0.810828,0.696333,0.807340,0.802866,0.648683,0.688654,0.765679,0.793612,0.498908,0.725053
0.569591,0.569776,0.708521,0.655359,0.720086,0.711908,0.752728,0.714231,0.716765,0.658244,0.740130,0.691797,0.314606,0.701595,0.357811,0.623096,0.672031,0.667962,0.708855,0.639853,0.623795,0.705843,0.701683,0.749721,0.731119,0.720453,0.618049,0.596479,0.686872,0.563194,0.612927,0.677798,0.491198,0.504050,0.577066,0.643581,0.603386,0.682724,0.705841,0.699200,0.618489,0.676506,0.589493,0.761116,0.716937,0.621174,0.717257,0.734416,0.626488,0.755814,0.715467,0.563489,0.347237,0.505075,0.717411,0.560734,0.683953,0.728416,0.605013,0.718469,0.432905,0.749755,0.548375,0.632678,0.744544,0.644210,0.716721,0.534293,0.491952,0.661721,0.567491,0.404508,0.771911,0.734255,0.413140,0.506441,0.760382,0.637618,0.718832,0.803326,0.821410,0.834615,0.679222,0.507559,0.758413,0.646880,0.808970,0.749117,0.430946,0.717241,0.600171,0.742727,0.780791,0.706469,0.456780,0.637712,0.482053,0.393222,0.676620,0.701004,0.706288,0.497376,0.730532,0.732070,0.448136,0.682631,0.507017,0.713913,0.639993,0.774008,0.471350,0.695446,0.745941,0.722257,0.688871,0.736227,0.571996,0.738742,0.709112,0.741862,0.647958,0.785641,0.741343,0.620912,0.609075,0.661856,0.823960,0.529999,0.577782,0.690845,0.737095,0.785835,0.721842,0.591872,0.691613,0.748963,0.539680,0.589533,0.609252,0.526137,0.671337,0.495478,0.777457,0.598738,0.775227,0.519544,0.780819,0.531904,0.562685,0.529198,0.756687,0.473955,0.752557,0.725523,0.704270,0.694396,0.734320,0.648775,0.591496,0.593136,0.729233,0.817848,0.660367,0.756602,0.760114,0.483502,0.755378,0.683827,0.750189,0.631127,0.676841,0.659103,0.548656,0.696882,0.479926,0.767022,0.531868,0.771306,0.699473,0.567310,0.709313,0.549761,0.690209,0.737990,0.797085,0.599786,0.410275,0.668745,0.688388,0.714095,0.650507,0.778996,0.479906,0.689699,0.726712,0.771148,0.785157,0.660964,0.772061,0.762170,0.549769,0.495882,0.670064,0.721883,0.490096,0.781113,0.744883,0.610100,0.603201,0.702831,0.502358,0.635801,0.444787,0.644038,0.818006,0.782752,0.649680,0.478853,0.755637,0.576832,0.424374,0.716817,0.412229,0.767071,0.755512,0.714221,0.814538,0.497096,0.574744,0.717221,0.641997,0.646478,0.714374,0.779224,0.757325,0.692819,0.727112,0.714571,0.823722,0.738813,0.763162,0.680390,0.795662,0.621106,0.749531,0.524223,0.737899,0.702608,0.794699,0.764599,0.721889,0.595347,0.596734,0.801365,0.414282,0.800696,0.701333,0.661822,0.763355,0.730650,0.490985,0.000000,0.756309,0.757837,0.524162,0.786476,0.776079,0.791801,0.542421,0.783515,0.781804,0.709717,0.833401,0.739341,0.683162,0.741165,0.683847,0.567388,0.788448,0.801366,0.540229,0.803053,0.660678,0.762266,0.671323,0.767707,0.552306,0.785826,0.742551,0.412203,0.671608,0.802372,0.325308,0.736163,0.797713,0.733129,0.511861,0.730338,0.741612,0.771327,0.704694,0.657434,0.511386,0.828633,0.773029,0.569541,0.536218,0.781382,0.807721,0.743741,0.762612,0.701605,0.683645,0.657825,0.716288,0.608006,0.610363,0.774737,0.712745,0.116921,0.776127,0.613173,0.785936,0.704638,0.652118,0.551619,0.599803,0.753209,0.579954,0.547092,0.771122,0.647619,0.562339,0.817403,0.681661,0.782495,0.501342,0.719823,0.794986,0.809298,0.770317,0.677408,0.857489,0.447271,0.594912,0.527011,0.844018,0.579668,0.818342,0.751436,0.651060,0.573486,0.735065,0.656656,0.644675,0.768730,0.682583,0.761661,0.676146,0.698809,0.669340,0.662780,0.628312,0.802320,0.662654,0.757303,0.703461,0.547526,0.528404,0.457879,0.671596,0.666541,0.788101,0.746224,0.578010,0.744315,0.606194,0.779442,0.777612,0.629149,0.798290,0.811155,0.681428,0.755235,0.775328,0.737734,0.856399,0.663558,0.674018,0.749881,0.667155,0.599125,0.530598,0.769689,0.817588,0.526426,0.782835,0.690590,0.614152,0.722286,0.850078,0.706368,0.808436,0.552852,0.799392,0.818681,0.781314,0.741644,0.779902,0.689881,0.460551,0.761012,0.611778,0.757410,0.837207,0.690952,0.724818,0.852066,0.703432,0.741902,0.721929,0.682015,0.779220,0.633007,0.804025,0.617726,0.652558,0.778825,0.730868,0.547773,0.733979,0.596286,0.677380,0.764903,0.629725,0.596327,0.704573,0.823206,0.537836,0.525427,0.760074,0.642190,0.722088,0.676304,0.649027,0.761362,0.755888,0.828719,0.704364,0.680031,0.818769,0.907206,0.804034,0.662056,0.629393,0.610540,0.780075,0.599301,0.613908,0.674730,0.639909,0.760394,0.715728,0.706900,0.691588,0.594578,0.777726,0.856353,0.547388,0.729977,0.733618,0.645968,0.393602,0.583901,0.777654,0.653684,0.576909,0.593834,0.770943,0.612181,0.661428,0.582049,0.756330,0.603833,0.686015,0.799485,0.637948,0.789272,0.613651,0.740531,0.670598,0.773563,0.591979,0.895608,0.762662,0.626317,0.559876,0.734417,0.654764,0.381695,0.617192
0.569767,0.517877,0.274822,0.471380,0.338872,0.513103,0.636104,0.250858,0.654433,0.442919,0.649719,0.516532,0.660860,0.466437,0.587913,0.397922,0.405600,0.649563,0.337871,0.792744,0.568040,0.480122,0.549720,0.456191,0.461244,0.474441,0.509516,0.397116,0.411176,0.534008,0.701115,0.494455,0.666822,0.710340,0.478418,0.685869,0.601636,0.533533,0.684992,0.465507,0.421090,0.715479,0.722099,0.684025,0.729337,0.690795,0.424853,0.495886,0.393924,0.654702,0.204847,0.774369,0.675907,0.680263,0.399580,0.639390,0.421219,0.402095,0.602408,0.616516,0.597186,0.450123,0.711610,0.711079,0.508769,0.432970,0.314480,0.594504,0.668012,0.698936,0.749244,0.647824,0.642303,0.501242,0.763986,0.761140,0.468792,0.508605,0.373797,0.601304,0.781298,0.410534,0.505015,0.718995,0.366719,0.747608,0.515525,0.340295,0.749533,0.531992,0.696393,0.341371,0.472499,0.344637,0.728583,0.760185,0.727939,0.658570,0.517157,0.656027,0.419183,0.750282,0.407511,0.160352,0.740294,0.439568,0.654119,0.419001,0.379873,0.684081,0.822810,0.347707,0.619585,0.558013,0.208962,0.374243,0.734645,0.811955,0.568094,0.453460,0.497639,0.380468,0.348338,0.706090,0.596672,0.449204,0.420445,0.602878,0.636792,0.521794,0.248018,0.656528,0.665316,0.462561,0.657610,0.351930,0.626919,0.710396,0.794968,0.590304,0.781115,0.709633,0.298578,0.708397,0.315044,0.692696,0.483627,0.709194,0.816571,0.781476,0.291048,0.688335,0.324261,0.344139,0.521017,0.414706,0.554042,0.804155,0.541182,0.706609,0.837925,0.413566,0.457344,0.358979,0.639780,0.646656,0.359538,0.763397,0.407568,0.497366,0.720183,0.443546,0.678690,0.712574,0.696240,0.581841,0.853095,0.608963,0.519977,0.683757,0.578478,0.797728,0.626459,0.289593,0.262887,0.781219,0.645164,0.626993,0.862115,0.732939,0.485709,0.307082,0.805508,0.803344,0.510550,0.336943,0.386744,0.519894,0.856621,0.426005,0.714806,0.728314,0.767989,0.376322,0.816905,0.678247,0.805753,0.529109,0.628163,0.627699,0.770702,0.640830,0.660804,0.697442,0.650708,0.352242,0.523386,0.852436,0.231693,0.612025,0.758785,0.553772,0.667045,0.426506,0.230497,0.434888,0.357697,0.821392,0.599814,0.758086,0.822061,0.643886,0.342670,0.631807,0.548745,0.494213,0.685402,0.590459,0.670575,0.095739,0.357073,0.480631,0.674252,0.607665,0.482809,0.712937,0.748976,0.342601,0.659734,0.462109,0.555234,0.630495,0.628230,0.671315,0.688506,0.403479,0.813815,0.714826,0.599344,0.747924,0.733209,0.756309,0.000000,0.523567,0.785982,0.286148,0.400597,0.540513,0.710218,0.425325,0.641431,0.402192,0.481844,0.759174,0.857026,0.103427,0.760565,0.534149,0.378335,0.316510,0.838213,0.605989,0.724417,0.375232,0.637570,0.213072,0.711332,0.573781,0.450252,0.703118,0.709894,0.792295,0.794001,0.528898,0.549076,0.436622,0.751726,0.837695,0.410471,0.492910,0.494942,0.681260,0.680240,0.569766,0.335225,0.772372,0.634630,0.544578,0.461988,0.771038,0.345925,0.630381,0.447780,0.492090,0.823178,0.685367,0.533126,0.256163,0.463430,0.723618,0.518349,0.843452,0.763452,0.464396,0.823264,0.810580,0.665675,0.361911,0.769328,0.574293,0.644427,0.692416,0.742712,0.374904,0.701652,0.562944,0.722903,0.488677,0.758423,0.397070,0.429211,0.859071,0.651653,0.675593,0.733555,0.799690,0.456074,0.700318,0.463148,0.909120,0.820539,0.771441,0.736918,0.717410,0.644829,0.826664,0.838780,0.545129,0.588854,0.824655,0.804958,0.596070,0.616626,0.576253,0.761956,0.404564,0.817521,0.661082,0.749140,0.768776,0.652839,0.681690,0.407443,0.267030,0.876067,0.711570,0.702235,0.417218,0.128500,0.691042,0.363290,0.540274,0.763676,0.607751,0.290411,0.688604,0.454205,0.598084,0.813864,0.352662,0.770330,0.564873,0.788851,0.348351,0.634767,0.613319,0.367021,0.722175,0.669971,0.432910,0.796632,0.709038,0.374736,0.656842,0.377740,0.816720,0.762977,0.363785,0.745530,0.770860,0.739282,0.776827,0.787922,0.109230,0.679320,0.730525,0.618190,0.581788,0.736998,0.839374,0.779114,0.678612,0.849750,0.767572,0.301970,0.470293,0.801874,0.721632,0.387772,0.783626,0.653232,0.608169,0.893792,0.780461,0.557168,0.696497,0.831472,0.681625,0.724546,0.792346,0.658100,0.796518,0.697088,0.737352,0.731145,0.689021,0.656098,0.341534,0.564878,0.665105,0.400268,0.728261,0.723539,0.685013,0.646377,0.656080,0.572731,0.812881,0.720809,0.854992,0.748194,0.441589,0.655972,0.739525,0.878710,0.724042,0.799215,0.704145,0.806851,0.515243,0.571469,0.723239,0.755435,0.674761,0.529088,0.854901,0.694568,0.707461,0.763622,0.691044,0.710211,0.785397,0.686267,0.663081,0.465692,0.600250,0.620758,0.343673,0.654893,0.617190,0.798083,0.705595,0.663670,0.651078,0.860722,0.500645,0.759602,0.460127,0.647135,0.737489,0.673858
0.569795,0.461007,0.402434,0.616570,0.303100,0.426612,0.556485,0.562006,0.573852,0.387589,0.579883,0.404771,0.650940,0.533158,0.614930,0.523745,0.487677,0.566568,0.469729,0.721484,0.486686,0.531051,0.440669,0.492518,0.505112,0.397845,0.514479,0.552514,0.517765,0.497406,0.718192,0.554840,0.759441,0.703766,0.546268,0.559880,0.519469,0.452268,0.624069,0.367710,0.442714,0.728799,0.739665,0.711418,0.594649,0.644310,0.407354,0.373591,0.522078,0.548165,0.559710,0.747328,0.702907,0.782367,0.389046,0.598334,0.503707,0.488244,0.604223,0.608152,0.651206,0.529304,0.777440,0.663389,0.488272,0.519315,0.474832,0.626193,0.498026,0.717620,0.722657,0.638948,0.516548,0.089240,0.692394,0.642223,0.495517,0.546114,0.329300,0.510705,0.768354,0.399785,0.599753,0.735156,0.466599,0.603215,0.398584,0.473770,0.683430,0.564433,0.569186,0.474784,0.224622,0.493784,0.790628,0.602387,0.783964,0.689072,0.624970,0.434648,0.458654,0.628301,0.376159,0.431027,0.743619,0.260041,0.764264,0.299158,0.537802,0.608923,0.795193,0.499321,0.473770,0.341047,0.445559,0.647017,0.840149,0.624387,0.512117,0.432669,0.445049,0.567792,0.436453,0.666595,0.520266,0.577824,0.442076,0.634270,0.552565,0.483165,0.480902,0.505486,0.622040,0.359766,0.562685,0.443182,0.635089,0.667167,0.686892,0.572800,0.612720,0.784312,0.516298,0.537488,0.595960,0.781542,0.470204,0.585946,0.820958,0.717434,0.500251,0.722798,0.545134,0.495932,0.549126,0.497100,0.480524,0.741105,0.559498,0.573044,0.740565,0.540591,0.518835,0.535074,0.638577,0.709811,0.507109,0.698555,0.485942,0.640091,0.630567,0.554019,0.819513,0.619790,0.660843,0.611796,0.831899,0.698023,0.602762,0.664458,0.681499,0.677819,0.510587,0.560382,0.471438,0.707872,0.620657,0.566794,0.850425,0.628064,0.527425,0.504500,0.748413,0.689200,0.479513,0.437476,0.503803,0.607123,0.772435,0.684938,0.780816,0.746777,0.692665,0.474069,0.778148,0.647558,0.722650,0.556916,0.604178,0.726045,0.821920,0.672553,0.664314,0.709384,0.569214,0.537593,0.677550,0.842334,0.527386,0.797815,0.737290,0.694395,0.663684,0.592397,0.468578,0.492846,0.544296,0.809766,0.661030,0.541677,0.694407,0.644842,0.408796,0.549704,0.629094,0.531052,0.635470,0.716194,0.536970,0.547624,0.507746,0.616342,0.717769,0.422886,0.503847,0.723604,0.644911,0.521796,0.645030,0.544898,0.431289,0.526500,0.444935,0.637407,0.720265,0.565696,0.721827,0.557296,0.469086,0.571588,0.830656,0.757837,0.523567,0.000000,0.737716,0.376037,0.490748,0.568827,0.610288,0.377951,0.564021,0.408370,0.641253,0.716211,0.758286,0.529561,0.692624,0.491266,0.485782,0.387831,0.734512,0.690776,0.728686,0.525195,0.555490,0.514872,0.752048,0.472706,0.636883,0.720610,0.634411,0.600696,0.818103,0.509113,0.573559,0.508039,0.618642,0.703239,0.649770,0.606206,0.529336,0.532665,0.569778,0.470506,0.655869,0.709580,0.531910,0.501089,0.587920,0.722672,0.547511,0.479128,0.609990,0.614899,0.680632,0.801261,0.635670,0.498317,0.538876,0.724544,0.676152,0.687446,0.637955,0.528651,0.668843,0.826832,0.615850,0.467250,0.765697,0.590591,0.752327,0.730212,0.748568,0.495368,0.654380,0.638843,0.841565,0.387616,0.792520,0.610405,0.595582,0.817686,0.750104,0.642712,0.865723,0.679096,0.339358,0.810332,0.561029,0.712956,0.768865,0.812718,0.695291,0.521554,0.683558,0.649970,0.667263,0.504762,0.627611,0.633219,0.596275,0.571790,0.716215,0.436551,0.661733,0.570537,0.718830,0.765396,0.811313,0.696087,0.772170,0.788265,0.584064,0.482005,0.787715,0.564719,0.653145,0.524651,0.554339,0.732942,0.495024,0.621437,0.765452,0.379981,0.606209,0.645684,0.460003,0.639750,0.750982,0.421137,0.575952,0.357460,0.853411,0.452557,0.728460,0.617039,0.471767,0.565378,0.545029,0.619849,0.695316,0.506258,0.557604,0.509400,0.514499,0.762358,0.532142,0.514238,0.632289,0.722949,0.669363,0.735240,0.766457,0.467843,0.604469,0.697030,0.568250,0.644104,0.758026,0.812650,0.700194,0.639150,0.835059,0.671783,0.554595,0.500980,0.660362,0.709841,0.432540,0.874266,0.769341,0.772246,0.772698,0.611019,0.568814,0.775824,0.638465,0.514422,0.781243,0.716692,0.615667,0.757205,0.642990,0.589309,0.741884,0.727827,0.637139,0.688438,0.512754,0.725457,0.590098,0.753153,0.630771,0.502713,0.691304,0.508774,0.725275,0.906404,0.771976,0.780919,0.571523,0.647144,0.611985,0.726110,0.856125,0.589218,0.778720,0.643995,0.777556,0.473680,0.677862,0.821666,0.735779,0.626919,0.561458,0.870658,0.533844,0.553362,0.691332,0.697310,0.691492,0.798424,0.624181,0.600518,0.552116,0.611563,0.654520,0.578274,0.764603,0.555184,0.674081,0.716817,0.689629,0.610045,0.743456,0.596605,0.720904,0.560180,0.578052,0.737517,0.650961
0.570178,0.630842,0.655349,0.703803,0.673270,0.681837,0.655268,0.731206,0.699565,0.706868,0.647854,0.709893,0.453226,0.725105,0.507037,0.657641,0.714817,0.666736,0.709337,0.588864,0.574259,0.729238,0.671370,0.784996,0.706164,0.733479,0.629900,0.624953,0.749352,0.600675,0.600506,0.687640,0.530205,0.541093,0.629223,0.675026,0.668731,0.628747,0.694130,0.705060,0.693461,0.587653,0.644611,0.649038,0.682254,0.698076,0.682260,0.744463,0.652089,0.726199,0.720395,0.521359,0.554746,0.579542,0.753995,0.682100,0.742432,0.763344,0.711613,0.662260,0.517213,0.771153,0.469606,0.535104,0.738847,0.676692,0.725177,0.595762,0.643733,0.521435,0.575531,0.511080,0.706058,0.739177,0.534709,0.639278,0.735305,0.708865,0.787128,0.704093,0.735299,0.825874,0.680732,0.567515,0.740928,0.696378,0.792335,0.778056,0.650341,0.644341,0.724835,0.754291,0.757699,0.720289,0.610612,0.662989,0.540376,0.530219,0.702639,0.723974,0.689741,0.620528,0.756949,0.751676,0.482973,0.733022,0.550520,0.743225,0.702890,0.738189,0.506643,0.706771,0.677610,0.674555,0.709663,0.709986,0.623487,0.708377,0.728089,0.720374,0.661048,0.777323,0.754371,0.711203,0.713393,0.644566,0.738678,0.637835,0.590831,0.797098,0.786908,0.626093,0.649480,0.665508,0.739217,0.756243,0.668378,0.640204,0.584167,0.653002,0.714472,0.581563,0.762813,0.649946,0.763455,0.657097,0.750337,0.645586,0.560331,0.674067,0.757201,0.507197,0.772329,0.718264,0.786606,0.739392,0.797391,0.627862,0.676183,0.615534,0.603446,0.702890,0.762800,0.743402,0.671672,0.646944,0.771043,0.749955,0.799026,0.716241,0.679511,0.715108,0.566574,0.619476,0.534473,0.633187,0.539323,0.703517,0.766177,0.678279,0.817602,0.662428,0.690241,0.753607,0.720488,0.538942,0.585861,0.681216,0.657665,0.639272,0.804367,0.765180,0.596990,0.637858,0.648787,0.746953,0.810291,0.604540,0.606798,0.744179,0.575587,0.527244,0.574908,0.730581,0.465389,0.722509,0.688366,0.753573,0.655742,0.577157,0.561398,0.684327,0.538712,0.742818,0.800369,0.784722,0.712713,0.537924,0.786872,0.599183,0.587955,0.803260,0.567046,0.709502,0.764086,0.714174,0.781152,0.463885,0.614006,0.714746,0.631402,0.622924,0.741150,0.691722,0.821742,0.791253,0.719060,0.845275,0.787770,0.744328,0.748360,0.742865,0.742920,0.721250,0.767926,0.565562,0.668817,0.733513,0.680630,0.788516,0.655408,0.601279,0.689947,0.779232,0.579267,0.742598,0.541011,0.625774,0.784253,0.638698,0.464017,0.524162,0.785982,0.737716,0.000000,0.764818,0.773050,0.842414,0.680008,0.766008,0.750831,0.758703,0.774626,0.690596,0.634190,0.774627,0.654620,0.674339,0.758662,0.762645,0.558713,0.851087,0.781687,0.746571,0.702377,0.795581,0.649378,0.753094,0.757401,0.562750,0.698830,0.802338,0.569593,0.762157,0.757689,0.738293,0.712612,0.654898,0.750626,0.761959,0.755951,0.682631,0.631827,0.743752,0.834113,0.701794,0.583365,0.714533,0.749958,0.676336,0.744982,0.761694,0.720122,0.683112,0.672447,0.676342,0.618900,0.770947,0.753674,0.593895,0.761779,0.646375,0.727652,0.723869,0.670876,0.532793,0.698226,0.769878,0.637031,0.625237,0.776151,0.556119,0.519235,0.760123,0.678964,0.778968,0.583249,0.791437,0.701516,0.766289,0.670845,0.599617,0.737378,0.572599,0.636740,0.577100,0.834411,0.572610,0.742993,0.686485,0.617796,0.482456,0.734593,0.683937,0.557139,0.617625,0.629604,0.638831,0.740751,0.565421,0.628204,0.736209,0.718509,0.803305,0.721174,0.758789,0.662392,0.615896,0.655279,0.541879,0.678494,0.655290,0.785451,0.767498,0.506302,0.791306,0.632651,0.767565,0.788172,0.602801,0.778343,0.778265,0.628514,0.690752,0.747158,0.729557,0.810400,0.674046,0.753098,0.771588,0.757342,0.729140,0.508366,0.750714,0.731319,0.657661,0.676072,0.704788,0.721331,0.739441,0.753380,0.743739,0.781462,0.750733,0.753033,0.740985,0.771115,0.716136,0.691753,0.519905,0.546079,0.577589,0.610842,0.741881,0.770160,0.725529,0.684122,0.644382,0.548059,0.666113,0.653341,0.605247,0.657761,0.594321,0.790546,0.662845,0.667958,0.726995,0.775316,0.573965,0.761526,0.620870,0.495904,0.706597,0.725851,0.622294,0.566455,0.705075,0.520039,0.602584,0.687139,0.531896,0.719911,0.625724,0.699274,0.745976,0.771219,0.808268,0.750776,0.678984,0.742402,0.772834,0.843153,0.640176,0.714000,0.675625,0.755289,0.581611,0.730439,0.588344,0.649959,0.741148,0.681748,0.710272,0.623401,0.704000,0.702394,0.837596,0.593255,0.751462,0.724277,0.634020,0.633045,0.714033,0.819706,0.577448,0.562683,0.752825,0.745657,0.720237,0.728319,0.606073,0.687689,0.629998,0.732196,0.685895,0.678507,0.777044,0.694744,0.714288,0.693542,0.794591,0.695029,0.840733,0.682758,0.715794,0.594121,0.780203,0.722714,0.606201,0.725832
0.570247,0.478832,0.317307,0.540584,0.323968,0.442129,0.573763,0.325364,0.586833,0.378411,0.612984,0.451940,0.648859,0.434029,0.581174,0.335142,0.296026,0.615699,0.278840,0.774263,0.502005,0.402768,0.485251,0.393171,0.388098,0.407248,0.483229,0.367230,0.357736,0.483180,0.749087,0.451997,0.661107,0.692760,0.417542,0.600107,0.534626,0.433723,0.618407,0.363772,0.332366,0.698695,0.670482,0.677248,0.692321,0.617640,0.354946,0.416346,0.414990,0.555661,0.392875,0.751934,0.671146,0.733442,0.324345,0.536410,0.407803,0.341288,0.548973,0.555652,0.609445,0.450009,0.679659,0.645574,0.437734,0.353689,0.291855,0.589479,0.595951,0.716150,0.727466,0.679199,0.533338,0.371220,0.777365,0.737872,0.425567,0.417474,0.281604,0.429518,0.804506,0.311530,0.484909,0.705824,0.308201,0.678063,0.451491,0.309587,0.721865,0.507417,0.635607,0.331712,0.374835,0.338361,0.773268,0.666902,0.806334,0.688549,0.545006,0.528156,0.384071,0.699709,0.322841,0.294818,0.727435,0.339798,0.712959,0.324776,0.380492,0.594037,0.842889,0.338922,0.498292,0.462068,0.280184,0.376494,0.746574,0.658971,0.473461,0.353297,0.415368,0.351195,0.228922,0.644924,0.489074,0.431374,0.379992,0.526884,0.666706,0.418545,0.259582,0.611600,0.586724,0.353954,0.582064,0.300863,0.562226,0.687634,0.705625,0.538793,0.691648,0.787970,0.294715,0.594151,0.418372,0.726882,0.400801,0.595362,0.818253,0.739300,0.285543,0.691540,0.303055,0.284975,0.505486,0.327512,0.459049,0.817184,0.506224,0.643760,0.749656,0.406660,0.488205,0.327545,0.565592,0.630447,0.329817,0.724879,0.338342,0.537184,0.687058,0.410406,0.737408,0.603211,0.642585,0.572549,0.844101,0.577969,0.477090,0.644355,0.579870,0.700331,0.590936,0.401591,0.293870,0.740214,0.626608,0.614023,0.888566,0.671062,0.410944,0.338933,0.820717,0.779852,0.500652,0.241430,0.308017,0.484946,0.825681,0.517041,0.699889,0.687241,0.738007,0.319280,0.776680,0.605059,0.688681,0.488480,0.580037,0.723148,0.733332,0.591057,0.642381,0.635534,0.618650,0.335092,0.547479,0.880477,0.350465,0.645971,0.780652,0.530766,0.664240,0.385042,0.295420,0.409601,0.334211,0.798790,0.561304,0.590634,0.765769,0.632025,0.293342,0.572002,0.584255,0.402462,0.609146,0.669943,0.617351,0.331155,0.289655,0.451775,0.654632,0.527845,0.426267,0.759936,0.659437,0.334726,0.658584,0.406467,0.491320,0.591381,0.601924,0.630845,0.666608,0.371929,0.716309,0.696491,0.501870,0.630865,0.791346,0.786476,0.286148,0.376037,0.764818,0.000000,0.342069,0.517285,0.681792,0.332758,0.520327,0.273346,0.472291,0.728921,0.756457,0.309267,0.683626,0.494089,0.385618,0.221079,0.782264,0.552579,0.678267,0.334501,0.545645,0.269464,0.765972,0.436974,0.431597,0.739291,0.716925,0.736765,0.809430,0.439750,0.540220,0.380494,0.692052,0.747123,0.461803,0.447227,0.452759,0.608100,0.615995,0.458921,0.488438,0.704011,0.611095,0.488338,0.375739,0.750552,0.367813,0.511683,0.420425,0.487890,0.720031,0.715150,0.528332,0.308506,0.356044,0.721668,0.506114,0.777163,0.693358,0.412622,0.714278,0.792608,0.563739,0.325734,0.797782,0.561482,0.668681,0.679296,0.794994,0.280367,0.675035,0.565975,0.796972,0.388987,0.753071,0.408576,0.422186,0.849904,0.586258,0.632255,0.770824,0.752818,0.330228,0.710837,0.378114,0.833462,0.849269,0.787172,0.642322,0.662727,0.629452,0.769343,0.780168,0.498749,0.560770,0.749913,0.754495,0.483160,0.637524,0.460151,0.638036,0.317075,0.745920,0.682381,0.804442,0.723880,0.664423,0.757302,0.397113,0.296484,0.863402,0.630351,0.723212,0.336666,0.260063,0.722090,0.320529,0.455022,0.762857,0.464491,0.475858,0.624015,0.417523,0.496500,0.790526,0.303668,0.654360,0.511452,0.801366,0.339561,0.599864,0.581129,0.339016,0.672473,0.625369,0.417507,0.761959,0.609480,0.346882,0.512444,0.337225,0.803036,0.639741,0.331626,0.695972,0.742283,0.728761,0.806769,0.793674,0.289447,0.604775,0.660340,0.570389,0.555859,0.751930,0.831648,0.740648,0.649179,0.848133,0.696988,0.298397,0.395557,0.771430,0.621738,0.319684,0.825606,0.683048,0.655626,0.853876,0.754465,0.469832,0.742333,0.741175,0.625048,0.714989,0.759328,0.578644,0.786866,0.612337,0.632519,0.700720,0.714484,0.616884,0.496311,0.435279,0.718542,0.412968,0.725528,0.667901,0.575096,0.673334,0.590676,0.553656,0.880122,0.749073,0.784047,0.612305,0.422995,0.596031,0.717686,0.855486,0.661138,0.773347,0.650753,0.742011,0.386975,0.595776,0.791500,0.754442,0.608368,0.459210,0.863254,0.667733,0.636871,0.656131,0.600320,0.696321,0.774435,0.577064,0.583824,0.442147,0.548645,0.533950,0.415017,0.697755,0.551997,0.768240,0.691821,0.648981,0.489043,0.793412,0.468930,0.748507,0.459114,0.533677,0.736557,0.566149
0.570316,0.499789,0.373141,0.590068,0.372667,0.489716,0.589677,0.327943,0.700771,0.426968,0.617550,0.462175,0.630468,0.384532,0.594499,0.390987,0.358835,0.503641,0.350920,0.775156,0.599692,0.354118,0.578452,0.359781,0.466368,0.378227,0.547995,0.335546,0.361115,0.438988,0.675640,0.467556,0.527546,0.665525,0.369577,0.638205,0.568639,0.480364,0.615805,0.340630,0.398575,0.617538,0.664018,0.670848,0.774189,0.696670,0.448686,0.482127,0.454296,0.596861,0.477901,0.662661,0.641715,0.611193,0.294152,0.626139,0.389753,0.345603,0.569879,0.545320,0.567705,0.476731,0.572556,0.653249,0.450239,0.405498,0.352704,0.483487,0.694205,0.645922,0.760629,0.635742,0.621921,0.458834,0.729451,0.752212,0.381936,0.381653,0.341421,0.594745,0.735885,0.307137,0.535472,0.591964,0.357511,0.686365,0.429047,0.260679,0.776908,0.569285,0.615960,0.329055,0.393464,0.386958,0.711504,0.680585,0.699408,0.643043,0.585536,0.638359,0.373060,0.771114,0.304348,0.396101,0.651498,0.329377,0.549634,0.320726,0.370708,0.609995,0.704437,0.406558,0.615486,0.526603,0.357643,0.428466,0.623212,0.802591,0.430130,0.422399,0.412606,0.371591,0.347995,0.740457,0.536015,0.399112,0.351601,0.527682,0.598267,0.502824,0.378473,0.595406,0.583337,0.402085,0.688889,0.272208,0.555997,0.679805,0.668131,0.566736,0.719796,0.629666,0.183134,0.692072,0.464282,0.677787,0.359952,0.665644,0.848175,0.818251,0.266666,0.658021,0.354220,0.384822,0.534825,0.454276,0.489001,0.789665,0.501872,0.622636,0.857561,0.367980,0.561911,0.306310,0.579088,0.601013,0.342318,0.784691,0.342003,0.513092,0.685596,0.485822,0.606504,0.555742,0.616316,0.529829,0.766935,0.601188,0.547953,0.688121,0.513991,0.755548,0.546419,0.492389,0.396666,0.673277,0.629442,0.538738,0.769076,0.683042,0.499051,0.263132,0.774127,0.791056,0.525419,0.338797,0.386971,0.496833,0.751734,0.540867,0.551526,0.608184,0.740630,0.313766,0.734268,0.581600,0.848534,0.545357,0.651445,0.618479,0.656656,0.537863,0.625995,0.560495,0.564743,0.296478,0.540968,0.774726,0.451403,0.563440,0.755629,0.608030,0.665715,0.416119,0.344522,0.373407,0.261869,0.701496,0.536575,0.677835,0.752054,0.657286,0.390867,0.560314,0.555625,0.477750,0.648591,0.679215,0.601737,0.422140,0.276228,0.512759,0.721194,0.628016,0.466583,0.682789,0.630217,0.388777,0.687130,0.405102,0.553072,0.586637,0.588437,0.563713,0.684984,0.421640,0.786350,0.701279,0.577608,0.713595,0.667027,0.776079,0.400597,0.490748,0.773050,0.342069,0.000000,0.457023,0.730814,0.425517,0.479984,0.410268,0.486221,0.748328,0.819725,0.392133,0.607863,0.488978,0.422172,0.267577,0.825203,0.568169,0.698275,0.281469,0.619875,0.367625,0.694621,0.463422,0.425089,0.709474,0.688198,0.700479,0.821744,0.502404,0.618894,0.454984,0.736771,0.830381,0.493374,0.504312,0.511875,0.703931,0.625223,0.532005,0.492264,0.733825,0.615833,0.535691,0.443579,0.780469,0.385886,0.562708,0.427549,0.542769,0.809189,0.652058,0.603679,0.277713,0.396443,0.720890,0.562208,0.858018,0.662478,0.487840,0.834975,0.674980,0.655137,0.365085,0.718473,0.594891,0.705979,0.710882,0.638766,0.254284,0.653047,0.614012,0.664833,0.424582,0.851838,0.475993,0.458199,0.722137,0.627471,0.684394,0.631156,0.792597,0.340722,0.601289,0.489087,0.877630,0.844483,0.611542,0.756665,0.642333,0.611278,0.822777,0.847229,0.492573,0.600314,0.837872,0.725714,0.514568,0.704930,0.509650,0.753132,0.394246,0.824935,0.578676,0.650486,0.717396,0.610491,0.595141,0.408493,0.385288,0.775571,0.724111,0.728654,0.340222,0.343943,0.630402,0.270826,0.477133,0.760349,0.586223,0.535850,0.645743,0.450032,0.687109,0.744663,0.322555,0.691397,0.529975,0.792293,0.275723,0.630572,0.685118,0.434497,0.639974,0.668145,0.467915,0.772550,0.645201,0.351045,0.683334,0.413048,0.740371,0.682845,0.377706,0.629148,0.777840,0.724338,0.778497,0.812793,0.378891,0.565444,0.748693,0.649530,0.500376,0.758984,0.879478,0.676553,0.728851,0.907769,0.658821,0.372526,0.383283,0.822077,0.743787,0.360382,0.718737,0.757981,0.615187,0.820252,0.723256,0.519289,0.626192,0.814924,0.656835,0.668989,0.870873,0.608444,0.753391,0.654911,0.642596,0.739189,0.704168,0.685874,0.552616,0.493467,0.693668,0.409873,0.738676,0.639864,0.567689,0.647683,0.691245,0.524590,0.736484,0.746627,0.845976,0.746981,0.450296,0.624539,0.768544,0.747668,0.729431,0.852492,0.696395,0.800561,0.455722,0.579318,0.648698,0.772122,0.710701,0.454112,0.814857,0.660832,0.693044,0.651383,0.633241,0.743689,0.744472,0.616301,0.666601,0.396510,0.633038,0.565884,0.472672,0.764527,0.713541,0.804766,0.679901,0.735721,0.553605,0.831121,0.473355,0.807067,0.475278,0.601431,0.738921,0.675521
0.570367,0.522687,0.482598,0.629969,0.416254,0.654248,0.732809,0.520642,0.735939,0.587488,0.753181,0.533759,0.682305,0.560749,0.646020,0.480008,0.464650,0.674506,0.484148,0.871835,0.626653,0.340373,0.610417,0.511511,0.592050,0.503296,0.610865,0.506595,0.506206,0.544348,0.722280,0.434811,0.677932,0.732405,0.457288,0.772289,0.622327,0.562222,0.754437,0.486007,0.524136,0.767302,0.740326,0.705690,0.796122,0.557821,0.546468,0.501332,0.506788,0.711225,0.580749,0.822058,0.737599,0.691579,0.536192,0.634773,0.476762,0.507760,0.631844,0.662425,0.693724,0.578996,0.724978,0.785567,0.586335,0.526711,0.492901,0.647332,0.743765,0.770588,0.734394,0.697868,0.747514,0.611462,0.774771,0.794114,0.596282,0.542528,0.557001,0.745428,0.757778,0.491590,0.605822,0.685062,0.404809,0.806695,0.582059,0.428740,0.774548,0.717816,0.768223,0.511406,0.524032,0.504029,0.700758,0.810988,0.756010,0.731219,0.600285,0.644586,0.451241,0.737743,0.442795,0.525405,0.708625,0.445973,0.731508,0.498220,0.393015,0.728704,0.757166,0.486760,0.695634,0.636099,0.478887,0.550657,0.718655,0.800344,0.600163,0.530878,0.589973,0.440105,0.485768,0.726832,0.614424,0.555220,0.499179,0.652750,0.651843,0.566584,0.477506,0.766127,0.732214,0.533383,0.754668,0.425882,0.710816,0.756078,0.788577,0.670869,0.789705,0.688238,0.436164,0.770910,0.602757,0.644045,0.539280,0.675277,0.868095,0.820118,0.409738,0.699947,0.497901,0.442322,0.638559,0.487469,0.638196,0.892418,0.535211,0.749995,0.807766,0.558409,0.581612,0.475682,0.757853,0.719734,0.471794,0.879866,0.499571,0.520981,0.682590,0.585850,0.752423,0.703811,0.732299,0.744287,0.850498,0.577312,0.589332,0.741111,0.225785,0.789207,0.728163,0.602571,0.417080,0.815904,0.678934,0.679323,0.879385,0.776698,0.553434,0.483013,0.825249,0.912120,0.669022,0.455980,0.511712,0.538034,0.914186,0.614488,0.707140,0.738964,0.755467,0.429962,0.808800,0.756831,0.791141,0.581274,0.653248,0.707329,0.764488,0.571308,0.654406,0.698877,0.592510,0.412849,0.481990,0.850000,0.611970,0.731645,0.793836,0.664857,0.707920,0.532913,0.543866,0.403351,0.466997,0.808195,0.643101,0.631507,0.891840,0.688548,0.451389,0.558183,0.639608,0.591303,0.806352,0.666297,0.566066,0.550538,0.484502,0.484833,0.690307,0.658486,0.539084,0.631892,0.751791,0.500779,0.673130,0.542201,0.570593,0.555579,0.729490,0.717362,0.762574,0.479460,0.746598,0.715395,0.614249,0.832495,0.779051,0.791801,0.540513,0.568827,0.842414,0.517285,0.457023,0.000000,0.684964,0.408948,0.705916,0.476067,0.585113,0.756229,0.772857,0.563939,0.767470,0.493095,0.455631,0.485423,0.874790,0.573682,0.695855,0.447446,0.688366,0.530668,0.694728,0.609832,0.581185,0.752175,0.749041,0.805294,0.800384,0.533813,0.686131,0.487114,0.725704,0.811034,0.604782,0.524877,0.489753,0.686330,0.719200,0.654042,0.531865,0.812066,0.649630,0.613577,0.497991,0.835809,0.515533,0.677172,0.557590,0.629141,0.790850,0.701283,0.681698,0.492342,0.522233,0.727931,0.586319,0.844681,0.829930,0.541962,0.844889,0.798766,0.628423,0.512762,0.814774,0.680712,0.681685,0.778538,0.742587,0.438138,0.802507,0.701363,0.753188,0.492442,0.801124,0.529864,0.583984,0.889153,0.667949,0.734151,0.750430,0.869909,0.493019,0.748003,0.542926,0.862655,0.907531,0.788577,0.847078,0.741681,0.719647,0.853531,0.791953,0.671494,0.643908,0.824086,0.752912,0.582725,0.671338,0.644818,0.860863,0.556163,0.741994,0.739935,0.758251,0.839403,0.687044,0.740266,0.463968,0.419427,0.836214,0.717035,0.698976,0.479014,0.521341,0.721688,0.436851,0.672599,0.796796,0.635519,0.673625,0.748138,0.473226,0.742524,0.805450,0.430273,0.812871,0.648129,0.863330,0.465738,0.762741,0.750083,0.463077,0.765111,0.708381,0.624339,0.765376,0.736131,0.517631,0.713363,0.490440,0.900606,0.743457,0.495597,0.864184,0.851583,0.729908,0.832165,0.786652,0.538030,0.630909,0.770674,0.740071,0.676978,0.853247,0.876218,0.867643,0.677730,0.821962,0.828074,0.499691,0.523537,0.871883,0.719069,0.508407,0.821896,0.697571,0.663862,0.849725,0.779809,0.557397,0.780074,0.858943,0.727559,0.724422,0.833013,0.595603,0.848041,0.639902,0.723376,0.792059,0.667612,0.792597,0.581861,0.569576,0.732210,0.575964,0.816506,0.779070,0.716384,0.596703,0.673893,0.594150,0.795618,0.850760,0.920949,0.743315,0.504297,0.657956,0.855450,0.946002,0.724067,0.826508,0.651091,0.880830,0.528588,0.646771,0.780942,0.802933,0.773736,0.411167,0.870907,0.751251,0.738085,0.697251,0.654830,0.677105,0.763728,0.759982,0.712998,0.575680,0.612828,0.574644,0.579659,0.836688,0.712045,0.839690,0.726427,0.701958,0.677945,0.862450,0.532556,0.835455,0.565403,0.644562,0.773430,0.643338
0.570486,0.539392,0.681841,0.674106,0.617270,0.714544,0.717009,0.698858,0.657036,0.652007,0.721103,0.611572,0.530545,0.723137,0.516772,0.649529,0.644543,0.723768,0.602334,0.573054,0.561126,0.688157,0.599749,0.734928,0.703714,0.699891,0.457770,0.641544,0.622843,0.536899,0.647032,0.585156,0.662501,0.562364,0.557002,0.749020,0.620866,0.691814,0.748095,0.743953,0.519096,0.747809,0.644223,0.657109,0.745442,0.445832,0.643005,0.537562,0.539617,0.780966,0.700204,0.701533,0.545696,0.695455,0.645923,0.409359,0.612221,0.690898,0.664385,0.632844,0.562750,0.610721,0.679432,0.712954,0.724352,0.635717,0.616945,0.614222,0.571452,0.702885,0.643255,0.552747,0.737463,0.667193,0.458215,0.592832,0.742980,0.622173,0.693610,0.785352,0.810012,0.794015,0.641493,0.675607,0.609074,0.771990,0.758800,0.635024,0.439652,0.719861,0.682318,0.647403,0.648544,0.617288,0.563130,0.762978,0.606632,0.529149,0.722814,0.615332,0.532480,0.353767,0.667032,0.682883,0.572488,0.585723,0.650021,0.588055,0.554620,0.757094,0.735836,0.574110,0.770217,0.707354,0.626371,0.716966,0.743220,0.574512,0.793280,0.654104,0.695605,0.672431,0.598190,0.623546,0.656025,0.733708,0.689440,0.582968,0.521734,0.697700,0.652988,0.762764,0.759171,0.613432,0.584110,0.608090,0.534477,0.665599,0.719574,0.630471,0.715310,0.649001,0.715646,0.554229,0.717289,0.600307,0.673277,0.377509,0.711229,0.387314,0.641472,0.555210,0.668432,0.610358,0.642758,0.695628,0.708852,0.721385,0.499582,0.532504,0.720685,0.814478,0.651410,0.678587,0.763225,0.579847,0.558634,0.688412,0.663587,0.633728,0.613429,0.509903,0.673848,0.770717,0.538385,0.774632,0.590779,0.730855,0.633870,0.663673,0.699497,0.391980,0.703306,0.619518,0.615128,0.654611,0.521337,0.779301,0.794906,0.763405,0.632703,0.762023,0.496795,0.705706,0.591012,0.675199,0.727756,0.655333,0.811150,0.669894,0.644582,0.637110,0.700802,0.642456,0.686143,0.760692,0.698731,0.631335,0.498359,0.620724,0.682413,0.609293,0.529365,0.651105,0.706971,0.686901,0.560046,0.801427,0.740569,0.715981,0.396159,0.700094,0.504311,0.740557,0.718817,0.550848,0.691476,0.638030,0.672784,0.664434,0.727378,0.579286,0.601268,0.622105,0.709615,0.663478,0.747999,0.721806,0.638222,0.683626,0.629648,0.578102,0.791651,0.563142,0.641450,0.395304,0.694628,0.615731,0.756181,0.707055,0.634470,0.499633,0.596329,0.734340,0.435124,0.613866,0.705527,0.596746,0.678047,0.629079,0.689676,0.542421,0.710218,0.610288,0.680008,0.681792,0.730814,0.684964,0.000000,0.695560,0.775543,0.662111,0.750452,0.797257,0.639176,0.688809,0.731700,0.467907,0.639376,0.687044,0.561243,0.698917,0.463413,0.669843,0.626146,0.714400,0.427055,0.731324,0.673785,0.442225,0.577550,0.730452,0.525996,0.732460,0.704627,0.669350,0.419765,0.661222,0.707792,0.681193,0.566957,0.561486,0.435412,0.744780,0.773523,0.533220,0.607026,0.596482,0.782157,0.770209,0.616065,0.727876,0.620326,0.672775,0.692831,0.660644,0.578207,0.746531,0.588126,0.508944,0.733587,0.583039,0.794382,0.636938,0.666837,0.775343,0.433422,0.676777,0.695791,0.488403,0.712230,0.628927,0.506354,0.722967,0.585829,0.699528,0.725377,0.680863,0.776386,0.715092,0.642351,0.754768,0.772588,0.559926,0.777642,0.618054,0.740960,0.687264,0.644515,0.709813,0.781280,0.723156,0.717149,0.588503,0.638011,0.688889,0.568798,0.728116,0.703262,0.592655,0.725067,0.569716,0.700661,0.745420,0.754225,0.688018,0.618140,0.606691,0.761412,0.583813,0.721318,0.697856,0.759845,0.578673,0.728517,0.719318,0.658746,0.659215,0.747351,0.676162,0.622607,0.704292,0.578802,0.704568,0.699710,0.773450,0.702140,0.547750,0.600968,0.598926,0.705431,0.540504,0.713843,0.719169,0.771212,0.415314,0.609781,0.587783,0.666698,0.703845,0.713268,0.677178,0.743820,0.607675,0.748514,0.751192,0.757643,0.652200,0.883817,0.716401,0.476879,0.754000,0.596276,0.663556,0.810693,0.681340,0.580915,0.799364,0.647655,0.757416,0.848974,0.647395,0.773941,0.748081,0.690104,0.498468,0.705833,0.611761,0.570185,0.680502,0.664835,0.457931,0.684916,0.735932,0.712047,0.710343,0.612030,0.771885,0.698710,0.635724,0.547240,0.706160,0.729051,0.656064,0.501171,0.679385,0.680134,0.704306,0.571626,0.454269,0.734175,0.798443,0.736259,0.654432,0.452149,0.597571,0.717359,0.733102,0.240075,0.710990,0.555084,0.652674,0.650934,0.725144,0.726793,0.665082,0.755570,0.734155,0.554437,0.583205,0.687591,0.766781,0.353031,0.635664,0.731618,0.815644,0.678367,0.640138,0.803661,0.331438,0.674677,0.731527,0.694210,0.525836,0.703167,0.624960,0.596850,0.677061,0.362214,0.625318,0.646501,0.678504,0.417393,0.806913,0.729329,0.661124,0.509668,0.686138,0.669774,0.370664,0.426569
0.570519,0.463848,0.385751,0.555831,0.328860,0.471068,0.563879,0.436309,0.605136,0.399566,0.612701,0.416788,0.635878,0.493511,0.606024,0.391568,0.431398,0.572488,0.403260,0.740712,0.466190,0.459233,0.471315,0.438495,0.454710,0.404111,0.467333,0.508446,0.495557,0.506730,0.763381,0.445363,0.767809,0.772809,0.453091,0.581036,0.441646,0.420449,0.611353,0.407532,0.463681,0.783659,0.806030,0.686811,0.685990,0.613703,0.386544,0.420751,0.533472,0.569865,0.495003,0.807066,0.727505,0.833307,0.395779,0.661115,0.521620,0.434874,0.455275,0.583907,0.703140,0.478006,0.829067,0.705491,0.501503,0.413463,0.363088,0.657436,0.617887,0.723154,0.712917,0.690427,0.528121,0.415418,0.735948,0.763849,0.530658,0.484865,0.404206,0.520449,0.710091,0.346910,0.578082,0.817430,0.374107,0.673940,0.488869,0.415755,0.809312,0.575751,0.637693,0.392805,0.388535,0.382503,0.787158,0.670605,0.792388,0.719317,0.574190,0.532501,0.379659,0.649443,0.341293,0.419237,0.726907,0.317729,0.811262,0.360946,0.395246,0.597577,0.858484,0.433726,0.476356,0.442456,0.438127,0.546002,0.836939,0.694701,0.497088,0.406226,0.476729,0.420061,0.421431,0.652193,0.489638,0.408188,0.418469,0.585724,0.628560,0.471464,0.418249,0.543519,0.545538,0.404555,0.632303,0.387080,0.632461,0.688715,0.685373,0.520016,0.637684,0.798792,0.435475,0.639197,0.513714,0.751525,0.478757,0.594635,0.805805,0.719136,0.417759,0.687973,0.478281,0.359462,0.506638,0.373939,0.544937,0.807434,0.532062,0.675208,0.716369,0.526330,0.476842,0.452260,0.592409,0.663831,0.428744,0.758056,0.414146,0.479585,0.572477,0.545320,0.856003,0.583828,0.642914,0.639085,0.850088,0.592087,0.582202,0.666733,0.504210,0.741761,0.592473,0.488927,0.371480,0.800416,0.717256,0.563022,0.825735,0.599441,0.528737,0.409641,0.775598,0.700443,0.523341,0.378429,0.465128,0.452760,0.776374,0.600012,0.831610,0.785423,0.681381,0.381175,0.810559,0.703180,0.675302,0.506575,0.561962,0.736968,0.838770,0.594432,0.665647,0.677835,0.506154,0.433564,0.514978,0.883213,0.466992,0.741319,0.798475,0.682658,0.756022,0.387419,0.432239,0.409480,0.495916,0.849765,0.660073,0.463538,0.716234,0.633328,0.290836,0.529302,0.556893,0.472557,0.686752,0.670257,0.428955,0.448113,0.488883,0.507145,0.664497,0.525431,0.450033,0.701891,0.742450,0.473632,0.661890,0.474390,0.401098,0.531745,0.623266,0.630893,0.769811,0.472944,0.705192,0.662925,0.498896,0.643647,0.864297,0.783515,0.425325,0.377951,0.766008,0.332758,0.425517,0.408948,0.695560,0.000000,0.654628,0.283491,0.562882,0.696863,0.701448,0.451715,0.739738,0.476091,0.435564,0.389254,0.777119,0.639870,0.707261,0.460683,0.565130,0.447624,0.792724,0.509622,0.530538,0.790266,0.705870,0.743797,0.798127,0.215278,0.580638,0.363803,0.654128,0.723005,0.575720,0.481254,0.448154,0.578755,0.595568,0.447973,0.507826,0.695020,0.593259,0.494070,0.372924,0.704762,0.455473,0.549886,0.500619,0.518873,0.665402,0.750524,0.587772,0.380288,0.531784,0.747402,0.521382,0.731177,0.715410,0.470227,0.681555,0.823537,0.593844,0.439017,0.785175,0.618193,0.692771,0.717602,0.732801,0.424742,0.708539,0.615151,0.854590,0.371951,0.729613,0.471192,0.551422,0.887300,0.634880,0.710029,0.887238,0.771297,0.339127,0.853495,0.492752,0.758712,0.795913,0.860198,0.633328,0.638847,0.689227,0.709278,0.803095,0.550924,0.505829,0.776346,0.539271,0.548773,0.575990,0.501799,0.722782,0.533091,0.669207,0.798388,0.846024,0.759922,0.640731,0.794103,0.491299,0.383603,0.826195,0.609037,0.668749,0.418535,0.406078,0.753757,0.448947,0.514227,0.740102,0.401571,0.556276,0.595154,0.465813,0.636361,0.757780,0.376285,0.689544,0.559575,0.804417,0.360026,0.675422,0.685252,0.312699,0.685152,0.611038,0.583193,0.769885,0.601400,0.378513,0.588431,0.379315,0.819505,0.495642,0.367192,0.679855,0.690655,0.715939,0.709515,0.793014,0.414472,0.676714,0.672052,0.566894,0.579287,0.776239,0.767005,0.758424,0.586137,0.763488,0.667291,0.472419,0.487825,0.720237,0.660109,0.426476,0.920920,0.710711,0.706901,0.844091,0.644846,0.435482,0.825650,0.763624,0.635394,0.755214,0.713772,0.602570,0.752694,0.500185,0.627186,0.785420,0.563393,0.680461,0.572343,0.474908,0.742063,0.501415,0.789665,0.711642,0.609465,0.625739,0.571319,0.619557,0.921637,0.818429,0.818488,0.626845,0.555526,0.568119,0.703232,0.923280,0.573355,0.729165,0.631488,0.790829,0.433200,0.662001,0.847080,0.772539,0.665362,0.511549,0.830088,0.571990,0.622044,0.597658,0.692906,0.687359,0.891063,0.639867,0.548629,0.526926,0.594338,0.570455,0.516921,0.746487,0.552734,0.729095,0.632463,0.689402,0.609683,0.783570,0.435478,0.784741,0.534565,0.490763,0.749672,0.588929
0.570562,0.532899,0.564540,0.656437,0.529558,0.405876,0.371533,0.522639,0.517370,0.463946,0.418601,0.531563,0.684638,0.442478,0.651122,0.574618,0.415444,0.593212,0.419005,0.671238,0.568538,0.537344,0.449162,0.400247,0.372211,0.576469,0.620145,0.562451,0.548573,0.540145,0.652716,0.595625,0.637630,0.557084,0.566584,0.392677,0.535990,0.486491,0.391245,0.472058,0.581854,0.481097,0.637183,0.724871,0.576289,0.720857,0.582821,0.611176,0.570639,0.312307,0.559977,0.575124,0.615996,0.701659,0.453716,0.689312,0.533372,0.436573,0.704305,0.487999,0.661186,0.570304,0.648044,0.597825,0.446617,0.413315,0.646299,0.564417,0.574958,0.693051,0.634943,0.687957,0.457777,0.542113,0.733523,0.536579,0.372512,0.492881,0.491123,0.499397,0.704154,0.404337,0.590613,0.645149,0.626613,0.424751,0.558836,0.554045,0.714471,0.485051,0.418365,0.468336,0.544103,0.429699,0.683047,0.394572,0.682435,0.697457,0.691753,0.421057,0.541469,0.745283,0.421721,0.545768,0.714910,0.486545,0.626921,0.446975,0.648076,0.331882,0.672748,0.619950,0.526860,0.401939,0.538812,0.623552,0.684390,0.715311,0.370173,0.368888,0.531054,0.702207,0.611262,0.771778,0.449998,0.568692,0.574935,0.432189,0.584874,0.453060,0.561622,0.592854,0.550290,0.481423,0.562094,0.524122,0.593991,0.531967,0.636104,0.492704,0.486530,0.696263,0.538514,0.417097,0.680921,0.698732,0.546204,0.647816,0.674474,0.836884,0.579021,0.737879,0.575884,0.639481,0.634761,0.543639,0.261397,0.724893,0.634875,0.586274,0.766652,0.536554,0.649104,0.592285,0.616168,0.500821,0.564942,0.642543,0.465038,0.632800,0.662865,0.627920,0.677658,0.528457,0.696544,0.519546,0.782270,0.695307,0.576924,0.611123,0.775250,0.732015,0.510947,0.537421,0.668504,0.563428,0.679141,0.614029,0.587892,0.529929,0.609168,0.582531,0.753101,0.631452,0.676215,0.501359,0.531881,0.610630,0.585088,0.551040,0.646792,0.648471,0.663164,0.559449,0.643217,0.384544,0.789574,0.578018,0.678455,0.655098,0.685537,0.653936,0.723405,0.700182,0.732193,0.601671,0.729894,0.755256,0.557857,0.703487,0.755618,0.634395,0.708647,0.600235,0.587451,0.604918,0.598248,0.763813,0.635172,0.661473,0.578897,0.564861,0.652294,0.697192,0.689415,0.545698,0.349250,0.702016,0.729683,0.627465,0.546608,0.643709,0.744377,0.527454,0.635750,0.713824,0.473864,0.578814,0.741076,0.508642,0.697954,0.707406,0.630370,0.649969,0.693351,0.619826,0.722967,0.691784,0.704125,0.749270,0.727319,0.781804,0.641431,0.564021,0.750831,0.520327,0.479984,0.705916,0.775543,0.654628,0.000000,0.479646,0.629625,0.693740,0.753917,0.639581,0.426889,0.582651,0.672559,0.475396,0.841209,0.634320,0.796422,0.601261,0.543696,0.596568,0.729070,0.382866,0.572585,0.735522,0.674057,0.708851,0.742483,0.724237,0.512769,0.627736,0.660557,0.733735,0.626037,0.686017,0.638403,0.683639,0.650521,0.533623,0.647535,0.654130,0.646412,0.666752,0.640914,0.741484,0.625635,0.300276,0.563946,0.546926,0.704464,0.727917,0.716535,0.579253,0.653821,0.737783,0.525808,0.712166,0.377010,0.450326,0.672844,0.730792,0.704442,0.535824,0.702143,0.662835,0.693488,0.787122,0.701168,0.508055,0.593422,0.455485,0.759760,0.432301,0.853768,0.755913,0.730408,0.658123,0.649460,0.646750,0.727232,0.659460,0.429093,0.630249,0.564291,0.823003,0.774689,0.690084,0.636240,0.617818,0.633818,0.725775,0.779179,0.503310,0.641750,0.749292,0.737143,0.699468,0.769444,0.262267,0.467794,0.580385,0.732922,0.689257,0.721423,0.698618,0.722435,0.666063,0.634537,0.683368,0.773819,0.610009,0.740368,0.575260,0.636320,0.681717,0.585610,0.507921,0.716430,0.537702,0.620248,0.607154,0.606786,0.762177,0.816180,0.651590,0.794960,0.551230,0.769289,0.560049,0.603855,0.737795,0.626740,0.640015,0.440868,0.579336,0.614229,0.427731,0.532684,0.604012,0.505217,0.537081,0.634975,0.600326,0.514636,0.681080,0.728529,0.665139,0.693703,0.621181,0.484042,0.543770,0.619762,0.574844,0.609618,0.767628,0.539039,0.748668,0.900775,0.599771,0.611701,0.594512,0.641750,0.728807,0.643453,0.660220,0.699184,0.806856,0.792832,0.645607,0.518011,0.709216,0.737784,0.668771,0.674345,0.707853,0.733318,0.708259,0.753077,0.468105,0.822049,0.797042,0.659647,0.670321,0.671043,0.741016,0.699543,0.707640,0.348270,0.506827,0.774077,0.683869,0.700967,0.799841,0.801753,0.732021,0.661264,0.675022,0.717747,0.718158,0.628790,0.606252,0.732557,0.633979,0.741867,0.643696,0.672712,0.726298,0.792882,0.751995,0.623719,0.694490,0.740784,0.714697,0.560564,0.722406,0.739530,0.744649,0.598900,0.710973,0.557358,0.746841,0.638777,0.763873,0.815283,0.807203,0.695200,0.708141,0.758431,0.426647,0.721403,0.647094,0.771374,0.740729,0.593529,0.768319,0.699586
0.570829,0.398216,0.387429,0.508208,0.289519,0.415342,0.492481,0.386207,0.515941,0.340287,0.538903,0.412874,0.558896,0.398946,0.500636,0.335336,0.262581,0.610675,0.249428,0.725102,0.360654,0.469792,0.341984,0.368554,0.327227,0.411955,0.374034,0.376055,0.364850,0.409553,0.728912,0.422744,0.659896,0.673826,0.326885,0.506710,0.346641,0.421413,0.531376,0.381913,0.357133,0.678874,0.709521,0.699452,0.664151,0.613636,0.412046,0.404559,0.436767,0.457998,0.498655,0.759799,0.568767,0.741631,0.306258,0.591172,0.404926,0.318582,0.507408,0.473235,0.575226,0.436492,0.689507,0.660688,0.475747,0.202314,0.370788,0.574442,0.622961,0.739819,0.645907,0.579705,0.518141,0.461433,0.674592,0.638547,0.380178,0.375380,0.357201,0.528200,0.753640,0.388752,0.445176,0.711366,0.344379,0.611696,0.525065,0.310021,0.672351,0.510370,0.567445,0.325248,0.409221,0.219189,0.653017,0.601985,0.742436,0.603021,0.489844,0.452021,0.318755,0.619167,0.231384,0.385730,0.681181,0.290275,0.697817,0.272467,0.317221,0.545856,0.823984,0.373921,0.509606,0.353014,0.347631,0.475849,0.798811,0.722434,0.434436,0.241457,0.350545,0.445395,0.387379,0.694452,0.350838,0.403277,0.456113,0.402264,0.616182,0.378751,0.324419,0.637833,0.581011,0.246752,0.492817,0.274435,0.587660,0.605661,0.706493,0.334536,0.607947,0.724994,0.363698,0.513047,0.490855,0.611947,0.496026,0.550264,0.811388,0.715141,0.307619,0.605005,0.369522,0.369791,0.454995,0.140344,0.386226,0.747975,0.445638,0.616989,0.754039,0.462392,0.378931,0.322167,0.540137,0.459602,0.319669,0.668004,0.281493,0.388264,0.511615,0.504087,0.748779,0.538316,0.566982,0.534603,0.824835,0.538103,0.435971,0.608088,0.609393,0.714762,0.585792,0.335169,0.347041,0.724103,0.562085,0.567054,0.858848,0.616021,0.402527,0.364049,0.723491,0.706259,0.595377,0.245268,0.392183,0.357917,0.764068,0.526506,0.663177,0.650893,0.678006,0.259348,0.780747,0.559917,0.738480,0.376583,0.495464,0.699489,0.719289,0.501883,0.625028,0.728451,0.686226,0.376474,0.477452,0.882864,0.414822,0.668550,0.708890,0.539776,0.618453,0.396479,0.423447,0.397484,0.414393,0.781106,0.536764,0.638901,0.710697,0.634267,0.336505,0.575137,0.545357,0.392731,0.591642,0.558203,0.629087,0.418382,0.376392,0.428105,0.663203,0.512482,0.397504,0.656359,0.608279,0.356367,0.677231,0.457396,0.406722,0.532978,0.580213,0.686523,0.612289,0.373790,0.717889,0.660110,0.515159,0.648190,0.790915,0.709717,0.402192,0.408370,0.758703,0.273346,0.410268,0.476067,0.662111,0.283491,0.479646,0.000000,0.499985,0.717870,0.735540,0.429270,0.677933,0.355647,0.399164,0.315399,0.766144,0.575451,0.749084,0.374978,0.468311,0.465819,0.775895,0.417180,0.417880,0.669395,0.682947,0.798129,0.735706,0.481767,0.523687,0.311936,0.575036,0.784516,0.478175,0.444460,0.378514,0.562765,0.522391,0.398852,0.483899,0.660958,0.584334,0.564537,0.346113,0.737401,0.410882,0.397089,0.392990,0.396504,0.689951,0.640777,0.593338,0.341518,0.437492,0.643850,0.342393,0.741752,0.630173,0.279786,0.738452,0.781886,0.587128,0.373136,0.758119,0.555951,0.732319,0.739416,0.702304,0.394558,0.661180,0.516799,0.810861,0.261255,0.786064,0.505567,0.489413,0.860636,0.554257,0.605615,0.777264,0.713793,0.335629,0.759215,0.379917,0.810928,0.791768,0.771806,0.635479,0.612865,0.613039,0.748838,0.808730,0.430449,0.461801,0.778723,0.717585,0.496932,0.642335,0.357014,0.633597,0.391771,0.694682,0.712778,0.814046,0.675344,0.651356,0.760431,0.499038,0.371162,0.837744,0.540773,0.607331,0.397557,0.397292,0.689708,0.356872,0.501343,0.758057,0.406342,0.507450,0.619456,0.424505,0.604996,0.756622,0.386716,0.717970,0.469018,0.812323,0.290422,0.661375,0.657511,0.404541,0.661303,0.553778,0.462652,0.740442,0.520698,0.262664,0.478028,0.305528,0.732229,0.630538,0.332119,0.640411,0.666832,0.668808,0.676518,0.755895,0.391264,0.539783,0.593746,0.565717,0.540223,0.740329,0.803795,0.718443,0.613152,0.864104,0.647870,0.427227,0.401702,0.736261,0.620403,0.443668,0.799221,0.714743,0.654032,0.867282,0.682543,0.298543,0.765797,0.760036,0.617725,0.652967,0.682183,0.614950,0.707286,0.607440,0.538406,0.709950,0.628749,0.611997,0.480640,0.455016,0.675107,0.534865,0.731607,0.628117,0.543268,0.653081,0.575976,0.544544,0.872893,0.776407,0.798756,0.550825,0.460882,0.606343,0.713504,0.828319,0.569493,0.789586,0.628115,0.752441,0.397168,0.601512,0.807415,0.693405,0.603221,0.518913,0.880368,0.626827,0.608230,0.628586,0.664799,0.617959,0.837785,0.542948,0.519242,0.390906,0.575880,0.472948,0.496365,0.766795,0.630582,0.658070,0.642280,0.653510,0.531241,0.796566,0.345064,0.743525,0.510421,0.412426,0.631449,0.550728
0.570923,0.559733,0.441818,0.591489,0.411545,0.542111,0.584096,0.386523,0.635381,0.537916,0.617322,0.568448,0.699509,0.521318,0.672036,0.395355,0.453570,0.619151,0.450704,0.753455,0.607273,0.590449,0.573732,0.408138,0.504445,0.603686,0.538203,0.401663,0.348690,0.508381,0.779145,0.570593,0.653227,0.677986,0.451470,0.696751,0.613330,0.589803,0.631523,0.506338,0.464281,0.769248,0.701115,0.665167,0.726536,0.658217,0.548381,0.549395,0.442096,0.683564,0.564810,0.780295,0.732452,0.729200,0.499932,0.673918,0.416229,0.419762,0.647248,0.582690,0.637245,0.506983,0.654038,0.681746,0.569065,0.491595,0.402392,0.589281,0.805019,0.757026,0.816418,0.720627,0.738948,0.655333,0.823477,0.825707,0.575424,0.466569,0.570359,0.678115,0.806162,0.514133,0.566833,0.687251,0.424815,0.804771,0.593052,0.384454,0.800988,0.581203,0.782123,0.359712,0.519222,0.481079,0.778279,0.757934,0.773661,0.732787,0.591794,0.634603,0.478320,0.771010,0.405277,0.508633,0.700616,0.528787,0.684609,0.505556,0.456683,0.633657,0.841210,0.448527,0.648074,0.552550,0.441534,0.305073,0.719958,0.838683,0.538267,0.493055,0.491707,0.511566,0.433576,0.787751,0.631000,0.533082,0.487603,0.671924,0.665226,0.630425,0.391379,0.742711,0.651452,0.483625,0.672920,0.390225,0.700596,0.691236,0.796988,0.650971,0.775784,0.755313,0.447935,0.708443,0.450681,0.691488,0.601855,0.733700,0.872109,0.784041,0.389711,0.651460,0.294046,0.394926,0.522828,0.584953,0.530829,0.828804,0.582643,0.751781,0.793329,0.522106,0.564880,0.380312,0.597482,0.681161,0.423908,0.773023,0.376105,0.601379,0.694477,0.491808,0.696078,0.634513,0.690725,0.577363,0.852435,0.584789,0.488235,0.762889,0.695349,0.818993,0.679239,0.516035,0.380482,0.793626,0.710831,0.661468,0.782586,0.732314,0.501412,0.434885,0.823126,0.842689,0.620414,0.471410,0.423751,0.568873,0.770697,0.637459,0.682901,0.689307,0.810284,0.370064,0.820882,0.642917,0.796516,0.570400,0.647087,0.632700,0.736549,0.623110,0.646774,0.709059,0.730333,0.463522,0.609846,0.905252,0.575797,0.718377,0.812413,0.505414,0.726960,0.407008,0.570349,0.581558,0.432992,0.793575,0.461401,0.768350,0.823034,0.712437,0.403345,0.544457,0.494892,0.576551,0.685353,0.689934,0.737360,0.477412,0.367562,0.543439,0.793020,0.736586,0.388923,0.760531,0.780272,0.296141,0.755384,0.465796,0.568774,0.660575,0.733778,0.634313,0.785161,0.363942,0.799668,0.702521,0.549755,0.782933,0.766600,0.833401,0.481844,0.641253,0.774626,0.472291,0.486221,0.585113,0.750452,0.562882,0.629625,0.499985,0.000000,0.796220,0.830588,0.516131,0.668331,0.573241,0.490905,0.467540,0.869496,0.707799,0.710185,0.425525,0.641952,0.496126,0.813450,0.622951,0.382996,0.797030,0.819876,0.783792,0.828864,0.651875,0.659850,0.424965,0.790404,0.836096,0.343940,0.406902,0.562246,0.716523,0.691306,0.535716,0.665835,0.805695,0.723528,0.570322,0.534674,0.816531,0.367758,0.622888,0.420360,0.626700,0.794493,0.624507,0.626605,0.448957,0.486950,0.795904,0.543939,0.798422,0.689051,0.559128,0.842606,0.751412,0.720336,0.421237,0.853430,0.698914,0.802354,0.668953,0.755668,0.452058,0.717187,0.633881,0.789086,0.520047,0.788255,0.492042,0.443160,0.825979,0.543356,0.759457,0.721617,0.787903,0.512403,0.753263,0.530983,0.874786,0.788911,0.680375,0.763162,0.705277,0.662041,0.838811,0.810224,0.554268,0.629349,0.827106,0.835245,0.572492,0.655602,0.612763,0.759153,0.364587,0.834537,0.759109,0.770999,0.754315,0.584754,0.724433,0.622284,0.423775,0.906630,0.698858,0.702391,0.445526,0.493202,0.715661,0.404059,0.545081,0.809650,0.613830,0.555065,0.677230,0.619947,0.751102,0.792019,0.483517,0.682402,0.668987,0.843096,0.419075,0.618462,0.724067,0.436752,0.726923,0.674463,0.396970,0.801554,0.737432,0.448629,0.703671,0.447965,0.777729,0.793945,0.423241,0.674750,0.706950,0.802758,0.701653,0.846953,0.458082,0.637922,0.767751,0.709389,0.447929,0.748403,0.821052,0.723061,0.766510,0.840097,0.815779,0.446408,0.524144,0.837823,0.739327,0.528334,0.774573,0.815115,0.661403,0.801957,0.769952,0.607383,0.733410,0.827317,0.705014,0.708839,0.863985,0.654249,0.783943,0.729358,0.643553,0.748023,0.714876,0.653980,0.598669,0.544341,0.677815,0.560190,0.815578,0.773143,0.645582,0.676114,0.771532,0.541298,0.812247,0.818136,0.882516,0.767422,0.430705,0.618148,0.800038,0.793214,0.745510,0.818972,0.739521,0.840806,0.475852,0.626373,0.801636,0.826292,0.676566,0.628561,0.840641,0.806772,0.657208,0.780276,0.722488,0.756367,0.874837,0.620862,0.714505,0.568832,0.595786,0.613774,0.582926,0.709399,0.686710,0.826990,0.658427,0.735620,0.586282,0.882237,0.574554,0.819805,0.616311,0.636123,0.842913,0.705736
0.570993,0.655641,0.553511,0.563396,0.603089,0.466635,0.521193,0.642239,0.610993,0.596871,0.513532,0.549083,0.611920,0.557395,0.660036,0.714985,0.671474,0.616585,0.701026,0.556507,0.590195,0.695146,0.664315,0.662513,0.612093,0.635690,0.631706,0.714617,0.680827,0.710025,0.830064,0.526725,0.830253,0.739891,0.735737,0.519874,0.545680,0.567936,0.558624,0.645754,0.651996,0.754110,0.797075,0.704822,0.574178,0.715949,0.626898,0.594045,0.680712,0.543263,0.656114,0.682673,0.739911,0.823627,0.650781,0.727088,0.647115,0.684650,0.613258,0.655965,0.693568,0.717199,0.786354,0.736966,0.609804,0.698078,0.680748,0.725259,0.731418,0.621168,0.575521,0.609441,0.655309,0.688471,0.659024,0.730636,0.690409,0.656270,0.718617,0.709548,0.547885,0.692211,0.645861,0.819790,0.731303,0.603755,0.684607,0.710171,0.793557,0.700976,0.607396,0.708264,0.707161,0.721182,0.728196,0.585089,0.791395,0.668521,0.728178,0.656109,0.694175,0.661884,0.670678,0.684180,0.696110,0.686689,0.821644,0.702399,0.774469,0.675016,0.759501,0.706925,0.693513,0.530240,0.698506,0.705743,0.851064,0.542120,0.658197,0.721024,0.616234,0.708272,0.689454,0.758244,0.649949,0.759075,0.733794,0.709431,0.708343,0.657999,0.678629,0.587305,0.640210,0.642642,0.663393,0.716999,0.649546,0.747384,0.575817,0.726154,0.640216,0.793910,0.741887,0.694758,0.778468,0.803914,0.749874,0.650418,0.577450,0.706687,0.690308,0.745521,0.743066,0.702386,0.729526,0.616878,0.680545,0.679958,0.698659,0.649040,0.504226,0.696173,0.678563,0.737980,0.663692,0.799954,0.731907,0.654283,0.749604,0.726268,0.587334,0.692285,0.824756,0.595921,0.696937,0.718224,0.810917,0.681618,0.705895,0.752884,0.747992,0.637845,0.707930,0.749557,0.683669,0.773689,0.746024,0.580950,0.801774,0.547944,0.720883,0.730850,0.725767,0.634960,0.718005,0.707436,0.751511,0.677902,0.585485,0.694427,0.816075,0.838199,0.696473,0.720249,0.766942,0.635948,0.486042,0.733982,0.739177,0.829064,0.822222,0.763483,0.785250,0.618405,0.758737,0.728966,0.751680,0.810283,0.757378,0.807874,0.742383,0.726148,0.735559,0.783359,0.731839,0.671253,0.714340,0.853790,0.703103,0.584593,0.679298,0.702431,0.731193,0.658293,0.761608,0.713016,0.763280,0.671673,0.762559,0.746487,0.692678,0.750729,0.698140,0.781092,0.768707,0.771030,0.804082,0.721388,0.667333,0.798257,0.709839,0.611192,0.719347,0.648422,0.740579,0.737943,0.478402,0.698836,0.746177,0.676505,0.815035,0.739341,0.759174,0.716211,0.690596,0.728921,0.748328,0.756229,0.797257,0.696863,0.693740,0.717870,0.796220,0.000000,0.480171,0.731467,0.741960,0.733368,0.746902,0.698090,0.727350,0.669403,0.778239,0.731466,0.703306,0.778937,0.775404,0.701300,0.782746,0.721002,0.875103,0.628179,0.665670,0.665189,0.754745,0.812506,0.785264,0.441819,0.704973,0.732489,0.782582,0.679011,0.791634,0.711158,0.694932,0.752852,0.707256,0.749833,0.642081,0.243859,0.740376,0.717372,0.804329,0.649091,0.517731,0.810782,0.729653,0.733749,0.782855,0.782780,0.776814,0.631022,0.657985,0.700651,0.555646,0.825753,0.732684,0.788575,0.839412,0.748529,0.481659,0.739160,0.758729,0.716558,0.767874,0.727297,0.798525,0.770297,0.635555,0.767250,0.746765,0.870086,0.673665,0.672828,0.865606,0.644269,0.746130,0.877572,0.689807,0.572553,0.540016,0.843623,0.725558,0.680630,0.655833,0.457272,0.732216,0.744260,0.676520,0.723470,0.700172,0.750045,0.754941,0.719891,0.628294,0.731502,0.438890,0.835143,0.820518,0.767084,0.680169,0.834309,0.751057,0.758287,0.779265,0.693900,0.571888,0.720192,0.706518,0.841404,0.711689,0.766380,0.702300,0.774726,0.787394,0.505901,0.727102,0.779636,0.795725,0.765008,0.662482,0.759661,0.795568,0.750699,0.743776,0.717681,0.684294,0.681973,0.688045,0.770217,0.659579,0.718814,0.776675,0.752777,0.688504,0.785688,0.688572,0.778825,0.679304,0.641369,0.642080,0.661287,0.743657,0.770933,0.711520,0.743397,0.690327,0.731087,0.687606,0.431419,0.637679,0.700851,0.642355,0.523055,0.765849,0.692368,0.667179,0.682621,0.667297,0.773388,0.550159,0.765887,0.662550,0.527577,0.815038,0.859755,0.729736,0.490764,0.720109,0.717472,0.645083,0.512572,0.672761,0.737352,0.782855,0.802915,0.719426,0.788770,0.738599,0.690488,0.697295,0.716361,0.694538,0.823838,0.764855,0.770711,0.775767,0.857155,0.818402,0.662870,0.855134,0.754774,0.577123,0.347297,0.720908,0.758958,0.396554,0.765100,0.714148,0.653465,0.698882,0.848396,0.801361,0.756293,0.718153,0.675956,0.635855,0.701600,0.711920,0.711310,0.660455,0.838654,0.704480,0.756609,0.745780,0.570939,0.756272,0.707452,0.713343,0.578093,0.734001,0.703817,0.819530,0.743437,0.347109,0.793440,0.721464,0.782209,0.556795,0.792447,0.676444
0.571284,0.645703,0.684799,0.686977,0.709772,0.571344,0.610468,0.725362,0.651566,0.622611,0.618776,0.582664,0.555168,0.649759,0.645761,0.704888,0.693942,0.604249,0.734763,0.520051,0.557167,0.762920,0.696904,0.761587,0.693384,0.690259,0.679438,0.741160,0.718169,0.689694,0.753616,0.461384,0.759166,0.632192,0.704982,0.604591,0.653051,0.676663,0.673230,0.656724,0.665028,0.785960,0.694257,0.663276,0.618913,0.602872,0.662153,0.675081,0.676960,0.688253,0.722850,0.655064,0.707990,0.821395,0.687705,0.629991,0.709589,0.757294,0.677321,0.672205,0.754045,0.683769,0.750396,0.624023,0.739312,0.711599,0.712936,0.727817,0.696384,0.594724,0.583539,0.718809,0.710787,0.731270,0.660073,0.672084,0.774600,0.652177,0.766957,0.753458,0.671881,0.815415,0.711242,0.795418,0.745499,0.642431,0.726286,0.753146,0.692226,0.755917,0.658976,0.773367,0.714256,0.781478,0.730024,0.625360,0.716089,0.731450,0.761244,0.669533,0.630696,0.527195,0.727340,0.766429,0.616897,0.708992,0.825587,0.707420,0.786737,0.715474,0.653756,0.677234,0.699335,0.641807,0.789025,0.749441,0.819171,0.487595,0.752554,0.772958,0.726402,0.756688,0.680687,0.689790,0.652595,0.797417,0.794634,0.723874,0.662482,0.653459,0.770161,0.594784,0.668418,0.738359,0.715805,0.744103,0.671432,0.748148,0.532996,0.683039,0.656798,0.779780,0.816567,0.615583,0.832323,0.778215,0.767059,0.495875,0.519248,0.588331,0.752894,0.700516,0.788977,0.703293,0.769065,0.710057,0.801599,0.684275,0.613129,0.644525,0.408432,0.788658,0.765747,0.733852,0.773408,0.755395,0.711740,0.721873,0.803209,0.791625,0.666542,0.677940,0.821528,0.686641,0.698051,0.721878,0.652613,0.728017,0.728699,0.744047,0.733860,0.491933,0.693704,0.771032,0.774173,0.717685,0.786773,0.565729,0.735359,0.663692,0.732540,0.824274,0.682749,0.642999,0.692977,0.784734,0.805403,0.750910,0.679048,0.719101,0.789762,0.776407,0.593847,0.729436,0.664911,0.653759,0.318554,0.731915,0.685993,0.762479,0.760645,0.678896,0.673243,0.661532,0.755266,0.744586,0.733213,0.665958,0.826954,0.818557,0.648969,0.759182,0.777181,0.796064,0.835870,0.755027,0.789279,0.703253,0.736007,0.624628,0.644407,0.650158,0.732951,0.680788,0.801620,0.782016,0.776145,0.766981,0.757815,0.830079,0.752688,0.754790,0.639965,0.728330,0.797465,0.666301,0.804398,0.770123,0.704371,0.824380,0.622529,0.541796,0.672438,0.678986,0.778257,0.747726,0.373049,0.699973,0.667385,0.652130,0.783849,0.683162,0.857026,0.758286,0.634190,0.756457,0.819725,0.772857,0.639176,0.701448,0.753917,0.735540,0.830588,0.480171,0.000000,0.849154,0.696992,0.686781,0.818069,0.786975,0.631674,0.781297,0.670148,0.757660,0.708616,0.825832,0.709917,0.769352,0.777176,0.726558,0.782087,0.659645,0.577740,0.644591,0.740831,0.779802,0.694249,0.358485,0.805195,0.753805,0.689464,0.702881,0.722275,0.806312,0.831273,0.677615,0.636824,0.729979,0.678968,0.500032,0.743244,0.767843,0.787617,0.686776,0.480881,0.781561,0.743451,0.835511,0.744865,0.706652,0.677157,0.553352,0.714980,0.752456,0.442178,0.767692,0.588826,0.850856,0.757336,0.711696,0.581446,0.779219,0.697679,0.779382,0.722255,0.779555,0.811894,0.771268,0.598668,0.803939,0.730767,0.752156,0.722907,0.692865,0.810854,0.652184,0.847298,0.848701,0.700829,0.527387,0.637907,0.833353,0.726841,0.700785,0.687615,0.473744,0.700495,0.726909,0.781681,0.694042,0.572007,0.714221,0.765376,0.829785,0.557826,0.790030,0.300318,0.833419,0.828681,0.637085,0.695253,0.824658,0.826413,0.758726,0.730832,0.708155,0.714499,0.741010,0.861588,0.797035,0.769766,0.772103,0.508846,0.725790,0.804102,0.682227,0.840093,0.683320,0.682906,0.786479,0.733664,0.732956,0.719866,0.831166,0.804132,0.639871,0.718014,0.676716,0.693377,0.766832,0.707289,0.712886,0.792952,0.745398,0.808661,0.750171,0.599909,0.791997,0.760488,0.611744,0.572537,0.752706,0.629514,0.853645,0.696658,0.723253,0.652565,0.769010,0.688787,0.421223,0.730925,0.626400,0.537260,0.608581,0.840010,0.676490,0.634817,0.548588,0.752199,0.814915,0.578612,0.680752,0.589572,0.582379,0.697894,0.842827,0.701547,0.624700,0.735800,0.599754,0.586287,0.630589,0.629996,0.662131,0.682040,0.768891,0.767546,0.747480,0.701770,0.734751,0.808505,0.788548,0.819555,0.739400,0.723379,0.686565,0.798368,0.790971,0.740834,0.535576,0.721058,0.763313,0.602488,0.425092,0.719975,0.716361,0.376335,0.793401,0.635178,0.635345,0.761985,0.820464,0.715220,0.768410,0.779588,0.650988,0.602881,0.715376,0.733698,0.630859,0.794281,0.791956,0.725652,0.648087,0.779472,0.652849,0.709857,0.797874,0.618535,0.677498,0.706500,0.688337,0.721033,0.830471,0.503331,0.756076,0.585637,0.846199,0.613745,0.643842,0.583871
0.571537,0.539852,0.266434,0.441618,0.336236,0.498219,0.635634,0.264475,0.629969,0.412577,0.651174,0.495019,0.643648,0.472033,0.575471,0.440440,0.408788,0.619792,0.351598,0.779483,0.586697,0.493316,0.544890,0.475949,0.442476,0.477014,0.503659,0.403321,0.404460,0.527754,0.751500,0.498457,0.684229,0.736046,0.463179,0.657621,0.612167,0.534007,0.663634,0.465280,0.420868,0.763603,0.745122,0.643636,0.723536,0.685319,0.406843,0.497327,0.401002,0.642006,0.195619,0.786147,0.665103,0.714018,0.369918,0.634319,0.405502,0.414089,0.627333,0.591694,0.603051,0.446594,0.706136,0.704115,0.478043,0.441044,0.310453,0.612939,0.651889,0.704006,0.757849,0.644970,0.637580,0.488733,0.741296,0.771529,0.474476,0.507093,0.376262,0.617347,0.748860,0.398893,0.485345,0.731546,0.392597,0.721813,0.503640,0.330564,0.746653,0.568470,0.661099,0.358378,0.471404,0.359268,0.748856,0.744528,0.757868,0.650967,0.491807,0.639493,0.403149,0.729070,0.416410,0.194635,0.759157,0.432016,0.657621,0.390776,0.375576,0.686745,0.839771,0.364952,0.613644,0.562411,0.197707,0.414525,0.745100,0.777060,0.575042,0.444527,0.487027,0.389530,0.359707,0.697588,0.609851,0.477687,0.398375,0.604468,0.658769,0.582263,0.254317,0.623312,0.677837,0.454636,0.653843,0.336500,0.615255,0.724676,0.756875,0.601132,0.753458,0.729369,0.284897,0.705898,0.310638,0.715589,0.446535,0.701622,0.841706,0.771498,0.299299,0.723389,0.343649,0.365680,0.507536,0.427057,0.554910,0.798180,0.542456,0.718449,0.815943,0.389169,0.458960,0.361373,0.639553,0.663822,0.357561,0.717815,0.419520,0.503159,0.718542,0.435656,0.674557,0.700965,0.674754,0.584385,0.858198,0.607255,0.525580,0.705107,0.584905,0.785685,0.614526,0.317515,0.286103,0.789121,0.641432,0.617992,0.860500,0.712539,0.474268,0.306623,0.751369,0.807960,0.494691,0.325511,0.423900,0.517237,0.845173,0.381299,0.712139,0.736729,0.788112,0.377379,0.804007,0.663990,0.795496,0.529473,0.641208,0.623909,0.774834,0.618748,0.678444,0.695769,0.627169,0.351288,0.530956,0.857675,0.193413,0.633441,0.731960,0.587357,0.652483,0.492413,0.212482,0.423988,0.316994,0.822811,0.617589,0.748974,0.799258,0.671361,0.346753,0.610140,0.532730,0.475865,0.686489,0.620218,0.652792,0.097110,0.339694,0.504151,0.644213,0.601501,0.488882,0.759429,0.798726,0.354913,0.637269,0.492265,0.568916,0.645190,0.614111,0.613573,0.680666,0.370278,0.778866,0.723951,0.591749,0.720827,0.760949,0.741165,0.103427,0.529561,0.774627,0.309267,0.392133,0.563939,0.688809,0.451715,0.639581,0.429270,0.516131,0.731467,0.849154,0.000000,0.793461,0.545232,0.371717,0.310041,0.804411,0.597454,0.699937,0.353194,0.658015,0.256180,0.745415,0.595659,0.493609,0.698060,0.753981,0.780382,0.788259,0.527067,0.536836,0.479278,0.751864,0.802384,0.415364,0.519973,0.539784,0.657638,0.678861,0.592991,0.298535,0.761684,0.655211,0.491012,0.469245,0.743453,0.382309,0.625292,0.459937,0.476702,0.779946,0.712367,0.531634,0.248620,0.464916,0.711310,0.539859,0.844139,0.770287,0.444282,0.820006,0.803945,0.687015,0.395444,0.785481,0.570374,0.575649,0.696924,0.750855,0.379351,0.704186,0.549436,0.724008,0.531470,0.794712,0.418011,0.408907,0.830361,0.632045,0.653775,0.732256,0.786881,0.458735,0.693344,0.453944,0.888846,0.829040,0.787837,0.716509,0.699860,0.667770,0.807411,0.842857,0.547140,0.559348,0.814089,0.820793,0.605017,0.640555,0.585641,0.765547,0.416759,0.797178,0.705713,0.750294,0.741337,0.674029,0.694565,0.399765,0.258263,0.892464,0.720715,0.678980,0.420938,0.129173,0.677241,0.333607,0.520799,0.792683,0.616086,0.281670,0.705262,0.420421,0.630951,0.773374,0.351600,0.739604,0.553317,0.788227,0.353911,0.672389,0.630207,0.360063,0.688829,0.711530,0.483946,0.802368,0.711707,0.343528,0.669963,0.409144,0.787102,0.775880,0.378622,0.742641,0.789839,0.745519,0.751387,0.801696,0.064278,0.678554,0.734179,0.656954,0.599909,0.742333,0.827121,0.773578,0.702278,0.863714,0.719827,0.312692,0.464536,0.781204,0.719722,0.380046,0.808955,0.642118,0.593677,0.866099,0.765789,0.589353,0.715112,0.809183,0.663039,0.721940,0.764899,0.669164,0.765541,0.708440,0.758967,0.723970,0.706627,0.648985,0.372514,0.557723,0.648305,0.356458,0.694565,0.731388,0.683188,0.666092,0.663870,0.548179,0.829314,0.715793,0.835320,0.728013,0.418311,0.632769,0.713235,0.844243,0.746899,0.817355,0.729092,0.820670,0.515619,0.594922,0.711355,0.756833,0.672249,0.550503,0.858613,0.681216,0.692205,0.760051,0.661193,0.687436,0.775458,0.669364,0.676744,0.472860,0.571859,0.644802,0.310250,0.633471,0.633344,0.786570,0.709106,0.696657,0.663492,0.814309,0.510924,0.751647,0.463609,0.608182,0.744274,0.685149
0.571790,0.593139,0.652462,0.697409,0.677398,0.636001,0.556050,0.624098,0.604137,0.658705,0.566907,0.701857,0.530641,0.552496,0.557353,0.597577,0.634371,0.616262,0.618210,0.623360,0.613239,0.714560,0.602527,0.567461,0.506473,0.681725,0.605993,0.582913,0.615178,0.394520,0.606596,0.615008,0.600685,0.473375,0.586027,0.555616,0.641471,0.666114,0.611039,0.589676,0.620692,0.489950,0.669329,0.670447,0.696093,0.669841,0.693728,0.693678,0.636592,0.588945,0.681633,0.602170,0.537166,0.632288,0.679580,0.663943,0.664205,0.595780,0.710115,0.622210,0.489782,0.699884,0.579318,0.587555,0.634754,0.552700,0.728634,0.329563,0.689912,0.714215,0.584845,0.532819,0.681433,0.656498,0.602348,0.646422,0.575889,0.552440,0.698691,0.577878,0.714894,0.622979,0.677097,0.615293,0.699454,0.605891,0.668443,0.688081,0.633704,0.592965,0.650789,0.599637,0.666846,0.596765,0.592221,0.541135,0.637270,0.525068,0.775461,0.650351,0.602396,0.671581,0.584117,0.684962,0.534461,0.668891,0.620700,0.684636,0.672392,0.415417,0.639274,0.658548,0.659621,0.657505,0.714724,0.694030,0.686159,0.735230,0.451104,0.534646,0.588202,0.744469,0.703233,0.618280,0.627101,0.585455,0.622514,0.564937,0.690645,0.639079,0.681450,0.618645,0.591844,0.565074,0.698240,0.667514,0.610071,0.598503,0.651973,0.576487,0.649964,0.579472,0.705785,0.558794,0.778446,0.620878,0.632440,0.709568,0.660438,0.692151,0.698533,0.570324,0.691063,0.686530,0.619070,0.698914,0.591463,0.733497,0.650856,0.625870,0.739929,0.667475,0.610585,0.693460,0.714939,0.559652,0.661441,0.700001,0.634271,0.687967,0.633498,0.667878,0.646455,0.570003,0.512614,0.542719,0.659720,0.732087,0.659952,0.729364,0.748021,0.715719,0.607916,0.672994,0.750825,0.620294,0.576513,0.584765,0.623110,0.692777,0.651395,0.665510,0.622873,0.519878,0.705914,0.651239,0.667224,0.646279,0.648198,0.669897,0.619859,0.620341,0.641252,0.674167,0.602516,0.512331,0.750137,0.566380,0.662007,0.692560,0.667573,0.630171,0.535567,0.616060,0.693374,0.730356,0.687221,0.665454,0.725974,0.652362,0.721916,0.698888,0.589959,0.660400,0.736426,0.683439,0.742031,0.622537,0.628556,0.683663,0.556624,0.575882,0.731078,0.655719,0.746901,0.579545,0.510378,0.680880,0.735038,0.749892,0.701951,0.670263,0.735024,0.742344,0.672525,0.599239,0.564599,0.667961,0.739184,0.717208,0.642404,0.696600,0.696891,0.603167,0.601997,0.682730,0.683020,0.657154,0.708686,0.762499,0.623172,0.683847,0.760565,0.692624,0.654620,0.683626,0.607863,0.767470,0.731700,0.739738,0.426889,0.677933,0.668331,0.741960,0.696992,0.793461,0.000000,0.625917,0.759848,0.671496,0.679109,0.713291,0.723885,0.751397,0.670126,0.731779,0.676173,0.683961,0.657390,0.612622,0.711605,0.734521,0.700637,0.730272,0.620314,0.717172,0.555489,0.658717,0.715439,0.713219,0.667404,0.589292,0.607579,0.699587,0.725602,0.519226,0.675940,0.710002,0.733094,0.735335,0.699782,0.543417,0.642775,0.661485,0.780510,0.629417,0.709889,0.693785,0.638673,0.717036,0.692991,0.715182,0.616652,0.619306,0.707348,0.625470,0.663531,0.751232,0.704825,0.613171,0.787779,0.691575,0.641400,0.683174,0.712136,0.680984,0.619032,0.662353,0.769268,0.770104,0.750415,0.591938,0.634811,0.669165,0.666270,0.690443,0.672210,0.632237,0.699838,0.780862,0.739525,0.622964,0.464117,0.712350,0.668271,0.771667,0.757841,0.579555,0.643578,0.753875,0.726343,0.763584,0.702592,0.626294,0.601246,0.692150,0.698847,0.698473,0.588634,0.496005,0.646680,0.746988,0.725645,0.808889,0.665141,0.666603,0.635417,0.719586,0.772868,0.642493,0.733653,0.676894,0.705647,0.709823,0.742249,0.719904,0.767516,0.666381,0.684747,0.686076,0.718504,0.686434,0.645824,0.664813,0.659417,0.711948,0.700109,0.724937,0.648339,0.653849,0.729641,0.623210,0.720802,0.657810,0.682392,0.543234,0.754681,0.725491,0.652032,0.617967,0.632982,0.742694,0.616773,0.788238,0.606109,0.492486,0.521954,0.607562,0.623763,0.706578,0.505618,0.648769,0.858512,0.599237,0.715729,0.688165,0.558646,0.711298,0.723503,0.603318,0.780437,0.596251,0.696737,0.708253,0.620398,0.661533,0.731097,0.761107,0.554967,0.654468,0.767819,0.706248,0.657792,0.257406,0.711758,0.699913,0.705707,0.726377,0.725667,0.649930,0.785325,0.793649,0.608535,0.617092,0.675299,0.744428,0.718674,0.636109,0.736486,0.728342,0.660631,0.691370,0.722980,0.746558,0.687712,0.743820,0.726015,0.608887,0.670935,0.722086,0.692139,0.640785,0.712809,0.683971,0.759897,0.661302,0.675704,0.631582,0.643487,0.689184,0.656173,0.743231,0.636706,0.595201,0.690577,0.743675,0.630735,0.812305,0.753527,0.755151,0.764772,0.695116,0.673486,0.712027,0.765384,0.627129,0.603351,0.782324,0.688702,0.693697,0.702056
0.572103,0.420481,0.502474,0.591810,0.408844,0.522189,0.605849,0.469052,0.624414,0.424761,0.613715,0.385009,0.456653,0.458723,0.422308,0.398625,0.372444,0.534812,0.364341,0.695168,0.421446,0.505184,0.428540,0.456634,0.447379,0.454964,0.385650,0.414195,0.407533,0.390961,0.587373,0.305481,0.601135,0.519452,0.379395,0.590850,0.463996,0.526420,0.685257,0.439593,0.377470,0.706723,0.615967,0.676770,0.724038,0.487767,0.467601,0.473509,0.386311,0.627912,0.554813,0.733784,0.507217,0.664191,0.383015,0.465928,0.409123,0.390553,0.570636,0.525998,0.513985,0.421332,0.647196,0.661204,0.570581,0.339438,0.401162,0.497631,0.539323,0.692216,0.595541,0.476350,0.675409,0.543942,0.536240,0.537974,0.503828,0.328805,0.464686,0.703495,0.784703,0.544427,0.488149,0.635607,0.392942,0.602173,0.577580,0.344517,0.562197,0.611905,0.574312,0.389775,0.464917,0.359044,0.542502,0.559855,0.597261,0.481616,0.522827,0.499205,0.242665,0.481937,0.335038,0.483931,0.507197,0.327711,0.600270,0.309206,0.377571,0.603899,0.689119,0.393924,0.698022,0.475430,0.419392,0.529341,0.722455,0.705853,0.497528,0.392146,0.453287,0.474724,0.429107,0.610595,0.427733,0.490740,0.545147,0.435310,0.444829,0.524793,0.423614,0.675425,0.569209,0.320777,0.561860,0.295904,0.524614,0.591054,0.612168,0.417575,0.579083,0.600500,0.487103,0.458832,0.583570,0.548504,0.514519,0.451994,0.723052,0.575990,0.409723,0.513728,0.439155,0.417108,0.513566,0.441421,0.546176,0.750323,0.100709,0.515770,0.739794,0.581913,0.437483,0.426717,0.684446,0.474984,0.300790,0.695085,0.380492,0.379979,0.493081,0.449167,0.708040,0.570142,0.519115,0.597264,0.683550,0.582299,0.455585,0.632804,0.602397,0.583179,0.573110,0.436786,0.435442,0.677506,0.472405,0.494887,0.743415,0.668020,0.436799,0.510292,0.578738,0.715733,0.510504,0.416925,0.455086,0.369506,0.803642,0.545389,0.601355,0.616923,0.652697,0.355062,0.668053,0.668995,0.720136,0.427331,0.431562,0.627040,0.663342,0.484614,0.483570,0.638007,0.682956,0.442327,0.475322,0.751989,0.550066,0.619275,0.476535,0.555269,0.482445,0.488395,0.523178,0.345035,0.505880,0.690596,0.518981,0.648786,0.690225,0.527897,0.358780,0.544479,0.555432,0.472432,0.624016,0.600513,0.613097,0.514465,0.443908,0.459474,0.721281,0.499330,0.476925,0.434588,0.673173,0.421639,0.712382,0.568534,0.391485,0.369669,0.497374,0.679891,0.548872,0.400841,0.687011,0.577067,0.579146,0.662566,0.680063,0.567388,0.534149,0.491266,0.674339,0.494089,0.488978,0.493095,0.467907,0.476091,0.582651,0.355647,0.573241,0.733368,0.686781,0.545232,0.625917,0.000000,0.431257,0.459604,0.688080,0.600818,0.604326,0.452751,0.477412,0.566961,0.540332,0.554342,0.450157,0.524114,0.532899,0.793200,0.566361,0.600299,0.551727,0.395443,0.456347,0.745076,0.552390,0.501993,0.351965,0.509445,0.444502,0.550908,0.585635,0.552145,0.489205,0.565948,0.498696,0.716574,0.441968,0.459246,0.408314,0.545892,0.706967,0.546083,0.528145,0.540043,0.473519,0.514163,0.475638,0.627149,0.727316,0.437804,0.657922,0.736624,0.423630,0.515759,0.626248,0.446356,0.711401,0.653721,0.607713,0.510741,0.531484,0.632560,0.708205,0.446297,0.823033,0.572071,0.497389,0.814326,0.665378,0.536437,0.723918,0.633627,0.498486,0.644352,0.468035,0.796741,0.841063,0.705623,0.690606,0.492270,0.595450,0.728450,0.717107,0.500467,0.524501,0.684493,0.658422,0.476769,0.644545,0.549962,0.650396,0.467908,0.665216,0.589859,0.699259,0.634785,0.617587,0.763082,0.563857,0.437548,0.698981,0.644196,0.525066,0.448552,0.547505,0.600475,0.438296,0.560779,0.582383,0.551454,0.596310,0.655143,0.567530,0.618383,0.655462,0.440938,0.711902,0.379534,0.701373,0.440456,0.657760,0.523649,0.442248,0.559998,0.475519,0.514003,0.722443,0.479100,0.454322,0.516757,0.429643,0.735595,0.656429,0.423999,0.783649,0.650318,0.553620,0.727785,0.646799,0.494718,0.629772,0.580567,0.506283,0.615902,0.584736,0.814251,0.774289,0.521813,0.821130,0.660152,0.514153,0.319104,0.710479,0.600285,0.459438,0.701374,0.677736,0.520557,0.755627,0.667755,0.353677,0.659202,0.687329,0.713451,0.560506,0.633960,0.572347,0.733095,0.497509,0.446339,0.670186,0.694955,0.678225,0.568557,0.439735,0.622342,0.576852,0.818202,0.602707,0.522734,0.497988,0.518479,0.581385,0.764883,0.645925,0.768958,0.572426,0.467956,0.528534,0.746360,0.824861,0.611392,0.789099,0.695459,0.617065,0.413485,0.585404,0.724683,0.510858,0.605442,0.505696,0.763123,0.549879,0.628154,0.631405,0.479725,0.577862,0.784652,0.616313,0.513840,0.475564,0.533562,0.460198,0.623689,0.600172,0.665543,0.664629,0.643374,0.510603,0.660880,0.791767,0.383023,0.636604,0.460881,0.512032,0.496263,0.428024
0.572238,0.448609,0.377614,0.532415,0.329702,0.533117,0.698669,0.417828,0.681954,0.482361,0.685553,0.535496,0.627404,0.498226,0.557290,0.452677,0.355206,0.643477,0.335665,0.807943,0.563731,0.466078,0.516120,0.526315,0.496391,0.476683,0.475169,0.382288,0.371471,0.442987,0.722615,0.433295,0.679965,0.680465,0.358192,0.709725,0.529373,0.540478,0.710328,0.439942,0.367646,0.771297,0.743985,0.681589,0.720410,0.514630,0.512524,0.435976,0.383851,0.703689,0.485838,0.805499,0.677247,0.744099,0.427829,0.472718,0.363012,0.462277,0.580467,0.617419,0.604672,0.548732,0.665005,0.772284,0.519891,0.410972,0.302165,0.570128,0.651709,0.765959,0.718149,0.624838,0.718967,0.523595,0.684590,0.828754,0.554139,0.432144,0.441342,0.696207,0.822088,0.479569,0.484830,0.706074,0.313838,0.763591,0.537931,0.324616,0.720123,0.672810,0.716913,0.385820,0.444842,0.360141,0.666378,0.765257,0.746382,0.647622,0.545437,0.583299,0.365328,0.631790,0.346300,0.391607,0.689494,0.405713,0.722476,0.380932,0.320883,0.696830,0.839486,0.366947,0.651257,0.534990,0.349138,0.443046,0.792454,0.809869,0.575983,0.454864,0.483742,0.372243,0.323555,0.727987,0.538747,0.492708,0.422533,0.560227,0.625198,0.593064,0.297683,0.718596,0.738929,0.408280,0.597831,0.297854,0.633702,0.769259,0.832413,0.551403,0.776668,0.686562,0.355983,0.685068,0.475047,0.671108,0.500446,0.579035,0.867206,0.688864,0.260721,0.617269,0.401103,0.351087,0.584269,0.442912,0.610420,0.845320,0.499282,0.717906,0.798347,0.410689,0.438878,0.312618,0.677010,0.627948,0.327630,0.779975,0.411613,0.418679,0.629774,0.409293,0.765916,0.681566,0.627057,0.599628,0.846319,0.528571,0.422810,0.701095,0.587613,0.739550,0.716087,0.466726,0.249881,0.754594,0.619583,0.625072,0.919512,0.737331,0.439715,0.388783,0.763805,0.878486,0.509047,0.278078,0.467957,0.467987,0.879971,0.531819,0.708683,0.707768,0.789981,0.303510,0.867774,0.764419,0.749841,0.493343,0.519873,0.656602,0.762190,0.479357,0.557388,0.693603,0.630292,0.333874,0.443498,0.906744,0.433612,0.705553,0.755866,0.540258,0.663266,0.462616,0.396414,0.316315,0.316144,0.801791,0.544382,0.687282,0.863391,0.670529,0.297993,0.524667,0.545988,0.444773,0.772469,0.601196,0.577688,0.387436,0.324076,0.390592,0.697069,0.525600,0.478486,0.671984,0.754709,0.354150,0.701800,0.535881,0.481450,0.491251,0.680618,0.691958,0.711424,0.321513,0.772999,0.616819,0.502406,0.678836,0.785038,0.788448,0.378335,0.485782,0.758662,0.385618,0.422172,0.455631,0.639376,0.435564,0.672559,0.399164,0.490905,0.746902,0.818069,0.371717,0.759848,0.431257,0.000000,0.341244,0.739427,0.564382,0.616000,0.308140,0.617860,0.480982,0.713323,0.603581,0.483205,0.710105,0.705117,0.758124,0.815919,0.557295,0.638138,0.425576,0.643207,0.799028,0.474934,0.463072,0.424296,0.549607,0.585024,0.562329,0.501812,0.750432,0.590860,0.471047,0.466250,0.750102,0.344819,0.631992,0.493864,0.565126,0.773362,0.685059,0.574560,0.367742,0.397182,0.712218,0.524380,0.765939,0.815234,0.468338,0.806132,0.817037,0.578670,0.466352,0.833142,0.593941,0.657135,0.683733,0.700182,0.387739,0.728475,0.711100,0.796053,0.482667,0.788848,0.456848,0.397438,0.914454,0.585702,0.653756,0.786634,0.795733,0.463783,0.752448,0.400015,0.887232,0.852406,0.738227,0.760751,0.695737,0.626019,0.779046,0.780864,0.518234,0.543363,0.782705,0.718131,0.555813,0.610203,0.624310,0.785213,0.420973,0.760504,0.725241,0.819255,0.771227,0.617634,0.762402,0.442135,0.335128,0.862491,0.703141,0.666792,0.392483,0.345507,0.642922,0.286366,0.624604,0.774178,0.583818,0.544995,0.681606,0.345633,0.629442,0.751125,0.296943,0.713813,0.561287,0.811593,0.360688,0.755116,0.616851,0.395587,0.701304,0.693212,0.491571,0.734552,0.716551,0.374828,0.663712,0.408272,0.867652,0.682314,0.360682,0.818708,0.819602,0.728294,0.759278,0.757676,0.356515,0.654826,0.727590,0.635040,0.580886,0.767456,0.836474,0.882673,0.686969,0.860750,0.748007,0.401322,0.384472,0.843850,0.636784,0.371928,0.828253,0.699342,0.579203,0.835051,0.708064,0.528009,0.763627,0.801894,0.681414,0.664357,0.796066,0.559422,0.776471,0.668766,0.654862,0.683616,0.625891,0.672686,0.527424,0.502552,0.666021,0.381885,0.726721,0.794364,0.698921,0.568770,0.586304,0.513976,0.894986,0.752171,0.838346,0.650725,0.390320,0.641467,0.777230,0.929024,0.724754,0.802687,0.689246,0.757367,0.449337,0.551967,0.739235,0.764414,0.708340,0.479905,0.895283,0.712435,0.631965,0.769714,0.586724,0.688191,0.794956,0.679758,0.569034,0.469531,0.498970,0.460011,0.368675,0.690042,0.561543,0.776617,0.709008,0.600410,0.672358,0.823035,0.458691,0.763942,0.161034,0.546963,0.751904,0.546343
0.572451,0.480449,0.314560,0.543752,0.287247,0.454853,0.565363,0.318611,0.660980,0.391138,0.597213,0.459401,0.666099,0.425058,0.608164,0.415141,0.284410,0.556893,0.250476,0.737463,0.544843,0.381579,0.492524,0.393871,0.415741,0.422209,0.455755,0.346529,0.292215,0.427438,0.771766,0.439638,0.644404,0.711187,0.371505,0.633769,0.539960,0.435073,0.582185,0.318322,0.302996,0.665365,0.646567,0.658352,0.751668,0.655743,0.332357,0.413998,0.360723,0.596596,0.389857,0.730498,0.666831,0.686380,0.331788,0.568813,0.304176,0.327562,0.599240,0.547894,0.608861,0.440009,0.650038,0.653728,0.430769,0.347147,0.310467,0.537609,0.654885,0.693296,0.721836,0.640707,0.590512,0.391201,0.730582,0.752108,0.408982,0.378169,0.305163,0.565449,0.764834,0.291810,0.406882,0.691931,0.311541,0.689217,0.420839,0.247149,0.700105,0.545152,0.627666,0.298820,0.332981,0.310276,0.725541,0.688053,0.791270,0.664714,0.473222,0.537695,0.341535,0.700698,0.260908,0.282240,0.718517,0.312910,0.664377,0.289026,0.329886,0.617924,0.790561,0.297858,0.548306,0.432495,0.270533,0.386460,0.748647,0.710524,0.447569,0.363742,0.426749,0.371987,0.221694,0.733778,0.445824,0.423662,0.305966,0.504521,0.632439,0.462125,0.210812,0.522932,0.633869,0.365383,0.607443,0.229278,0.581923,0.738410,0.697258,0.533385,0.712897,0.701866,0.222897,0.619633,0.422472,0.706941,0.364430,0.616768,0.817108,0.738153,0.218937,0.711964,0.264504,0.284953,0.530890,0.380027,0.453291,0.838746,0.485497,0.639878,0.795878,0.348392,0.453144,0.271686,0.596531,0.615254,0.268459,0.762718,0.305816,0.515870,0.626985,0.355856,0.708735,0.592623,0.652576,0.495446,0.846738,0.517520,0.458429,0.697699,0.611070,0.717685,0.541563,0.406396,0.287345,0.718974,0.624818,0.574234,0.899704,0.634100,0.361524,0.286377,0.803948,0.822728,0.511052,0.219726,0.344728,0.443345,0.776884,0.466009,0.668425,0.680483,0.759441,0.257981,0.800679,0.531289,0.760090,0.494378,0.614238,0.626004,0.722848,0.559895,0.650263,0.621028,0.574577,0.258065,0.517338,0.876881,0.384463,0.575107,0.762637,0.537844,0.678890,0.380933,0.306167,0.372727,0.253564,0.814213,0.517954,0.652987,0.815391,0.663039,0.298979,0.538997,0.528208,0.401621,0.637195,0.599394,0.588387,0.336080,0.205549,0.429248,0.695212,0.573308,0.452538,0.740409,0.619667,0.312134,0.734695,0.368921,0.501286,0.586340,0.595805,0.550036,0.651705,0.335514,0.731328,0.712284,0.492728,0.669640,0.744676,0.801366,0.316510,0.387831,0.762645,0.221079,0.267577,0.485423,0.687044,0.389254,0.475396,0.315399,0.467540,0.698090,0.786975,0.310041,0.671496,0.459604,0.341244,0.000000,0.826096,0.546637,0.699727,0.256304,0.549439,0.283678,0.763094,0.387195,0.400455,0.689050,0.748292,0.688319,0.829442,0.529327,0.497120,0.423124,0.683396,0.769084,0.421392,0.456971,0.498426,0.659107,0.574059,0.452457,0.480781,0.745077,0.622700,0.462863,0.392209,0.698582,0.309376,0.542394,0.370220,0.534588,0.760455,0.673761,0.547745,0.269343,0.363551,0.734104,0.470514,0.817951,0.643971,0.427825,0.762655,0.790609,0.613102,0.296855,0.799784,0.592130,0.678875,0.742544,0.727753,0.212808,0.670117,0.515785,0.739150,0.388903,0.760466,0.409683,0.384505,0.794227,0.609953,0.655103,0.769933,0.758426,0.277734,0.678963,0.337030,0.828543,0.805879,0.725339,0.720405,0.599754,0.580222,0.784682,0.788885,0.402491,0.593953,0.691800,0.778817,0.513521,0.694275,0.467743,0.740173,0.310134,0.764648,0.694694,0.744411,0.734405,0.627860,0.685592,0.348734,0.298662,0.856054,0.639004,0.689759,0.279722,0.281009,0.678338,0.232646,0.477297,0.810086,0.502677,0.445357,0.624687,0.399325,0.611650,0.754360,0.267686,0.716462,0.477332,0.809379,0.261708,0.659932,0.640883,0.319919,0.606292,0.655357,0.420788,0.717657,0.614262,0.332267,0.541465,0.281228,0.704454,0.599501,0.315017,0.638368,0.779794,0.701976,0.790182,0.815787,0.286770,0.569924,0.726288,0.615160,0.500839,0.799054,0.834980,0.758027,0.699721,0.844902,0.734364,0.272887,0.365568,0.815215,0.683870,0.271804,0.773780,0.709057,0.646932,0.842658,0.666000,0.470495,0.682920,0.690453,0.590099,0.719881,0.804016,0.569018,0.790169,0.676780,0.628193,0.688126,0.703493,0.660551,0.468524,0.477160,0.643995,0.393687,0.730327,0.591303,0.549649,0.645052,0.622660,0.506031,0.832952,0.751243,0.838097,0.666367,0.405690,0.631420,0.724886,0.810269,0.710592,0.792015,0.664275,0.794810,0.390202,0.529078,0.744881,0.774514,0.631720,0.430592,0.873288,0.670556,0.664808,0.709824,0.601720,0.687484,0.764106,0.547860,0.636450,0.399277,0.454808,0.527628,0.405923,0.732618,0.587933,0.800956,0.683264,0.683430,0.496628,0.800133,0.438348,0.778016,0.433280,0.536253,0.753864,0.602514
0.572934,0.617752,0.649968,0.685872,0.716100,0.635389,0.667341,0.781663,0.635636,0.644040,0.661920,0.733619,0.476319,0.705154,0.482773,0.686749,0.741995,0.671449,0.716827,0.554246,0.584428,0.733697,0.666445,0.763398,0.667635,0.740493,0.564831,0.725576,0.676967,0.570154,0.725577,0.669088,0.651713,0.627388,0.654067,0.631773,0.639409,0.638120,0.670961,0.717909,0.590818,0.654566,0.686763,0.614353,0.636881,0.625760,0.722375,0.633618,0.661298,0.715590,0.788577,0.653593,0.515409,0.695877,0.736895,0.597782,0.715810,0.733345,0.665702,0.704646,0.571054,0.764302,0.634749,0.639118,0.710591,0.712811,0.683030,0.600023,0.532603,0.662098,0.550095,0.535077,0.663867,0.720116,0.515591,0.641204,0.747452,0.694330,0.752154,0.692613,0.770845,0.807889,0.729424,0.700627,0.760274,0.614059,0.801882,0.784713,0.537000,0.725737,0.604599,0.792427,0.748681,0.720530,0.661447,0.675245,0.617178,0.512940,0.749431,0.714704,0.725621,0.506169,0.775491,0.824684,0.615601,0.755049,0.658623,0.772503,0.711681,0.721892,0.662320,0.692781,0.662389,0.725127,0.763715,0.785736,0.770815,0.556788,0.743050,0.709020,0.637588,0.793727,0.794253,0.645268,0.723777,0.716715,0.814659,0.677226,0.621269,0.778736,0.765365,0.656860,0.647303,0.639384,0.734926,0.783072,0.621876,0.613734,0.661952,0.682504,0.734767,0.668943,0.825059,0.610132,0.816389,0.622895,0.818411,0.598414,0.608775,0.493576,0.820455,0.638291,0.810036,0.724399,0.692614,0.749332,0.751343,0.590360,0.667180,0.687951,0.613035,0.784194,0.724069,0.776450,0.720289,0.660713,0.776375,0.680322,0.785706,0.708077,0.606437,0.694881,0.667216,0.663095,0.510722,0.750347,0.607770,0.671187,0.699012,0.703016,0.778278,0.519467,0.722620,0.785282,0.781821,0.668907,0.552793,0.771837,0.739160,0.691988,0.710754,0.830049,0.547609,0.635641,0.732391,0.783489,0.812943,0.693026,0.674972,0.769590,0.688617,0.672426,0.579286,0.803427,0.645294,0.714684,0.585486,0.683052,0.631080,0.696037,0.678149,0.600014,0.587716,0.694837,0.805573,0.793937,0.626530,0.619255,0.774520,0.724046,0.586112,0.740539,0.510446,0.806065,0.810931,0.727074,0.821859,0.638519,0.697359,0.615301,0.659837,0.642079,0.707059,0.726966,0.655651,0.789870,0.733555,0.722964,0.805324,0.794013,0.801744,0.691329,0.704364,0.615009,0.730584,0.627368,0.727138,0.752605,0.683453,0.810899,0.664263,0.649656,0.729597,0.779121,0.581757,0.790883,0.668716,0.642859,0.788379,0.609534,0.673285,0.540229,0.838213,0.734512,0.558713,0.782264,0.825203,0.874790,0.561243,0.777119,0.841209,0.766144,0.869496,0.727350,0.631674,0.804411,0.679109,0.688080,0.739427,0.826096,0.000000,0.761510,0.653057,0.800701,0.724580,0.848034,0.702693,0.820943,0.789158,0.602854,0.789036,0.752196,0.569968,0.753976,0.784591,0.791962,0.582621,0.627755,0.743227,0.777883,0.719999,0.648978,0.512083,0.759785,0.818916,0.587935,0.585941,0.686193,0.828773,0.663425,0.785734,0.753511,0.726355,0.679458,0.565894,0.695852,0.547349,0.817773,0.669971,0.592158,0.794301,0.516393,0.759777,0.717122,0.595096,0.722978,0.629247,0.849108,0.731777,0.577920,0.741326,0.528500,0.616766,0.875736,0.687131,0.823335,0.719357,0.827978,0.679207,0.792091,0.712288,0.745482,0.750406,0.552608,0.717361,0.559598,0.838695,0.692977,0.767125,0.633413,0.628095,0.699395,0.699926,0.758393,0.726380,0.678888,0.610309,0.795212,0.654825,0.598945,0.609514,0.635639,0.737449,0.798027,0.656087,0.804616,0.648128,0.695671,0.756624,0.401478,0.604617,0.708593,0.791956,0.840085,0.650373,0.754691,0.637304,0.828365,0.830350,0.722420,0.815282,0.772235,0.740097,0.732953,0.773200,0.716131,0.761440,0.444207,0.576265,0.818567,0.711984,0.769695,0.596291,0.825065,0.761598,0.543982,0.746678,0.747179,0.682435,0.757391,0.713809,0.773631,0.793384,0.628790,0.852492,0.721052,0.693453,0.796025,0.728986,0.658700,0.577128,0.653260,0.725346,0.814189,0.727951,0.665490,0.656789,0.755965,0.666199,0.670862,0.694546,0.637410,0.649040,0.642833,0.820014,0.724906,0.586492,0.564350,0.785889,0.711792,0.760258,0.588642,0.712549,0.750033,0.735408,0.741429,0.627424,0.750752,0.690223,0.501015,0.745257,0.641876,0.767667,0.630952,0.652399,0.676900,0.727479,0.817202,0.621717,0.643690,0.762651,0.718183,0.826341,0.716691,0.651940,0.656872,0.736926,0.687689,0.534689,0.607875,0.632971,0.771264,0.713148,0.670532,0.665060,0.697655,0.724750,0.794583,0.452710,0.721433,0.755621,0.729699,0.574808,0.619595,0.780914,0.740190,0.611529,0.605615,0.764323,0.648517,0.619164,0.658184,0.725755,0.466039,0.748656,0.770212,0.607327,0.841944,0.530322,0.610402,0.649690,0.794646,0.484123,0.843594,0.702142,0.672419,0.480853,0.693670,0.716328,0.562343,0.624947
0.573255,0.571891,0.519627,0.646373,0.568129,0.514612,0.579193,0.538029,0.601665,0.569958,0.600830,0.529550,0.716117,0.455712,0.680213,0.589173,0.497485,0.631108,0.484151,0.732181,0.610198,0.521527,0.561798,0.516460,0.536895,0.556808,0.691059,0.599152,0.586166,0.608787,0.754804,0.504008,0.783559,0.710473,0.599815,0.662982,0.571209,0.625410,0.640706,0.548057,0.575708,0.751173,0.840238,0.715409,0.705059,0.710499,0.606990,0.594093,0.614942,0.553663,0.597305,0.698138,0.679604,0.803244,0.523185,0.672065,0.612155,0.526260,0.631128,0.591214,0.722170,0.619101,0.798625,0.771699,0.455240,0.538287,0.541156,0.687904,0.677395,0.662120,0.608621,0.732858,0.634649,0.645670,0.724897,0.737903,0.484209,0.575963,0.575999,0.692714,0.696555,0.496702,0.618179,0.784749,0.595852,0.620026,0.580372,0.523516,0.736489,0.645930,0.661184,0.548522,0.612008,0.525144,0.742391,0.659486,0.722044,0.736323,0.726168,0.643848,0.530161,0.664248,0.520581,0.605542,0.720807,0.577458,0.796576,0.550946,0.582764,0.638842,0.808184,0.595557,0.661930,0.591317,0.614980,0.625095,0.784438,0.759959,0.584590,0.608224,0.615871,0.565911,0.580491,0.711931,0.516640,0.689034,0.596859,0.589429,0.667670,0.547408,0.557128,0.699225,0.672060,0.630247,0.627135,0.518620,0.653011,0.733539,0.762572,0.635295,0.723579,0.694613,0.545074,0.665907,0.700688,0.736179,0.547917,0.680231,0.725926,0.713484,0.557822,0.736783,0.607703,0.558781,0.671125,0.562129,0.616743,0.740155,0.576389,0.682107,0.760222,0.560264,0.673265,0.556080,0.652635,0.689061,0.538915,0.788348,0.563125,0.580150,0.699180,0.647478,0.821519,0.608832,0.765799,0.722096,0.845186,0.674565,0.551008,0.696420,0.559434,0.769967,0.684055,0.521336,0.542965,0.710822,0.701916,0.615964,0.849942,0.682681,0.645243,0.649372,0.812886,0.776024,0.720391,0.530598,0.596725,0.660573,0.790697,0.485882,0.735958,0.793955,0.719977,0.564161,0.841706,0.641453,0.804988,0.748395,0.668916,0.761459,0.816447,0.667682,0.737324,0.566453,0.656023,0.571408,0.618423,0.891826,0.618125,0.758868,0.716904,0.590661,0.724351,0.691274,0.500056,0.481802,0.536278,0.871683,0.680663,0.662158,0.809424,0.690463,0.580612,0.669337,0.704772,0.683989,0.650828,0.699087,0.673009,0.605500,0.558657,0.596290,0.625565,0.688971,0.687141,0.759500,0.758114,0.631923,0.617718,0.628244,0.701678,0.698482,0.726763,0.646044,0.709022,0.534386,0.729758,0.722821,0.736968,0.719648,0.869902,0.803053,0.605989,0.690776,0.851087,0.552579,0.568169,0.573682,0.698917,0.639870,0.634320,0.575451,0.707799,0.669403,0.781297,0.597454,0.713291,0.600818,0.564382,0.546637,0.761510,0.000000,0.724919,0.566972,0.650806,0.641301,0.760665,0.615675,0.647876,0.748691,0.777222,0.783471,0.746126,0.646647,0.623462,0.658503,0.688966,0.713142,0.653748,0.622429,0.637590,0.710134,0.755645,0.695651,0.524897,0.738241,0.709892,0.623255,0.656814,0.616368,0.666784,0.669110,0.639591,0.588079,0.686658,0.792445,0.724136,0.622905,0.596509,0.778863,0.678977,0.725252,0.766127,0.556393,0.714655,0.819899,0.650707,0.647343,0.810340,0.713395,0.506306,0.731942,0.769901,0.537661,0.721211,0.601742,0.861327,0.614752,0.855928,0.584616,0.609415,0.866646,0.711612,0.656547,0.818134,0.705282,0.590741,0.837645,0.542917,0.885964,0.772161,0.820545,0.758854,0.670195,0.771111,0.728044,0.834259,0.743146,0.744086,0.769400,0.719380,0.673879,0.682746,0.571628,0.719636,0.650551,0.695210,0.799548,0.860432,0.811591,0.671116,0.745784,0.477426,0.625925,0.820752,0.704178,0.689116,0.644770,0.564165,0.767327,0.544897,0.682651,0.747732,0.724568,0.611979,0.651206,0.601171,0.769172,0.809022,0.612493,0.706070,0.688792,0.796635,0.669812,0.744819,0.714398,0.589110,0.661367,0.665258,0.711217,0.621406,0.688754,0.634949,0.701484,0.575204,0.772875,0.696375,0.665103,0.752403,0.751977,0.778161,0.793654,0.718738,0.640827,0.599982,0.748246,0.715920,0.713089,0.727776,0.689005,0.797480,0.749743,0.866215,0.731974,0.586166,0.637231,0.841114,0.700885,0.577658,0.841245,0.501459,0.668264,0.833971,0.680692,0.654014,0.783047,0.798964,0.654228,0.735173,0.704714,0.709984,0.700866,0.716584,0.684183,0.717653,0.733158,0.671207,0.518999,0.662510,0.733533,0.594407,0.672578,0.662336,0.781675,0.713705,0.820332,0.610941,0.869165,0.698953,0.753525,0.753994,0.535734,0.583356,0.637416,0.772522,0.746786,0.646101,0.680324,0.769996,0.609293,0.659567,0.798600,0.758976,0.704271,0.553524,0.765676,0.770274,0.687721,0.593618,0.676242,0.623839,0.831066,0.798634,0.760815,0.533177,0.609382,0.677541,0.608351,0.760712,0.736481,0.732603,0.672896,0.732271,0.653409,0.695036,0.713730,0.783900,0.652407,0.571682,0.779425,0.614617
0.573274,0.608836,0.657416,0.686568,0.660619,0.716698,0.775478,0.652829,0.681673,0.712224,0.778295,0.714287,0.575013,0.701532,0.553023,0.640524,0.627876,0.743962,0.591398,0.675724,0.650622,0.705927,0.702618,0.668853,0.729444,0.729964,0.588936,0.651047,0.574584,0.617637,0.793494,0.587094,0.707249,0.592179,0.616160,0.787995,0.692103,0.706567,0.799751,0.723599,0.524805,0.840330,0.771701,0.690318,0.762080,0.245965,0.724096,0.579265,0.568405,0.801339,0.711673,0.847352,0.681839,0.743387,0.652479,0.241190,0.611230,0.613684,0.651867,0.633789,0.636117,0.667906,0.697015,0.768686,0.733643,0.679483,0.640700,0.619387,0.572075,0.812963,0.699038,0.689932,0.800506,0.700616,0.640357,0.713856,0.768097,0.586061,0.641317,0.802407,0.849479,0.770532,0.665049,0.763650,0.637080,0.830098,0.724140,0.595802,0.630682,0.780256,0.815016,0.703405,0.736087,0.637746,0.647699,0.845259,0.700813,0.648406,0.723534,0.755956,0.638332,0.505592,0.716194,0.713374,0.566997,0.704447,0.751176,0.689655,0.626967,0.772711,0.810892,0.562656,0.766460,0.812482,0.690134,0.692493,0.784026,0.667768,0.783040,0.781483,0.720409,0.627269,0.566831,0.511634,0.732720,0.709462,0.711660,0.680954,0.580117,0.721789,0.694138,0.813898,0.806288,0.712560,0.665123,0.623270,0.552928,0.750475,0.771155,0.731095,0.755332,0.728185,0.697434,0.725832,0.747912,0.692927,0.724638,0.489890,0.764119,0.465602,0.638413,0.642326,0.654373,0.636948,0.719531,0.719618,0.800398,0.808364,0.549772,0.681396,0.791658,0.727126,0.661546,0.627983,0.792048,0.701503,0.567520,0.641846,0.634908,0.629561,0.732312,0.544505,0.713824,0.849685,0.636117,0.761973,0.726964,0.711239,0.695988,0.755295,0.627866,0.508337,0.795443,0.726791,0.654566,0.856402,0.681416,0.737519,0.742349,0.781927,0.670295,0.712858,0.562017,0.726416,0.607477,0.676305,0.696101,0.696038,0.856876,0.703126,0.760224,0.752149,0.713926,0.649424,0.803704,0.789429,0.777003,0.699967,0.527961,0.757294,0.757072,0.620197,0.604888,0.614119,0.705702,0.590008,0.620096,0.803180,0.758483,0.777608,0.613782,0.705876,0.635389,0.795520,0.696315,0.611808,0.639393,0.694055,0.658478,0.673186,0.796516,0.659347,0.683762,0.667851,0.711404,0.689742,0.768454,0.690379,0.717572,0.710539,0.632614,0.610470,0.784662,0.582027,0.746427,0.578666,0.870001,0.651080,0.759213,0.788109,0.726895,0.583171,0.696775,0.720132,0.633143,0.648285,0.756133,0.661487,0.624550,0.582558,0.779833,0.660678,0.724417,0.728686,0.781687,0.678267,0.698275,0.695855,0.463413,0.707261,0.796422,0.749084,0.710185,0.778239,0.670148,0.699937,0.723885,0.604326,0.616000,0.699727,0.653057,0.724919,0.000000,0.645812,0.639408,0.742753,0.557058,0.764689,0.698210,0.638541,0.795257,0.743415,0.580206,0.679929,0.751800,0.751462,0.627015,0.729647,0.733981,0.705181,0.571714,0.570857,0.610044,0.854556,0.760281,0.624558,0.589279,0.610296,0.752714,0.798095,0.704495,0.851300,0.627178,0.757068,0.714462,0.717657,0.636406,0.736604,0.578063,0.631245,0.768087,0.703407,0.892588,0.770248,0.778647,0.829963,0.520086,0.749358,0.847524,0.561332,0.726787,0.683811,0.688615,0.688792,0.752775,0.833877,0.792335,0.780383,0.780532,0.698842,0.653983,0.859925,0.732890,0.641711,0.801818,0.776779,0.819229,0.772271,0.671709,0.793023,0.811996,0.783612,0.768393,0.753147,0.652993,0.781207,0.701523,0.779554,0.715308,0.755141,0.778845,0.567051,0.677622,0.838880,0.803278,0.664026,0.716162,0.720291,0.805064,0.728219,0.690622,0.812975,0.691270,0.615289,0.828789,0.657140,0.808871,0.654632,0.705550,0.739073,0.625871,0.791699,0.726218,0.845587,0.787022,0.849828,0.669250,0.596663,0.588175,0.609720,0.632059,0.703262,0.755066,0.761811,0.819332,0.496698,0.720143,0.698624,0.766023,0.716440,0.832122,0.847013,0.760529,0.733424,0.770239,0.823357,0.873588,0.724612,0.913896,0.732939,0.630693,0.820550,0.691475,0.709374,0.819809,0.764207,0.638501,0.831929,0.764390,0.847186,0.849348,0.731651,0.801913,0.760642,0.664798,0.570549,0.736201,0.679334,0.511637,0.806302,0.708320,0.551344,0.780055,0.843523,0.739107,0.776741,0.755661,0.829038,0.723972,0.800145,0.642563,0.799720,0.647295,0.753393,0.646230,0.653684,0.652654,0.750274,0.545880,0.750620,0.713591,0.832988,0.819911,0.863252,0.538464,0.548032,0.673519,0.821971,0.497190,0.787188,0.700159,0.620869,0.670927,0.784058,0.892859,0.813207,0.868316,0.783326,0.589069,0.574418,0.667523,0.805645,0.583395,0.712585,0.652072,0.833904,0.704223,0.700707,0.758257,0.410158,0.726532,0.722065,0.778624,0.616280,0.673453,0.621915,0.600532,0.601392,0.535399,0.599630,0.828575,0.712540,0.496795,0.855542,0.831855,0.697340,0.595504,0.632136,0.717512,0.594861,0.468024
0.573849,0.513166,0.340883,0.526121,0.329996,0.504033,0.629621,0.272930,0.667269,0.438336,0.656613,0.501097,0.610500,0.423793,0.567772,0.376605,0.284240,0.605589,0.303739,0.750641,0.561722,0.409031,0.539648,0.380851,0.410047,0.475301,0.504420,0.261149,0.237973,0.423484,0.725114,0.423156,0.609309,0.681612,0.274697,0.705949,0.567475,0.490966,0.660449,0.358155,0.284616,0.745166,0.635626,0.688947,0.764577,0.625524,0.450099,0.417864,0.308743,0.670020,0.454438,0.774025,0.652016,0.675300,0.377081,0.544646,0.300720,0.322668,0.611997,0.552626,0.572235,0.485411,0.616706,0.712946,0.515883,0.368756,0.217978,0.526801,0.680245,0.712095,0.727840,0.599690,0.665089,0.514026,0.709690,0.793469,0.464982,0.325479,0.378256,0.653881,0.765025,0.416013,0.453224,0.661089,0.212543,0.749680,0.461746,0.178186,0.715913,0.595140,0.711381,0.309576,0.422668,0.373996,0.693672,0.757392,0.742396,0.590830,0.472739,0.609453,0.375979,0.709634,0.307901,0.358146,0.691600,0.412850,0.667683,0.371409,0.261710,0.679818,0.784363,0.267556,0.604834,0.539990,0.292561,0.312361,0.710699,0.836946,0.517258,0.389213,0.453876,0.264619,0.245515,0.697436,0.533887,0.484217,0.378609,0.536450,0.642808,0.511155,0.251343,0.684301,0.646985,0.410352,0.618152,0.181705,0.581804,0.741267,0.782516,0.553387,0.759716,0.630662,0.181787,0.702813,0.382476,0.613211,0.458964,0.629924,0.857110,0.760937,0.094160,0.655686,0.220438,0.227425,0.497921,0.417663,0.543069,0.801832,0.472963,0.668915,0.777644,0.392086,0.492163,0.115985,0.512373,0.610320,0.235451,0.733881,0.304965,0.476074,0.684529,0.400655,0.704544,0.610486,0.642339,0.509065,0.802884,0.522475,0.390287,0.760135,0.556565,0.758721,0.640179,0.468261,0.219904,0.755055,0.585454,0.587590,0.856140,0.707239,0.407948,0.301255,0.768127,0.843619,0.587225,0.249408,0.357251,0.419197,0.836342,0.462404,0.631287,0.671125,0.722502,0.170591,0.851657,0.607081,0.794407,0.501665,0.566751,0.667765,0.721582,0.401845,0.610464,0.625368,0.700351,0.157582,0.395439,0.853212,0.449204,0.622374,0.721947,0.465478,0.623961,0.359702,0.378624,0.313787,0.119864,0.810031,0.441793,0.719931,0.806479,0.675615,0.268873,0.531775,0.522336,0.461255,0.701273,0.594985,0.698598,0.368298,0.112606,0.341318,0.682621,0.606080,0.415148,0.691591,0.720172,0.270599,0.701385,0.432695,0.513052,0.556488,0.657763,0.618616,0.637560,0.276060,0.718199,0.679331,0.515672,0.726302,0.769109,0.762266,0.375232,0.525195,0.746571,0.334501,0.281469,0.447446,0.669843,0.460683,0.601261,0.374978,0.425525,0.731466,0.757660,0.353194,0.751397,0.452751,0.308140,0.256304,0.800701,0.566972,0.645812,0.000000,0.588554,0.391919,0.710826,0.532921,0.329138,0.654834,0.709743,0.794513,0.795624,0.584320,0.643551,0.408982,0.707515,0.768050,0.402401,0.378233,0.401711,0.636250,0.626820,0.509508,0.478185,0.771115,0.615628,0.504902,0.414301,0.744254,0.227100,0.638670,0.342681,0.546048,0.738328,0.580887,0.543082,0.316687,0.276197,0.698468,0.496625,0.803017,0.770074,0.474093,0.791915,0.797171,0.595398,0.328811,0.750052,0.538969,0.624294,0.680094,0.705342,0.278236,0.703486,0.632030,0.711215,0.426489,0.852190,0.351101,0.343889,0.833870,0.592913,0.694472,0.736543,0.787587,0.421646,0.696040,0.380199,0.876507,0.867217,0.718333,0.748340,0.682118,0.590202,0.759592,0.828635,0.448144,0.599481,0.771407,0.776107,0.461957,0.629745,0.570753,0.788689,0.258142,0.734657,0.662137,0.744418,0.712042,0.607933,0.733440,0.425040,0.268183,0.830024,0.676348,0.714832,0.266181,0.317862,0.657305,0.119754,0.533871,0.737780,0.588913,0.521786,0.638455,0.431824,0.631337,0.729013,0.319599,0.717094,0.569446,0.794481,0.316961,0.680113,0.603749,0.366386,0.689801,0.637978,0.377727,0.811808,0.715650,0.326149,0.615528,0.350680,0.816894,0.713371,0.289935,0.737116,0.774022,0.711877,0.762537,0.769654,0.335966,0.592423,0.706944,0.615692,0.464169,0.773210,0.822754,0.843728,0.743834,0.850537,0.711332,0.308021,0.371920,0.836245,0.666190,0.322102,0.759599,0.700349,0.559886,0.822282,0.730034,0.500723,0.643433,0.778870,0.660846,0.638688,0.800221,0.566851,0.738816,0.698465,0.677097,0.651666,0.673783,0.645185,0.513062,0.424929,0.670839,0.392173,0.750358,0.718452,0.669839,0.616734,0.614249,0.437022,0.824678,0.740811,0.813204,0.708744,0.333459,0.595786,0.746948,0.858482,0.764657,0.796524,0.640413,0.749699,0.356644,0.551550,0.708227,0.766894,0.613306,0.442248,0.880818,0.690890,0.645614,0.712221,0.564080,0.711628,0.754176,0.646965,0.620834,0.399733,0.442216,0.425606,0.358174,0.727119,0.617328,0.790530,0.685903,0.632187,0.590373,0.816889,0.454317,0.785130,0.426250,0.508734,0.730558,0.556616
0.574005,0.491662,0.570274,0.608606,0.510800,0.567935,0.536778,0.567628,0.485077,0.499554,0.552226,0.539826,0.588919,0.575327,0.557305,0.558661,0.475489,0.616983,0.463818,0.679447,0.470121,0.611856,0.356466,0.530487,0.516392,0.570173,0.505459,0.595464,0.533168,0.553436,0.728376,0.558146,0.691196,0.623308,0.525599,0.532591,0.485659,0.485393,0.550619,0.541196,0.484767,0.711566,0.734738,0.777097,0.564428,0.575587,0.506853,0.534916,0.559034,0.522897,0.597773,0.775605,0.590239,0.751077,0.504842,0.517792,0.532622,0.522841,0.634637,0.475403,0.626902,0.512926,0.643979,0.616582,0.557755,0.473314,0.585559,0.641613,0.600358,0.723944,0.576447,0.618156,0.484603,0.597090,0.599058,0.530288,0.569126,0.449492,0.600006,0.548778,0.725762,0.609365,0.518058,0.745953,0.605140,0.558418,0.629127,0.568009,0.633596,0.544476,0.561112,0.539185,0.582410,0.451735,0.655609,0.551256,0.727806,0.601808,0.607668,0.409676,0.496238,0.533643,0.509929,0.514158,0.655226,0.485431,0.722184,0.467487,0.525883,0.507222,0.776544,0.563511,0.516441,0.513797,0.576786,0.672485,0.816835,0.626494,0.554142,0.487147,0.497674,0.672896,0.575047,0.648738,0.435706,0.629634,0.621017,0.501045,0.527399,0.505799,0.597831,0.715697,0.551507,0.424819,0.466890,0.526258,0.631048,0.605219,0.712030,0.443770,0.553966,0.698940,0.589476,0.466075,0.712948,0.687125,0.616334,0.523304,0.719308,0.619889,0.593003,0.658308,0.594178,0.549003,0.650814,0.546099,0.483845,0.626885,0.543657,0.588355,0.761996,0.650361,0.534670,0.579392,0.578865,0.525841,0.534453,0.556352,0.541495,0.554936,0.608766,0.577054,0.773871,0.632660,0.617861,0.529640,0.715665,0.622534,0.590158,0.711646,0.751580,0.610476,0.539079,0.507660,0.604254,0.751420,0.601386,0.589203,0.705163,0.543955,0.552463,0.662133,0.641677,0.567308,0.624975,0.512923,0.585487,0.574157,0.805429,0.598672,0.700936,0.647532,0.543816,0.528815,0.721171,0.608618,0.731182,0.565494,0.548436,0.780916,0.692175,0.570209,0.603970,0.699880,0.725724,0.601030,0.543644,0.822916,0.634596,0.728720,0.636667,0.702668,0.615998,0.611223,0.616888,0.500551,0.623671,0.719351,0.576312,0.647143,0.534705,0.553397,0.541029,0.697497,0.606873,0.628360,0.554188,0.635447,0.705444,0.602926,0.564508,0.551208,0.695036,0.549658,0.639193,0.688749,0.667050,0.600636,0.704902,0.584541,0.537880,0.597817,0.571872,0.681237,0.622061,0.606238,0.712216,0.625887,0.620675,0.649205,0.759309,0.671323,0.637570,0.555490,0.702377,0.545645,0.619875,0.688366,0.626146,0.565130,0.543696,0.468311,0.641952,0.703306,0.708616,0.658015,0.670126,0.477412,0.617860,0.549439,0.724580,0.650806,0.639408,0.588554,0.000000,0.594559,0.723242,0.502357,0.606074,0.617768,0.659970,0.759681,0.655704,0.661086,0.597847,0.578716,0.578086,0.754301,0.664084,0.620841,0.506409,0.559846,0.499173,0.530170,0.683036,0.631249,0.526763,0.617922,0.607175,0.759006,0.624967,0.475079,0.533315,0.657264,0.700566,0.706926,0.625955,0.650438,0.612745,0.642168,0.575701,0.712784,0.640035,0.566829,0.733733,0.750180,0.567944,0.553205,0.723470,0.563534,0.834751,0.757843,0.699531,0.510570,0.638368,0.560182,0.772501,0.478520,0.795280,0.668428,0.682744,0.733834,0.682076,0.634660,0.820568,0.657465,0.577214,0.764976,0.593626,0.778806,0.814204,0.744105,0.637628,0.546753,0.573732,0.757376,0.678954,0.505128,0.582131,0.732216,0.723306,0.571783,0.668613,0.489417,0.595913,0.582043,0.685242,0.708761,0.766590,0.684435,0.719151,0.705973,0.680950,0.624530,0.770952,0.291028,0.643513,0.646130,0.676008,0.663201,0.572289,0.604147,0.698609,0.511082,0.596753,0.679822,0.643826,0.678678,0.681795,0.616149,0.711970,0.519750,0.735011,0.611443,0.680113,0.631307,0.591962,0.572568,0.515737,0.610282,0.789511,0.514856,0.558015,0.549808,0.508352,0.598939,0.729210,0.601384,0.675033,0.556238,0.705622,0.714384,0.643658,0.614674,0.630314,0.566855,0.601583,0.608318,0.707460,0.825440,0.688890,0.611168,0.793160,0.634697,0.635202,0.488258,0.551755,0.654645,0.603489,0.812116,0.761675,0.695005,0.817251,0.715587,0.449268,0.741176,0.708955,0.776927,0.673300,0.690131,0.660536,0.739484,0.650927,0.551074,0.700797,0.676425,0.627044,0.645718,0.558667,0.696310,0.741320,0.802321,0.580934,0.574418,0.729298,0.502773,0.712135,0.820152,0.705072,0.694899,0.540912,0.648000,0.581954,0.761955,0.837807,0.735156,0.814541,0.673210,0.650546,0.516755,0.666920,0.754890,0.668567,0.596524,0.650824,0.847001,0.619292,0.657197,0.686662,0.603223,0.663020,0.742966,0.518187,0.572925,0.536417,0.577710,0.540841,0.777270,0.690010,0.683124,0.590176,0.647198,0.643284,0.598374,0.823751,0.522073,0.678769,0.646543,0.522635,0.670259,0.566541
0.574156,0.551915,0.338907,0.552196,0.370093,0.540659,0.627716,0.289164,0.659482,0.494200,0.650792,0.536229,0.689241,0.545237,0.644552,0.400253,0.423190,0.616244,0.353602,0.779242,0.589710,0.416278,0.547882,0.477511,0.477949,0.500803,0.543619,0.428395,0.406130,0.569485,0.726020,0.535613,0.641570,0.740201,0.496425,0.681035,0.640028,0.500267,0.643985,0.434422,0.430799,0.706644,0.625072,0.680084,0.760904,0.683261,0.408474,0.496388,0.431592,0.652997,0.253297,0.759095,0.709940,0.672320,0.447221,0.629633,0.418385,0.427168,0.658242,0.661224,0.633132,0.465785,0.663618,0.656384,0.503291,0.470030,0.376341,0.646742,0.657713,0.695938,0.809189,0.669950,0.602087,0.503174,0.800904,0.770970,0.526379,0.509360,0.402890,0.571321,0.769288,0.404126,0.503037,0.719169,0.375841,0.736492,0.540623,0.388716,0.767633,0.537861,0.659208,0.328933,0.472921,0.396342,0.782909,0.737424,0.795686,0.679801,0.570556,0.629614,0.444036,0.746574,0.430898,0.195655,0.774595,0.440683,0.645977,0.435598,0.422432,0.628551,0.805733,0.387883,0.573440,0.550933,0.252243,0.383892,0.767060,0.779242,0.559763,0.431826,0.537337,0.408238,0.317050,0.708374,0.587748,0.503664,0.444525,0.617705,0.648005,0.545284,0.271397,0.661272,0.582639,0.477388,0.684911,0.383161,0.660825,0.690488,0.721571,0.621584,0.750940,0.767323,0.306005,0.676526,0.381440,0.743970,0.449726,0.711435,0.817469,0.788798,0.334946,0.755377,0.292607,0.327664,0.546453,0.509234,0.508673,0.801562,0.580638,0.666922,0.817994,0.462405,0.537709,0.418676,0.563914,0.696863,0.400356,0.804788,0.423796,0.560743,0.702621,0.409928,0.684296,0.678709,0.711206,0.592958,0.856723,0.560478,0.538465,0.687386,0.597404,0.818033,0.596926,0.411503,0.341414,0.743972,0.661866,0.680489,0.832660,0.706564,0.449140,0.399746,0.854660,0.798099,0.541452,0.355137,0.307889,0.542948,0.870390,0.481331,0.713799,0.714033,0.780434,0.415838,0.778722,0.644981,0.797667,0.544885,0.649061,0.647950,0.761283,0.676314,0.711904,0.739157,0.634437,0.363171,0.582418,0.839071,0.334448,0.604948,0.786688,0.596799,0.696194,0.401620,0.256541,0.489714,0.375208,0.772658,0.581566,0.740677,0.762289,0.616535,0.371503,0.645078,0.577698,0.493631,0.631081,0.699475,0.667570,0.244493,0.329448,0.531155,0.712195,0.599117,0.464651,0.729910,0.691343,0.353642,0.727053,0.383082,0.611530,0.641061,0.658775,0.681070,0.703389,0.410239,0.805711,0.687596,0.602214,0.759055,0.731800,0.767707,0.213072,0.514872,0.795581,0.269464,0.367625,0.530668,0.714400,0.447624,0.596568,0.465819,0.496126,0.778937,0.825832,0.256180,0.731779,0.566961,0.480982,0.283678,0.848034,0.641301,0.742753,0.391919,0.594559,0.000000,0.734707,0.508259,0.409828,0.732991,0.712139,0.777834,0.829423,0.563354,0.526548,0.414896,0.756555,0.837870,0.438685,0.505563,0.529965,0.702035,0.614563,0.504145,0.434062,0.797369,0.655232,0.556410,0.429969,0.791463,0.371115,0.594876,0.415159,0.575189,0.813631,0.700206,0.500214,0.359966,0.432474,0.727705,0.547690,0.858725,0.681804,0.539033,0.823986,0.802566,0.679298,0.318253,0.764321,0.604455,0.703330,0.735658,0.770562,0.327116,0.661527,0.501226,0.730453,0.496507,0.707678,0.438868,0.427825,0.800653,0.668850,0.657358,0.783710,0.782862,0.389405,0.667193,0.480203,0.862650,0.811854,0.771083,0.652333,0.716230,0.619830,0.842038,0.856115,0.540539,0.653321,0.825050,0.825948,0.576495,0.677651,0.531391,0.738232,0.314895,0.816621,0.650957,0.723284,0.766985,0.680018,0.697737,0.440066,0.312555,0.872325,0.694919,0.738189,0.391420,0.223102,0.730939,0.368544,0.416881,0.745961,0.556889,0.350891,0.674541,0.486479,0.612099,0.825567,0.362198,0.755439,0.593353,0.835436,0.394334,0.559877,0.632213,0.360283,0.711594,0.629307,0.388905,0.810483,0.665031,0.399575,0.633300,0.394363,0.752475,0.711774,0.407030,0.692421,0.720909,0.779956,0.806171,0.820576,0.211366,0.713722,0.688963,0.655012,0.559566,0.736718,0.859910,0.747443,0.700050,0.813086,0.765517,0.321709,0.454474,0.789509,0.714013,0.357964,0.787579,0.698600,0.693979,0.862668,0.823598,0.572216,0.712396,0.814982,0.718598,0.792129,0.796143,0.604020,0.810594,0.672184,0.697107,0.772500,0.748089,0.678443,0.498745,0.544312,0.708884,0.459593,0.731363,0.684085,0.596061,0.699703,0.653953,0.616840,0.788829,0.799110,0.860122,0.751862,0.470963,0.673075,0.755539,0.846947,0.683710,0.811069,0.623271,0.855203,0.493302,0.612029,0.776404,0.787148,0.684170,0.510023,0.872561,0.741661,0.749884,0.679011,0.679384,0.738498,0.765580,0.640400,0.667470,0.529962,0.654553,0.637325,0.446592,0.706179,0.637153,0.794903,0.636919,0.736749,0.509769,0.828551,0.516041,0.792257,0.520666,0.662057,0.763060,0.669104
0.574382,0.592716,0.705814,0.702373,0.691325,0.790520,0.762275,0.695875,0.736492,0.764835,0.773379,0.752681,0.480159,0.740420,0.495626,0.646140,0.662456,0.657410,0.638759,0.739620,0.629452,0.650751,0.714317,0.696738,0.708030,0.701956,0.600011,0.645656,0.685836,0.571045,0.472511,0.593771,0.534163,0.487322,0.547957,0.796942,0.686810,0.704751,0.803865,0.769154,0.643383,0.586843,0.611283,0.663440,0.777773,0.537844,0.704729,0.654982,0.576975,0.756576,0.715539,0.639468,0.496458,0.573531,0.730436,0.505223,0.637052,0.713728,0.743408,0.659512,0.501083,0.701387,0.558890,0.713633,0.716209,0.661366,0.732657,0.520581,0.626282,0.642460,0.604663,0.482230,0.789469,0.778287,0.428875,0.631937,0.775972,0.655671,0.751962,0.834284,0.789691,0.774701,0.652922,0.561404,0.693015,0.770756,0.812015,0.678949,0.512790,0.792668,0.679364,0.716953,0.788855,0.654421,0.535689,0.766380,0.560438,0.436044,0.694498,0.729074,0.634209,0.597804,0.721257,0.728070,0.477840,0.684159,0.533770,0.729030,0.591685,0.772071,0.618206,0.652342,0.874609,0.818428,0.657336,0.713046,0.596266,0.680369,0.736500,0.714431,0.734076,0.706408,0.711226,0.642192,0.660283,0.728953,0.802065,0.553544,0.566348,0.701208,0.707503,0.773353,0.750709,0.698193,0.713998,0.673698,0.510847,0.700713,0.645473,0.597762,0.688621,0.517413,0.741843,0.701619,0.746730,0.585259,0.715931,0.477852,0.662823,0.614178,0.700846,0.562214,0.711762,0.728461,0.705644,0.764265,0.784058,0.778686,0.532028,0.642223,0.776589,0.780527,0.716475,0.722277,0.776639,0.521053,0.653442,0.697391,0.752775,0.654056,0.682132,0.594569,0.556480,0.795086,0.487325,0.814386,0.639360,0.726064,0.692178,0.729017,0.649696,0.529361,0.727033,0.701880,0.750364,0.659656,0.509910,0.716864,0.653555,0.776334,0.718580,0.757992,0.463298,0.741588,0.679624,0.718580,0.710583,0.632259,0.828575,0.719749,0.546672,0.573529,0.714131,0.700157,0.534456,0.770879,0.775504,0.676512,0.577839,0.650515,0.559182,0.620497,0.504178,0.581139,0.780988,0.702418,0.605828,0.651592,0.797185,0.667735,0.396426,0.711700,0.489408,0.739425,0.769823,0.640708,0.716115,0.522485,0.676742,0.738389,0.689974,0.596591,0.731000,0.661926,0.772273,0.697141,0.762748,0.767680,0.747694,0.746069,0.703709,0.668513,0.727320,0.663680,0.743232,0.169650,0.610900,0.738376,0.782917,0.733427,0.700396,0.490313,0.679775,0.733488,0.415242,0.721792,0.700707,0.704743,0.760901,0.766346,0.497315,0.552306,0.711332,0.752048,0.649378,0.765972,0.694621,0.694728,0.427055,0.792724,0.729070,0.775895,0.813450,0.775404,0.709917,0.745415,0.676173,0.540332,0.713323,0.763094,0.702693,0.760665,0.557058,0.710826,0.723242,0.734707,0.000000,0.758358,0.708960,0.407592,0.523641,0.806946,0.516671,0.765165,0.738186,0.737013,0.520732,0.757336,0.760214,0.769850,0.672608,0.652886,0.541166,0.826804,0.760530,0.513931,0.658370,0.716908,0.768591,0.818918,0.724817,0.774333,0.669008,0.665277,0.765718,0.620319,0.628470,0.793232,0.612115,0.541666,0.722107,0.732207,0.776521,0.680557,0.784437,0.615110,0.541038,0.723537,0.623881,0.510784,0.711532,0.624106,0.496813,0.736189,0.559431,0.774200,0.606432,0.712951,0.814298,0.760813,0.699605,0.656152,0.832474,0.629704,0.623261,0.751386,0.786947,0.537401,0.713754,0.786264,0.849180,0.574837,0.770178,0.754898,0.620805,0.748018,0.666188,0.805236,0.713406,0.694486,0.793492,0.669908,0.755518,0.798076,0.785370,0.740685,0.680878,0.481768,0.633639,0.538943,0.701980,0.649614,0.776655,0.691717,0.591152,0.826421,0.620144,0.715682,0.743837,0.609593,0.708880,0.762487,0.477555,0.845976,0.830537,0.788742,0.804658,0.616181,0.731519,0.665431,0.764504,0.702314,0.622700,0.783578,0.761844,0.499026,0.725786,0.734354,0.713735,0.727097,0.816288,0.730729,0.776057,0.658378,0.793781,0.767643,0.889164,0.740047,0.916853,0.692918,0.456138,0.758492,0.486287,0.743054,0.857856,0.682020,0.612446,0.836142,0.673162,0.825772,0.777741,0.607387,0.807974,0.674531,0.724978,0.634248,0.739746,0.709342,0.661889,0.597158,0.694604,0.531009,0.676921,0.845938,0.688223,0.612927,0.710927,0.822062,0.584485,0.685610,0.577920,0.781270,0.698483,0.676212,0.562493,0.722402,0.729251,0.768399,0.707781,0.587191,0.761581,0.820409,0.751396,0.729989,0.396312,0.642180,0.670156,0.600362,0.498932,0.797233,0.750691,0.670558,0.723633,0.759308,0.719720,0.758855,0.769535,0.710215,0.629113,0.696683,0.697741,0.640483,0.346210,0.706119,0.732440,0.718243,0.697381,0.751972,0.766270,0.477418,0.642171,0.659090,0.757850,0.658707,0.726585,0.706713,0.651758,0.763227,0.557786,0.751991,0.775120,0.701995,0.500344,0.820157,0.824706,0.686132,0.553340,0.732638,0.760148,0.320040,0.533330
0.574492,0.498297,0.528057,0.681899,0.451135,0.495486,0.487725,0.501390,0.621549,0.491748,0.531619,0.518755,0.674746,0.501123,0.637307,0.498991,0.410457,0.562040,0.394163,0.748189,0.529320,0.402049,0.485218,0.398889,0.521534,0.532307,0.584338,0.494861,0.505470,0.565634,0.701469,0.602934,0.635109,0.635362,0.510341,0.584675,0.542523,0.379300,0.526188,0.431544,0.457615,0.612031,0.645431,0.795419,0.700816,0.736402,0.493626,0.506066,0.516254,0.460901,0.600609,0.640268,0.644416,0.612057,0.468528,0.665897,0.485797,0.449041,0.690125,0.617465,0.645685,0.577425,0.615272,0.589089,0.533772,0.437184,0.582469,0.596261,0.585515,0.642002,0.706977,0.639156,0.539650,0.493988,0.699657,0.572055,0.448818,0.515740,0.411593,0.564144,0.734292,0.364551,0.524396,0.604052,0.556222,0.606639,0.513107,0.507657,0.662590,0.528608,0.554241,0.433208,0.444187,0.458647,0.711373,0.574315,0.755309,0.687679,0.652965,0.495457,0.515582,0.733957,0.356360,0.503514,0.706199,0.424014,0.600781,0.419771,0.534371,0.586220,0.674935,0.573002,0.535597,0.418334,0.489103,0.621382,0.667600,0.714266,0.447266,0.457205,0.516518,0.618911,0.446495,0.773195,0.395363,0.487000,0.555479,0.453996,0.606269,0.475566,0.498105,0.632734,0.567837,0.421585,0.654884,0.479349,0.579100,0.570298,0.598534,0.487505,0.650637,0.735048,0.446015,0.517098,0.602748,0.662306,0.476286,0.642332,0.696938,0.803066,0.509310,0.723142,0.484538,0.527710,0.681341,0.559988,0.380238,0.702117,0.617283,0.628838,0.800690,0.537436,0.649112,0.542407,0.638434,0.554269,0.526026,0.752336,0.427586,0.632590,0.696971,0.489981,0.653978,0.578675,0.692287,0.567761,0.757214,0.650299,0.620020,0.602338,0.714495,0.791129,0.502619,0.513578,0.562989,0.615862,0.640052,0.669601,0.712580,0.646309,0.562126,0.506388,0.792824,0.745803,0.634360,0.456644,0.425962,0.546343,0.746942,0.617972,0.660045,0.645493,0.692817,0.498261,0.710697,0.575161,0.814294,0.612726,0.650889,0.639058,0.644725,0.666148,0.673808,0.663238,0.655410,0.531205,0.666492,0.728706,0.573516,0.590819,0.783335,0.733898,0.701379,0.537382,0.529508,0.570334,0.534014,0.753985,0.632081,0.612838,0.692953,0.618580,0.550891,0.615857,0.653959,0.566167,0.580591,0.771421,0.651675,0.581554,0.452761,0.568419,0.768499,0.518137,0.613347,0.708268,0.548237,0.505364,0.722298,0.434711,0.595117,0.602473,0.649069,0.636291,0.685702,0.589998,0.760245,0.656726,0.618836,0.759108,0.683916,0.785826,0.573781,0.472706,0.753094,0.436974,0.463422,0.609832,0.731324,0.509622,0.382866,0.417180,0.622951,0.701300,0.769352,0.595659,0.683961,0.554342,0.603581,0.387195,0.820943,0.615675,0.764689,0.532921,0.502357,0.508259,0.758358,0.000000,0.552435,0.732845,0.667414,0.669799,0.829136,0.660757,0.543986,0.514059,0.704634,0.810326,0.572958,0.603418,0.626154,0.675402,0.586918,0.479228,0.659418,0.760330,0.644876,0.645655,0.558683,0.706483,0.587089,0.429452,0.536562,0.633865,0.762226,0.701873,0.669305,0.499932,0.589559,0.715298,0.559296,0.829605,0.505497,0.508130,0.739313,0.751821,0.652025,0.433061,0.704400,0.702241,0.775354,0.798172,0.638860,0.428969,0.640350,0.518132,0.676387,0.405619,0.787495,0.701512,0.673629,0.744572,0.726125,0.597764,0.736843,0.702323,0.315933,0.622482,0.445644,0.856397,0.796661,0.719283,0.765073,0.611948,0.527980,0.697829,0.822239,0.525628,0.685546,0.785830,0.777166,0.573168,0.792917,0.356583,0.612376,0.491956,0.713866,0.602352,0.644011,0.682499,0.752142,0.633633,0.590473,0.585777,0.735577,0.657343,0.677360,0.478728,0.574588,0.711750,0.513052,0.509117,0.774299,0.485934,0.608671,0.669580,0.531241,0.774885,0.854163,0.526492,0.784476,0.529446,0.802789,0.455900,0.663365,0.679652,0.545108,0.654630,0.505356,0.562720,0.666900,0.534270,0.523898,0.496910,0.459857,0.706415,0.637354,0.543833,0.575389,0.701414,0.679985,0.765337,0.793247,0.542607,0.622322,0.702456,0.642690,0.598940,0.766702,0.837378,0.672499,0.708750,0.887165,0.724704,0.544139,0.495369,0.756690,0.750000,0.508060,0.608578,0.724080,0.799541,0.830668,0.693827,0.505502,0.676516,0.786288,0.541725,0.769291,0.811824,0.605561,0.808893,0.713748,0.627739,0.727100,0.770807,0.687578,0.633723,0.520147,0.768310,0.675667,0.808313,0.494517,0.489608,0.734110,0.583253,0.611450,0.805321,0.797968,0.792000,0.700325,0.650040,0.738882,0.699111,0.748446,0.582733,0.803302,0.690508,0.811523,0.499034,0.569734,0.760959,0.796821,0.683102,0.535911,0.771011,0.748614,0.727865,0.601645,0.710546,0.776024,0.663675,0.587933,0.700831,0.475354,0.723856,0.600151,0.627036,0.816471,0.747221,0.664690,0.745691,0.793967,0.433377,0.677960,0.586336,0.854591,0.680246,0.593312,0.741421,0.679111
0.574809,0.520418,0.440415,0.596506,0.440296,0.502932,0.561380,0.285325,0.596468,0.500093,0.581110,0.544981,0.581734,0.525681,0.568282,0.325481,0.294532,0.549640,0.348808,0.754888,0.462117,0.501572,0.485586,0.403265,0.390827,0.544102,0.440273,0.310756,0.282839,0.500074,0.646005,0.487706,0.570322,0.632004,0.372585,0.597666,0.597501,0.487965,0.584358,0.455296,0.357723,0.655014,0.544367,0.692404,0.720274,0.611973,0.459787,0.523801,0.382273,0.611271,0.544403,0.765982,0.652694,0.664258,0.456208,0.591695,0.362177,0.303574,0.643190,0.577993,0.591649,0.518585,0.599911,0.560611,0.529304,0.307060,0.350229,0.562271,0.713063,0.687798,0.764076,0.655678,0.614464,0.611508,0.705397,0.751111,0.546732,0.370012,0.499583,0.590064,0.755702,0.509714,0.502948,0.660403,0.303240,0.694673,0.592943,0.329842,0.745777,0.540331,0.684292,0.289236,0.544690,0.378930,0.673355,0.690771,0.703517,0.634530,0.549899,0.592649,0.428487,0.674059,0.421502,0.482513,0.657342,0.484112,0.649118,0.447552,0.393353,0.543964,0.766695,0.291498,0.541833,0.541913,0.391305,0.252587,0.731768,0.777421,0.554661,0.395846,0.489430,0.424225,0.391931,0.731280,0.539574,0.447012,0.497684,0.510126,0.618649,0.522747,0.319504,0.649165,0.464599,0.455162,0.625410,0.331940,0.586004,0.540927,0.718094,0.521291,0.699303,0.698620,0.338398,0.656441,0.454967,0.625461,0.584011,0.603577,0.777663,0.702088,0.311310,0.607588,0.152336,0.343637,0.400520,0.549014,0.479469,0.767283,0.471254,0.589524,0.800133,0.535846,0.517223,0.290043,0.556411,0.545177,0.321048,0.726906,0.302968,0.529242,0.649148,0.424454,0.689685,0.627263,0.633718,0.477710,0.767954,0.481149,0.418710,0.721930,0.669536,0.728844,0.658219,0.441233,0.410358,0.787681,0.633386,0.613827,0.773424,0.673251,0.362332,0.368619,0.713109,0.808120,0.566682,0.389322,0.257490,0.407391,0.815073,0.582600,0.670911,0.670432,0.712425,0.300067,0.822116,0.541148,0.776906,0.502188,0.555673,0.625523,0.705028,0.494541,0.606932,0.657558,0.781630,0.386149,0.502297,0.831932,0.531005,0.629341,0.698119,0.472508,0.648047,0.217641,0.477435,0.522647,0.369820,0.711842,0.423785,0.757981,0.734447,0.625233,0.377334,0.492941,0.497638,0.506695,0.640459,0.619840,0.760616,0.445863,0.264730,0.479307,0.759746,0.673086,0.326724,0.650892,0.661632,0.234056,0.706141,0.396764,0.495158,0.560121,0.711298,0.554061,0.646294,0.371909,0.774238,0.673179,0.607801,0.741124,0.728047,0.742551,0.450252,0.636883,0.757401,0.431597,0.425089,0.581185,0.673785,0.530538,0.572585,0.417880,0.382996,0.782746,0.777176,0.493609,0.657390,0.450157,0.483205,0.400455,0.789158,0.647876,0.698210,0.329138,0.606074,0.409828,0.708960,0.552435,0.000000,0.672517,0.666929,0.803366,0.770451,0.644004,0.679413,0.371883,0.643410,0.791668,0.357748,0.392173,0.376029,0.711907,0.566179,0.463818,0.649330,0.657793,0.598755,0.625222,0.356651,0.759649,0.259164,0.530594,0.143800,0.640398,0.718924,0.570832,0.584328,0.439974,0.402213,0.720926,0.420110,0.779838,0.577608,0.562079,0.744558,0.746132,0.541763,0.364962,0.775555,0.554148,0.729957,0.653178,0.740569,0.390807,0.624245,0.517063,0.754561,0.439782,0.798403,0.507313,0.469454,0.790696,0.634368,0.684714,0.711420,0.764882,0.495904,0.721873,0.479355,0.833201,0.816055,0.667506,0.643033,0.692311,0.591817,0.771451,0.842650,0.438116,0.612038,0.817823,0.743535,0.501752,0.619724,0.552320,0.732705,0.192818,0.753927,0.612134,0.756506,0.697668,0.607672,0.743439,0.550482,0.402725,0.819079,0.691027,0.756939,0.337230,0.467190,0.669955,0.352940,0.343646,0.707417,0.531263,0.504643,0.623415,0.648501,0.642490,0.769836,0.484538,0.723499,0.630336,0.818919,0.379172,0.471031,0.638690,0.463230,0.693073,0.580148,0.155562,0.822849,0.676265,0.382755,0.611649,0.351384,0.726662,0.684127,0.326721,0.650007,0.645889,0.713669,0.691701,0.764512,0.442965,0.635378,0.632620,0.607550,0.377062,0.647714,0.822589,0.700710,0.670167,0.838138,0.708313,0.367996,0.391333,0.783623,0.562932,0.470364,0.746319,0.737908,0.551951,0.824344,0.782845,0.419636,0.624797,0.814307,0.741493,0.664425,0.789972,0.637546,0.757543,0.633523,0.643580,0.709041,0.687528,0.681475,0.587967,0.472734,0.699785,0.565011,0.745930,0.700839,0.554388,0.642587,0.633790,0.624587,0.780717,0.733466,0.798053,0.758097,0.421696,0.567680,0.721597,0.801692,0.695145,0.821544,0.653847,0.727500,0.393425,0.612378,0.723033,0.707517,0.626621,0.578502,0.780358,0.757749,0.701704,0.664957,0.608512,0.748818,0.784131,0.531339,0.598666,0.536074,0.585146,0.481363,0.561548,0.677517,0.676491,0.761256,0.540786,0.652257,0.439914,0.841186,0.397604,0.720890,0.520420,0.623645,0.704718,0.550380
0.574826,0.601056,0.696337,0.661169,0.672683,0.687040,0.724575,0.677494,0.687072,0.674291,0.721306,0.716703,0.320894,0.693429,0.344161,0.649337,0.610602,0.667997,0.602905,0.628382,0.591872,0.662189,0.617330,0.713253,0.658975,0.722769,0.503720,0.541158,0.595829,0.472175,0.606045,0.628064,0.508658,0.494051,0.493962,0.688473,0.609786,0.660454,0.740863,0.718164,0.541582,0.621530,0.633864,0.693061,0.761056,0.601983,0.719156,0.686256,0.528912,0.714825,0.692389,0.620251,0.380655,0.537307,0.704018,0.546780,0.586722,0.691772,0.715911,0.678309,0.342241,0.709999,0.498777,0.663314,0.730199,0.578592,0.681237,0.430403,0.598819,0.661908,0.522712,0.306139,0.769958,0.736326,0.296076,0.535468,0.677893,0.623426,0.723591,0.840944,0.790193,0.795810,0.567499,0.524927,0.688153,0.721498,0.759483,0.654687,0.420407,0.768756,0.614196,0.681960,0.745249,0.611069,0.404712,0.669247,0.535134,0.275885,0.658698,0.680830,0.599186,0.504209,0.684491,0.680980,0.426722,0.669383,0.544193,0.664287,0.566229,0.758928,0.596581,0.596159,0.810657,0.691591,0.613275,0.730888,0.606387,0.727502,0.724454,0.642915,0.676008,0.724850,0.701047,0.585210,0.597410,0.654149,0.749238,0.503784,0.598880,0.682593,0.680661,0.751293,0.729031,0.586879,0.684317,0.654765,0.514356,0.624445,0.655535,0.496350,0.669369,0.391882,0.722993,0.593620,0.712343,0.485713,0.673083,0.554539,0.624831,0.558959,0.655414,0.454581,0.698914,0.682288,0.668452,0.658375,0.716855,0.692028,0.542977,0.633731,0.755589,0.793828,0.613010,0.646750,0.721889,0.457121,0.620242,0.685643,0.714235,0.561467,0.664312,0.558309,0.542466,0.721703,0.407898,0.732069,0.592799,0.776538,0.632424,0.688326,0.711438,0.583246,0.725144,0.665649,0.721388,0.617105,0.310549,0.667966,0.679165,0.718573,0.622828,0.738001,0.368436,0.635252,0.677794,0.685644,0.742925,0.539273,0.822572,0.653288,0.500975,0.490949,0.656102,0.639502,0.538410,0.750191,0.754824,0.603906,0.541959,0.678611,0.548842,0.602812,0.454065,0.642158,0.802294,0.704914,0.592466,0.628558,0.785757,0.537566,0.416616,0.696726,0.304498,0.750776,0.726304,0.600688,0.704903,0.481776,0.576809,0.726864,0.606974,0.599024,0.702128,0.638534,0.753318,0.650731,0.731992,0.695660,0.772646,0.686714,0.660969,0.605096,0.762889,0.659965,0.696503,0.358632,0.652812,0.694226,0.795960,0.775935,0.653850,0.551584,0.656017,0.686508,0.124167,0.688763,0.698857,0.694871,0.764555,0.810988,0.497122,0.412203,0.703118,0.720610,0.562750,0.739291,0.709474,0.752175,0.442225,0.790266,0.735522,0.669395,0.797030,0.721002,0.726558,0.698060,0.612622,0.524114,0.710105,0.689050,0.602854,0.748691,0.638541,0.654834,0.617768,0.732991,0.407592,0.732845,0.672517,0.000000,0.611676,0.831137,0.440238,0.792523,0.736777,0.700980,0.460174,0.741407,0.757357,0.724661,0.700473,0.568889,0.450422,0.793566,0.787365,0.533737,0.605359,0.717251,0.743047,0.721481,0.676092,0.680867,0.624465,0.650017,0.781119,0.525844,0.615530,0.745941,0.575461,0.404255,0.720974,0.670893,0.786476,0.621162,0.712298,0.569393,0.589208,0.733451,0.598512,0.475899,0.768948,0.605631,0.491921,0.735161,0.642672,0.711645,0.530264,0.722959,0.793661,0.782078,0.647536,0.639773,0.739896,0.472660,0.603916,0.571134,0.772979,0.548670,0.686621,0.753464,0.758569,0.549706,0.672777,0.617440,0.590308,0.749573,0.676190,0.700566,0.660490,0.662260,0.758551,0.670667,0.701991,0.741037,0.715807,0.699714,0.685347,0.511957,0.600557,0.431003,0.652836,0.643011,0.721626,0.711957,0.625911,0.702068,0.486700,0.713642,0.753654,0.532314,0.684172,0.804879,0.616451,0.783915,0.731262,0.780404,0.804337,0.622818,0.696149,0.693617,0.714380,0.625933,0.497342,0.726131,0.787776,0.501067,0.726313,0.634644,0.658283,0.724641,0.833002,0.658338,0.745508,0.553248,0.721390,0.719465,0.844335,0.688866,0.853595,0.652108,0.458084,0.768017,0.598444,0.700773,0.742853,0.634499,0.647467,0.813409,0.662891,0.757311,0.726030,0.660499,0.767055,0.661334,0.687867,0.608798,0.668528,0.719461,0.640060,0.515516,0.744306,0.512281,0.718570,0.751395,0.650741,0.536056,0.653644,0.822677,0.427195,0.566273,0.732652,0.685191,0.721830,0.606000,0.546521,0.731202,0.762958,0.728897,0.689902,0.392051,0.742210,0.844809,0.726465,0.671078,0.500913,0.615388,0.692425,0.545519,0.541241,0.698516,0.648168,0.659201,0.723269,0.766772,0.717407,0.721529,0.743257,0.753913,0.624241,0.702440,0.666439,0.558158,0.358687,0.618093,0.790005,0.703255,0.601311,0.628777,0.785542,0.517334,0.572501,0.630616,0.682440,0.576452,0.692346,0.601511,0.582440,0.732847,0.583631,0.709322,0.685155,0.793096,0.586101,0.864459,0.768199,0.601880,0.524769,0.723581,0.683355,0.328292,0.561720
0.574933,0.569489,0.740673,0.807322,0.661118,0.751039,0.720034,0.681122,0.713625,0.706655,0.747840,0.674970,0.587596,0.743863,0.553410,0.617834,0.675560,0.619759,0.652208,0.809101,0.598335,0.635120,0.599233,0.672872,0.678181,0.717748,0.645200,0.622444,0.721518,0.590408,0.150123,0.650434,0.515510,0.508275,0.613700,0.786227,0.656335,0.682716,0.766482,0.722960,0.695360,0.517128,0.558575,0.750827,0.798139,0.719546,0.652006,0.704733,0.677450,0.777524,0.723358,0.550914,0.623051,0.560355,0.690778,0.635816,0.694358,0.674225,0.731856,0.726804,0.572264,0.765991,0.607111,0.665970,0.754108,0.640343,0.643016,0.606152,0.547184,0.513783,0.732332,0.546162,0.642102,0.668384,0.592675,0.418820,0.719264,0.617225,0.684300,0.686461,0.701544,0.723209,0.725439,0.445199,0.658168,0.740458,0.753539,0.690677,0.671994,0.726388,0.694837,0.637850,0.655603,0.623721,0.710820,0.738593,0.505711,0.552795,0.758793,0.637711,0.567213,0.706545,0.647851,0.665374,0.597995,0.614042,0.509674,0.615487,0.635497,0.760919,0.537952,0.690246,0.774466,0.726412,0.624594,0.721640,0.537864,0.785570,0.750617,0.606259,0.773483,0.719054,0.661826,0.720865,0.625060,0.706395,0.718945,0.539168,0.499331,0.717448,0.730172,0.775554,0.643630,0.661247,0.663310,0.653131,0.609679,0.579081,0.548527,0.619233,0.712962,0.547527,0.718873,0.628104,0.740377,0.589189,0.583777,0.646351,0.738822,0.793702,0.711260,0.591701,0.683006,0.715366,0.650533,0.782691,0.678819,0.673263,0.613115,0.656597,0.834011,0.803692,0.715454,0.710376,0.753989,0.559323,0.630301,0.745727,0.662487,0.700256,0.695161,0.701856,0.572353,0.842390,0.626634,0.735435,0.548929,0.755501,0.628665,0.727323,0.763778,0.754521,0.667720,0.640233,0.714758,0.488114,0.569406,0.702083,0.600960,0.797751,0.726724,0.772975,0.703348,0.726682,0.648170,0.669535,0.630078,0.565390,0.842203,0.726249,0.494915,0.498556,0.586536,0.683923,0.552331,0.725421,0.799141,0.674014,0.608819,0.651728,0.582241,0.702588,0.542324,0.690367,0.774192,0.732856,0.701618,0.598071,0.739244,0.633321,0.582221,0.757598,0.612862,0.665695,0.768664,0.642519,0.732560,0.547107,0.759522,0.793095,0.627454,0.626972,0.602372,0.741968,0.799883,0.707188,0.644807,0.828147,0.729903,0.736670,0.711389,0.739619,0.691651,0.546406,0.634811,0.450584,0.463464,0.662661,0.653777,0.735068,0.604865,0.601139,0.664228,0.851401,0.645156,0.704294,0.803354,0.655632,0.768200,0.738258,0.539251,0.671608,0.709894,0.634411,0.698830,0.716925,0.688198,0.749041,0.577550,0.705870,0.674057,0.682947,0.819876,0.875103,0.782087,0.753981,0.711605,0.532899,0.705117,0.748292,0.789036,0.777222,0.795257,0.709743,0.659970,0.712139,0.523641,0.667414,0.666929,0.611676,0.000000,0.838388,0.719354,0.825730,0.629188,0.567398,0.550499,0.802974,0.779410,0.716377,0.565755,0.641315,0.625993,0.668856,0.733998,0.660029,0.629702,0.721497,0.689162,0.822944,0.653494,0.697982,0.634461,0.756380,0.734723,0.693618,0.643682,0.775355,0.656722,0.587846,0.760598,0.733813,0.663487,0.660705,0.700767,0.581769,0.528698,0.677670,0.382237,0.458555,0.813457,0.690783,0.544835,0.737531,0.355396,0.688840,0.587084,0.668610,0.811916,0.824905,0.784620,0.613504,0.817103,0.728274,0.599659,0.784542,0.662500,0.517705,0.676259,0.879324,0.872692,0.581394,0.728345,0.664696,0.636973,0.745114,0.839873,0.657032,0.794301,0.815530,0.647489,0.651701,0.703041,0.720037,0.781393,0.681212,0.792254,0.429447,0.658541,0.680748,0.783336,0.634492,0.801328,0.741560,0.498733,0.709341,0.738153,0.692391,0.773943,0.496857,0.692472,0.589800,0.467164,0.657009,0.750804,0.722702,0.759070,0.643927,0.828769,0.638179,0.870153,0.575084,0.636605,0.713952,0.624098,0.604899,0.657632,0.755138,0.522286,0.688337,0.732672,0.640943,0.690588,0.616153,0.752509,0.735889,0.660354,0.666993,0.834401,0.721600,0.632654,0.784131,0.588916,0.703487,0.826315,0.652936,0.608151,0.766779,0.521908,0.834873,0.744582,0.582756,0.820258,0.749427,0.799924,0.684317,0.740441,0.624552,0.744630,0.639885,0.732250,0.648763,0.690673,0.718238,0.707036,0.575491,0.789204,0.812480,0.651825,0.679034,0.680965,0.784698,0.700502,0.647677,0.768781,0.762747,0.825892,0.751095,0.639008,0.741514,0.739471,0.802920,0.635789,0.560729,0.622663,0.656779,0.764921,0.609132,0.704735,0.723232,0.670242,0.762302,0.759825,0.785525,0.663666,0.604501,0.778390,0.736802,0.626913,0.645374,0.706254,0.604889,0.567129,0.757980,0.765442,0.702477,0.695825,0.745451,0.642894,0.626869,0.756676,0.625139,0.710285,0.617913,0.737808,0.822420,0.717658,0.800086,0.693961,0.806703,0.565653,0.677534,0.658494,0.687071,0.766523,0.679469,0.738081,0.768116,0.706754,0.522935,0.608416
0.574991,0.533243,0.639326,0.590917,0.679220,0.580460,0.640434,0.739656,0.674218,0.655123,0.641882,0.675655,0.765080,0.609858,0.772981,0.694364,0.703165,0.693844,0.696574,0.652940,0.708449,0.755693,0.754738,0.715681,0.705547,0.700878,0.665745,0.763992,0.673750,0.766168,0.794128,0.708005,0.807055,0.735150,0.791272,0.667185,0.658919,0.676605,0.676287,0.612950,0.662858,0.744145,0.718656,0.711799,0.642274,0.680942,0.656659,0.658614,0.749471,0.648544,0.745740,0.749186,0.781294,0.801164,0.697230,0.709521,0.667377,0.722040,0.632259,0.743659,0.829211,0.762098,0.840864,0.721580,0.653826,0.782070,0.727460,0.767291,0.739493,0.725374,0.771285,0.810184,0.719716,0.520613,0.829108,0.745501,0.621273,0.694049,0.626799,0.726505,0.678941,0.680235,0.678085,0.846764,0.790322,0.679316,0.554903,0.750960,0.731371,0.698020,0.716979,0.768466,0.589401,0.768319,0.776594,0.677590,0.777026,0.829676,0.753046,0.717659,0.758742,0.657767,0.725255,0.735029,0.760930,0.693661,0.851681,0.720943,0.841727,0.739405,0.806020,0.750903,0.668438,0.651261,0.739531,0.790697,0.850131,0.603320,0.698801,0.785813,0.624219,0.751109,0.672127,0.727811,0.728822,0.701215,0.670037,0.800511,0.741718,0.712935,0.727854,0.619070,0.772525,0.681293,0.760503,0.769521,0.798762,0.783970,0.711174,0.772479,0.717544,0.880567,0.727165,0.695865,0.771904,0.812516,0.687700,0.681670,0.702938,0.738205,0.793102,0.826088,0.771157,0.775440,0.768651,0.731103,0.754172,0.675771,0.763815,0.623358,0.578225,0.692824,0.736277,0.753932,0.749975,0.859710,0.823211,0.710187,0.754551,0.766560,0.708269,0.720336,0.852842,0.640557,0.803862,0.650253,0.840738,0.672425,0.766220,0.755526,0.766685,0.658097,0.657739,0.818309,0.795213,0.815791,0.850330,0.722167,0.784345,0.705082,0.707758,0.681506,0.823764,0.703620,0.682695,0.735730,0.739185,0.853066,0.761382,0.806266,0.908859,0.850776,0.739656,0.779844,0.783771,0.694876,0.654823,0.808153,0.836680,0.815782,0.784970,0.786387,0.872398,0.675395,0.679118,0.792122,0.837164,0.839545,0.779319,0.822025,0.816215,0.798444,0.844174,0.764295,0.742272,0.822039,0.736441,0.861129,0.788549,0.563364,0.717772,0.777778,0.787388,0.722719,0.736286,0.730487,0.747401,0.719137,0.679038,0.817335,0.713451,0.822982,0.768598,0.781261,0.794061,0.853739,0.826934,0.782896,0.728720,0.708847,0.777444,0.703151,0.586570,0.688161,0.857298,0.843669,0.573799,0.622354,0.579725,0.687424,0.841333,0.802372,0.792295,0.600696,0.802338,0.736765,0.700479,0.805294,0.730452,0.743797,0.708851,0.798129,0.783792,0.628179,0.659645,0.780382,0.734521,0.793200,0.758124,0.688319,0.752196,0.783471,0.743415,0.794513,0.759681,0.777834,0.806946,0.669799,0.803366,0.831137,0.838388,0.000000,0.804078,0.689257,0.677974,0.855324,0.807540,0.520983,0.751339,0.827090,0.860756,0.763206,0.808821,0.841317,0.817272,0.772026,0.781569,0.735274,0.800682,0.534617,0.773136,0.770552,0.785319,0.689515,0.698153,0.883212,0.864790,0.690291,0.805880,0.841370,0.847236,0.716668,0.760847,0.748987,0.718334,0.854742,0.794632,0.742451,0.899065,0.817098,0.679288,0.813354,0.823688,0.707137,0.733526,0.759531,0.791680,0.726116,0.747248,0.813210,0.778279,0.753786,0.858584,0.767625,0.885068,0.694910,0.738742,0.850558,0.716993,0.430550,0.740386,0.818068,0.807549,0.695115,0.820086,0.634740,0.649151,0.695186,0.719952,0.604177,0.751110,0.773942,0.797201,0.718359,0.696705,0.780752,0.705140,0.901653,0.764665,0.713047,0.823197,0.833008,0.791251,0.811948,0.852659,0.769145,0.719987,0.774921,0.781161,0.820341,0.765627,0.809727,0.799131,0.777739,0.817838,0.784010,0.817316,0.778395,0.744084,0.716093,0.740134,0.628505,0.851995,0.727504,0.795731,0.812848,0.801894,0.711736,0.787403,0.794349,0.628245,0.722842,0.814325,0.775782,0.788042,0.690047,0.728142,0.803363,0.716990,0.764921,0.766472,0.734786,0.851223,0.799544,0.684300,0.807530,0.769666,0.791565,0.680250,0.599658,0.722877,0.836442,0.819010,0.745542,0.756333,0.706952,0.687902,0.826435,0.723007,0.856713,0.837641,0.819425,0.696222,0.649644,0.859121,0.855942,0.666138,0.550177,0.854269,0.782794,0.689377,0.686244,0.794552,0.800679,0.757656,0.848415,0.728684,0.827094,0.763911,0.769548,0.762603,0.793450,0.702905,0.770989,0.803036,0.793948,0.805015,0.881373,0.759407,0.684195,0.765867,0.833259,0.744584,0.645281,0.810335,0.815692,0.718449,0.817146,0.788244,0.721067,0.818815,0.838529,0.847512,0.781452,0.745129,0.731290,0.677216,0.709093,0.759134,0.716919,0.787324,0.836798,0.655274,0.824907,0.700336,0.714015,0.817832,0.758068,0.769804,0.700833,0.732397,0.751237,0.828714,0.770588,0.636883,0.815249,0.762112,0.768160,0.727316,0.847927,0.772763
0.575607,0.575798,0.722537,0.685516,0.719889,0.658941,0.673019,0.719898,0.678455,0.639717,0.665418,0.676183,0.352693,0.673083,0.417487,0.644068,0.715549,0.615185,0.718709,0.614942,0.552897,0.774963,0.679809,0.748259,0.715420,0.750154,0.663885,0.658132,0.725667,0.606501,0.669918,0.576366,0.644631,0.513660,0.616380,0.592835,0.574834,0.716462,0.667811,0.726978,0.658836,0.721710,0.648733,0.752161,0.710997,0.580757,0.762861,0.726133,0.670457,0.739566,0.686025,0.575888,0.473624,0.653702,0.728119,0.536654,0.727426,0.694730,0.645206,0.661272,0.500226,0.731376,0.636312,0.633192,0.704256,0.669204,0.752560,0.593627,0.564019,0.608163,0.567053,0.480903,0.747157,0.814137,0.454026,0.488919,0.727413,0.649107,0.783256,0.834327,0.745738,0.859485,0.754952,0.644387,0.790225,0.594343,0.808085,0.757612,0.548808,0.761325,0.583405,0.771960,0.782057,0.698584,0.509669,0.568108,0.527145,0.453228,0.773163,0.734440,0.626384,0.514519,0.743971,0.744665,0.441806,0.718578,0.640567,0.733214,0.696608,0.781034,0.555835,0.710996,0.762572,0.707503,0.738288,0.759386,0.703300,0.660905,0.771034,0.754804,0.714981,0.834001,0.783728,0.645955,0.615924,0.731908,0.839305,0.527464,0.601359,0.658993,0.813822,0.744852,0.756319,0.688990,0.687401,0.761146,0.578548,0.629374,0.532562,0.550545,0.629696,0.571238,0.842268,0.569658,0.860854,0.612227,0.795638,0.502011,0.472275,0.522799,0.792925,0.458744,0.802138,0.781834,0.754721,0.702414,0.762245,0.677053,0.554125,0.582484,0.685222,0.828061,0.770114,0.777177,0.783983,0.514296,0.758914,0.685571,0.739492,0.675461,0.648130,0.712240,0.668538,0.712579,0.532350,0.786554,0.613454,0.740474,0.707856,0.566118,0.768989,0.523624,0.687592,0.689300,0.820271,0.612998,0.535092,0.613875,0.674206,0.687152,0.745578,0.829397,0.467834,0.692895,0.725381,0.801881,0.839330,0.665695,0.764760,0.722894,0.644964,0.621763,0.626909,0.757516,0.491601,0.733436,0.707368,0.688688,0.571811,0.689315,0.638133,0.661676,0.538157,0.650396,0.837815,0.788253,0.695643,0.591844,0.806412,0.687587,0.445420,0.670796,0.493598,0.831817,0.825284,0.722941,0.846766,0.582846,0.599167,0.721710,0.695042,0.620267,0.751609,0.728893,0.794195,0.787115,0.723672,0.794918,0.811026,0.773366,0.802996,0.694472,0.734543,0.658291,0.808418,0.512848,0.742498,0.757769,0.750951,0.837888,0.719393,0.600257,0.652932,0.759977,0.489015,0.824895,0.657200,0.687851,0.766682,0.731028,0.609098,0.325308,0.794001,0.818103,0.569593,0.809430,0.821744,0.800384,0.525996,0.798127,0.742483,0.735706,0.828864,0.665670,0.577740,0.788259,0.700637,0.566361,0.815919,0.829442,0.569968,0.746126,0.580206,0.795624,0.655704,0.829423,0.516671,0.829136,0.770451,0.440238,0.719354,0.804078,0.000000,0.731659,0.756110,0.773755,0.584811,0.663190,0.777348,0.743247,0.718359,0.634320,0.589938,0.853705,0.790258,0.588934,0.569028,0.776348,0.810346,0.691960,0.790132,0.709664,0.728436,0.655506,0.584268,0.628492,0.722792,0.832853,0.774653,0.369601,0.754132,0.515070,0.717873,0.723902,0.528553,0.662917,0.573519,0.832611,0.638635,0.571079,0.687058,0.620173,0.636054,0.867774,0.672028,0.794968,0.644139,0.769631,0.803831,0.820398,0.774833,0.654928,0.840250,0.497005,0.731440,0.613354,0.882816,0.653524,0.795534,0.726112,0.674325,0.659532,0.807698,0.702779,0.693485,0.653040,0.699865,0.802891,0.705658,0.700747,0.691907,0.665954,0.631496,0.859396,0.652890,0.787201,0.608337,0.651673,0.669102,0.520569,0.638908,0.703074,0.778656,0.793758,0.657804,0.709972,0.598432,0.812372,0.827096,0.636061,0.838365,0.858939,0.630346,0.783891,0.785865,0.707914,0.847176,0.691504,0.683905,0.785783,0.690458,0.678482,0.619922,0.824942,0.809968,0.519281,0.825953,0.712225,0.679802,0.756942,0.795875,0.693423,0.807348,0.614261,0.868690,0.801703,0.743019,0.778032,0.802853,0.652387,0.471104,0.732301,0.590188,0.803210,0.780869,0.736833,0.685333,0.843560,0.667281,0.624773,0.681517,0.679196,0.778170,0.581277,0.864103,0.641404,0.691634,0.695932,0.766415,0.653744,0.610471,0.601831,0.665721,0.664627,0.666087,0.649635,0.721767,0.788541,0.533067,0.587705,0.728764,0.638580,0.629414,0.664312,0.668301,0.789132,0.709110,0.794373,0.708705,0.675901,0.826684,0.846183,0.723196,0.707112,0.597329,0.622126,0.749226,0.624345,0.600205,0.654608,0.649135,0.792763,0.651496,0.607946,0.665829,0.617255,0.636632,0.866839,0.499488,0.716244,0.739614,0.695693,0.419618,0.614622,0.808335,0.616390,0.605857,0.673694,0.752094,0.601229,0.698640,0.708244,0.779994,0.647436,0.732670,0.743516,0.680232,0.802668,0.608052,0.681998,0.672913,0.721733,0.614832,0.896308,0.690882,0.703648,0.538659,0.819032,0.628530,0.431989,0.521054
0.575694,0.566226,0.435035,0.526934,0.466921,0.492109,0.638615,0.499242,0.622794,0.469907,0.661511,0.477071,0.637129,0.543584,0.615957,0.489284,0.569767,0.551428,0.532544,0.699003,0.571726,0.564915,0.600473,0.544433,0.551450,0.468169,0.552656,0.623874,0.592127,0.645372,0.815012,0.475048,0.818291,0.775661,0.585551,0.601672,0.538967,0.525754,0.689058,0.492104,0.536773,0.805049,0.828801,0.676591,0.678138,0.653459,0.485984,0.516863,0.620038,0.625864,0.502246,0.767042,0.742946,0.866008,0.488632,0.671463,0.605776,0.526329,0.474034,0.620526,0.791690,0.496656,0.837792,0.673857,0.542729,0.566352,0.473317,0.722469,0.631374,0.719516,0.692425,0.746836,0.613271,0.479382,0.745747,0.825167,0.603034,0.545101,0.445621,0.612913,0.712422,0.456408,0.647898,0.844621,0.537707,0.690316,0.515646,0.522669,0.848241,0.593451,0.686534,0.545491,0.517045,0.547793,0.769225,0.682739,0.760127,0.726139,0.637659,0.660218,0.495894,0.684316,0.534067,0.517582,0.679932,0.469761,0.838359,0.513723,0.553370,0.635127,0.831192,0.539459,0.539652,0.581459,0.540061,0.606363,0.869394,0.708158,0.588580,0.602271,0.532950,0.500639,0.541577,0.645677,0.594738,0.549263,0.491167,0.696900,0.662924,0.503194,0.568549,0.552446,0.612595,0.555469,0.690385,0.531016,0.674251,0.767280,0.672416,0.627566,0.651378,0.852158,0.554237,0.699319,0.653156,0.792873,0.501235,0.579515,0.775076,0.694290,0.567755,0.731846,0.602507,0.510222,0.591686,0.456201,0.696341,0.781072,0.578299,0.676057,0.695702,0.584372,0.606294,0.564935,0.684711,0.758441,0.556769,0.696754,0.576471,0.566154,0.661408,0.639047,0.899240,0.614272,0.675453,0.662939,0.859126,0.638861,0.724916,0.699902,0.491422,0.738801,0.625663,0.586816,0.523153,0.808607,0.816088,0.527977,0.803810,0.595798,0.666409,0.535892,0.735869,0.711389,0.596076,0.540239,0.615298,0.610114,0.769515,0.613875,0.889473,0.778927,0.699540,0.546646,0.733210,0.713828,0.689379,0.620443,0.656717,0.756199,0.802226,0.631716,0.722153,0.608099,0.512649,0.550376,0.593076,0.805259,0.586839,0.806183,0.796047,0.740268,0.799122,0.512810,0.520082,0.521039,0.603170,0.855534,0.707302,0.459516,0.722852,0.649247,0.478791,0.581465,0.607954,0.582400,0.727143,0.735002,0.473136,0.516282,0.611720,0.609693,0.677582,0.613066,0.627850,0.743307,0.837685,0.602613,0.639144,0.574786,0.486711,0.575375,0.600701,0.550061,0.785689,0.609715,0.647630,0.734929,0.552283,0.661564,0.853042,0.736163,0.528898,0.509113,0.762157,0.439750,0.502404,0.533813,0.732460,0.215278,0.724237,0.481767,0.651875,0.665189,0.644591,0.527067,0.730272,0.600299,0.557295,0.529327,0.753976,0.646647,0.679929,0.584320,0.661086,0.563354,0.765165,0.660757,0.644004,0.792523,0.825730,0.689257,0.731659,0.000000,0.626804,0.570503,0.714834,0.678491,0.617228,0.597187,0.579395,0.613286,0.678654,0.664846,0.562828,0.686722,0.653257,0.553895,0.478957,0.679177,0.594056,0.681426,0.586423,0.560773,0.669208,0.818662,0.627719,0.521774,0.648583,0.750504,0.655194,0.764288,0.769780,0.608193,0.712417,0.828661,0.663123,0.595770,0.856334,0.697957,0.656993,0.734515,0.815463,0.511634,0.739829,0.677659,0.893452,0.533285,0.738142,0.562944,0.607155,0.843513,0.643859,0.715868,0.887397,0.770916,0.545934,0.873890,0.604518,0.694871,0.802650,0.896316,0.677574,0.662175,0.752360,0.705117,0.778618,0.663239,0.528284,0.778969,0.569298,0.611166,0.604958,0.671931,0.684755,0.631938,0.634421,0.871103,0.870046,0.749999,0.665363,0.795337,0.564347,0.505339,0.826552,0.668228,0.694765,0.558805,0.506071,0.780338,0.604630,0.629142,0.724050,0.585754,0.597319,0.687264,0.562578,0.670190,0.779338,0.513626,0.624211,0.620277,0.718306,0.550640,0.716308,0.724001,0.498166,0.645242,0.721011,0.689026,0.785159,0.707157,0.518257,0.732970,0.548879,0.779045,0.618718,0.532490,0.703287,0.703386,0.734286,0.754577,0.806400,0.541828,0.658761,0.693598,0.644061,0.621649,0.810059,0.718265,0.799604,0.680449,0.747758,0.663687,0.582771,0.586701,0.726526,0.724670,0.514367,0.937717,0.719141,0.711822,0.795260,0.682220,0.568298,0.847014,0.776402,0.694859,0.721073,0.720999,0.686098,0.721943,0.465792,0.706567,0.794630,0.617401,0.640239,0.601424,0.609093,0.786222,0.576378,0.822609,0.773103,0.682061,0.670188,0.668783,0.676651,0.891141,0.794865,0.782300,0.710345,0.624833,0.541174,0.669244,0.920361,0.690167,0.701168,0.707758,0.774177,0.572919,0.735885,0.804071,0.763141,0.693911,0.591070,0.773407,0.556558,0.703289,0.665848,0.692468,0.687371,0.875931,0.671298,0.648516,0.583677,0.624178,0.650506,0.587075,0.728148,0.599280,0.791308,0.646893,0.735278,0.716613,0.768231,0.532083,0.768041,0.621454,0.574398,0.788358,0.650712
0.575777,0.551398,0.522104,0.612797,0.502253,0.540725,0.546790,0.520623,0.582254,0.572619,0.576202,0.527799,0.662079,0.551378,0.627066,0.533631,0.579103,0.610193,0.520073,0.717330,0.592158,0.592566,0.492065,0.548812,0.566318,0.626914,0.576913,0.645353,0.602992,0.580782,0.674887,0.554025,0.746573,0.638711,0.617748,0.584083,0.538439,0.604260,0.661757,0.576077,0.602282,0.645540,0.720821,0.643743,0.708529,0.682157,0.542829,0.628887,0.590802,0.593773,0.426195,0.704181,0.713480,0.772482,0.562739,0.671541,0.599123,0.536956,0.721075,0.619064,0.707634,0.577261,0.775437,0.655015,0.585885,0.554865,0.565540,0.671288,0.665355,0.679051,0.721165,0.708279,0.537063,0.580262,0.724656,0.593787,0.537038,0.521954,0.546479,0.612560,0.649045,0.492067,0.627904,0.736579,0.598557,0.609850,0.621626,0.558996,0.742390,0.527763,0.586031,0.490566,0.530825,0.493887,0.816869,0.578202,0.792550,0.733842,0.659878,0.582886,0.505266,0.627706,0.509456,0.398108,0.658428,0.541036,0.744970,0.514637,0.574585,0.547313,0.751383,0.600167,0.621420,0.531837,0.524463,0.654774,0.841762,0.744719,0.553067,0.524978,0.620667,0.621470,0.589470,0.715723,0.533439,0.658265,0.528623,0.573057,0.704862,0.561080,0.536732,0.569617,0.617441,0.554952,0.640029,0.529384,0.669397,0.675942,0.585981,0.553631,0.599695,0.760818,0.601916,0.522210,0.607029,0.712339,0.500376,0.684181,0.725337,0.736109,0.603516,0.752489,0.583832,0.604315,0.672890,0.531570,0.592476,0.701271,0.610652,0.627881,0.717613,0.639113,0.568231,0.645543,0.715219,0.648122,0.534395,0.730744,0.568964,0.556910,0.597135,0.580493,0.762797,0.603338,0.716262,0.573613,0.795420,0.666768,0.579025,0.727283,0.765374,0.760091,0.540141,0.467992,0.585537,0.632637,0.710647,0.577172,0.752603,0.649308,0.600241,0.636883,0.745291,0.623060,0.697806,0.536438,0.526575,0.612830,0.745544,0.556720,0.723698,0.706025,0.622094,0.609298,0.717377,0.562288,0.735424,0.591888,0.575379,0.666323,0.766089,0.697268,0.746642,0.642352,0.643594,0.624135,0.662069,0.820124,0.524626,0.738464,0.728920,0.723742,0.742972,0.625642,0.569603,0.556785,0.652113,0.864183,0.682889,0.651098,0.664606,0.710661,0.558214,0.638490,0.727607,0.540490,0.520474,0.700212,0.684487,0.522010,0.625865,0.650896,0.729384,0.618686,0.661463,0.694719,0.577549,0.589678,0.702659,0.573801,0.588291,0.647528,0.595003,0.638898,0.722828,0.554592,0.654515,0.638546,0.616106,0.759595,0.781655,0.797713,0.549076,0.573559,0.757689,0.540220,0.618894,0.686131,0.704627,0.580638,0.512769,0.523687,0.659850,0.754745,0.740831,0.536836,0.620314,0.551727,0.638138,0.497120,0.784591,0.623462,0.751800,0.643551,0.597847,0.526548,0.738186,0.543986,0.679413,0.736777,0.629188,0.677974,0.756110,0.626804,0.000000,0.553906,0.642030,0.700527,0.642030,0.661914,0.615720,0.637723,0.638789,0.620911,0.528174,0.714827,0.712466,0.682185,0.610229,0.703832,0.623494,0.559497,0.655009,0.590433,0.711429,0.747909,0.686003,0.600537,0.621661,0.767196,0.604284,0.768907,0.655344,0.517617,0.767982,0.878015,0.666122,0.558925,0.706676,0.720451,0.671225,0.808809,0.678229,0.574914,0.604825,0.551741,0.810402,0.551795,0.818722,0.713694,0.629701,0.705945,0.742338,0.625646,0.823802,0.723799,0.479340,0.715607,0.539929,0.745349,0.791193,0.831974,0.651886,0.633271,0.701075,0.665919,0.817473,0.519887,0.654040,0.726453,0.710029,0.676390,0.761059,0.545946,0.649766,0.637103,0.676615,0.810622,0.792821,0.707352,0.775345,0.799541,0.605287,0.558071,0.771229,0.550451,0.655960,0.621360,0.568095,0.735638,0.608387,0.582734,0.665677,0.546791,0.542922,0.706573,0.514158,0.657245,0.810941,0.574139,0.853204,0.526171,0.760551,0.589935,0.622882,0.686509,0.580083,0.673232,0.599037,0.674335,0.609558,0.543935,0.564415,0.651153,0.549035,0.483786,0.670921,0.584440,0.712221,0.699958,0.628728,0.800437,0.727251,0.512932,0.671712,0.659033,0.658785,0.734785,0.749774,0.709354,0.704779,0.717454,0.786408,0.715831,0.576437,0.595608,0.689644,0.713289,0.560725,0.795996,0.626461,0.726218,0.746788,0.571276,0.569051,0.783504,0.738172,0.672042,0.727119,0.706321,0.647979,0.755542,0.671011,0.569164,0.774992,0.760058,0.742030,0.577522,0.659108,0.706572,0.660674,0.756344,0.451807,0.545522,0.670054,0.724140,0.672548,0.795630,0.773610,0.765612,0.689153,0.612195,0.723027,0.671189,0.770861,0.635480,0.710360,0.738186,0.763612,0.615430,0.687948,0.823748,0.742420,0.749222,0.617642,0.696285,0.691032,0.750330,0.559634,0.690939,0.690056,0.864343,0.671188,0.612063,0.560611,0.694623,0.671958,0.691423,0.753345,0.736750,0.621401,0.698821,0.750862,0.666318,0.702278,0.688410,0.755789,0.766889,0.570625,0.715584,0.678422
0.575933,0.466389,0.438425,0.578468,0.349302,0.575733,0.635425,0.362511,0.660563,0.488099,0.674112,0.506769,0.541758,0.485612,0.480528,0.157062,0.380670,0.575839,0.379896,0.737333,0.441555,0.477414,0.471767,0.422476,0.448175,0.507262,0.411184,0.328871,0.400922,0.426551,0.649506,0.452138,0.583936,0.639684,0.364488,0.638071,0.474471,0.475607,0.660335,0.468967,0.396028,0.764669,0.643831,0.694751,0.773914,0.661527,0.419396,0.486675,0.438417,0.685975,0.520052,0.737335,0.572761,0.671187,0.470959,0.634035,0.439445,0.376194,0.567967,0.601021,0.567877,0.533018,0.636748,0.633315,0.584301,0.346684,0.337643,0.566786,0.634191,0.735900,0.737661,0.558376,0.642669,0.559063,0.652549,0.694899,0.540327,0.368232,0.469430,0.635413,0.724260,0.457360,0.520997,0.637585,0.324603,0.707385,0.571400,0.374534,0.688743,0.586787,0.649252,0.282708,0.436694,0.349640,0.712240,0.694945,0.696203,0.575177,0.502780,0.539331,0.343872,0.711949,0.300717,0.410962,0.654289,0.385610,0.631775,0.395861,0.335055,0.635834,0.757109,0.399793,0.576416,0.516615,0.316253,0.398636,0.725083,0.841714,0.525818,0.358389,0.442275,0.434439,0.370429,0.667606,0.434427,0.378285,0.485558,0.511897,0.587312,0.529136,0.347766,0.680957,0.542207,0.322261,0.624103,0.336608,0.595679,0.666068,0.635354,0.448895,0.640910,0.656213,0.391933,0.631811,0.451032,0.617663,0.503930,0.586788,0.844772,0.783491,0.368382,0.614626,0.295289,0.335334,0.416912,0.432312,0.514370,0.762214,0.479495,0.662067,0.789619,0.568117,0.430797,0.366404,0.617824,0.547408,0.362604,0.799933,0.334163,0.454130,0.554877,0.451937,0.680966,0.519384,0.580759,0.616337,0.741228,0.550977,0.420035,0.629669,0.605800,0.776237,0.617637,0.443942,0.363217,0.699514,0.542811,0.588282,0.788932,0.707492,0.408456,0.373903,0.746648,0.763166,0.602330,0.381734,0.241312,0.354975,0.817098,0.582741,0.632211,0.614789,0.741619,0.311058,0.729688,0.716368,0.721579,0.390228,0.514170,0.644982,0.666669,0.553436,0.571118,0.660810,0.721125,0.427263,0.503359,0.799192,0.526499,0.614468,0.736590,0.531003,0.606540,0.307353,0.485643,0.428264,0.432812,0.768858,0.528879,0.671875,0.737943,0.629064,0.264911,0.590802,0.539275,0.432677,0.666845,0.668253,0.709225,0.438246,0.372027,0.503568,0.790107,0.551062,0.288364,0.621351,0.688686,0.269183,0.750597,0.420386,0.371918,0.535917,0.658290,0.703968,0.686405,0.343769,0.765604,0.631957,0.561135,0.772984,0.727443,0.733129,0.436622,0.508039,0.738293,0.380494,0.454984,0.487114,0.669350,0.363803,0.627736,0.311936,0.424965,0.812506,0.779802,0.479278,0.717172,0.395443,0.425576,0.423124,0.791962,0.658503,0.751462,0.408982,0.578716,0.414896,0.737013,0.514059,0.371883,0.700980,0.567398,0.855324,0.773755,0.570503,0.553906,0.000000,0.581649,0.818210,0.427085,0.338812,0.363041,0.583448,0.494058,0.408437,0.573355,0.677582,0.589385,0.602111,0.375636,0.790156,0.339013,0.502777,0.352142,0.543903,0.755817,0.600412,0.499471,0.375771,0.436746,0.639027,0.465965,0.771009,0.661623,0.460013,0.773955,0.774896,0.561256,0.335285,0.646846,0.556882,0.774935,0.626702,0.684100,0.441464,0.646567,0.597771,0.713876,0.372795,0.761686,0.506949,0.495188,0.838934,0.616440,0.637522,0.709322,0.776152,0.365593,0.689913,0.453933,0.829384,0.833566,0.755482,0.640505,0.646217,0.564980,0.769437,0.841548,0.495024,0.526054,0.838145,0.684227,0.414334,0.631726,0.538710,0.784266,0.309034,0.738098,0.660716,0.713546,0.719166,0.656921,0.760391,0.577735,0.347911,0.740222,0.622752,0.589118,0.375847,0.450135,0.636085,0.377111,0.447823,0.681537,0.397798,0.546776,0.659679,0.518768,0.648295,0.820317,0.389274,0.773752,0.533354,0.755948,0.299735,0.571946,0.604708,0.380859,0.719266,0.543255,0.404331,0.793620,0.546358,0.375695,0.493361,0.279933,0.821016,0.627580,0.312371,0.693547,0.686486,0.656516,0.780744,0.773511,0.399360,0.692214,0.585943,0.556425,0.548832,0.724234,0.824085,0.778887,0.585117,0.795302,0.696043,0.420798,0.399346,0.813765,0.623934,0.463724,0.779809,0.727402,0.648677,0.831195,0.695494,0.413279,0.723716,0.818230,0.712103,0.697243,0.682179,0.580170,0.842989,0.595394,0.562102,0.749581,0.670637,0.724079,0.596897,0.375568,0.714664,0.551650,0.830205,0.673551,0.492320,0.626210,0.583240,0.531132,0.826256,0.801567,0.831302,0.646740,0.426079,0.626457,0.765565,0.786756,0.525369,0.781522,0.626825,0.764127,0.326803,0.570136,0.738349,0.708985,0.621516,0.540822,0.794808,0.627518,0.583997,0.608681,0.677300,0.649351,0.794022,0.598241,0.539428,0.542217,0.651666,0.507688,0.535626,0.698001,0.649560,0.701078,0.650338,0.669642,0.554866,0.825847,0.348085,0.793655,0.503055,0.554695,0.660908,0.575079
0.576055,0.534787,0.697388,0.673096,0.618699,0.683213,0.640385,0.679498,0.575214,0.642754,0.618397,0.662561,0.425448,0.697182,0.426847,0.608701,0.617755,0.627929,0.588367,0.564141,0.492061,0.639573,0.448095,0.678963,0.577522,0.698375,0.423121,0.628823,0.622127,0.439728,0.598660,0.605883,0.633336,0.510996,0.480666,0.549061,0.490005,0.618516,0.661436,0.672359,0.538661,0.655766,0.640895,0.642565,0.607947,0.521011,0.612141,0.580971,0.576215,0.677317,0.713244,0.693080,0.427022,0.655638,0.668432,0.524131,0.628859,0.618047,0.624159,0.713760,0.501402,0.695890,0.642668,0.599604,0.666053,0.550610,0.682618,0.507251,0.553298,0.701311,0.539528,0.472172,0.642781,0.689106,0.374969,0.534213,0.700863,0.507293,0.656600,0.679278,0.746244,0.728721,0.611885,0.611614,0.614961,0.555503,0.761087,0.674587,0.409652,0.664570,0.518911,0.590195,0.658935,0.547452,0.587369,0.592622,0.603120,0.456027,0.634446,0.454545,0.546335,0.458658,0.600074,0.686887,0.531606,0.580608,0.610901,0.581207,0.513627,0.545651,0.681827,0.590786,0.673541,0.645498,0.608543,0.757500,0.735782,0.670712,0.631178,0.513186,0.660288,0.680569,0.679273,0.564019,0.503480,0.642511,0.733819,0.439413,0.551306,0.644004,0.635981,0.729308,0.597229,0.515803,0.500409,0.598306,0.591131,0.647336,0.672865,0.426367,0.511655,0.553409,0.772477,0.448475,0.738712,0.538018,0.659331,0.503457,0.770638,0.502384,0.669318,0.521291,0.677019,0.624621,0.527037,0.634779,0.575779,0.692815,0.514660,0.591459,0.756692,0.813880,0.537623,0.695504,0.715167,0.414552,0.572957,0.621991,0.609599,0.574734,0.553177,0.556019,0.714422,0.691579,0.427747,0.707404,0.557331,0.746128,0.553638,0.667884,0.755762,0.501033,0.666630,0.605408,0.654960,0.616305,0.445815,0.655556,0.713587,0.590787,0.575806,0.751260,0.404681,0.541786,0.716881,0.632007,0.679988,0.530190,0.745032,0.688279,0.595051,0.586205,0.647410,0.619106,0.636737,0.634562,0.733493,0.497545,0.490924,0.679735,0.665877,0.492818,0.434246,0.657254,0.754582,0.703962,0.510859,0.719617,0.697649,0.697540,0.452784,0.700494,0.432419,0.645111,0.732667,0.566071,0.763914,0.601773,0.653848,0.669725,0.493955,0.650471,0.639763,0.658224,0.698171,0.628898,0.567923,0.698506,0.708180,0.720704,0.702644,0.569516,0.779283,0.551172,0.564826,0.404556,0.577058,0.599584,0.770617,0.737489,0.428978,0.544490,0.641014,0.754563,0.393447,0.617235,0.739659,0.634001,0.659519,0.684146,0.646922,0.511861,0.751726,0.618642,0.712612,0.692052,0.736771,0.725704,0.419765,0.654128,0.660557,0.575036,0.790404,0.785264,0.694249,0.751864,0.555489,0.456347,0.643207,0.683396,0.582621,0.688966,0.627015,0.707515,0.578086,0.756555,0.520732,0.704634,0.643410,0.460174,0.550499,0.807540,0.584811,0.714834,0.642030,0.581649,0.000000,0.702502,0.736316,0.685698,0.490230,0.402532,0.369770,0.606884,0.757226,0.210144,0.613078,0.687811,0.659020,0.749105,0.645424,0.481820,0.579038,0.680907,0.686550,0.632714,0.660869,0.769816,0.588300,0.453058,0.645785,0.635912,0.657707,0.555250,0.707174,0.668439,0.475470,0.697647,0.545948,0.455903,0.790280,0.635060,0.487950,0.782317,0.625937,0.691717,0.697644,0.581432,0.802703,0.748062,0.666099,0.640763,0.793284,0.642154,0.736671,0.617341,0.661346,0.688840,0.641842,0.707967,0.772303,0.678623,0.522297,0.607164,0.603261,0.758493,0.683218,0.653255,0.585075,0.708655,0.718411,0.629416,0.680158,0.618637,0.669696,0.721145,0.601766,0.643443,0.705014,0.429919,0.724150,0.729447,0.722982,0.696453,0.703358,0.644753,0.572694,0.708711,0.773937,0.600221,0.694044,0.681446,0.604459,0.548998,0.698783,0.688798,0.718252,0.580812,0.653900,0.680562,0.722788,0.530162,0.555069,0.680533,0.750966,0.567840,0.692291,0.631888,0.505335,0.692198,0.578469,0.464640,0.661203,0.466091,0.672354,0.596188,0.747392,0.626210,0.760899,0.641662,0.534741,0.781207,0.482858,0.722846,0.737378,0.495508,0.493555,0.781671,0.677088,0.751478,0.701792,0.577253,0.777041,0.551615,0.742521,0.572678,0.539916,0.631731,0.625085,0.667121,0.713620,0.557984,0.745991,0.714017,0.489518,0.681578,0.700401,0.832477,0.565021,0.561560,0.654984,0.709804,0.693131,0.437207,0.572366,0.620020,0.729618,0.759852,0.620931,0.562722,0.771092,0.778373,0.656446,0.503589,0.504225,0.597432,0.728509,0.673629,0.536608,0.725443,0.517947,0.678394,0.737259,0.733607,0.693339,0.620421,0.740071,0.630595,0.623390,0.630942,0.624181,0.679567,0.426825,0.578940,0.677091,0.737762,0.554207,0.536734,0.681008,0.537752,0.526818,0.683601,0.651668,0.475308,0.687667,0.707494,0.514056,0.793392,0.569729,0.656458,0.622354,0.671653,0.501112,0.723561,0.797876,0.516193,0.509985,0.705572,0.595492,0.414278,0.474577
0.576355,0.716240,0.630128,0.657340,0.734068,0.525768,0.518626,0.742643,0.516631,0.610190,0.496636,0.569749,0.589434,0.608466,0.690300,0.694522,0.717870,0.596736,0.731115,0.516244,0.526789,0.799507,0.620697,0.757515,0.595930,0.735700,0.723133,0.763108,0.740154,0.722824,0.735881,0.504715,0.806225,0.697719,0.742567,0.500678,0.621937,0.699685,0.565535,0.687973,0.676583,0.723793,0.707564,0.618071,0.513616,0.627941,0.613663,0.664028,0.703333,0.604948,0.698559,0.675547,0.739776,0.858302,0.706712,0.659278,0.752893,0.748784,0.663811,0.640314,0.738471,0.754889,0.791964,0.658676,0.674844,0.751248,0.682619,0.728342,0.644170,0.646758,0.576939,0.723795,0.564541,0.669576,0.696455,0.684941,0.726995,0.686855,0.747923,0.628481,0.517850,0.753065,0.739737,0.853221,0.795870,0.567720,0.749686,0.767442,0.728393,0.685644,0.616868,0.806708,0.734348,0.775328,0.757982,0.533314,0.758221,0.747991,0.838701,0.627191,0.683666,0.472655,0.753677,0.768907,0.708069,0.771803,0.858474,0.755425,0.798635,0.623571,0.745007,0.694718,0.636969,0.647198,0.785280,0.743529,0.854875,0.479001,0.732962,0.723720,0.712911,0.778937,0.730590,0.687093,0.680779,0.818271,0.746183,0.730832,0.740034,0.676203,0.740395,0.525343,0.641357,0.755944,0.624182,0.755007,0.708297,0.685727,0.616632,0.730526,0.610817,0.838653,0.820484,0.611655,0.843068,0.758418,0.762484,0.597353,0.574940,0.594023,0.754096,0.761974,0.781635,0.754326,0.725470,0.708041,0.749364,0.578161,0.699262,0.607344,0.234898,0.750158,0.725390,0.742330,0.722148,0.794970,0.734052,0.606066,0.803574,0.824933,0.607927,0.718667,0.846215,0.625142,0.717965,0.757528,0.716141,0.657362,0.716687,0.744571,0.747703,0.516251,0.705940,0.779151,0.760162,0.781175,0.790861,0.644652,0.727931,0.635314,0.732230,0.806949,0.702082,0.577739,0.696916,0.744934,0.809964,0.763685,0.605968,0.740025,0.830963,0.813900,0.578345,0.744257,0.732114,0.657107,0.384352,0.809482,0.712236,0.799377,0.769377,0.762154,0.743064,0.671881,0.774812,0.785193,0.768648,0.749244,0.787628,0.833135,0.716031,0.754580,0.778460,0.790696,0.809230,0.727377,0.766638,0.809040,0.745209,0.572521,0.629095,0.684182,0.726471,0.736670,0.842157,0.772808,0.667157,0.770868,0.718099,0.808140,0.743553,0.730907,0.677477,0.732043,0.803422,0.749305,0.814365,0.777521,0.642991,0.806038,0.638561,0.550256,0.682703,0.688766,0.782227,0.758543,0.252041,0.503746,0.719001,0.610867,0.847631,0.730338,0.837695,0.703239,0.654898,0.747123,0.830381,0.811034,0.661222,0.723005,0.733735,0.784516,0.836096,0.441819,0.358485,0.802384,0.658717,0.745076,0.799028,0.769084,0.627755,0.713142,0.729647,0.768050,0.754301,0.837870,0.757336,0.810326,0.791668,0.741407,0.802974,0.520983,0.663190,0.678491,0.700527,0.818210,0.702502,0.000000,0.748827,0.777267,0.728904,0.692754,0.747525,0.777987,0.759089,0.619195,0.622303,0.721964,0.727701,0.346086,0.742394,0.747908,0.793790,0.655211,0.421653,0.819421,0.733905,0.791023,0.745894,0.764181,0.800867,0.485473,0.679800,0.755258,0.446940,0.796728,0.610545,0.825818,0.855930,0.718534,0.420201,0.698846,0.718072,0.775509,0.728342,0.745364,0.827373,0.794097,0.665781,0.800486,0.734891,0.807949,0.781175,0.709880,0.834751,0.635378,0.828409,0.893719,0.714001,0.400150,0.615891,0.868761,0.652642,0.724649,0.683609,0.372694,0.655906,0.777640,0.765938,0.524132,0.562772,0.740574,0.765561,0.800188,0.555196,0.742187,0.422759,0.867057,0.863844,0.664946,0.690252,0.860899,0.846386,0.773773,0.745155,0.725666,0.737717,0.760063,0.826468,0.826121,0.771203,0.746460,0.572960,0.737326,0.791422,0.594611,0.840869,0.705134,0.658854,0.785166,0.704437,0.757721,0.704118,0.839867,0.732278,0.658051,0.656561,0.705273,0.662420,0.778535,0.635102,0.700832,0.823524,0.754181,0.803652,0.688738,0.579634,0.804480,0.639166,0.603491,0.613172,0.695508,0.615059,0.831222,0.747550,0.694719,0.573198,0.736126,0.609980,0.267450,0.663798,0.608754,0.602915,0.564237,0.812065,0.718277,0.549027,0.547595,0.756420,0.784593,0.564870,0.697126,0.444942,0.586435,0.820033,0.848370,0.619808,0.523034,0.746178,0.550383,0.634096,0.572124,0.671808,0.656163,0.743890,0.752487,0.754726,0.797267,0.723752,0.722626,0.772938,0.682523,0.791877,0.783949,0.761737,0.697737,0.768881,0.877449,0.713284,0.509139,0.693101,0.750163,0.562528,0.370130,0.637043,0.763642,0.392436,0.732842,0.584731,0.648593,0.773314,0.881146,0.743273,0.763194,0.793969,0.632227,0.600642,0.618437,0.683415,0.640122,0.729476,0.803232,0.791626,0.650714,0.793877,0.674219,0.688796,0.791431,0.661040,0.552970,0.653079,0.657561,0.730349,0.774247,0.384633,0.809908,0.526284,0.809892,0.559447,0.731754,0.573190
0.576557,0.572358,0.389709,0.483500,0.430504,0.498299,0.502420,0.302734,0.619208,0.462760,0.520596,0.522332,0.609078,0.455458,0.555596,0.339582,0.398959,0.585964,0.395459,0.664855,0.524843,0.554685,0.559824,0.420330,0.432564,0.580304,0.506253,0.375613,0.317986,0.509153,0.736642,0.512678,0.649359,0.685426,0.466791,0.592920,0.600500,0.544306,0.560351,0.521623,0.415259,0.708362,0.669920,0.615967,0.710500,0.666546,0.460875,0.547670,0.377769,0.607889,0.443432,0.764500,0.635805,0.704814,0.492407,0.662400,0.382587,0.342036,0.624328,0.566650,0.618808,0.463147,0.647664,0.628480,0.590885,0.453259,0.357648,0.609668,0.700647,0.712128,0.732477,0.652736,0.634770,0.625045,0.737202,0.737861,0.549903,0.432149,0.497084,0.610746,0.697998,0.507358,0.497055,0.707253,0.403061,0.706349,0.601476,0.365160,0.708507,0.528897,0.638379,0.339117,0.531866,0.412770,0.708050,0.709288,0.718395,0.644191,0.520049,0.607121,0.471571,0.713261,0.437542,0.435211,0.683559,0.550376,0.683735,0.507477,0.402329,0.574314,0.806773,0.390503,0.588111,0.562860,0.341883,0.264230,0.743824,0.790255,0.577687,0.461931,0.418917,0.464234,0.402074,0.792452,0.598520,0.536793,0.473278,0.609920,0.625758,0.536570,0.300824,0.655603,0.576745,0.443163,0.683275,0.369389,0.522494,0.636062,0.755279,0.615640,0.732615,0.750661,0.360475,0.679169,0.473683,0.650421,0.517618,0.660721,0.792736,0.729920,0.353355,0.673437,0.259546,0.378036,0.457855,0.534945,0.476881,0.798364,0.533940,0.636122,0.731048,0.421820,0.482975,0.344537,0.522084,0.642940,0.401683,0.722650,0.337552,0.592960,0.620647,0.438459,0.709090,0.591616,0.641146,0.549333,0.773044,0.475192,0.458257,0.668344,0.693427,0.731700,0.616988,0.478660,0.370557,0.805345,0.657951,0.675570,0.775851,0.643580,0.416100,0.397985,0.726737,0.784386,0.640115,0.442882,0.358000,0.566311,0.739991,0.574803,0.696821,0.708105,0.735251,0.388839,0.781005,0.613314,0.774556,0.512934,0.575942,0.571598,0.734174,0.591134,0.656925,0.629894,0.769818,0.418492,0.504524,0.824276,0.540024,0.648976,0.706788,0.496389,0.657377,0.382192,0.490496,0.568802,0.368992,0.829398,0.480904,0.788197,0.787711,0.612661,0.389017,0.612049,0.402541,0.563015,0.643749,0.584568,0.722105,0.363518,0.306615,0.521790,0.813965,0.692531,0.395459,0.706187,0.789089,0.156291,0.693265,0.356259,0.567782,0.596187,0.682818,0.628513,0.727160,0.410047,0.728195,0.659089,0.602452,0.730162,0.763706,0.741612,0.410471,0.649770,0.750626,0.461803,0.493374,0.604782,0.707792,0.575720,0.626037,0.478175,0.343940,0.704973,0.805195,0.415364,0.715439,0.552390,0.474934,0.421392,0.743227,0.653748,0.733981,0.402401,0.664084,0.438685,0.760214,0.572958,0.357748,0.757357,0.779410,0.751339,0.777348,0.617228,0.642030,0.427085,0.736316,0.748827,0.000000,0.319762,0.497702,0.738801,0.670717,0.466330,0.586988,0.702400,0.654644,0.560292,0.489385,0.722244,0.368638,0.597442,0.341906,0.580956,0.717087,0.621469,0.542413,0.425393,0.449512,0.731141,0.501301,0.802229,0.642589,0.581426,0.773417,0.801899,0.677581,0.350240,0.776441,0.604633,0.672102,0.596726,0.769482,0.426722,0.644060,0.533270,0.737246,0.490518,0.753762,0.468674,0.458685,0.820956,0.540402,0.651139,0.738545,0.701806,0.549514,0.723028,0.523503,0.816325,0.707229,0.715277,0.733002,0.686382,0.643456,0.758421,0.836206,0.549346,0.596817,0.787949,0.807083,0.534852,0.630851,0.576152,0.687900,0.301484,0.772577,0.697535,0.739497,0.684525,0.508993,0.617625,0.591011,0.416568,0.870032,0.719174,0.672228,0.403875,0.437614,0.706773,0.375142,0.453601,0.756951,0.619425,0.452323,0.657624,0.568370,0.698313,0.822990,0.455182,0.724881,0.648438,0.811603,0.429693,0.529066,0.610824,0.436146,0.697676,0.650036,0.332074,0.749349,0.712448,0.427717,0.637431,0.435507,0.775928,0.781539,0.391587,0.632738,0.660426,0.675740,0.691929,0.806158,0.378152,0.661702,0.684077,0.630947,0.442094,0.738331,0.775890,0.775996,0.741807,0.851220,0.744321,0.467354,0.492091,0.803818,0.689672,0.526407,0.748271,0.726662,0.658586,0.768757,0.814731,0.573042,0.757880,0.794106,0.648376,0.755856,0.754859,0.656844,0.715737,0.723044,0.621492,0.753415,0.676570,0.626555,0.589351,0.542110,0.663188,0.559309,0.711514,0.730842,0.621005,0.673482,0.699168,0.582596,0.848801,0.689347,0.812936,0.760815,0.441010,0.614088,0.705457,0.750180,0.695626,0.786883,0.664288,0.742387,0.466883,0.567659,0.772729,0.714735,0.612644,0.582946,0.779220,0.726582,0.643061,0.713954,0.643013,0.733812,0.840473,0.646310,0.699373,0.509068,0.584844,0.606816,0.494318,0.641766,0.596626,0.806743,0.627581,0.701958,0.547241,0.757114,0.530608,0.752014,0.566531,0.614398,0.750701,0.684032
0.576603,0.534225,0.443843,0.554847,0.409033,0.543222,0.577439,0.333428,0.617270,0.502734,0.626222,0.511073,0.583748,0.525388,0.549867,0.306196,0.418030,0.583905,0.438999,0.710820,0.494572,0.529743,0.513213,0.424504,0.458810,0.547235,0.527722,0.372419,0.355287,0.459393,0.698163,0.440919,0.638597,0.653000,0.425322,0.669310,0.561607,0.542495,0.659483,0.467411,0.412259,0.744513,0.705975,0.623472,0.749618,0.657499,0.516125,0.509422,0.423223,0.685743,0.559384,0.791863,0.663448,0.685012,0.524973,0.655517,0.412896,0.371028,0.604615,0.606761,0.618152,0.497827,0.640971,0.647835,0.545346,0.437404,0.396444,0.587388,0.711776,0.707397,0.711888,0.607035,0.696864,0.620685,0.698857,0.733460,0.571533,0.395071,0.520441,0.645059,0.705936,0.513451,0.563249,0.690439,0.355689,0.770836,0.576408,0.362305,0.705867,0.559140,0.724094,0.363477,0.512629,0.440922,0.735017,0.737340,0.706052,0.621777,0.561192,0.609821,0.422751,0.676172,0.430994,0.475763,0.619823,0.512962,0.695196,0.499204,0.355245,0.624728,0.809386,0.393287,0.608109,0.569097,0.402718,0.295133,0.741983,0.822114,0.593991,0.451819,0.449412,0.407881,0.395200,0.703004,0.545076,0.522927,0.444404,0.602197,0.570418,0.553138,0.382830,0.681153,0.568929,0.421604,0.640819,0.364930,0.617560,0.631930,0.756147,0.604357,0.729508,0.675539,0.390601,0.709707,0.488008,0.641164,0.547434,0.631228,0.803999,0.707834,0.355350,0.601056,0.306015,0.346632,0.437517,0.483834,0.583627,0.805736,0.515156,0.673229,0.754138,0.483706,0.535924,0.308633,0.581434,0.641447,0.385048,0.739992,0.377282,0.570132,0.641441,0.474560,0.700357,0.610709,0.618501,0.630496,0.756865,0.527367,0.471218,0.704042,0.631172,0.751251,0.676448,0.543015,0.355019,0.806423,0.599208,0.607280,0.792062,0.678986,0.488531,0.468538,0.749396,0.778273,0.648437,0.434321,0.390218,0.506797,0.813373,0.592287,0.690228,0.717505,0.722499,0.339534,0.796779,0.663571,0.721180,0.507363,0.516558,0.660280,0.753409,0.561185,0.577082,0.656748,0.698897,0.410454,0.440253,0.828442,0.591792,0.678357,0.751261,0.504586,0.632302,0.414248,0.529160,0.499999,0.415049,0.787380,0.478929,0.695050,0.754942,0.581235,0.384880,0.564020,0.490392,0.554944,0.682578,0.661053,0.617787,0.470873,0.359519,0.470833,0.775386,0.686509,0.380888,0.677984,0.754404,0.306823,0.683131,0.441188,0.474552,0.558700,0.700158,0.652556,0.733469,0.381562,0.764350,0.633081,0.599736,0.755296,0.754990,0.771327,0.492910,0.606206,0.761959,0.447227,0.504312,0.524877,0.681193,0.481254,0.686017,0.444460,0.406902,0.732489,0.753805,0.519973,0.713219,0.501993,0.463072,0.456971,0.777883,0.622429,0.705181,0.378233,0.620841,0.505563,0.769850,0.603418,0.392173,0.724661,0.716377,0.827090,0.743247,0.597187,0.661914,0.338812,0.685698,0.777267,0.319762,0.000000,0.431973,0.637216,0.634650,0.491321,0.627954,0.699715,0.673029,0.580325,0.485685,0.738078,0.373771,0.642580,0.377589,0.620492,0.734523,0.628754,0.599308,0.476448,0.459836,0.735300,0.502168,0.785769,0.683272,0.597519,0.785791,0.791204,0.602044,0.438995,0.743399,0.607406,0.701115,0.596877,0.747122,0.486931,0.696665,0.609564,0.746535,0.509581,0.756182,0.414647,0.440106,0.847484,0.540179,0.660503,0.721984,0.794159,0.508519,0.709898,0.530979,0.830690,0.756305,0.701723,0.704755,0.667011,0.584402,0.795573,0.839894,0.600155,0.622099,0.834483,0.785054,0.463649,0.565431,0.644077,0.732001,0.348971,0.723944,0.702954,0.779560,0.695039,0.541165,0.707280,0.577232,0.407205,0.810531,0.645780,0.656649,0.380262,0.477511,0.708039,0.383168,0.491313,0.692205,0.609062,0.561271,0.717231,0.579149,0.730941,0.776856,0.435413,0.742974,0.642824,0.813083,0.458476,0.562165,0.642488,0.459925,0.686780,0.629592,0.370656,0.786226,0.701073,0.469192,0.623669,0.401257,0.831917,0.758439,0.419463,0.747130,0.633397,0.682281,0.785505,0.750823,0.479918,0.689457,0.649066,0.597634,0.519197,0.763043,0.780689,0.839252,0.737457,0.815094,0.713638,0.456326,0.454249,0.759629,0.686800,0.513715,0.754422,0.690380,0.583713,0.812140,0.755381,0.532323,0.759405,0.823736,0.670036,0.659224,0.796109,0.637911,0.824174,0.684953,0.572066,0.696590,0.590185,0.660395,0.609844,0.439681,0.703913,0.591384,0.778710,0.746091,0.637212,0.671745,0.677242,0.542222,0.776833,0.721691,0.850403,0.764194,0.413772,0.587864,0.713842,0.824476,0.712050,0.768501,0.638465,0.731166,0.364002,0.603614,0.780173,0.737079,0.616646,0.572889,0.818028,0.692756,0.628951,0.719476,0.666344,0.696464,0.830098,0.666297,0.690385,0.565307,0.571547,0.545862,0.509796,0.690169,0.629275,0.803624,0.635513,0.654899,0.559074,0.771650,0.501260,0.826797,0.537976,0.614730,0.735181,0.642451
0.576698,0.500429,0.493645,0.611887,0.445423,0.574486,0.614294,0.455597,0.604993,0.544775,0.630284,0.510498,0.577450,0.570018,0.522846,0.384338,0.394778,0.575219,0.379330,0.702146,0.394051,0.549056,0.449572,0.470056,0.461636,0.542298,0.406661,0.458157,0.433562,0.486019,0.616912,0.417558,0.633076,0.604457,0.416978,0.633091,0.521049,0.522251,0.694202,0.529816,0.411736,0.736648,0.634722,0.683052,0.703023,0.481982,0.443889,0.469263,0.403722,0.675160,0.582964,0.793605,0.617615,0.713623,0.487872,0.503196,0.472005,0.382063,0.574747,0.538737,0.667124,0.529850,0.672170,0.631571,0.627849,0.356876,0.402043,0.602604,0.601910,0.715954,0.728955,0.661225,0.597857,0.569619,0.678584,0.663398,0.599326,0.362064,0.534717,0.595571,0.766416,0.585651,0.535974,0.676596,0.333531,0.677089,0.635385,0.392761,0.667819,0.540303,0.671065,0.436744,0.536930,0.345814,0.694355,0.704613,0.672906,0.643303,0.544448,0.533703,0.368460,0.593122,0.436041,0.500538,0.671228,0.451846,0.698293,0.443116,0.366542,0.586629,0.754349,0.354654,0.611089,0.583769,0.434460,0.467166,0.744713,0.728543,0.597610,0.430162,0.500450,0.401076,0.416144,0.667783,0.506636,0.555268,0.525348,0.505407,0.486521,0.503662,0.429290,0.738560,0.553928,0.417462,0.538095,0.352009,0.631769,0.610671,0.716034,0.503692,0.680980,0.687514,0.478725,0.561586,0.553353,0.616760,0.569076,0.521097,0.818570,0.636360,0.385562,0.646951,0.367731,0.346658,0.483940,0.463684,0.551093,0.777059,0.390309,0.611146,0.782006,0.549950,0.470227,0.388260,0.650350,0.544625,0.350116,0.687152,0.365059,0.494374,0.580805,0.481121,0.769206,0.690799,0.614931,0.592669,0.683800,0.520449,0.434977,0.689540,0.641133,0.629237,0.649925,0.452063,0.360335,0.744113,0.625825,0.600173,0.741643,0.673372,0.429455,0.501194,0.710382,0.729987,0.556748,0.395192,0.406999,0.437129,0.807257,0.568444,0.660339,0.658462,0.636443,0.362697,0.752631,0.678423,0.741444,0.431468,0.396233,0.666894,0.717556,0.464626,0.543554,0.697592,0.724445,0.400891,0.425678,0.782094,0.556518,0.747113,0.639108,0.549748,0.644891,0.412558,0.499141,0.450454,0.491257,0.731575,0.572369,0.688309,0.704494,0.573508,0.376427,0.583192,0.546881,0.533275,0.666304,0.596819,0.685884,0.483463,0.435667,0.451882,0.687952,0.532691,0.426814,0.592213,0.710029,0.347753,0.651958,0.540338,0.403387,0.475916,0.616707,0.701384,0.653818,0.420210,0.780440,0.617103,0.565067,0.675797,0.745911,0.704694,0.494942,0.529336,0.755951,0.452759,0.511875,0.489753,0.566957,0.448154,0.638403,0.378514,0.562246,0.782582,0.689464,0.539784,0.667404,0.351965,0.424296,0.498426,0.719999,0.637590,0.571714,0.401711,0.506409,0.529965,0.672608,0.626154,0.376029,0.700473,0.565755,0.860756,0.718359,0.579395,0.615720,0.363041,0.490230,0.728904,0.497702,0.431973,0.000000,0.565600,0.544007,0.495119,0.584360,0.581428,0.448797,0.538337,0.426830,0.788551,0.386998,0.577367,0.317617,0.608763,0.695152,0.640726,0.544220,0.530017,0.449920,0.660145,0.460166,0.737035,0.718182,0.517867,0.735988,0.785712,0.429112,0.470708,0.667754,0.475747,0.708725,0.679043,0.704179,0.506766,0.616535,0.634878,0.775245,0.434569,0.815835,0.479437,0.507822,0.812161,0.633717,0.666559,0.737377,0.741067,0.544496,0.703202,0.523796,0.848489,0.832911,0.780143,0.604679,0.634360,0.622492,0.773947,0.820006,0.533470,0.600061,0.812461,0.657479,0.441139,0.606269,0.593970,0.730095,0.415749,0.696738,0.617261,0.803824,0.694352,0.681174,0.791391,0.579976,0.399260,0.738618,0.597273,0.722359,0.453885,0.536341,0.662030,0.434897,0.496405,0.630195,0.512130,0.557016,0.700314,0.572592,0.581787,0.686350,0.425209,0.716214,0.520564,0.741187,0.479013,0.578984,0.604655,0.469809,0.673183,0.543758,0.408542,0.772437,0.643136,0.436221,0.546046,0.458124,0.770901,0.678788,0.346927,0.759515,0.676023,0.647296,0.735801,0.705650,0.473410,0.678562,0.577567,0.502629,0.556104,0.661863,0.831377,0.791949,0.583615,0.822881,0.720645,0.504929,0.353245,0.697134,0.526611,0.491692,0.796600,0.687234,0.516233,0.804338,0.784951,0.363834,0.679906,0.791922,0.801726,0.673893,0.682704,0.613047,0.773949,0.549449,0.574213,0.652550,0.606926,0.669819,0.599200,0.415921,0.696146,0.603277,0.744493,0.712298,0.547963,0.547672,0.478502,0.613943,0.799224,0.689837,0.790569,0.564477,0.498997,0.569614,0.766986,0.839004,0.638910,0.825636,0.611004,0.618693,0.382402,0.593644,0.757567,0.659017,0.587513,0.519033,0.823966,0.618631,0.674979,0.638719,0.543579,0.691769,0.737836,0.656986,0.515648,0.505294,0.538572,0.461915,0.586735,0.673536,0.624493,0.715386,0.560534,0.497374,0.612703,0.842642,0.379128,0.663754,0.483745,0.530987,0.623051,0.422978
0.577173,0.513761,0.615198,0.616558,0.534798,0.647427,0.663373,0.634422,0.511672,0.639070,0.641987,0.656942,0.483759,0.663225,0.489363,0.579077,0.621002,0.661356,0.559578,0.629722,0.469291,0.656574,0.413162,0.648176,0.567492,0.679570,0.473926,0.626606,0.590614,0.455563,0.702425,0.572180,0.710642,0.603180,0.475146,0.589130,0.487710,0.597600,0.728356,0.619447,0.506243,0.736698,0.755876,0.638136,0.592634,0.511674,0.603023,0.494166,0.576376,0.688972,0.600455,0.780797,0.585486,0.720643,0.680828,0.483600,0.639081,0.636449,0.624580,0.618742,0.567402,0.682275,0.677670,0.674459,0.619825,0.568785,0.642511,0.550690,0.537972,0.662199,0.500969,0.542145,0.612757,0.604296,0.481303,0.590773,0.670033,0.540361,0.606741,0.672219,0.723755,0.673613,0.625898,0.682045,0.548809,0.665578,0.704614,0.632596,0.633448,0.717023,0.600448,0.583143,0.607156,0.524168,0.620665,0.659715,0.723692,0.558441,0.635601,0.458716,0.496296,0.564707,0.569940,0.593792,0.550263,0.573686,0.744089,0.613100,0.525094,0.600527,0.789912,0.569624,0.663425,0.605670,0.607585,0.772887,0.794871,0.688143,0.585530,0.516009,0.652067,0.603310,0.553803,0.347810,0.556358,0.630198,0.600059,0.545777,0.600017,0.660358,0.633084,0.734066,0.659946,0.528616,0.471087,0.585486,0.634226,0.761254,0.728982,0.508408,0.517962,0.638628,0.693810,0.533658,0.701316,0.628074,0.641147,0.573271,0.745286,0.608924,0.617871,0.522699,0.705912,0.597392,0.600205,0.619493,0.676182,0.693999,0.576033,0.716840,0.736448,0.744002,0.521359,0.629950,0.652781,0.565327,0.558059,0.579974,0.632857,0.572433,0.609880,0.638184,0.749592,0.770805,0.535816,0.669324,0.736821,0.755725,0.585806,0.706510,0.701855,0.615668,0.686001,0.564216,0.557948,0.702793,0.560942,0.600699,0.737166,0.633520,0.605032,0.712312,0.533171,0.521873,0.676837,0.554038,0.673830,0.516224,0.788248,0.593531,0.683198,0.683068,0.543327,0.563945,0.719462,0.686147,0.701513,0.512638,0.541908,0.762594,0.767256,0.525704,0.509173,0.680232,0.752975,0.616680,0.550171,0.812291,0.643680,0.734381,0.661080,0.729463,0.574385,0.661452,0.668664,0.477005,0.664005,0.756636,0.653934,0.572798,0.549731,0.611122,0.590089,0.579001,0.699052,0.479722,0.639461,0.715926,0.656978,0.632743,0.662727,0.509474,0.600469,0.489234,0.609380,0.569220,0.663756,0.628863,0.539615,0.768964,0.414640,0.551954,0.686474,0.717649,0.594365,0.537093,0.642356,0.582494,0.560874,0.665140,0.758189,0.657434,0.681260,0.532665,0.682631,0.608100,0.703931,0.686330,0.561486,0.578755,0.683639,0.562765,0.716523,0.679011,0.702881,0.657638,0.589292,0.509445,0.549607,0.659107,0.648978,0.710134,0.570857,0.636250,0.559846,0.702035,0.652886,0.675402,0.711907,0.568889,0.641315,0.763206,0.634320,0.613286,0.637723,0.583448,0.402532,0.692754,0.738801,0.637216,0.565600,0.000000,0.478643,0.606115,0.642741,0.490120,0.626719,0.617326,0.613566,0.667690,0.637606,0.569063,0.646406,0.618529,0.664526,0.711603,0.686382,0.697898,0.529711,0.582588,0.666416,0.614786,0.784623,0.541315,0.687712,0.773233,0.582978,0.730998,0.646385,0.532601,0.682434,0.700018,0.640474,0.683959,0.699663,0.712687,0.729952,0.618418,0.752905,0.709271,0.608952,0.763046,0.673447,0.659605,0.780065,0.693101,0.625585,0.773737,0.547797,0.729813,0.808420,0.743520,0.559888,0.669388,0.582275,0.723692,0.689114,0.621411,0.496218,0.722834,0.726930,0.657879,0.677366,0.668414,0.668493,0.682277,0.599861,0.749274,0.732243,0.588954,0.753006,0.796935,0.659094,0.622794,0.841708,0.493152,0.628801,0.685859,0.673591,0.615975,0.610270,0.724762,0.624806,0.579212,0.712304,0.674053,0.562033,0.598658,0.670351,0.541483,0.640871,0.601094,0.660015,0.645790,0.755175,0.622465,0.628352,0.702148,0.604188,0.721442,0.683294,0.530870,0.584569,0.546589,0.633038,0.656319,0.766929,0.598858,0.848305,0.650869,0.708865,0.694094,0.538948,0.663255,0.733816,0.517906,0.489942,0.752361,0.666895,0.730746,0.772628,0.547850,0.785691,0.550221,0.673679,0.593154,0.541734,0.659112,0.561593,0.784528,0.671335,0.589448,0.770899,0.642794,0.568568,0.749906,0.728280,0.755721,0.550861,0.595105,0.688912,0.646460,0.680407,0.496268,0.683732,0.566670,0.630605,0.693339,0.604524,0.639358,0.669754,0.763399,0.658912,0.597012,0.551288,0.539128,0.595498,0.776209,0.684037,0.700009,0.531883,0.584589,0.684854,0.713348,0.822016,0.691964,0.712315,0.607971,0.632620,0.580802,0.633807,0.722121,0.614022,0.629737,0.697228,0.792363,0.534142,0.607566,0.723710,0.630265,0.591091,0.734488,0.616853,0.482497,0.662944,0.635669,0.466678,0.615838,0.643588,0.582890,0.634997,0.677989,0.550305,0.762497,0.793155,0.578218,0.546452,0.630613,0.510733,0.600486,0.499348
0.577431,0.521245,0.626829,0.680251,0.543637,0.616249,0.669274,0.637306,0.669357,0.585676,0.694740,0.668884,0.416538,0.674915,0.391697,0.510827,0.502972,0.626572,0.516618,0.605243,0.487899,0.565835,0.496602,0.631825,0.582447,0.676762,0.385524,0.501355,0.528319,0.377620,0.664183,0.610906,0.511566,0.523736,0.381676,0.619595,0.534272,0.526420,0.632942,0.596078,0.417962,0.665358,0.573223,0.685611,0.690972,0.555257,0.570922,0.493160,0.484507,0.668900,0.698226,0.658299,0.434738,0.555368,0.633461,0.464908,0.508374,0.585925,0.662689,0.653864,0.379586,0.644543,0.519200,0.647735,0.620429,0.483595,0.595752,0.424099,0.492314,0.694542,0.558842,0.378521,0.646525,0.650454,0.433639,0.611353,0.633968,0.512244,0.603848,0.722143,0.812543,0.647938,0.535932,0.540108,0.544690,0.674014,0.693793,0.603443,0.438027,0.635722,0.588253,0.524490,0.562230,0.503994,0.528965,0.672434,0.619291,0.369262,0.636809,0.501910,0.483961,0.452300,0.526402,0.659008,0.486321,0.535406,0.541083,0.545003,0.455660,0.633662,0.618967,0.505086,0.657441,0.560404,0.552523,0.663489,0.675636,0.660545,0.610354,0.493708,0.588576,0.638264,0.567978,0.564596,0.504045,0.494771,0.675253,0.458026,0.526848,0.631630,0.573499,0.705947,0.607932,0.433326,0.600174,0.543347,0.467323,0.617221,0.619093,0.447631,0.603122,0.513149,0.654799,0.499089,0.683706,0.491477,0.647186,0.480244,0.733325,0.512449,0.591245,0.454453,0.552857,0.537925,0.568345,0.638302,0.565154,0.728103,0.531483,0.632772,0.750837,0.709467,0.506175,0.607827,0.721868,0.452934,0.544333,0.698540,0.566256,0.488198,0.609334,0.429033,0.589838,0.629545,0.376857,0.636183,0.577816,0.642060,0.533279,0.632237,0.724984,0.523401,0.649902,0.593142,0.605906,0.601421,0.334329,0.700902,0.717064,0.653415,0.486178,0.638155,0.481801,0.638192,0.681995,0.543689,0.557105,0.459006,0.794273,0.662760,0.523128,0.508298,0.634431,0.546129,0.615351,0.721227,0.748176,0.491681,0.512350,0.695497,0.567120,0.494628,0.414582,0.615364,0.727725,0.615178,0.548728,0.696112,0.667301,0.545840,0.531744,0.668835,0.351520,0.580831,0.668536,0.498777,0.640972,0.567003,0.539054,0.609590,0.590769,0.568544,0.530830,0.623094,0.634721,0.556110,0.634731,0.692990,0.736950,0.666875,0.586193,0.516960,0.766611,0.477952,0.534210,0.455479,0.572770,0.532145,0.761300,0.585091,0.488334,0.518379,0.677144,0.716410,0.394841,0.539406,0.744212,0.587267,0.610557,0.705773,0.575398,0.511386,0.680240,0.569778,0.631827,0.615995,0.625223,0.719200,0.435412,0.595568,0.650521,0.522391,0.691306,0.791634,0.722275,0.678861,0.607579,0.444502,0.585024,0.574059,0.512083,0.755645,0.610044,0.626820,0.499173,0.614563,0.541166,0.586918,0.566179,0.450422,0.625993,0.808821,0.589938,0.678654,0.638789,0.494058,0.369770,0.747525,0.670717,0.634650,0.544007,0.478643,0.000000,0.572122,0.763290,0.474522,0.512064,0.620760,0.606507,0.723422,0.585427,0.514613,0.507804,0.658254,0.734440,0.597315,0.504949,0.646223,0.494499,0.436278,0.651409,0.646121,0.630978,0.562192,0.719881,0.673568,0.433586,0.569436,0.591093,0.435049,0.795779,0.579587,0.520824,0.637693,0.602783,0.684706,0.570612,0.543928,0.814212,0.727099,0.600418,0.700222,0.743573,0.516329,0.689537,0.586190,0.552107,0.587745,0.590615,0.732483,0.741248,0.573183,0.639376,0.664752,0.498496,0.732773,0.730243,0.542289,0.544343,0.719143,0.701454,0.560270,0.648098,0.603705,0.691268,0.558512,0.672445,0.526397,0.595238,0.453403,0.653459,0.665114,0.666956,0.589425,0.660245,0.623383,0.557569,0.608659,0.686614,0.542962,0.567835,0.602797,0.699160,0.516138,0.682045,0.729878,0.626860,0.520977,0.658478,0.591591,0.711454,0.573481,0.559008,0.547406,0.732966,0.440040,0.595350,0.682715,0.539958,0.608915,0.776460,0.564696,0.600701,0.431882,0.604674,0.734071,0.704546,0.557421,0.657442,0.629893,0.527216,0.719798,0.654741,0.628992,0.752586,0.591601,0.567683,0.663901,0.739088,0.795935,0.737497,0.573837,0.798236,0.639993,0.595944,0.447252,0.630385,0.648845,0.532339,0.612380,0.757936,0.526632,0.687715,0.766026,0.510479,0.566657,0.720611,0.835017,0.510656,0.565383,0.573909,0.777363,0.701644,0.502950,0.550900,0.682566,0.664847,0.746195,0.523507,0.567547,0.699676,0.853989,0.700038,0.495738,0.486181,0.488000,0.648038,0.661246,0.553658,0.746504,0.555274,0.578817,0.711668,0.798035,0.714134,0.567754,0.808198,0.685889,0.579872,0.566627,0.631353,0.632089,0.463922,0.583062,0.656234,0.802453,0.599018,0.552264,0.705160,0.491400,0.552811,0.589820,0.541965,0.374494,0.638315,0.672059,0.430495,0.712750,0.556029,0.621017,0.670307,0.732115,0.429490,0.681371,0.822354,0.408463,0.555635,0.630467,0.626869,0.447190,0.474054
0.577476,0.510210,0.474413,0.598440,0.402551,0.501156,0.483099,0.452310,0.554361,0.479134,0.527630,0.537651,0.683587,0.539449,0.643935,0.454456,0.474166,0.585757,0.476010,0.685927,0.431781,0.557047,0.393397,0.476973,0.414067,0.545349,0.506951,0.535130,0.458451,0.520400,0.733601,0.582399,0.741245,0.717755,0.494727,0.513905,0.520676,0.414484,0.490517,0.491737,0.493651,0.735290,0.690240,0.720313,0.596629,0.702252,0.462732,0.465183,0.511686,0.513110,0.598280,0.784397,0.633711,0.771237,0.511111,0.751034,0.453191,0.470025,0.651569,0.577779,0.662390,0.572191,0.721622,0.560698,0.569009,0.453591,0.497804,0.692099,0.646398,0.721836,0.725275,0.650421,0.481818,0.538146,0.676330,0.692941,0.558512,0.479939,0.541746,0.398064,0.688780,0.479790,0.574988,0.740428,0.452496,0.591285,0.609118,0.505736,0.694578,0.528992,0.563418,0.368233,0.469486,0.429382,0.746577,0.637151,0.818355,0.693243,0.559111,0.399440,0.483109,0.723556,0.382449,0.505558,0.764988,0.462505,0.726380,0.436589,0.493421,0.495645,0.818552,0.541254,0.452096,0.422348,0.465580,0.532512,0.821326,0.668301,0.508942,0.333332,0.506515,0.596243,0.530184,0.773977,0.493792,0.574549,0.556005,0.554512,0.623527,0.489533,0.429201,0.633336,0.437996,0.401113,0.552816,0.445881,0.635945,0.583038,0.677622,0.538860,0.601051,0.771763,0.469426,0.532480,0.562014,0.727021,0.587826,0.726562,0.805372,0.762627,0.496302,0.734103,0.444540,0.445087,0.500844,0.543413,0.363227,0.746240,0.631981,0.635279,0.757592,0.540345,0.547631,0.498716,0.368049,0.602282,0.513232,0.700192,0.443407,0.646374,0.553300,0.574833,0.824551,0.575351,0.650772,0.592159,0.836541,0.628585,0.528191,0.609546,0.809625,0.732680,0.568285,0.515979,0.451420,0.735360,0.646695,0.634265,0.722960,0.545718,0.513196,0.523241,0.787195,0.621976,0.644760,0.454616,0.471611,0.511112,0.733166,0.678254,0.725351,0.723677,0.680175,0.452250,0.784173,0.618022,0.732952,0.556732,0.656851,0.713945,0.822921,0.663422,0.682204,0.752623,0.756731,0.499975,0.636510,0.881499,0.555108,0.787387,0.751421,0.644099,0.699039,0.449621,0.539893,0.541583,0.527974,0.824662,0.598792,0.664298,0.616762,0.598850,0.432522,0.619049,0.595403,0.601728,0.566987,0.681855,0.686655,0.561820,0.458484,0.617265,0.785488,0.579860,0.402887,0.733791,0.673925,0.379423,0.729346,0.477963,0.423735,0.653857,0.712909,0.674125,0.734743,0.490956,0.776855,0.652513,0.593267,0.670636,0.810537,0.828633,0.569766,0.470506,0.743752,0.458921,0.532005,0.654042,0.744780,0.447973,0.533623,0.398852,0.535716,0.711158,0.806312,0.592991,0.699587,0.550908,0.562329,0.452457,0.759785,0.695651,0.854556,0.509508,0.530170,0.504145,0.826804,0.479228,0.463818,0.793566,0.668856,0.841317,0.853705,0.664846,0.620911,0.408437,0.606884,0.777987,0.466330,0.491321,0.495119,0.606115,0.572122,0.000000,0.670088,0.688989,0.689381,0.637705,0.440128,0.726692,0.479863,0.412240,0.440080,0.641338,0.709794,0.726898,0.650068,0.539160,0.578526,0.754785,0.494987,0.766410,0.538898,0.545203,0.720024,0.797207,0.718714,0.394076,0.728302,0.654257,0.819960,0.787581,0.724050,0.483501,0.686205,0.530286,0.859157,0.362775,0.747433,0.591772,0.603160,0.777662,0.692642,0.727887,0.807847,0.711672,0.425562,0.780179,0.570597,0.790652,0.710314,0.817517,0.612399,0.645598,0.681910,0.756026,0.768979,0.487472,0.664689,0.735522,0.701756,0.554468,0.706530,0.404803,0.664152,0.437608,0.728957,0.769060,0.830848,0.756371,0.673485,0.749853,0.602895,0.553929,0.858297,0.548576,0.649001,0.486141,0.561326,0.771727,0.473304,0.407902,0.788936,0.309443,0.596956,0.572190,0.535345,0.721394,0.768753,0.578967,0.754426,0.601283,0.832847,0.460223,0.517616,0.717399,0.447760,0.682714,0.511843,0.453719,0.765062,0.523640,0.470673,0.520648,0.483473,0.686001,0.635156,0.483227,0.523792,0.582323,0.764959,0.647110,0.759370,0.524561,0.682808,0.608288,0.598548,0.513937,0.692284,0.775573,0.677499,0.633079,0.827692,0.649441,0.589914,0.546956,0.678580,0.720060,0.588119,0.828535,0.761523,0.803429,0.834121,0.671799,0.481409,0.754905,0.726612,0.694330,0.810342,0.737625,0.679952,0.772205,0.670649,0.566705,0.833018,0.721436,0.713009,0.673259,0.494670,0.713636,0.608889,0.734798,0.621638,0.455387,0.760853,0.641814,0.709159,0.882718,0.831536,0.787172,0.610108,0.627246,0.627112,0.734723,0.770806,0.507410,0.768149,0.610402,0.755095,0.458429,0.621565,0.838938,0.815808,0.608946,0.650810,0.887888,0.693094,0.581712,0.644055,0.789265,0.737986,0.865939,0.611272,0.616242,0.609108,0.653165,0.639865,0.633940,0.804678,0.678728,0.668448,0.612088,0.775405,0.502930,0.783376,0.560737,0.810598,0.648686,0.600108,0.760762,0.698218
0.577486,0.536830,0.382904,0.535498,0.447293,0.536960,0.615520,0.429775,0.578705,0.511397,0.650803,0.514547,0.698365,0.493527,0.681125,0.535362,0.521160,0.683017,0.471515,0.740140,0.582269,0.522592,0.529763,0.557203,0.466101,0.486754,0.599321,0.583249,0.560468,0.587247,0.698830,0.507585,0.777008,0.726325,0.543863,0.658956,0.544441,0.620935,0.650990,0.464466,0.601495,0.785369,0.833999,0.640833,0.674055,0.693285,0.471236,0.577847,0.563919,0.628887,0.378415,0.791275,0.745481,0.826830,0.456191,0.685814,0.576210,0.568241,0.592691,0.548069,0.726176,0.554167,0.797808,0.778768,0.500221,0.503421,0.501544,0.695856,0.690530,0.633623,0.674175,0.707572,0.576906,0.587222,0.756860,0.722468,0.516259,0.582461,0.472037,0.629276,0.627557,0.455568,0.616061,0.806938,0.500877,0.689283,0.585847,0.448154,0.821177,0.601651,0.688056,0.524258,0.613391,0.445431,0.719843,0.720599,0.804161,0.718119,0.609386,0.637733,0.500368,0.753225,0.506550,0.414434,0.799811,0.501909,0.753139,0.512881,0.503092,0.643938,0.848555,0.561823,0.651110,0.619900,0.480236,0.569868,0.831454,0.787666,0.530748,0.515021,0.566381,0.409958,0.529160,0.683906,0.578280,0.591191,0.497153,0.601285,0.726382,0.599608,0.456819,0.687658,0.669774,0.575355,0.631080,0.452512,0.713794,0.708525,0.752048,0.600836,0.721505,0.764424,0.413220,0.715713,0.434910,0.751227,0.513824,0.739403,0.758484,0.811226,0.454569,0.807894,0.546134,0.521045,0.600867,0.449602,0.639370,0.739204,0.605059,0.700290,0.773604,0.471045,0.542405,0.513963,0.611142,0.653110,0.455243,0.692299,0.584767,0.526146,0.650985,0.628344,0.807947,0.705720,0.732618,0.653840,0.854070,0.638310,0.576308,0.724173,0.507002,0.822012,0.675904,0.370669,0.447069,0.824092,0.741724,0.635481,0.824736,0.694909,0.620725,0.475342,0.775764,0.768561,0.682578,0.386334,0.603084,0.533246,0.802439,0.374670,0.796315,0.807234,0.735390,0.509648,0.846619,0.662120,0.780933,0.635312,0.658330,0.671093,0.821457,0.631934,0.767968,0.676600,0.632471,0.430465,0.574578,0.875499,0.250930,0.720045,0.779037,0.604440,0.758423,0.619965,0.364256,0.392335,0.435454,0.863674,0.732153,0.691420,0.773541,0.732208,0.538784,0.711292,0.675721,0.556512,0.692514,0.637080,0.683116,0.347485,0.533170,0.577788,0.509751,0.673533,0.634663,0.758038,0.803833,0.582901,0.550383,0.665028,0.656470,0.663143,0.708902,0.700272,0.764790,0.521907,0.716164,0.744483,0.693373,0.781473,0.840345,0.773029,0.335225,0.655869,0.834113,0.488438,0.492264,0.531865,0.773523,0.507826,0.647535,0.483899,0.665835,0.694932,0.831273,0.298535,0.725602,0.585635,0.501812,0.480781,0.818916,0.524897,0.760281,0.478185,0.683036,0.434062,0.760530,0.659418,0.649330,0.787365,0.733998,0.817272,0.790258,0.562828,0.528174,0.573355,0.757226,0.759089,0.586988,0.627954,0.584360,0.642741,0.763290,0.670088,0.000000,0.760499,0.737059,0.637548,0.542931,0.697768,0.577627,0.696328,0.610375,0.443966,0.715637,0.764252,0.658311,0.419686,0.556757,0.777793,0.570626,0.832399,0.807600,0.437073,0.815602,0.825458,0.713053,0.628805,0.778590,0.687110,0.472795,0.718327,0.789966,0.494653,0.726422,0.586262,0.807412,0.622232,0.804941,0.536440,0.600002,0.859266,0.566404,0.738460,0.827368,0.798900,0.540937,0.802994,0.497003,0.857798,0.803224,0.849729,0.655722,0.772260,0.749302,0.793028,0.854655,0.669393,0.580909,0.846207,0.762152,0.732842,0.648410,0.645289,0.761788,0.582458,0.756484,0.828927,0.820874,0.819971,0.681726,0.765085,0.482223,0.499866,0.880091,0.686689,0.700199,0.551898,0.278069,0.757427,0.475593,0.624731,0.738705,0.699137,0.450478,0.649343,0.435155,0.738346,0.770376,0.551449,0.786946,0.691512,0.802658,0.526926,0.689105,0.744319,0.506507,0.785847,0.699922,0.655559,0.751552,0.736378,0.446802,0.776759,0.521285,0.756109,0.754336,0.557744,0.746744,0.751690,0.801929,0.742041,0.752939,0.389199,0.712712,0.655570,0.665709,0.668239,0.772834,0.779009,0.780324,0.670818,0.860681,0.702156,0.496700,0.638659,0.809677,0.707739,0.522948,0.864153,0.516920,0.659250,0.947889,0.735953,0.595584,0.825657,0.857916,0.665244,0.733886,0.759793,0.721344,0.701475,0.683071,0.705705,0.803664,0.708548,0.698144,0.360132,0.700331,0.701759,0.406335,0.688529,0.675666,0.806349,0.700512,0.788721,0.542817,0.863097,0.808787,0.792811,0.770850,0.527005,0.653745,0.682442,0.824581,0.759066,0.780079,0.574613,0.780940,0.638298,0.615220,0.776317,0.820789,0.778274,0.560203,0.798758,0.676216,0.746357,0.666258,0.707259,0.634291,0.858430,0.742598,0.713451,0.552687,0.653885,0.648953,0.427239,0.739819,0.750122,0.715187,0.677328,0.753701,0.703689,0.754000,0.628998,0.785966,0.611953,0.526636,0.819779,0.617002
0.577572,0.625862,0.676065,0.637575,0.694517,0.664524,0.609180,0.661354,0.499422,0.635636,0.594014,0.662869,0.426031,0.665819,0.471283,0.596318,0.648227,0.643071,0.647211,0.534719,0.506743,0.722348,0.505015,0.645882,0.547577,0.726495,0.544762,0.680347,0.658131,0.532505,0.605301,0.597006,0.650180,0.541824,0.572994,0.461629,0.573734,0.649153,0.622355,0.715813,0.600833,0.625842,0.663015,0.582853,0.557036,0.580806,0.645427,0.630727,0.595685,0.640503,0.717690,0.719523,0.504697,0.695718,0.670586,0.574082,0.720485,0.613862,0.656883,0.650548,0.562400,0.684098,0.667131,0.617879,0.634784,0.598500,0.692430,0.538503,0.539731,0.721117,0.479916,0.576253,0.583498,0.704750,0.481548,0.563644,0.698224,0.538076,0.674991,0.647279,0.700277,0.724195,0.624054,0.694564,0.687941,0.507500,0.777037,0.686056,0.508833,0.618587,0.503321,0.654367,0.750262,0.597917,0.614020,0.552430,0.623669,0.523768,0.678023,0.522482,0.636554,0.486574,0.686781,0.756530,0.548997,0.692370,0.654539,0.674860,0.605153,0.473976,0.717895,0.658509,0.672637,0.694320,0.661886,0.732582,0.744625,0.637835,0.646614,0.593213,0.623592,0.697686,0.735863,0.501910,0.589769,0.664792,0.782114,0.513731,0.596268,0.621942,0.706346,0.691030,0.539008,0.575079,0.501442,0.656557,0.591780,0.598821,0.677794,0.504225,0.420702,0.624208,0.799712,0.518636,0.757547,0.621631,0.722469,0.526304,0.701636,0.495386,0.749663,0.579920,0.715691,0.673899,0.550417,0.668871,0.628950,0.645244,0.545482,0.560375,0.657134,0.799463,0.580983,0.723920,0.703721,0.481410,0.623030,0.478894,0.662527,0.669137,0.622173,0.607663,0.708545,0.680171,0.444247,0.710708,0.565941,0.736637,0.650773,0.675814,0.736594,0.504800,0.715746,0.650489,0.762028,0.736949,0.545568,0.650895,0.648070,0.536694,0.619234,0.745401,0.380389,0.500831,0.688933,0.664379,0.690837,0.598170,0.649875,0.699798,0.663756,0.682284,0.616294,0.716546,0.587184,0.635559,0.674072,0.545276,0.508689,0.647584,0.686898,0.527669,0.525695,0.677755,0.775623,0.748260,0.535806,0.713423,0.722020,0.712751,0.502504,0.692961,0.486691,0.670250,0.759867,0.667693,0.784921,0.641681,0.676264,0.644606,0.460253,0.617976,0.706604,0.721078,0.699155,0.635227,0.526789,0.660076,0.754308,0.737976,0.747283,0.600097,0.743027,0.598006,0.653380,0.483362,0.650844,0.685983,0.723826,0.727056,0.526786,0.584951,0.628472,0.715407,0.460945,0.706581,0.649377,0.627808,0.729416,0.661166,0.654008,0.569541,0.772372,0.709580,0.701794,0.704011,0.733825,0.812066,0.533220,0.695020,0.654130,0.660958,0.805695,0.752852,0.677615,0.761684,0.519226,0.552145,0.750432,0.745077,0.587935,0.738241,0.624558,0.771115,0.631249,0.797369,0.513931,0.760330,0.657793,0.533737,0.660029,0.772026,0.588934,0.686722,0.714827,0.677582,0.210144,0.619195,0.702400,0.699715,0.581428,0.490120,0.474522,0.688989,0.760499,0.000000,0.604219,0.718034,0.686442,0.714060,0.717752,0.526919,0.589970,0.647752,0.644512,0.695572,0.655295,0.779321,0.634517,0.588844,0.671729,0.614687,0.619566,0.642704,0.648460,0.680086,0.543609,0.749780,0.637740,0.494712,0.687166,0.572708,0.566294,0.783823,0.648873,0.688632,0.721587,0.633567,0.782654,0.748974,0.653917,0.677340,0.748862,0.658002,0.689904,0.646718,0.743835,0.698514,0.698020,0.707775,0.750301,0.681972,0.459927,0.683904,0.624465,0.689399,0.699105,0.742776,0.559139,0.684192,0.696322,0.688222,0.657758,0.699061,0.624738,0.743277,0.613582,0.679273,0.696072,0.436919,0.673213,0.745348,0.747648,0.768517,0.674217,0.697687,0.663454,0.733300,0.776166,0.660745,0.765771,0.677821,0.533057,0.663736,0.726714,0.685741,0.803614,0.570643,0.628007,0.745558,0.715469,0.648543,0.532133,0.752425,0.740198,0.601326,0.740372,0.687624,0.553761,0.679210,0.730565,0.493791,0.701088,0.531868,0.704184,0.591161,0.762672,0.670655,0.714807,0.622048,0.546993,0.747847,0.450016,0.783142,0.745056,0.436110,0.438821,0.774407,0.667002,0.682078,0.670497,0.570139,0.757130,0.459770,0.726366,0.649186,0.469799,0.620951,0.692808,0.663596,0.711326,0.590853,0.715795,0.768733,0.559637,0.723164,0.709833,0.800933,0.581393,0.529289,0.698291,0.650341,0.662325,0.459904,0.596873,0.556690,0.714441,0.763916,0.685644,0.614064,0.746227,0.682620,0.691902,0.643184,0.562690,0.618911,0.728038,0.670643,0.499538,0.656678,0.576024,0.669098,0.685198,0.708554,0.594665,0.708391,0.711615,0.624010,0.545624,0.694589,0.667605,0.697112,0.446179,0.567518,0.708239,0.701654,0.519620,0.568545,0.675918,0.584000,0.501571,0.754545,0.725820,0.535263,0.736246,0.757026,0.555495,0.834814,0.547954,0.682554,0.658348,0.641610,0.546036,0.689593,0.763948,0.569495,0.458648,0.708433,0.616450,0.490154,0.513248
0.577804,0.541846,0.586765,0.670478,0.599495,0.527136,0.605129,0.611624,0.604903,0.506245,0.613102,0.548044,0.437947,0.597667,0.435885,0.494388,0.495007,0.632742,0.521585,0.690037,0.479654,0.634303,0.559571,0.561938,0.540325,0.585726,0.555735,0.575968,0.594588,0.577195,0.631314,0.510558,0.550365,0.534269,0.564307,0.569413,0.601659,0.557310,0.663903,0.593735,0.507038,0.630000,0.651987,0.746159,0.625812,0.584577,0.551096,0.564103,0.447132,0.584276,0.630282,0.671202,0.546043,0.643656,0.534929,0.499941,0.593455,0.527706,0.599031,0.619194,0.551284,0.589904,0.596004,0.662172,0.621734,0.539597,0.552020,0.559730,0.396793,0.731851,0.646761,0.566777,0.540766,0.531263,0.606159,0.561696,0.618456,0.507205,0.569412,0.658400,0.817262,0.641117,0.622299,0.653277,0.611222,0.592336,0.644909,0.613368,0.627994,0.587483,0.567268,0.639805,0.610783,0.547418,0.663105,0.615667,0.611080,0.550124,0.653159,0.582269,0.540872,0.496477,0.585618,0.627049,0.549944,0.537856,0.700993,0.552440,0.598765,0.663811,0.622755,0.541728,0.579850,0.577862,0.565346,0.615921,0.708872,0.648953,0.660340,0.588504,0.554634,0.650102,0.578863,0.655671,0.582931,0.582925,0.677096,0.583238,0.447804,0.566664,0.620098,0.712338,0.611212,0.524046,0.637187,0.598996,0.512731,0.477994,0.648304,0.578339,0.658179,0.649926,0.627153,0.558615,0.693132,0.654357,0.669629,0.492585,0.690627,0.577264,0.597088,0.574466,0.586279,0.562963,0.619858,0.593742,0.599548,0.701245,0.484206,0.558156,0.633636,0.660537,0.597533,0.586671,0.712492,0.614652,0.586152,0.717462,0.570652,0.545972,0.602003,0.529378,0.707374,0.673569,0.476313,0.672122,0.657481,0.656866,0.632245,0.695378,0.648745,0.589802,0.673387,0.610187,0.616964,0.721546,0.576920,0.655871,0.695625,0.644335,0.568666,0.661570,0.598013,0.632039,0.565648,0.560561,0.598970,0.564239,0.708326,0.679717,0.686961,0.635033,0.603844,0.587144,0.657063,0.725929,0.671683,0.563082,0.518075,0.731282,0.663547,0.603237,0.542355,0.676000,0.732133,0.622454,0.638646,0.664266,0.654735,0.723802,0.597358,0.669408,0.563679,0.656231,0.607395,0.563656,0.642472,0.621143,0.591935,0.606455,0.626387,0.481947,0.542691,0.679588,0.620373,0.629917,0.639430,0.705568,0.745871,0.631098,0.597602,0.555602,0.769162,0.421828,0.615303,0.591269,0.693175,0.556968,0.685921,0.658571,0.599555,0.518372,0.627743,0.742539,0.609012,0.665669,0.647775,0.445872,0.617240,0.608799,0.670962,0.536218,0.634630,0.531910,0.583365,0.611095,0.615833,0.649630,0.607026,0.593259,0.646412,0.584334,0.723528,0.707256,0.636824,0.655211,0.675940,0.489205,0.590860,0.622700,0.585941,0.709892,0.589279,0.615628,0.526763,0.655232,0.658370,0.644876,0.598755,0.605359,0.629702,0.781569,0.569028,0.653257,0.712466,0.589385,0.613078,0.622303,0.654644,0.673029,0.448797,0.626719,0.512064,0.689381,0.737059,0.604219,0.000000,0.654963,0.685737,0.728772,0.630139,0.591031,0.537096,0.706376,0.623525,0.625598,0.448041,0.681036,0.598671,0.526287,0.692631,0.656275,0.693855,0.695962,0.630374,0.713511,0.433327,0.623501,0.721686,0.425070,0.695599,0.597889,0.637065,0.637385,0.620862,0.649346,0.687791,0.573270,0.828771,0.716045,0.646639,0.787675,0.766312,0.430042,0.710920,0.637100,0.682616,0.686382,0.725714,0.683566,0.732753,0.690768,0.706490,0.716204,0.593950,0.680441,0.756558,0.653289,0.648893,0.673377,0.513458,0.542567,0.678954,0.630783,0.601268,0.616656,0.712288,0.597669,0.710469,0.596362,0.673873,0.736250,0.678835,0.589722,0.670081,0.607465,0.701809,0.655672,0.678619,0.668541,0.626096,0.673469,0.693980,0.606493,0.650545,0.732694,0.684398,0.602495,0.669350,0.632206,0.717476,0.602882,0.644970,0.663074,0.759488,0.474834,0.594298,0.744191,0.500710,0.622634,0.840107,0.654585,0.671947,0.568086,0.654171,0.787744,0.595073,0.614499,0.745632,0.614448,0.602326,0.727164,0.670699,0.613924,0.685851,0.599039,0.546981,0.671185,0.632629,0.712033,0.763406,0.574953,0.729212,0.628277,0.660679,0.516014,0.622525,0.622381,0.601355,0.703904,0.697005,0.671452,0.695061,0.767846,0.559685,0.667651,0.713066,0.726743,0.657442,0.550780,0.664329,0.745678,0.674301,0.656429,0.684970,0.677409,0.666130,0.717800,0.521263,0.734412,0.685398,0.819192,0.718663,0.666575,0.682783,0.305976,0.792212,0.764163,0.689866,0.682722,0.636989,0.659796,0.553673,0.695969,0.765193,0.645800,0.748598,0.747390,0.606872,0.557010,0.755002,0.717047,0.574752,0.595990,0.663799,0.743613,0.517248,0.576043,0.686567,0.597041,0.685221,0.671690,0.689980,0.510647,0.601283,0.676467,0.536553,0.714030,0.663241,0.656880,0.734798,0.662853,0.558583,0.703144,0.727856,0.481080,0.592312,0.549137,0.673694,0.559917,0.474586
0.577845,0.561908,0.418952,0.618712,0.439965,0.585045,0.619949,0.545915,0.621976,0.521214,0.638746,0.542110,0.696841,0.562307,0.614437,0.560902,0.531386,0.625503,0.445093,0.687727,0.572040,0.560942,0.566757,0.555232,0.549643,0.535795,0.525507,0.526548,0.481521,0.513276,0.738732,0.537975,0.671145,0.705065,0.567186,0.707684,0.593696,0.564636,0.667702,0.515156,0.504406,0.726595,0.789032,0.555585,0.686237,0.570771,0.487076,0.504141,0.490474,0.665948,0.568701,0.723119,0.727836,0.739393,0.465820,0.538128,0.480387,0.546538,0.577558,0.545217,0.651293,0.495871,0.698383,0.716640,0.540767,0.543418,0.400762,0.581528,0.648414,0.679666,0.690256,0.687584,0.620029,0.509553,0.739295,0.733632,0.580788,0.509625,0.562706,0.592371,0.760304,0.497081,0.525909,0.750288,0.501599,0.701707,0.513018,0.454610,0.720186,0.685043,0.682353,0.556970,0.497941,0.466519,0.784640,0.754550,0.781370,0.672220,0.633740,0.600489,0.418376,0.642862,0.497089,0.579069,0.697853,0.505715,0.718293,0.486656,0.506452,0.699002,0.794765,0.489291,0.665583,0.607076,0.502000,0.588879,0.741865,0.662083,0.644770,0.526612,0.552251,0.442287,0.439867,0.667629,0.609699,0.601676,0.407918,0.617262,0.561867,0.655616,0.440965,0.633341,0.669921,0.542643,0.612686,0.439545,0.660933,0.758796,0.743756,0.665193,0.729304,0.682286,0.499735,0.645679,0.543793,0.724638,0.491228,0.634946,0.814779,0.623332,0.507936,0.708937,0.556355,0.434829,0.580121,0.585405,0.613011,0.776659,0.542745,0.711736,0.760187,0.523617,0.594731,0.485221,0.686123,0.699068,0.481628,0.728030,0.551651,0.650556,0.724803,0.544327,0.724710,0.665229,0.684163,0.719832,0.821385,0.646874,0.522078,0.701132,0.610677,0.673113,0.580329,0.578164,0.432144,0.714941,0.682196,0.705345,0.832808,0.668307,0.544195,0.535968,0.758486,0.756810,0.411700,0.423996,0.554867,0.651511,0.738080,0.515842,0.697203,0.683824,0.692907,0.488454,0.794530,0.762390,0.741058,0.613780,0.651930,0.617510,0.716264,0.708939,0.665251,0.687877,0.507883,0.492282,0.613840,0.860487,0.571566,0.711845,0.747669,0.615228,0.674196,0.599236,0.557554,0.489282,0.472012,0.744026,0.664702,0.668159,0.826154,0.561328,0.391329,0.626060,0.531023,0.589075,0.708046,0.713679,0.501632,0.511236,0.506282,0.634205,0.615768,0.629301,0.570998,0.709214,0.748945,0.523974,0.633410,0.539256,0.543416,0.599657,0.654772,0.644169,0.711344,0.431260,0.782104,0.687266,0.562091,0.569158,0.743307,0.781382,0.544578,0.501089,0.714533,0.488338,0.535691,0.613577,0.596482,0.494070,0.666752,0.564537,0.570322,0.749833,0.729979,0.491012,0.710002,0.565948,0.471047,0.462863,0.686193,0.623255,0.610296,0.504902,0.617922,0.556410,0.716908,0.645655,0.625222,0.717251,0.721497,0.735274,0.776348,0.553895,0.682185,0.602111,0.687811,0.721964,0.560292,0.580325,0.538337,0.617326,0.620760,0.637705,0.637548,0.718034,0.654963,0.000000,0.611089,0.740646,0.510259,0.682884,0.562315,0.560951,0.679926,0.728406,0.566682,0.494957,0.568382,0.772367,0.652406,0.641689,0.778862,0.538399,0.665677,0.774426,0.593974,0.502814,0.822943,0.606668,0.671129,0.677305,0.725127,0.493284,0.634974,0.651283,0.779119,0.609679,0.758365,0.525668,0.457411,0.838800,0.625990,0.689108,0.775005,0.781816,0.539679,0.715711,0.531703,0.816956,0.735074,0.705865,0.783753,0.635467,0.725567,0.734564,0.708293,0.670075,0.644085,0.687188,0.657419,0.591800,0.657330,0.632350,0.727082,0.587246,0.748185,0.730186,0.791198,0.707010,0.629095,0.650645,0.608945,0.465675,0.769513,0.744111,0.707304,0.526170,0.541536,0.652843,0.487267,0.585185,0.685286,0.645703,0.535154,0.703025,0.619586,0.611937,0.545525,0.458644,0.646346,0.617075,0.698486,0.577470,0.696408,0.638256,0.359890,0.595030,0.692184,0.608333,0.647823,0.727085,0.538064,0.707524,0.583087,0.790600,0.653530,0.501042,0.755132,0.745918,0.740724,0.725713,0.717535,0.492545,0.685915,0.747186,0.685816,0.653173,0.806067,0.853266,0.768010,0.637665,0.795203,0.751435,0.498405,0.517222,0.778545,0.650060,0.534346,0.823500,0.734676,0.622218,0.753252,0.752232,0.671370,0.778232,0.668844,0.685622,0.720649,0.716459,0.589615,0.769535,0.625340,0.703348,0.676804,0.736853,0.640534,0.634080,0.604677,0.685785,0.537981,0.643225,0.713582,0.672335,0.632681,0.614024,0.569899,0.807562,0.637294,0.705501,0.574739,0.455686,0.614902,0.770695,0.816050,0.716156,0.797228,0.664037,0.656334,0.540641,0.665710,0.669238,0.751901,0.710076,0.621269,0.820794,0.638478,0.751711,0.730970,0.604126,0.676766,0.772020,0.660591,0.653415,0.621454,0.550825,0.723260,0.564184,0.576359,0.645202,0.772138,0.671525,0.632502,0.720155,0.777345,0.603138,0.658669,0.547907,0.597830,0.788391,0.547650
0.578114,0.561775,0.389151,0.535736,0.379761,0.488918,0.577998,0.378760,0.592703,0.492771,0.627316,0.546951,0.624298,0.540351,0.617183,0.384767,0.367313,0.573376,0.353175,0.743894,0.432941,0.482310,0.451972,0.504162,0.424199,0.527380,0.471644,0.457702,0.400349,0.520728,0.721889,0.417055,0.684920,0.722343,0.400014,0.579798,0.527743,0.445931,0.615596,0.433864,0.413814,0.751984,0.700327,0.617600,0.678794,0.616289,0.336554,0.501589,0.519454,0.596406,0.489787,0.774042,0.718476,0.776892,0.471029,0.650676,0.442126,0.416562,0.614396,0.562669,0.701827,0.559683,0.696719,0.604734,0.557426,0.355868,0.389599,0.657558,0.733564,0.653707,0.708339,0.711645,0.545550,0.589405,0.741808,0.783695,0.527999,0.428885,0.465916,0.561101,0.710318,0.459566,0.509674,0.749668,0.347162,0.669880,0.579190,0.389772,0.815897,0.580250,0.641818,0.378849,0.509132,0.337243,0.727355,0.668394,0.798510,0.714064,0.504557,0.542961,0.412762,0.704990,0.406941,0.436691,0.673072,0.444735,0.711680,0.455103,0.370891,0.610204,0.850134,0.367718,0.511423,0.477941,0.413310,0.437993,0.840859,0.720379,0.541956,0.405640,0.538391,0.415910,0.389256,0.677930,0.452972,0.404873,0.473914,0.465914,0.672927,0.466157,0.368810,0.639291,0.474311,0.472688,0.610916,0.368886,0.691817,0.724490,0.615400,0.472934,0.627050,0.695668,0.430383,0.662275,0.519077,0.662065,0.478899,0.667664,0.828079,0.782653,0.357413,0.641412,0.349578,0.359580,0.512584,0.425014,0.551618,0.780064,0.529248,0.693661,0.745199,0.502138,0.490610,0.386060,0.571072,0.578645,0.378908,0.697916,0.399302,0.513707,0.607798,0.505510,0.784237,0.664440,0.677826,0.513150,0.827594,0.417155,0.476043,0.723891,0.607639,0.782163,0.622844,0.446026,0.398595,0.780508,0.748797,0.558341,0.811530,0.616139,0.444898,0.367854,0.754341,0.733798,0.628672,0.347532,0.364583,0.316966,0.801759,0.541348,0.741752,0.749287,0.721051,0.345525,0.803206,0.603722,0.714331,0.478180,0.618244,0.726971,0.787696,0.502179,0.671137,0.676784,0.754213,0.390178,0.463288,0.867663,0.509251,0.642487,0.753474,0.555374,0.754896,0.293392,0.468504,0.447505,0.429901,0.823870,0.563956,0.632635,0.740012,0.664891,0.392986,0.576502,0.565504,0.446227,0.696405,0.662863,0.753926,0.437225,0.379619,0.427901,0.710775,0.661628,0.467196,0.705241,0.709141,0.380207,0.679081,0.465872,0.407209,0.555342,0.716080,0.617736,0.734538,0.421117,0.697422,0.728463,0.576595,0.752660,0.814313,0.807721,0.461988,0.587920,0.749958,0.375739,0.443579,0.497991,0.782157,0.372924,0.640914,0.346113,0.534674,0.642081,0.678968,0.469245,0.733094,0.498696,0.466250,0.392209,0.828773,0.656814,0.752714,0.414301,0.607175,0.429969,0.768591,0.558683,0.356651,0.743047,0.689162,0.800682,0.810346,0.478957,0.610229,0.375636,0.659020,0.727701,0.489385,0.485685,0.426830,0.613566,0.606507,0.440128,0.542931,0.686442,0.685737,0.611089,0.000000,0.683553,0.377355,0.557943,0.347793,0.580633,0.636458,0.645215,0.631617,0.368979,0.468215,0.765630,0.403234,0.814143,0.636391,0.503713,0.737977,0.795853,0.583594,0.411412,0.774013,0.620149,0.712090,0.758835,0.730427,0.384752,0.673333,0.517633,0.791145,0.408818,0.749926,0.510301,0.489657,0.812143,0.579216,0.762995,0.800082,0.781079,0.462820,0.796714,0.423658,0.795774,0.813879,0.800456,0.614759,0.718764,0.597529,0.726286,0.904476,0.448520,0.559884,0.869509,0.694970,0.552304,0.617085,0.561738,0.695624,0.317556,0.623479,0.772401,0.783402,0.773115,0.650844,0.768084,0.496418,0.412034,0.819066,0.644392,0.742546,0.340512,0.443174,0.707358,0.405093,0.441924,0.678924,0.459045,0.527916,0.525337,0.544680,0.700550,0.779038,0.466917,0.739968,0.644354,0.823863,0.350121,0.582585,0.799231,0.422172,0.728857,0.655003,0.436919,0.783871,0.631423,0.269543,0.578454,0.328431,0.752864,0.638659,0.307998,0.676084,0.664900,0.795152,0.719811,0.741708,0.458679,0.603108,0.653072,0.599415,0.498138,0.716910,0.740071,0.756433,0.577811,0.796725,0.679998,0.448843,0.466711,0.758910,0.555272,0.479753,0.855989,0.720961,0.653950,0.791413,0.669078,0.415660,0.759535,0.827024,0.689898,0.653326,0.750700,0.576789,0.698408,0.606751,0.661399,0.730701,0.591408,0.665507,0.524710,0.522139,0.733226,0.529840,0.757500,0.722032,0.559183,0.654379,0.650132,0.559828,0.863452,0.856014,0.792092,0.738266,0.470037,0.638096,0.675600,0.800038,0.691536,0.680557,0.689616,0.740002,0.438091,0.513736,0.816727,0.798122,0.713077,0.561855,0.830409,0.675394,0.698379,0.678026,0.681862,0.773450,0.862177,0.557100,0.569395,0.551151,0.511278,0.458916,0.498411,0.753155,0.666071,0.735425,0.613373,0.730591,0.533682,0.747100,0.414333,0.756541,0.546677,0.508884,0.774129,0.551251
0.578237,0.652481,0.568964,0.582493,0.635726,0.488208,0.523445,0.679001,0.569848,0.594561,0.506953,0.557772,0.586179,0.555072,0.657233,0.704422,0.677840,0.592334,0.669683,0.547573,0.549053,0.764174,0.641031,0.690160,0.608828,0.736217,0.639669,0.703396,0.683132,0.694599,0.783502,0.533279,0.824721,0.766692,0.732956,0.514094,0.514601,0.652020,0.575161,0.670747,0.663528,0.763291,0.746530,0.669077,0.549198,0.705522,0.656935,0.611364,0.679895,0.598872,0.675495,0.643885,0.711632,0.811977,0.692278,0.756540,0.656582,0.720851,0.616033,0.662822,0.714423,0.758289,0.788274,0.724330,0.630983,0.692933,0.671111,0.710851,0.704290,0.571998,0.557176,0.626383,0.649072,0.689780,0.669651,0.709995,0.669356,0.671286,0.700931,0.708437,0.527704,0.699579,0.702912,0.808606,0.747246,0.578802,0.714734,0.723847,0.777685,0.704269,0.652660,0.738553,0.721943,0.693784,0.731562,0.562782,0.753161,0.686942,0.776209,0.655603,0.658585,0.599514,0.673445,0.715621,0.721137,0.759429,0.793053,0.724230,0.769134,0.733154,0.744964,0.684847,0.712540,0.560208,0.724802,0.725038,0.845782,0.562876,0.704570,0.737340,0.637010,0.721011,0.698954,0.735520,0.614909,0.719512,0.718574,0.691186,0.718085,0.687226,0.680726,0.538762,0.624704,0.681784,0.644380,0.728062,0.697784,0.713820,0.595356,0.693492,0.638279,0.808079,0.770672,0.679135,0.762547,0.759275,0.752612,0.666027,0.556353,0.674287,0.715739,0.774883,0.750068,0.725159,0.731154,0.651084,0.748875,0.617839,0.685388,0.662650,0.384671,0.701997,0.687722,0.724698,0.662623,0.777589,0.722931,0.620189,0.773896,0.726636,0.532373,0.705806,0.816811,0.620100,0.706619,0.734569,0.799219,0.652845,0.663682,0.723286,0.793459,0.656085,0.715610,0.708305,0.706670,0.745336,0.729884,0.600570,0.769546,0.595219,0.721024,0.756962,0.713171,0.621018,0.783867,0.717750,0.787592,0.661839,0.608957,0.647175,0.835670,0.808199,0.677953,0.689744,0.742535,0.668632,0.513859,0.794021,0.754727,0.760500,0.787243,0.775324,0.776526,0.665178,0.767573,0.735303,0.755135,0.775140,0.770809,0.806390,0.754016,0.762924,0.734459,0.765304,0.716642,0.683757,0.717176,0.855726,0.754113,0.604696,0.687627,0.695905,0.741961,0.701110,0.782831,0.748268,0.722692,0.723252,0.755411,0.756265,0.705602,0.722511,0.665394,0.785988,0.755568,0.796742,0.812341,0.736571,0.601906,0.807469,0.673251,0.591539,0.699010,0.697666,0.762065,0.729616,0.405747,0.652082,0.782362,0.675201,0.814488,0.743741,0.771038,0.722672,0.676336,0.750552,0.780469,0.835809,0.770209,0.704762,0.741484,0.737401,0.816531,0.243859,0.500032,0.743453,0.735335,0.716574,0.750102,0.698582,0.663425,0.616368,0.798095,0.744254,0.759006,0.791463,0.818918,0.706483,0.759649,0.721481,0.822944,0.534617,0.691960,0.679177,0.703832,0.790156,0.749105,0.346086,0.722244,0.738078,0.788551,0.667690,0.723422,0.726692,0.697768,0.714060,0.728772,0.740646,0.683553,0.000000,0.707796,0.741572,0.782356,0.648404,0.481476,0.826817,0.760950,0.733647,0.741467,0.788056,0.764936,0.533570,0.682735,0.715971,0.500785,0.803417,0.721342,0.789890,0.820521,0.754203,0.389378,0.705640,0.740385,0.728923,0.722501,0.743162,0.788325,0.787061,0.719052,0.779058,0.731824,0.825904,0.740705,0.703657,0.879086,0.612863,0.763478,0.867961,0.678298,0.487209,0.604096,0.862003,0.744004,0.702756,0.674054,0.411580,0.763667,0.752154,0.694754,0.649872,0.646995,0.783276,0.744594,0.769984,0.646320,0.753793,0.485546,0.837684,0.789498,0.683729,0.662070,0.846393,0.740636,0.780996,0.752038,0.714425,0.618621,0.753415,0.718116,0.824479,0.722172,0.760731,0.675690,0.769537,0.764814,0.501091,0.806724,0.767916,0.767456,0.761782,0.660198,0.757713,0.778348,0.743261,0.738505,0.712171,0.666906,0.699795,0.660403,0.786928,0.602701,0.702515,0.767786,0.769109,0.725108,0.753014,0.657263,0.762192,0.643535,0.644672,0.668787,0.656129,0.773369,0.775806,0.764781,0.731343,0.641910,0.728287,0.629060,0.317831,0.641091,0.690949,0.650143,0.569252,0.768607,0.733642,0.644800,0.667344,0.689125,0.729816,0.531985,0.731632,0.558687,0.500034,0.808450,0.809341,0.719873,0.460162,0.730116,0.636241,0.667294,0.515816,0.671883,0.703040,0.786978,0.768892,0.740241,0.747583,0.766988,0.653673,0.735902,0.708516,0.702911,0.775170,0.703904,0.812972,0.726784,0.870072,0.769975,0.602229,0.780063,0.756236,0.567708,0.338086,0.630374,0.751720,0.385500,0.755444,0.648134,0.681991,0.698354,0.844984,0.781021,0.763459,0.761828,0.610866,0.613824,0.685103,0.654568,0.687726,0.663475,0.826032,0.710247,0.710444,0.725045,0.635616,0.718907,0.698758,0.691341,0.580418,0.680964,0.735061,0.799919,0.743259,0.334138,0.779111,0.671272,0.767973,0.492967,0.804429,0.614930
0.578251,0.512019,0.354987,0.540801,0.318121,0.527602,0.633714,0.314937,0.665566,0.495482,0.636990,0.548765,0.641851,0.517930,0.578242,0.364262,0.334003,0.608699,0.335254,0.712038,0.527944,0.483242,0.523396,0.468188,0.422799,0.542872,0.468791,0.278551,0.306149,0.393960,0.716863,0.463798,0.601173,0.664844,0.313487,0.681763,0.578057,0.521627,0.677119,0.428192,0.302508,0.720462,0.581308,0.625033,0.786553,0.617822,0.429403,0.404913,0.339609,0.701907,0.458786,0.776312,0.690645,0.690124,0.454639,0.595511,0.326769,0.344237,0.612320,0.596932,0.552717,0.492788,0.627748,0.670176,0.528072,0.354555,0.216468,0.507738,0.741904,0.726272,0.748632,0.592179,0.663287,0.566809,0.703544,0.807518,0.521333,0.394805,0.480683,0.635249,0.775877,0.497468,0.502347,0.662727,0.205112,0.777698,0.509149,0.277842,0.709076,0.583663,0.721871,0.293892,0.422332,0.343768,0.703006,0.762307,0.750525,0.603213,0.538743,0.618892,0.367772,0.697787,0.361638,0.358817,0.659469,0.443731,0.658087,0.412935,0.260163,0.669558,0.834392,0.231345,0.585904,0.529343,0.279612,0.298452,0.729648,0.807841,0.611631,0.377110,0.511857,0.349233,0.267971,0.716336,0.547051,0.416844,0.409110,0.538542,0.643196,0.537119,0.230342,0.666892,0.620938,0.426165,0.659478,0.252772,0.610029,0.733374,0.758853,0.528322,0.784811,0.632789,0.312410,0.675683,0.392473,0.582045,0.477795,0.627455,0.852588,0.754885,0.195038,0.589777,0.214663,0.226922,0.451254,0.530556,0.522863,0.831980,0.481210,0.664315,0.724647,0.507487,0.449354,0.212088,0.618142,0.579336,0.283066,0.797025,0.319188,0.493180,0.611255,0.367920,0.710940,0.670407,0.650739,0.550314,0.809091,0.499882,0.365239,0.737488,0.643683,0.712147,0.652062,0.440464,0.229764,0.746600,0.587261,0.651187,0.852199,0.741208,0.366483,0.329388,0.776831,0.836272,0.576807,0.325171,0.351378,0.409632,0.792549,0.495902,0.659387,0.671257,0.742419,0.210231,0.840578,0.634702,0.719007,0.449184,0.587804,0.625854,0.739865,0.478119,0.574391,0.660655,0.729624,0.297788,0.403502,0.875945,0.494149,0.623513,0.726113,0.474446,0.618457,0.235337,0.451311,0.412340,0.280290,0.769668,0.448286,0.776554,0.855019,0.655788,0.241404,0.444169,0.464630,0.429665,0.711286,0.623386,0.700441,0.321828,0.214468,0.386448,0.738609,0.656006,0.353161,0.667494,0.692619,0.209056,0.717340,0.406894,0.457183,0.539864,0.713107,0.559550,0.678290,0.281160,0.732068,0.699595,0.493396,0.726001,0.766547,0.762612,0.345925,0.547511,0.744982,0.367813,0.385886,0.515533,0.616065,0.455473,0.625635,0.410882,0.367758,0.740376,0.743244,0.382309,0.699782,0.441968,0.344819,0.309376,0.785734,0.666784,0.704495,0.227100,0.624967,0.371115,0.724817,0.587089,0.259164,0.676092,0.653494,0.773136,0.790132,0.594056,0.623494,0.339013,0.645424,0.742394,0.368638,0.373771,0.386998,0.637606,0.585427,0.479863,0.577627,0.717752,0.630139,0.510259,0.377355,0.707796,0.000000,0.609899,0.292233,0.620519,0.745167,0.522919,0.528926,0.342463,0.341043,0.699875,0.444519,0.780793,0.722842,0.526522,0.775306,0.777417,0.596474,0.300538,0.767167,0.539060,0.703408,0.664274,0.703377,0.355207,0.702020,0.563867,0.735063,0.430348,0.759182,0.382052,0.336290,0.842036,0.606186,0.750697,0.724159,0.819624,0.454872,0.693051,0.403067,0.854427,0.833385,0.695608,0.687341,0.683890,0.588202,0.730164,0.799993,0.456958,0.607007,0.743447,0.751452,0.471015,0.543928,0.580258,0.795106,0.238863,0.734298,0.669115,0.764421,0.717683,0.590145,0.694193,0.447939,0.267715,0.882862,0.701096,0.677048,0.249450,0.373376,0.650337,0.220056,0.481839,0.699352,0.531421,0.450975,0.628062,0.527506,0.630199,0.755202,0.332434,0.735955,0.595288,0.814803,0.282988,0.610923,0.639677,0.314659,0.707490,0.658293,0.290831,0.754311,0.710636,0.337801,0.629243,0.303673,0.790249,0.681403,0.186828,0.733170,0.775140,0.672927,0.784305,0.773387,0.312632,0.703467,0.714163,0.611198,0.377405,0.726501,0.764853,0.790164,0.672118,0.762867,0.763635,0.324905,0.392816,0.853945,0.605062,0.376903,0.739061,0.740718,0.513077,0.756405,0.716357,0.487184,0.645793,0.770245,0.673005,0.672546,0.788192,0.586721,0.767772,0.688900,0.652728,0.640482,0.647708,0.657810,0.550976,0.432431,0.595882,0.469707,0.725817,0.713782,0.573167,0.620724,0.640281,0.497724,0.844741,0.727538,0.810812,0.686666,0.365900,0.558448,0.738434,0.794925,0.717168,0.768475,0.668062,0.718453,0.358872,0.479117,0.737149,0.743028,0.672214,0.542623,0.831340,0.701239,0.631714,0.753126,0.628433,0.749369,0.795935,0.662951,0.562603,0.504945,0.526545,0.475027,0.441784,0.635550,0.607419,0.800459,0.632572,0.596724,0.567438,0.799679,0.401080,0.704910,0.429492,0.542445,0.726002,0.563970
0.578270,0.483815,0.576208,0.647137,0.463316,0.379642,0.373315,0.515129,0.467307,0.386295,0.399644,0.481145,0.583982,0.450963,0.557921,0.520553,0.424008,0.543571,0.446189,0.640380,0.481730,0.579424,0.318739,0.418195,0.372194,0.548027,0.515261,0.566693,0.521172,0.481865,0.740303,0.575154,0.650689,0.597724,0.551180,0.196614,0.462250,0.440737,0.354410,0.469207,0.545493,0.608069,0.660598,0.753940,0.446960,0.669452,0.530258,0.571457,0.559527,0.323313,0.585382,0.673379,0.537284,0.719016,0.452816,0.693909,0.538422,0.418687,0.665983,0.546600,0.587020,0.548200,0.704470,0.558701,0.494122,0.409713,0.625382,0.575135,0.543091,0.750930,0.568682,0.594837,0.468525,0.542252,0.603104,0.528275,0.432419,0.477788,0.494527,0.529970,0.721984,0.474707,0.572689,0.656675,0.585843,0.307762,0.623595,0.554288,0.623349,0.502238,0.325427,0.393001,0.461886,0.438092,0.655436,0.260507,0.735897,0.622747,0.595995,0.234300,0.476898,0.633428,0.353932,0.515573,0.697303,0.398747,0.664073,0.369361,0.598607,0.348276,0.740424,0.599570,0.489499,0.289020,0.518309,0.632343,0.777092,0.664697,0.356079,0.303309,0.482810,0.723687,0.614502,0.707111,0.392540,0.572276,0.655306,0.445028,0.616587,0.434542,0.529063,0.603939,0.449332,0.354190,0.501001,0.505494,0.634567,0.533171,0.620822,0.401180,0.327968,0.704583,0.558699,0.310154,0.670671,0.655649,0.579095,0.659667,0.717791,0.734737,0.578933,0.661794,0.547651,0.609143,0.570801,0.540970,0.156029,0.684399,0.578069,0.584115,0.785167,0.597753,0.525777,0.629509,0.593523,0.488435,0.555552,0.650490,0.413034,0.557978,0.546171,0.611909,0.751857,0.509868,0.594059,0.523242,0.767665,0.689427,0.505717,0.600330,0.803518,0.698821,0.514883,0.460005,0.619651,0.619378,0.580943,0.580087,0.665283,0.403041,0.518627,0.578393,0.620110,0.555791,0.670452,0.541499,0.507661,0.559048,0.641556,0.628292,0.654936,0.630259,0.696308,0.545738,0.696372,0.456226,0.787918,0.503432,0.626474,0.746348,0.707763,0.671684,0.651035,0.738157,0.791055,0.662481,0.706665,0.783814,0.545784,0.727578,0.671661,0.632708,0.611326,0.563228,0.567003,0.559716,0.666692,0.778050,0.619312,0.689221,0.524923,0.605377,0.549234,0.674234,0.618713,0.545272,0.419291,0.691718,0.691866,0.614483,0.578340,0.661166,0.804434,0.467603,0.522195,0.687289,0.517913,0.491398,0.771203,0.501974,0.453075,0.593911,0.578960,0.704575,0.638273,0.607739,0.758985,0.643988,0.625758,0.733151,0.769269,0.701605,0.630381,0.479128,0.761694,0.511683,0.562708,0.677172,0.727876,0.549886,0.300276,0.397089,0.622888,0.717372,0.767843,0.625292,0.543417,0.459246,0.631992,0.542394,0.753511,0.669110,0.851300,0.638670,0.475079,0.594876,0.774333,0.429452,0.530594,0.680867,0.697982,0.770552,0.709664,0.681426,0.559497,0.502777,0.481820,0.747908,0.597442,0.642580,0.577367,0.569063,0.514613,0.412240,0.696328,0.526919,0.591031,0.682884,0.557943,0.741572,0.609899,0.000000,0.525992,0.610497,0.667799,0.719485,0.675771,0.591561,0.653610,0.639085,0.532265,0.670610,0.397737,0.472119,0.650739,0.733093,0.676144,0.504517,0.649465,0.637764,0.765394,0.766766,0.712676,0.552920,0.670158,0.467905,0.774716,0.327731,0.844188,0.760701,0.716031,0.727455,0.699429,0.628915,0.764813,0.588578,0.394907,0.725392,0.616609,0.776885,0.719860,0.760268,0.590302,0.567313,0.650638,0.740175,0.767629,0.447845,0.595702,0.744000,0.724796,0.671543,0.796786,0.193768,0.415625,0.555366,0.694276,0.706881,0.721345,0.626136,0.726394,0.724073,0.654428,0.638655,0.798000,0.541318,0.644395,0.630215,0.645059,0.662368,0.607993,0.508904,0.729646,0.365995,0.580614,0.544911,0.598805,0.768132,0.782580,0.647904,0.727301,0.448273,0.752458,0.491120,0.646728,0.740335,0.609027,0.637198,0.366676,0.567700,0.621506,0.213298,0.538864,0.491102,0.477773,0.587011,0.628468,0.571312,0.485041,0.662332,0.764053,0.657287,0.668584,0.589806,0.496824,0.520588,0.588885,0.577224,0.672064,0.758763,0.538932,0.670262,0.885894,0.509564,0.636432,0.565913,0.597009,0.743536,0.647453,0.729048,0.734419,0.794843,0.819231,0.652283,0.438186,0.717254,0.717492,0.710121,0.653226,0.646603,0.787859,0.712784,0.662573,0.404403,0.754435,0.782782,0.722322,0.679857,0.623277,0.673486,0.722739,0.727338,0.494445,0.382157,0.745471,0.550473,0.779821,0.853243,0.846989,0.744778,0.569226,0.715084,0.731054,0.708365,0.698824,0.558846,0.730341,0.643650,0.750771,0.632076,0.674994,0.744121,0.729768,0.643221,0.635805,0.743692,0.620607,0.590340,0.592682,0.748825,0.699800,0.797073,0.589161,0.626490,0.594125,0.782204,0.625248,0.768479,0.806803,0.721706,0.613407,0.650004,0.740964,0.462090,0.772936,0.551629,0.703122,0.675452,0.539132,0.700726,0.686420
0.578296,0.528953,0.440817,0.565510,0.438123,0.515529,0.556166,0.308012,0.573832,0.487320,0.588073,0.541736,0.557584,0.529335,0.496081,0.303802,0.296379,0.528275,0.311829,0.701405,0.427487,0.482923,0.464636,0.371033,0.379424,0.548671,0.389035,0.343390,0.280897,0.475735,0.640393,0.456135,0.549803,0.593115,0.369882,0.593885,0.574107,0.464836,0.587728,0.470525,0.317980,0.668796,0.550452,0.653946,0.695715,0.582723,0.404355,0.479306,0.354932,0.594671,0.510976,0.754842,0.579813,0.640468,0.464421,0.558343,0.341505,0.265253,0.593403,0.546700,0.569850,0.483163,0.584919,0.536865,0.511635,0.316953,0.346984,0.557241,0.647995,0.663255,0.711643,0.605984,0.560624,0.591539,0.643592,0.702285,0.509615,0.313331,0.471463,0.561099,0.754182,0.507868,0.472136,0.643332,0.318276,0.661424,0.554312,0.320343,0.674210,0.543253,0.641713,0.320844,0.527806,0.315580,0.647482,0.687076,0.664185,0.572261,0.485545,0.552301,0.377198,0.634197,0.419087,0.483711,0.618957,0.470703,0.609413,0.444085,0.345969,0.531924,0.766891,0.286174,0.534333,0.543163,0.348636,0.320266,0.731844,0.740623,0.532389,0.373269,0.467319,0.418267,0.378964,0.670893,0.484847,0.462784,0.462965,0.464449,0.524300,0.505393,0.312163,0.670184,0.441628,0.417203,0.600251,0.308639,0.555827,0.536224,0.694311,0.473569,0.663130,0.619418,0.341987,0.605789,0.449925,0.578198,0.501202,0.570560,0.792744,0.635343,0.340183,0.576323,0.194536,0.296990,0.380204,0.518315,0.467378,0.773522,0.412925,0.595220,0.776446,0.525489,0.482250,0.298429,0.547636,0.493481,0.321837,0.696298,0.257424,0.500071,0.599490,0.394270,0.670360,0.619155,0.554107,0.502966,0.707237,0.455005,0.411158,0.671660,0.628653,0.684248,0.549322,0.437638,0.395446,0.766881,0.580922,0.627342,0.738643,0.612080,0.346119,0.386263,0.658453,0.731218,0.567016,0.364298,0.276147,0.358753,0.805603,0.536243,0.675965,0.660267,0.699886,0.306513,0.763074,0.571493,0.790995,0.455255,0.531906,0.568108,0.693751,0.484147,0.584654,0.650574,0.726694,0.365054,0.438358,0.788546,0.515691,0.587888,0.646742,0.480928,0.571705,0.237790,0.451070,0.484909,0.388641,0.725050,0.412701,0.715004,0.675105,0.535216,0.362145,0.542511,0.466440,0.481917,0.608226,0.594861,0.715725,0.399655,0.287829,0.422244,0.715037,0.623442,0.337240,0.616098,0.688023,0.241092,0.692529,0.359234,0.446584,0.534163,0.651822,0.550754,0.596911,0.380097,0.774805,0.658355,0.572416,0.702557,0.684259,0.683645,0.447780,0.609990,0.720122,0.420425,0.427549,0.557590,0.620326,0.500619,0.563946,0.392990,0.420360,0.804329,0.787617,0.459937,0.642775,0.408314,0.493864,0.370220,0.726355,0.639591,0.627178,0.342681,0.533315,0.415159,0.669008,0.536562,0.143800,0.624465,0.634461,0.785319,0.728436,0.586423,0.655009,0.352142,0.579038,0.793790,0.341906,0.377589,0.317617,0.646406,0.507804,0.440080,0.610375,0.589970,0.537096,0.562315,0.347793,0.782356,0.292233,0.525992,0.000000,0.621422,0.710101,0.540606,0.503025,0.428422,0.395765,0.663477,0.400260,0.791064,0.611481,0.543850,0.773736,0.749127,0.475485,0.335163,0.741939,0.468729,0.746038,0.630239,0.696553,0.407673,0.578675,0.466435,0.702570,0.433368,0.775072,0.474352,0.432725,0.764919,0.609677,0.643950,0.734710,0.729032,0.507367,0.630564,0.472314,0.798338,0.802164,0.642227,0.591932,0.637134,0.587187,0.822997,0.824828,0.450819,0.563898,0.790640,0.753893,0.444926,0.601231,0.534144,0.739493,0.207723,0.744432,0.583157,0.718984,0.620731,0.568131,0.672270,0.516875,0.390439,0.780388,0.632734,0.705754,0.326255,0.476578,0.619703,0.367237,0.328787,0.688652,0.537693,0.446036,0.643116,0.612563,0.624140,0.715153,0.486183,0.732516,0.563776,0.714741,0.392460,0.515721,0.620493,0.429230,0.644515,0.566400,0.227183,0.834488,0.627067,0.349637,0.525434,0.335749,0.661119,0.713807,0.282093,0.669294,0.594970,0.693066,0.717576,0.752767,0.417785,0.605297,0.547734,0.562180,0.421613,0.621675,0.858178,0.688011,0.587430,0.829655,0.724808,0.389951,0.366710,0.712333,0.604638,0.476367,0.710649,0.757620,0.512100,0.829744,0.828084,0.389228,0.622891,0.767948,0.766160,0.636753,0.716586,0.648713,0.766909,0.607580,0.591797,0.671157,0.613755,0.590388,0.565129,0.424148,0.668785,0.585056,0.777104,0.659509,0.507444,0.618497,0.563724,0.603742,0.750696,0.684156,0.806260,0.707475,0.407739,0.548299,0.764060,0.776856,0.670719,0.877729,0.618642,0.669204,0.362913,0.588448,0.681519,0.629664,0.550171,0.542781,0.813786,0.679287,0.650026,0.660853,0.575684,0.677813,0.731784,0.506570,0.576025,0.492366,0.567873,0.454877,0.561355,0.616810,0.678143,0.783244,0.525987,0.592505,0.465683,0.855298,0.306033,0.696478,0.521427,0.599123,0.641887,0.501646
0.578527,0.497979,0.445726,0.490196,0.496670,0.462334,0.496786,0.492440,0.514554,0.437928,0.521051,0.475038,0.570930,0.380456,0.568718,0.436171,0.447564,0.653131,0.428329,0.617606,0.481279,0.531173,0.506010,0.536086,0.380836,0.474504,0.491934,0.537542,0.488927,0.530061,0.701787,0.465312,0.704403,0.675584,0.504062,0.549925,0.414125,0.570911,0.537593,0.471932,0.553900,0.668909,0.737079,0.554586,0.622718,0.668309,0.573410,0.572943,0.510136,0.500355,0.503261,0.643234,0.572683,0.757542,0.384649,0.665763,0.543542,0.561957,0.520429,0.484874,0.599639,0.546374,0.755127,0.684360,0.480955,0.411966,0.514815,0.594048,0.618559,0.646291,0.500296,0.557292,0.574092,0.581783,0.682556,0.630395,0.404664,0.507496,0.490249,0.568578,0.703797,0.481380,0.557432,0.768034,0.576544,0.605928,0.626768,0.434207,0.702536,0.532824,0.578929,0.560884,0.613347,0.414702,0.665681,0.647517,0.688200,0.554106,0.612590,0.583871,0.450545,0.617989,0.433087,0.520997,0.705139,0.505301,0.668632,0.462903,0.521968,0.608251,0.747920,0.569386,0.567627,0.516780,0.466804,0.588270,0.749757,0.735731,0.519691,0.445098,0.368012,0.551230,0.553329,0.619320,0.476111,0.589771,0.528137,0.500131,0.666638,0.495392,0.478166,0.618662,0.640767,0.403387,0.575393,0.449553,0.703718,0.650289,0.705294,0.434769,0.624920,0.727525,0.533620,0.640951,0.484794,0.687662,0.608483,0.653952,0.695714,0.684966,0.546876,0.702058,0.609837,0.553719,0.491912,0.372255,0.578670,0.623023,0.547977,0.591049,0.613551,0.534606,0.530712,0.519586,0.585913,0.542860,0.458672,0.631179,0.595169,0.548973,0.578816,0.652353,0.746711,0.505394,0.581832,0.605983,0.756706,0.650178,0.534170,0.646680,0.580890,0.721965,0.623868,0.471714,0.529931,0.687780,0.591771,0.598746,0.766779,0.681555,0.526606,0.509456,0.688002,0.664474,0.622001,0.421180,0.595069,0.565182,0.693962,0.474397,0.707955,0.706242,0.598709,0.517192,0.690440,0.563251,0.595087,0.562543,0.639588,0.624682,0.696765,0.621679,0.687956,0.729326,0.632571,0.549865,0.585873,0.782846,0.477416,0.689214,0.713878,0.574442,0.580241,0.586060,0.532704,0.492896,0.531672,0.795033,0.692301,0.615407,0.678969,0.652639,0.542313,0.705294,0.673164,0.507305,0.651244,0.623467,0.661402,0.491788,0.575642,0.604883,0.527491,0.610620,0.530731,0.682184,0.737882,0.577995,0.607351,0.581324,0.591242,0.626403,0.584492,0.713899,0.609796,0.478863,0.544054,0.678536,0.653644,0.690810,0.697004,0.657825,0.492090,0.614899,0.683112,0.487890,0.542769,0.629141,0.672775,0.518873,0.546926,0.396504,0.626700,0.649091,0.686776,0.476702,0.661485,0.545892,0.565126,0.534588,0.679458,0.588079,0.757068,0.546048,0.657264,0.575189,0.665277,0.633865,0.640398,0.650017,0.756380,0.689515,0.655506,0.560773,0.590433,0.543903,0.680907,0.655211,0.580956,0.620492,0.608763,0.618529,0.658254,0.641338,0.443966,0.647752,0.706376,0.560951,0.580633,0.648404,0.620519,0.610497,0.621422,0.000000,0.654002,0.730688,0.642488,0.467968,0.552225,0.673518,0.492113,0.623722,0.741416,0.118330,0.652433,0.701919,0.675607,0.579706,0.762334,0.649262,0.593121,0.670575,0.657600,0.547552,0.633958,0.603984,0.755155,0.507213,0.681805,0.557929,0.573671,0.771893,0.555528,0.656670,0.716163,0.679620,0.569838,0.723302,0.448904,0.699531,0.724975,0.773494,0.644862,0.692844,0.694657,0.669868,0.802034,0.613582,0.405465,0.750300,0.696416,0.689341,0.663978,0.566689,0.643944,0.610382,0.626420,0.820794,0.767750,0.647461,0.562230,0.745743,0.545887,0.556128,0.747453,0.701034,0.521201,0.608194,0.505486,0.682050,0.551405,0.633837,0.649729,0.632537,0.602223,0.629014,0.619119,0.620680,0.704172,0.527529,0.702133,0.597507,0.700516,0.539411,0.633241,0.701303,0.509666,0.693068,0.694292,0.630314,0.671074,0.674660,0.439480,0.701462,0.533702,0.688598,0.750270,0.546323,0.629981,0.672051,0.702105,0.563578,0.648111,0.518558,0.555628,0.575804,0.634785,0.615226,0.673376,0.694996,0.650027,0.601186,0.757635,0.551655,0.505596,0.549853,0.703435,0.628778,0.589065,0.779502,0.693308,0.620407,0.816964,0.624846,0.535849,0.818564,0.773641,0.565117,0.699654,0.557906,0.647455,0.517170,0.634951,0.635700,0.729605,0.699516,0.668163,0.508644,0.692649,0.626716,0.545140,0.669553,0.714923,0.738563,0.622445,0.722353,0.498019,0.815557,0.673412,0.692694,0.648497,0.459533,0.573521,0.614258,0.740521,0.684173,0.692631,0.666570,0.707626,0.616930,0.673894,0.726403,0.745587,0.711173,0.598999,0.748035,0.580853,0.680450,0.598297,0.662978,0.466596,0.830086,0.633619,0.626565,0.494799,0.644300,0.641221,0.556997,0.665494,0.664361,0.624989,0.717829,0.694157,0.703394,0.649702,0.565745,0.655655,0.618381,0.424623,0.733845,0.593316
0.578532,0.636142,0.572783,0.689144,0.624773,0.494243,0.468406,0.676170,0.476129,0.558494,0.492117,0.557263,0.630905,0.592417,0.682515,0.678806,0.639114,0.636327,0.621531,0.536494,0.459322,0.736678,0.553760,0.694239,0.607579,0.707228,0.665024,0.771166,0.719930,0.742152,0.718791,0.528582,0.786135,0.720746,0.688860,0.448380,0.548342,0.567039,0.525401,0.689910,0.684686,0.707375,0.712439,0.641506,0.466755,0.627391,0.552536,0.657702,0.676264,0.577836,0.680454,0.630733,0.721433,0.850376,0.648535,0.638068,0.710381,0.660771,0.651622,0.605485,0.756742,0.732749,0.801481,0.682084,0.626640,0.672543,0.696747,0.793080,0.612923,0.549337,0.573435,0.744923,0.490517,0.646689,0.757344,0.549032,0.721919,0.676726,0.698635,0.592827,0.523454,0.674829,0.730670,0.836518,0.694256,0.530058,0.756087,0.703601,0.810028,0.641120,0.535642,0.731411,0.712358,0.690061,0.741358,0.523369,0.724188,0.747694,0.778416,0.557238,0.626792,0.502661,0.689382,0.737772,0.747757,0.699403,0.789133,0.687454,0.722111,0.642559,0.713653,0.667039,0.575673,0.582769,0.751154,0.742663,0.864011,0.472254,0.691853,0.717930,0.687255,0.699312,0.723764,0.683643,0.624850,0.758063,0.772655,0.611385,0.641902,0.658654,0.711944,0.503687,0.594522,0.733285,0.563150,0.706310,0.697364,0.659430,0.550861,0.684786,0.589343,0.827591,0.775665,0.612644,0.821768,0.774023,0.760376,0.665635,0.499631,0.611959,0.735064,0.795103,0.769723,0.668220,0.705144,0.667506,0.659472,0.505184,0.656115,0.661718,0.436978,0.740986,0.783172,0.730631,0.622278,0.696321,0.700782,0.621809,0.714820,0.746677,0.628008,0.741776,0.819043,0.654389,0.735960,0.711629,0.747987,0.582646,0.637614,0.720526,0.750781,0.612247,0.698428,0.707450,0.717610,0.714851,0.795675,0.639107,0.732441,0.549659,0.724097,0.824222,0.728989,0.634019,0.724518,0.698276,0.758664,0.666541,0.632129,0.646721,0.816003,0.769033,0.587562,0.725992,0.717240,0.632250,0.542165,0.793224,0.683788,0.713563,0.760916,0.711464,0.750597,0.680659,0.804270,0.699021,0.713269,0.720381,0.742856,0.840918,0.660290,0.689112,0.767767,0.769696,0.773739,0.696880,0.757382,0.819167,0.716149,0.559072,0.673801,0.677016,0.723590,0.705193,0.724800,0.799678,0.662629,0.840342,0.770953,0.775686,0.733555,0.678079,0.641013,0.642617,0.757996,0.758976,0.733379,0.730901,0.559667,0.782004,0.669158,0.663565,0.730780,0.745817,0.804545,0.766987,0.480898,0.615889,0.747388,0.568471,0.830747,0.716288,0.823178,0.680632,0.672447,0.720031,0.809189,0.790850,0.692831,0.665402,0.704464,0.689951,0.794493,0.517731,0.480881,0.779946,0.780510,0.706967,0.773362,0.760455,0.565894,0.686658,0.714462,0.738328,0.700566,0.813631,0.765718,0.762226,0.718924,0.781119,0.734723,0.698153,0.584268,0.669208,0.711429,0.755817,0.686550,0.421653,0.717087,0.734523,0.695152,0.664526,0.734440,0.709794,0.715637,0.644512,0.623525,0.679926,0.636458,0.481476,0.745167,0.667799,0.710101,0.654002,0.000000,0.824088,0.791486,0.814141,0.726520,0.736314,0.722988,0.342412,0.614247,0.705809,0.249535,0.796090,0.595396,0.749576,0.764642,0.691054,0.522624,0.647166,0.737225,0.726921,0.702401,0.725190,0.837474,0.704257,0.696485,0.765067,0.719000,0.798394,0.727267,0.694886,0.825934,0.643904,0.744424,0.862673,0.662865,0.571933,0.641953,0.817348,0.740484,0.772086,0.697607,0.424486,0.770611,0.723485,0.732339,0.702167,0.555792,0.721446,0.779182,0.725586,0.550984,0.729484,0.506602,0.815802,0.903067,0.667090,0.581602,0.755269,0.788203,0.764359,0.744971,0.676228,0.747386,0.750419,0.798243,0.767320,0.754095,0.732055,0.630066,0.669302,0.746030,0.424979,0.782565,0.742816,0.655722,0.792334,0.736347,0.762376,0.795312,0.817161,0.734978,0.717076,0.709283,0.746690,0.620131,0.748037,0.640851,0.694593,0.719605,0.680600,0.750160,0.711293,0.516639,0.767544,0.602138,0.611680,0.702667,0.570016,0.668221,0.793699,0.720709,0.724482,0.676323,0.686114,0.645932,0.475802,0.619460,0.608763,0.686257,0.522806,0.811557,0.734625,0.625401,0.476208,0.750417,0.808746,0.572955,0.739350,0.644842,0.582049,0.738825,0.844601,0.703900,0.561597,0.755480,0.628928,0.693298,0.579048,0.679201,0.716072,0.809078,0.756934,0.744207,0.777048,0.705754,0.765838,0.772546,0.676205,0.795610,0.771389,0.731580,0.665302,0.727661,0.882433,0.752861,0.482217,0.681103,0.763436,0.600955,0.445047,0.584513,0.680047,0.505192,0.762951,0.605879,0.667521,0.775471,0.846450,0.728463,0.716061,0.734282,0.636883,0.576876,0.717318,0.641192,0.702667,0.695728,0.812452,0.693490,0.646280,0.746609,0.736633,0.689944,0.752018,0.683422,0.567739,0.542199,0.672065,0.721250,0.714914,0.478192,0.799089,0.575856,0.847678,0.499097,0.731916,0.436528
0.578924,0.637250,0.659305,0.639658,0.642787,0.751296,0.775182,0.593058,0.771679,0.746402,0.773942,0.770578,0.546618,0.715773,0.526256,0.563191,0.548179,0.731015,0.557069,0.780655,0.632400,0.630547,0.670742,0.658720,0.650032,0.737658,0.610736,0.442391,0.588159,0.445753,0.633377,0.618559,0.451178,0.518979,0.429683,0.784696,0.664231,0.701515,0.816190,0.643272,0.570365,0.614329,0.575225,0.721511,0.848117,0.688417,0.672852,0.698516,0.543780,0.790626,0.689813,0.674387,0.473821,0.499703,0.701578,0.657073,0.573836,0.602808,0.725556,0.732265,0.408905,0.681140,0.504680,0.721356,0.746763,0.454756,0.618984,0.397938,0.687441,0.717872,0.694891,0.479343,0.766350,0.798283,0.540485,0.687558,0.682392,0.603598,0.713362,0.836081,0.882565,0.801727,0.604858,0.448851,0.573160,0.814075,0.794771,0.592773,0.583137,0.734093,0.793905,0.581544,0.750294,0.520268,0.533208,0.788578,0.701235,0.471980,0.608369,0.786920,0.580457,0.648830,0.643877,0.691841,0.499025,0.682346,0.517569,0.679301,0.477134,0.790995,0.644691,0.565481,0.791359,0.744705,0.597859,0.620504,0.510471,0.793721,0.707781,0.622792,0.711154,0.667876,0.619780,0.689050,0.581402,0.516054,0.748816,0.455420,0.689749,0.737414,0.623066,0.894523,0.758556,0.626544,0.763394,0.573719,0.589490,0.650638,0.749134,0.476562,0.844756,0.386303,0.633295,0.716078,0.705198,0.210516,0.726315,0.666380,0.736788,0.690211,0.564947,0.467368,0.584278,0.580398,0.674063,0.688491,0.720461,0.833828,0.576207,0.714919,0.826146,0.719395,0.632996,0.546134,0.731736,0.397615,0.590190,0.851177,0.617557,0.543028,0.674119,0.588527,0.535864,0.775112,0.525273,0.718444,0.633626,0.671694,0.527716,0.739381,0.739888,0.666492,0.738192,0.673209,0.616231,0.687127,0.473074,0.805585,0.754249,0.828833,0.583374,0.647381,0.611695,0.754932,0.778750,0.595877,0.631528,0.500897,0.870144,0.687322,0.486642,0.503963,0.732654,0.535347,0.709044,0.771142,0.816296,0.551857,0.601878,0.703834,0.572020,0.578525,0.481275,0.693618,0.873405,0.620709,0.573273,0.653172,0.722297,0.456442,0.587035,0.549317,0.482157,0.607737,0.750813,0.695352,0.661313,0.585505,0.473508,0.783459,0.815812,0.706218,0.658042,0.683076,0.647642,0.620541,0.757211,0.705780,0.853669,0.651191,0.606209,0.549275,0.803899,0.692254,0.644035,0.570658,0.649434,0.575141,0.800433,0.702471,0.680726,0.639639,0.809170,0.723345,0.512082,0.602151,0.809875,0.740186,0.713866,0.860532,0.546373,0.608006,0.685367,0.801261,0.676342,0.715150,0.652058,0.701283,0.660644,0.750524,0.727917,0.640777,0.624507,0.810782,0.781561,0.712367,0.629417,0.546083,0.685059,0.673761,0.695852,0.792445,0.717657,0.580887,0.706926,0.700206,0.620319,0.701873,0.570832,0.525844,0.693618,0.883212,0.628492,0.818662,0.747909,0.600412,0.632714,0.819421,0.621469,0.628754,0.640726,0.711603,0.597315,0.726898,0.764252,0.695572,0.625598,0.728406,0.645215,0.826817,0.522919,0.719485,0.540606,0.730688,0.824088,0.000000,0.683123,0.664691,0.589744,0.543709,0.600262,0.795154,0.845073,0.669268,0.834964,0.607656,0.635921,0.667191,0.690730,0.649871,0.862944,0.599523,0.601132,0.659638,0.777470,0.737969,0.483852,0.706455,0.741165,0.657245,0.611019,0.687771,0.692397,0.691794,0.527504,0.740375,0.776001,0.510925,0.640288,0.822245,0.842157,0.542520,0.812417,0.830639,0.642568,0.817418,0.768685,0.679300,0.725868,0.702672,0.822378,0.617687,0.640105,0.785159,0.782861,0.609245,0.798577,0.538817,0.491708,0.560371,0.593873,0.548306,0.738480,0.620253,0.707975,0.777633,0.655463,0.591920,0.738785,0.523069,0.630189,0.732108,0.778867,0.779153,0.692664,0.744541,0.758849,0.700400,0.695224,0.664942,0.813798,0.755896,0.659454,0.624247,0.787255,0.653799,0.657952,0.845037,0.715847,0.631738,0.796159,0.818478,0.574223,0.654644,0.608826,0.804623,0.873272,0.581813,0.910682,0.738031,0.598509,0.825417,0.685112,0.658826,0.741170,0.751291,0.735214,0.632266,0.740051,0.868072,0.806219,0.720508,0.740101,0.837400,0.686754,0.644709,0.825284,0.765049,0.694873,0.509652,0.811722,0.557610,0.726126,0.838861,0.582746,0.497845,0.726305,0.858140,0.541162,0.777879,0.697592,0.842735,0.764486,0.693343,0.606666,0.701113,0.778523,0.746690,0.609716,0.694525,0.766311,0.817733,0.782895,0.697945,0.669576,0.676565,0.552691,0.567227,0.714511,0.825401,0.824061,0.607307,0.788208,0.868190,0.813752,0.745233,0.837430,0.854023,0.685278,0.636215,0.579582,0.535918,0.659875,0.718712,0.826793,0.779007,0.826949,0.673831,0.820938,0.727093,0.743338,0.648549,0.725463,0.611778,0.695206,0.607555,0.531963,0.734080,0.744563,0.797831,0.827407,0.779731,0.674580,0.817678,0.877948,0.507089,0.732406,0.715254,0.619897,0.619332,0.621115
0.579521,0.569741,0.507851,0.612595,0.542430,0.634521,0.696305,0.522862,0.697713,0.531845,0.725510,0.601582,0.503262,0.555649,0.431518,0.434042,0.576006,0.656570,0.514052,0.703679,0.581258,0.584224,0.653883,0.593941,0.575240,0.599188,0.500871,0.489698,0.542492,0.531176,0.683498,0.538723,0.580107,0.659123,0.573553,0.708229,0.661569,0.562171,0.733171,0.590789,0.469361,0.658747,0.665166,0.652356,0.791764,0.654298,0.576732,0.576236,0.460790,0.665315,0.561772,0.693044,0.608363,0.659178,0.534013,0.538829,0.539493,0.537632,0.617570,0.660444,0.546646,0.551157,0.625277,0.732532,0.632057,0.576451,0.388104,0.544550,0.472837,0.719699,0.679447,0.530983,0.621020,0.637971,0.631177,0.700871,0.625139,0.532757,0.559667,0.703878,0.817268,0.571529,0.557647,0.677100,0.551314,0.699285,0.596835,0.506381,0.674927,0.666700,0.652565,0.535783,0.567800,0.536444,0.713433,0.738390,0.610001,0.507128,0.615768,0.694164,0.508091,0.599910,0.524925,0.560587,0.650980,0.572378,0.613507,0.535163,0.552174,0.709271,0.739014,0.507847,0.682506,0.664609,0.468623,0.526686,0.687227,0.708547,0.661874,0.560771,0.559882,0.576857,0.518721,0.689735,0.673994,0.551448,0.596016,0.638372,0.533013,0.655569,0.486268,0.722928,0.647155,0.520265,0.715918,0.502815,0.457410,0.599336,0.657037,0.669901,0.732808,0.660735,0.538488,0.671590,0.537446,0.692962,0.591375,0.624581,0.784443,0.643993,0.544638,0.646194,0.492120,0.477841,0.560292,0.590504,0.644285,0.766431,0.521518,0.566137,0.744825,0.626514,0.664393,0.557498,0.759506,0.679467,0.521788,0.743736,0.557381,0.623823,0.662151,0.430488,0.629629,0.638765,0.493132,0.705304,0.719380,0.654009,0.615701,0.663944,0.644686,0.649540,0.724537,0.602338,0.523096,0.730817,0.540918,0.740114,0.794479,0.748040,0.599263,0.550642,0.643212,0.793508,0.547220,0.529987,0.514403,0.552153,0.726555,0.620770,0.644980,0.681490,0.711923,0.576832,0.668850,0.762328,0.666290,0.559722,0.555359,0.657990,0.685666,0.646521,0.599945,0.610259,0.721600,0.579169,0.616530,0.750233,0.594784,0.617231,0.647993,0.624092,0.538461,0.555629,0.586055,0.482662,0.535331,0.694560,0.634856,0.676005,0.728994,0.477431,0.409050,0.618315,0.608987,0.550687,0.717871,0.753570,0.730441,0.521710,0.516993,0.622465,0.789721,0.515951,0.538184,0.574601,0.719171,0.482348,0.766248,0.555720,0.633845,0.590098,0.673554,0.626883,0.550120,0.517755,0.744530,0.548466,0.624154,0.646629,0.661807,0.610363,0.533126,0.635670,0.618900,0.528332,0.603679,0.681698,0.578207,0.587772,0.716535,0.593338,0.626605,0.729653,0.743451,0.531634,0.709889,0.528145,0.574560,0.547745,0.547349,0.724136,0.636406,0.543082,0.625955,0.500214,0.628470,0.669305,0.584328,0.615530,0.643682,0.864790,0.722792,0.627719,0.686003,0.499471,0.660869,0.733905,0.542413,0.599308,0.544220,0.686382,0.504949,0.650068,0.658311,0.655295,0.448041,0.566682,0.631617,0.760950,0.528926,0.675771,0.503025,0.642488,0.791486,0.683123,0.000000,0.546241,0.508714,0.588568,0.663509,0.770331,0.744275,0.638063,0.787964,0.711552,0.546436,0.509181,0.746911,0.459887,0.703937,0.575685,0.603340,0.601675,0.506924,0.630352,0.649225,0.609956,0.738327,0.617424,0.550063,0.826813,0.680237,0.429975,0.728104,0.664347,0.597069,0.623534,0.596153,0.786406,0.720121,0.739587,0.660079,0.683963,0.542533,0.768784,0.751657,0.681583,0.661388,0.709817,0.690250,0.543353,0.656979,0.640734,0.722433,0.506692,0.768096,0.575045,0.697879,0.614914,0.683548,0.735813,0.613289,0.470357,0.648141,0.762006,0.681626,0.554852,0.539348,0.671281,0.538708,0.553641,0.678992,0.663481,0.589397,0.744848,0.667489,0.461741,0.738398,0.591956,0.693509,0.630304,0.620934,0.570927,0.687869,0.421621,0.422252,0.717048,0.559279,0.561121,0.832803,0.706255,0.589676,0.588062,0.578997,0.789637,0.722036,0.539933,0.764359,0.716414,0.617816,0.761685,0.731598,0.495155,0.732888,0.644207,0.585447,0.643430,0.676422,0.778092,0.855005,0.668609,0.730569,0.747144,0.488543,0.498840,0.753707,0.622116,0.503718,0.772025,0.696207,0.607153,0.748158,0.826801,0.654256,0.685261,0.717155,0.769461,0.728868,0.607652,0.663287,0.736929,0.694203,0.674251,0.740550,0.736645,0.723881,0.638560,0.539067,0.603554,0.544241,0.761589,0.793708,0.663874,0.676567,0.522027,0.689289,0.776331,0.630325,0.758455,0.678080,0.489827,0.618170,0.762324,0.768093,0.627363,0.789061,0.721523,0.579933,0.525563,0.708155,0.708877,0.584527,0.600252,0.627505,0.838960,0.667077,0.637494,0.768092,0.548173,0.661173,0.711071,0.687092,0.496236,0.600063,0.657931,0.635817,0.618863,0.486493,0.579040,0.818781,0.677242,0.588446,0.698445,0.738079,0.491953,0.665311,0.504163,0.746481,0.549629,0.597688
0.579521,0.481829,0.287011,0.483038,0.323059,0.469678,0.608795,0.301401,0.674267,0.389453,0.654771,0.502372,0.653137,0.379152,0.589555,0.336121,0.378364,0.577663,0.349075,0.757893,0.562808,0.456982,0.562680,0.374462,0.435834,0.435856,0.466802,0.319196,0.366742,0.445268,0.766360,0.450092,0.637521,0.754606,0.396443,0.653611,0.544212,0.489730,0.634142,0.334959,0.397400,0.714311,0.766213,0.663553,0.754401,0.683075,0.422496,0.512282,0.446170,0.608771,0.388068,0.741086,0.672536,0.707826,0.322489,0.675055,0.388379,0.356136,0.523358,0.558001,0.576278,0.478461,0.675868,0.676308,0.485812,0.369423,0.299979,0.522232,0.725924,0.713763,0.765338,0.634529,0.599239,0.479983,0.786810,0.810456,0.355496,0.411740,0.340195,0.578536,0.755087,0.297301,0.498435,0.704304,0.356275,0.731549,0.401681,0.261702,0.770567,0.575751,0.664954,0.322226,0.372740,0.335500,0.727478,0.740577,0.768055,0.656758,0.526238,0.628661,0.375731,0.754337,0.290378,0.314506,0.732752,0.390026,0.645634,0.347024,0.350597,0.652267,0.828344,0.372052,0.551849,0.480886,0.309320,0.381557,0.730305,0.812986,0.458860,0.416837,0.430316,0.364692,0.314849,0.764789,0.557824,0.281492,0.331945,0.535647,0.692770,0.492527,0.278140,0.593947,0.649645,0.395032,0.687265,0.267177,0.623859,0.754960,0.746826,0.537315,0.756056,0.679497,0.209456,0.733007,0.364705,0.680334,0.400687,0.701925,0.873814,0.809616,0.252167,0.685047,0.320976,0.356384,0.472798,0.385165,0.529639,0.811740,0.541139,0.628271,0.825251,0.327355,0.450906,0.290364,0.631076,0.596425,0.351841,0.772588,0.324596,0.487089,0.686391,0.448230,0.675956,0.566764,0.630978,0.491605,0.869714,0.518593,0.492899,0.636596,0.575111,0.794307,0.590196,0.418891,0.304564,0.763306,0.638468,0.580747,0.914544,0.711128,0.431530,0.064068,0.807996,0.826820,0.514073,0.300728,0.385126,0.440153,0.774835,0.523353,0.684018,0.693716,0.793831,0.291940,0.796341,0.613914,0.801426,0.448204,0.659561,0.662685,0.735561,0.566705,0.651541,0.603481,0.597511,0.334960,0.519625,0.868390,0.315763,0.565232,0.818725,0.547154,0.667827,0.344983,0.345736,0.371057,0.243697,0.787305,0.548475,0.693034,0.796540,0.712219,0.317867,0.589072,0.539239,0.417606,0.716254,0.574877,0.658446,0.300866,0.271487,0.480809,0.715163,0.674061,0.412492,0.760695,0.731088,0.339314,0.738154,0.370123,0.555566,0.630168,0.590664,0.554446,0.711604,0.396398,0.786097,0.719110,0.570523,0.768053,0.736656,0.774737,0.256163,0.498317,0.770947,0.308506,0.277713,0.492342,0.746531,0.380288,0.579253,0.341518,0.448957,0.733749,0.835511,0.248620,0.693785,0.540043,0.367742,0.269343,0.817773,0.622905,0.736604,0.316687,0.650438,0.359966,0.793232,0.499932,0.439974,0.745941,0.775355,0.690291,0.832853,0.521774,0.600537,0.375771,0.769816,0.791023,0.425393,0.476448,0.530017,0.697898,0.646223,0.539160,0.419686,0.779321,0.681036,0.494957,0.368979,0.733647,0.342463,0.591561,0.428422,0.467968,0.814141,0.664691,0.546241,0.000000,0.468119,0.732174,0.486345,0.835962,0.709085,0.406660,0.829479,0.734634,0.661631,0.325801,0.815873,0.624875,0.694690,0.696046,0.662050,0.337778,0.693071,0.578761,0.684506,0.399948,0.838267,0.425818,0.452706,0.787645,0.597666,0.687496,0.733600,0.782252,0.337322,0.703267,0.430431,0.836954,0.802014,0.738120,0.738064,0.680481,0.587688,0.804630,0.874986,0.437818,0.526120,0.837168,0.743529,0.543655,0.697896,0.529235,0.769638,0.359847,0.816577,0.727611,0.677930,0.734006,0.606121,0.703736,0.414992,0.324247,0.878569,0.697615,0.683773,0.308409,0.229913,0.632904,0.260739,0.470123,0.819290,0.547288,0.463873,0.659253,0.443821,0.686969,0.743915,0.322653,0.757173,0.514628,0.839403,0.114567,0.628321,0.694274,0.360255,0.691789,0.740608,0.453164,0.748823,0.700956,0.279912,0.648410,0.333318,0.754319,0.708076,0.262426,0.626603,0.810066,0.717286,0.711099,0.878084,0.277021,0.581786,0.759311,0.643745,0.513560,0.731514,0.842843,0.739451,0.696796,0.895546,0.727812,0.319462,0.400798,0.815110,0.742042,0.387591,0.733620,0.774359,0.625972,0.920365,0.695485,0.506080,0.731161,0.859688,0.579584,0.686975,0.807908,0.635504,0.711555,0.714619,0.739706,0.712542,0.693754,0.730915,0.485219,0.516822,0.675909,0.381078,0.763210,0.724731,0.616459,0.670626,0.685255,0.459796,0.840743,0.767507,0.834400,0.698092,0.435172,0.688514,0.758821,0.790233,0.684692,0.850049,0.734999,0.805018,0.465126,0.528591,0.689083,0.811116,0.663209,0.516382,0.862574,0.690587,0.616417,0.781168,0.680809,0.722547,0.812472,0.572846,0.641385,0.418981,0.621157,0.574852,0.345382,0.750402,0.687039,0.814244,0.701242,0.736553,0.612556,0.844642,0.435900,0.799931,0.466744,0.552748,0.777511,0.709716
0.579581,0.535605,0.438525,0.614476,0.413224,0.596958,0.703473,0.374520,0.636779,0.548738,0.696532,0.579296,0.503470,0.528514,0.507899,0.413242,0.309455,0.641088,0.324840,0.708716,0.538867,0.418807,0.519242,0.466445,0.464617,0.558667,0.451843,0.328724,0.323902,0.374566,0.674357,0.465290,0.569643,0.624190,0.292600,0.701597,0.586559,0.549880,0.725698,0.445383,0.275570,0.689107,0.605729,0.602897,0.785976,0.591814,0.490016,0.398516,0.341252,0.733502,0.529316,0.728716,0.622275,0.649661,0.463565,0.447422,0.359919,0.418998,0.639059,0.612031,0.496917,0.549247,0.574901,0.739954,0.542369,0.370306,0.336103,0.453610,0.619092,0.687287,0.653831,0.542625,0.697941,0.558363,0.613426,0.721602,0.598827,0.421591,0.454364,0.675247,0.797060,0.521392,0.502538,0.633129,0.315282,0.767341,0.558692,0.306736,0.626367,0.690710,0.694801,0.365447,0.487377,0.360872,0.667818,0.752743,0.740790,0.530099,0.548175,0.629111,0.422399,0.630525,0.383779,0.446177,0.611428,0.471822,0.629560,0.461389,0.291625,0.671666,0.767375,0.256416,0.702302,0.630643,0.362925,0.412385,0.705341,0.770416,0.581009,0.425300,0.497596,0.401979,0.281980,0.587134,0.511698,0.521124,0.465658,0.507427,0.615409,0.555539,0.326428,0.720463,0.638284,0.431110,0.630869,0.297188,0.513955,0.673927,0.726192,0.508549,0.734286,0.588521,0.355105,0.705172,0.491983,0.585294,0.529687,0.571233,0.834469,0.707300,0.251941,0.591217,0.328203,0.282566,0.474770,0.509201,0.624582,0.833261,0.494421,0.723429,0.755194,0.526304,0.492442,0.290233,0.616397,0.560501,0.282819,0.739480,0.413374,0.501517,0.664586,0.354513,0.662623,0.707494,0.542442,0.611997,0.730427,0.546562,0.398086,0.762614,0.567194,0.646771,0.724680,0.499293,0.332212,0.718342,0.507649,0.676871,0.792813,0.781913,0.406906,0.464566,0.648445,0.808234,0.620234,0.315713,0.367739,0.403090,0.862011,0.529031,0.570324,0.632281,0.673273,0.294440,0.758514,0.604302,0.725980,0.490183,0.544027,0.695020,0.669103,0.408963,0.530461,0.584632,0.761090,0.297561,0.398447,0.792759,0.546569,0.571825,0.703665,0.500969,0.550355,0.454565,0.452058,0.364839,0.305084,0.688233,0.447990,0.663613,0.750338,0.653828,0.359088,0.519542,0.530517,0.412968,0.674770,0.645974,0.752909,0.462797,0.265494,0.324258,0.679569,0.554869,0.440636,0.593131,0.677989,0.330385,0.670706,0.551689,0.531403,0.528311,0.724632,0.673523,0.555631,0.282534,0.697772,0.647808,0.509846,0.678706,0.690716,0.712745,0.463430,0.538876,0.753674,0.356044,0.396443,0.522233,0.588126,0.531784,0.653821,0.437492,0.486950,0.782855,0.744865,0.464916,0.638673,0.473519,0.397182,0.363551,0.669971,0.596509,0.578063,0.276197,0.612745,0.432474,0.612115,0.589559,0.402213,0.575461,0.656722,0.805880,0.774653,0.648583,0.621661,0.436746,0.588300,0.745894,0.449512,0.459836,0.449920,0.529711,0.494499,0.578526,0.556757,0.634517,0.598671,0.568382,0.468215,0.741467,0.341043,0.653610,0.395765,0.552225,0.726520,0.589744,0.508714,0.468119,0.000000,0.656770,0.518812,0.758768,0.800061,0.480676,0.741275,0.731198,0.510071,0.449390,0.723303,0.487789,0.642978,0.640923,0.643437,0.336731,0.632327,0.685850,0.681133,0.508289,0.852512,0.436538,0.372094,0.805192,0.630207,0.667313,0.667877,0.759765,0.514359,0.642375,0.341118,0.893925,0.820677,0.700876,0.642780,0.724731,0.522239,0.777195,0.754153,0.552286,0.528888,0.761781,0.784767,0.476338,0.627982,0.655287,0.783520,0.321560,0.700031,0.609680,0.734755,0.593569,0.584944,0.752787,0.458920,0.336555,0.768248,0.664375,0.715108,0.353912,0.434545,0.629952,0.263922,0.585786,0.705051,0.661692,0.603199,0.666284,0.451348,0.490260,0.759396,0.361787,0.611096,0.649296,0.713927,0.445800,0.669573,0.515294,0.408083,0.737170,0.652780,0.431477,0.818625,0.702997,0.418389,0.544363,0.453936,0.829796,0.744537,0.393640,0.829662,0.771758,0.656547,0.811093,0.711830,0.418773,0.642189,0.628844,0.564020,0.563753,0.735779,0.802981,0.835285,0.640247,0.795636,0.721277,0.337088,0.413297,0.780678,0.531600,0.310932,0.695922,0.678033,0.515734,0.753072,0.765019,0.512711,0.632322,0.737770,0.692064,0.598030,0.684183,0.529813,0.787877,0.715513,0.570437,0.596585,0.580386,0.638661,0.576563,0.412917,0.589791,0.471447,0.768343,0.700999,0.684319,0.478254,0.590257,0.436432,0.774939,0.666402,0.836072,0.701793,0.303884,0.571786,0.755131,0.833018,0.706975,0.775909,0.599117,0.660797,0.360199,0.507352,0.729292,0.613819,0.636338,0.516365,0.824947,0.680951,0.599978,0.698001,0.464995,0.663735,0.666173,0.616079,0.468072,0.514205,0.505620,0.351236,0.435351,0.628014,0.553279,0.787216,0.695260,0.485385,0.636959,0.780377,0.433276,0.630361,0.471197,0.557144,0.597418,0.455971
0.579625,0.558947,0.733814,0.691864,0.674649,0.736700,0.767642,0.698862,0.757636,0.663977,0.755986,0.716465,0.338395,0.703623,0.335051,0.607704,0.601844,0.697879,0.638853,0.675798,0.616166,0.635974,0.655575,0.713690,0.734841,0.736558,0.584561,0.548000,0.658016,0.493632,0.588823,0.652635,0.427318,0.480283,0.482918,0.695041,0.558158,0.654213,0.750969,0.698245,0.567194,0.640824,0.525336,0.777272,0.774921,0.581614,0.721009,0.685752,0.582140,0.781614,0.702916,0.557336,0.322408,0.449598,0.702077,0.508254,0.610702,0.665497,0.557202,0.758496,0.384810,0.752277,0.511744,0.690010,0.738476,0.583048,0.685786,0.460676,0.487880,0.700415,0.587184,0.375100,0.773663,0.735911,0.384276,0.493876,0.719577,0.576731,0.676491,0.828404,0.839646,0.816840,0.648886,0.421584,0.686620,0.708570,0.799169,0.680938,0.402446,0.746229,0.614439,0.671588,0.725091,0.631281,0.471037,0.677484,0.529328,0.381170,0.656338,0.639099,0.611104,0.485147,0.655241,0.678541,0.421798,0.640394,0.456770,0.639461,0.576444,0.794107,0.484115,0.659417,0.777150,0.712472,0.620626,0.726934,0.498532,0.750797,0.738221,0.678737,0.691792,0.761746,0.667301,0.650898,0.558163,0.601739,0.822126,0.432853,0.558368,0.670326,0.676173,0.829310,0.749394,0.556318,0.661454,0.660770,0.477144,0.638671,0.629361,0.464219,0.681869,0.422870,0.724229,0.559247,0.794229,0.413454,0.709188,0.543593,0.628685,0.565692,0.680105,0.405640,0.708619,0.689287,0.724697,0.685637,0.684961,0.708960,0.577619,0.653055,0.759682,0.791797,0.645821,0.698093,0.783900,0.404188,0.664147,0.722664,0.659642,0.556791,0.681331,0.587961,0.505209,0.734753,0.469620,0.786478,0.542273,0.778126,0.615939,0.564410,0.709230,0.553001,0.729774,0.684098,0.719362,0.555121,0.340811,0.716185,0.731148,0.777961,0.614794,0.732191,0.463260,0.702030,0.717443,0.695116,0.736229,0.589851,0.812047,0.732029,0.447805,0.424511,0.684389,0.644115,0.528376,0.804645,0.760658,0.586564,0.576254,0.735867,0.473704,0.607992,0.379051,0.602680,0.829641,0.727060,0.664332,0.519756,0.739237,0.522752,0.437097,0.699619,0.387873,0.765717,0.746777,0.625742,0.741943,0.475390,0.543960,0.743915,0.656338,0.646177,0.648909,0.754105,0.755887,0.676665,0.715643,0.751310,0.782796,0.717046,0.687645,0.628569,0.813496,0.554536,0.706838,0.479355,0.635939,0.633452,0.809863,0.737190,0.661558,0.567390,0.625353,0.817528,0.375761,0.709532,0.724035,0.630506,0.737194,0.751658,0.472383,0.116921,0.723618,0.724544,0.593895,0.721668,0.720890,0.727931,0.508944,0.747402,0.737783,0.643850,0.795904,0.782780,0.706652,0.711310,0.717036,0.514163,0.712218,0.734104,0.592158,0.778863,0.631245,0.698468,0.642168,0.727705,0.541666,0.715298,0.720926,0.404255,0.587846,0.841370,0.369601,0.750504,0.767196,0.639027,0.453058,0.764181,0.731141,0.735300,0.660145,0.582588,0.436278,0.754785,0.777793,0.588844,0.526287,0.772367,0.765630,0.788056,0.699875,0.639085,0.663477,0.673518,0.736314,0.543709,0.588568,0.732174,0.656770,0.000000,0.746975,0.625733,0.771231,0.640787,0.672172,0.548290,0.548720,0.694505,0.542925,0.526351,0.788010,0.649987,0.509356,0.764978,0.654816,0.780382,0.451418,0.666825,0.805401,0.803639,0.745940,0.666344,0.837481,0.467605,0.539936,0.587988,0.766705,0.518515,0.732538,0.781062,0.725447,0.571423,0.799423,0.650642,0.601015,0.788726,0.707847,0.711631,0.689276,0.703084,0.707273,0.608372,0.655755,0.738410,0.660938,0.705273,0.733207,0.482117,0.483651,0.504885,0.660465,0.604755,0.776553,0.677282,0.612170,0.719181,0.586535,0.718419,0.750958,0.525486,0.694250,0.766974,0.694089,0.698465,0.749166,0.746806,0.792383,0.672827,0.691317,0.677530,0.717400,0.549053,0.558131,0.682926,0.851348,0.493158,0.741190,0.699523,0.555303,0.716474,0.784560,0.644534,0.735515,0.512310,0.771234,0.851358,0.779539,0.722505,0.836704,0.739934,0.468838,0.807328,0.597828,0.690510,0.803532,0.722068,0.722042,0.852606,0.739875,0.777370,0.769061,0.702546,0.802147,0.657068,0.776426,0.552639,0.692223,0.790181,0.664792,0.532459,0.734633,0.594650,0.690834,0.759827,0.594986,0.521607,0.727380,0.831750,0.516439,0.561596,0.732723,0.713660,0.742231,0.658269,0.659285,0.790810,0.749059,0.806338,0.636943,0.666655,0.777378,0.865057,0.757892,0.618947,0.584058,0.566973,0.718210,0.583528,0.638858,0.697066,0.620749,0.722892,0.759697,0.739480,0.731147,0.557202,0.793091,0.869103,0.577091,0.664917,0.692960,0.571940,0.411340,0.621451,0.732896,0.736190,0.644398,0.600715,0.788499,0.603907,0.692165,0.532771,0.733458,0.570263,0.651330,0.784300,0.589574,0.749589,0.628997,0.706053,0.673162,0.787679,0.587719,0.841092,0.801182,0.572824,0.642714,0.712269,0.609277,0.355667,0.572352
0.579631,0.510260,0.475415,0.538927,0.459220,0.498267,0.527651,0.436076,0.525280,0.496831,0.557046,0.578925,0.639652,0.550282,0.606294,0.443816,0.363911,0.637751,0.358324,0.718532,0.411240,0.591025,0.408873,0.489918,0.379627,0.561778,0.484642,0.472926,0.432833,0.498844,0.720238,0.458424,0.676665,0.686288,0.397169,0.546240,0.475419,0.615137,0.566893,0.475951,0.506930,0.722982,0.731695,0.619194,0.679282,0.580508,0.531240,0.546465,0.491915,0.550129,0.550553,0.816482,0.627589,0.758448,0.480325,0.656871,0.426501,0.456038,0.641041,0.455821,0.690681,0.514954,0.709811,0.619847,0.545203,0.267250,0.483261,0.622087,0.742703,0.718727,0.675088,0.699615,0.565933,0.696696,0.745687,0.738913,0.498907,0.488656,0.563481,0.610190,0.741598,0.551398,0.578299,0.752514,0.456266,0.670959,0.621190,0.425484,0.719525,0.584334,0.655315,0.419566,0.621976,0.273793,0.658498,0.695270,0.785195,0.689763,0.540041,0.521846,0.441414,0.647345,0.434465,0.534476,0.721152,0.516325,0.713366,0.499028,0.406290,0.488495,0.816064,0.459402,0.606392,0.496926,0.481775,0.505757,0.798552,0.763669,0.555290,0.346170,0.509543,0.534115,0.519165,0.724328,0.457797,0.505386,0.558156,0.417794,0.710486,0.512013,0.423815,0.709955,0.573460,0.453243,0.519393,0.393889,0.677110,0.627139,0.783142,0.414160,0.668353,0.705834,0.519819,0.631606,0.524183,0.597558,0.656879,0.654407,0.799287,0.688008,0.457459,0.701031,0.447610,0.445847,0.488961,0.450470,0.526418,0.797276,0.503775,0.708714,0.726509,0.556402,0.537407,0.433828,0.577609,0.412299,0.404453,0.573549,0.439642,0.501418,0.570402,0.564464,0.792561,0.675372,0.682599,0.571393,0.782409,0.576638,0.475782,0.723916,0.714746,0.715588,0.728460,0.411450,0.459981,0.811680,0.690064,0.676324,0.761796,0.673466,0.495193,0.488973,0.720361,0.726232,0.691278,0.393107,0.507268,0.442403,0.798471,0.505001,0.701718,0.719471,0.699298,0.383692,0.783627,0.570413,0.692607,0.440391,0.615748,0.666233,0.779570,0.477114,0.660352,0.735649,0.783045,0.485564,0.466169,0.853459,0.481244,0.677449,0.712921,0.528664,0.701157,0.423211,0.551612,0.589257,0.518660,0.779422,0.586589,0.698591,0.714403,0.583105,0.490281,0.596265,0.598363,0.516189,0.640396,0.667699,0.773815,0.481849,0.488585,0.494724,0.673567,0.673478,0.488802,0.683461,0.710721,0.432916,0.682472,0.542796,0.522071,0.598642,0.746704,0.604177,0.678845,0.448623,0.737149,0.745324,0.615931,0.746378,0.767644,0.776127,0.518349,0.676152,0.761779,0.506114,0.562208,0.586319,0.733587,0.521382,0.525808,0.342393,0.543939,0.776814,0.677157,0.539859,0.692991,0.475638,0.524380,0.470514,0.794301,0.678977,0.768087,0.496625,0.575701,0.547690,0.722107,0.559296,0.420110,0.720974,0.760598,0.847236,0.754132,0.655194,0.604284,0.465965,0.645785,0.800867,0.501301,0.502168,0.460166,0.666416,0.651409,0.494987,0.570626,0.671729,0.692631,0.652406,0.403234,0.764936,0.444519,0.532265,0.400260,0.492113,0.722988,0.600262,0.663509,0.486345,0.518812,0.746975,0.000000,0.754325,0.675076,0.397863,0.774861,0.819368,0.654264,0.553885,0.820104,0.662254,0.755107,0.786855,0.639512,0.542317,0.705624,0.476076,0.825657,0.475422,0.778864,0.539098,0.569542,0.745204,0.581725,0.724138,0.734715,0.801884,0.536948,0.739667,0.460322,0.832378,0.805282,0.763598,0.655319,0.788304,0.672034,0.760349,0.803553,0.535866,0.549530,0.792430,0.762444,0.646313,0.663406,0.521391,0.694092,0.491888,0.672399,0.815476,0.790982,0.705358,0.627060,0.743280,0.564371,0.508579,0.845108,0.646670,0.698969,0.472153,0.515575,0.679871,0.483195,0.454897,0.704677,0.577592,0.544684,0.655519,0.600730,0.703714,0.717498,0.541238,0.760006,0.677419,0.792201,0.451670,0.608510,0.758557,0.511058,0.813466,0.648205,0.437328,0.757023,0.666753,0.288212,0.659694,0.451653,0.623981,0.725441,0.369017,0.717183,0.696686,0.750668,0.668941,0.745129,0.533637,0.625104,0.556540,0.615236,0.577129,0.730198,0.790713,0.754935,0.596093,0.747575,0.730091,0.534311,0.548654,0.744944,0.586296,0.620291,0.766325,0.755971,0.609948,0.822295,0.728368,0.333433,0.808080,0.780305,0.718406,0.674077,0.734386,0.648016,0.732873,0.632573,0.600541,0.713343,0.614633,0.675318,0.512317,0.613215,0.686266,0.600155,0.751812,0.705835,0.617816,0.687702,0.655493,0.511261,0.802180,0.782948,0.811446,0.626553,0.517021,0.662282,0.767502,0.825277,0.685707,0.750514,0.654889,0.687500,0.535348,0.559328,0.767283,0.780308,0.708279,0.630272,0.858599,0.721688,0.754074,0.677069,0.740741,0.687410,0.872809,0.630464,0.582748,0.551670,0.595623,0.530848,0.577701,0.701598,0.737980,0.743067,0.630565,0.699646,0.603329,0.791086,0.495430,0.659002,0.608186,0.508560,0.754020,0.608374
0.579682,0.603747,0.671491,0.688893,0.712181,0.539119,0.549712,0.738010,0.492279,0.579349,0.561303,0.607326,0.560104,0.608167,0.626661,0.695363,0.710618,0.627706,0.717997,0.525598,0.518108,0.785631,0.561383,0.724734,0.640937,0.735755,0.625540,0.780728,0.763163,0.700005,0.687071,0.599510,0.752174,0.687514,0.691032,0.501673,0.571886,0.659259,0.557720,0.723194,0.734159,0.719944,0.722044,0.652520,0.511234,0.626131,0.686545,0.730587,0.676307,0.616602,0.763732,0.582674,0.658521,0.781116,0.709048,0.609840,0.758116,0.743612,0.631977,0.586091,0.687402,0.788635,0.807792,0.659586,0.752200,0.706980,0.742581,0.709200,0.583688,0.602651,0.554497,0.656103,0.586313,0.673801,0.698914,0.516882,0.717161,0.703895,0.754352,0.658298,0.638956,0.711663,0.735731,0.764092,0.764110,0.569886,0.751161,0.751756,0.689957,0.699714,0.582489,0.760972,0.718091,0.723967,0.723256,0.521464,0.687007,0.668891,0.807243,0.576435,0.628395,0.485659,0.705285,0.801368,0.670704,0.746827,0.753471,0.728151,0.785824,0.659130,0.687560,0.738742,0.676073,0.625666,0.814594,0.797083,0.791080,0.501869,0.710300,0.715962,0.744186,0.770386,0.779054,0.640278,0.719395,0.764372,0.783265,0.650032,0.608584,0.738126,0.778801,0.578989,0.666594,0.743515,0.513449,0.752762,0.685945,0.685476,0.610947,0.696430,0.603873,0.758932,0.855473,0.531344,0.846279,0.720838,0.811061,0.631349,0.522446,0.543798,0.799187,0.700489,0.840737,0.766257,0.730415,0.721907,0.715942,0.462054,0.594604,0.651027,0.482667,0.785031,0.753773,0.785933,0.704740,0.669267,0.714602,0.594421,0.795104,0.767406,0.628443,0.786906,0.771215,0.611827,0.673611,0.728455,0.692884,0.686382,0.612590,0.686546,0.829369,0.503815,0.696655,0.763542,0.777344,0.635467,0.680925,0.624088,0.725269,0.627946,0.776353,0.840635,0.669267,0.605484,0.665086,0.768653,0.818556,0.759218,0.598231,0.716642,0.744451,0.698613,0.592854,0.776339,0.662332,0.691335,0.568911,0.799564,0.688665,0.686487,0.691721,0.728686,0.663396,0.725511,0.789099,0.810556,0.786015,0.650938,0.788958,0.841467,0.594594,0.629834,0.667770,0.796476,0.806685,0.689516,0.821939,0.777687,0.707650,0.595780,0.642543,0.658747,0.732753,0.722047,0.759876,0.812739,0.672725,0.813677,0.737239,0.825733,0.809081,0.717212,0.624644,0.653938,0.766821,0.696989,0.746915,0.791148,0.596635,0.792027,0.705103,0.685000,0.649506,0.784189,0.699054,0.770699,0.522249,0.625611,0.811753,0.593810,0.768656,0.613173,0.843452,0.687446,0.646375,0.777163,0.858018,0.844681,0.583039,0.731177,0.712166,0.741752,0.798422,0.631022,0.553352,0.844139,0.715182,0.627149,0.765939,0.817951,0.516393,0.725252,0.703407,0.803017,0.712784,0.858725,0.732207,0.829605,0.779838,0.670893,0.733813,0.716668,0.515070,0.764288,0.768907,0.771009,0.635912,0.485473,0.802229,0.785769,0.737035,0.614786,0.646121,0.766410,0.832399,0.614687,0.656275,0.641689,0.814143,0.533570,0.780793,0.670610,0.791064,0.623722,0.342412,0.795154,0.770331,0.835962,0.758768,0.625733,0.754325,0.000000,0.643500,0.664647,0.171874,0.711467,0.622174,0.785676,0.725946,0.697003,0.571253,0.687056,0.697937,0.856741,0.683836,0.802891,0.801831,0.763159,0.726635,0.835391,0.760282,0.755671,0.723957,0.689974,0.821829,0.583763,0.777775,0.803267,0.702432,0.655756,0.623433,0.786469,0.740975,0.678191,0.727849,0.495877,0.669210,0.750050,0.674568,0.632235,0.491826,0.784388,0.758928,0.756376,0.537051,0.815917,0.554940,0.785317,0.816187,0.643160,0.647020,0.809067,0.859769,0.822567,0.671664,0.758901,0.696282,0.835983,0.874273,0.748088,0.810130,0.776606,0.574292,0.700107,0.818618,0.525127,0.893032,0.672033,0.503346,0.801602,0.694963,0.674754,0.693913,0.811591,0.746087,0.666199,0.725055,0.660842,0.594368,0.766999,0.623321,0.666798,0.784052,0.705170,0.820851,0.713776,0.488758,0.785694,0.585952,0.639656,0.606158,0.608861,0.631503,0.852535,0.728809,0.677324,0.632852,0.777374,0.668862,0.558008,0.601118,0.639200,0.680634,0.566791,0.832431,0.691778,0.579206,0.502920,0.818008,0.748987,0.607986,0.693200,0.659543,0.564074,0.780188,0.826686,0.653935,0.657052,0.681713,0.495014,0.675205,0.529510,0.646025,0.637595,0.737677,0.786890,0.768146,0.802835,0.787331,0.696536,0.791948,0.685818,0.784131,0.714737,0.686431,0.647007,0.693607,0.802591,0.637655,0.447335,0.506883,0.777434,0.612100,0.535311,0.584385,0.679944,0.561548,0.840328,0.420786,0.769572,0.816203,0.824239,0.646526,0.691925,0.816931,0.612889,0.567495,0.780600,0.650769,0.685842,0.647921,0.796236,0.739334,0.591652,0.802926,0.792253,0.696140,0.796919,0.612580,0.587645,0.496039,0.730340,0.618174,0.813468,0.596024,0.774349,0.475576,0.788474,0.564176,0.663100,0.454777
0.579957,0.620460,0.658774,0.717019,0.652994,0.459726,0.374755,0.607077,0.579491,0.523621,0.410685,0.576002,0.681103,0.565200,0.719251,0.631599,0.653321,0.548699,0.668810,0.584431,0.550086,0.685510,0.547178,0.553328,0.560217,0.661243,0.660118,0.685550,0.692417,0.704807,0.615686,0.676741,0.690830,0.634324,0.741614,0.396660,0.591438,0.550336,0.359508,0.617940,0.709727,0.471341,0.672416,0.734574,0.524485,0.822060,0.577175,0.730856,0.724879,0.398775,0.695163,0.569730,0.696889,0.725749,0.614444,0.795982,0.679356,0.588101,0.716796,0.615712,0.709799,0.724855,0.650304,0.505837,0.586218,0.620179,0.734583,0.704262,0.665506,0.639301,0.719983,0.694903,0.498055,0.625146,0.728529,0.551426,0.599026,0.637187,0.656066,0.526165,0.587304,0.557955,0.703372,0.693887,0.765296,0.444219,0.681682,0.718855,0.749442,0.493634,0.477503,0.582326,0.633080,0.657217,0.773258,0.422941,0.673246,0.719734,0.777196,0.464977,0.662060,0.734404,0.567850,0.674056,0.726984,0.631375,0.670705,0.584938,0.787330,0.460939,0.653787,0.723226,0.517530,0.452646,0.683031,0.643645,0.797150,0.647694,0.522746,0.571579,0.622477,0.852873,0.742558,0.895324,0.596698,0.687670,0.705645,0.567308,0.616593,0.567010,0.688425,0.524799,0.486332,0.612483,0.648478,0.714253,0.705121,0.503367,0.542593,0.629810,0.518497,0.793754,0.682334,0.462084,0.752666,0.772193,0.682995,0.685303,0.615209,0.788484,0.741551,0.745362,0.651634,0.756527,0.675734,0.712771,0.374230,0.607363,0.754733,0.588471,0.718604,0.642972,0.760798,0.746946,0.629596,0.621746,0.723776,0.676073,0.612779,0.843292,0.685097,0.703418,0.722166,0.544231,0.721265,0.509942,0.690734,0.680156,0.688593,0.617828,0.867999,0.717592,0.609215,0.646098,0.799270,0.606679,0.718908,0.584053,0.588267,0.498109,0.722980,0.702219,0.702916,0.665312,0.695658,0.725904,0.622971,0.688066,0.531267,0.739456,0.729151,0.666568,0.690724,0.737438,0.634993,0.445410,0.726873,0.691182,0.689229,0.629213,0.680958,0.782258,0.722696,0.747119,0.803797,0.800693,0.799116,0.700396,0.670445,0.743109,0.751413,0.720927,0.730158,0.617758,0.720310,0.772318,0.778027,0.717125,0.635676,0.710259,0.598240,0.638314,0.727247,0.698068,0.769555,0.760544,0.505594,0.841388,0.769215,0.746480,0.700065,0.835751,0.808763,0.689864,0.660273,0.746316,0.444009,0.625621,0.736524,0.552863,0.684282,0.781375,0.651119,0.636386,0.728891,0.780358,0.784272,0.678583,0.777324,0.732412,0.747668,0.785936,0.763452,0.637955,0.727652,0.693358,0.662478,0.829930,0.794382,0.715410,0.377010,0.630173,0.689051,0.657985,0.714980,0.770287,0.616652,0.727316,0.815234,0.643971,0.759777,0.766127,0.892588,0.770074,0.640035,0.681804,0.776521,0.505497,0.577608,0.786476,0.663487,0.760847,0.717873,0.769780,0.655344,0.661623,0.657707,0.679800,0.642589,0.683272,0.718182,0.784623,0.630978,0.538898,0.807600,0.619566,0.693855,0.778862,0.636391,0.682735,0.722842,0.397737,0.611481,0.741416,0.614247,0.845073,0.744275,0.709085,0.800061,0.771231,0.675076,0.643500,0.000000,0.681663,0.581373,0.651714,0.720888,0.617375,0.672848,0.718234,0.759391,0.710504,0.741919,0.703202,0.631432,0.480995,0.750228,0.546386,0.762205,0.891580,0.836176,0.580870,0.722192,0.706045,0.800693,0.643041,0.558522,0.723517,0.758865,0.764885,0.645599,0.674992,0.743431,0.632933,0.621183,0.582198,0.812059,0.530696,0.768446,0.789475,0.645941,0.717336,0.805403,0.428287,0.494976,0.622171,0.671909,0.697064,0.703513,0.665651,0.707503,0.650794,0.806756,0.794344,0.717103,0.696463,0.729630,0.672428,0.773434,0.772621,0.786859,0.510183,0.695801,0.532216,0.646086,0.543614,0.791469,0.803274,0.771335,0.801750,0.806197,0.625012,0.779703,0.687617,0.587499,0.764815,0.736917,0.651855,0.482969,0.586456,0.610234,0.501480,0.688910,0.657455,0.670735,0.531187,0.541729,0.717409,0.371942,0.592567,0.671796,0.607930,0.745736,0.720077,0.624914,0.645190,0.676856,0.539707,0.615935,0.668638,0.472340,0.785938,0.832064,0.537209,0.749897,0.699939,0.640753,0.643996,0.796286,0.655678,0.757254,0.832475,0.717121,0.612133,0.651735,0.751366,0.774145,0.653224,0.754044,0.695518,0.724319,0.665559,0.707447,0.606064,0.850709,0.843327,0.728597,0.800217,0.714868,0.751138,0.800088,0.669299,0.532420,0.495788,0.821734,0.735426,0.841357,0.757429,0.812269,0.698963,0.708287,0.849345,0.711734,0.627746,0.499085,0.604182,0.644128,0.706896,0.722716,0.688691,0.748847,0.811737,0.769965,0.711077,0.747762,0.651235,0.738481,0.782297,0.586811,0.760685,0.781519,0.795705,0.563712,0.777998,0.689365,0.880132,0.791200,0.850971,0.762973,0.737027,0.628125,0.664608,0.821262,0.324355,0.630526,0.757234,0.733629,0.845947,0.705743,0.761098,0.765000
0.580237,0.433991,0.439523,0.527736,0.406976,0.470505,0.500549,0.472017,0.520414,0.439287,0.525174,0.490402,0.577569,0.386549,0.533649,0.446156,0.346180,0.659687,0.330135,0.651038,0.450467,0.455891,0.394712,0.468237,0.346757,0.467369,0.397286,0.476476,0.420830,0.408071,0.680113,0.461176,0.655619,0.634814,0.384511,0.551703,0.334089,0.541087,0.542625,0.423552,0.484435,0.632341,0.683481,0.580081,0.647702,0.632616,0.519654,0.518308,0.464859,0.485361,0.507139,0.658838,0.534112,0.721329,0.364010,0.617415,0.435084,0.485387,0.512319,0.479258,0.532087,0.529299,0.712012,0.675761,0.472665,0.288434,0.481411,0.520762,0.644771,0.654549,0.515217,0.521087,0.570868,0.558556,0.628982,0.608629,0.360478,0.439732,0.454351,0.544535,0.746160,0.427935,0.508835,0.677447,0.466669,0.628483,0.611197,0.370542,0.635229,0.537548,0.578112,0.445174,0.522639,0.299800,0.648498,0.641939,0.700263,0.541410,0.558175,0.460594,0.368331,0.626923,0.301582,0.449869,0.691484,0.410647,0.618083,0.364568,0.405049,0.571704,0.751285,0.493685,0.578110,0.446390,0.394502,0.571746,0.718653,0.762706,0.442213,0.306219,0.372650,0.521280,0.476542,0.668410,0.397484,0.512950,0.494126,0.365421,0.633071,0.487840,0.400284,0.655708,0.660096,0.309370,0.497151,0.340502,0.683022,0.659108,0.726519,0.331448,0.623659,0.654924,0.481187,0.555545,0.455652,0.600891,0.546236,0.636272,0.799952,0.731294,0.447472,0.641034,0.522765,0.476717,0.476471,0.351022,0.463214,0.691181,0.513554,0.636298,0.718339,0.528442,0.429991,0.461063,0.601765,0.416683,0.372747,0.657386,0.473139,0.441741,0.547184,0.573330,0.724624,0.528380,0.565833,0.545331,0.750913,0.617995,0.406732,0.689725,0.618812,0.726060,0.609324,0.370900,0.438073,0.602905,0.512963,0.601213,0.782098,0.683315,0.430923,0.456504,0.683535,0.692316,0.603291,0.317930,0.527615,0.460416,0.721099,0.443395,0.615514,0.624695,0.630805,0.397299,0.731791,0.518236,0.681977,0.453835,0.593022,0.606771,0.680722,0.544490,0.598438,0.711163,0.653937,0.484495,0.520592,0.827264,0.415676,0.622924,0.703135,0.525571,0.533845,0.520270,0.473593,0.403701,0.478455,0.784295,0.624898,0.640051,0.665942,0.657249,0.454347,0.621552,0.617295,0.417705,0.622742,0.630084,0.661200,0.460235,0.487658,0.507860,0.547276,0.557840,0.445764,0.635497,0.593711,0.478403,0.637314,0.535322,0.508802,0.591447,0.616615,0.702605,0.569146,0.385636,0.647754,0.703089,0.593738,0.724905,0.698399,0.704638,0.464396,0.528651,0.723869,0.412622,0.487840,0.541962,0.636938,0.470227,0.450326,0.279786,0.559128,0.700651,0.752456,0.444282,0.619306,0.437804,0.468338,0.427825,0.717122,0.556393,0.770248,0.474093,0.566829,0.539033,0.680557,0.508130,0.562079,0.621162,0.660705,0.748987,0.723902,0.608193,0.517617,0.460013,0.555250,0.755258,0.581426,0.597519,0.517867,0.541315,0.562192,0.545203,0.437073,0.642704,0.695962,0.538399,0.503713,0.715971,0.526522,0.472119,0.543850,0.118330,0.705809,0.669268,0.638063,0.406660,0.480676,0.640787,0.397863,0.664647,0.681663,0.000000,0.713435,0.690499,0.626292,0.508420,0.682689,0.601749,0.659636,0.681356,0.613566,0.482654,0.629631,0.568219,0.729591,0.412873,0.736312,0.548126,0.546403,0.749883,0.549215,0.667167,0.686926,0.701129,0.417099,0.687635,0.351538,0.810211,0.821555,0.736316,0.633657,0.652887,0.634550,0.731850,0.815359,0.485405,0.365801,0.783233,0.711782,0.663191,0.711271,0.437086,0.659993,0.546666,0.654745,0.769675,0.755317,0.634133,0.607892,0.713251,0.508568,0.490589,0.780967,0.608941,0.498867,0.533947,0.460882,0.584136,0.443783,0.588339,0.700904,0.537877,0.565296,0.629956,0.499649,0.615553,0.722090,0.451710,0.717543,0.508067,0.747041,0.404880,0.658531,0.712565,0.467199,0.688912,0.607321,0.578844,0.608878,0.584487,0.342883,0.605740,0.421242,0.634236,0.718874,0.439649,0.654657,0.723282,0.719262,0.608859,0.678558,0.449961,0.506045,0.562931,0.625727,0.587742,0.702751,0.794642,0.649981,0.586568,0.808467,0.585941,0.452572,0.481542,0.714126,0.612537,0.529253,0.743823,0.698794,0.580978,0.864165,0.603105,0.417902,0.743090,0.793692,0.610196,0.651327,0.619196,0.614485,0.599017,0.660199,0.537625,0.698212,0.708320,0.685123,0.483890,0.622449,0.586647,0.519831,0.678891,0.631957,0.603417,0.594695,0.657446,0.456558,0.783294,0.703775,0.751127,0.564369,0.435611,0.637352,0.727049,0.782688,0.652450,0.761990,0.648198,0.715401,0.556938,0.583883,0.686540,0.739533,0.698622,0.536082,0.827436,0.639494,0.630234,0.610723,0.645404,0.484760,0.779336,0.556244,0.566557,0.453574,0.598651,0.536525,0.536975,0.712065,0.667147,0.603443,0.730981,0.632590,0.622333,0.731576,0.490039,0.681576,0.589526,0.367361,0.707659,0.562911
0.580294,0.607359,0.637313,0.702657,0.702944,0.477248,0.512066,0.702110,0.516707,0.515897,0.531730,0.541492,0.575635,0.571584,0.648364,0.690468,0.653613,0.568627,0.670062,0.532536,0.508071,0.742194,0.595396,0.685928,0.633585,0.685521,0.682151,0.766840,0.757356,0.735635,0.673438,0.557638,0.778559,0.703505,0.724619,0.470646,0.633187,0.582825,0.545138,0.661173,0.683769,0.681466,0.694471,0.700291,0.537676,0.701118,0.601851,0.715765,0.672005,0.577977,0.716969,0.548335,0.706992,0.808130,0.660339,0.644309,0.743268,0.679786,0.669241,0.639900,0.717905,0.752429,0.809074,0.624878,0.685755,0.695978,0.707991,0.732049,0.569285,0.525189,0.578478,0.695173,0.535192,0.626862,0.737361,0.516893,0.703084,0.703626,0.709391,0.620588,0.583752,0.648603,0.737987,0.788479,0.758974,0.512138,0.673931,0.738441,0.747750,0.680448,0.543017,0.755566,0.660751,0.742149,0.731121,0.480248,0.675609,0.704182,0.828204,0.586151,0.616129,0.540456,0.679874,0.761783,0.717685,0.716642,0.779725,0.686993,0.808480,0.655012,0.645766,0.710452,0.607732,0.567440,0.787064,0.763132,0.802279,0.415921,0.670861,0.732193,0.726753,0.769800,0.720433,0.690570,0.657853,0.766194,0.764697,0.658575,0.624167,0.644587,0.741648,0.501332,0.623046,0.743581,0.599859,0.741044,0.658582,0.616717,0.467167,0.715345,0.594286,0.788039,0.804512,0.551650,0.843886,0.799575,0.743468,0.634796,0.439440,0.632916,0.769990,0.747643,0.800924,0.703315,0.725298,0.714591,0.673686,0.486411,0.624779,0.628464,0.458662,0.748780,0.776239,0.771508,0.700965,0.734206,0.716581,0.659165,0.743142,0.781392,0.693042,0.727393,0.792974,0.603898,0.702689,0.715456,0.698201,0.646503,0.663506,0.643885,0.817698,0.581651,0.629184,0.745542,0.770029,0.642192,0.741797,0.597040,0.717324,0.577565,0.742620,0.823144,0.712023,0.647447,0.669303,0.734487,0.760273,0.734082,0.589642,0.708450,0.782951,0.746259,0.573089,0.774111,0.617557,0.657071,0.483060,0.826803,0.691877,0.678952,0.723545,0.781397,0.696622,0.676353,0.774084,0.781452,0.826270,0.638332,0.754045,0.830769,0.661586,0.682697,0.723033,0.791288,0.792745,0.707743,0.810597,0.780237,0.748429,0.560427,0.662414,0.646968,0.720166,0.717158,0.701943,0.801237,0.660752,0.825511,0.730783,0.811406,0.756132,0.739028,0.610499,0.635758,0.779094,0.756228,0.726068,0.763418,0.564520,0.747843,0.694206,0.701146,0.661972,0.722289,0.737600,0.799389,0.507892,0.637603,0.808778,0.624808,0.795772,0.652118,0.823264,0.668843,0.670876,0.714278,0.834975,0.844889,0.666837,0.681555,0.672844,0.738452,0.842606,0.555646,0.442178,0.820006,0.707348,0.657922,0.806132,0.762655,0.595096,0.714655,0.778647,0.791915,0.733733,0.823986,0.784437,0.739313,0.744558,0.712298,0.700767,0.718334,0.528553,0.712417,0.767982,0.773955,0.707174,0.446940,0.773417,0.785791,0.735988,0.687712,0.719881,0.720024,0.815602,0.648460,0.630374,0.665677,0.737977,0.500785,0.775306,0.650739,0.773736,0.652433,0.249535,0.834964,0.787964,0.829479,0.741275,0.672172,0.774861,0.171874,0.581373,0.713435,0.000000,0.726162,0.557735,0.756870,0.701448,0.709926,0.545570,0.707795,0.755942,0.775810,0.689040,0.777409,0.785627,0.708513,0.713742,0.823325,0.767129,0.731125,0.762988,0.675079,0.804597,0.574761,0.748516,0.819737,0.693180,0.628996,0.613114,0.833391,0.739165,0.671754,0.760853,0.413122,0.738007,0.735204,0.743848,0.672497,0.463644,0.759647,0.761454,0.724455,0.499878,0.760094,0.498597,0.785108,0.825594,0.676065,0.633225,0.807062,0.830958,0.800876,0.636622,0.745264,0.720912,0.757601,0.852394,0.787928,0.816251,0.725302,0.552334,0.663678,0.788453,0.481551,0.857660,0.732158,0.649843,0.798027,0.716466,0.679599,0.726410,0.819567,0.723022,0.680430,0.701125,0.680053,0.568337,0.764936,0.667342,0.660448,0.820832,0.648208,0.795952,0.763510,0.367897,0.796727,0.574405,0.636030,0.614400,0.635001,0.665721,0.831222,0.709599,0.704224,0.638196,0.746233,0.656996,0.495505,0.580610,0.643914,0.658598,0.569341,0.816520,0.683421,0.600645,0.467384,0.797528,0.795460,0.572466,0.783312,0.674931,0.541872,0.767698,0.823063,0.650493,0.578100,0.726848,0.518003,0.716198,0.582621,0.596122,0.663873,0.797812,0.831899,0.766075,0.790960,0.755509,0.750382,0.778208,0.660437,0.735909,0.702216,0.745432,0.634037,0.799018,0.835423,0.730646,0.394428,0.599772,0.806745,0.587542,0.453467,0.536997,0.596112,0.462625,0.827636,0.542029,0.708704,0.833711,0.825297,0.699414,0.694290,0.788786,0.557793,0.586186,0.767877,0.626770,0.702994,0.719682,0.825503,0.681680,0.641180,0.803670,0.755633,0.736977,0.796159,0.683555,0.621145,0.507748,0.697340,0.724781,0.679772,0.477871,0.791374,0.571551,0.822948,0.584200,0.699136,0.485472
0.580637,0.609898,0.766382,0.758605,0.807695,0.731548,0.720031,0.715307,0.784452,0.754584,0.738253,0.755889,0.506886,0.731418,0.563764,0.705676,0.727288,0.604054,0.737786,0.718233,0.711273,0.633272,0.754960,0.783095,0.766323,0.712569,0.716021,0.574071,0.756848,0.562870,0.468816,0.784399,0.396836,0.500194,0.609521,0.736424,0.726920,0.694324,0.664806,0.726799,0.754860,0.474921,0.600819,0.752219,0.752409,0.779704,0.771504,0.822562,0.727531,0.755824,0.788619,0.406878,0.509371,0.442630,0.733587,0.744179,0.753476,0.821327,0.741076,0.767980,0.418524,0.780194,0.401748,0.589565,0.748245,0.663353,0.796657,0.481045,0.688963,0.522830,0.622708,0.479595,0.821504,0.819122,0.551905,0.669874,0.731179,0.750574,0.766601,0.727068,0.772084,0.773556,0.704219,0.379562,0.788132,0.747488,0.810212,0.798244,0.640140,0.683281,0.747121,0.718538,0.819455,0.742955,0.547290,0.732565,0.521988,0.506436,0.728039,0.758478,0.758266,0.747885,0.718973,0.784713,0.541795,0.755417,0.430203,0.730983,0.690848,0.791283,0.416175,0.783793,0.732335,0.762407,0.752594,0.765568,0.395466,0.774051,0.658175,0.785948,0.740228,0.827575,0.808132,0.766585,0.696847,0.654227,0.809313,0.566452,0.669962,0.735180,0.798656,0.746065,0.742199,0.729034,0.782506,0.798133,0.675448,0.625073,0.605460,0.609522,0.802352,0.469564,0.755684,0.711205,0.796090,0.551487,0.775868,0.758814,0.601300,0.761118,0.772903,0.536353,0.814248,0.788396,0.796357,0.792306,0.717289,0.702265,0.738236,0.643791,0.814679,0.716718,0.780410,0.769291,0.784288,0.544417,0.779714,0.777355,0.824705,0.748571,0.801133,0.760266,0.432020,0.701069,0.546880,0.685148,0.494210,0.787379,0.773954,0.713937,0.752738,0.718276,0.701733,0.776583,0.785036,0.410241,0.537748,0.671744,0.608614,0.767930,0.803157,0.727495,0.630525,0.787682,0.749649,0.759268,0.825045,0.704494,0.788517,0.796036,0.365159,0.356591,0.626058,0.751500,0.470283,0.689784,0.812058,0.784281,0.729763,0.592156,0.409825,0.703219,0.508208,0.743063,0.865012,0.836721,0.716450,0.394388,0.781309,0.518076,0.635891,0.808368,0.579614,0.777665,0.835749,0.761594,0.780282,0.379282,0.656052,0.823067,0.671094,0.704329,0.814015,0.730790,0.841185,0.798959,0.742669,0.872710,0.815446,0.825698,0.784985,0.817542,0.686282,0.764486,0.793882,0.577293,0.531101,0.764989,0.717793,0.775851,0.771201,0.743069,0.750354,0.772056,0.555345,0.814571,0.803532,0.752693,0.829374,0.774962,0.389640,0.551619,0.810580,0.826832,0.532793,0.792608,0.674980,0.798766,0.775343,0.823537,0.730792,0.781886,0.751412,0.825753,0.767692,0.803945,0.625470,0.736624,0.817037,0.790609,0.722978,0.819899,0.829963,0.797171,0.750180,0.802566,0.615110,0.751821,0.746132,0.569393,0.581769,0.854742,0.662917,0.828661,0.878015,0.774896,0.668439,0.796728,0.801899,0.791204,0.785712,0.773233,0.673568,0.797207,0.825458,0.680086,0.713511,0.774426,0.795853,0.803417,0.777417,0.733093,0.749127,0.701919,0.796090,0.607656,0.711552,0.734634,0.731198,0.548290,0.819368,0.711467,0.651714,0.690499,0.726162,0.000000,0.715565,0.784505,0.578416,0.716127,0.796575,0.648251,0.556804,0.786788,0.676587,0.825543,0.465624,0.753517,0.722814,0.772980,0.750672,0.446742,0.812588,0.736534,0.384826,0.684621,0.792694,0.482803,0.802209,0.844220,0.748617,0.390503,0.867305,0.730134,0.603005,0.776737,0.785807,0.702745,0.759656,0.774396,0.719804,0.773662,0.694884,0.786610,0.720996,0.791516,0.826038,0.467337,0.527094,0.567546,0.696814,0.484917,0.810127,0.810098,0.477589,0.818827,0.672825,0.759647,0.803683,0.510339,0.784926,0.783656,0.676976,0.764038,0.833383,0.732520,0.859042,0.720468,0.750607,0.773039,0.751214,0.753048,0.520725,0.723446,0.767566,0.744369,0.777012,0.753113,0.719630,0.768871,0.768380,0.810020,0.781470,0.757831,0.851948,0.773384,0.817747,0.821838,0.664591,0.704926,0.620157,0.717468,0.660343,0.796665,0.812749,0.825351,0.818855,0.644660,0.643186,0.819701,0.568067,0.670384,0.817175,0.650536,0.854947,0.760709,0.726490,0.730461,0.821853,0.493595,0.794265,0.632812,0.666382,0.792851,0.767017,0.491485,0.774020,0.825963,0.562636,0.760658,0.758786,0.661580,0.805906,0.711607,0.685398,0.819452,0.883267,0.840825,0.777168,0.691998,0.725825,0.803263,0.850690,0.643959,0.748130,0.774308,0.723940,0.469370,0.829306,0.730181,0.758416,0.826259,0.712607,0.789809,0.582710,0.777432,0.844621,0.920021,0.677175,0.824416,0.711112,0.502154,0.687088,0.795108,0.835851,0.576839,0.718982,0.754162,0.766911,0.758849,0.783879,0.515976,0.694211,0.705865,0.774335,0.849054,0.747957,0.837300,0.789937,0.852428,0.769818,0.781663,0.789810,0.755101,0.819712,0.736730,0.699788,0.815304,0.754671,0.595999,0.771802
0.580804,0.549004,0.631061,0.718091,0.629086,0.592015,0.663694,0.608382,0.653646,0.567602,0.683477,0.551187,0.450491,0.619310,0.440898,0.479019,0.508367,0.624649,0.500960,0.655204,0.458295,0.598574,0.570372,0.597915,0.613633,0.598889,0.491685,0.565201,0.558043,0.498345,0.566782,0.419921,0.595649,0.481107,0.498773,0.678397,0.589624,0.592386,0.734431,0.633089,0.442246,0.680385,0.637685,0.682557,0.682496,0.479334,0.549189,0.554205,0.470367,0.705471,0.631351,0.645204,0.557873,0.695227,0.579548,0.378323,0.572364,0.558819,0.615607,0.616771,0.563398,0.559473,0.627026,0.671121,0.634273,0.517499,0.541905,0.534017,0.574084,0.621778,0.645081,0.577673,0.666948,0.624184,0.596855,0.608850,0.663448,0.476321,0.615670,0.693950,0.760220,0.656978,0.656139,0.655904,0.536502,0.702526,0.692490,0.550166,0.574992,0.639447,0.642663,0.619573,0.636550,0.555732,0.641172,0.712411,0.624679,0.556427,0.738160,0.585446,0.433366,0.467330,0.567665,0.655036,0.488546,0.558345,0.657423,0.557247,0.536044,0.701846,0.685935,0.504033,0.671365,0.628814,0.625533,0.574643,0.727223,0.569710,0.659342,0.637834,0.606505,0.582647,0.543899,0.637380,0.542422,0.625814,0.611734,0.479222,0.493949,0.605463,0.582862,0.713375,0.615035,0.560153,0.663580,0.516357,0.487978,0.559473,0.563754,0.557673,0.695873,0.608853,0.639833,0.597453,0.680236,0.605038,0.625238,0.414270,0.705116,0.517999,0.589796,0.477997,0.539214,0.508013,0.580446,0.606194,0.686489,0.737515,0.446003,0.563756,0.666183,0.728710,0.599286,0.563064,0.759871,0.541824,0.498639,0.751209,0.567746,0.544718,0.665308,0.432459,0.700233,0.701462,0.484768,0.722898,0.587765,0.557349,0.568975,0.658056,0.610375,0.514545,0.693603,0.584335,0.593541,0.660447,0.551422,0.651970,0.715457,0.738907,0.578556,0.645799,0.566330,0.701552,0.601350,0.534063,0.530687,0.476740,0.779421,0.632625,0.626110,0.607618,0.573006,0.554468,0.672340,0.740873,0.607249,0.579946,0.430326,0.683298,0.627223,0.530824,0.473756,0.528249,0.699103,0.587716,0.556391,0.740490,0.692721,0.642494,0.570043,0.670043,0.545899,0.625199,0.677149,0.489271,0.611023,0.612012,0.597435,0.610555,0.668937,0.578428,0.525293,0.663457,0.649621,0.631559,0.732403,0.729292,0.683186,0.684383,0.552730,0.473387,0.674489,0.595839,0.578537,0.427231,0.686408,0.585418,0.642150,0.653155,0.508875,0.414665,0.642555,0.725636,0.557401,0.551479,0.643116,0.547106,0.683620,0.647778,0.644565,0.599803,0.665675,0.615850,0.698226,0.563739,0.655137,0.628423,0.433422,0.593844,0.704442,0.587128,0.720336,0.732684,0.588826,0.687015,0.663531,0.423630,0.578670,0.613102,0.629247,0.650707,0.520086,0.595398,0.567944,0.679298,0.541038,0.652025,0.541763,0.589208,0.528698,0.794632,0.573519,0.663123,0.666122,0.561256,0.475470,0.610545,0.677581,0.602044,0.429112,0.582978,0.433586,0.718714,0.713053,0.543609,0.433327,0.593974,0.583594,0.721342,0.596474,0.676144,0.475485,0.675607,0.595396,0.635921,0.546436,0.661631,0.510071,0.548720,0.654264,0.622174,0.720888,0.626292,0.557735,0.715565,0.000000,0.641259,0.708264,0.446837,0.674340,0.597129,0.568193,0.640271,0.530937,0.719577,0.689349,0.634164,0.804828,0.687808,0.667640,0.743086,0.802516,0.536819,0.738505,0.663808,0.685049,0.636596,0.590650,0.738051,0.763205,0.642487,0.666558,0.666053,0.565021,0.635051,0.775199,0.691690,0.662296,0.762937,0.575887,0.489228,0.636325,0.719457,0.692549,0.536245,0.551430,0.550707,0.767860,0.577623,0.659137,0.737473,0.707903,0.542859,0.636347,0.695730,0.713341,0.538919,0.701427,0.625358,0.596589,0.611106,0.568260,0.658242,0.711222,0.705314,0.729425,0.560370,0.665699,0.586566,0.755736,0.592257,0.632519,0.658367,0.680929,0.448404,0.591000,0.675168,0.565369,0.572773,0.738349,0.728696,0.661980,0.500997,0.640404,0.789220,0.558204,0.573826,0.809660,0.637235,0.521308,0.821961,0.622795,0.666694,0.712903,0.637096,0.543790,0.741335,0.666808,0.717610,0.781070,0.503991,0.748429,0.676349,0.604385,0.374455,0.687202,0.505969,0.580568,0.688969,0.646714,0.473137,0.706805,0.763076,0.528375,0.685364,0.744178,0.756300,0.572419,0.650064,0.517674,0.783219,0.582790,0.604559,0.568071,0.640072,0.643205,0.674173,0.513067,0.727464,0.714065,0.800193,0.740761,0.659218,0.479927,0.495159,0.701218,0.727115,0.564864,0.689207,0.621041,0.548866,0.607610,0.663566,0.730646,0.650825,0.682119,0.737257,0.572839,0.479058,0.657517,0.714218,0.487364,0.614763,0.651376,0.754275,0.597008,0.658506,0.612934,0.383495,0.682159,0.688282,0.619287,0.482090,0.595752,0.637770,0.431608,0.724962,0.564569,0.691692,0.688906,0.642711,0.407356,0.617696,0.680268,0.489774,0.608463,0.583569,0.614208,0.452999,0.292975
0.580955,0.518735,0.352506,0.585267,0.331943,0.492379,0.515716,0.340160,0.651511,0.434376,0.567218,0.468723,0.688991,0.437605,0.593579,0.322335,0.343651,0.596424,0.333814,0.736840,0.545959,0.430047,0.521905,0.400178,0.454534,0.458958,0.514393,0.363067,0.345867,0.537989,0.738009,0.540596,0.627258,0.741381,0.446343,0.647370,0.584701,0.422319,0.555088,0.422996,0.382718,0.689943,0.615014,0.665481,0.750383,0.692122,0.379043,0.509482,0.384548,0.564268,0.444012,0.738933,0.670229,0.648277,0.395045,0.626998,0.392642,0.312887,0.609962,0.592958,0.618905,0.468460,0.642819,0.614100,0.510117,0.438476,0.302585,0.637606,0.658476,0.739292,0.786474,0.675812,0.544433,0.485784,0.782733,0.734823,0.421372,0.416724,0.413670,0.530842,0.772201,0.346050,0.487316,0.664771,0.331143,0.699225,0.493896,0.317385,0.743903,0.480251,0.631183,0.327385,0.372876,0.382031,0.815971,0.728534,0.728094,0.692964,0.554609,0.581358,0.422969,0.737219,0.295061,0.339451,0.775045,0.385349,0.621657,0.346864,0.356309,0.615626,0.802221,0.354088,0.476214,0.488997,0.282835,0.352325,0.747231,0.789388,0.532490,0.390895,0.470868,0.425918,0.288350,0.772048,0.517984,0.456248,0.404391,0.568077,0.601978,0.407393,0.248917,0.608788,0.568882,0.392706,0.653787,0.295861,0.587819,0.692431,0.681418,0.562509,0.720710,0.734744,0.303771,0.630228,0.405976,0.689511,0.413765,0.675080,0.878395,0.809323,0.289757,0.749325,0.245771,0.296722,0.452424,0.473936,0.369905,0.789042,0.538955,0.582535,0.752216,0.450332,0.502336,0.332486,0.541446,0.646094,0.362087,0.804757,0.287612,0.566490,0.682053,0.401607,0.668235,0.510834,0.666175,0.498895,0.832310,0.512911,0.449197,0.645087,0.651386,0.782383,0.477277,0.494035,0.345263,0.713996,0.637806,0.642506,0.836226,0.654542,0.418526,0.324149,0.838939,0.768214,0.544574,0.368414,0.289110,0.512844,0.728295,0.602039,0.658181,0.670362,0.754647,0.346707,0.795743,0.645629,0.777476,0.513678,0.595032,0.620177,0.719127,0.649724,0.686966,0.701775,0.646668,0.358638,0.542633,0.846913,0.521744,0.664215,0.756494,0.504411,0.662635,0.283868,0.435758,0.445680,0.335135,0.808007,0.532357,0.739167,0.772039,0.613720,0.308403,0.545252,0.491535,0.492026,0.625304,0.658631,0.647882,0.368748,0.268079,0.504637,0.833256,0.572754,0.350095,0.699012,0.646792,0.265080,0.801188,0.140624,0.544872,0.654776,0.552530,0.577754,0.706581,0.373428,0.796904,0.679821,0.532640,0.723458,0.739732,0.753209,0.361911,0.467250,0.769878,0.325734,0.365085,0.512762,0.676777,0.439017,0.535824,0.373136,0.421237,0.788575,0.850856,0.395444,0.751232,0.515759,0.466352,0.296855,0.849108,0.647343,0.749358,0.328811,0.553205,0.318253,0.723537,0.433061,0.364962,0.733451,0.677670,0.742451,0.832611,0.595770,0.558925,0.335285,0.697647,0.825818,0.350240,0.438995,0.470708,0.730998,0.569436,0.394076,0.628805,0.749780,0.623501,0.502814,0.411412,0.789890,0.300538,0.504517,0.335163,0.579706,0.749576,0.667191,0.509181,0.325801,0.449390,0.694505,0.553885,0.785676,0.617375,0.508420,0.756870,0.784505,0.641259,0.000000,0.723528,0.567295,0.775527,0.737686,0.743952,0.327464,0.640025,0.541606,0.717759,0.243295,0.749390,0.472206,0.436775,0.810682,0.680903,0.678152,0.741444,0.773476,0.329268,0.674416,0.454926,0.858164,0.834170,0.714999,0.723779,0.614751,0.579526,0.812778,0.857402,0.411500,0.645276,0.778448,0.772671,0.491513,0.696099,0.426831,0.753861,0.263223,0.813498,0.615200,0.724100,0.740294,0.652067,0.676750,0.503017,0.303926,0.851443,0.673756,0.695937,0.330925,0.406522,0.671740,0.316604,0.430096,0.750703,0.425764,0.478972,0.667353,0.509044,0.671104,0.797838,0.350521,0.774198,0.450966,0.849361,0.293852,0.594058,0.622489,0.361114,0.647857,0.561658,0.385781,0.766163,0.602776,0.396007,0.562328,0.330343,0.717972,0.673887,0.298765,0.559320,0.726525,0.720713,0.750604,0.814781,0.307902,0.626290,0.690010,0.603325,0.455655,0.797108,0.846459,0.754910,0.734683,0.810380,0.797876,0.326916,0.368660,0.788467,0.710163,0.395423,0.777795,0.774735,0.694636,0.838004,0.782557,0.512334,0.662882,0.778501,0.688266,0.808332,0.792030,0.598507,0.797948,0.701110,0.709570,0.774419,0.727507,0.679736,0.620065,0.460135,0.684413,0.561917,0.731485,0.664253,0.489254,0.648039,0.581719,0.589570,0.819307,0.748271,0.832015,0.694305,0.418458,0.616659,0.793825,0.776671,0.614997,0.841701,0.665388,0.824634,0.416545,0.592627,0.724574,0.739637,0.630816,0.517486,0.852119,0.746143,0.644560,0.697435,0.649769,0.739365,0.762989,0.594515,0.677728,0.431609,0.627105,0.637454,0.495020,0.761479,0.597664,0.754810,0.678044,0.698363,0.463635,0.844230,0.452258,0.820889,0.562223,0.630600,0.728970,0.637534
0.581030,0.586121,0.776788,0.768498,0.689823,0.733528,0.702536,0.725427,0.804088,0.753013,0.730780,0.727536,0.516623,0.766464,0.521793,0.685440,0.713230,0.659326,0.709095,0.733781,0.681460,0.644734,0.677953,0.723045,0.750285,0.752087,0.694554,0.657771,0.754329,0.604969,0.432874,0.771980,0.511500,0.555644,0.649311,0.730079,0.657525,0.680560,0.716903,0.742694,0.742334,0.609912,0.533331,0.741104,0.795486,0.795620,0.711414,0.792983,0.696029,0.780581,0.744963,0.509145,0.538192,0.508225,0.765345,0.724617,0.751329,0.709788,0.760286,0.790384,0.566886,0.775267,0.560555,0.549030,0.825878,0.703454,0.777759,0.603713,0.587410,0.501359,0.674591,0.503361,0.741797,0.808354,0.519076,0.450965,0.715033,0.647497,0.763452,0.782848,0.703741,0.763814,0.690978,0.445713,0.714332,0.716063,0.804465,0.786128,0.605671,0.745123,0.638907,0.695840,0.730114,0.712097,0.638047,0.683698,0.431626,0.519832,0.697507,0.680426,0.676093,0.733246,0.692195,0.689812,0.553967,0.680519,0.515696,0.687697,0.671496,0.768657,0.432612,0.744374,0.755364,0.714038,0.669070,0.817896,0.558754,0.817122,0.701566,0.694252,0.752758,0.747601,0.745457,0.755321,0.636937,0.686180,0.782633,0.562921,0.574710,0.742267,0.792469,0.768441,0.703901,0.655854,0.719855,0.747754,0.667438,0.675775,0.535301,0.586991,0.671916,0.527162,0.723759,0.545137,0.748347,0.573000,0.660852,0.706000,0.658804,0.775605,0.749135,0.569008,0.770961,0.771396,0.744984,0.837871,0.675497,0.686852,0.642693,0.725196,0.837633,0.831547,0.731059,0.791914,0.766497,0.557666,0.763056,0.769236,0.741443,0.696874,0.726663,0.739666,0.573091,0.735907,0.621306,0.699360,0.426297,0.787149,0.675923,0.754948,0.805117,0.759857,0.610079,0.724409,0.774417,0.418296,0.533186,0.650634,0.524736,0.738209,0.754671,0.786712,0.636506,0.643922,0.763573,0.772125,0.721636,0.662311,0.729094,0.760337,0.510469,0.495623,0.625588,0.768884,0.509249,0.714286,0.850920,0.696742,0.704889,0.629146,0.549179,0.742902,0.499994,0.726952,0.851765,0.799175,0.714905,0.481422,0.778866,0.567153,0.559308,0.765884,0.552866,0.723461,0.764545,0.697980,0.798037,0.573008,0.715875,0.789162,0.569794,0.680428,0.740435,0.778564,0.806789,0.768961,0.654817,0.858481,0.812519,0.781120,0.780920,0.773623,0.707582,0.587819,0.713931,0.538506,0.552865,0.718554,0.769855,0.729125,0.663925,0.711028,0.693483,0.878086,0.630681,0.760766,0.784978,0.761104,0.830455,0.855107,0.526200,0.579954,0.769328,0.765697,0.637031,0.797782,0.718473,0.814774,0.695791,0.785175,0.702143,0.758119,0.853430,0.839412,0.757336,0.785481,0.704825,0.626248,0.833142,0.799784,0.731777,0.810340,0.847524,0.750052,0.723470,0.764321,0.623881,0.704400,0.775555,0.598512,0.382237,0.899065,0.638635,0.856334,0.706676,0.646846,0.545948,0.855930,0.776441,0.743399,0.667754,0.646385,0.591093,0.728302,0.778590,0.637740,0.721686,0.822943,0.774013,0.820521,0.767167,0.649465,0.741939,0.762334,0.764642,0.690730,0.746911,0.815873,0.723303,0.542925,0.820104,0.725946,0.672848,0.682689,0.701448,0.578416,0.708264,0.723528,0.000000,0.579739,0.829102,0.732455,0.580217,0.784038,0.583975,0.805679,0.515029,0.698701,0.819483,0.841766,0.802291,0.557485,0.837925,0.775958,0.568835,0.670264,0.710591,0.552748,0.784305,0.900330,0.830247,0.573531,0.764371,0.663948,0.582640,0.791355,0.847232,0.646052,0.770453,0.819353,0.741625,0.738022,0.805339,0.711868,0.760716,0.804753,0.784727,0.473646,0.561750,0.617159,0.705550,0.665476,0.820027,0.823955,0.487294,0.743826,0.651453,0.811089,0.790178,0.570095,0.795399,0.762289,0.573862,0.678165,0.795900,0.745039,0.791605,0.747733,0.839054,0.743901,0.838004,0.604681,0.581752,0.735695,0.760347,0.709303,0.805991,0.743944,0.552542,0.779469,0.701430,0.601874,0.799958,0.657439,0.782935,0.715378,0.770410,0.742962,0.773759,0.730759,0.650187,0.793692,0.640072,0.770016,0.781313,0.747163,0.720260,0.799553,0.671191,0.824670,0.710242,0.708726,0.815812,0.700513,0.852289,0.696853,0.673650,0.766509,0.822988,0.595307,0.758630,0.664055,0.762972,0.712682,0.710011,0.563161,0.771848,0.874763,0.591759,0.672686,0.770784,0.723113,0.802667,0.624544,0.778873,0.802552,0.846159,0.845825,0.711356,0.761154,0.821488,0.845018,0.632016,0.515706,0.597581,0.738284,0.816966,0.522856,0.751086,0.732719,0.714042,0.811647,0.849833,0.840381,0.658125,0.656713,0.796608,0.813129,0.690316,0.771443,0.783266,0.612749,0.578492,0.742895,0.810986,0.617438,0.732239,0.743263,0.676165,0.735025,0.755447,0.575280,0.747408,0.675380,0.783620,0.860958,0.738395,0.811915,0.803090,0.750816,0.613456,0.753823,0.705415,0.764377,0.835943,0.717367,0.721739,0.853334,0.737229,0.547399,0.753706
0.581112,0.508317,0.563711,0.630757,0.560907,0.586909,0.607689,0.546785,0.605430,0.538633,0.633000,0.620743,0.417956,0.632080,0.369347,0.513332,0.518660,0.622601,0.465746,0.665727,0.513867,0.600677,0.550114,0.582361,0.454801,0.609175,0.483199,0.494783,0.491217,0.435484,0.525685,0.534697,0.563084,0.540175,0.500018,0.678037,0.562250,0.598285,0.674687,0.608010,0.441215,0.601205,0.631354,0.646801,0.683765,0.559903,0.566904,0.506745,0.417943,0.641167,0.606991,0.687306,0.544893,0.618040,0.540240,0.434202,0.528029,0.488956,0.599853,0.585527,0.431206,0.624198,0.582880,0.673849,0.576859,0.508222,0.527005,0.463471,0.428365,0.614692,0.631843,0.441206,0.646017,0.598459,0.511445,0.558672,0.599123,0.495501,0.533913,0.678071,0.792508,0.646477,0.573515,0.609082,0.544626,0.675721,0.663300,0.551618,0.583734,0.686581,0.551349,0.577439,0.610433,0.472838,0.580073,0.707540,0.462041,0.408821,0.627048,0.583936,0.459604,0.559330,0.572759,0.586556,0.537058,0.550798,0.584293,0.532283,0.509041,0.645775,0.714447,0.476818,0.671071,0.614120,0.435538,0.580400,0.698692,0.707710,0.668841,0.447717,0.564938,0.577349,0.527319,0.554980,0.597979,0.561790,0.631829,0.525145,0.424350,0.617717,0.526011,0.758490,0.583052,0.481451,0.600653,0.531874,0.461739,0.557889,0.641746,0.533914,0.640553,0.544098,0.582789,0.606515,0.613592,0.612562,0.554926,0.496405,0.724603,0.597713,0.542860,0.531608,0.522072,0.529203,0.405776,0.583281,0.591104,0.739091,0.468093,0.627709,0.785432,0.692888,0.561680,0.549846,0.687726,0.527983,0.522673,0.636671,0.507433,0.581477,0.631712,0.482579,0.623915,0.734430,0.346937,0.667133,0.638160,0.683366,0.572364,0.704530,0.679432,0.586748,0.647218,0.539713,0.583224,0.681954,0.444706,0.695947,0.708594,0.688254,0.553063,0.616119,0.525377,0.603057,0.590884,0.521432,0.572793,0.469923,0.782422,0.598460,0.584772,0.613858,0.653231,0.564361,0.621594,0.663634,0.741818,0.491290,0.480223,0.612495,0.640211,0.570181,0.450727,0.618899,0.733288,0.590082,0.546958,0.742267,0.595218,0.620796,0.448725,0.607031,0.426276,0.591181,0.552450,0.556388,0.592080,0.589708,0.579471,0.635654,0.589460,0.516807,0.521608,0.667669,0.632911,0.596077,0.621744,0.677316,0.742493,0.556030,0.544068,0.543463,0.698644,0.458774,0.433465,0.427064,0.618880,0.493783,0.675478,0.650326,0.521707,0.543585,0.609766,0.716722,0.463088,0.574778,0.760791,0.595481,0.601212,0.629774,0.609390,0.547092,0.574293,0.590591,0.625237,0.561482,0.594891,0.680712,0.488403,0.618193,0.662835,0.555951,0.698914,0.748529,0.711696,0.570374,0.613171,0.446356,0.593941,0.592130,0.577920,0.713395,0.561332,0.538969,0.563534,0.604455,0.510784,0.702241,0.554148,0.475899,0.458555,0.817098,0.571079,0.697957,0.720451,0.556882,0.455903,0.718534,0.604633,0.607406,0.475747,0.532601,0.435049,0.654257,0.687110,0.494712,0.425070,0.606668,0.620149,0.754203,0.539060,0.637764,0.468729,0.649262,0.691054,0.649871,0.459887,0.624875,0.487789,0.526351,0.662254,0.697003,0.718234,0.601749,0.709926,0.716127,0.446837,0.567295,0.579739,0.000000,0.747987,0.460174,0.592742,0.625779,0.471953,0.613314,0.608570,0.611443,0.785794,0.709789,0.555584,0.787083,0.705897,0.499655,0.691013,0.723991,0.656784,0.600818,0.628625,0.787152,0.779170,0.632019,0.600189,0.660986,0.578710,0.773045,0.746964,0.634301,0.645825,0.757720,0.708930,0.535655,0.642840,0.647381,0.717639,0.542786,0.715040,0.466540,0.677503,0.458420,0.637287,0.703115,0.646429,0.538105,0.753465,0.664843,0.630025,0.607630,0.587715,0.527038,0.557936,0.590885,0.616223,0.670891,0.596208,0.706874,0.697149,0.493380,0.648509,0.575151,0.719291,0.557830,0.608362,0.616905,0.646728,0.379400,0.575146,0.685718,0.548241,0.572646,0.819065,0.624406,0.592876,0.441833,0.621178,0.774199,0.753728,0.505840,0.845374,0.608867,0.581768,0.739389,0.576369,0.537133,0.728137,0.479448,0.394618,0.717481,0.547980,0.812984,0.742743,0.591023,0.806022,0.620277,0.582508,0.495612,0.632616,0.610803,0.551525,0.679837,0.727988,0.475861,0.792048,0.801350,0.596118,0.596179,0.732247,0.823865,0.521470,0.510739,0.620716,0.730672,0.678199,0.550792,0.635222,0.637201,0.619375,0.660995,0.517169,0.618323,0.695938,0.791577,0.677985,0.641899,0.554422,0.456129,0.710673,0.685358,0.539978,0.728821,0.658378,0.575781,0.676526,0.766806,0.736028,0.701673,0.786257,0.632718,0.564369,0.528764,0.619751,0.610976,0.388641,0.502488,0.633596,0.790293,0.559593,0.495468,0.720001,0.484424,0.552619,0.671975,0.658808,0.454183,0.559864,0.657348,0.591817,0.630445,0.515372,0.595934,0.724413,0.706322,0.445821,0.724768,0.800873,0.458335,0.620038,0.587046,0.646463,0.397669,0.492955
0.581368,0.689249,0.528268,0.616309,0.640936,0.545281,0.600572,0.604541,0.585608,0.595470,0.605597,0.522241,0.614623,0.529764,0.684281,0.670410,0.620725,0.624752,0.638006,0.613936,0.588192,0.669501,0.640526,0.665786,0.593951,0.646026,0.706959,0.684763,0.683840,0.715724,0.756418,0.516220,0.788139,0.695350,0.659917,0.589750,0.564680,0.684127,0.611259,0.668517,0.674950,0.785736,0.729948,0.676726,0.609966,0.673310,0.646966,0.618743,0.638673,0.613053,0.564014,0.690208,0.767234,0.831186,0.614844,0.640903,0.702197,0.686065,0.626685,0.660820,0.767997,0.652577,0.820863,0.810190,0.597277,0.669692,0.608328,0.752431,0.659042,0.530929,0.678264,0.736934,0.653592,0.673540,0.713371,0.717286,0.656160,0.637978,0.653120,0.719752,0.546891,0.630785,0.711963,0.808423,0.662171,0.631611,0.704390,0.617314,0.818596,0.719497,0.675165,0.696126,0.747991,0.680203,0.786751,0.623638,0.769528,0.766388,0.754266,0.699415,0.611980,0.648551,0.687324,0.651079,0.793475,0.713116,0.781963,0.690742,0.686832,0.717120,0.811207,0.675600,0.747075,0.706216,0.651658,0.649647,0.794481,0.647316,0.672692,0.723492,0.724927,0.585054,0.643082,0.700440,0.626941,0.813238,0.670661,0.648334,0.760010,0.617649,0.637227,0.625348,0.730918,0.777967,0.624208,0.628697,0.685661,0.751335,0.684350,0.707207,0.666223,0.812602,0.643880,0.715902,0.694298,0.788429,0.660891,0.653590,0.640800,0.740389,0.611599,0.826465,0.694948,0.662500,0.745279,0.643035,0.726268,0.697283,0.664739,0.730660,0.484038,0.631310,0.760272,0.626755,0.740988,0.742805,0.647412,0.620044,0.738639,0.688201,0.655385,0.700393,0.768434,0.668722,0.761053,0.814090,0.810022,0.721939,0.626625,0.696444,0.588239,0.689016,0.764761,0.628139,0.615949,0.758015,0.791725,0.642482,0.739065,0.671439,0.738913,0.709330,0.700491,0.770396,0.717504,0.625984,0.727836,0.705552,0.685575,0.543385,0.802890,0.829158,0.702556,0.653751,0.738168,0.678237,0.575411,0.800489,0.695246,0.716526,0.790198,0.679446,0.788589,0.637728,0.740240,0.614167,0.682672,0.835477,0.576311,0.813127,0.722694,0.622068,0.784958,0.780980,0.613130,0.547713,0.581175,0.889861,0.747080,0.677920,0.743803,0.720821,0.683852,0.717567,0.768402,0.710492,0.694330,0.757934,0.742591,0.617401,0.636304,0.674063,0.524882,0.718529,0.789749,0.752542,0.845061,0.714865,0.510390,0.766542,0.750189,0.589029,0.753010,0.721915,0.752619,0.625194,0.490155,0.665006,0.790231,0.708453,0.836881,0.771122,0.644427,0.752327,0.776151,0.668681,0.705979,0.681685,0.712230,0.692771,0.693488,0.732319,0.802354,0.481659,0.581446,0.575649,0.787779,0.711401,0.657135,0.678875,0.741326,0.506306,0.726787,0.624294,0.834751,0.703330,0.711532,0.775354,0.729957,0.768948,0.813457,0.679288,0.687058,0.656993,0.671225,0.774935,0.790280,0.420201,0.672102,0.701115,0.708725,0.682434,0.795779,0.819960,0.472795,0.687166,0.695599,0.671129,0.712090,0.389378,0.703408,0.765394,0.746038,0.593121,0.522624,0.862944,0.703937,0.694690,0.642978,0.788010,0.755107,0.571253,0.759391,0.659636,0.545570,0.796575,0.674340,0.775527,0.829102,0.747987,0.000000,0.662998,0.778056,0.664154,0.711341,0.746261,0.838663,0.745994,0.770140,0.685829,0.687564,0.847298,0.708822,0.700872,0.823207,0.712996,0.745194,0.842416,0.612467,0.651125,0.689045,0.884582,0.730180,0.795498,0.776406,0.501233,0.751939,0.840781,0.695967,0.658671,0.648454,0.769942,0.746161,0.755469,0.666706,0.714395,0.592672,0.834336,0.863120,0.749080,0.738492,0.843018,0.646812,0.656788,0.774270,0.783258,0.757989,0.714536,0.585011,0.801982,0.615640,0.739678,0.573229,0.809628,0.707020,0.562144,0.646707,0.737318,0.767735,0.699590,0.737362,0.802645,0.752186,0.770983,0.785051,0.676280,0.606767,0.756188,0.676987,0.744348,0.655665,0.761396,0.705045,0.801746,0.708072,0.829116,0.678068,0.713207,0.741247,0.763645,0.667139,0.760712,0.709114,0.661206,0.792979,0.735946,0.656027,0.773882,0.718622,0.446339,0.785377,0.703049,0.724486,0.597545,0.686158,0.702014,0.700414,0.603101,0.653432,0.836931,0.216601,0.677070,0.682929,0.637766,0.752002,0.824495,0.733576,0.574570,0.695365,0.666581,0.686351,0.576027,0.715709,0.751278,0.752185,0.785894,0.757801,0.624309,0.739903,0.653804,0.563906,0.630767,0.711438,0.865386,0.700682,0.765038,0.658756,0.887393,0.739888,0.635506,0.787137,0.602365,0.577646,0.415777,0.647962,0.773532,0.505654,0.705823,0.629943,0.655968,0.722363,0.830540,0.741986,0.793277,0.699580,0.661522,0.657459,0.779163,0.611268,0.680377,0.680520,0.868485,0.845547,0.771894,0.707303,0.661257,0.694907,0.592156,0.668451,0.638727,0.726560,0.660856,0.740410,0.738479,0.497654,0.781947,0.686456,0.721931,0.478497,0.771745,0.520287
0.581618,0.565016,0.576230,0.704525,0.648787,0.659852,0.671587,0.639756,0.660841,0.648197,0.670831,0.716270,0.468285,0.673654,0.473661,0.554182,0.632409,0.745799,0.633583,0.677940,0.625244,0.653592,0.661567,0.678915,0.652437,0.735702,0.585189,0.557752,0.620018,0.525852,0.627024,0.623762,0.580104,0.539949,0.542913,0.723671,0.566537,0.673627,0.713891,0.699263,0.621442,0.636381,0.664225,0.640531,0.704823,0.685147,0.681398,0.693577,0.600494,0.715947,0.691608,0.673834,0.590638,0.651977,0.698867,0.578389,0.671341,0.625410,0.578269,0.693134,0.473026,0.729862,0.550071,0.751430,0.655408,0.619392,0.620741,0.494638,0.589750,0.631010,0.667946,0.516787,0.712281,0.705699,0.573118,0.652025,0.687707,0.609392,0.664337,0.696745,0.747433,0.723326,0.699252,0.629814,0.629447,0.740484,0.783740,0.654796,0.681183,0.723833,0.691125,0.689631,0.740645,0.665679,0.621877,0.739425,0.607177,0.502873,0.769899,0.721896,0.642471,0.614079,0.720460,0.709898,0.606320,0.747096,0.607278,0.715261,0.589941,0.739847,0.735239,0.644544,0.774709,0.703748,0.618212,0.608246,0.669194,0.760269,0.768571,0.702723,0.617802,0.633982,0.648320,0.635237,0.685116,0.636968,0.725940,0.578790,0.601146,0.747790,0.660224,0.763901,0.707994,0.633694,0.694656,0.658780,0.577187,0.649010,0.686161,0.638824,0.752989,0.549452,0.684407,0.720307,0.642626,0.567669,0.748174,0.669213,0.682634,0.634236,0.681333,0.590303,0.645612,0.621985,0.585767,0.692238,0.735683,0.705068,0.634631,0.716262,0.701348,0.703922,0.685693,0.649352,0.714111,0.579265,0.663391,0.732044,0.648771,0.617876,0.691433,0.594217,0.578079,0.698743,0.445528,0.760622,0.670762,0.680129,0.590769,0.706771,0.702585,0.683257,0.826866,0.684039,0.652516,0.712730,0.531505,0.807681,0.699719,0.708164,0.667230,0.712171,0.595289,0.747450,0.719154,0.655119,0.662116,0.574962,0.735731,0.689894,0.619150,0.648198,0.699945,0.673457,0.720369,0.777629,0.715257,0.653759,0.506767,0.645445,0.648914,0.617093,0.509506,0.658339,0.792977,0.695801,0.601915,0.745262,0.682305,0.616414,0.636770,0.605115,0.504427,0.688545,0.675640,0.691469,0.674520,0.591464,0.554732,0.688849,0.753210,0.683942,0.668822,0.702610,0.678794,0.726755,0.735406,0.789272,0.773484,0.685698,0.674247,0.655507,0.734262,0.674564,0.609395,0.557486,0.684872,0.592816,0.648974,0.717684,0.682556,0.637174,0.804633,0.766236,0.558984,0.698212,0.723153,0.604482,0.713419,0.668588,0.652980,0.647619,0.692416,0.730212,0.556119,0.679296,0.710882,0.778538,0.628927,0.717602,0.787122,0.739416,0.668953,0.739160,0.779219,0.696924,0.691575,0.653721,0.683733,0.742544,0.528500,0.731942,0.683811,0.680094,0.757843,0.735658,0.624106,0.798172,0.653178,0.605631,0.690783,0.813354,0.620173,0.734515,0.808809,0.626702,0.635060,0.698846,0.596726,0.596877,0.679043,0.700018,0.579587,0.787581,0.718327,0.572708,0.597889,0.677305,0.758835,0.705640,0.664274,0.766766,0.630239,0.670575,0.647166,0.599523,0.575685,0.696046,0.640923,0.649987,0.786855,0.687056,0.710504,0.681356,0.707795,0.648251,0.597129,0.737686,0.732455,0.460174,0.662998,0.000000,0.610838,0.729311,0.651931,0.729010,0.622174,0.745468,0.760942,0.678596,0.615021,0.805051,0.657309,0.510090,0.636664,0.681242,0.749385,0.620368,0.688931,0.735994,0.675249,0.576271,0.757006,0.792030,0.586970,0.739491,0.769973,0.771877,0.700158,0.735419,0.678009,0.666043,0.682210,0.784437,0.748808,0.671757,0.781066,0.611195,0.665833,0.515702,0.608980,0.639986,0.781760,0.664599,0.713823,0.823538,0.666915,0.678825,0.694220,0.562327,0.689417,0.727871,0.720214,0.823348,0.715464,0.680182,0.771575,0.625910,0.731938,0.713059,0.760090,0.797201,0.637947,0.732713,0.733106,0.542525,0.637416,0.807846,0.723582,0.632858,0.714535,0.812082,0.716004,0.627926,0.751579,0.847945,0.771309,0.659362,0.825242,0.669431,0.598080,0.768831,0.710480,0.688083,0.844987,0.718878,0.630555,0.694612,0.689504,0.756220,0.780394,0.657835,0.765890,0.659681,0.716846,0.675087,0.748824,0.655071,0.672485,0.623491,0.737182,0.547662,0.774635,0.835537,0.769859,0.648964,0.757205,0.754227,0.528216,0.651460,0.664062,0.671814,0.726898,0.690406,0.693415,0.630824,0.790303,0.765753,0.676610,0.705818,0.709178,0.769408,0.856789,0.784844,0.618470,0.671487,0.665314,0.700402,0.654692,0.740704,0.794124,0.647000,0.729496,0.731860,0.705849,0.745178,0.802381,0.769341,0.627809,0.652520,0.622995,0.589725,0.575663,0.603384,0.720700,0.766989,0.628479,0.566663,0.710322,0.663116,0.679305,0.743585,0.681741,0.625177,0.637706,0.748772,0.622837,0.672065,0.590838,0.627413,0.737138,0.789204,0.555960,0.719636,0.730390,0.679867,0.654767,0.697687,0.591634,0.608722,0.557680
0.581651,0.602325,0.720883,0.742355,0.685824,0.727243,0.684060,0.734001,0.685053,0.719897,0.675963,0.735466,0.474115,0.676269,0.486248,0.632286,0.690207,0.717374,0.631871,0.706766,0.608390,0.612128,0.599904,0.705339,0.699746,0.756150,0.545839,0.568849,0.703817,0.492759,0.520572,0.662487,0.458927,0.505786,0.504687,0.731888,0.594547,0.652778,0.747038,0.721376,0.670252,0.558871,0.651726,0.657234,0.745222,0.646970,0.747685,0.718840,0.631074,0.735322,0.718168,0.543741,0.493262,0.485132,0.705930,0.625336,0.620714,0.754545,0.683502,0.707041,0.470591,0.738400,0.456962,0.652762,0.744198,0.595697,0.703127,0.444110,0.607694,0.571652,0.613270,0.467894,0.724617,0.812443,0.504163,0.594586,0.715806,0.647172,0.731475,0.757150,0.758933,0.707536,0.702697,0.452690,0.682596,0.739990,0.760029,0.670853,0.514322,0.712224,0.638634,0.674524,0.736076,0.610976,0.578550,0.746128,0.547835,0.497562,0.723947,0.707038,0.625271,0.583437,0.643217,0.734318,0.502278,0.700770,0.429433,0.665668,0.562202,0.717073,0.517784,0.718862,0.765455,0.696215,0.661183,0.793539,0.562209,0.750415,0.710010,0.646606,0.701929,0.729349,0.731416,0.719741,0.631859,0.541515,0.755311,0.455474,0.620864,0.722039,0.721364,0.747626,0.717518,0.631278,0.679870,0.643710,0.598113,0.677515,0.654715,0.555662,0.710968,0.412653,0.714836,0.652772,0.758090,0.479910,0.680277,0.600114,0.638090,0.628317,0.676660,0.487285,0.759419,0.734961,0.715426,0.738157,0.737033,0.702703,0.643943,0.650467,0.710667,0.743148,0.708312,0.699515,0.728145,0.438678,0.654602,0.749960,0.740291,0.628327,0.648563,0.638107,0.445485,0.685365,0.482478,0.757067,0.511943,0.731546,0.682046,0.723454,0.757671,0.610663,0.769482,0.689098,0.719310,0.525604,0.480560,0.745345,0.630108,0.708810,0.752722,0.678070,0.575580,0.663532,0.733764,0.683073,0.740860,0.510602,0.721250,0.732435,0.420927,0.449421,0.601550,0.662440,0.542065,0.681579,0.730958,0.635304,0.629606,0.605359,0.506638,0.572365,0.513218,0.662098,0.743428,0.696645,0.569497,0.546478,0.742902,0.486901,0.558657,0.792919,0.491662,0.723172,0.775423,0.616775,0.710619,0.450133,0.644000,0.740423,0.598081,0.667713,0.699257,0.753661,0.840153,0.675281,0.722881,0.806791,0.775244,0.747019,0.688300,0.611540,0.786640,0.632508,0.705439,0.440000,0.580147,0.688686,0.781382,0.758450,0.664873,0.536691,0.736900,0.815705,0.462507,0.713161,0.659561,0.633263,0.755800,0.697554,0.404664,0.562339,0.742712,0.748568,0.519235,0.794994,0.638766,0.742587,0.506354,0.732801,0.701168,0.702304,0.755668,0.758729,0.697679,0.750855,0.641400,0.607713,0.700182,0.727753,0.616766,0.769901,0.688615,0.705342,0.699531,0.770562,0.496813,0.638860,0.740569,0.491921,0.544835,0.823688,0.636054,0.815463,0.678229,0.684100,0.487950,0.718072,0.769482,0.747122,0.704179,0.640474,0.520824,0.724050,0.789966,0.566294,0.637065,0.725127,0.730427,0.740385,0.703377,0.712676,0.696553,0.657600,0.737225,0.601132,0.603340,0.662050,0.643437,0.509356,0.639512,0.697937,0.741919,0.613566,0.755942,0.556804,0.568193,0.743952,0.580217,0.592742,0.778056,0.610838,0.000000,0.756862,0.576716,0.734575,0.451475,0.697229,0.740440,0.783074,0.745138,0.555292,0.785921,0.588779,0.555907,0.675472,0.696290,0.430628,0.679368,0.757883,0.699725,0.494695,0.733591,0.677149,0.475886,0.694758,0.703683,0.719947,0.649600,0.678342,0.651586,0.669363,0.820072,0.733608,0.751766,0.767171,0.684442,0.491794,0.525966,0.502144,0.673874,0.574801,0.780483,0.728746,0.532661,0.776686,0.644818,0.688345,0.761669,0.496037,0.656792,0.693934,0.580359,0.739975,0.801628,0.727429,0.743197,0.644087,0.666385,0.690901,0.776475,0.687515,0.564247,0.638376,0.742699,0.624110,0.698522,0.688106,0.643464,0.762982,0.676555,0.714971,0.638531,0.620879,0.760944,0.635257,0.785498,0.663090,0.793030,0.639875,0.498319,0.674361,0.618340,0.740746,0.784497,0.692388,0.649564,0.773237,0.636233,0.753927,0.769104,0.617889,0.710598,0.671279,0.763977,0.614608,0.650234,0.693414,0.710913,0.456432,0.754517,0.541283,0.592519,0.710014,0.624899,0.567290,0.676669,0.677131,0.535494,0.642268,0.650443,0.633795,0.769414,0.639979,0.609136,0.635883,0.864861,0.767651,0.682447,0.588555,0.698632,0.854600,0.715528,0.627486,0.627224,0.706627,0.635314,0.476828,0.590367,0.716755,0.643387,0.727820,0.805465,0.723081,0.647848,0.697039,0.754024,0.802420,0.633580,0.703051,0.644057,0.564264,0.515633,0.698107,0.790925,0.710468,0.686437,0.710319,0.779638,0.642220,0.696592,0.504031,0.713012,0.520630,0.650993,0.775713,0.556626,0.757987,0.634988,0.740921,0.692724,0.715341,0.648639,0.834928,0.710204,0.612732,0.595636,0.756680,0.651595,0.474195,0.652175
0.581816,0.525749,0.344544,0.550186,0.318396,0.520838,0.591164,0.300964,0.619495,0.463284,0.625075,0.503214,0.678999,0.416953,0.653547,0.414824,0.282712,0.585016,0.278009,0.774331,0.585187,0.316885,0.492710,0.389486,0.458350,0.440382,0.534676,0.351604,0.324665,0.472020,0.755000,0.444132,0.628520,0.716689,0.373945,0.649243,0.575913,0.428460,0.603618,0.335364,0.342622,0.646075,0.612594,0.678955,0.747087,0.670451,0.385857,0.444098,0.384665,0.579015,0.431026,0.755271,0.708744,0.693004,0.358578,0.583159,0.310607,0.359302,0.622278,0.521554,0.630173,0.480447,0.619272,0.673475,0.421719,0.391845,0.343984,0.562311,0.663637,0.657824,0.737481,0.680582,0.607729,0.485531,0.774381,0.755312,0.456384,0.407043,0.354770,0.583993,0.767830,0.367003,0.425556,0.663490,0.308942,0.704952,0.474563,0.276179,0.730212,0.599560,0.689947,0.307979,0.401821,0.359261,0.703864,0.684445,0.759794,0.672361,0.527990,0.588220,0.374716,0.708665,0.292109,0.340044,0.709379,0.366764,0.654926,0.353232,0.358185,0.661824,0.793325,0.342334,0.564308,0.516403,0.339740,0.376676,0.742129,0.747633,0.451447,0.420849,0.465439,0.363797,0.274759,0.702254,0.465408,0.472124,0.386762,0.557521,0.639036,0.480010,0.281733,0.635787,0.586156,0.435601,0.609761,0.267982,0.606470,0.682895,0.736607,0.550344,0.721693,0.697656,0.200413,0.673114,0.454885,0.685379,0.421381,0.630537,0.813221,0.788147,0.234427,0.729686,0.290803,0.298340,0.544633,0.447873,0.475716,0.807977,0.539133,0.695563,0.831204,0.362258,0.489023,0.297335,0.532181,0.668235,0.301287,0.753925,0.360377,0.524092,0.696285,0.430200,0.701452,0.629660,0.672797,0.519785,0.838673,0.496500,0.476916,0.735064,0.511301,0.760424,0.623635,0.431078,0.331101,0.760269,0.666262,0.621718,0.837111,0.679075,0.395851,0.359461,0.834367,0.832662,0.540564,0.275609,0.322232,0.506232,0.809005,0.485421,0.646471,0.654078,0.752137,0.286447,0.824374,0.547040,0.820307,0.559519,0.650400,0.642684,0.691144,0.576789,0.647287,0.606174,0.618562,0.254991,0.545779,0.867970,0.449183,0.608276,0.804992,0.577918,0.710318,0.406665,0.336200,0.377307,0.241256,0.809742,0.486240,0.619202,0.812715,0.690734,0.367591,0.559859,0.542266,0.470324,0.653164,0.592923,0.632482,0.389583,0.209430,0.464485,0.701616,0.564951,0.476065,0.762465,0.626312,0.331376,0.671594,0.391012,0.556871,0.626052,0.674025,0.604449,0.711683,0.353329,0.722660,0.714335,0.511096,0.683060,0.742223,0.817403,0.374904,0.495368,0.760123,0.280367,0.254284,0.438138,0.722967,0.424742,0.508055,0.394558,0.452058,0.716558,0.779382,0.379351,0.683174,0.510741,0.387739,0.212808,0.875736,0.537661,0.688792,0.278236,0.510570,0.327116,0.736189,0.428969,0.390807,0.735161,0.737531,0.707137,0.867774,0.511634,0.574914,0.441464,0.782317,0.775509,0.426722,0.486931,0.506766,0.683959,0.637693,0.483501,0.494653,0.783823,0.637385,0.493284,0.384752,0.728923,0.355207,0.552920,0.407673,0.547552,0.726921,0.659638,0.601675,0.337778,0.336731,0.764978,0.542317,0.856741,0.703202,0.482654,0.775810,0.786788,0.640271,0.327464,0.784038,0.625779,0.664154,0.729311,0.756862,0.000000,0.678748,0.591199,0.737847,0.415844,0.806683,0.413174,0.423260,0.814035,0.616772,0.708824,0.728929,0.804904,0.371371,0.682730,0.346873,0.881935,0.866992,0.765425,0.751072,0.648574,0.596205,0.804402,0.827258,0.462126,0.620578,0.765645,0.797968,0.493585,0.653630,0.484529,0.723560,0.316021,0.745896,0.654747,0.729964,0.789733,0.609400,0.678526,0.381766,0.346051,0.855402,0.636253,0.754751,0.339265,0.344238,0.662397,0.233825,0.481652,0.763519,0.535306,0.497411,0.645397,0.422628,0.668141,0.749256,0.345494,0.685315,0.596248,0.847627,0.353001,0.634221,0.700947,0.353481,0.637347,0.651563,0.417564,0.777287,0.661706,0.367820,0.643833,0.335642,0.778252,0.698438,0.393498,0.689579,0.737368,0.769138,0.771666,0.766581,0.355146,0.582159,0.755656,0.654735,0.513324,0.782497,0.821359,0.752279,0.744289,0.895342,0.749427,0.308540,0.389483,0.851695,0.695549,0.314560,0.823986,0.721571,0.646047,0.842783,0.729597,0.544824,0.654025,0.757729,0.631124,0.706777,0.867857,0.604354,0.805249,0.677130,0.666402,0.673951,0.706506,0.685471,0.501339,0.458945,0.694271,0.422242,0.683527,0.640842,0.607102,0.671643,0.644942,0.521895,0.863211,0.790672,0.834882,0.743677,0.407180,0.609522,0.725302,0.824983,0.763159,0.770354,0.649361,0.836176,0.391408,0.554966,0.713563,0.837955,0.706317,0.427509,0.876755,0.739678,0.672135,0.662769,0.613984,0.742287,0.754430,0.595403,0.674267,0.405297,0.456521,0.535935,0.438547,0.776034,0.646617,0.769537,0.652400,0.737350,0.479396,0.794575,0.498427,0.822695,0.466758,0.555050,0.821667,0.611423
0.581825,0.616997,0.648886,0.675666,0.648590,0.637411,0.568331,0.606697,0.643413,0.582806,0.590451,0.585815,0.561553,0.592963,0.532180,0.565878,0.630679,0.542202,0.597220,0.693501,0.595341,0.646643,0.621827,0.598399,0.569009,0.676164,0.604817,0.644819,0.649850,0.640673,0.360994,0.540813,0.632807,0.612100,0.674868,0.677121,0.619989,0.628798,0.611710,0.631895,0.629778,0.564565,0.564276,0.693823,0.716767,0.693554,0.632347,0.658473,0.625724,0.640172,0.652053,0.523310,0.657455,0.677621,0.566772,0.616281,0.642905,0.598866,0.678751,0.581323,0.679994,0.666317,0.685736,0.626571,0.634302,0.636060,0.616885,0.664966,0.522534,0.470851,0.690192,0.619726,0.595558,0.632870,0.708848,0.486727,0.646948,0.516613,0.587816,0.650075,0.655987,0.624255,0.657701,0.627590,0.724119,0.649153,0.666050,0.608622,0.679817,0.624855,0.570974,0.596147,0.642183,0.598010,0.784025,0.670741,0.523796,0.608306,0.731435,0.628204,0.499935,0.680933,0.611885,0.685788,0.642600,0.611376,0.564416,0.558251,0.683572,0.624375,0.639425,0.690970,0.695655,0.670878,0.626275,0.660992,0.665277,0.703435,0.697505,0.563664,0.662647,0.714754,0.628597,0.748586,0.648959,0.657157,0.607094,0.549219,0.473009,0.615285,0.664364,0.665918,0.547475,0.648440,0.687396,0.613452,0.564131,0.549112,0.534979,0.643207,0.681338,0.658032,0.651803,0.614604,0.705712,0.734167,0.558329,0.609760,0.684142,0.710616,0.713273,0.679452,0.629814,0.708531,0.599356,0.682287,0.606029,0.691786,0.540362,0.572475,0.755606,0.698480,0.764498,0.692951,0.678599,0.598618,0.643529,0.735618,0.636617,0.719373,0.641509,0.620832,0.638898,0.695837,0.613849,0.658108,0.641230,0.664398,0.665843,0.633678,0.736808,0.677891,0.643566,0.606823,0.738911,0.525934,0.641894,0.658719,0.654186,0.724972,0.740525,0.694986,0.702628,0.761433,0.585650,0.656611,0.571026,0.602171,0.736205,0.675061,0.635764,0.621322,0.608078,0.694553,0.511997,0.603586,0.724077,0.654287,0.656742,0.581905,0.625293,0.743853,0.651308,0.661054,0.714313,0.713446,0.740441,0.674524,0.695873,0.679134,0.636337,0.728728,0.651017,0.623955,0.716452,0.645200,0.681179,0.650622,0.682639,0.705356,0.613943,0.592653,0.622768,0.750282,0.749733,0.677170,0.586246,0.793895,0.722387,0.696763,0.658086,0.745841,0.640138,0.571611,0.600899,0.531837,0.608215,0.637976,0.612666,0.628578,0.663088,0.595987,0.553998,0.734890,0.656988,0.676301,0.711043,0.618087,0.747195,0.686671,0.571098,0.681661,0.701652,0.654380,0.678964,0.675035,0.653047,0.802507,0.585829,0.708539,0.593422,0.661180,0.717187,0.767874,0.722255,0.704186,0.712136,0.531484,0.728475,0.670117,0.687131,0.721211,0.752775,0.703486,0.638368,0.661527,0.559431,0.640350,0.624245,0.642672,0.355396,0.733526,0.672028,0.739829,0.604825,0.646567,0.625937,0.728342,0.644060,0.696665,0.616535,0.699663,0.602783,0.686205,0.726422,0.648873,0.620862,0.634974,0.673333,0.722501,0.702020,0.670158,0.578675,0.633958,0.702401,0.777470,0.506924,0.693071,0.632327,0.654816,0.705624,0.683836,0.631432,0.629631,0.689040,0.676587,0.530937,0.640025,0.583975,0.471953,0.711341,0.651931,0.576716,0.678748,0.000000,0.588155,0.712129,0.666217,0.798218,0.799435,0.734598,0.612771,0.752591,0.633141,0.724514,0.683825,0.664512,0.559466,0.640859,0.804760,0.748310,0.683324,0.688303,0.617121,0.667638,0.728489,0.754699,0.643620,0.712149,0.767170,0.666882,0.636958,0.740947,0.659099,0.695331,0.642256,0.726335,0.525799,0.755449,0.650391,0.716737,0.665425,0.758952,0.721386,0.639014,0.754835,0.750161,0.655402,0.718740,0.606231,0.687057,0.483579,0.502988,0.679955,0.644757,0.733916,0.806220,0.623651,0.733240,0.660227,0.777771,0.557767,0.653865,0.713741,0.525218,0.565483,0.614021,0.648914,0.580399,0.585025,0.668089,0.656861,0.646064,0.651008,0.731621,0.633161,0.677397,0.664084,0.674859,0.598589,0.684151,0.710371,0.677079,0.689866,0.701023,0.625775,0.603918,0.655233,0.535197,0.808376,0.719520,0.640141,0.852995,0.718496,0.725137,0.610854,0.735720,0.619921,0.682248,0.743479,0.726934,0.644904,0.708882,0.701569,0.688055,0.671522,0.727483,0.730867,0.712676,0.600600,0.659838,0.710122,0.675516,0.679624,0.772084,0.794322,0.723268,0.715974,0.671194,0.660331,0.699338,0.695804,0.589236,0.559309,0.631002,0.683281,0.735014,0.730885,0.632983,0.711856,0.722554,0.687256,0.688861,0.674267,0.588891,0.635735,0.753468,0.673000,0.620803,0.626743,0.695055,0.694974,0.555614,0.674296,0.728368,0.668979,0.686831,0.808304,0.615888,0.583534,0.704136,0.738901,0.659652,0.636424,0.668474,0.785583,0.747866,0.789912,0.582158,0.755937,0.678406,0.602563,0.696674,0.673827,0.682057,0.699258,0.727495,0.711578,0.722242,0.560910,0.617648
0.582421,0.584652,0.520487,0.588950,0.549102,0.460951,0.410993,0.489428,0.497439,0.488648,0.459563,0.559395,0.720079,0.539874,0.646946,0.534951,0.549776,0.595699,0.490008,0.642183,0.507153,0.632813,0.457233,0.506089,0.422104,0.590647,0.596704,0.602060,0.536303,0.663404,0.658745,0.598088,0.705563,0.679292,0.646639,0.487975,0.607899,0.552742,0.489747,0.525863,0.584771,0.594608,0.755376,0.626135,0.588748,0.727406,0.497525,0.602803,0.589450,0.410757,0.522431,0.758153,0.714416,0.822826,0.494884,0.739783,0.557202,0.476783,0.664258,0.513821,0.738270,0.552170,0.743893,0.596557,0.512040,0.504528,0.560944,0.716378,0.686627,0.680790,0.705337,0.719976,0.412499,0.614721,0.750377,0.706239,0.473358,0.579558,0.557703,0.489173,0.686552,0.492221,0.570751,0.796174,0.642142,0.508949,0.601753,0.583711,0.766154,0.514311,0.474843,0.539188,0.621961,0.460574,0.738841,0.547227,0.781760,0.705415,0.629569,0.501094,0.521973,0.682155,0.564475,0.528147,0.725772,0.559459,0.738013,0.515402,0.621092,0.415235,0.803543,0.627770,0.488517,0.471850,0.522138,0.559677,0.842968,0.715859,0.588984,0.443381,0.554201,0.669791,0.606697,0.755483,0.542904,0.621447,0.538595,0.565487,0.630902,0.511775,0.523342,0.637771,0.453303,0.537668,0.615474,0.567039,0.665113,0.519739,0.728634,0.576920,0.575781,0.742197,0.567297,0.532927,0.529345,0.738168,0.562007,0.691818,0.728535,0.696714,0.598004,0.763821,0.516936,0.594322,0.526091,0.581904,0.412727,0.721218,0.631011,0.597884,0.715586,0.601740,0.645030,0.584465,0.564107,0.619185,0.587051,0.701330,0.490429,0.688843,0.662747,0.609994,0.793383,0.677764,0.715175,0.539913,0.824304,0.631053,0.591953,0.683451,0.725381,0.761022,0.553276,0.450521,0.632468,0.796865,0.704161,0.674972,0.711203,0.591210,0.610169,0.591935,0.754503,0.612233,0.659025,0.521781,0.538059,0.597176,0.696087,0.444309,0.799890,0.759456,0.711365,0.595576,0.774009,0.493366,0.782548,0.603551,0.678556,0.644662,0.770051,0.724224,0.818865,0.755421,0.704714,0.682145,0.655066,0.864663,0.501950,0.729632,0.720870,0.675204,0.702475,0.488130,0.521722,0.643762,0.626293,0.826103,0.638086,0.727863,0.662516,0.597815,0.597209,0.682383,0.636513,0.651282,0.492808,0.704050,0.718498,0.492768,0.567216,0.673212,0.732992,0.691336,0.563227,0.747173,0.625340,0.491311,0.671758,0.501258,0.603618,0.721012,0.683041,0.573775,0.694987,0.638849,0.727818,0.685960,0.669004,0.709654,0.821144,0.782495,0.562944,0.638843,0.778968,0.565975,0.614012,0.701363,0.699528,0.615151,0.455485,0.516799,0.633881,0.727297,0.779555,0.549436,0.680984,0.632560,0.711100,0.515785,0.823335,0.601742,0.833877,0.632030,0.560182,0.501226,0.774200,0.518132,0.517063,0.711645,0.688840,0.759531,0.794968,0.677659,0.551741,0.597771,0.691717,0.745364,0.533270,0.609564,0.634878,0.712687,0.684706,0.530286,0.586262,0.688632,0.649346,0.651283,0.517633,0.743162,0.563867,0.467905,0.466435,0.603984,0.725190,0.737969,0.630352,0.578761,0.685850,0.780382,0.476076,0.802891,0.480995,0.568219,0.777409,0.825543,0.719577,0.541606,0.805679,0.613314,0.746261,0.729010,0.734575,0.591199,0.588155,0.000000,0.831758,0.528035,0.733299,0.709268,0.666993,0.750345,0.627394,0.638330,0.820488,0.700362,0.530055,0.738895,0.635903,0.814003,0.714566,0.741597,0.616675,0.650498,0.728068,0.740612,0.775069,0.545166,0.668760,0.736023,0.688198,0.681116,0.743480,0.423142,0.594241,0.547187,0.723104,0.797183,0.784808,0.719036,0.677666,0.623210,0.629495,0.574117,0.827684,0.604721,0.714316,0.548467,0.583264,0.776220,0.620689,0.387223,0.698074,0.541582,0.390888,0.620613,0.716628,0.736155,0.791127,0.676824,0.774986,0.647001,0.772175,0.601445,0.481773,0.727632,0.543013,0.651078,0.571968,0.516616,0.587117,0.531584,0.514402,0.619386,0.536016,0.508717,0.676302,0.531148,0.631499,0.624634,0.762155,0.677174,0.705914,0.547471,0.650329,0.540716,0.635774,0.547764,0.629611,0.749326,0.664303,0.668765,0.808448,0.663379,0.596715,0.644465,0.709453,0.714644,0.655687,0.739745,0.715625,0.728211,0.796308,0.672802,0.591040,0.818556,0.739565,0.682410,0.787401,0.658327,0.702505,0.702319,0.700343,0.651143,0.831641,0.698717,0.601379,0.506211,0.698271,0.681919,0.692879,0.656452,0.483411,0.565530,0.814554,0.691302,0.704487,0.825317,0.715444,0.780295,0.750884,0.671938,0.607646,0.673968,0.691434,0.650008,0.728703,0.559765,0.804917,0.612100,0.641054,0.805017,0.778830,0.683392,0.676822,0.833372,0.715486,0.743506,0.595661,0.739191,0.670818,0.896751,0.622877,0.715563,0.609865,0.755341,0.707260,0.670967,0.684431,0.751196,0.722939,0.570419,0.803521,0.489838,0.696536,0.654368,0.700556,0.731976,0.655540,0.774551,0.719911
0.582566,0.646180,0.766657,0.739051,0.771134,0.854163,0.828439,0.739313,0.853905,0.829953,0.805391,0.859482,0.483430,0.749387,0.487766,0.660905,0.692835,0.732694,0.676224,0.812465,0.751601,0.562623,0.804898,0.728931,0.780269,0.820180,0.723726,0.472772,0.708001,0.466898,0.490593,0.796807,0.256650,0.477568,0.534182,0.821098,0.788241,0.717612,0.790518,0.720858,0.645803,0.495363,0.540094,0.795312,0.869103,0.813544,0.713134,0.795256,0.642990,0.867878,0.746141,0.480367,0.449404,0.165123,0.815160,0.687501,0.667550,0.732797,0.781074,0.819716,0.329284,0.856525,0.292222,0.711348,0.775271,0.651517,0.752562,0.323170,0.652237,0.646163,0.695023,0.380313,0.854047,0.829261,0.551332,0.611827,0.736659,0.703120,0.732985,0.867467,0.780398,0.772865,0.660892,0.247581,0.705612,0.827410,0.794581,0.763169,0.552478,0.763839,0.766495,0.723885,0.793453,0.692539,0.487864,0.789510,0.598497,0.401122,0.688317,0.841485,0.735073,0.734902,0.717870,0.744402,0.483669,0.780832,0.274381,0.785955,0.594857,0.853780,0.338923,0.704670,0.863523,0.861977,0.657254,0.778583,0.296875,0.810997,0.732788,0.754992,0.788186,0.729760,0.708304,0.719353,0.657995,0.553186,0.794376,0.535381,0.690192,0.801752,0.689086,0.829846,0.829514,0.714668,0.855563,0.750215,0.569217,0.748550,0.618746,0.592567,0.790266,0.262958,0.689708,0.816305,0.795480,0.316166,0.692478,0.713639,0.679208,0.771957,0.713595,0.451770,0.733385,0.716606,0.782622,0.818590,0.792199,0.762189,0.729962,0.815925,0.860557,0.718029,0.763362,0.703411,0.853803,0.516697,0.781785,0.823378,0.729773,0.702896,0.828886,0.642996,0.262432,0.755783,0.548125,0.724528,0.476361,0.803082,0.715365,0.760085,0.744961,0.731158,0.698585,0.778743,0.761717,0.513660,0.378515,0.826480,0.671246,0.829167,0.712901,0.687950,0.624454,0.745857,0.793160,0.695901,0.707440,0.576885,0.825180,0.749345,0.295606,0.333344,0.677761,0.704412,0.503531,0.806018,0.846042,0.692785,0.725807,0.720470,0.348125,0.669141,0.408214,0.683268,0.865352,0.732307,0.669480,0.361681,0.763443,0.259308,0.622837,0.766724,0.428242,0.780539,0.760872,0.725057,0.707922,0.383996,0.597287,0.845357,0.750111,0.708042,0.752964,0.804151,0.840966,0.715198,0.797068,0.769770,0.888811,0.721410,0.675537,0.692292,0.804907,0.733688,0.756167,0.581823,0.560026,0.684734,0.800679,0.730959,0.816370,0.737527,0.761192,0.816791,0.500359,0.755420,0.797195,0.700253,0.795359,0.856221,0.289686,0.501342,0.722903,0.841565,0.583249,0.796972,0.664833,0.753188,0.725377,0.854590,0.759760,0.810861,0.789086,0.798525,0.811894,0.724008,0.619032,0.708205,0.796053,0.739150,0.719357,0.861327,0.792335,0.711215,0.772501,0.730453,0.606432,0.676387,0.754561,0.530264,0.587084,0.791680,0.644139,0.893452,0.810402,0.713876,0.697644,0.827373,0.737246,0.746535,0.775245,0.729952,0.570612,0.859157,0.807412,0.721587,0.687791,0.779119,0.791145,0.788325,0.735063,0.774716,0.702570,0.755155,0.837474,0.483852,0.649225,0.684506,0.681133,0.451418,0.825657,0.801831,0.750228,0.729591,0.785627,0.465624,0.689349,0.717759,0.515029,0.608570,0.838663,0.622174,0.451475,0.737847,0.712129,0.831758,0.000000,0.778376,0.785457,0.795626,0.774019,0.521873,0.812095,0.660894,0.376994,0.745799,0.761389,0.300002,0.779634,0.851047,0.776844,0.348981,0.857662,0.786494,0.502980,0.858934,0.792479,0.692432,0.788859,0.762920,0.800615,0.660487,0.783355,0.855387,0.840512,0.718767,0.832451,0.335281,0.117463,0.574211,0.687552,0.494816,0.748395,0.758233,0.476113,0.786018,0.718545,0.707882,0.738678,0.398354,0.693446,0.824809,0.743516,0.856284,0.818948,0.758069,0.826544,0.710377,0.802226,0.723338,0.790376,0.702374,0.547113,0.674744,0.866009,0.626088,0.776297,0.829126,0.707222,0.756450,0.845287,0.784325,0.751768,0.690669,0.781507,0.823277,0.898052,0.719882,0.807152,0.831952,0.564582,0.804406,0.743445,0.719743,0.840409,0.801215,0.781413,0.777452,0.789107,0.891442,0.764793,0.752918,0.826669,0.782059,0.777383,0.694364,0.781068,0.812095,0.769595,0.360969,0.834887,0.542199,0.653203,0.847134,0.725219,0.360054,0.720766,0.803038,0.481599,0.762256,0.743811,0.786252,0.881423,0.731540,0.693631,0.781764,0.836086,0.834686,0.664045,0.735422,0.810766,0.909636,0.803740,0.704284,0.714694,0.787752,0.660026,0.295895,0.782118,0.801823,0.821620,0.766450,0.884889,0.837656,0.750399,0.807268,0.885467,0.876218,0.707715,0.742779,0.687798,0.371537,0.653268,0.797961,0.775972,0.655839,0.764859,0.735195,0.838250,0.688640,0.785634,0.338203,0.698302,0.699792,0.757582,0.775950,0.680423,0.765102,0.742847,0.825896,0.809117,0.854283,0.706009,0.824934,0.785168,0.621651,0.705083,0.804632,0.776824,0.583783,0.755489
0.582809,0.415194,0.429333,0.578690,0.343932,0.399165,0.441568,0.431213,0.571033,0.332135,0.490113,0.405302,0.622990,0.417601,0.592614,0.362224,0.329023,0.570966,0.368039,0.725852,0.403596,0.501903,0.406760,0.388542,0.407352,0.422443,0.483966,0.446524,0.427996,0.506955,0.725749,0.519077,0.667717,0.670857,0.423667,0.478491,0.477844,0.394237,0.506235,0.368979,0.439528,0.657993,0.700676,0.716208,0.638947,0.681272,0.413850,0.494614,0.486194,0.427114,0.537696,0.769543,0.640253,0.743219,0.344025,0.672002,0.479584,0.362052,0.604734,0.515586,0.649033,0.451868,0.717447,0.616268,0.484720,0.352209,0.429378,0.633734,0.575280,0.754092,0.678065,0.672675,0.468139,0.444648,0.712050,0.634307,0.378328,0.414957,0.397527,0.517661,0.738997,0.371697,0.516574,0.712939,0.378813,0.544465,0.509305,0.385088,0.694326,0.448456,0.527809,0.358917,0.352541,0.369279,0.708340,0.551057,0.696036,0.686045,0.542183,0.425106,0.419066,0.662021,0.278814,0.399214,0.734257,0.299330,0.723108,0.270978,0.407411,0.519436,0.777114,0.475104,0.369373,0.319282,0.398275,0.517779,0.814795,0.751095,0.418762,0.345592,0.391112,0.501238,0.438621,0.743147,0.381663,0.448520,0.488361,0.479192,0.576265,0.173796,0.414583,0.576582,0.548617,0.304369,0.519502,0.344889,0.635862,0.627541,0.637555,0.408324,0.592619,0.730417,0.406270,0.470318,0.539428,0.672945,0.493109,0.640551,0.805238,0.784731,0.386643,0.698191,0.422984,0.446175,0.504533,0.393876,0.315516,0.764814,0.521696,0.477520,0.746927,0.505681,0.474573,0.412308,0.562876,0.534827,0.430553,0.687725,0.335495,0.518784,0.604080,0.536250,0.773852,0.483803,0.659865,0.439317,0.824546,0.631069,0.466444,0.583374,0.642856,0.772921,0.470304,0.463405,0.456533,0.728431,0.650872,0.504105,0.801510,0.546693,0.449895,0.374635,0.748988,0.717273,0.619321,0.397309,0.390164,0.491512,0.714828,0.630061,0.714462,0.665831,0.673845,0.374140,0.754922,0.546114,0.742358,0.494754,0.593083,0.717705,0.728557,0.577573,0.653587,0.726504,0.688622,0.448735,0.551249,0.839978,0.528370,0.741503,0.711390,0.543581,0.691529,0.365268,0.498834,0.417461,0.452304,0.820399,0.603635,0.652589,0.674972,0.628520,0.394134,0.570571,0.581208,0.507357,0.534028,0.653184,0.629897,0.518565,0.405696,0.538470,0.749966,0.472289,0.424073,0.652858,0.578668,0.388028,0.740528,0.297838,0.458905,0.557609,0.473017,0.603161,0.682938,0.485607,0.759488,0.651198,0.519808,0.694365,0.799254,0.719823,0.488677,0.387616,0.791437,0.388987,0.424582,0.492442,0.680863,0.371951,0.432301,0.261255,0.520047,0.770297,0.771268,0.531470,0.662353,0.446297,0.482667,0.388903,0.827978,0.614752,0.780383,0.426489,0.478520,0.496507,0.712951,0.405619,0.439782,0.722959,0.668610,0.726116,0.769631,0.533285,0.551795,0.372795,0.581432,0.794097,0.490518,0.509581,0.434569,0.618418,0.543928,0.362775,0.622232,0.633567,0.573270,0.609679,0.408818,0.787061,0.430348,0.327731,0.433368,0.507213,0.704257,0.706455,0.609956,0.399948,0.508289,0.666825,0.475422,0.763159,0.546386,0.412873,0.708513,0.753517,0.634164,0.243295,0.698701,0.611443,0.745994,0.745468,0.697229,0.415844,0.666217,0.528035,0.778376,0.000000,0.791414,0.591402,0.582183,0.742915,0.683348,0.677449,0.774929,0.686653,0.345149,0.797073,0.510536,0.806041,0.826954,0.746145,0.670415,0.551894,0.607746,0.751488,0.795888,0.345683,0.569239,0.739544,0.659405,0.558953,0.661063,0.289207,0.611333,0.424700,0.728927,0.702361,0.757919,0.700153,0.704896,0.774571,0.569952,0.457600,0.801436,0.508014,0.672480,0.425736,0.523450,0.698828,0.413691,0.499716,0.746404,0.305429,0.583331,0.601868,0.482392,0.718142,0.814363,0.436073,0.758617,0.367492,0.849815,0.319114,0.626274,0.698922,0.472128,0.618037,0.499374,0.476635,0.712151,0.491568,0.416265,0.514041,0.361069,0.658330,0.610045,0.375416,0.515911,0.706315,0.714189,0.655909,0.734600,0.476179,0.520841,0.650099,0.560694,0.468647,0.728130,0.818297,0.689538,0.666145,0.819454,0.667642,0.505678,0.433003,0.686161,0.675649,0.507957,0.805362,0.742905,0.743971,0.856521,0.676909,0.314684,0.734135,0.723317,0.656448,0.738443,0.707419,0.660355,0.732415,0.645493,0.581558,0.785017,0.679796,0.691866,0.645872,0.497346,0.694652,0.630453,0.737441,0.616000,0.441509,0.645499,0.569080,0.670823,0.881295,0.786014,0.794282,0.582367,0.576192,0.598773,0.761894,0.820778,0.529914,0.799067,0.628928,0.777091,0.461812,0.622451,0.780867,0.719087,0.625348,0.554118,0.810970,0.635700,0.589140,0.654035,0.708616,0.742534,0.814668,0.547713,0.608068,0.452197,0.641294,0.568003,0.580849,0.843303,0.650246,0.680100,0.642088,0.717015,0.485186,0.829585,0.461724,0.762012,0.582323,0.508174,0.693752,0.625542
0.582933,0.698514,0.633970,0.686656,0.717488,0.714040,0.651100,0.705158,0.667301,0.753298,0.657106,0.689999,0.743954,0.769688,0.739830,0.700774,0.770951,0.692382,0.716752,0.641427,0.646402,0.723154,0.722925,0.814318,0.725686,0.643439,0.745226,0.778717,0.713932,0.779123,0.729116,0.705899,0.753498,0.732480,0.807019,0.747725,0.712846,0.719838,0.682738,0.781698,0.775079,0.712438,0.646783,0.551909,0.662830,0.757592,0.675726,0.774559,0.792601,0.783644,0.692053,0.714144,0.754490,0.751224,0.755959,0.785417,0.777786,0.795449,0.722710,0.735911,0.734307,0.736383,0.749585,0.651799,0.790109,0.770424,0.730673,0.800914,0.737185,0.652110,0.663523,0.753298,0.754508,0.760844,0.734090,0.784045,0.810636,0.804644,0.792080,0.726943,0.683754,0.797174,0.768049,0.784627,0.747741,0.755959,0.811398,0.769641,0.766643,0.700980,0.772949,0.761518,0.807591,0.759108,0.792035,0.834915,0.722662,0.788386,0.762903,0.758987,0.733729,0.725959,0.816830,0.748781,0.715815,0.761928,0.773799,0.774575,0.769027,0.757244,0.796946,0.753948,0.659301,0.767351,0.747292,0.741662,0.789342,0.663670,0.795640,0.769095,0.773699,0.786387,0.734211,0.760942,0.778728,0.828220,0.744905,0.783779,0.734667,0.758452,0.705561,0.672210,0.707283,0.784992,0.757381,0.783009,0.797742,0.803897,0.702986,0.763125,0.796848,0.827741,0.823598,0.773380,0.745697,0.759400,0.750655,0.705456,0.640128,0.684333,0.806770,0.738231,0.763774,0.737597,0.722190,0.778227,0.786377,0.724985,0.780462,0.743431,0.527559,0.785137,0.821737,0.801819,0.781328,0.796413,0.757040,0.805195,0.813944,0.858797,0.769342,0.748516,0.757979,0.716040,0.770146,0.785191,0.764546,0.762819,0.817313,0.780846,0.756533,0.710361,0.715248,0.782092,0.776500,0.764506,0.831103,0.728160,0.778061,0.772367,0.763840,0.842068,0.845641,0.688933,0.707513,0.764574,0.757623,0.840857,0.684157,0.753976,0.832974,0.798762,0.780739,0.820480,0.789184,0.759910,0.393071,0.831307,0.816478,0.709323,0.811957,0.857960,0.810883,0.851323,0.766097,0.819401,0.737753,0.779771,0.808542,0.789275,0.794636,0.726503,0.808280,0.735698,0.851313,0.836812,0.822437,0.811543,0.798463,0.719328,0.791192,0.758644,0.782830,0.769233,0.793560,0.796144,0.779502,0.848905,0.765893,0.733974,0.804999,0.813285,0.726141,0.781488,0.746233,0.770838,0.774619,0.743125,0.738971,0.732521,0.739032,0.778187,0.708256,0.718551,0.805556,0.755380,0.639778,0.794076,0.787664,0.746328,0.768452,0.794986,0.758423,0.792520,0.701516,0.753071,0.851838,0.801124,0.776386,0.729613,0.853768,0.786064,0.788255,0.635555,0.598668,0.794712,0.769268,0.823033,0.788848,0.760466,0.679207,0.855928,0.780532,0.852190,0.795280,0.707678,0.814298,0.787495,0.798403,0.793661,0.811916,0.747248,0.803831,0.738142,0.818722,0.761686,0.802703,0.665781,0.753762,0.756182,0.815835,0.752905,0.814212,0.747433,0.804941,0.782654,0.828771,0.758365,0.749926,0.719052,0.759182,0.844188,0.775072,0.681805,0.696485,0.741165,0.738327,0.838267,0.852512,0.805401,0.778864,0.726635,0.762205,0.736312,0.713742,0.722814,0.804828,0.749390,0.819483,0.785794,0.770140,0.760942,0.740440,0.806683,0.798218,0.733299,0.785457,0.791414,0.000000,0.779351,0.709764,0.798486,0.743288,0.805939,0.766675,0.771927,0.803475,0.791792,0.732750,0.688835,0.750485,0.750707,0.764367,0.752129,0.758926,0.748539,0.761868,0.804043,0.775319,0.741074,0.760715,0.754343,0.791262,0.860065,0.775766,0.740242,0.609038,0.794004,0.795620,0.781645,0.723802,0.735052,0.868365,0.766058,0.753575,0.795420,0.736640,0.780166,0.796721,0.823309,0.832589,0.739533,0.711602,0.733184,0.754403,0.753888,0.809457,0.735030,0.710090,0.766269,0.762058,0.764423,0.833101,0.846528,0.703723,0.796687,0.695922,0.757860,0.755336,0.761779,0.701583,0.835397,0.788595,0.828770,0.751370,0.723070,0.771403,0.833251,0.777346,0.614445,0.766465,0.789864,0.735278,0.772087,0.826801,0.751140,0.771312,0.690115,0.758249,0.657031,0.739237,0.660855,0.442822,0.754079,0.785096,0.774922,0.731178,0.738397,0.822759,0.785689,0.712884,0.748977,0.779272,0.751944,0.806585,0.787936,0.751793,0.751636,0.886657,0.755238,0.754796,0.716585,0.715504,0.807498,0.858999,0.758602,0.793289,0.797278,0.732991,0.768996,0.821098,0.697129,0.822098,0.772563,0.865554,0.850243,0.815685,0.710447,0.805236,0.759431,0.818123,0.747373,0.745895,0.619590,0.727693,0.792792,0.625577,0.775245,0.773290,0.742506,0.821874,0.832586,0.857648,0.843528,0.829919,0.766849,0.754753,0.832399,0.796139,0.836675,0.762621,0.740074,0.818768,0.814289,0.842964,0.737230,0.857292,0.783241,0.711967,0.713945,0.771853,0.700720,0.828953,0.786601,0.754170,0.840565,0.749285,0.821119,0.783370,0.809071,0.768972
0.583030,0.569576,0.367955,0.546704,0.411625,0.613115,0.686978,0.385051,0.675182,0.524791,0.710897,0.550091,0.719017,0.507273,0.674602,0.458206,0.435115,0.693354,0.447473,0.750498,0.575712,0.547233,0.593659,0.505419,0.500390,0.506797,0.606462,0.448878,0.399565,0.476094,0.786675,0.512367,0.700103,0.766522,0.450176,0.729661,0.640044,0.555247,0.704496,0.495802,0.458467,0.833467,0.725368,0.607581,0.801020,0.641652,0.542833,0.512295,0.462040,0.745678,0.508282,0.821916,0.726336,0.750463,0.503894,0.664108,0.491332,0.476090,0.602316,0.601009,0.676518,0.510818,0.724957,0.760910,0.538296,0.486664,0.370704,0.634642,0.770785,0.759330,0.727326,0.702503,0.704012,0.606201,0.792252,0.842945,0.560123,0.536946,0.535396,0.590987,0.789947,0.532111,0.526135,0.780675,0.321669,0.811620,0.553346,0.348069,0.730080,0.568462,0.802901,0.413546,0.537720,0.465603,0.768407,0.808931,0.793911,0.690721,0.512345,0.712797,0.497432,0.739349,0.462016,0.453455,0.806097,0.520179,0.705565,0.550283,0.366271,0.687268,0.838950,0.354040,0.657765,0.674842,0.426563,0.398440,0.742471,0.819999,0.583749,0.512274,0.542939,0.329703,0.363722,0.694007,0.669199,0.568190,0.489870,0.669656,0.776070,0.621696,0.354848,0.721450,0.660714,0.559122,0.670554,0.350632,0.691589,0.765712,0.871724,0.683056,0.811830,0.745885,0.420041,0.796295,0.445626,0.735480,0.614087,0.707386,0.878228,0.739487,0.347816,0.775910,0.389666,0.196281,0.539043,0.537424,0.676437,0.821266,0.550846,0.722990,0.774830,0.494006,0.532935,0.344783,0.586890,0.728687,0.368076,0.754658,0.492055,0.596837,0.700342,0.495890,0.762007,0.668222,0.740671,0.683519,0.821600,0.573163,0.521122,0.773171,0.559474,0.774303,0.692405,0.569657,0.202774,0.818256,0.713605,0.698874,0.824730,0.695446,0.530955,0.472528,0.842101,0.820322,0.613813,0.422790,0.486533,0.571556,0.864866,0.552717,0.712055,0.765272,0.716946,0.354588,0.879681,0.701334,0.792229,0.604428,0.651401,0.726870,0.827918,0.566814,0.676241,0.722435,0.695598,0.339712,0.437098,0.859596,0.517089,0.698664,0.758552,0.555939,0.712672,0.493687,0.479546,0.488389,0.366971,0.819509,0.595534,0.702150,0.842223,0.688178,0.398045,0.611158,0.520676,0.573020,0.785918,0.630806,0.696197,0.420724,0.389118,0.435517,0.689550,0.724720,0.509893,0.775819,0.863675,0.423397,0.655832,0.538432,0.592655,0.678870,0.714364,0.688874,0.736890,0.390527,0.768158,0.758673,0.576712,0.712123,0.818961,0.809298,0.397070,0.610405,0.766289,0.408576,0.475993,0.529864,0.715092,0.471192,0.755913,0.505567,0.492042,0.767250,0.803939,0.418011,0.770104,0.572071,0.456848,0.409683,0.792091,0.584616,0.698842,0.351101,0.668428,0.438868,0.760813,0.701512,0.507313,0.782078,0.824905,0.813210,0.820398,0.562944,0.713694,0.506949,0.748062,0.800486,0.468674,0.414647,0.479437,0.709271,0.727099,0.591772,0.536440,0.748974,0.716045,0.525668,0.510301,0.779058,0.382052,0.760701,0.474352,0.557929,0.765067,0.657245,0.617424,0.425818,0.436538,0.803639,0.539098,0.835391,0.891580,0.548126,0.823325,0.772980,0.687808,0.472206,0.841766,0.709789,0.685829,0.678596,0.783074,0.413174,0.799435,0.709268,0.795626,0.591402,0.779351,0.000000,0.397875,0.933682,0.600565,0.781834,0.687588,0.793139,0.565521,0.764438,0.467421,0.874909,0.845944,0.784374,0.725511,0.798430,0.670004,0.835258,0.858795,0.676409,0.612418,0.788645,0.794646,0.571180,0.615622,0.721955,0.859122,0.451111,0.754471,0.788773,0.831439,0.771406,0.570399,0.759368,0.508342,0.345291,0.844227,0.767372,0.753269,0.424664,0.411719,0.746823,0.355619,0.600256,0.770233,0.669156,0.565663,0.700721,0.541713,0.638094,0.760723,0.399691,0.719234,0.703080,0.824939,0.478594,0.687935,0.717957,0.401471,0.802364,0.811921,0.496087,0.874986,0.790575,0.455443,0.712194,0.461091,0.871880,0.800406,0.445325,0.764726,0.768704,0.806428,0.758899,0.831077,0.412400,0.699920,0.725211,0.679352,0.568911,0.826648,0.838433,0.804240,0.745289,0.799797,0.754041,0.411049,0.499351,0.828022,0.724935,0.455118,0.857859,0.733848,0.581352,0.862034,0.847346,0.589556,0.744304,0.822766,0.672060,0.730234,0.858293,0.657062,0.701676,0.718807,0.695947,0.688391,0.605481,0.675050,0.553554,0.549138,0.715868,0.513608,0.794541,0.874306,0.774269,0.656763,0.716854,0.508054,0.868112,0.788875,0.849820,0.730312,0.415231,0.617104,0.774989,0.877871,0.806439,0.845087,0.652964,0.808748,0.480296,0.620703,0.780809,0.813265,0.680109,0.600394,0.909964,0.694805,0.645889,0.736932,0.674936,0.737772,0.826111,0.764597,0.691798,0.562390,0.506041,0.556302,0.445455,0.736690,0.633023,0.817361,0.620933,0.675692,0.695619,0.846288,0.558191,0.785415,0.510564,0.606019,0.817961,0.645614
0.583143,0.567799,0.353894,0.522466,0.372330,0.586928,0.660509,0.361833,0.656697,0.527825,0.674208,0.542292,0.584047,0.576029,0.563606,0.451101,0.393473,0.607317,0.367464,0.696935,0.574785,0.510135,0.566792,0.496571,0.481701,0.527272,0.522103,0.390024,0.327047,0.509708,0.756392,0.477151,0.666674,0.680690,0.407843,0.717812,0.626610,0.579518,0.740407,0.490895,0.344389,0.759889,0.662606,0.542177,0.767143,0.606573,0.518637,0.460329,0.352484,0.739850,0.459236,0.787277,0.657591,0.721744,0.470732,0.551365,0.385682,0.404331,0.632674,0.655191,0.586965,0.468533,0.637955,0.706852,0.479302,0.457066,0.308809,0.590348,0.679262,0.740392,0.655740,0.625416,0.733952,0.590148,0.680923,0.817209,0.577900,0.446703,0.474107,0.685068,0.801967,0.558806,0.476128,0.724454,0.341208,0.761056,0.556589,0.325488,0.688567,0.624853,0.702088,0.413541,0.519333,0.423279,0.703081,0.755555,0.761927,0.613611,0.542118,0.690269,0.435506,0.627507,0.466539,0.420347,0.622492,0.497043,0.720076,0.485947,0.361507,0.685256,0.839371,0.315001,0.656288,0.598670,0.320524,0.395729,0.755849,0.791405,0.599341,0.487823,0.497779,0.363893,0.303680,0.643839,0.590805,0.556818,0.450485,0.629901,0.652886,0.642340,0.335078,0.705261,0.662955,0.471373,0.658016,0.325360,0.641990,0.724896,0.756742,0.590619,0.734161,0.688650,0.394428,0.712383,0.435492,0.668570,0.542017,0.608980,0.816461,0.666162,0.323483,0.625537,0.343227,0.292552,0.517310,0.507971,0.669832,0.833053,0.486688,0.672118,0.699852,0.487708,0.561820,0.337538,0.611943,0.685109,0.310249,0.789792,0.409406,0.509664,0.671118,0.415957,0.713707,0.673097,0.587566,0.602368,0.805554,0.562776,0.496874,0.754164,0.668629,0.720131,0.660117,0.526693,0.314392,0.777906,0.613536,0.645200,0.858892,0.703621,0.425018,0.461476,0.689915,0.792808,0.548133,0.359582,0.462170,0.514361,0.777469,0.530179,0.693238,0.757988,0.736233,0.380227,0.826142,0.687804,0.706343,0.541919,0.569877,0.592723,0.771449,0.523235,0.630551,0.710248,0.691073,0.363989,0.444727,0.860731,0.543797,0.666330,0.707870,0.507936,0.600707,0.454849,0.466151,0.464475,0.355428,0.775904,0.480770,0.696681,0.823565,0.611840,0.369377,0.523766,0.494684,0.485118,0.726564,0.662569,0.641283,0.382432,0.318525,0.405467,0.746465,0.637340,0.486026,0.687451,0.765393,0.366178,0.688720,0.504183,0.501505,0.565107,0.661202,0.601218,0.637310,0.320946,0.714166,0.675127,0.518324,0.712183,0.760076,0.770317,0.429211,0.595582,0.670845,0.422186,0.458199,0.583984,0.642351,0.551422,0.730408,0.489413,0.443160,0.746765,0.730767,0.408907,0.750415,0.497389,0.397438,0.384505,0.712288,0.609415,0.653983,0.343889,0.682744,0.427825,0.699605,0.673629,0.469454,0.647536,0.784620,0.778279,0.774833,0.607155,0.629701,0.495188,0.666099,0.734891,0.458685,0.440106,0.507822,0.608952,0.600418,0.603160,0.600002,0.653917,0.646639,0.457411,0.489657,0.731824,0.336290,0.716031,0.432725,0.573671,0.719000,0.611019,0.550063,0.452706,0.372094,0.745940,0.569542,0.760282,0.836176,0.546403,0.767129,0.750672,0.667640,0.436775,0.802291,0.555584,0.687564,0.615021,0.745138,0.423260,0.734598,0.666993,0.774019,0.582183,0.709764,0.397875,0.000000,0.866851,0.611478,0.641043,0.687165,0.798986,0.583223,0.699396,0.431312,0.786999,0.797037,0.690382,0.689865,0.702538,0.607849,0.796211,0.779900,0.589263,0.589650,0.729758,0.831599,0.549331,0.592508,0.702172,0.794714,0.385236,0.713079,0.748320,0.787460,0.637542,0.586031,0.744676,0.497508,0.343476,0.835422,0.793549,0.651879,0.393523,0.399988,0.720039,0.342135,0.575535,0.752751,0.661690,0.480839,0.704592,0.529345,0.634157,0.732150,0.406148,0.661692,0.631131,0.747062,0.453549,0.706909,0.626763,0.428319,0.686118,0.738017,0.446101,0.775966,0.705172,0.455123,0.628287,0.437493,0.818612,0.785691,0.411584,0.818414,0.721957,0.711213,0.755210,0.707413,0.373741,0.673792,0.702452,0.615644,0.537696,0.713939,0.812201,0.811643,0.663397,0.724390,0.719117,0.368183,0.427697,0.796394,0.647318,0.348491,0.726511,0.724738,0.595447,0.767248,0.794431,0.604490,0.704519,0.742078,0.721915,0.639454,0.720696,0.590093,0.763526,0.718904,0.650870,0.657341,0.655209,0.616642,0.570257,0.511495,0.641718,0.483864,0.707518,0.776881,0.710509,0.619030,0.620331,0.512677,0.796812,0.726866,0.808078,0.726173,0.328785,0.636240,0.780223,0.806991,0.762613,0.807570,0.682194,0.728008,0.424442,0.602061,0.749665,0.717504,0.603767,0.539335,0.849141,0.639083,0.670553,0.751872,0.602484,0.671908,0.781077,0.685900,0.639630,0.510466,0.481379,0.518396,0.448080,0.636121,0.595394,0.844401,0.687989,0.641427,0.672369,0.842096,0.508500,0.685277,0.463831,0.604096,0.719642,0.588312
0.583337,0.688247,0.815745,0.752824,0.832688,0.756703,0.675390,0.784259,0.766914,0.758734,0.689552,0.816312,0.575314,0.816584,0.624291,0.756544,0.785424,0.549733,0.763074,0.659938,0.700384,0.705311,0.737493,0.806626,0.784028,0.820709,0.737409,0.699365,0.812034,0.684585,0.512211,0.824114,0.549145,0.565572,0.680272,0.683624,0.809234,0.766734,0.680527,0.745824,0.835760,0.473222,0.578722,0.752099,0.766146,0.800014,0.741450,0.891094,0.769068,0.768933,0.782658,0.482144,0.597519,0.519824,0.807881,0.828303,0.794904,0.825804,0.895151,0.736528,0.624032,0.846616,0.529804,0.414225,0.757832,0.712751,0.858325,0.608535,0.730725,0.549883,0.715748,0.634163,0.686190,0.788470,0.623226,0.574064,0.739948,0.707468,0.827607,0.748104,0.681648,0.789943,0.758102,0.486086,0.833821,0.690694,0.782494,0.857060,0.670234,0.658168,0.714452,0.769760,0.788969,0.757055,0.717039,0.678220,0.634214,0.626933,0.786854,0.731481,0.780235,0.746108,0.825642,0.795500,0.610741,0.803951,0.521728,0.763541,0.749778,0.726322,0.393286,0.846159,0.717797,0.795328,0.806249,0.832096,0.561654,0.798387,0.720745,0.766109,0.771157,0.858045,0.853849,0.847328,0.733245,0.681542,0.745018,0.599816,0.729431,0.772323,0.860728,0.683608,0.729610,0.773615,0.835782,0.845397,0.712027,0.676937,0.481347,0.645659,0.753904,0.521619,0.791696,0.643636,0.875098,0.635633,0.650887,0.777677,0.651830,0.790651,0.831980,0.646857,0.830301,0.887594,0.781460,0.866937,0.759403,0.686622,0.803655,0.658707,0.772163,0.734518,0.837029,0.827284,0.778893,0.539751,0.862575,0.771111,0.843194,0.810653,0.760545,0.803567,0.557396,0.723150,0.614562,0.527787,0.500962,0.779350,0.827152,0.689857,0.848479,0.740592,0.639936,0.779827,0.897732,0.473839,0.656380,0.664981,0.576813,0.737725,0.821112,0.765490,0.624222,0.695986,0.773483,0.814055,0.814121,0.698605,0.655517,0.797056,0.538451,0.482809,0.636625,0.832156,0.378325,0.609988,0.758831,0.732146,0.818598,0.627906,0.514473,0.725593,0.616718,0.778547,0.838859,0.869620,0.775370,0.468860,0.774940,0.632183,0.660394,0.901685,0.669475,0.747178,0.871820,0.841921,0.813177,0.463670,0.764091,0.819520,0.627500,0.747639,0.907962,0.776266,0.900025,0.816345,0.650521,0.884631,0.850089,0.837218,0.802513,0.851619,0.725486,0.808930,0.807195,0.659687,0.502565,0.828219,0.769309,0.761961,0.788356,0.799243,0.701165,0.716199,0.641746,0.888212,0.739315,0.778858,0.842438,0.893217,0.423241,0.677408,0.859071,0.817686,0.599617,0.849904,0.722137,0.889153,0.754768,0.887300,0.658123,0.860636,0.825979,0.870086,0.752156,0.830361,0.591938,0.814326,0.914454,0.794227,0.745482,0.866646,0.859925,0.833870,0.733834,0.800653,0.656152,0.744572,0.790696,0.639773,0.613504,0.753786,0.654928,0.843513,0.705945,0.838934,0.640763,0.807949,0.820956,0.847484,0.812161,0.763046,0.700222,0.777662,0.859266,0.677340,0.787675,0.838800,0.812143,0.825904,0.842036,0.727455,0.764919,0.771893,0.798394,0.687771,0.826813,0.787645,0.805192,0.666344,0.745204,0.755671,0.580870,0.749883,0.731125,0.446742,0.743086,0.810682,0.557485,0.787083,0.847298,0.805051,0.555292,0.814035,0.612771,0.750345,0.521873,0.742915,0.798486,0.933682,0.866851,0.000000,0.859290,0.776797,0.596335,0.667872,0.804614,0.482104,0.832166,0.756818,0.736865,0.523880,0.821012,0.695422,0.713996,0.719126,0.801158,0.560218,0.797097,0.772284,0.754938,0.787345,0.797521,0.781873,0.705368,0.864577,0.801984,0.612656,0.542777,0.555784,0.745406,0.600565,0.824390,0.909189,0.520274,0.737000,0.768691,0.825562,0.863156,0.494709,0.840798,0.696694,0.694361,0.723793,0.794653,0.823525,0.839607,0.800360,0.823622,0.850084,0.831523,0.691183,0.579454,0.761336,0.691945,0.798207,0.861290,0.710849,0.774960,0.775178,0.758809,0.746220,0.751236,0.779028,0.879553,0.421154,0.745911,0.798824,0.583239,0.685114,0.620842,0.746314,0.737151,0.846032,0.691069,0.760831,0.830688,0.703877,0.663800,0.794177,0.521716,0.736709,0.820619,0.741122,0.914016,0.771185,0.698409,0.741362,0.916647,0.579447,0.870553,0.703994,0.600129,0.692467,0.686753,0.570436,0.738873,0.845441,0.617023,0.686253,0.805118,0.726077,0.796486,0.690531,0.768883,0.838430,0.910487,0.865879,0.802072,0.740923,0.834806,0.755195,0.732359,0.420358,0.752951,0.836199,0.759720,0.436729,0.760797,0.683684,0.681902,0.922357,0.821899,0.787140,0.526116,0.727503,0.785611,0.847087,0.699917,0.815878,0.759608,0.478190,0.667246,0.795673,0.867863,0.619150,0.752467,0.846200,0.767386,0.779295,0.834741,0.527488,0.627792,0.729717,0.826512,0.876534,0.839725,0.901534,0.780741,0.925454,0.693769,0.805503,0.817116,0.727846,0.800186,0.778830,0.687802,0.919441,0.831547,0.624548,0.867688
0.583341,0.664101,0.558613,0.619680,0.579749,0.587737,0.581086,0.562099,0.520408,0.569652,0.602932,0.617083,0.666680,0.567135,0.652174,0.564740,0.520502,0.746868,0.530260,0.634888,0.584656,0.699091,0.524996,0.581311,0.427078,0.621722,0.605003,0.602056,0.546948,0.552689,0.772322,0.604334,0.717233,0.832953,0.591700,0.643002,0.592689,0.666552,0.619227,0.612587,0.632451,0.725225,0.758065,0.618500,0.677715,0.634235,0.629054,0.660263,0.623928,0.588637,0.677046,0.759346,0.730433,0.801327,0.556995,0.679269,0.608756,0.591550,0.624403,0.541577,0.714862,0.597076,0.722470,0.770392,0.595156,0.486076,0.601543,0.631251,0.751876,0.748765,0.680714,0.717389,0.672425,0.733769,0.747656,0.722487,0.588989,0.601482,0.639596,0.648196,0.719257,0.654892,0.584636,0.786254,0.592107,0.729139,0.724536,0.543322,0.795673,0.628135,0.708337,0.609863,0.725163,0.494858,0.768523,0.718932,0.786441,0.704004,0.651305,0.648372,0.617388,0.742746,0.599535,0.677576,0.813971,0.645363,0.738386,0.631119,0.611781,0.568860,0.851121,0.617514,0.721386,0.656834,0.608440,0.573403,0.783534,0.777957,0.626098,0.502915,0.599279,0.562162,0.611424,0.703348,0.617350,0.579887,0.640461,0.602907,0.750911,0.663910,0.572643,0.745701,0.732522,0.625781,0.630639,0.577481,0.708450,0.710156,0.847840,0.609647,0.719244,0.772830,0.603433,0.721929,0.612647,0.702712,0.686761,0.755480,0.770833,0.787930,0.570376,0.744003,0.591644,0.573428,0.594632,0.540583,0.640346,0.702738,0.643590,0.763860,0.714938,0.570059,0.620044,0.538537,0.614113,0.608448,0.545928,0.675968,0.616155,0.638010,0.676933,0.663747,0.751806,0.713822,0.680847,0.720896,0.787666,0.634752,0.576444,0.722613,0.687652,0.798154,0.806573,0.649076,0.545792,0.825585,0.752391,0.737291,0.779037,0.660361,0.655619,0.624215,0.713247,0.704352,0.707529,0.548184,0.668596,0.624146,0.703251,0.537846,0.770640,0.786687,0.788020,0.551505,0.815351,0.595440,0.717510,0.599291,0.659692,0.681203,0.811731,0.653418,0.742668,0.786702,0.743476,0.610247,0.634333,0.854067,0.613413,0.724578,0.845915,0.562794,0.724931,0.605989,0.666966,0.606953,0.594590,0.768320,0.648721,0.713164,0.713764,0.680309,0.618820,0.689676,0.634975,0.620734,0.692072,0.705942,0.720140,0.604482,0.588959,0.614260,0.659024,0.760382,0.594536,0.761271,0.789503,0.576313,0.689794,0.646993,0.670512,0.704253,0.834606,0.708777,0.711642,0.582977,0.709416,0.753532,0.680462,0.714811,0.797479,0.857489,0.651653,0.750104,0.737378,0.586258,0.627471,0.667949,0.772588,0.634880,0.649460,0.554257,0.543356,0.673665,0.722907,0.632045,0.634811,0.665378,0.585702,0.609953,0.750406,0.711612,0.732890,0.592913,0.682076,0.668850,0.832474,0.726125,0.634368,0.739896,0.817103,0.858584,0.840250,0.643859,0.742338,0.616440,0.793284,0.781175,0.540402,0.540179,0.633717,0.673447,0.743573,0.692642,0.566404,0.748862,0.766312,0.625990,0.579216,0.740705,0.606186,0.699429,0.609677,0.555528,0.727267,0.692397,0.680237,0.597666,0.630207,0.837481,0.581725,0.723957,0.722192,0.549215,0.762988,0.812588,0.802516,0.680903,0.837925,0.705897,0.708822,0.657309,0.785921,0.616772,0.752591,0.627394,0.812095,0.683348,0.743288,0.600565,0.611478,0.859290,0.000000,0.769878,0.765117,0.766923,0.696829,0.761017,0.621767,0.836029,0.778225,0.799078,0.613323,0.782314,0.724813,0.799531,0.784913,0.720606,0.604842,0.811866,0.791654,0.701382,0.690281,0.658749,0.689788,0.593674,0.747825,0.817158,0.816180,0.752031,0.589763,0.733770,0.646884,0.631683,0.857452,0.666333,0.746521,0.627412,0.655915,0.763423,0.592932,0.635065,0.754911,0.780548,0.614773,0.685725,0.669704,0.779294,0.752021,0.650703,0.769450,0.810698,0.787336,0.627419,0.690166,0.818486,0.582442,0.775668,0.748960,0.604583,0.768464,0.773379,0.497377,0.745524,0.578378,0.769777,0.813006,0.595563,0.727931,0.737518,0.785099,0.647666,0.744986,0.658706,0.636082,0.582102,0.692420,0.546099,0.777547,0.833463,0.731858,0.733417,0.839298,0.661464,0.635526,0.693682,0.727989,0.700494,0.675499,0.810686,0.800104,0.675362,0.899402,0.799303,0.630405,0.812535,0.817496,0.730313,0.696067,0.696082,0.770340,0.603134,0.766406,0.633044,0.806402,0.679511,0.702189,0.588848,0.717663,0.653627,0.606392,0.718366,0.806331,0.822302,0.740238,0.768514,0.593154,0.838889,0.764189,0.688302,0.707323,0.600282,0.691238,0.688970,0.734407,0.786436,0.819828,0.668866,0.728314,0.648010,0.624559,0.782692,0.848104,0.669421,0.743209,0.784199,0.792657,0.806095,0.735800,0.760626,0.685394,0.895240,0.741444,0.656346,0.697074,0.714382,0.649045,0.631157,0.766707,0.706757,0.731921,0.735154,0.778209,0.730849,0.753251,0.642099,0.733953,0.655978,0.545685,0.885955,0.722704
0.583509,0.542324,0.592936,0.618892,0.629355,0.566698,0.613890,0.650097,0.644968,0.524752,0.610677,0.579067,0.334161,0.553035,0.287908,0.534697,0.571402,0.657118,0.521966,0.704034,0.515309,0.633120,0.612906,0.592358,0.614758,0.635698,0.565911,0.572827,0.588615,0.576303,0.738125,0.589694,0.593490,0.534509,0.599169,0.610004,0.568711,0.588060,0.654477,0.632302,0.537301,0.623760,0.672145,0.732770,0.700719,0.606842,0.682332,0.659502,0.487033,0.563635,0.588313,0.603037,0.459243,0.650794,0.593945,0.495114,0.600742,0.566117,0.607001,0.666002,0.479838,0.639534,0.572140,0.682657,0.618802,0.542104,0.627492,0.546921,0.442961,0.724689,0.586578,0.474893,0.663394,0.641137,0.529858,0.566353,0.587315,0.594856,0.625414,0.722674,0.856235,0.614547,0.575149,0.628861,0.692723,0.609256,0.703550,0.622553,0.584706,0.651742,0.503757,0.655256,0.677097,0.568125,0.527681,0.601769,0.547167,0.480886,0.667865,0.662204,0.587794,0.505383,0.586325,0.634112,0.572522,0.578361,0.596808,0.590631,0.636468,0.665062,0.669649,0.631290,0.726349,0.581012,0.596725,0.662930,0.685811,0.691838,0.661779,0.645867,0.536215,0.686237,0.643549,0.591256,0.599384,0.651487,0.701139,0.555310,0.545526,0.666848,0.632847,0.721639,0.676704,0.507505,0.681877,0.619702,0.475991,0.449746,0.582865,0.597502,0.634115,0.616068,0.675397,0.583351,0.692501,0.669637,0.654769,0.518563,0.580237,0.590812,0.703750,0.574535,0.642035,0.660148,0.689096,0.584628,0.630252,0.656042,0.530674,0.553418,0.732297,0.674725,0.613732,0.686647,0.748827,0.574806,0.625436,0.728523,0.587125,0.562176,0.625800,0.487083,0.577128,0.626938,0.435426,0.720725,0.694754,0.689070,0.701287,0.576364,0.706548,0.630171,0.702866,0.601819,0.688978,0.669842,0.487433,0.749765,0.742610,0.658472,0.598778,0.687042,0.591364,0.719034,0.626183,0.624095,0.633692,0.558431,0.743540,0.660305,0.625915,0.631189,0.638855,0.684594,0.594541,0.756094,0.709865,0.550501,0.386781,0.714055,0.596019,0.670474,0.552318,0.619630,0.722591,0.702636,0.667794,0.730178,0.676877,0.656077,0.544406,0.728777,0.490879,0.774021,0.641059,0.647224,0.685064,0.587177,0.623217,0.639037,0.734981,0.494178,0.642053,0.678244,0.670190,0.546945,0.694261,0.659155,0.763603,0.637769,0.636563,0.620854,0.800307,0.532911,0.701177,0.579788,0.695417,0.631430,0.724770,0.686197,0.674588,0.576423,0.685210,0.699670,0.443378,0.704412,0.669046,0.541380,0.682302,0.706508,0.612274,0.447271,0.675593,0.642712,0.572599,0.632255,0.684394,0.734151,0.559926,0.710029,0.646750,0.605615,0.759457,0.672828,0.692865,0.653775,0.669165,0.536437,0.653756,0.655103,0.552608,0.656547,0.641711,0.694472,0.634660,0.657358,0.629704,0.597764,0.684714,0.472660,0.728274,0.767625,0.497005,0.715868,0.625646,0.637522,0.642154,0.709880,0.651139,0.660503,0.666559,0.659605,0.516329,0.727887,0.738460,0.658002,0.430042,0.689108,0.762995,0.703657,0.750697,0.628915,0.643950,0.656670,0.694886,0.691794,0.429975,0.687496,0.667313,0.467605,0.724138,0.689974,0.706045,0.667167,0.675079,0.736534,0.536819,0.678152,0.775958,0.499655,0.700872,0.510090,0.588779,0.708824,0.633141,0.638330,0.660894,0.677449,0.805939,0.781834,0.641043,0.776797,0.769878,0.000000,0.687760,0.525200,0.656636,0.545329,0.701873,0.735555,0.608472,0.646432,0.733807,0.697234,0.600096,0.676455,0.764623,0.704301,0.619024,0.716883,0.687137,0.634845,0.725478,0.615901,0.622320,0.659456,0.699579,0.629248,0.686688,0.521934,0.649650,0.698311,0.702634,0.633611,0.671206,0.753833,0.628704,0.705714,0.679169,0.701041,0.690842,0.678743,0.748344,0.730286,0.661639,0.751328,0.727766,0.634108,0.742249,0.709347,0.726865,0.642916,0.651268,0.699990,0.711682,0.389929,0.639411,0.718313,0.555496,0.681750,0.794822,0.656673,0.727618,0.547253,0.680291,0.755582,0.726432,0.715532,0.783345,0.607520,0.534533,0.752991,0.722145,0.643175,0.688140,0.667629,0.657039,0.816302,0.705166,0.724050,0.786316,0.694180,0.810434,0.613430,0.687893,0.482053,0.699797,0.688038,0.620230,0.633676,0.665810,0.616539,0.757349,0.764096,0.660465,0.668610,0.720506,0.725384,0.585363,0.552024,0.733951,0.689460,0.701713,0.647938,0.657642,0.758722,0.756899,0.689370,0.647056,0.625011,0.729570,0.849037,0.723992,0.686834,0.692114,0.502802,0.810759,0.720699,0.635473,0.689787,0.694225,0.675952,0.666937,0.643159,0.694020,0.548371,0.704073,0.783207,0.636787,0.621982,0.711200,0.741578,0.546141,0.598338,0.659845,0.740816,0.599634,0.620131,0.689045,0.547676,0.703391,0.758916,0.706993,0.584237,0.516060,0.679457,0.611853,0.683815,0.587373,0.677237,0.685417,0.759067,0.615520,0.743678,0.656344,0.591582,0.639990,0.641264,0.660066,0.506087,0.581481
0.583576,0.658657,0.744486,0.705145,0.749337,0.833205,0.794562,0.698382,0.820878,0.811361,0.791642,0.795316,0.529335,0.730983,0.513272,0.655912,0.655359,0.729563,0.658523,0.845594,0.733242,0.557878,0.758356,0.721361,0.746242,0.764501,0.750893,0.517782,0.672202,0.507914,0.498994,0.787908,0.280749,0.529522,0.539868,0.793595,0.751461,0.729683,0.763359,0.729331,0.703694,0.476528,0.528414,0.738656,0.860517,0.754577,0.791165,0.796350,0.659057,0.840363,0.769028,0.478926,0.517420,0.315343,0.742191,0.690796,0.697265,0.727798,0.776990,0.764219,0.431742,0.762560,0.366698,0.706446,0.740993,0.618715,0.752534,0.422375,0.666562,0.684209,0.708218,0.515027,0.866765,0.852187,0.597600,0.661990,0.687776,0.705125,0.758103,0.827130,0.841860,0.798514,0.668065,0.284641,0.711103,0.827561,0.823265,0.706149,0.642066,0.688646,0.776042,0.690577,0.820807,0.661056,0.592206,0.811909,0.614191,0.532949,0.702355,0.838621,0.749530,0.753174,0.720502,0.761767,0.567001,0.748980,0.281651,0.766529,0.597926,0.800507,0.443122,0.734529,0.812727,0.876843,0.659946,0.707924,0.255255,0.845177,0.776307,0.730269,0.762480,0.742344,0.747791,0.715101,0.711212,0.654697,0.860906,0.548713,0.685366,0.783281,0.731523,0.865556,0.841326,0.727792,0.782803,0.712915,0.647183,0.652231,0.682420,0.647373,0.822447,0.403205,0.715447,0.803517,0.739555,0.416485,0.767183,0.710729,0.701352,0.775397,0.713252,0.545985,0.713345,0.713838,0.779856,0.786938,0.762418,0.780435,0.734093,0.807595,0.834487,0.695177,0.765370,0.679420,0.827173,0.517722,0.718182,0.774354,0.749195,0.685418,0.821199,0.712324,0.255519,0.810318,0.585982,0.776715,0.553598,0.796738,0.709752,0.757626,0.730656,0.746292,0.773025,0.732918,0.724850,0.516409,0.499694,0.804053,0.652880,0.847755,0.710872,0.727476,0.642864,0.804740,0.775043,0.723592,0.716298,0.681182,0.846934,0.753684,0.183833,0.344962,0.681621,0.694667,0.500492,0.793133,0.793360,0.721319,0.694303,0.687370,0.347915,0.644753,0.476000,0.695055,0.867545,0.763215,0.652614,0.463508,0.796726,0.454492,0.650033,0.746074,0.538598,0.800498,0.805215,0.773161,0.709411,0.403846,0.651277,0.858971,0.770343,0.718680,0.767738,0.776539,0.728379,0.745241,0.775967,0.824599,0.883238,0.743885,0.708474,0.720273,0.757963,0.707990,0.768599,0.606379,0.584161,0.687254,0.747928,0.751163,0.812330,0.786848,0.822297,0.813826,0.589002,0.724579,0.788570,0.755047,0.826026,0.871968,0.323907,0.594912,0.733555,0.865723,0.636740,0.770824,0.631156,0.750430,0.777642,0.887238,0.727232,0.777264,0.721617,0.865606,0.810854,0.732256,0.666270,0.723918,0.786634,0.769933,0.717361,0.818134,0.801818,0.736543,0.820568,0.783710,0.623261,0.736843,0.711420,0.603916,0.599659,0.885068,0.731440,0.887397,0.823802,0.709322,0.736671,0.834751,0.738545,0.721984,0.737377,0.780065,0.689537,0.807847,0.827368,0.689904,0.710920,0.775005,0.800082,0.879086,0.724159,0.764813,0.734710,0.716163,0.825934,0.527504,0.728104,0.733600,0.667877,0.539936,0.734715,0.821829,0.800693,0.686926,0.804597,0.384826,0.738505,0.741444,0.568835,0.691013,0.823207,0.636664,0.555907,0.728929,0.724514,0.820488,0.376994,0.774929,0.766675,0.687588,0.687165,0.596335,0.765117,0.687760,0.000000,0.773243,0.817037,0.307936,0.764755,0.900149,0.819097,0.437447,0.863646,0.804828,0.632319,0.885473,0.778167,0.777267,0.761643,0.762227,0.803864,0.690444,0.772322,0.837096,0.799668,0.723135,0.860007,0.403061,0.454251,0.651068,0.663834,0.484435,0.826705,0.722065,0.566969,0.863354,0.758823,0.746371,0.759001,0.489630,0.704320,0.774822,0.754778,0.833447,0.806432,0.797631,0.810191,0.768354,0.840930,0.728415,0.833496,0.781651,0.527871,0.729677,0.808309,0.713463,0.775420,0.846192,0.740752,0.716123,0.834902,0.823119,0.741539,0.784274,0.825051,0.810795,0.904693,0.796491,0.793037,0.807643,0.617815,0.763749,0.714195,0.720099,0.816602,0.808699,0.812331,0.764716,0.768455,0.877437,0.700260,0.804534,0.730532,0.774482,0.792388,0.685520,0.779483,0.772332,0.807982,0.425029,0.854381,0.612952,0.671915,0.869051,0.726210,0.437051,0.760485,0.856151,0.521027,0.799462,0.796195,0.793687,0.857100,0.736499,0.765352,0.754074,0.826569,0.808827,0.667782,0.791424,0.736118,0.805957,0.806873,0.721117,0.710378,0.764945,0.656917,0.422920,0.809287,0.801715,0.833135,0.718838,0.832254,0.851517,0.685392,0.785617,0.869778,0.888086,0.695618,0.741772,0.688431,0.448557,0.709932,0.854678,0.801735,0.692378,0.819471,0.709288,0.814390,0.815940,0.781328,0.485677,0.805544,0.746042,0.737963,0.827687,0.675943,0.802398,0.778637,0.872229,0.818101,0.840638,0.782805,0.832174,0.866106,0.699432,0.747313,0.778938,0.757543,0.621933,0.774630
0.583585,0.597762,0.671657,0.650304,0.679097,0.549851,0.560338,0.729665,0.618652,0.567453,0.547274,0.633326,0.545117,0.629071,0.566575,0.658771,0.689832,0.687288,0.709604,0.446547,0.621717,0.745494,0.623289,0.716638,0.670599,0.704049,0.624812,0.704390,0.697446,0.657028,0.752174,0.675055,0.704364,0.620243,0.729354,0.522188,0.606754,0.620747,0.614335,0.715784,0.660859,0.715283,0.751240,0.735908,0.626558,0.694347,0.648652,0.754673,0.632888,0.545029,0.715996,0.634364,0.553730,0.775464,0.690028,0.735151,0.709978,0.720356,0.645832,0.660192,0.649547,0.727602,0.710378,0.608917,0.727328,0.676245,0.737488,0.694169,0.583843,0.677318,0.553313,0.608378,0.600808,0.666336,0.565365,0.584340,0.617688,0.689195,0.660746,0.691181,0.693826,0.748507,0.616321,0.712579,0.764556,0.542194,0.751127,0.736993,0.525646,0.627493,0.530752,0.727503,0.665523,0.719447,0.593491,0.506576,0.627464,0.600752,0.662047,0.588365,0.706705,0.538520,0.702031,0.725800,0.676979,0.645675,0.726707,0.637549,0.793390,0.639049,0.659985,0.713401,0.628199,0.563888,0.738795,0.760095,0.752903,0.585168,0.673281,0.735857,0.586690,0.795001,0.780871,0.711203,0.664897,0.697283,0.765037,0.667404,0.617074,0.684999,0.768005,0.687719,0.656192,0.585069,0.665917,0.737508,0.665922,0.609337,0.626144,0.647331,0.591708,0.702155,0.781919,0.497127,0.765269,0.708167,0.718906,0.680959,0.610437,0.615717,0.772588,0.668363,0.780000,0.739511,0.750128,0.690696,0.648410,0.585994,0.616009,0.549593,0.639378,0.738988,0.718290,0.787200,0.658111,0.643725,0.751565,0.700397,0.761887,0.674968,0.649684,0.720693,0.743862,0.565334,0.593899,0.632613,0.617820,0.731195,0.744569,0.628887,0.814626,0.538561,0.663363,0.704817,0.768117,0.661457,0.613470,0.652431,0.718157,0.533095,0.728087,0.784172,0.635662,0.626979,0.705718,0.765907,0.790187,0.734115,0.631575,0.696497,0.743605,0.685148,0.630195,0.801671,0.638148,0.656165,0.676374,0.734136,0.657338,0.725906,0.680131,0.722019,0.689269,0.721429,0.817274,0.787966,0.777540,0.727868,0.759035,0.763830,0.579056,0.765542,0.581270,0.786044,0.728840,0.720242,0.805741,0.715640,0.713604,0.673496,0.600988,0.663006,0.778855,0.753133,0.760953,0.768526,0.632562,0.752756,0.746258,0.795862,0.777949,0.778534,0.783131,0.660869,0.749932,0.688196,0.750779,0.736260,0.767735,0.761773,0.726185,0.700245,0.591287,0.794852,0.540942,0.779653,0.648005,0.677799,0.769133,0.756145,0.735752,0.527011,0.799690,0.679096,0.577100,0.752818,0.792597,0.869909,0.618054,0.771297,0.659460,0.713793,0.787903,0.644269,0.652184,0.786881,0.690443,0.633627,0.795733,0.758426,0.559598,0.705282,0.776779,0.787587,0.657465,0.782862,0.751386,0.702323,0.764882,0.571134,0.784542,0.694910,0.613354,0.770916,0.723799,0.776152,0.617341,0.635378,0.701806,0.794159,0.741067,0.693101,0.586190,0.711672,0.798900,0.646718,0.637100,0.781816,0.781079,0.612863,0.819624,0.588578,0.729032,0.679620,0.643904,0.740375,0.664347,0.782252,0.759765,0.587988,0.801884,0.583763,0.643041,0.701129,0.574761,0.684621,0.663808,0.773476,0.670264,0.723991,0.712996,0.681242,0.675472,0.804904,0.683825,0.700362,0.745799,0.686653,0.771927,0.793139,0.798986,0.667872,0.766923,0.525200,0.773243,0.000000,0.764385,0.783426,0.796446,0.581849,0.564374,0.754604,0.697214,0.551779,0.700444,0.607478,0.665135,0.678054,0.705301,0.657431,0.601189,0.794109,0.754256,0.605549,0.524917,0.804089,0.603734,0.753860,0.725287,0.558576,0.685825,0.763858,0.801194,0.811545,0.683250,0.731251,0.613189,0.798645,0.797711,0.769074,0.823693,0.780876,0.706371,0.678189,0.752814,0.696951,0.825131,0.737531,0.753596,0.832527,0.714886,0.570878,0.611814,0.786886,0.752184,0.661441,0.760117,0.567856,0.593290,0.788324,0.663078,0.588474,0.823377,0.656433,0.755686,0.721399,0.657105,0.809956,0.604605,0.607281,0.641420,0.668401,0.709152,0.780670,0.690012,0.702254,0.690929,0.727580,0.591372,0.582592,0.610496,0.764222,0.720845,0.672341,0.808745,0.676670,0.637938,0.763933,0.757187,0.745993,0.681220,0.790278,0.722632,0.627931,0.696260,0.769799,0.667912,0.691743,0.673740,0.542947,0.768651,0.618590,0.737517,0.643074,0.624450,0.858829,0.749837,0.759191,0.782299,0.546517,0.798182,0.763080,0.677965,0.588497,0.699063,0.685676,0.820392,0.791851,0.714858,0.576083,0.614757,0.769452,0.695659,0.614340,0.662330,0.658394,0.594821,0.824123,0.624311,0.772566,0.771041,0.797887,0.635759,0.638522,0.799512,0.630532,0.656626,0.687645,0.693694,0.681573,0.674506,0.766431,0.661895,0.667877,0.688474,0.746531,0.727220,0.790871,0.687422,0.749046,0.607232,0.721975,0.655995,0.760548,0.632144,0.736986,0.617009,0.760202,0.669565,0.630562,0.690554
0.583694,0.475544,0.391137,0.661437,0.283178,0.416174,0.526797,0.405254,0.638083,0.414325,0.583645,0.480376,0.690478,0.432770,0.644454,0.422207,0.385174,0.508726,0.377821,0.745816,0.546277,0.371657,0.450119,0.336541,0.445226,0.435247,0.482392,0.438991,0.434541,0.479513,0.756759,0.539732,0.690991,0.714725,0.432414,0.564880,0.474818,0.408292,0.536501,0.335083,0.450544,0.697175,0.702659,0.757312,0.705506,0.724339,0.402271,0.453018,0.529839,0.538408,0.521294,0.738665,0.680578,0.704276,0.378131,0.693076,0.421631,0.347674,0.578874,0.619834,0.632397,0.517269,0.717625,0.646416,0.472328,0.411152,0.425254,0.585961,0.653378,0.726090,0.732617,0.643091,0.500522,0.413967,0.756579,0.732430,0.404907,0.473314,0.364038,0.523612,0.744866,0.115448,0.553274,0.671564,0.382274,0.598487,0.461611,0.364498,0.716353,0.566128,0.551734,0.290497,0.312528,0.416347,0.763464,0.608827,0.773531,0.706862,0.609183,0.454595,0.388913,0.739170,0.221618,0.394270,0.755901,0.294069,0.671052,0.291839,0.414999,0.540545,0.796634,0.472177,0.546550,0.336155,0.400669,0.519698,0.779050,0.744757,0.362233,0.331090,0.478431,0.458633,0.384689,0.762768,0.463232,0.452297,0.419385,0.538411,0.656524,0.507469,0.358947,0.519788,0.524216,0.346528,0.576720,0.319998,0.634673,0.705530,0.652430,0.538243,0.620820,0.734645,0.338699,0.555528,0.495573,0.729851,0.378467,0.699184,0.834334,0.817533,0.375556,0.741014,0.390287,0.418453,0.552555,0.474280,0.361288,0.779715,0.586944,0.678073,0.826058,0.465548,0.502697,0.449993,0.631507,0.624634,0.391889,0.742771,0.302586,0.518495,0.633637,0.514389,0.731017,0.489162,0.701481,0.551811,0.824615,0.631840,0.501693,0.692595,0.654513,0.784392,0.526493,0.471727,0.399285,0.678490,0.639698,0.574877,0.807630,0.633898,0.466883,0.354807,0.853828,0.768899,0.553696,0.348302,0.377107,0.508078,0.756170,0.613188,0.688822,0.685529,0.775097,0.393611,0.791817,0.586413,0.797120,0.516735,0.602628,0.727201,0.752944,0.645889,0.665353,0.690332,0.566547,0.433980,0.637541,0.845550,0.449573,0.665978,0.819030,0.625601,0.699953,0.434601,0.408391,0.402905,0.425436,0.842723,0.582702,0.596539,0.755321,0.699592,0.351075,0.540470,0.606648,0.453982,0.606950,0.694670,0.561378,0.481226,0.383224,0.582918,0.757077,0.521135,0.441065,0.730655,0.571822,0.398537,0.764339,0.395230,0.474232,0.637909,0.651782,0.626969,0.732310,0.428375,0.809847,0.680947,0.521362,0.746182,0.805815,0.844018,0.456074,0.339358,0.834411,0.330228,0.340722,0.493019,0.740960,0.339127,0.429093,0.335629,0.512403,0.746130,0.847298,0.458735,0.672210,0.498486,0.463783,0.277734,0.838695,0.590741,0.819229,0.421646,0.577214,0.389405,0.786947,0.315933,0.495904,0.772979,0.662500,0.738742,0.882816,0.545934,0.479340,0.365593,0.661346,0.828409,0.549514,0.508519,0.544496,0.625585,0.552107,0.425562,0.540937,0.743835,0.682616,0.539679,0.462820,0.763478,0.454872,0.394907,0.507367,0.569838,0.744424,0.776001,0.597069,0.337322,0.514359,0.766705,0.536948,0.777775,0.558522,0.417099,0.748516,0.792694,0.685049,0.329268,0.710591,0.656784,0.745194,0.749385,0.696290,0.371371,0.664512,0.530055,0.761389,0.345149,0.803475,0.565521,0.583223,0.804614,0.696829,0.656636,0.817037,0.764385,0.000000,0.714069,0.455633,0.865555,0.810629,0.751068,0.694243,0.612033,0.624604,0.756282,0.813906,0.428864,0.632714,0.782935,0.720917,0.585234,0.784209,0.343474,0.678106,0.442609,0.779014,0.721307,0.721650,0.771170,0.734895,0.738247,0.440853,0.419380,0.788701,0.662404,0.665734,0.389900,0.415515,0.703881,0.370523,0.409610,0.781015,0.393459,0.556660,0.613275,0.425423,0.715628,0.802672,0.415987,0.717236,0.494105,0.863154,0.272720,0.597689,0.691021,0.365326,0.673733,0.536827,0.503729,0.692507,0.488760,0.408425,0.563513,0.367007,0.715899,0.563390,0.395769,0.552213,0.742566,0.754521,0.748746,0.823863,0.403260,0.619820,0.698118,0.650513,0.593383,0.840814,0.854266,0.712843,0.699482,0.891605,0.707566,0.394162,0.470854,0.798537,0.716830,0.407627,0.829778,0.713972,0.741730,0.880398,0.650559,0.520372,0.748600,0.770465,0.601710,0.789496,0.824189,0.601204,0.807531,0.624614,0.575542,0.728498,0.733750,0.726605,0.633423,0.510149,0.714143,0.535209,0.738549,0.594428,0.448375,0.655112,0.641588,0.563915,0.830613,0.849967,0.843259,0.640980,0.527366,0.742783,0.772187,0.783240,0.582036,0.803371,0.613949,0.843760,0.471266,0.654914,0.788986,0.839811,0.735108,0.414889,0.844435,0.670850,0.662804,0.620902,0.717396,0.701417,0.783627,0.574558,0.641710,0.467842,0.674315,0.615874,0.567385,0.803288,0.635244,0.707312,0.697970,0.717110,0.449980,0.797547,0.523467,0.840987,0.573293,0.559926,0.793133,0.687920
0.583789,0.663354,0.751634,0.751299,0.732123,0.821457,0.799339,0.690203,0.833234,0.773290,0.792802,0.807608,0.526848,0.723164,0.475756,0.646241,0.638397,0.687425,0.592266,0.836056,0.739281,0.519418,0.743908,0.690785,0.719396,0.800497,0.685532,0.508585,0.673401,0.519878,0.464342,0.759743,0.281165,0.502102,0.548173,0.807167,0.756870,0.704367,0.754647,0.727613,0.661090,0.399458,0.458797,0.719114,0.886002,0.743256,0.765186,0.744856,0.609985,0.802150,0.694028,0.407867,0.485882,0.274568,0.736579,0.650343,0.627663,0.674327,0.787271,0.761300,0.432782,0.770190,0.346730,0.650422,0.699892,0.605181,0.734638,0.422103,0.609697,0.628674,0.710006,0.469694,0.832819,0.824755,0.615268,0.592316,0.690975,0.651829,0.712628,0.810922,0.848698,0.726211,0.679495,0.243186,0.718855,0.797313,0.771823,0.694896,0.568828,0.703567,0.694601,0.666908,0.776600,0.620185,0.586881,0.776918,0.594609,0.483386,0.706581,0.802666,0.673754,0.758543,0.670429,0.717260,0.554594,0.722201,0.203914,0.718363,0.583063,0.798391,0.419794,0.721506,0.868711,0.811459,0.617114,0.706318,0.303925,0.838190,0.755361,0.663174,0.761247,0.736531,0.684088,0.750689,0.675784,0.630931,0.769724,0.494220,0.616180,0.817519,0.682996,0.824150,0.738755,0.693977,0.791561,0.677193,0.593576,0.596953,0.604903,0.607079,0.775073,0.352820,0.664458,0.722200,0.740983,0.417243,0.636937,0.645365,0.645457,0.776598,0.691714,0.545883,0.676733,0.704195,0.754457,0.767866,0.703190,0.779533,0.664611,0.798863,0.903039,0.681722,0.754162,0.701076,0.832350,0.471680,0.682246,0.825205,0.682517,0.678814,0.763798,0.620120,0.224112,0.814430,0.496321,0.756750,0.505537,0.733508,0.686754,0.675318,0.744699,0.730420,0.699802,0.716578,0.737697,0.411543,0.434782,0.844534,0.593438,0.806116,0.669792,0.689676,0.667616,0.794150,0.722980,0.649207,0.663078,0.574437,0.793400,0.694982,0.271069,0.340054,0.668490,0.694161,0.412262,0.757606,0.855009,0.648253,0.634641,0.612037,0.339689,0.673710,0.482112,0.690118,0.790961,0.727859,0.664122,0.428509,0.728243,0.409447,0.600764,0.760130,0.459375,0.742243,0.728225,0.725798,0.706415,0.360199,0.635960,0.849844,0.760426,0.658429,0.742230,0.778700,0.770506,0.679917,0.738985,0.779718,0.822622,0.686280,0.660497,0.665895,0.778016,0.661779,0.715095,0.525043,0.468512,0.667246,0.782931,0.669452,0.781492,0.681559,0.764952,0.827216,0.506750,0.734552,0.826354,0.745048,0.792189,0.862661,0.190538,0.579668,0.700318,0.810332,0.572610,0.710837,0.601289,0.748003,0.687264,0.853495,0.630249,0.759215,0.753263,0.877572,0.848701,0.693344,0.632237,0.644352,0.752448,0.678963,0.692977,0.837645,0.772271,0.696040,0.764976,0.667193,0.537401,0.622482,0.721873,0.548670,0.517705,0.850558,0.653524,0.873890,0.715607,0.689913,0.688840,0.893719,0.723028,0.709898,0.703202,0.773737,0.587745,0.780179,0.802994,0.698514,0.686382,0.715711,0.796714,0.867961,0.693051,0.725392,0.630564,0.723302,0.862673,0.510925,0.623534,0.703267,0.642375,0.518515,0.739667,0.803267,0.723517,0.687635,0.819737,0.482803,0.636596,0.674416,0.552748,0.600818,0.842416,0.620368,0.430628,0.682730,0.559466,0.738895,0.300002,0.797073,0.791792,0.764438,0.699396,0.482104,0.761017,0.545329,0.307936,0.783426,0.714069,0.000000,0.719482,0.907339,0.765797,0.380875,0.845451,0.790228,0.580330,0.867778,0.767870,0.727232,0.772839,0.749912,0.843568,0.625742,0.787577,0.764285,0.786779,0.696657,0.880142,0.323181,0.382688,0.567385,0.666696,0.438813,0.740016,0.698427,0.469075,0.863557,0.739833,0.676105,0.733213,0.438580,0.692947,0.653118,0.699129,0.820699,0.725955,0.814160,0.792184,0.665837,0.787311,0.695995,0.869933,0.703472,0.508086,0.696627,0.732962,0.625386,0.705996,0.800240,0.669108,0.697767,0.798378,0.763885,0.681590,0.683934,0.777792,0.726384,0.896356,0.692792,0.785580,0.754087,0.553637,0.790852,0.748632,0.670426,0.790508,0.708926,0.760460,0.787698,0.726885,0.967976,0.722203,0.739264,0.856729,0.767524,0.727782,0.611306,0.815020,0.814635,0.764651,0.339090,0.834252,0.557551,0.670731,0.869790,0.722591,0.389698,0.713161,0.834767,0.526920,0.729881,0.741835,0.803286,0.843476,0.677105,0.702232,0.768748,0.806209,0.765972,0.647834,0.740098,0.734615,0.807140,0.706416,0.603500,0.646228,0.706386,0.646807,0.347582,0.728653,0.809553,0.788957,0.738052,0.822321,0.847380,0.610451,0.715849,0.911702,0.797796,0.665836,0.716184,0.631703,0.427461,0.607265,0.783941,0.707287,0.684361,0.829884,0.793090,0.728460,0.706425,0.759754,0.395674,0.751715,0.687043,0.678305,0.848218,0.669368,0.810320,0.711569,0.903225,0.771373,0.793828,0.672665,0.761365,0.866650,0.640160,0.756322,0.730520,0.785506,0.548069,0.731307
0.584299,0.510168,0.408819,0.573569,0.375720,0.549537,0.611349,0.407818,0.560611,0.523633,0.635608,0.540973,0.651120,0.464402,0.618578,0.455321,0.323652,0.661628,0.304570,0.695553,0.486821,0.387067,0.434171,0.488895,0.448864,0.534140,0.503649,0.427639,0.403727,0.463571,0.707103,0.433277,0.695780,0.679052,0.367909,0.663190,0.490182,0.487099,0.642735,0.411271,0.379789,0.730762,0.638553,0.571798,0.686212,0.599231,0.469411,0.466644,0.413883,0.639305,0.483073,0.730519,0.704189,0.742461,0.443369,0.506461,0.396725,0.452929,0.582609,0.537921,0.625198,0.561701,0.687370,0.717015,0.493763,0.362019,0.378153,0.568826,0.671245,0.574169,0.641597,0.647023,0.604339,0.558830,0.699912,0.671881,0.500776,0.455155,0.434857,0.630661,0.729855,0.468175,0.454065,0.698647,0.343499,0.745890,0.526313,0.344565,0.687722,0.656764,0.707967,0.393483,0.460015,0.356607,0.707044,0.735188,0.788283,0.650066,0.602889,0.556506,0.377451,0.612216,0.353362,0.429371,0.691562,0.470341,0.698608,0.430735,0.377436,0.672286,0.835123,0.384139,0.649714,0.550472,0.411531,0.464219,0.786291,0.722399,0.554380,0.411369,0.558356,0.397027,0.277388,0.633525,0.459769,0.502273,0.463370,0.460569,0.693160,0.572969,0.341418,0.655670,0.649070,0.489139,0.526199,0.313239,0.609488,0.731146,0.727203,0.497345,0.699064,0.715747,0.435293,0.652887,0.495154,0.656786,0.500816,0.599537,0.795304,0.708923,0.333740,0.688294,0.388657,0.343684,0.587104,0.457159,0.587812,0.719820,0.498081,0.743432,0.765522,0.534209,0.524633,0.367143,0.627841,0.570155,0.316506,0.688437,0.434438,0.490494,0.655629,0.481752,0.756516,0.677734,0.645005,0.583370,0.817334,0.509987,0.382739,0.722808,0.603262,0.706258,0.718265,0.396146,0.357923,0.691730,0.627140,0.647010,0.837149,0.735248,0.427616,0.452572,0.750286,0.808300,0.602531,0.306779,0.403086,0.417142,0.796044,0.435026,0.665119,0.693887,0.662706,0.336964,0.807202,0.625730,0.720092,0.555263,0.611953,0.621873,0.723708,0.544876,0.619822,0.610652,0.691105,0.341151,0.530211,0.882225,0.483374,0.620343,0.770450,0.533115,0.657827,0.473945,0.458834,0.376589,0.388227,0.819920,0.537869,0.603928,0.755452,0.669247,0.391454,0.564517,0.572607,0.415951,0.692899,0.642157,0.687877,0.442898,0.358903,0.394986,0.569828,0.578471,0.538857,0.692344,0.665113,0.418821,0.580870,0.528445,0.544621,0.564196,0.722382,0.643077,0.658718,0.332459,0.683080,0.658819,0.541742,0.663400,0.763056,0.818342,0.463148,0.561029,0.742993,0.378114,0.489087,0.542926,0.644515,0.492752,0.564291,0.379917,0.530983,0.689807,0.700829,0.453944,0.699838,0.468035,0.400015,0.337030,0.767125,0.542917,0.671709,0.380199,0.593626,0.480203,0.713754,0.445644,0.479355,0.686621,0.676259,0.716993,0.795534,0.604518,0.539929,0.453933,0.641842,0.714001,0.523503,0.530979,0.523796,0.547797,0.590615,0.570597,0.497003,0.698020,0.725714,0.531703,0.423658,0.678298,0.403067,0.616609,0.472314,0.448904,0.662865,0.640288,0.596153,0.430431,0.341118,0.732538,0.460322,0.702432,0.758865,0.351538,0.693180,0.802209,0.590650,0.454926,0.784305,0.628625,0.612467,0.688931,0.679368,0.346873,0.640859,0.635903,0.779634,0.510536,0.732750,0.467421,0.431312,0.832166,0.621767,0.701873,0.764755,0.796446,0.455633,0.719482,0.000000,0.857552,0.818063,0.780752,0.707164,0.695729,0.516684,0.665323,0.823157,0.516121,0.524780,0.764135,0.793006,0.570586,0.673991,0.596319,0.752596,0.386865,0.636447,0.746459,0.813803,0.714449,0.695592,0.719424,0.474451,0.405282,0.842951,0.649275,0.672408,0.397337,0.452784,0.597699,0.346586,0.600621,0.651164,0.591551,0.563865,0.602567,0.456886,0.598258,0.707246,0.381708,0.694373,0.630936,0.780971,0.408871,0.693994,0.650000,0.409189,0.720959,0.649134,0.533476,0.661149,0.675681,0.351956,0.589819,0.389231,0.746070,0.686952,0.424445,0.728482,0.751131,0.748329,0.735484,0.740513,0.430191,0.619895,0.664450,0.625412,0.565398,0.751438,0.763977,0.779660,0.647681,0.823969,0.699250,0.384723,0.423995,0.796767,0.549644,0.390063,0.772051,0.616937,0.549817,0.814147,0.627220,0.539258,0.746886,0.769468,0.567092,0.637087,0.756796,0.568374,0.684216,0.683621,0.640816,0.643652,0.695004,0.717924,0.475221,0.510919,0.640442,0.505945,0.677745,0.661938,0.691050,0.621894,0.630657,0.366608,0.847097,0.735007,0.709717,0.664376,0.353434,0.660180,0.689602,0.803677,0.706271,0.706640,0.663177,0.702057,0.415922,0.465887,0.724833,0.763963,0.700062,0.475129,0.834063,0.722525,0.683358,0.660935,0.594603,0.664008,0.777212,0.646499,0.572686,0.459480,0.486547,0.449074,0.421971,0.679871,0.586585,0.651517,0.694291,0.609059,0.587281,0.688955,0.511273,0.716063,0.496830,0.448619,0.728035,0.453993
0.584591,0.610367,0.708002,0.640299,0.748206,0.628025,0.591776,0.803316,0.631180,0.667612,0.588174,0.648957,0.680179,0.716079,0.736127,0.712748,0.800080,0.679521,0.793348,0.543388,0.653976,0.854422,0.718818,0.834440,0.714548,0.767044,0.603955,0.822446,0.782057,0.797297,0.850175,0.677066,0.807627,0.749338,0.813946,0.602681,0.662259,0.687632,0.703932,0.770813,0.730980,0.806527,0.745447,0.694836,0.606382,0.702323,0.652044,0.694549,0.770819,0.657027,0.787417,0.798220,0.730044,0.875021,0.766174,0.782478,0.788709,0.818195,0.678428,0.787188,0.814432,0.783308,0.828719,0.720139,0.747459,0.823583,0.808243,0.820344,0.680708,0.784476,0.739630,0.765111,0.660678,0.671841,0.675192,0.791605,0.809571,0.733508,0.746293,0.714857,0.622902,0.822996,0.746299,0.854816,0.835167,0.658590,0.772107,0.836888,0.680333,0.776777,0.700751,0.859018,0.751423,0.853324,0.775067,0.664322,0.746811,0.775578,0.735458,0.683851,0.781236,0.521868,0.838741,0.846322,0.775054,0.778370,0.918989,0.757585,0.877237,0.746652,0.784911,0.804742,0.624883,0.687635,0.812375,0.830121,0.914005,0.469356,0.775980,0.785776,0.730066,0.820830,0.854630,0.696753,0.737978,0.802823,0.801504,0.839170,0.782312,0.780494,0.823029,0.660533,0.710211,0.749811,0.762860,0.846236,0.773815,0.738456,0.644990,0.755467,0.690877,0.867292,0.862145,0.698317,0.851936,0.797251,0.815822,0.681072,0.726309,0.634307,0.873468,0.816210,0.857446,0.836572,0.743828,0.741359,0.823897,0.702724,0.776517,0.639781,0.394864,0.784523,0.785908,0.858988,0.740151,0.860013,0.844769,0.716385,0.867755,0.805542,0.594362,0.791072,0.885935,0.674921,0.671389,0.765688,0.785911,0.767861,0.817430,0.724227,0.784812,0.557986,0.777075,0.859697,0.845395,0.868145,0.807398,0.756501,0.837003,0.681773,0.744232,0.815084,0.664218,0.562874,0.790623,0.844039,0.874050,0.813623,0.665304,0.877456,0.883710,0.823057,0.727419,0.843298,0.746819,0.757236,0.453074,0.812005,0.805913,0.853522,0.798392,0.782391,0.826212,0.757129,0.740439,0.859776,0.848783,0.802069,0.867020,0.846779,0.690669,0.853204,0.772021,0.806151,0.893104,0.846195,0.867486,0.810317,0.849412,0.576542,0.601775,0.751950,0.846098,0.788157,0.831614,0.823922,0.732737,0.798345,0.673421,0.878023,0.831335,0.861771,0.850489,0.752192,0.781601,0.770889,0.841741,0.859021,0.774454,0.844212,0.701405,0.655120,0.683982,0.768810,0.757544,0.876803,0.445239,0.581915,0.716184,0.731316,0.864226,0.751436,0.909120,0.712956,0.686485,0.833462,0.877630,0.862655,0.709813,0.758712,0.823003,0.810928,0.874786,0.572553,0.527387,0.888846,0.780862,0.796741,0.887232,0.828543,0.633413,0.885964,0.793023,0.876507,0.778806,0.862650,0.786264,0.856397,0.833201,0.753464,0.879324,0.430550,0.726112,0.694871,0.745349,0.829384,0.707967,0.400150,0.816325,0.830690,0.848489,0.729813,0.732483,0.790652,0.857798,0.707775,0.683566,0.816956,0.795774,0.487209,0.854427,0.776885,0.798338,0.699531,0.571933,0.822245,0.786406,0.836954,0.893925,0.781062,0.832378,0.655756,0.764885,0.810211,0.628996,0.844220,0.738051,0.858164,0.900330,0.787152,0.651125,0.735994,0.757883,0.881935,0.804760,0.814003,0.851047,0.806041,0.688835,0.874909,0.786999,0.756818,0.836029,0.735555,0.900149,0.581849,0.865555,0.907339,0.857552,0.000000,0.637027,0.872738,0.716490,0.741048,0.828729,0.501909,0.626486,0.782530,0.768387,0.585530,0.691045,0.822983,0.829629,0.814413,0.678676,0.833100,0.580102,0.940009,0.870199,0.640500,0.808909,0.876056,0.889841,0.867011,0.795721,0.746201,0.667534,0.872218,0.900098,0.826486,0.880331,0.807077,0.780058,0.706078,0.882614,0.750442,0.873761,0.803384,0.705385,0.867015,0.759658,0.731044,0.758166,0.839074,0.806606,0.744868,0.844926,0.747340,0.788410,0.877494,0.681806,0.712775,0.864082,0.750591,0.827436,0.724495,0.656163,0.868545,0.719255,0.660228,0.654817,0.713226,0.784607,0.900985,0.748415,0.708851,0.691012,0.807967,0.633313,0.450996,0.727662,0.717949,0.613169,0.672307,0.880755,0.831916,0.540074,0.772848,0.824575,0.890807,0.748163,0.844165,0.619839,0.700779,0.829782,0.900300,0.647355,0.640707,0.810371,0.606228,0.734753,0.738334,0.772565,0.744485,0.750356,0.813436,0.757267,0.918149,0.802231,0.703035,0.869808,0.763076,0.808950,0.753383,0.814518,0.743986,0.921466,0.863460,0.805159,0.654114,0.729143,0.863880,0.721675,0.554449,0.762268,0.764554,0.588083,0.822715,0.782586,0.783778,0.936434,0.826557,0.744515,0.741474,0.848492,0.701198,0.659673,0.640889,0.804224,0.748155,0.679449,0.831942,0.593253,0.725217,0.854094,0.741375,0.823975,0.861676,0.755399,0.706254,0.773274,0.766938,0.820386,0.826648,0.569782,0.784972,0.718097,0.879789,0.702638,0.718603,0.758388
0.584831,0.697571,0.633962,0.672672,0.703431,0.594291,0.536972,0.736349,0.667501,0.640337,0.530038,0.655410,0.610000,0.652853,0.618449,0.746337,0.814466,0.622051,0.804925,0.534340,0.639325,0.801444,0.724744,0.776764,0.724905,0.702215,0.646405,0.781157,0.729388,0.727406,0.784237,0.709422,0.752378,0.735744,0.834516,0.551410,0.679373,0.669403,0.556374,0.721847,0.752200,0.735754,0.784905,0.694143,0.592558,0.751777,0.730552,0.751470,0.731168,0.642850,0.746133,0.645315,0.704241,0.771677,0.738433,0.753980,0.749056,0.767284,0.668756,0.748421,0.684775,0.784216,0.721087,0.651383,0.679548,0.796885,0.757713,0.724846,0.715454,0.632579,0.653697,0.656143,0.641219,0.734907,0.688741,0.686338,0.756275,0.742427,0.827423,0.687252,0.633606,0.763640,0.734339,0.762730,0.824455,0.617245,0.750463,0.794242,0.664497,0.638129,0.562269,0.775879,0.732497,0.809606,0.730073,0.600934,0.731694,0.697466,0.744663,0.700531,0.782304,0.616766,0.799850,0.802647,0.746540,0.759637,0.752553,0.785429,0.872141,0.672487,0.702529,0.811534,0.711969,0.655802,0.811637,0.769936,0.769591,0.630956,0.713434,0.795508,0.688013,0.816137,0.811566,0.823008,0.774859,0.802052,0.790384,0.767683,0.703663,0.763586,0.787117,0.607035,0.649749,0.728546,0.772340,0.811981,0.676428,0.633354,0.550391,0.781681,0.669406,0.757320,0.812819,0.692143,0.805112,0.820994,0.770872,0.766682,0.587640,0.626254,0.823304,0.758792,0.817122,0.805861,0.750321,0.751775,0.694764,0.657707,0.781706,0.645463,0.594709,0.748641,0.787768,0.820917,0.678578,0.763963,0.821143,0.735440,0.801079,0.858932,0.641151,0.775237,0.760833,0.629871,0.680989,0.756426,0.689180,0.729420,0.811676,0.569935,0.850129,0.673790,0.727388,0.804328,0.797051,0.706031,0.733585,0.705755,0.722339,0.623448,0.839022,0.814226,0.706699,0.680869,0.738069,0.873294,0.817640,0.715617,0.537045,0.796610,0.785014,0.745613,0.682468,0.848514,0.699992,0.711040,0.628001,0.768291,0.694004,0.747984,0.722587,0.848829,0.791470,0.741095,0.745373,0.851840,0.863288,0.687443,0.809962,0.813864,0.765730,0.784744,0.750268,0.796189,0.791677,0.804698,0.857158,0.743607,0.728249,0.711289,0.713033,0.750861,0.792023,0.818668,0.776859,0.820638,0.755134,0.771184,0.749209,0.813120,0.831001,0.893051,0.742827,0.819036,0.783900,0.798213,0.806058,0.769672,0.694463,0.812252,0.762307,0.713175,0.764914,0.763163,0.709161,0.869579,0.624087,0.628891,0.778326,0.674366,0.755877,0.651060,0.820539,0.768865,0.617796,0.849269,0.844483,0.907531,0.781280,0.795913,0.774689,0.791768,0.788911,0.540016,0.637907,0.829040,0.739525,0.841063,0.852406,0.805879,0.628095,0.772161,0.811996,0.867217,0.814204,0.811854,0.849180,0.796661,0.816055,0.758569,0.872692,0.740386,0.674325,0.802650,0.791193,0.833566,0.772303,0.615891,0.707229,0.756305,0.832911,0.808420,0.741248,0.710314,0.803224,0.750301,0.732753,0.735074,0.813879,0.604096,0.833385,0.719860,0.802164,0.724975,0.641953,0.842157,0.720121,0.802014,0.820677,0.725447,0.805282,0.623433,0.645599,0.821555,0.613114,0.748617,0.763205,0.834170,0.830247,0.779170,0.689045,0.675249,0.699725,0.866992,0.748310,0.714566,0.776844,0.826954,0.750485,0.845944,0.797037,0.736865,0.778225,0.608472,0.819097,0.564374,0.810629,0.765797,0.818063,0.637027,0.000000,0.719290,0.737656,0.724746,0.782525,0.565183,0.715851,0.779461,0.784721,0.719127,0.603956,0.801097,0.757909,0.778991,0.668324,0.796692,0.666300,0.819331,0.810867,0.724509,0.698285,0.760038,0.860817,0.818284,0.714037,0.796717,0.689909,0.807828,0.815089,0.813634,0.876099,0.701828,0.759545,0.755321,0.798207,0.633804,0.822209,0.829711,0.728821,0.911564,0.737330,0.813684,0.683690,0.834565,0.717274,0.682390,0.749103,0.729536,0.730274,0.755549,0.678314,0.732585,0.863349,0.776797,0.841176,0.765086,0.658328,0.824502,0.591598,0.614352,0.657255,0.678269,0.780061,0.838449,0.764859,0.793836,0.803624,0.726897,0.681434,0.621545,0.593334,0.780472,0.715233,0.668962,0.856476,0.785242,0.710167,0.751306,0.829234,0.772119,0.678602,0.799434,0.673274,0.626981,0.834601,0.816530,0.715156,0.632164,0.746369,0.643244,0.775365,0.634524,0.663701,0.734475,0.718929,0.797394,0.788208,0.836629,0.816527,0.722005,0.791677,0.718447,0.829370,0.747146,0.890037,0.766216,0.829754,0.778902,0.800415,0.649361,0.747903,0.835807,0.702554,0.582708,0.634836,0.614297,0.645345,0.808826,0.659988,0.771441,0.799188,0.832374,0.748679,0.743094,0.897243,0.692038,0.690923,0.688479,0.747431,0.787232,0.795435,0.794038,0.731822,0.709810,0.811088,0.833072,0.861873,0.782503,0.715297,0.742685,0.736550,0.731756,0.765383,0.818590,0.501584,0.835027,0.722238,0.805943,0.772586,0.738543,0.794544
0.584859,0.635948,0.739366,0.744890,0.732763,0.742401,0.712219,0.738427,0.811731,0.787047,0.736279,0.803108,0.505953,0.760486,0.517916,0.674088,0.678207,0.668417,0.687044,0.781893,0.700685,0.617708,0.736091,0.722355,0.735799,0.752816,0.696148,0.541568,0.680291,0.539991,0.468481,0.804904,0.314274,0.436193,0.546311,0.781466,0.777864,0.715003,0.706458,0.715189,0.712878,0.452518,0.546084,0.694848,0.803123,0.794950,0.729847,0.817219,0.683133,0.776626,0.781665,0.530433,0.514497,0.338581,0.759017,0.685398,0.697831,0.728434,0.789558,0.755530,0.410132,0.759646,0.321203,0.627274,0.704430,0.648570,0.751430,0.454056,0.760665,0.588749,0.688900,0.478980,0.814541,0.807485,0.616713,0.681377,0.736029,0.716078,0.801876,0.783386,0.779116,0.761789,0.670290,0.330469,0.702507,0.802331,0.790152,0.742754,0.652960,0.665744,0.753001,0.724438,0.780513,0.697445,0.536754,0.780644,0.558853,0.495859,0.717650,0.779769,0.729911,0.764288,0.742196,0.792513,0.473577,0.733337,0.391582,0.750227,0.620356,0.761932,0.420118,0.710067,0.787965,0.760986,0.702623,0.709754,0.385356,0.838955,0.672304,0.730879,0.681160,0.742539,0.763513,0.779382,0.708311,0.617315,0.725732,0.577847,0.651855,0.802399,0.721535,0.765797,0.743279,0.662940,0.841336,0.729698,0.642887,0.658482,0.621833,0.643651,0.809127,0.380888,0.719049,0.736636,0.766293,0.464223,0.706730,0.708493,0.701438,0.764512,0.732748,0.459781,0.725397,0.745192,0.753774,0.799589,0.714434,0.771302,0.721730,0.736467,0.826313,0.706734,0.727220,0.669214,0.769747,0.543036,0.764720,0.853059,0.725281,0.676670,0.774152,0.661370,0.369370,0.700945,0.521822,0.679975,0.482336,0.751297,0.721488,0.770452,0.753037,0.720440,0.661999,0.780064,0.779305,0.537333,0.500610,0.749626,0.643330,0.744418,0.739422,0.713119,0.671954,0.753829,0.761888,0.711677,0.746501,0.606992,0.768978,0.776761,0.365358,0.374530,0.680572,0.695539,0.536377,0.771194,0.851277,0.715367,0.660797,0.657796,0.390195,0.652912,0.525987,0.736372,0.837041,0.761608,0.670946,0.464887,0.796463,0.442282,0.610300,0.733985,0.525431,0.708076,0.791066,0.748856,0.717223,0.360766,0.564152,0.839349,0.723151,0.672705,0.767588,0.677702,0.799050,0.742624,0.729727,0.773547,0.825172,0.780748,0.697193,0.737797,0.803521,0.804243,0.708424,0.535844,0.519544,0.698534,0.780694,0.702194,0.732993,0.699786,0.784847,0.731984,0.552833,0.743931,0.791411,0.732578,0.798119,0.778506,0.370326,0.573486,0.771441,0.812718,0.482456,0.787172,0.611542,0.788577,0.723156,0.860198,0.690084,0.771806,0.680375,0.843623,0.833353,0.787837,0.622964,0.705623,0.738227,0.725339,0.699395,0.820545,0.783612,0.718333,0.744105,0.771083,0.574837,0.719283,0.667506,0.549706,0.581394,0.818068,0.659532,0.896316,0.831974,0.755482,0.678623,0.868761,0.715277,0.701723,0.780143,0.743520,0.573183,0.817517,0.849729,0.681972,0.690768,0.705865,0.800456,0.862003,0.695608,0.760268,0.642227,0.773494,0.817348,0.542520,0.739587,0.738120,0.700876,0.571423,0.763598,0.786469,0.674992,0.736316,0.833391,0.390503,0.642487,0.714999,0.573531,0.632019,0.884582,0.576271,0.494695,0.765425,0.683324,0.741597,0.348981,0.746145,0.750707,0.784374,0.690382,0.523880,0.799078,0.646432,0.437447,0.754604,0.751068,0.380875,0.780752,0.872738,0.719290,0.000000,0.841886,0.736840,0.547347,0.843837,0.773179,0.666245,0.750174,0.766074,0.743632,0.724467,0.711627,0.791869,0.818215,0.717743,0.852704,0.433200,0.452482,0.540371,0.636238,0.434258,0.781746,0.769888,0.519983,0.806451,0.699294,0.704900,0.777203,0.470139,0.721611,0.742394,0.719515,0.782234,0.793435,0.783237,0.819728,0.692543,0.750594,0.737478,0.818959,0.742163,0.549599,0.693199,0.743951,0.666946,0.779338,0.745452,0.747874,0.666473,0.796671,0.798122,0.757830,0.731309,0.774338,0.775877,0.826007,0.725377,0.736401,0.704441,0.596393,0.767905,0.686567,0.762302,0.788798,0.770594,0.779136,0.659139,0.696432,0.886029,0.676705,0.669634,0.811826,0.725243,0.780842,0.685332,0.768842,0.798624,0.820386,0.408305,0.847608,0.537985,0.638582,0.813210,0.725380,0.431442,0.730912,0.824078,0.513726,0.780572,0.712624,0.754402,0.813106,0.689657,0.709999,0.762044,0.801245,0.865627,0.732853,0.721901,0.762285,0.807648,0.794362,0.644529,0.664055,0.809757,0.734077,0.396048,0.754738,0.808593,0.818140,0.731751,0.785866,0.851691,0.694224,0.804180,0.861878,0.799667,0.694994,0.772323,0.655480,0.458184,0.641718,0.800438,0.807357,0.705047,0.703493,0.813871,0.803474,0.728302,0.812529,0.444729,0.680027,0.706046,0.761848,0.783475,0.674638,0.804116,0.715761,0.875098,0.811288,0.758846,0.672928,0.745671,0.856826,0.663334,0.701859,0.773862,0.809832,0.616549,0.757015
0.585149,0.693477,0.628270,0.653063,0.679843,0.652286,0.577004,0.637779,0.447400,0.661521,0.581609,0.663367,0.614801,0.684677,0.626927,0.606698,0.673980,0.691577,0.659702,0.523140,0.561184,0.743485,0.475598,0.632727,0.396951,0.700985,0.562992,0.713278,0.654306,0.634792,0.734943,0.683604,0.809004,0.720799,0.664550,0.511417,0.603333,0.612377,0.612536,0.660943,0.655763,0.801672,0.760003,0.642397,0.642542,0.710142,0.604134,0.652183,0.693933,0.589051,0.668220,0.840038,0.660647,0.830906,0.698673,0.740267,0.731552,0.645070,0.666664,0.631935,0.731653,0.697608,0.837119,0.642641,0.637769,0.590678,0.681924,0.690900,0.674129,0.755852,0.669417,0.688720,0.549674,0.676444,0.691145,0.698446,0.696352,0.622223,0.696677,0.535009,0.671436,0.651821,0.684604,0.847262,0.667736,0.603195,0.763285,0.715500,0.719704,0.604088,0.622929,0.634012,0.759389,0.615081,0.779793,0.629617,0.786987,0.676564,0.712536,0.588540,0.706916,0.659954,0.698460,0.681009,0.756775,0.712470,0.796614,0.720006,0.688130,0.363097,0.841032,0.691205,0.598844,0.714720,0.675112,0.697839,0.875887,0.704054,0.563708,0.462587,0.617045,0.671535,0.732660,0.569193,0.663128,0.687370,0.663829,0.663416,0.771517,0.684862,0.687386,0.709024,0.497406,0.584403,0.605343,0.697553,0.756998,0.648289,0.751834,0.596091,0.559861,0.811646,0.728379,0.655926,0.698098,0.830638,0.673038,0.743432,0.786894,0.669848,0.745992,0.732406,0.665525,0.621204,0.492511,0.675306,0.631999,0.698690,0.677010,0.669807,0.682361,0.770913,0.600295,0.691460,0.619228,0.650904,0.675868,0.640224,0.688720,0.691624,0.658942,0.676491,0.859043,0.670423,0.536716,0.671415,0.750799,0.765953,0.727558,0.744579,0.802052,0.735633,0.708654,0.673719,0.730458,0.833128,0.695963,0.710302,0.677681,0.599633,0.642655,0.752888,0.669052,0.393086,0.726189,0.663443,0.664512,0.632936,0.709880,0.677419,0.860850,0.842083,0.625742,0.709295,0.749365,0.624676,0.675599,0.552139,0.670060,0.807029,0.886410,0.592942,0.767057,0.793700,0.753872,0.717945,0.644045,0.829029,0.675963,0.802466,0.746645,0.724289,0.666358,0.570936,0.684876,0.674303,0.777388,0.785536,0.754329,0.637886,0.365575,0.712046,0.675333,0.786590,0.760547,0.528049,0.527579,0.669268,0.760456,0.709739,0.742707,0.634864,0.710614,0.711470,0.557427,0.718997,0.842948,0.693829,0.717688,0.758194,0.619569,0.678602,0.706258,0.732628,0.641624,0.677970,0.680601,0.653013,0.727564,0.743462,0.832436,0.735065,0.736918,0.695291,0.734593,0.642322,0.756665,0.847078,0.717149,0.633328,0.636240,0.635479,0.763162,0.725558,0.726841,0.716509,0.464117,0.690606,0.760751,0.720405,0.699926,0.758854,0.768393,0.748340,0.637628,0.652333,0.770178,0.765073,0.643033,0.672777,0.728345,0.807549,0.807698,0.677574,0.651886,0.640505,0.522297,0.652642,0.733002,0.704755,0.604679,0.559888,0.639376,0.612399,0.655722,0.459927,0.706490,0.783753,0.614759,0.744004,0.687341,0.590302,0.591932,0.644862,0.740484,0.812417,0.660079,0.738064,0.642780,0.799423,0.655319,0.740975,0.743431,0.633657,0.739165,0.867305,0.666558,0.723779,0.764371,0.600189,0.730180,0.757006,0.733591,0.751072,0.688303,0.616675,0.857662,0.670415,0.764367,0.725511,0.689865,0.821012,0.613323,0.733807,0.863646,0.697214,0.694243,0.845451,0.707164,0.716490,0.737656,0.841886,0.000000,0.781194,0.731501,0.772217,0.797912,0.706229,0.563679,0.814629,0.758211,0.787022,0.762752,0.682117,0.719167,0.649320,0.639044,0.831283,0.861323,0.612862,0.814994,0.947751,0.698840,0.779397,0.831916,0.614265,0.702850,0.704593,0.711750,0.808482,0.765907,0.580474,0.668787,0.607640,0.723175,0.666697,0.719951,0.652962,0.740039,0.778225,0.725805,0.723392,0.690120,0.706128,0.585274,0.756403,0.654337,0.798680,0.645176,0.633295,0.815044,0.606759,0.658537,0.582196,0.610676,0.621176,0.781913,0.607043,0.695527,0.597520,0.771907,0.729777,0.627549,0.736063,0.760571,0.283486,0.410893,0.700760,0.715166,0.710525,0.731268,0.626782,0.742163,0.565741,0.681769,0.699903,0.409855,0.663382,0.695407,0.838650,0.747970,0.747032,0.841751,0.772044,0.574296,0.833907,0.775763,0.762058,0.752436,0.523654,0.799987,0.676792,0.680153,0.443946,0.786075,0.584597,0.667819,0.764338,0.749143,0.678579,0.759162,0.727108,0.657458,0.680886,0.766047,0.670849,0.784863,0.851639,0.727548,0.722625,0.606178,0.660668,0.717280,0.684747,0.735356,0.700177,0.721745,0.463133,0.709642,0.716836,0.695034,0.804033,0.662778,0.619825,0.785321,0.785578,0.601751,0.651410,0.622743,0.781827,0.522651,0.853486,0.683177,0.526013,0.735858,0.771338,0.584867,0.801644,0.694988,0.717945,0.724390,0.622717,0.704690,0.729882,0.721138,0.557392,0.570717,0.728549,0.667839,0.704962,0.657261
0.585624,0.495848,0.577862,0.606661,0.523751,0.555814,0.567956,0.637600,0.693602,0.492351,0.591392,0.448817,0.602163,0.578051,0.575099,0.610339,0.626479,0.563622,0.623479,0.623981,0.657274,0.649111,0.605114,0.636461,0.668959,0.509896,0.561972,0.645848,0.588306,0.637054,0.707814,0.584830,0.695327,0.617218,0.677227,0.621992,0.580432,0.540893,0.666133,0.545845,0.577283,0.666444,0.719079,0.746018,0.702657,0.695574,0.515156,0.668760,0.625831,0.588579,0.658429,0.656067,0.645488,0.752531,0.510311,0.687804,0.567862,0.593223,0.605480,0.639147,0.659594,0.529405,0.726599,0.580449,0.658112,0.662412,0.600383,0.700795,0.624502,0.652457,0.625532,0.618433,0.656289,0.496443,0.584691,0.583833,0.572366,0.506633,0.565413,0.727613,0.703785,0.611614,0.585426,0.727155,0.660181,0.551292,0.482578,0.594612,0.589107,0.628338,0.570251,0.621910,0.409061,0.644081,0.680785,0.531183,0.604276,0.653400,0.669797,0.577605,0.496415,0.595703,0.538376,0.589446,0.641157,0.438047,0.706294,0.375045,0.694528,0.665489,0.718520,0.646631,0.610434,0.511581,0.614777,0.683138,0.795249,0.667793,0.609917,0.642396,0.548018,0.726993,0.647043,0.771596,0.576663,0.718984,0.580022,0.661645,0.510468,0.585268,0.638910,0.581915,0.669664,0.489328,0.631299,0.574463,0.714598,0.716890,0.575729,0.623868,0.601732,0.748229,0.647170,0.442268,0.733941,0.785945,0.514608,0.585138,0.704496,0.655362,0.655929,0.678594,0.649646,0.671837,0.707373,0.640945,0.604023,0.646302,0.548656,0.500149,0.746786,0.725093,0.616912,0.663136,0.686135,0.723294,0.605732,0.671536,0.608036,0.714543,0.603279,0.635128,0.774452,0.565074,0.691939,0.563118,0.677511,0.778107,0.668352,0.664460,0.757541,0.624507,0.481108,0.607421,0.700131,0.663339,0.641762,0.505809,0.791681,0.642612,0.636742,0.661867,0.671253,0.707501,0.576820,0.660870,0.649711,0.674830,0.697149,0.715389,0.718327,0.683412,0.733089,0.657960,0.665284,0.625233,0.702098,0.670236,0.644026,0.650200,0.704898,0.763053,0.715980,0.726781,0.538381,0.717086,0.748744,0.771251,0.733936,0.836048,0.677689,0.707529,0.671848,0.667810,0.677452,0.565276,0.687738,0.768151,0.674357,0.686853,0.683062,0.628380,0.599806,0.639596,0.659615,0.668217,0.638330,0.725059,0.493083,0.699224,0.629000,0.791873,0.753572,0.629927,0.688594,0.688646,0.677651,0.612623,0.774701,0.574958,0.593196,0.630997,0.390337,0.611179,0.645991,0.628550,0.716803,0.703959,0.714775,0.660353,0.766545,0.656656,0.717410,0.521554,0.683937,0.662727,0.642333,0.741681,0.588503,0.638847,0.617818,0.612865,0.705277,0.680630,0.700785,0.699860,0.712350,0.492270,0.695737,0.599754,0.758393,0.670195,0.753147,0.682118,0.546753,0.716230,0.754898,0.611948,0.692311,0.617440,0.664696,0.695115,0.702779,0.662175,0.633271,0.646217,0.607164,0.724649,0.686382,0.667011,0.634360,0.669388,0.664752,0.645598,0.772260,0.683904,0.716204,0.635467,0.718764,0.702756,0.683890,0.567313,0.637134,0.692844,0.772086,0.830639,0.683963,0.680481,0.724731,0.650642,0.788304,0.678191,0.632933,0.652887,0.671754,0.730134,0.666053,0.614751,0.663948,0.660986,0.795498,0.792030,0.677149,0.648574,0.617121,0.650498,0.786494,0.551894,0.752129,0.798430,0.702538,0.695422,0.782314,0.697234,0.804828,0.551779,0.612033,0.790228,0.695729,0.741048,0.724746,0.736840,0.781194,0.000000,0.699882,0.705041,0.688391,0.543576,0.681325,0.667263,0.651265,0.637610,0.710586,0.545667,0.579198,0.684598,0.680453,0.734845,0.762302,0.723226,0.755755,0.725984,0.740104,0.689272,0.745683,0.664852,0.560129,0.653900,0.747638,0.719438,0.673829,0.701696,0.677542,0.587772,0.643451,0.752334,0.739421,0.815876,0.675368,0.677783,0.724275,0.322784,0.748175,0.640073,0.699577,0.709248,0.667318,0.075747,0.586975,0.709018,0.648973,0.493283,0.731964,0.677050,0.599650,0.636189,0.640803,0.666272,0.648194,0.662766,0.661574,0.733247,0.703623,0.658684,0.627591,0.751536,0.701536,0.706566,0.661242,0.746523,0.690646,0.726457,0.743563,0.769239,0.722459,0.539689,0.728927,0.760686,0.659495,0.814722,0.729600,0.733175,0.715954,0.568235,0.644574,0.755925,0.629110,0.598875,0.678113,0.655391,0.796474,0.659125,0.579953,0.636101,0.717019,0.817573,0.746094,0.758607,0.686251,0.635004,0.755171,0.767174,0.540042,0.483139,0.746419,0.716422,0.785628,0.783435,0.688076,0.674735,0.586333,0.682863,0.659525,0.753771,0.767475,0.682960,0.698861,0.752509,0.716326,0.651667,0.738693,0.793527,0.671924,0.714031,0.661476,0.738460,0.608652,0.769563,0.727082,0.653443,0.695109,0.765076,0.617177,0.733655,0.611995,0.650748,0.768642,0.778608,0.724099,0.682844,0.633604,0.716006,0.746779,0.631809,0.749019,0.675957,0.774484,0.697042,0.681112,0.659002,0.730200
0.585647,0.580982,0.621391,0.686847,0.592067,0.629655,0.644689,0.609323,0.652269,0.660499,0.654241,0.675922,0.499187,0.645694,0.525177,0.550141,0.546133,0.703784,0.544109,0.692730,0.556759,0.561439,0.563431,0.616240,0.660946,0.664225,0.610960,0.430739,0.588345,0.507052,0.605113,0.609187,0.487276,0.534103,0.481157,0.656455,0.597496,0.519356,0.650374,0.614364,0.499542,0.602886,0.588247,0.671701,0.656520,0.665725,0.568256,0.636691,0.533058,0.696091,0.617624,0.608708,0.590786,0.522524,0.646391,0.559179,0.569521,0.631527,0.683798,0.634275,0.474091,0.676696,0.454122,0.644931,0.682954,0.530359,0.613396,0.486233,0.610555,0.627176,0.611935,0.500287,0.694109,0.722907,0.618188,0.607273,0.685495,0.563521,0.614301,0.805091,0.698205,0.672852,0.584138,0.526066,0.565901,0.710791,0.743510,0.630755,0.681661,0.652026,0.643333,0.579086,0.684776,0.565791,0.628910,0.689050,0.598211,0.533442,0.665545,0.609479,0.608510,0.628752,0.553248,0.577880,0.555139,0.612284,0.529890,0.608739,0.521120,0.699930,0.576935,0.542742,0.718129,0.606091,0.548679,0.592058,0.632374,0.769133,0.676884,0.652120,0.632308,0.639668,0.538912,0.659479,0.591148,0.507674,0.661813,0.515225,0.568469,0.679828,0.613561,0.697780,0.706610,0.559241,0.632159,0.600451,0.582389,0.678284,0.631942,0.540090,0.635867,0.519887,0.598911,0.648476,0.679159,0.563067,0.636393,0.638980,0.700753,0.721213,0.565722,0.532989,0.561314,0.569389,0.655414,0.660408,0.657504,0.672666,0.603827,0.659386,0.767606,0.691383,0.657695,0.583235,0.695935,0.556371,0.555681,0.702436,0.617591,0.621323,0.718255,0.480888,0.537294,0.659246,0.520116,0.608284,0.595929,0.582787,0.599653,0.751409,0.756775,0.684989,0.741617,0.622771,0.593976,0.602465,0.508251,0.662768,0.657040,0.641913,0.611810,0.598190,0.687045,0.665614,0.715221,0.555309,0.576082,0.441302,0.701309,0.690050,0.537957,0.526876,0.616412,0.555243,0.666904,0.658526,0.744901,0.616924,0.576698,0.658571,0.552773,0.597929,0.469553,0.630332,0.855926,0.586224,0.576721,0.604027,0.720471,0.457915,0.660774,0.679991,0.519721,0.573426,0.677353,0.559425,0.612017,0.555358,0.488160,0.682674,0.598817,0.595223,0.591930,0.615976,0.768398,0.596946,0.696081,0.779218,0.844264,0.649884,0.552967,0.521310,0.820353,0.601123,0.651039,0.562468,0.591806,0.547501,0.748909,0.613012,0.620233,0.548864,0.675951,0.694639,0.578324,0.573810,0.672812,0.624218,0.649990,0.743826,0.542719,0.644675,0.644829,0.683558,0.557139,0.629452,0.611278,0.719647,0.638011,0.689227,0.633818,0.613039,0.662041,0.655833,0.687615,0.667770,0.668271,0.595450,0.626019,0.580222,0.726380,0.771111,0.652993,0.590202,0.573732,0.619830,0.620805,0.527980,0.591817,0.590308,0.636973,0.820086,0.693485,0.752360,0.701075,0.564980,0.603261,0.683609,0.643456,0.584402,0.622492,0.582275,0.498496,0.681910,0.749302,0.624465,0.593950,0.725567,0.597529,0.674054,0.588202,0.650638,0.587187,0.694657,0.697607,0.642568,0.542533,0.587688,0.522239,0.601015,0.672034,0.727849,0.621183,0.634550,0.760853,0.603005,0.565021,0.579526,0.582640,0.578710,0.776406,0.586970,0.475886,0.596205,0.667638,0.728068,0.502980,0.607746,0.758926,0.670004,0.607849,0.713996,0.724813,0.600096,0.632319,0.700444,0.624604,0.580330,0.516684,0.828729,0.782525,0.547347,0.731501,0.699882,0.000000,0.706239,0.872300,0.577008,0.713162,0.826454,0.747488,0.567031,0.777288,0.696449,0.731634,0.537794,0.680999,0.482333,0.546945,0.593874,0.641265,0.670851,0.685333,0.585834,0.645772,0.641787,0.692730,0.573467,0.661349,0.553000,0.564607,0.727615,0.676472,0.701904,0.733851,0.619786,0.682719,0.677618,0.790395,0.604436,0.763752,0.620730,0.637594,0.549626,0.756429,0.590985,0.605551,0.693854,0.594157,0.552760,0.748318,0.664457,0.630893,0.591678,0.595510,0.713765,0.772760,0.584904,0.687624,0.634088,0.578932,0.774453,0.652638,0.614645,0.717168,0.695629,0.606590,0.634752,0.661637,0.731800,0.786656,0.643278,0.800899,0.621684,0.612391,0.472891,0.673287,0.683079,0.560917,0.483275,0.688520,0.546460,0.714468,0.711369,0.644121,0.537885,0.787370,0.709585,0.512203,0.769423,0.632797,0.652098,0.780218,0.658359,0.703802,0.668671,0.738629,0.734781,0.559931,0.697132,0.718633,0.869515,0.787360,0.669725,0.599789,0.639604,0.587749,0.629675,0.734426,0.757370,0.727951,0.570706,0.735537,0.707954,0.723063,0.735248,0.714234,0.809705,0.653986,0.565638,0.497718,0.641348,0.645724,0.688101,0.711470,0.721279,0.715152,0.715249,0.708507,0.609519,0.743467,0.544496,0.629045,0.583748,0.624270,0.636834,0.475681,0.661949,0.746432,0.609003,0.688949,0.708408,0.616927,0.655543,0.697493,0.548180,0.673733,0.657790,0.615214,0.616809,0.580191
0.585693,0.678394,0.632276,0.647134,0.676118,0.477444,0.460972,0.707188,0.553336,0.565032,0.454375,0.536046,0.639389,0.586807,0.687975,0.703698,0.717057,0.553399,0.746487,0.475660,0.479288,0.805494,0.625472,0.724091,0.655547,0.692744,0.710806,0.747971,0.760767,0.774137,0.708098,0.563019,0.839917,0.724274,0.759410,0.500919,0.607255,0.677131,0.550987,0.694095,0.712810,0.709901,0.750861,0.675322,0.558111,0.731471,0.605866,0.649191,0.708872,0.577411,0.700894,0.634788,0.812465,0.883400,0.677086,0.706024,0.757803,0.735860,0.675575,0.674081,0.742285,0.758742,0.821463,0.628339,0.688329,0.747024,0.673660,0.781209,0.673112,0.542087,0.642452,0.704515,0.553301,0.630004,0.672330,0.661820,0.736795,0.718707,0.753799,0.626869,0.460960,0.713914,0.743753,0.839597,0.744068,0.566650,0.715866,0.750889,0.697999,0.694326,0.613114,0.745879,0.700799,0.786759,0.764011,0.530259,0.700147,0.734838,0.793139,0.668923,0.646392,0.539349,0.705183,0.730820,0.697640,0.716768,0.844282,0.679631,0.801238,0.691681,0.669133,0.751702,0.623536,0.556238,0.782802,0.743394,0.874914,0.488904,0.747484,0.772682,0.710461,0.775141,0.730595,0.773822,0.679281,0.792137,0.753158,0.734085,0.715583,0.687274,0.756169,0.473760,0.631954,0.747650,0.662150,0.744168,0.700407,0.662632,0.511622,0.726966,0.645741,0.849733,0.819749,0.615166,0.811377,0.813075,0.727787,0.642285,0.533004,0.664820,0.753987,0.745193,0.791250,0.776583,0.761979,0.720259,0.732908,0.520388,0.698826,0.591742,0.427941,0.784837,0.784031,0.757524,0.676376,0.790822,0.716086,0.642816,0.788776,0.820059,0.683549,0.748106,0.839523,0.603554,0.749162,0.714246,0.713753,0.682400,0.731661,0.758140,0.791546,0.619482,0.699934,0.744195,0.761324,0.692221,0.776365,0.637374,0.703771,0.648741,0.784477,0.795840,0.697157,0.641476,0.722680,0.755613,0.789058,0.720874,0.572508,0.758835,0.846027,0.812085,0.569449,0.752373,0.625894,0.663923,0.501430,0.818195,0.701844,0.682705,0.758676,0.795742,0.780686,0.645387,0.772951,0.815671,0.793052,0.739666,0.788917,0.850638,0.692899,0.781955,0.775222,0.777929,0.808127,0.714337,0.789268,0.800767,0.742392,0.583457,0.689733,0.678760,0.703055,0.708482,0.761242,0.780287,0.736840,0.837188,0.736652,0.807620,0.747246,0.770639,0.685527,0.732179,0.793489,0.743516,0.725912,0.786019,0.583791,0.791894,0.646727,0.589083,0.699732,0.717766,0.758616,0.763991,0.427444,0.549888,0.776916,0.640194,0.815468,0.768730,0.826664,0.649970,0.617625,0.769343,0.822777,0.853531,0.688889,0.709278,0.725775,0.748838,0.838811,0.457272,0.473744,0.807411,0.771667,0.728450,0.779046,0.784682,0.678888,0.728044,0.781207,0.759592,0.757376,0.842038,0.748018,0.697829,0.771451,0.749573,0.745114,0.634740,0.653040,0.705117,0.665919,0.769437,0.758493,0.372694,0.758421,0.795573,0.773947,0.723692,0.732773,0.756026,0.793028,0.689399,0.680441,0.734564,0.726286,0.411580,0.730164,0.740175,0.822997,0.669868,0.424486,0.817418,0.768784,0.804630,0.777195,0.788726,0.760349,0.495877,0.582198,0.731850,0.413122,0.776737,0.635051,0.812778,0.791355,0.773045,0.501233,0.739491,0.694758,0.804402,0.728489,0.740612,0.858934,0.751488,0.748539,0.835258,0.796211,0.719126,0.799531,0.676455,0.885473,0.607478,0.756282,0.867778,0.665323,0.501909,0.565183,0.843837,0.772217,0.705041,0.706239,0.000000,0.721381,0.720410,0.759178,0.631126,0.544254,0.762207,0.771356,0.741720,0.586669,0.780108,0.444544,0.868564,0.864376,0.680543,0.723751,0.850162,0.835174,0.765367,0.634423,0.726218,0.665933,0.733691,0.841712,0.827287,0.774182,0.726292,0.542888,0.647928,0.814533,0.508362,0.827155,0.750344,0.721356,0.791510,0.710985,0.745068,0.758138,0.786483,0.737145,0.669357,0.685867,0.720485,0.677054,0.814962,0.578105,0.689101,0.811412,0.737126,0.766205,0.682592,0.492564,0.763714,0.549316,0.625788,0.583450,0.630927,0.658877,0.798602,0.739097,0.754966,0.662198,0.681322,0.617267,0.348023,0.590218,0.612078,0.674898,0.516046,0.842089,0.729295,0.652635,0.579135,0.739795,0.772900,0.577779,0.791995,0.523880,0.467153,0.813465,0.826397,0.664945,0.443010,0.774615,0.592563,0.633683,0.539861,0.644448,0.734353,0.739835,0.784031,0.773567,0.847411,0.753417,0.690730,0.759889,0.706697,0.742254,0.713644,0.787546,0.697024,0.806317,0.840467,0.751731,0.491278,0.692722,0.770493,0.592190,0.358419,0.548425,0.671943,0.402831,0.782855,0.675259,0.670776,0.778075,0.894202,0.741073,0.776979,0.828026,0.561780,0.631093,0.752098,0.628134,0.686578,0.742838,0.884018,0.754744,0.655622,0.804123,0.711736,0.755090,0.779969,0.716480,0.619387,0.554276,0.690945,0.760174,0.719350,0.310352,0.833164,0.618641,0.825931,0.590781,0.725509,0.616517
0.585771,0.615059,0.699024,0.725393,0.661947,0.748127,0.757497,0.799856,0.658837,0.750324,0.720145,0.750971,0.718703,0.828924,0.733792,0.799688,0.757548,0.764094,0.780960,0.606512,0.688646,0.764255,0.663107,0.813968,0.769902,0.745993,0.666089,0.785381,0.796075,0.704265,0.810196,0.765537,0.735756,0.706313,0.745599,0.748696,0.750867,0.722950,0.748802,0.732368,0.693153,0.821754,0.757207,0.758762,0.638040,0.625555,0.697972,0.622264,0.796967,0.761864,0.809349,0.801930,0.681361,0.777282,0.767444,0.651011,0.749358,0.821059,0.769756,0.685634,0.760599,0.769290,0.766768,0.743301,0.743811,0.779500,0.797616,0.735969,0.682598,0.808929,0.694225,0.750389,0.719644,0.693639,0.648999,0.703175,0.822468,0.819773,0.782874,0.752072,0.778464,0.831613,0.741226,0.795610,0.795250,0.739809,0.739256,0.830032,0.529183,0.779659,0.782338,0.824444,0.703141,0.761459,0.658525,0.711090,0.782965,0.752870,0.702282,0.668653,0.746681,0.582200,0.836145,0.814427,0.685616,0.713192,0.808308,0.738569,0.806799,0.718692,0.802234,0.755566,0.742882,0.754235,0.771243,0.855047,0.806061,0.483200,0.780396,0.745647,0.761837,0.823433,0.839112,0.739218,0.754324,0.818001,0.789773,0.754102,0.740262,0.775206,0.808528,0.718491,0.792016,0.744128,0.679915,0.810361,0.785476,0.798161,0.792200,0.717317,0.750580,0.721215,0.850307,0.610245,0.865812,0.719291,0.783468,0.592938,0.697439,0.625447,0.841022,0.700058,0.856371,0.816953,0.833342,0.782414,0.767779,0.746023,0.751647,0.712275,0.661411,0.835651,0.772574,0.846007,0.757095,0.725882,0.815222,0.693583,0.848172,0.774897,0.711381,0.799558,0.803874,0.768808,0.782739,0.768338,0.742767,0.784956,0.819415,0.728561,0.763404,0.434398,0.748968,0.792221,0.808073,0.810297,0.739918,0.822154,0.800711,0.731246,0.826685,0.853405,0.682773,0.709116,0.723516,0.796641,0.860198,0.831118,0.810205,0.775232,0.756825,0.732833,0.683323,0.819892,0.759240,0.781392,0.660115,0.779346,0.819516,0.753036,0.715391,0.722144,0.732148,0.823951,0.730281,0.848458,0.763065,0.810816,0.801929,0.846467,0.668016,0.828869,0.734906,0.860659,0.789379,0.748452,0.849873,0.716193,0.711889,0.639905,0.745845,0.771280,0.795319,0.703383,0.835718,0.802535,0.775528,0.791585,0.662928,0.816739,0.787976,0.786275,0.757520,0.711107,0.819813,0.666925,0.824451,0.835556,0.762541,0.872614,0.787406,0.692961,0.725692,0.786388,0.677949,0.785376,0.667089,0.693832,0.704720,0.679074,0.762351,0.682583,0.838780,0.667263,0.629604,0.780168,0.847229,0.791953,0.568798,0.803095,0.779179,0.808730,0.810224,0.732216,0.700495,0.842857,0.757841,0.717107,0.780864,0.788885,0.610309,0.834259,0.701523,0.828635,0.678954,0.856115,0.666188,0.822239,0.842650,0.676190,0.839873,0.649151,0.699865,0.778618,0.817473,0.841548,0.683218,0.655906,0.836206,0.839894,0.820006,0.689114,0.730243,0.768979,0.854655,0.699105,0.756558,0.708293,0.904476,0.763667,0.799993,0.767629,0.824828,0.802034,0.770611,0.768685,0.751657,0.874986,0.754153,0.707847,0.803553,0.669210,0.812059,0.815359,0.738007,0.785807,0.775199,0.857402,0.847232,0.746964,0.751939,0.769973,0.703683,0.827258,0.754699,0.775069,0.792479,0.795888,0.761868,0.858795,0.779900,0.801158,0.784913,0.764623,0.778167,0.665135,0.813906,0.767870,0.823157,0.626486,0.715851,0.773179,0.797912,0.688391,0.872300,0.721381,0.000000,0.779376,0.767964,0.175997,0.716002,0.764536,0.834093,0.750516,0.667263,0.848848,0.709979,0.819253,0.784976,0.708773,0.800153,0.822747,0.891281,0.827220,0.789369,0.754190,0.759477,0.842055,0.841084,0.789600,0.821571,0.812296,0.723583,0.776161,0.824050,0.809773,0.794380,0.734733,0.667405,0.877263,0.681909,0.735440,0.657817,0.850918,0.859416,0.694505,0.775657,0.710670,0.801203,0.867221,0.725580,0.753430,0.889883,0.787057,0.815914,0.746773,0.756228,0.856552,0.839886,0.782345,0.613345,0.633715,0.725350,0.838385,0.816109,0.810808,0.771010,0.819660,0.742264,0.765621,0.803314,0.725556,0.749190,0.834792,0.804879,0.837151,0.683563,0.776524,0.812096,0.837066,0.781936,0.743282,0.723632,0.768297,0.773938,0.791917,0.222299,0.706569,0.751305,0.744347,0.674836,0.798413,0.859781,0.738726,0.616197,0.773179,0.764789,0.865519,0.767609,0.615880,0.824431,0.757991,0.711308,0.782696,0.743423,0.764146,0.781380,0.790218,0.678703,0.643212,0.605518,0.806370,0.795424,0.750992,0.845329,0.780562,0.771525,0.757838,0.673654,0.777401,0.861759,0.810594,0.687366,0.762728,0.818770,0.747536,0.736761,0.731672,0.897495,0.696681,0.743392,0.800626,0.763792,0.712990,0.856747,0.706124,0.753777,0.899683,0.652303,0.775431,0.749217,0.764141,0.670831,0.872973,0.821040,0.784184,0.621351,0.828124,0.796928,0.685943,0.742965
0.585885,0.462595,0.468561,0.563004,0.397699,0.490303,0.513415,0.434473,0.674136,0.481313,0.539972,0.549932,0.599239,0.522663,0.609745,0.506996,0.422441,0.554424,0.454567,0.668478,0.521927,0.554339,0.492906,0.498470,0.491823,0.556331,0.426198,0.464380,0.440370,0.515775,0.676813,0.541291,0.650086,0.622264,0.465516,0.576942,0.558619,0.483029,0.532445,0.402496,0.455963,0.595885,0.651808,0.743125,0.664695,0.651500,0.438861,0.596082,0.480981,0.575475,0.517157,0.712687,0.629362,0.702151,0.508641,0.670636,0.438045,0.442804,0.670171,0.553646,0.583214,0.618776,0.654233,0.501260,0.594036,0.443629,0.479987,0.579511,0.701399,0.693846,0.683967,0.596216,0.534888,0.525445,0.679609,0.666851,0.500928,0.391933,0.496340,0.605100,0.725634,0.500657,0.496865,0.661460,0.422850,0.641078,0.561620,0.450939,0.693942,0.464760,0.669411,0.344556,0.412523,0.483235,0.620042,0.600444,0.700697,0.606967,0.477393,0.477169,0.437768,0.645136,0.367261,0.409028,0.661298,0.423258,0.682204,0.386875,0.504813,0.566744,0.668869,0.484541,0.480483,0.422266,0.444168,0.533384,0.784028,0.743044,0.475915,0.408164,0.455429,0.553753,0.470221,0.760020,0.552710,0.505929,0.504810,0.545638,0.621859,0.494617,0.431856,0.505829,0.571233,0.369228,0.606445,0.409990,0.646453,0.659994,0.576450,0.484244,0.733384,0.675553,0.447089,0.494386,0.551800,0.665579,0.514219,0.683485,0.748040,0.730247,0.424701,0.642281,0.441391,0.520097,0.567646,0.570047,0.472359,0.742353,0.588201,0.550551,0.792377,0.543813,0.458115,0.442345,0.585804,0.599415,0.452985,0.739366,0.404021,0.565183,0.616054,0.539972,0.765936,0.547528,0.667161,0.095325,0.696861,0.586581,0.477550,0.694306,0.781206,0.740870,0.527454,0.453083,0.495010,0.628729,0.602600,0.442877,0.804880,0.605803,0.441961,0.415239,0.734410,0.714155,0.573298,0.453050,0.505030,0.493413,0.690820,0.606330,0.665516,0.622839,0.668982,0.421101,0.723363,0.500534,0.754911,0.523575,0.662244,0.657565,0.697343,0.602068,0.604001,0.701775,0.719735,0.499818,0.659184,0.756509,0.534959,0.668383,0.701330,0.611398,0.641314,0.409123,0.525166,0.486703,0.471399,0.738940,0.514833,0.731572,0.679162,0.659306,0.461039,0.513924,0.652608,0.529102,0.539134,0.619098,0.706638,0.528084,0.408911,0.617502,0.730822,0.610016,0.491002,0.724350,0.486478,0.410698,0.743209,0.465123,0.498895,0.670760,0.570776,0.522484,0.703609,0.501810,0.717804,0.730068,0.528647,0.788047,0.722940,0.761661,0.545129,0.504762,0.638831,0.498749,0.492573,0.671494,0.728116,0.550924,0.503310,0.430449,0.554268,0.744260,0.726909,0.547140,0.579555,0.500467,0.518234,0.402491,0.795212,0.743146,0.779554,0.448144,0.505128,0.540539,0.805236,0.525628,0.438116,0.700566,0.657032,0.695186,0.802891,0.663239,0.519887,0.495024,0.653255,0.777640,0.549346,0.600155,0.533470,0.621411,0.542289,0.487472,0.669393,0.742776,0.653289,0.670075,0.448520,0.752154,0.456958,0.447845,0.450819,0.613582,0.723485,0.679300,0.681583,0.437818,0.552286,0.711631,0.535866,0.750050,0.530696,0.485405,0.735204,0.702745,0.691690,0.411500,0.646052,0.634301,0.840781,0.771877,0.719947,0.462126,0.643620,0.545166,0.692432,0.345683,0.804043,0.676409,0.589263,0.560218,0.720606,0.704301,0.777267,0.678054,0.428864,0.727232,0.516121,0.782530,0.779461,0.666245,0.706229,0.543576,0.577008,0.720410,0.779376,0.000000,0.585989,0.733293,0.669972,0.655486,0.754606,0.472951,0.628268,0.450169,0.782666,0.747639,0.696157,0.672558,0.667110,0.744726,0.591275,0.525369,0.776058,0.494239,0.629914,0.497586,0.556197,0.565620,0.425817,0.515699,0.748206,0.389526,0.541227,0.652045,0.515777,0.736175,0.762184,0.515402,0.735555,0.447462,0.775239,0.324340,0.626518,0.733312,0.530100,0.615518,0.629489,0.458490,0.705989,0.596516,0.483993,0.639933,0.433725,0.478603,0.621323,0.456008,0.504771,0.695037,0.742577,0.672299,0.806815,0.495553,0.506164,0.695138,0.680415,0.417358,0.643768,0.830520,0.580284,0.695047,0.875623,0.689141,0.551330,0.485423,0.729910,0.680860,0.568519,0.757725,0.845101,0.635332,0.784128,0.552504,0.499014,0.656908,0.697540,0.722222,0.661574,0.731368,0.644746,0.695586,0.696105,0.554009,0.761011,0.771088,0.746172,0.655032,0.584068,0.672103,0.631561,0.752397,0.630306,0.385877,0.677215,0.658164,0.675136,0.772445,0.829287,0.757546,0.648906,0.621465,0.686106,0.781734,0.783141,0.640509,0.822187,0.694332,0.772780,0.541945,0.630401,0.668706,0.809785,0.687083,0.638440,0.782264,0.666252,0.655889,0.686184,0.643739,0.742564,0.745206,0.352713,0.611716,0.511837,0.574183,0.592425,0.635986,0.799890,0.697480,0.669541,0.720092,0.696738,0.572892,0.823030,0.533899,0.749414,0.623800,0.571235,0.769210,0.715683
0.585940,0.480000,0.489714,0.424503,0.514371,0.557829,0.630166,0.557280,0.525610,0.507165,0.616182,0.569321,0.454117,0.514884,0.440856,0.468022,0.498007,0.663654,0.476390,0.655757,0.539616,0.588847,0.482471,0.608891,0.485452,0.584076,0.427054,0.568709,0.500190,0.509173,0.757612,0.545628,0.692975,0.663154,0.463060,0.546671,0.433131,0.558297,0.616347,0.557590,0.516220,0.712594,0.757416,0.614747,0.656651,0.635473,0.592644,0.571443,0.517693,0.572201,0.556809,0.724321,0.550572,0.764938,0.549762,0.611292,0.502301,0.594477,0.497111,0.545770,0.598018,0.579781,0.705180,0.714980,0.591005,0.451722,0.547915,0.586808,0.665645,0.740512,0.503261,0.561927,0.665692,0.628267,0.612364,0.697338,0.522962,0.518049,0.568956,0.588573,0.753562,0.592880,0.530320,0.763185,0.538933,0.702630,0.653891,0.508148,0.686169,0.558518,0.614076,0.543123,0.655021,0.438786,0.642414,0.693123,0.748042,0.552683,0.516407,0.581437,0.524458,0.646535,0.491883,0.580904,0.685653,0.573013,0.707534,0.571401,0.487955,0.580920,0.802939,0.574847,0.614494,0.590121,0.495651,0.625345,0.769139,0.757308,0.557229,0.511022,0.384579,0.569523,0.579613,0.577393,0.573098,0.541015,0.577225,0.517404,0.702937,0.591686,0.531649,0.689682,0.643748,0.384509,0.605631,0.503024,0.679357,0.709056,0.770656,0.506418,0.619613,0.760042,0.613243,0.682651,0.595431,0.698056,0.695160,0.554510,0.754260,0.662248,0.576432,0.638756,0.603326,0.570329,0.561261,0.491150,0.626342,0.698894,0.544162,0.630856,0.697583,0.641986,0.362905,0.538134,0.645120,0.524535,0.494983,0.659228,0.619497,0.483198,0.529234,0.605897,0.781037,0.598096,0.506556,0.576389,0.752676,0.618428,0.563581,0.730196,0.620397,0.717024,0.713281,0.531675,0.598403,0.754969,0.610006,0.590415,0.788268,0.621288,0.483783,0.543251,0.613861,0.594183,0.672296,0.493392,0.600815,0.491679,0.739779,0.587325,0.747394,0.713687,0.658541,0.517096,0.709973,0.650114,0.701322,0.338312,0.598525,0.643297,0.730235,0.456692,0.658284,0.740126,0.681232,0.577176,0.457470,0.828831,0.591746,0.696869,0.733716,0.645231,0.600553,0.512067,0.607169,0.529407,0.576758,0.806323,0.659522,0.612616,0.581885,0.660099,0.543575,0.658048,0.532367,0.325014,0.675332,0.550316,0.706993,0.540663,0.589609,0.470129,0.605885,0.648469,0.578594,0.686568,0.764985,0.567371,0.638240,0.627054,0.554128,0.604215,0.669517,0.704356,0.662121,0.543518,0.602585,0.736553,0.653548,0.708538,0.745145,0.676146,0.588854,0.627611,0.740751,0.560770,0.600314,0.643908,0.703262,0.505829,0.641750,0.461801,0.629349,0.676520,0.781681,0.559348,0.643578,0.524501,0.543363,0.593953,0.654825,0.744086,0.715308,0.599481,0.582131,0.653321,0.713406,0.685546,0.612038,0.660490,0.794301,0.719952,0.705658,0.528284,0.654040,0.526054,0.585075,0.765938,0.596817,0.622099,0.600061,0.496218,0.544343,0.664689,0.580909,0.559139,0.648893,0.644085,0.559884,0.694754,0.607007,0.595702,0.563898,0.405465,0.732339,0.725868,0.661388,0.526120,0.528888,0.689276,0.549530,0.674568,0.768446,0.365801,0.743848,0.759656,0.662296,0.645276,0.770453,0.645825,0.695967,0.700158,0.649600,0.620578,0.712149,0.668760,0.788859,0.569239,0.775319,0.612418,0.589650,0.797097,0.604842,0.619024,0.761643,0.705301,0.632714,0.772839,0.524780,0.768387,0.784721,0.750174,0.563679,0.681325,0.713162,0.759178,0.767964,0.585989,0.000000,0.796391,0.680158,0.702013,0.639101,0.640975,0.721049,0.615236,0.680002,0.844874,0.783687,0.611105,0.626466,0.797744,0.651743,0.595883,0.818001,0.617353,0.556688,0.584922,0.580655,0.703044,0.561100,0.672491,0.739700,0.648780,0.648607,0.701210,0.616388,0.605797,0.692444,0.573853,0.652973,0.655959,0.728453,0.497644,0.723204,0.677560,0.624405,0.696501,0.746177,0.653048,0.734051,0.675274,0.454877,0.653007,0.521605,0.695854,0.757130,0.518257,0.688682,0.733417,0.745767,0.615600,0.712871,0.556867,0.612745,0.537678,0.606859,0.612349,0.775384,0.808567,0.742671,0.579095,0.793124,0.536802,0.590055,0.531377,0.568771,0.630048,0.614087,0.780439,0.735900,0.640828,0.884112,0.638575,0.486432,0.807431,0.819783,0.697376,0.620487,0.579737,0.727531,0.651549,0.678439,0.593808,0.714283,0.533119,0.705282,0.652304,0.683316,0.652624,0.598986,0.758639,0.668384,0.712339,0.687198,0.628541,0.561259,0.829480,0.669638,0.754988,0.608369,0.550904,0.609212,0.715940,0.838668,0.702159,0.810916,0.660250,0.675117,0.639763,0.673770,0.784182,0.711627,0.661045,0.669353,0.763966,0.571695,0.649847,0.735790,0.677866,0.515232,0.833601,0.598094,0.563545,0.558967,0.659072,0.428736,0.611263,0.697944,0.625588,0.699396,0.738488,0.656028,0.737863,0.772179,0.392755,0.589056,0.569199,0.495073,0.742823,0.626859
0.586594,0.640237,0.679510,0.728107,0.654132,0.656996,0.692607,0.783801,0.652201,0.681101,0.660089,0.687548,0.692411,0.774897,0.707044,0.777013,0.723990,0.730113,0.727572,0.594968,0.623531,0.761634,0.646427,0.788001,0.724095,0.737435,0.710806,0.748993,0.772537,0.705161,0.776059,0.756818,0.720125,0.674432,0.732060,0.694768,0.723559,0.701574,0.705499,0.694149,0.695279,0.744616,0.690814,0.728625,0.630009,0.647828,0.656203,0.663935,0.760652,0.705305,0.771730,0.755890,0.666219,0.754033,0.743121,0.675983,0.746957,0.781629,0.767633,0.681941,0.730085,0.751745,0.769318,0.712921,0.696447,0.758852,0.743496,0.715738,0.630872,0.757232,0.650383,0.719715,0.652623,0.661927,0.663729,0.667168,0.742974,0.803117,0.758133,0.732795,0.760497,0.788281,0.714890,0.784884,0.773796,0.685845,0.715860,0.791162,0.552001,0.709001,0.768885,0.797404,0.663067,0.738744,0.650676,0.652846,0.777564,0.734607,0.706169,0.675658,0.722884,0.527969,0.781947,0.766106,0.692283,0.701796,0.792891,0.697004,0.783232,0.733554,0.753068,0.732133,0.706189,0.661569,0.752533,0.830854,0.786478,0.507072,0.748394,0.735331,0.758911,0.807848,0.798166,0.758272,0.705967,0.784087,0.762564,0.699761,0.778778,0.723490,0.747800,0.591998,0.746601,0.743057,0.655032,0.760010,0.759209,0.766206,0.763262,0.692325,0.735037,0.704739,0.807046,0.528638,0.838764,0.681118,0.777792,0.641638,0.650912,0.603742,0.786592,0.699745,0.808776,0.762191,0.796127,0.771566,0.740390,0.703143,0.711731,0.651257,0.528713,0.779109,0.736030,0.781374,0.720001,0.713884,0.778225,0.681476,0.814611,0.775294,0.659198,0.775744,0.793333,0.694009,0.767935,0.754818,0.724722,0.745905,0.740242,0.722873,0.816466,0.524425,0.682913,0.789329,0.752411,0.777345,0.718232,0.804829,0.772668,0.684133,0.768135,0.826609,0.705025,0.687992,0.715986,0.748453,0.825886,0.779887,0.759330,0.774205,0.746029,0.736447,0.624248,0.763685,0.713879,0.726883,0.623831,0.809541,0.810075,0.751415,0.728700,0.750116,0.743560,0.829516,0.733619,0.824272,0.765462,0.777032,0.784825,0.819884,0.644596,0.766659,0.715420,0.808436,0.775932,0.724723,0.793742,0.745429,0.700751,0.645419,0.777182,0.734438,0.754888,0.724135,0.832295,0.795113,0.721422,0.764540,0.696923,0.803877,0.730999,0.764752,0.739142,0.679940,0.802958,0.692856,0.776159,0.788675,0.764647,0.795356,0.785041,0.670863,0.683309,0.775002,0.658526,0.770638,0.556856,0.615361,0.715667,0.635117,0.739829,0.698809,0.824655,0.633219,0.565421,0.749913,0.837872,0.824086,0.592655,0.776346,0.749292,0.778723,0.827106,0.723470,0.694042,0.814089,0.753875,0.684493,0.782705,0.691800,0.598945,0.769400,0.755141,0.771407,0.732216,0.825050,0.694486,0.785830,0.817823,0.662260,0.815530,0.604177,0.700747,0.778969,0.726453,0.838145,0.708655,0.524132,0.787949,0.834483,0.812461,0.722834,0.719143,0.735522,0.846207,0.684192,0.673377,0.687188,0.869509,0.649872,0.743447,0.744000,0.790640,0.750300,0.702167,0.702672,0.709817,0.837168,0.761781,0.703084,0.792430,0.632235,0.789475,0.783233,0.672497,0.774396,0.762937,0.778448,0.819353,0.757720,0.658671,0.735419,0.678342,0.765645,0.767170,0.736023,0.762920,0.739544,0.741074,0.788645,0.729758,0.772284,0.811866,0.716883,0.762227,0.657431,0.782935,0.749912,0.764135,0.585530,0.719127,0.766074,0.814629,0.667263,0.826454,0.631126,0.175997,0.733293,0.796391,0.000000,0.677392,0.757902,0.817459,0.712614,0.607096,0.813652,0.729567,0.807474,0.760870,0.652527,0.788946,0.818018,0.860759,0.787078,0.725865,0.768576,0.741788,0.803982,0.833391,0.776136,0.774260,0.783737,0.673652,0.754054,0.807021,0.742241,0.807819,0.717127,0.642215,0.839810,0.746711,0.706453,0.647851,0.813287,0.851572,0.710176,0.694568,0.694683,0.723774,0.859552,0.684527,0.724386,0.876664,0.775941,0.767340,0.688026,0.717256,0.808568,0.766255,0.702265,0.614164,0.622688,0.696653,0.808130,0.803698,0.822927,0.750622,0.761905,0.702945,0.623440,0.789918,0.702421,0.707665,0.797014,0.781889,0.798685,0.691213,0.778256,0.792458,0.783118,0.750182,0.752136,0.619349,0.743008,0.745251,0.740045,0.124244,0.632662,0.726732,0.675523,0.734865,0.703919,0.863905,0.742394,0.645435,0.787923,0.784392,0.868642,0.752308,0.636693,0.795803,0.724852,0.710863,0.743035,0.761612,0.722015,0.773632,0.756923,0.679580,0.562778,0.620275,0.796117,0.764246,0.713913,0.782114,0.764451,0.723618,0.781385,0.649561,0.765733,0.905564,0.805492,0.699482,0.771551,0.798853,0.744081,0.700117,0.700181,0.851860,0.729861,0.758906,0.790747,0.817720,0.711645,0.814604,0.649445,0.732965,0.873345,0.719621,0.732690,0.704727,0.741320,0.721783,0.820183,0.733394,0.784528,0.614499,0.829532,0.719668,0.710746,0.700010
0.586615,0.558803,0.618288,0.694548,0.655065,0.528946,0.586806,0.738443,0.623236,0.535355,0.571897,0.550548,0.581047,0.582928,0.629066,0.643321,0.733275,0.573814,0.752972,0.621295,0.538347,0.739240,0.608702,0.712615,0.661579,0.599836,0.641825,0.768328,0.759304,0.676922,0.623860,0.576028,0.724596,0.652272,0.739921,0.630205,0.617625,0.643433,0.663811,0.648993,0.713224,0.703265,0.794524,0.694345,0.603982,0.711789,0.582223,0.727258,0.739957,0.639324,0.738442,0.666387,0.730775,0.839936,0.642166,0.700213,0.746356,0.729476,0.564002,0.637380,0.746154,0.729013,0.791944,0.642350,0.721779,0.726082,0.609185,0.696619,0.674648,0.613055,0.689010,0.698633,0.539634,0.591298,0.692615,0.697122,0.638613,0.661590,0.695080,0.613460,0.637175,0.644401,0.756511,0.787108,0.748886,0.628702,0.642130,0.735515,0.735588,0.664807,0.653332,0.743299,0.579962,0.741441,0.755091,0.600125,0.732461,0.696528,0.732928,0.634792,0.594056,0.603388,0.678686,0.754278,0.638428,0.642928,0.798050,0.649599,0.770808,0.662427,0.701485,0.739546,0.603714,0.592487,0.785160,0.812756,0.786153,0.619809,0.686037,0.747563,0.652126,0.767467,0.755367,0.730053,0.686974,0.705578,0.668470,0.678192,0.616388,0.614069,0.775366,0.486411,0.631642,0.681795,0.700834,0.725959,0.679606,0.661794,0.557657,0.708730,0.704795,0.738537,0.797509,0.649449,0.739738,0.790807,0.658613,0.652245,0.638304,0.664234,0.778297,0.687175,0.817792,0.739903,0.722421,0.723964,0.753283,0.658436,0.672515,0.628241,0.540973,0.774534,0.712141,0.754468,0.742224,0.730850,0.748412,0.740476,0.776849,0.757840,0.656903,0.801823,0.835593,0.573232,0.711318,0.664705,0.684770,0.749341,0.687379,0.740108,0.691724,0.629320,0.612528,0.733331,0.764153,0.702390,0.731840,0.519919,0.716447,0.647093,0.771419,0.759767,0.725850,0.709696,0.623787,0.770911,0.775708,0.692981,0.643629,0.747827,0.795731,0.726844,0.572114,0.731120,0.686789,0.740618,0.581029,0.776189,0.661288,0.726034,0.770038,0.762152,0.695031,0.621216,0.652935,0.797868,0.764750,0.654751,0.754782,0.806834,0.713862,0.749696,0.732381,0.700261,0.762554,0.626826,0.785952,0.768286,0.778633,0.577344,0.695485,0.681005,0.607199,0.663544,0.744886,0.831294,0.707111,0.811239,0.625437,0.804428,0.796339,0.784927,0.677736,0.710209,0.749364,0.713481,0.731024,0.784390,0.613698,0.728373,0.610729,0.616817,0.632842,0.665893,0.782333,0.782215,0.564016,0.663307,0.763109,0.563066,0.809542,0.669340,0.804958,0.596275,0.628204,0.754495,0.725714,0.752912,0.725067,0.539271,0.737143,0.717585,0.835245,0.700172,0.572007,0.820793,0.726343,0.658422,0.718131,0.778817,0.609514,0.719380,0.778845,0.776107,0.723306,0.825948,0.793492,0.777166,0.743535,0.758551,0.647489,0.751110,0.691907,0.569298,0.710029,0.684227,0.718411,0.562772,0.807083,0.785054,0.657479,0.726930,0.701454,0.701756,0.762152,0.696322,0.513458,0.657419,0.694970,0.646995,0.751452,0.724796,0.753893,0.696416,0.555792,0.822378,0.690250,0.743529,0.784767,0.707273,0.762444,0.491826,0.645941,0.711782,0.463644,0.719804,0.575887,0.772671,0.741625,0.708930,0.648454,0.678009,0.651586,0.797968,0.666882,0.688198,0.800615,0.659405,0.760715,0.794646,0.831599,0.754938,0.791654,0.687137,0.803864,0.601189,0.720917,0.843568,0.793006,0.691045,0.603956,0.743632,0.758211,0.651265,0.747488,0.544254,0.716002,0.669972,0.680158,0.677392,0.000000,0.737955,0.706863,0.743470,0.648009,0.829824,0.605272,0.820978,0.823885,0.724207,0.674339,0.793267,0.858417,0.758073,0.614863,0.697507,0.659300,0.743133,0.841310,0.778504,0.796163,0.689114,0.594568,0.614755,0.773225,0.636868,0.799347,0.723436,0.631764,0.762456,0.753061,0.663891,0.705768,0.752946,0.723594,0.683507,0.626603,0.683705,0.631106,0.798772,0.667291,0.721768,0.766034,0.758675,0.754887,0.704431,0.220881,0.742240,0.634421,0.657407,0.643710,0.625908,0.714421,0.808996,0.710094,0.717983,0.688828,0.702401,0.667046,0.605953,0.667654,0.617911,0.661646,0.678168,0.863351,0.729638,0.712709,0.596792,0.792337,0.828488,0.644171,0.752784,0.667902,0.522978,0.658273,0.839822,0.681003,0.656213,0.723977,0.532472,0.676121,0.612090,0.522022,0.718861,0.801964,0.733167,0.834077,0.787491,0.721212,0.776151,0.739579,0.765071,0.752790,0.664603,0.788437,0.695622,0.831410,0.830087,0.772492,0.584567,0.633481,0.793259,0.608126,0.626400,0.751144,0.621281,0.605783,0.757844,0.623804,0.690611,0.823164,0.822484,0.765878,0.761160,0.802738,0.679257,0.553375,0.682629,0.581693,0.707174,0.759754,0.798071,0.688091,0.638374,0.746996,0.778690,0.749002,0.805319,0.717112,0.696012,0.680180,0.726680,0.693772,0.758728,0.610022,0.741221,0.630775,0.712251,0.650975,0.775728,0.619719
0.586635,0.569557,0.549190,0.615546,0.533089,0.632774,0.687260,0.493795,0.718366,0.576163,0.697629,0.550896,0.534367,0.581980,0.480427,0.359412,0.494247,0.602595,0.512570,0.758976,0.533340,0.546726,0.618754,0.504189,0.568595,0.551536,0.557733,0.413853,0.472575,0.495623,0.665134,0.496368,0.597641,0.579477,0.473612,0.709167,0.623655,0.514935,0.755298,0.527062,0.355603,0.702454,0.612243,0.706782,0.776874,0.616167,0.525826,0.429871,0.438123,0.711023,0.610711,0.693194,0.609766,0.622500,0.521395,0.513795,0.479288,0.448357,0.641791,0.636451,0.590758,0.552820,0.598306,0.664493,0.528003,0.523374,0.423625,0.541970,0.556142,0.758107,0.779317,0.589049,0.724253,0.582845,0.657968,0.681865,0.618230,0.431880,0.522406,0.692676,0.775236,0.599385,0.537231,0.634753,0.487114,0.714653,0.574471,0.481558,0.665923,0.662249,0.669604,0.479442,0.530406,0.517556,0.706384,0.718560,0.682725,0.574831,0.620341,0.669168,0.487571,0.644917,0.488963,0.575380,0.571346,0.515514,0.602121,0.493701,0.470531,0.758779,0.713373,0.449654,0.655455,0.669982,0.485834,0.487197,0.693293,0.725953,0.634515,0.547244,0.567499,0.533854,0.422612,0.671664,0.544021,0.539584,0.573879,0.592057,0.547607,0.548207,0.487966,0.734199,0.645788,0.499340,0.653252,0.463276,0.516498,0.604185,0.645352,0.571256,0.713490,0.648874,0.489936,0.650467,0.627474,0.597008,0.518325,0.453364,0.768273,0.654966,0.468639,0.561254,0.416159,0.430729,0.523867,0.518593,0.649015,0.768270,0.500675,0.661546,0.763830,0.610876,0.595644,0.410560,0.670838,0.641387,0.493173,0.763467,0.463468,0.562165,0.646704,0.463133,0.614770,0.656206,0.606586,0.702040,0.716887,0.595478,0.570272,0.679722,0.617909,0.633978,0.653846,0.622655,0.489551,0.700954,0.564547,0.662025,0.738761,0.763517,0.498865,0.521320,0.678051,0.789797,0.601625,0.504898,0.418639,0.497304,0.826629,0.693948,0.615973,0.592345,0.705376,0.426517,0.715520,0.746324,0.708478,0.551894,0.552167,0.719624,0.603311,0.583030,0.595419,0.566747,0.773686,0.505500,0.559672,0.704600,0.688543,0.642875,0.642708,0.607795,0.581571,0.531449,0.611346,0.508495,0.482597,0.715907,0.508882,0.663116,0.783800,0.651627,0.415196,0.597955,0.580443,0.611067,0.759355,0.669899,0.767767,0.590329,0.431790,0.557995,0.822383,0.547713,0.497461,0.628243,0.701274,0.413738,0.722473,0.549444,0.528478,0.602304,0.663206,0.675423,0.654781,0.508221,0.755545,0.642331,0.572263,0.689076,0.694496,0.662780,0.596070,0.571790,0.736209,0.483160,0.514568,0.582725,0.569716,0.548773,0.699468,0.496932,0.572492,0.750045,0.714221,0.605017,0.763584,0.476769,0.555813,0.513521,0.635639,0.673879,0.567051,0.461957,0.571783,0.576495,0.669908,0.573168,0.501752,0.670667,0.651701,0.773942,0.665954,0.611166,0.676390,0.414334,0.629416,0.740574,0.534852,0.463649,0.441139,0.657879,0.560270,0.554468,0.732842,0.688222,0.542567,0.591800,0.552304,0.783276,0.471015,0.671543,0.444926,0.689341,0.721446,0.617687,0.543353,0.543655,0.476338,0.608372,0.646313,0.784388,0.717336,0.663191,0.759647,0.773662,0.489228,0.491513,0.738022,0.535655,0.769942,0.666043,0.669363,0.493585,0.636958,0.681116,0.660487,0.558953,0.754343,0.571180,0.549331,0.787345,0.701382,0.634845,0.690444,0.794109,0.585234,0.625742,0.570586,0.822983,0.801097,0.724467,0.787022,0.637610,0.567031,0.762207,0.764536,0.655486,0.702013,0.757902,0.737955,0.000000,0.652094,0.674606,0.778391,0.401557,0.773495,0.511820,0.668831,0.667754,0.629758,0.718600,0.617294,0.459273,0.733518,0.651263,0.760323,0.506473,0.626641,0.697271,0.445739,0.553641,0.698005,0.606345,0.685303,0.738474,0.567368,0.586315,0.712561,0.499840,0.709394,0.604165,0.773816,0.510986,0.650759,0.492144,0.503319,0.623678,0.569627,0.476202,0.816216,0.691433,0.586749,0.563700,0.535157,0.814251,0.716016,0.480461,0.792458,0.737243,0.562809,0.832195,0.735410,0.560536,0.719697,0.737057,0.625434,0.651378,0.699761,0.810514,0.803555,0.704614,0.779760,0.720521,0.535239,0.384541,0.780025,0.638875,0.492334,0.724206,0.738761,0.598003,0.733707,0.754698,0.575209,0.650096,0.758721,0.753710,0.646757,0.811994,0.604954,0.831855,0.662167,0.695064,0.704134,0.708513,0.574504,0.695142,0.098040,0.798711,0.626140,0.890011,0.695430,0.636789,0.675783,0.605969,0.600451,0.730275,0.663056,0.786618,0.705097,0.524008,0.522116,0.755371,0.810120,0.641267,0.826953,0.748987,0.704117,0.174735,0.648829,0.730191,0.633402,0.664875,0.613785,0.770042,0.684557,0.643958,0.678591,0.529290,0.752973,0.689493,0.721936,0.645975,0.601994,0.631258,0.577365,0.652619,0.697266,0.630501,0.744572,0.633335,0.599269,0.677657,0.759725,0.499035,0.748499,0.573050,0.686035,0.612895,0.542727
0.586793,0.609471,0.563628,0.564411,0.600412,0.682084,0.720103,0.565129,0.687862,0.610314,0.764356,0.652679,0.554855,0.670646,0.607659,0.535473,0.596105,0.685376,0.623317,0.762402,0.613011,0.641942,0.656176,0.679841,0.627198,0.618381,0.635692,0.557818,0.577443,0.539374,0.628695,0.602494,0.680426,0.644622,0.554730,0.752473,0.625200,0.643297,0.754824,0.598918,0.561093,0.726250,0.762360,0.656361,0.786068,0.633752,0.663951,0.580909,0.594091,0.738344,0.640676,0.759302,0.649853,0.737978,0.663043,0.636065,0.605548,0.637661,0.636082,0.692138,0.606758,0.607463,0.696208,0.731384,0.569441,0.589079,0.487678,0.611571,0.662316,0.774716,0.663149,0.637600,0.720097,0.687265,0.621292,0.760812,0.695778,0.598878,0.690968,0.735157,0.808829,0.720449,0.652241,0.726470,0.542175,0.757267,0.637251,0.611999,0.704182,0.669194,0.759632,0.620455,0.652070,0.578724,0.648950,0.745493,0.657884,0.609435,0.675637,0.720003,0.628931,0.709980,0.664046,0.660187,0.616679,0.630281,0.751172,0.679696,0.556131,0.737210,0.808453,0.572499,0.581426,0.696589,0.599970,0.575405,0.738520,0.788395,0.716776,0.642227,0.608472,0.577502,0.610125,0.658901,0.626766,0.609416,0.621050,0.659306,0.637782,0.622304,0.601719,0.806192,0.684963,0.602126,0.736614,0.615885,0.623956,0.640119,0.751807,0.618121,0.815880,0.677737,0.682868,0.719952,0.651188,0.629159,0.698906,0.642267,0.709774,0.713840,0.617645,0.623230,0.610446,0.547955,0.634247,0.624613,0.764675,0.816496,0.637872,0.635765,0.743021,0.670689,0.637957,0.601298,0.694772,0.650670,0.608248,0.739492,0.651012,0.617981,0.673770,0.611646,0.778120,0.746044,0.631612,0.726019,0.778576,0.711109,0.619846,0.708964,0.617966,0.734221,0.747446,0.644909,0.590235,0.809250,0.653609,0.693758,0.750547,0.746302,0.658463,0.696928,0.679155,0.788989,0.694182,0.591406,0.623911,0.611502,0.835047,0.675798,0.748457,0.738568,0.716498,0.600909,0.779659,0.757801,0.796395,0.634296,0.602831,0.734339,0.744899,0.592476,0.593850,0.684267,0.767961,0.622082,0.559523,0.821508,0.672556,0.744488,0.733791,0.647140,0.653125,0.614540,0.670322,0.670608,0.655446,0.754185,0.690748,0.700561,0.826934,0.615594,0.535065,0.680904,0.602747,0.685258,0.755420,0.710020,0.685369,0.590734,0.640413,0.606618,0.709846,0.689726,0.664656,0.703105,0.791948,0.631195,0.690827,0.672131,0.649726,0.653429,0.739310,0.747998,0.705860,0.609253,0.793504,0.743648,0.632912,0.709232,0.770687,0.628312,0.616626,0.716215,0.718509,0.637524,0.704930,0.671338,0.700661,0.575990,0.769444,0.642335,0.655602,0.754941,0.765376,0.640555,0.702592,0.644545,0.610203,0.694275,0.737449,0.682746,0.677622,0.629745,0.668613,0.677651,0.755518,0.792917,0.619724,0.701991,0.703041,0.797201,0.631496,0.604958,0.761059,0.631726,0.680158,0.765561,0.630851,0.565431,0.606269,0.677366,0.648098,0.706530,0.648410,0.657758,0.678954,0.657330,0.617085,0.744594,0.543928,0.796786,0.601231,0.663978,0.779182,0.640105,0.656979,0.697896,0.627982,0.655755,0.663406,0.758928,0.805403,0.711271,0.761454,0.694884,0.636325,0.696099,0.805339,0.642840,0.746161,0.682210,0.820072,0.653630,0.740947,0.743480,0.783355,0.661063,0.791262,0.615622,0.592508,0.797521,0.690281,0.725478,0.772322,0.754256,0.784209,0.787577,0.673991,0.829629,0.757909,0.711627,0.762752,0.710586,0.777288,0.771356,0.834093,0.754606,0.639101,0.817459,0.706863,0.652094,0.000000,0.776550,0.761100,0.640019,0.780076,0.767843,0.785787,0.717706,0.588202,0.682748,0.649743,0.587093,0.734932,0.690903,0.731860,0.570869,0.652266,0.722771,0.625360,0.728373,0.773448,0.659834,0.618301,0.690840,0.713915,0.701806,0.759444,0.606298,0.732570,0.766424,0.710354,0.724739,0.734790,0.626491,0.585816,0.723741,0.709582,0.622930,0.824352,0.837494,0.604837,0.697034,0.672168,0.884996,0.759648,0.610237,0.847857,0.721171,0.711084,0.784407,0.670063,0.646870,0.777291,0.732505,0.708437,0.608120,0.739478,0.738793,0.793345,0.649599,0.832088,0.778556,0.661324,0.625290,0.839873,0.705938,0.624017,0.797952,0.751945,0.676929,0.767195,0.788469,0.635913,0.760307,0.834555,0.767359,0.702788,0.747694,0.739779,0.779731,0.602349,0.671240,0.698478,0.675224,0.665694,0.649881,0.623330,0.786877,0.579782,0.715901,0.788978,0.799426,0.711601,0.691217,0.697724,0.806919,0.730078,0.823252,0.745764,0.631854,0.570529,0.736958,0.825028,0.716809,0.755609,0.739678,0.682976,0.586837,0.648598,0.768942,0.748660,0.716281,0.739072,0.789509,0.701464,0.625908,0.701547,0.683293,0.729024,0.797976,0.758643,0.644420,0.672661,0.651814,0.638143,0.665200,0.726380,0.681255,0.811462,0.721551,0.697762,0.740013,0.778626,0.611922,0.764981,0.608626,0.674706,0.733807,0.642027
0.587127,0.470505,0.503520,0.606564,0.419568,0.331106,0.339206,0.504056,0.503414,0.365749,0.389876,0.482380,0.716906,0.427643,0.647636,0.541060,0.381180,0.628441,0.380009,0.664609,0.506410,0.528751,0.369276,0.380897,0.377487,0.500184,0.550138,0.576376,0.498138,0.548460,0.782437,0.642013,0.726420,0.684348,0.561929,0.374958,0.459137,0.406870,0.361279,0.437963,0.520334,0.576639,0.728957,0.783660,0.568253,0.707876,0.510269,0.519551,0.558680,0.170860,0.568536,0.697670,0.642574,0.790992,0.386036,0.721541,0.504111,0.399058,0.623883,0.510510,0.696154,0.525765,0.740487,0.605480,0.435383,0.405296,0.585126,0.648937,0.536888,0.740793,0.656870,0.700061,0.408247,0.487682,0.714054,0.593469,0.330126,0.534440,0.432019,0.480798,0.743742,0.383280,0.526283,0.740073,0.557914,0.434208,0.541702,0.514568,0.687968,0.494413,0.438366,0.425354,0.432293,0.406336,0.709282,0.454488,0.744334,0.718720,0.574062,0.349567,0.516935,0.709235,0.343444,0.482912,0.790698,0.388920,0.709846,0.344958,0.583278,0.421347,0.837460,0.592194,0.423543,0.257267,0.494495,0.626634,0.824113,0.686709,0.389499,0.330699,0.465725,0.661532,0.579101,0.784966,0.421208,0.578416,0.583688,0.490615,0.608109,0.388970,0.476923,0.625639,0.537655,0.387288,0.498187,0.483540,0.668239,0.562806,0.713740,0.475402,0.503259,0.770283,0.484834,0.356407,0.619238,0.746220,0.538924,0.681676,0.776811,0.851755,0.530478,0.760593,0.522787,0.582742,0.597669,0.478003,0.141824,0.676687,0.630807,0.594550,0.811222,0.540419,0.524496,0.581367,0.544719,0.555105,0.545662,0.655231,0.391760,0.520501,0.601860,0.592473,0.773012,0.529039,0.696595,0.521147,0.838676,0.683025,0.518042,0.613070,0.771439,0.764599,0.509748,0.479807,0.581560,0.645720,0.674731,0.657396,0.729850,0.450694,0.531956,0.527085,0.769230,0.640171,0.699278,0.470110,0.486789,0.614106,0.665485,0.582095,0.733812,0.709971,0.690414,0.521434,0.773541,0.437733,0.825564,0.565925,0.674802,0.733638,0.768735,0.682304,0.750591,0.756858,0.718440,0.598676,0.681656,0.895672,0.511613,0.774437,0.762931,0.624737,0.707296,0.550238,0.519952,0.542622,0.591094,0.855840,0.649268,0.650435,0.628431,0.594077,0.555870,0.663709,0.625256,0.574561,0.483571,0.661314,0.670258,0.577747,0.514515,0.649245,0.748864,0.443924,0.539685,0.725711,0.510510,0.490053,0.762466,0.412739,0.582299,0.683142,0.630518,0.673730,0.665113,0.597355,0.790847,0.687580,0.610527,0.701714,0.829129,0.802320,0.576253,0.436551,0.803305,0.460151,0.509650,0.644818,0.745420,0.501799,0.262267,0.357014,0.612763,0.719891,0.829785,0.585641,0.626294,0.549962,0.624310,0.467743,0.798027,0.571628,0.838880,0.570753,0.489417,0.531391,0.798076,0.356583,0.552320,0.741037,0.720037,0.718359,0.859396,0.671931,0.545946,0.538710,0.618637,0.800188,0.576152,0.644077,0.593970,0.668414,0.603705,0.404803,0.645289,0.699061,0.630783,0.632350,0.561738,0.769984,0.580258,0.193768,0.534144,0.566689,0.725586,0.785159,0.640734,0.529235,0.655287,0.738410,0.521391,0.756376,0.428287,0.437086,0.724455,0.786610,0.719457,0.426831,0.711868,0.647381,0.755469,0.784437,0.733608,0.484529,0.659099,0.423142,0.855387,0.289207,0.860065,0.721955,0.702172,0.781873,0.658749,0.615901,0.837096,0.605549,0.343474,0.764285,0.596319,0.814413,0.778991,0.791869,0.682117,0.545667,0.696449,0.741720,0.750516,0.472951,0.640975,0.712614,0.743470,0.674606,0.776550,0.000000,0.434827,0.555986,0.748834,0.741331,0.801630,0.702970,0.738722,0.729428,0.613224,0.618971,0.861213,0.579793,0.680809,0.593654,0.579576,0.743611,0.551792,0.484509,0.794236,0.403753,0.528572,0.602173,0.575919,0.774719,0.808917,0.630693,0.746478,0.490383,0.830716,0.477581,0.632988,0.755126,0.567106,0.599166,0.432170,0.587405,0.597622,0.394366,0.513216,0.530780,0.453221,0.580683,0.636800,0.557257,0.486521,0.672626,0.808881,0.626931,0.765780,0.545936,0.486292,0.623169,0.654943,0.582038,0.717348,0.810775,0.567934,0.746008,0.892993,0.632715,0.577336,0.591700,0.674752,0.764790,0.606008,0.820089,0.747141,0.831974,0.905279,0.705438,0.487672,0.777699,0.698035,0.650809,0.749914,0.706085,0.784005,0.690207,0.783031,0.545500,0.770735,0.807128,0.670252,0.667514,0.638733,0.655543,0.678964,0.721981,0.480573,0.458699,0.766692,0.611592,0.786326,0.939324,0.835331,0.721371,0.611486,0.701119,0.712565,0.762823,0.745686,0.581554,0.782633,0.611726,0.808686,0.631970,0.694971,0.821079,0.827777,0.636650,0.557710,0.808768,0.724886,0.666138,0.594339,0.748114,0.734526,0.861976,0.612296,0.681248,0.488476,0.742710,0.669470,0.688018,0.859958,0.738193,0.623168,0.663487,0.759363,0.408402,0.780518,0.607906,0.791038,0.709244,0.548354,0.785662,0.743033
0.587358,0.594366,0.680586,0.656123,0.672291,0.407311,0.440794,0.656256,0.503595,0.490173,0.466639,0.581421,0.613627,0.572071,0.668532,0.666198,0.613859,0.603760,0.643818,0.575588,0.536688,0.739194,0.510931,0.632712,0.542352,0.679899,0.696147,0.748911,0.697328,0.709242,0.741858,0.607397,0.748783,0.567446,0.765745,0.377449,0.592793,0.587497,0.498084,0.601371,0.684763,0.626025,0.743103,0.704134,0.468132,0.701990,0.637813,0.712676,0.691077,0.362749,0.635915,0.652721,0.678323,0.822429,0.616520,0.728052,0.679221,0.644610,0.693379,0.583088,0.716848,0.662006,0.794715,0.607133,0.632338,0.625005,0.731018,0.689117,0.503921,0.708395,0.540366,0.734753,0.474852,0.626433,0.737585,0.508694,0.541121,0.624522,0.630212,0.604885,0.660863,0.627960,0.685445,0.799081,0.808144,0.421821,0.651867,0.750739,0.662217,0.594326,0.457300,0.682498,0.616785,0.638868,0.665778,0.345924,0.745836,0.736136,0.734654,0.459252,0.634653,0.586307,0.630315,0.652154,0.643992,0.652040,0.776665,0.606695,0.835512,0.522793,0.721946,0.758024,0.558234,0.423843,0.725189,0.703312,0.850170,0.531498,0.558000,0.612475,0.613567,0.829567,0.766093,0.706140,0.571797,0.731142,0.746938,0.608949,0.618240,0.551558,0.742926,0.608061,0.564100,0.609497,0.537868,0.749597,0.643565,0.572880,0.639596,0.565650,0.477635,0.759559,0.749189,0.249747,0.795315,0.748078,0.664874,0.652165,0.544229,0.705799,0.754852,0.719227,0.760396,0.788752,0.761689,0.625196,0.498650,0.537082,0.663853,0.619352,0.575635,0.692869,0.691869,0.751695,0.643561,0.631268,0.739569,0.550903,0.682652,0.731415,0.655450,0.712363,0.826770,0.581244,0.695733,0.590251,0.747540,0.737471,0.687771,0.616043,0.841294,0.644935,0.583581,0.630633,0.791867,0.689811,0.737969,0.611053,0.632341,0.466196,0.690245,0.761106,0.691812,0.565893,0.726528,0.701407,0.689045,0.745510,0.612939,0.681476,0.782611,0.713974,0.547748,0.762848,0.654924,0.524427,0.595412,0.754503,0.698530,0.745608,0.701724,0.784920,0.698030,0.705095,0.759211,0.813514,0.823684,0.701245,0.663965,0.869110,0.675855,0.709567,0.733596,0.755369,0.701928,0.704833,0.778837,0.773380,0.694718,0.576938,0.566324,0.597506,0.736408,0.743327,0.722555,0.748845,0.489782,0.738660,0.761129,0.749469,0.742338,0.785352,0.696077,0.574199,0.789139,0.760473,0.662350,0.681254,0.689434,0.680251,0.650795,0.691750,0.665543,0.680068,0.666726,0.768171,0.610869,0.647742,0.762376,0.690579,0.795175,0.662654,0.761956,0.661733,0.721174,0.638036,0.753132,0.860863,0.754225,0.722782,0.467794,0.633597,0.759153,0.628294,0.557826,0.765547,0.601246,0.650396,0.785213,0.740173,0.656087,0.719636,0.803278,0.788689,0.595913,0.738232,0.785370,0.612376,0.732705,0.715807,0.781393,0.696705,0.652890,0.684755,0.649766,0.784266,0.669696,0.555196,0.687900,0.732001,0.730095,0.668493,0.691268,0.664152,0.761788,0.624738,0.601268,0.727082,0.695624,0.646320,0.795106,0.415625,0.739493,0.643944,0.550984,0.782861,0.722433,0.769638,0.783520,0.660938,0.694092,0.537051,0.494976,0.659993,0.499878,0.720996,0.692549,0.753861,0.760716,0.717639,0.666706,0.748808,0.751766,0.723560,0.695331,0.594241,0.840512,0.611333,0.775766,0.859122,0.794714,0.705368,0.689788,0.622320,0.799668,0.524917,0.678106,0.786779,0.752596,0.678676,0.668324,0.818215,0.719167,0.579198,0.731634,0.586669,0.667263,0.628268,0.721049,0.607096,0.648009,0.778391,0.761100,0.434827,0.000000,0.734232,0.634412,0.789785,0.788147,0.611077,0.681772,0.771398,0.816917,0.829926,0.749563,0.634706,0.734473,0.802971,0.791778,0.742505,0.793183,0.652030,0.601030,0.621130,0.686405,0.625647,0.781486,0.755576,0.656852,0.847775,0.742062,0.639942,0.672081,0.782524,0.686879,0.748868,0.743105,0.606856,0.518351,0.730071,0.619575,0.485450,0.734033,0.646223,0.729576,0.600811,0.641449,0.802514,0.577906,0.554036,0.700568,0.619949,0.613961,0.781037,0.592043,0.634682,0.655061,0.721444,0.632815,0.549274,0.598808,0.713121,0.753495,0.565122,0.765258,0.735600,0.553414,0.701916,0.794791,0.736188,0.675587,0.809086,0.730327,0.659041,0.621239,0.819517,0.616154,0.665922,0.636526,0.561635,0.778071,0.617571,0.689549,0.558669,0.738756,0.822696,0.691956,0.748043,0.785496,0.753725,0.811427,0.735958,0.584284,0.608478,0.793751,0.627167,0.828350,0.825739,0.780642,0.491529,0.604015,0.815146,0.698105,0.574592,0.680448,0.667634,0.552622,0.749480,0.620150,0.777378,0.819462,0.781847,0.739160,0.712268,0.776089,0.684133,0.647704,0.700200,0.657212,0.757135,0.749302,0.824193,0.661530,0.697806,0.661370,0.780078,0.719532,0.843889,0.752070,0.765659,0.547213,0.682865,0.794216,0.598227,0.662200,0.755337,0.675160,0.813722,0.601518,0.746827,0.668255
0.587383,0.557004,0.377975,0.563713,0.390991,0.509013,0.600729,0.249127,0.638966,0.490629,0.627110,0.532503,0.592888,0.473007,0.560493,0.252262,0.284900,0.572894,0.319371,0.746622,0.484455,0.443981,0.529784,0.403391,0.400096,0.517453,0.496488,0.270203,0.258385,0.468333,0.708745,0.458110,0.576568,0.652447,0.362134,0.645593,0.624059,0.462078,0.615476,0.402572,0.298601,0.730643,0.526048,0.698963,0.743988,0.631073,0.389470,0.481245,0.348964,0.646214,0.466490,0.764860,0.649832,0.655162,0.432253,0.541936,0.321902,0.280331,0.639844,0.583590,0.564245,0.489296,0.565738,0.607192,0.523186,0.366353,0.279114,0.549006,0.685294,0.731689,0.773999,0.614425,0.637366,0.547877,0.731151,0.776471,0.525163,0.346863,0.426003,0.587265,0.767135,0.443209,0.474884,0.664500,0.264591,0.714091,0.530767,0.265847,0.733459,0.562486,0.690005,0.284158,0.468269,0.366298,0.707093,0.713621,0.757467,0.618510,0.545581,0.590137,0.408737,0.699692,0.352870,0.390317,0.688880,0.461970,0.647147,0.417181,0.349840,0.610387,0.829884,0.263950,0.531258,0.549415,0.305281,0.218776,0.747586,0.759373,0.535726,0.376646,0.489767,0.384998,0.251012,0.719923,0.509837,0.460990,0.447030,0.547808,0.619503,0.497334,0.238879,0.668163,0.529639,0.427282,0.673704,0.277172,0.525605,0.652059,0.685443,0.539844,0.727994,0.704801,0.270887,0.680743,0.416323,0.665823,0.470614,0.582790,0.855847,0.744953,0.231699,0.638300,0.106141,0.271299,0.421584,0.501224,0.475747,0.806778,0.493656,0.649468,0.759389,0.477220,0.501504,0.235864,0.545240,0.625052,0.285795,0.768316,0.270964,0.539010,0.663681,0.347377,0.669592,0.608747,0.636625,0.508116,0.801287,0.435862,0.432113,0.699558,0.645750,0.729360,0.616024,0.460681,0.315177,0.771366,0.597983,0.644574,0.820150,0.703744,0.332389,0.329049,0.759176,0.821862,0.586716,0.348084,0.191179,0.418040,0.815450,0.560866,0.641037,0.682430,0.749656,0.268671,0.815099,0.599169,0.753546,0.509672,0.575573,0.642142,0.700846,0.526547,0.634380,0.627891,0.742988,0.312117,0.497906,0.835030,0.516056,0.604568,0.765465,0.470548,0.629165,0.261608,0.443284,0.469795,0.256991,0.778058,0.405845,0.751287,0.773427,0.643235,0.301585,0.565598,0.492971,0.446756,0.649350,0.621590,0.761928,0.381588,0.160099,0.433243,0.796280,0.638314,0.334969,0.695534,0.716322,0.180063,0.742522,0.337851,0.521708,0.574291,0.698951,0.586110,0.671060,0.304324,0.750828,0.630014,0.556528,0.728418,0.740110,0.757303,0.404564,0.570537,0.758789,0.317075,0.394246,0.556163,0.688018,0.533091,0.580385,0.391771,0.364587,0.731502,0.790030,0.416759,0.692150,0.467908,0.420973,0.310134,0.804616,0.650551,0.664026,0.258142,0.582043,0.314895,0.740685,0.491956,0.192818,0.699714,0.681212,0.780752,0.787201,0.631938,0.637103,0.309034,0.721145,0.742187,0.301484,0.348971,0.415749,0.682277,0.558512,0.437608,0.582458,0.743277,0.616656,0.587246,0.317556,0.753793,0.238863,0.555366,0.207723,0.610382,0.729484,0.609245,0.506692,0.359847,0.321560,0.705273,0.491888,0.815917,0.622171,0.546666,0.760094,0.791516,0.536245,0.263223,0.804753,0.542786,0.714395,0.671757,0.767171,0.316021,0.642256,0.547187,0.718767,0.424700,0.740242,0.451111,0.385236,0.864577,0.593674,0.659456,0.723135,0.804089,0.442609,0.696657,0.386865,0.833100,0.796692,0.717743,0.649320,0.684598,0.537794,0.780108,0.848848,0.450169,0.615236,0.813652,0.829824,0.401557,0.640019,0.555986,0.734232,0.000000,0.748626,0.619409,0.729769,0.707324,0.629445,0.731296,0.542595,0.323511,0.842406,0.672537,0.753230,0.271912,0.398959,0.702296,0.244577,0.378335,0.730582,0.537443,0.513145,0.651834,0.512644,0.649369,0.807493,0.396221,0.719392,0.605611,0.811309,0.334908,0.508396,0.595715,0.393041,0.692668,0.592759,0.213826,0.847752,0.663889,0.377060,0.564149,0.295505,0.794172,0.716649,0.303572,0.684504,0.703017,0.706781,0.776842,0.798709,0.366235,0.640667,0.656581,0.607019,0.418471,0.705239,0.810975,0.772836,0.705243,0.830260,0.743562,0.318268,0.345131,0.821715,0.600062,0.362995,0.762185,0.737012,0.579071,0.804884,0.802170,0.503946,0.615643,0.798946,0.690796,0.667833,0.821711,0.605363,0.796918,0.634003,0.639555,0.708248,0.704742,0.650077,0.593669,0.380266,0.723451,0.537888,0.792283,0.695763,0.588605,0.665668,0.628021,0.553209,0.832256,0.771475,0.826783,0.759607,0.341320,0.597126,0.740683,0.773617,0.701540,0.807923,0.639560,0.746197,0.310499,0.561597,0.775945,0.745118,0.616738,0.532149,0.848212,0.737333,0.662740,0.694048,0.572704,0.775143,0.754593,0.584591,0.629265,0.497689,0.560444,0.474683,0.450169,0.702542,0.623309,0.807141,0.603134,0.685598,0.445364,0.787349,0.400453,0.787981,0.471319,0.614177,0.737037,0.564090
0.587677,0.635316,0.660912,0.639249,0.667859,0.538315,0.562815,0.682436,0.557651,0.603553,0.559249,0.588666,0.580776,0.621435,0.643161,0.662268,0.677760,0.618864,0.710458,0.467147,0.484734,0.704134,0.589038,0.704880,0.622784,0.686230,0.652734,0.746323,0.738756,0.646154,0.761015,0.465500,0.813549,0.700060,0.662129,0.542652,0.598881,0.627858,0.597476,0.699747,0.654445,0.785876,0.776206,0.612734,0.570259,0.602939,0.616952,0.641469,0.714715,0.612963,0.719293,0.711143,0.692916,0.856469,0.696455,0.663649,0.730194,0.706810,0.682053,0.686876,0.748686,0.726420,0.789777,0.588938,0.683429,0.678405,0.681887,0.732418,0.717798,0.589773,0.508971,0.664991,0.641965,0.730240,0.602725,0.695215,0.734023,0.654580,0.716686,0.669234,0.657841,0.750096,0.710037,0.802862,0.700853,0.590252,0.775849,0.711827,0.637906,0.719077,0.606218,0.699196,0.711067,0.706548,0.727183,0.599905,0.748731,0.694488,0.741697,0.623048,0.590756,0.544400,0.675327,0.733638,0.630711,0.701478,0.823314,0.705679,0.718525,0.628059,0.749880,0.644768,0.631731,0.577518,0.761706,0.776603,0.884334,0.495563,0.676161,0.703388,0.726509,0.731930,0.691361,0.676783,0.613577,0.801274,0.759655,0.665652,0.693906,0.632970,0.738558,0.585143,0.613558,0.726760,0.623275,0.696657,0.732314,0.754695,0.594206,0.633606,0.594312,0.762323,0.800872,0.618477,0.777476,0.771964,0.752938,0.521839,0.592587,0.611166,0.737254,0.684101,0.756380,0.664263,0.693541,0.664905,0.727617,0.644172,0.651660,0.687047,0.472680,0.799761,0.733082,0.722915,0.688489,0.709381,0.678603,0.659625,0.758531,0.781382,0.668692,0.687276,0.828984,0.667000,0.685791,0.766646,0.667543,0.680862,0.714735,0.759576,0.717795,0.478490,0.660336,0.715477,0.703765,0.742836,0.749638,0.590784,0.734261,0.608565,0.727963,0.811044,0.664361,0.564166,0.759502,0.736402,0.759573,0.702612,0.656426,0.644590,0.811219,0.780437,0.598806,0.685556,0.700717,0.644446,0.406914,0.738189,0.730494,0.783869,0.801166,0.635835,0.676477,0.662768,0.770715,0.737781,0.643880,0.787379,0.785907,0.855624,0.670441,0.752922,0.739340,0.767568,0.785563,0.655076,0.754768,0.820694,0.744882,0.602061,0.637579,0.631712,0.702785,0.711281,0.740165,0.754267,0.740107,0.785496,0.734898,0.778253,0.726423,0.657755,0.719044,0.753337,0.748752,0.629717,0.767711,0.747642,0.650071,0.816549,0.591384,0.528082,0.662458,0.725062,0.700071,0.682998,0.398623,0.716578,0.727654,0.717295,0.812718,0.703461,0.817521,0.718830,0.662392,0.745920,0.824935,0.741994,0.618140,0.669207,0.732922,0.694682,0.834537,0.438890,0.300318,0.797178,0.698847,0.665216,0.760504,0.764648,0.648128,0.695210,0.716162,0.734657,0.685242,0.816621,0.680878,0.713866,0.753927,0.685347,0.792254,0.705140,0.608337,0.634421,0.676615,0.738098,0.601766,0.422759,0.772577,0.723944,0.696738,0.599861,0.672445,0.728957,0.756484,0.613582,0.712288,0.748185,0.623479,0.485546,0.734298,0.694276,0.744432,0.626420,0.506602,0.798577,0.768096,0.816577,0.700031,0.733207,0.672399,0.554940,0.671909,0.654745,0.498597,0.826038,0.551430,0.813498,0.784727,0.715040,0.592672,0.781066,0.684442,0.745896,0.726335,0.723104,0.832451,0.728927,0.609038,0.754471,0.713079,0.801984,0.747825,0.699579,0.860007,0.603734,0.779014,0.880142,0.636447,0.580102,0.666300,0.852704,0.639044,0.680453,0.680999,0.444544,0.709979,0.782666,0.680002,0.729567,0.605272,0.773495,0.780076,0.748834,0.634412,0.748626,0.000000,0.850905,0.826675,0.599130,0.758594,0.841939,0.796478,0.738238,0.743945,0.711908,0.645345,0.696672,0.818267,0.826585,0.749546,0.715966,0.565774,0.640678,0.764627,0.639912,0.797249,0.726057,0.694757,0.766217,0.749163,0.715041,0.726815,0.813578,0.712961,0.722163,0.713725,0.667260,0.658964,0.775446,0.628192,0.663738,0.743415,0.681243,0.727078,0.692230,0.576917,0.759671,0.710786,0.556552,0.586748,0.693414,0.582975,0.820069,0.706504,0.646674,0.581169,0.742926,0.726290,0.388483,0.697402,0.589452,0.559189,0.551975,0.812114,0.674624,0.606928,0.560274,0.707110,0.792706,0.565898,0.665351,0.637637,0.518202,0.675437,0.886764,0.733230,0.606967,0.715595,0.579543,0.553915,0.606544,0.594532,0.628720,0.640849,0.682028,0.715133,0.716512,0.762787,0.657198,0.841354,0.784108,0.740058,0.695642,0.681595,0.726518,0.752966,0.825056,0.761001,0.632480,0.704546,0.695259,0.627094,0.356018,0.715309,0.706253,0.296009,0.727010,0.642287,0.656969,0.699013,0.871018,0.693920,0.695750,0.726718,0.683896,0.632759,0.698288,0.684819,0.697826,0.703273,0.836682,0.740044,0.623956,0.760851,0.628833,0.656143,0.728287,0.614536,0.647101,0.667663,0.660459,0.670219,0.742360,0.447571,0.737376,0.554549,0.808389,0.570508,0.644830,0.533125
0.587725,0.636463,0.757920,0.789507,0.734723,0.794814,0.752746,0.671838,0.819250,0.779065,0.764171,0.755499,0.482998,0.756323,0.462115,0.630726,0.621926,0.682898,0.603574,0.833271,0.684649,0.540839,0.726377,0.660509,0.738309,0.757973,0.710618,0.460580,0.679244,0.527306,0.403847,0.717598,0.275301,0.511606,0.553062,0.820910,0.778228,0.621231,0.769195,0.770376,0.609383,0.470613,0.473262,0.803135,0.849850,0.738746,0.725608,0.708384,0.570741,0.785444,0.716713,0.457558,0.509744,0.270014,0.708402,0.599748,0.640996,0.639188,0.797979,0.719758,0.415893,0.746418,0.330988,0.713220,0.735671,0.619571,0.683778,0.423972,0.560095,0.603131,0.731380,0.484270,0.818384,0.780465,0.563397,0.529682,0.719117,0.634695,0.709280,0.830625,0.782248,0.760271,0.638953,0.250211,0.662061,0.803431,0.825035,0.688704,0.597527,0.727664,0.722093,0.658865,0.766940,0.647630,0.559784,0.794711,0.487918,0.495710,0.713287,0.769842,0.662994,0.744226,0.682994,0.691878,0.510999,0.706459,0.291885,0.673893,0.579399,0.830146,0.426961,0.638549,0.870385,0.795756,0.605789,0.671490,0.329204,0.778843,0.751667,0.699927,0.770460,0.689225,0.665894,0.709662,0.661651,0.607144,0.770557,0.521096,0.500872,0.719180,0.689290,0.835808,0.743754,0.681733,0.764784,0.680261,0.525929,0.619267,0.621252,0.636185,0.789492,0.398293,0.634630,0.682963,0.755429,0.458477,0.660226,0.611974,0.652234,0.750978,0.642660,0.502999,0.622000,0.682020,0.721199,0.736520,0.662280,0.769638,0.601873,0.717553,0.903268,0.721012,0.745208,0.675953,0.815152,0.507408,0.676627,0.820563,0.643014,0.679281,0.811506,0.562761,0.285577,0.815950,0.501522,0.771185,0.490461,0.753058,0.689700,0.698668,0.729723,0.710513,0.717902,0.703295,0.698596,0.454337,0.452587,0.800059,0.641464,0.795160,0.717533,0.709397,0.638084,0.764964,0.705352,0.680200,0.610389,0.595921,0.812911,0.772115,0.296775,0.336947,0.625646,0.675583,0.515698,0.817405,0.873517,0.675075,0.601767,0.611609,0.363658,0.684632,0.412418,0.651561,0.881011,0.694163,0.663802,0.438593,0.738025,0.434558,0.545641,0.743952,0.494026,0.695116,0.733562,0.681334,0.693873,0.385896,0.631225,0.829550,0.698614,0.640222,0.678345,0.769717,0.811746,0.710734,0.748462,0.820872,0.878137,0.703341,0.646224,0.660673,0.781161,0.609102,0.697932,0.401347,0.511379,0.620471,0.773678,0.676957,0.747884,0.606059,0.696522,0.856471,0.495757,0.722961,0.863019,0.696855,0.822170,0.747607,0.322940,0.547526,0.661082,0.765396,0.615896,0.682381,0.578676,0.739935,0.606691,0.798388,0.689257,0.712778,0.759109,0.835143,0.833419,0.705713,0.698473,0.589859,0.725241,0.694694,0.695671,0.799548,0.720291,0.662137,0.708761,0.650957,0.481768,0.602352,0.612134,0.511957,0.429447,0.901653,0.651673,0.871103,0.810622,0.660716,0.643443,0.867057,0.697535,0.702954,0.617261,0.749274,0.526397,0.769060,0.828927,0.679273,0.597669,0.730186,0.772401,0.837684,0.669115,0.706881,0.583157,0.820794,0.815802,0.538817,0.575045,0.727611,0.609680,0.482117,0.815476,0.785317,0.697064,0.769675,0.785108,0.467337,0.550707,0.615200,0.473646,0.466540,0.834336,0.611195,0.491794,0.654747,0.525799,0.797183,0.335281,0.702361,0.794004,0.788773,0.748320,0.612656,0.817158,0.629248,0.403061,0.753860,0.721307,0.323181,0.746459,0.940009,0.819331,0.433200,0.831283,0.734845,0.482333,0.868564,0.819253,0.747639,0.844874,0.807474,0.820978,0.511820,0.767843,0.741331,0.789785,0.619409,0.850905,0.000000,0.436553,0.570769,0.680682,0.510770,0.758638,0.684555,0.494933,0.815231,0.820944,0.677863,0.719775,0.466660,0.689266,0.712805,0.574638,0.816282,0.771656,0.770868,0.778335,0.587466,0.820510,0.677803,0.819945,0.645826,0.573652,0.697568,0.780080,0.507049,0.729092,0.748605,0.595445,0.612768,0.866307,0.753160,0.743939,0.614625,0.755795,0.844570,0.865317,0.699788,0.813677,0.736872,0.524863,0.815394,0.665754,0.650401,0.851944,0.742445,0.654242,0.756917,0.695944,0.926154,0.779371,0.739450,0.853766,0.770307,0.726451,0.558096,0.736957,0.707045,0.698790,0.408694,0.787975,0.537937,0.656981,0.906354,0.711725,0.342804,0.783039,0.880807,0.556192,0.773599,0.684437,0.830606,0.789452,0.728250,0.694411,0.789219,0.784034,0.798262,0.539925,0.762546,0.779042,0.862321,0.749493,0.636851,0.595329,0.683057,0.725986,0.405779,0.659816,0.795020,0.783078,0.731261,0.795751,0.839919,0.664590,0.738563,0.859003,0.852734,0.658308,0.624105,0.689059,0.444146,0.513146,0.747016,0.743907,0.644649,0.778489,0.775749,0.774375,0.610649,0.794419,0.401868,0.759711,0.657987,0.691239,0.822452,0.666249,0.786846,0.707219,0.808702,0.764954,0.782656,0.621393,0.726679,0.834140,0.601095,0.725954,0.706832,0.824220,0.457565,0.644301
0.587730,0.658626,0.764116,0.740857,0.776145,0.813688,0.799955,0.731307,0.857311,0.810301,0.777123,0.831388,0.522743,0.730689,0.538496,0.635148,0.727054,0.704914,0.708393,0.826937,0.754705,0.584055,0.816052,0.701125,0.773020,0.799330,0.743122,0.498988,0.715763,0.502720,0.534841,0.796596,0.340093,0.493467,0.552873,0.774334,0.777454,0.724392,0.772999,0.694919,0.689806,0.534003,0.570498,0.782316,0.860806,0.807091,0.715582,0.788741,0.664156,0.802707,0.765841,0.543677,0.483722,0.270698,0.783493,0.745579,0.670309,0.714127,0.758840,0.830438,0.388787,0.838572,0.373507,0.672447,0.784793,0.652783,0.777865,0.357002,0.657685,0.699627,0.702385,0.429404,0.835392,0.794054,0.577912,0.648604,0.695790,0.684036,0.695273,0.855554,0.822113,0.726547,0.694292,0.344503,0.730242,0.765729,0.759933,0.780848,0.570027,0.759401,0.753564,0.721528,0.781283,0.684713,0.510436,0.729180,0.644256,0.447893,0.712489,0.820572,0.727382,0.768932,0.711411,0.762479,0.520650,0.764114,0.367110,0.764354,0.623373,0.812176,0.433934,0.744939,0.829505,0.813229,0.670428,0.781439,0.392104,0.845778,0.696273,0.760717,0.768581,0.755197,0.711199,0.719122,0.629022,0.524957,0.791108,0.598722,0.710462,0.765439,0.725385,0.821261,0.786890,0.696959,0.861105,0.763419,0.580989,0.761349,0.706130,0.560920,0.743535,0.327889,0.686893,0.782993,0.783996,0.364207,0.681461,0.715767,0.697192,0.780309,0.753316,0.505490,0.737692,0.765142,0.783271,0.825525,0.775023,0.787009,0.715057,0.786774,0.879497,0.731978,0.767943,0.741249,0.824435,0.545570,0.785210,0.811010,0.714207,0.717040,0.816177,0.702114,0.358117,0.730163,0.584970,0.703209,0.541626,0.805456,0.747805,0.765431,0.742883,0.715850,0.662884,0.763354,0.811330,0.591665,0.437750,0.798128,0.644767,0.834195,0.708374,0.664943,0.637912,0.737794,0.780041,0.711727,0.702421,0.623571,0.820021,0.780762,0.399031,0.426786,0.761254,0.738788,0.569313,0.771447,0.870157,0.659727,0.747832,0.747929,0.435749,0.655424,0.461398,0.672609,0.843180,0.781642,0.672221,0.457790,0.779084,0.350523,0.658958,0.765947,0.483602,0.760970,0.769534,0.779777,0.725431,0.467960,0.585649,0.832556,0.772502,0.703814,0.781076,0.799833,0.833080,0.718342,0.793222,0.772953,0.875179,0.745237,0.703653,0.749485,0.826240,0.743376,0.788332,0.636126,0.598632,0.687339,0.832874,0.690755,0.804162,0.776047,0.734816,0.795798,0.557580,0.786890,0.826835,0.718764,0.758860,0.888676,0.383750,0.528404,0.749140,0.811313,0.655279,0.804442,0.650486,0.758251,0.761412,0.846024,0.721423,0.814046,0.770999,0.820518,0.828681,0.750294,0.588634,0.699259,0.819255,0.744411,0.756624,0.860432,0.805064,0.744418,0.766590,0.723284,0.633639,0.644011,0.756506,0.600557,0.658541,0.764665,0.669102,0.870046,0.792821,0.713546,0.705014,0.863844,0.739497,0.779560,0.803824,0.732243,0.595238,0.830848,0.820874,0.696072,0.710469,0.791198,0.783402,0.789498,0.764421,0.721345,0.718984,0.767750,0.903067,0.491708,0.697879,0.677930,0.734755,0.483651,0.790982,0.816187,0.703513,0.755317,0.825594,0.527094,0.767860,0.724100,0.561750,0.677503,0.863120,0.665833,0.525966,0.729964,0.755449,0.784808,0.117463,0.757919,0.795620,0.831439,0.787460,0.542777,0.816180,0.686688,0.454251,0.725287,0.721650,0.382688,0.813803,0.870199,0.810867,0.452482,0.861323,0.762302,0.546945,0.864376,0.784976,0.696157,0.783687,0.760870,0.823885,0.668831,0.785787,0.801630,0.788147,0.729769,0.826675,0.436553,0.000000,0.578544,0.681835,0.549963,0.760822,0.783900,0.548578,0.831564,0.711771,0.729217,0.753256,0.507875,0.717919,0.780461,0.772464,0.815407,0.793083,0.742548,0.877229,0.772580,0.805033,0.716059,0.779070,0.697762,0.622924,0.656079,0.834451,0.683765,0.775234,0.805624,0.698417,0.757033,0.836146,0.728214,0.734588,0.717661,0.779410,0.781812,0.920070,0.707775,0.789587,0.825422,0.598727,0.791465,0.727754,0.739981,0.806504,0.805141,0.740667,0.786032,0.791003,0.901538,0.756594,0.766548,0.833897,0.777800,0.782115,0.691959,0.791155,0.892015,0.760145,0.409469,0.849930,0.605356,0.702281,0.829742,0.702316,0.460790,0.770874,0.835583,0.532228,0.791272,0.723962,0.788495,0.849311,0.712720,0.728141,0.766249,0.797149,0.848126,0.690731,0.769814,0.847946,0.923841,0.730406,0.686128,0.739243,0.794415,0.660792,0.396362,0.801607,0.840995,0.850886,0.795074,0.902187,0.831881,0.771032,0.804748,0.883595,0.846136,0.731201,0.753180,0.696661,0.461750,0.695657,0.776269,0.760794,0.710546,0.770834,0.752261,0.814933,0.745497,0.796020,0.474077,0.736348,0.755482,0.739097,0.840177,0.735067,0.777037,0.752568,0.837842,0.850524,0.828716,0.772638,0.793027,0.847183,0.609537,0.718652,0.813548,0.754273,0.644658,0.834595
0.587824,0.603370,0.684518,0.659746,0.706677,0.649951,0.636548,0.681206,0.644215,0.643904,0.646800,0.725489,0.389179,0.677990,0.420198,0.601927,0.675177,0.606672,0.656924,0.554455,0.545841,0.683040,0.636164,0.675800,0.582824,0.762073,0.559994,0.569204,0.639282,0.468296,0.591981,0.683149,0.518916,0.499102,0.540765,0.577557,0.599411,0.654513,0.665737,0.675864,0.578956,0.555406,0.634122,0.618347,0.655285,0.647753,0.683097,0.661771,0.566388,0.632603,0.718829,0.598277,0.429025,0.602276,0.715318,0.648498,0.645247,0.659118,0.685915,0.706621,0.456047,0.707748,0.527204,0.564608,0.666246,0.599872,0.693782,0.444594,0.573060,0.608378,0.536484,0.426489,0.701866,0.702776,0.451454,0.576299,0.690398,0.612589,0.664108,0.704845,0.783123,0.757656,0.631035,0.559084,0.737655,0.612060,0.753992,0.724565,0.453775,0.662407,0.605110,0.695169,0.686411,0.647030,0.558016,0.603848,0.602382,0.406761,0.682695,0.655441,0.681482,0.568094,0.685774,0.739406,0.489734,0.720661,0.566032,0.703736,0.607343,0.675618,0.568588,0.653212,0.690468,0.666496,0.637014,0.712967,0.662494,0.676838,0.663542,0.605543,0.574977,0.783555,0.728515,0.622987,0.614269,0.620319,0.755962,0.523216,0.640422,0.686453,0.723742,0.647430,0.613090,0.540624,0.698153,0.706493,0.537435,0.558783,0.652045,0.508108,0.655588,0.523534,0.716065,0.540239,0.696039,0.509189,0.714484,0.583012,0.640654,0.585955,0.721761,0.514324,0.688890,0.685196,0.546486,0.681854,0.686470,0.694624,0.636489,0.634856,0.695459,0.751855,0.675794,0.686323,0.639599,0.468184,0.721228,0.685860,0.696900,0.681254,0.601030,0.584769,0.595957,0.640789,0.371794,0.641373,0.533656,0.723164,0.643183,0.670322,0.748532,0.567326,0.657378,0.713449,0.740086,0.599886,0.434786,0.671184,0.617002,0.655601,0.630635,0.732569,0.482516,0.584614,0.750399,0.676330,0.723959,0.622714,0.719371,0.728658,0.576588,0.551561,0.568236,0.687883,0.526575,0.621097,0.702181,0.577672,0.603976,0.597398,0.576445,0.554716,0.487936,0.692285,0.782540,0.762581,0.587519,0.579824,0.737099,0.610643,0.510553,0.687543,0.415264,0.687759,0.739384,0.719126,0.738404,0.526958,0.595761,0.691671,0.522658,0.603032,0.715435,0.679685,0.725760,0.691059,0.631051,0.783319,0.776917,0.743454,0.705210,0.621754,0.747088,0.673501,0.618460,0.462902,0.580376,0.673169,0.702143,0.736909,0.613264,0.574530,0.644829,0.712664,0.403329,0.740099,0.679946,0.653006,0.702856,0.732938,0.498174,0.457879,0.768776,0.696087,0.541879,0.723880,0.717396,0.839403,0.583813,0.759922,0.698618,0.675344,0.754315,0.767084,0.637085,0.741337,0.496005,0.634785,0.771227,0.734405,0.401478,0.811591,0.728219,0.712042,0.684435,0.766985,0.538943,0.682499,0.697668,0.431003,0.680748,0.713047,0.520569,0.749999,0.707352,0.719166,0.429919,0.664946,0.684525,0.695039,0.694352,0.588954,0.453403,0.756371,0.819971,0.436919,0.596362,0.707010,0.773115,0.683729,0.717683,0.626136,0.620731,0.647461,0.667090,0.560371,0.614914,0.734006,0.593569,0.504885,0.705358,0.643160,0.665651,0.634133,0.676065,0.567546,0.577623,0.740294,0.617159,0.458420,0.749080,0.515702,0.502144,0.789733,0.650391,0.719036,0.574211,0.700153,0.781645,0.771406,0.637542,0.555784,0.752031,0.521934,0.651068,0.558576,0.771170,0.567385,0.714449,0.640500,0.724509,0.540371,0.612862,0.723226,0.593874,0.680543,0.708773,0.672558,0.611105,0.652527,0.724207,0.667754,0.717706,0.702970,0.611077,0.707324,0.599130,0.570769,0.578544,0.000000,0.628962,0.620080,0.801324,0.753581,0.572673,0.745304,0.549010,0.757654,0.784082,0.599584,0.735885,0.745027,0.635155,0.733631,0.722005,0.750600,0.831017,0.527885,0.635105,0.741705,0.726667,0.658879,0.492367,0.701222,0.701955,0.547115,0.728213,0.711939,0.617395,0.674083,0.696535,0.649481,0.753311,0.485228,0.768696,0.605822,0.799442,0.693476,0.747946,0.568411,0.458556,0.708567,0.606251,0.732637,0.692439,0.525806,0.540363,0.718732,0.631701,0.643446,0.608767,0.668161,0.754993,0.568148,0.749701,0.672824,0.556926,0.685842,0.715801,0.533386,0.762437,0.523622,0.629797,0.725982,0.604603,0.628465,0.686156,0.735459,0.491290,0.486740,0.657866,0.671776,0.757883,0.477105,0.580045,0.704604,0.692141,0.782213,0.678409,0.585666,0.796122,0.800096,0.734694,0.591144,0.538925,0.653389,0.653419,0.553763,0.587461,0.681204,0.666618,0.688710,0.745288,0.677264,0.646598,0.714941,0.702410,0.701551,0.527021,0.696424,0.635354,0.614387,0.449307,0.485259,0.760132,0.711132,0.549834,0.574474,0.666641,0.627613,0.566754,0.637616,0.670475,0.523487,0.674421,0.789432,0.585002,0.746056,0.600447,0.675590,0.712480,0.747994,0.540869,0.777914,0.704054,0.560384,0.514891,0.757074,0.639565,0.455831,0.606297
0.588337,0.619798,0.517856,0.600824,0.565955,0.562669,0.563456,0.535221,0.640402,0.539670,0.583123,0.600790,0.538348,0.551783,0.529339,0.547120,0.547984,0.613579,0.529794,0.666376,0.564695,0.632586,0.640761,0.558127,0.565837,0.604991,0.616319,0.544911,0.486426,0.523968,0.674971,0.521805,0.617050,0.644721,0.541579,0.635270,0.595732,0.663880,0.625874,0.577126,0.573534,0.626411,0.680969,0.573333,0.678228,0.624594,0.654695,0.657058,0.529823,0.643795,0.598601,0.633911,0.609440,0.701767,0.569245,0.653195,0.517700,0.524741,0.582251,0.661101,0.540781,0.582297,0.632572,0.691688,0.661735,0.561656,0.552762,0.560537,0.669958,0.701972,0.573735,0.557434,0.699714,0.730973,0.633337,0.689340,0.594863,0.514468,0.689101,0.723746,0.728946,0.670688,0.625006,0.696365,0.595468,0.707025,0.689169,0.523535,0.720162,0.675745,0.661568,0.606331,0.680122,0.514439,0.651770,0.693689,0.645725,0.555979,0.661433,0.669780,0.539749,0.619147,0.584373,0.646206,0.617631,0.620457,0.664648,0.616401,0.533305,0.659583,0.674465,0.551342,0.660841,0.644644,0.589682,0.509796,0.721056,0.725048,0.682385,0.609508,0.539790,0.603740,0.606914,0.735709,0.610219,0.576816,0.604692,0.606937,0.581345,0.668011,0.556420,0.648811,0.661381,0.565798,0.756679,0.536100,0.639029,0.593667,0.707857,0.593469,0.766076,0.591558,0.599721,0.698133,0.669431,0.577022,0.666425,0.673905,0.615555,0.658633,0.591598,0.638293,0.597775,0.575169,0.649264,0.663566,0.655222,0.729530,0.576912,0.631956,0.654078,0.559139,0.622895,0.577022,0.607195,0.623003,0.555590,0.795690,0.554455,0.635930,0.627373,0.526128,0.707101,0.597488,0.557084,0.654191,0.696253,0.562298,0.579119,0.741059,0.626846,0.698030,0.661611,0.669622,0.587748,0.705594,0.594700,0.656271,0.739418,0.642864,0.595262,0.633475,0.669509,0.703112,0.681863,0.601774,0.660686,0.575812,0.711005,0.648245,0.666174,0.685402,0.718882,0.607115,0.710271,0.643650,0.713893,0.589721,0.602554,0.661954,0.664234,0.617673,0.542527,0.627939,0.732409,0.603566,0.521562,0.748839,0.706177,0.637110,0.661544,0.572503,0.588526,0.645233,0.663163,0.628534,0.597004,0.702078,0.557223,0.667559,0.751177,0.595937,0.589360,0.613585,0.592239,0.657446,0.718791,0.695220,0.730107,0.618614,0.571186,0.564183,0.710327,0.696943,0.620618,0.641285,0.750811,0.550976,0.726909,0.631668,0.611978,0.587728,0.707309,0.663191,0.686350,0.599947,0.642311,0.703581,0.666460,0.729641,0.681432,0.671596,0.652839,0.772170,0.678494,0.664423,0.610491,0.687044,0.721318,0.640731,0.722435,0.651356,0.584754,0.680169,0.695253,0.674029,0.646680,0.617587,0.617634,0.627860,0.604617,0.671116,0.690622,0.607933,0.719151,0.680018,0.701980,0.752142,0.607672,0.652836,0.783336,0.823197,0.638908,0.665363,0.775345,0.656921,0.724150,0.690252,0.508993,0.541165,0.681174,0.753006,0.653459,0.673485,0.681726,0.673213,0.673873,0.629095,0.650844,0.662070,0.590145,0.726394,0.568131,0.562230,0.581602,0.593873,0.683548,0.606121,0.584944,0.660465,0.627060,0.647020,0.707503,0.607892,0.633225,0.696814,0.659137,0.652067,0.705550,0.637287,0.738492,0.608980,0.673874,0.609400,0.716737,0.677666,0.687552,0.704896,0.723802,0.570399,0.586031,0.745406,0.589763,0.649650,0.663834,0.685825,0.734895,0.666696,0.695592,0.808909,0.698285,0.636238,0.814994,0.755755,0.641265,0.723751,0.800153,0.667110,0.626466,0.788946,0.674339,0.629758,0.588202,0.738722,0.681772,0.629445,0.758594,0.680682,0.681835,0.628962,0.000000,0.627639,0.664022,0.637938,0.714054,0.750882,0.642688,0.621624,0.668976,0.672932,0.587098,0.706259,0.767515,0.766794,0.655681,0.577604,0.750205,0.746464,0.731818,0.615046,0.763812,0.726213,0.712519,0.643937,0.741700,0.694021,0.560886,0.722305,0.684360,0.597514,0.766877,0.788551,0.598136,0.730824,0.652180,0.744598,0.747210,0.605604,0.706567,0.651199,0.640576,0.632234,0.738123,0.645981,0.678468,0.743317,0.677029,0.573553,0.735432,0.714841,0.633298,0.626816,0.776162,0.677978,0.662167,0.574719,0.773874,0.661373,0.697738,0.640630,0.765097,0.587256,0.765363,0.725911,0.653025,0.738572,0.783867,0.639050,0.638717,0.682336,0.637278,0.650819,0.672394,0.617631,0.757411,0.619818,0.737697,0.661260,0.623798,0.685231,0.633535,0.776581,0.802771,0.791079,0.600343,0.725955,0.607755,0.744147,0.700264,0.746575,0.767200,0.624960,0.587189,0.676384,0.659417,0.746949,0.731467,0.707189,0.704175,0.574037,0.643995,0.713363,0.726049,0.697168,0.709474,0.712693,0.712924,0.641197,0.747362,0.645182,0.661801,0.820980,0.724909,0.645596,0.655810,0.659904,0.626262,0.683880,0.715805,0.611084,0.782411,0.783133,0.711574,0.724992,0.746360,0.577807,0.666620,0.658267,0.570376,0.710818,0.664721
0.588540,0.681410,0.685937,0.745547,0.694842,0.769660,0.691997,0.679313,0.771530,0.713245,0.711817,0.732129,0.658048,0.696225,0.605204,0.702669,0.696164,0.655770,0.600571,0.767237,0.725435,0.554551,0.730034,0.725479,0.729575,0.710578,0.742973,0.599781,0.688550,0.586331,0.545917,0.713325,0.404782,0.608996,0.611485,0.765135,0.720932,0.666828,0.687224,0.734198,0.709915,0.465912,0.606528,0.632947,0.742386,0.763500,0.688769,0.752920,0.644821,0.755701,0.650930,0.496375,0.573525,0.461350,0.675814,0.730854,0.622440,0.680168,0.694550,0.720720,0.539260,0.613997,0.435078,0.708071,0.694253,0.664219,0.699885,0.563040,0.746869,0.569825,0.670389,0.580936,0.735349,0.777848,0.630517,0.680466,0.666824,0.706605,0.718448,0.763306,0.764263,0.720670,0.707915,0.420987,0.714633,0.782781,0.742145,0.693643,0.656889,0.707336,0.656876,0.699909,0.735136,0.588125,0.641658,0.785545,0.661923,0.584666,0.753146,0.708593,0.621670,0.778645,0.691622,0.732957,0.627104,0.685119,0.394179,0.679453,0.593196,0.780548,0.595018,0.730138,0.773995,0.768319,0.649830,0.709426,0.454984,0.828716,0.725682,0.697570,0.752995,0.750356,0.723975,0.789776,0.669334,0.651002,0.705452,0.535064,0.639501,0.756238,0.700416,0.779372,0.728473,0.730851,0.800419,0.674777,0.612308,0.673631,0.690807,0.631191,0.807564,0.494612,0.656738,0.708543,0.754204,0.497030,0.635708,0.748136,0.721401,0.767380,0.716197,0.622115,0.740150,0.711300,0.766957,0.790133,0.656116,0.746882,0.767366,0.779493,0.867630,0.664383,0.791813,0.729597,0.717864,0.529140,0.721311,0.851354,0.683118,0.747483,0.810034,0.678577,0.471101,0.820101,0.678858,0.764969,0.628350,0.729699,0.756547,0.614818,0.687086,0.742574,0.652292,0.675585,0.704842,0.520771,0.581903,0.775233,0.718323,0.803948,0.753219,0.716131,0.717420,0.807335,0.702309,0.666922,0.743955,0.717253,0.751141,0.626045,0.435211,0.483849,0.752558,0.730049,0.623371,0.739758,0.884631,0.738760,0.721310,0.521821,0.513681,0.754592,0.631356,0.746195,0.787716,0.728968,0.665528,0.619348,0.730235,0.494483,0.656493,0.834088,0.609495,0.755262,0.774331,0.763044,0.703612,0.498108,0.660225,0.872142,0.838793,0.629408,0.718142,0.754816,0.651013,0.797622,0.747080,0.816669,0.746890,0.636333,0.690134,0.722780,0.781513,0.768318,0.740393,0.616501,0.520069,0.681445,0.688940,0.650320,0.780396,0.735578,0.768517,0.724169,0.624174,0.770329,0.855521,0.813956,0.843178,0.777169,0.475338,0.666541,0.681690,0.788265,0.655290,0.757302,0.595141,0.740266,0.697856,0.794103,0.666063,0.760431,0.724433,0.834309,0.824658,0.694565,0.746988,0.763082,0.762402,0.685592,0.708593,0.745784,0.812975,0.733440,0.705973,0.697737,0.649614,0.633633,0.743439,0.643011,0.634492,0.833008,0.703074,0.795337,0.799541,0.760391,0.729447,0.860899,0.617625,0.707280,0.791391,0.796935,0.665114,0.749853,0.765085,0.745348,0.736250,0.650645,0.768084,0.846393,0.694193,0.724073,0.672270,0.745743,0.755269,0.548306,0.735813,0.703736,0.752787,0.604755,0.743280,0.809067,0.650794,0.713251,0.807062,0.484917,0.737473,0.676750,0.665476,0.703115,0.843018,0.639986,0.574801,0.678526,0.665425,0.623210,0.494816,0.774571,0.735052,0.759368,0.744676,0.600565,0.733770,0.698311,0.484435,0.763858,0.738247,0.438813,0.719424,0.876056,0.760038,0.434258,0.947751,0.725984,0.670851,0.850162,0.822747,0.744726,0.797744,0.818018,0.793267,0.718600,0.682748,0.729428,0.771398,0.731296,0.841939,0.510770,0.549963,0.620080,0.627639,0.000000,0.762373,0.709758,0.678883,0.812135,0.735975,0.685915,0.745880,0.542789,0.689812,0.718387,0.732109,0.785132,0.622575,0.769001,0.807596,0.791903,0.738219,0.666787,0.798100,0.721355,0.644054,0.707809,0.758736,0.737404,0.681556,0.726179,0.750050,0.738888,0.682108,0.779604,0.647109,0.758972,0.788128,0.776851,0.809924,0.713272,0.774536,0.763635,0.627034,0.777730,0.760846,0.683056,0.749568,0.813659,0.819413,0.645564,0.801128,0.910923,0.703175,0.739502,0.853116,0.762106,0.802418,0.706958,0.864571,0.838256,0.791732,0.516969,0.811311,0.678264,0.655838,0.782675,0.770419,0.581136,0.847383,0.753459,0.683849,0.794776,0.734095,0.813409,0.821293,0.752227,0.733910,0.746787,0.776421,0.676796,0.763297,0.698289,0.754274,0.709011,0.695169,0.676226,0.760672,0.794320,0.690253,0.528798,0.685451,0.811440,0.801854,0.801236,0.762565,0.822595,0.640759,0.686011,0.866641,0.814625,0.772206,0.772889,0.624531,0.564093,0.746432,0.840978,0.712301,0.730271,0.827222,0.821634,0.817718,0.794812,0.789341,0.591146,0.754291,0.789301,0.682016,0.846229,0.783478,0.788370,0.671483,0.877109,0.770682,0.822174,0.785534,0.708847,0.787946,0.721966,0.780329,0.807430,0.785834,0.708482,0.780760
0.588625,0.548020,0.407974,0.563994,0.420860,0.545739,0.696668,0.432040,0.679770,0.547868,0.706070,0.596197,0.674503,0.520415,0.621985,0.532341,0.432775,0.646146,0.405930,0.786197,0.660744,0.397608,0.578770,0.472578,0.495953,0.509386,0.553451,0.483429,0.444240,0.552682,0.818660,0.543488,0.722063,0.730907,0.487919,0.688167,0.570853,0.540572,0.709214,0.461633,0.430094,0.782793,0.720843,0.681400,0.790869,0.644618,0.516157,0.481610,0.444635,0.661203,0.496103,0.783291,0.673821,0.712758,0.476864,0.622839,0.446469,0.450879,0.652632,0.629872,0.624462,0.560228,0.716827,0.785834,0.482695,0.464631,0.430486,0.628824,0.683348,0.714078,0.692998,0.670827,0.647431,0.544655,0.731507,0.784131,0.512265,0.510335,0.445005,0.691680,0.797906,0.400191,0.534917,0.739274,0.423623,0.724143,0.540983,0.427281,0.745650,0.696307,0.692876,0.444731,0.517506,0.438390,0.719841,0.750305,0.750747,0.672681,0.583423,0.679349,0.504268,0.770696,0.436993,0.440217,0.734998,0.476496,0.694266,0.477444,0.443522,0.687459,0.739485,0.415318,0.667488,0.580976,0.404835,0.534431,0.782412,0.824502,0.557286,0.480248,0.546888,0.434120,0.406414,0.641780,0.528588,0.503318,0.444986,0.629836,0.732605,0.599927,0.399594,0.686576,0.711267,0.512300,0.699247,0.421813,0.680958,0.762139,0.772156,0.583712,0.762603,0.694767,0.374970,0.756068,0.550473,0.698051,0.508749,0.711500,0.846630,0.789400,0.387951,0.716071,0.477947,0.424072,0.612883,0.504898,0.607551,0.815746,0.551055,0.709468,0.869005,0.504659,0.544138,0.436100,0.691842,0.687844,0.443351,0.796337,0.476914,0.534721,0.704387,0.513002,0.757559,0.707350,0.698673,0.628486,0.844342,0.653930,0.544989,0.714010,0.542389,0.828651,0.706336,0.485418,0.416637,0.781013,0.628250,0.669052,0.860067,0.728297,0.505533,0.428901,0.744151,0.840999,0.637751,0.362383,0.511914,0.538409,0.834501,0.489398,0.747860,0.753671,0.804488,0.437750,0.816227,0.640215,0.866163,0.564990,0.658329,0.742392,0.792621,0.582573,0.684513,0.659592,0.631068,0.358441,0.557519,0.816346,0.434637,0.663917,0.786700,0.604788,0.649140,0.524009,0.354586,0.435906,0.449470,0.802723,0.592396,0.681838,0.853488,0.697095,0.466119,0.605215,0.617719,0.492039,0.694203,0.591674,0.664155,0.398844,0.436243,0.530360,0.643777,0.631496,0.580836,0.781452,0.790295,0.480307,0.710537,0.554320,0.638087,0.664613,0.729689,0.646182,0.683567,0.432351,0.810927,0.774344,0.587638,0.730261,0.778074,0.788101,0.407443,0.584064,0.785451,0.397113,0.408493,0.463968,0.759845,0.491299,0.634537,0.499038,0.622284,0.751057,0.826413,0.399765,0.725645,0.563857,0.442135,0.348734,0.791956,0.477426,0.691270,0.425040,0.680950,0.440066,0.776655,0.590473,0.550482,0.721626,0.801328,0.791251,0.778656,0.564347,0.605287,0.577735,0.722982,0.846386,0.591011,0.577232,0.579976,0.659094,0.666956,0.602895,0.482223,0.747648,0.678835,0.608945,0.496418,0.740636,0.447939,0.654428,0.516875,0.545887,0.788203,0.738480,0.613289,0.414992,0.458920,0.776553,0.564371,0.859769,0.806756,0.508568,0.830958,0.810127,0.707903,0.503017,0.820027,0.646429,0.646812,0.781760,0.780483,0.381766,0.758952,0.629495,0.748395,0.569952,0.868365,0.508342,0.497508,0.824390,0.646884,0.702634,0.826705,0.801194,0.440853,0.740016,0.474451,0.889841,0.860817,0.781746,0.698840,0.740104,0.685333,0.835174,0.891281,0.591275,0.651743,0.860759,0.858417,0.617294,0.649743,0.613224,0.816917,0.542595,0.796478,0.758638,0.760822,0.801324,0.664022,0.762373,0.000000,0.432339,0.860334,0.710591,0.685213,0.465073,0.358149,0.723048,0.425414,0.611605,0.813826,0.664799,0.506759,0.670714,0.461586,0.690570,0.793606,0.411825,0.702513,0.662473,0.812108,0.423679,0.721725,0.680915,0.454570,0.734202,0.760723,0.561991,0.790018,0.746388,0.434123,0.666313,0.447015,0.785963,0.764222,0.419034,0.760501,0.821692,0.767658,0.819341,0.829016,0.409335,0.651907,0.756607,0.712160,0.629807,0.801259,0.853723,0.809223,0.734665,0.913426,0.765283,0.385767,0.541125,0.856289,0.718849,0.399696,0.802898,0.675146,0.651526,0.894203,0.719999,0.588508,0.693805,0.867929,0.720442,0.685847,0.789942,0.707962,0.795082,0.703833,0.709879,0.721974,0.744183,0.672370,0.494347,0.569861,0.691193,0.423921,0.712095,0.739165,0.747911,0.716325,0.704251,0.519619,0.812696,0.779156,0.860518,0.738180,0.442560,0.648313,0.769678,0.869047,0.750398,0.818482,0.655321,0.816846,0.535367,0.556521,0.727163,0.828513,0.706804,0.412113,0.834505,0.753692,0.714164,0.653746,0.628189,0.614272,0.756618,0.681330,0.667057,0.508607,0.540117,0.618139,0.478789,0.803026,0.648433,0.813459,0.740457,0.696983,0.682897,0.831728,0.551687,0.732511,0.480974,0.628629,0.821866,0.647949
0.588894,0.532341,0.329924,0.501823,0.315341,0.553574,0.684354,0.305987,0.694469,0.470758,0.707726,0.470603,0.620350,0.479038,0.553253,0.346677,0.367722,0.614038,0.330733,0.787438,0.543773,0.460574,0.549433,0.458986,0.498202,0.446315,0.461663,0.321809,0.343795,0.478260,0.755886,0.425820,0.626569,0.726492,0.376144,0.727457,0.553674,0.533503,0.724615,0.448726,0.350868,0.756978,0.680501,0.607910,0.775581,0.573522,0.430306,0.421191,0.337588,0.722883,0.346339,0.792851,0.666921,0.708090,0.385639,0.524117,0.349465,0.354408,0.559386,0.616752,0.582431,0.399828,0.669287,0.732699,0.516243,0.400669,0.223497,0.600180,0.679926,0.755958,0.793959,0.634030,0.698217,0.526523,0.723644,0.815086,0.549266,0.416908,0.432731,0.651811,0.813579,0.442200,0.469711,0.701938,0.279608,0.807459,0.520210,0.265566,0.750293,0.564885,0.707709,0.300798,0.423753,0.375274,0.748796,0.792405,0.777284,0.652720,0.487112,0.604479,0.340033,0.659164,0.323250,0.278306,0.703864,0.358711,0.676476,0.363178,0.278212,0.723477,0.855970,0.254652,0.638173,0.564736,0.231775,0.347866,0.758117,0.816257,0.566265,0.431799,0.488778,0.347549,0.244970,0.689244,0.518118,0.458066,0.396297,0.597234,0.628488,0.571288,0.237109,0.675664,0.686389,0.406129,0.669237,0.248447,0.589327,0.704318,0.758618,0.547737,0.782337,0.700757,0.308018,0.740204,0.344596,0.648317,0.488946,0.597788,0.848612,0.717927,0.209028,0.661090,0.263306,0.231544,0.435966,0.417460,0.566439,0.868269,0.458534,0.667933,0.752053,0.441714,0.469794,0.274623,0.683964,0.658568,0.254041,0.823587,0.317131,0.512593,0.704795,0.333709,0.703406,0.648541,0.654389,0.628574,0.859198,0.539034,0.446253,0.757033,0.520274,0.720232,0.638968,0.409263,0.205149,0.769330,0.618046,0.653450,0.880862,0.773455,0.443084,0.342345,0.770617,0.858785,0.508392,0.316746,0.373889,0.470078,0.830141,0.474951,0.656590,0.706963,0.783667,0.251257,0.834830,0.723648,0.714297,0.485964,0.511249,0.657587,0.757947,0.540235,0.620471,0.663034,0.677156,0.301840,0.445063,0.890112,0.401263,0.652055,0.692783,0.537386,0.640841,0.399816,0.341059,0.364271,0.314396,0.792161,0.524386,0.726980,0.882376,0.656226,0.219680,0.480205,0.469048,0.465867,0.743245,0.668318,0.648313,0.255807,0.280493,0.411864,0.748261,0.589134,0.376241,0.661691,0.715258,0.274713,0.720385,0.416533,0.484598,0.520027,0.623363,0.598527,0.670958,0.263020,0.752390,0.644654,0.453087,0.673088,0.782823,0.746224,0.267030,0.482005,0.767498,0.296484,0.385288,0.419427,0.578673,0.383603,0.683368,0.371162,0.423775,0.758287,0.758726,0.258263,0.808889,0.437548,0.335128,0.298662,0.840085,0.625925,0.615289,0.268183,0.624530,0.312555,0.691717,0.585777,0.402725,0.711957,0.741560,0.811948,0.793758,0.505339,0.558071,0.347911,0.696453,0.773773,0.416568,0.407205,0.399260,0.622794,0.589425,0.553929,0.499866,0.768517,0.589722,0.465675,0.412034,0.780996,0.267715,0.638655,0.390439,0.556128,0.764359,0.620253,0.470357,0.324247,0.336555,0.677282,0.508579,0.822567,0.794344,0.490589,0.800876,0.810098,0.542859,0.303926,0.823955,0.538105,0.656788,0.664599,0.728746,0.346051,0.721386,0.574117,0.758233,0.457600,0.766058,0.345291,0.343476,0.909189,0.631683,0.633611,0.722065,0.811545,0.419380,0.698427,0.405282,0.867011,0.818284,0.769888,0.779397,0.689272,0.585834,0.765367,0.827220,0.525369,0.595883,0.787078,0.758073,0.459273,0.587093,0.618971,0.829926,0.323511,0.738238,0.684555,0.783900,0.753581,0.637938,0.709758,0.432339,0.000000,0.856724,0.681064,0.674855,0.320607,0.286971,0.716972,0.259557,0.506912,0.759393,0.553094,0.428278,0.659737,0.411127,0.602436,0.783369,0.257478,0.708553,0.538831,0.816558,0.324303,0.662344,0.543486,0.263253,0.692935,0.646384,0.412284,0.798923,0.717511,0.363445,0.625095,0.387749,0.867159,0.719933,0.292531,0.805335,0.776984,0.656093,0.813262,0.775803,0.193212,0.705709,0.761620,0.664713,0.529384,0.776014,0.834969,0.827554,0.669887,0.774083,0.760455,0.282346,0.321612,0.870178,0.685838,0.308038,0.782608,0.673721,0.562862,0.800238,0.746095,0.525137,0.698348,0.808601,0.693393,0.738431,0.803152,0.492360,0.822426,0.618956,0.743049,0.701216,0.645335,0.637366,0.443422,0.396368,0.652512,0.426023,0.765298,0.750668,0.650023,0.565239,0.578717,0.510795,0.815074,0.734316,0.868203,0.733241,0.332095,0.534481,0.747862,0.885158,0.713022,0.802721,0.726739,0.795259,0.302040,0.572320,0.789184,0.705383,0.652278,0.488180,0.880858,0.708029,0.623615,0.694519,0.564642,0.749389,0.805310,0.674597,0.601834,0.441971,0.542300,0.541424,0.368978,0.661488,0.570182,0.832991,0.640388,0.592879,0.629997,0.806909,0.441943,0.752975,0.424752,0.554326,0.674722,0.555660
0.589050,0.706182,0.774802,0.800647,0.803627,0.748694,0.750514,0.802432,0.781865,0.739351,0.762027,0.732701,0.490131,0.780897,0.555683,0.694545,0.788876,0.583634,0.788290,0.758496,0.675617,0.706150,0.775330,0.763740,0.795473,0.737907,0.765106,0.690432,0.854378,0.679611,0.405721,0.753133,0.491838,0.487733,0.698898,0.722933,0.760569,0.742508,0.754683,0.741964,0.795623,0.556923,0.617450,0.736087,0.794502,0.770646,0.751391,0.833891,0.780705,0.810198,0.834167,0.426303,0.598487,0.461973,0.782717,0.739149,0.784389,0.795097,0.794776,0.775630,0.581616,0.785231,0.543188,0.604799,0.803151,0.750295,0.759498,0.582498,0.663869,0.568573,0.650390,0.539570,0.768327,0.779377,0.589965,0.555303,0.810895,0.729856,0.862878,0.778218,0.698122,0.772914,0.772062,0.466254,0.809075,0.682629,0.798376,0.854101,0.622511,0.767070,0.706650,0.841237,0.800125,0.814162,0.668498,0.660428,0.527197,0.555512,0.780463,0.824955,0.777110,0.725311,0.795663,0.839019,0.516220,0.746056,0.507726,0.792892,0.737112,0.821117,0.306980,0.816416,0.811830,0.769456,0.836380,0.850059,0.491000,0.758254,0.739395,0.824896,0.760598,0.791745,0.846468,0.803465,0.711391,0.759965,0.793556,0.653981,0.647183,0.797659,0.896721,0.666201,0.660316,0.751325,0.796215,0.848730,0.684762,0.590873,0.496136,0.690479,0.723768,0.511302,0.834116,0.689550,0.869734,0.597539,0.775080,0.700406,0.559005,0.755570,0.850265,0.600535,0.851437,0.843118,0.798602,0.813559,0.835394,0.628825,0.691121,0.671947,0.727264,0.820326,0.830274,0.845460,0.826109,0.646400,0.809079,0.749196,0.845688,0.819908,0.743843,0.762324,0.508277,0.676000,0.595858,0.769382,0.396966,0.792043,0.762135,0.710409,0.748078,0.763763,0.650519,0.877573,0.891292,0.476341,0.568538,0.667009,0.542007,0.763292,0.848073,0.850408,0.650879,0.730857,0.761047,0.849154,0.797010,0.705982,0.728611,0.818679,0.530232,0.503211,0.590275,0.835634,0.409426,0.788108,0.751157,0.817408,0.721868,0.669675,0.497446,0.751020,0.590147,0.705953,0.825580,0.859928,0.745441,0.340276,0.892920,0.566225,0.666946,0.787184,0.578216,0.816291,0.886718,0.772581,0.846699,0.476817,0.792768,0.800163,0.696170,0.709751,0.784448,0.822497,0.848870,0.849321,0.743202,0.875827,0.815584,0.895607,0.836009,0.803196,0.772649,0.773327,0.830717,0.565944,0.636218,0.840506,0.749399,0.835078,0.742177,0.645716,0.699486,0.858944,0.621379,0.865100,0.698693,0.661032,0.894511,0.733719,0.439921,0.578010,0.876067,0.787715,0.506302,0.863402,0.775571,0.836214,0.728517,0.826195,0.773819,0.837744,0.906630,0.779265,0.730832,0.892464,0.665141,0.698981,0.862491,0.856054,0.650373,0.820752,0.828789,0.830024,0.770952,0.872325,0.591152,0.735577,0.819079,0.625911,0.498733,0.852659,0.657804,0.826552,0.771229,0.740222,0.703358,0.745155,0.870032,0.810531,0.738618,0.841708,0.660245,0.858297,0.880091,0.674217,0.670081,0.769513,0.819066,0.752038,0.882862,0.798000,0.780388,0.747453,0.744971,0.707975,0.648141,0.878569,0.768248,0.612170,0.845108,0.671664,0.717103,0.780967,0.636622,0.477589,0.636347,0.851443,0.487294,0.753465,0.774270,0.713823,0.532661,0.855402,0.639014,0.827684,0.476113,0.801436,0.753575,0.844227,0.835422,0.520274,0.857452,0.671206,0.566969,0.683250,0.788701,0.469075,0.842951,0.795721,0.714037,0.519983,0.831916,0.745683,0.645772,0.634423,0.789369,0.776058,0.818001,0.725865,0.614863,0.733518,0.734932,0.861213,0.749563,0.842406,0.743945,0.494933,0.548578,0.572673,0.714054,0.678883,0.860334,0.856724,0.000000,0.839211,0.730747,0.809476,0.926856,0.578887,0.861956,0.783184,0.540012,0.804285,0.938706,0.762888,0.897272,0.655198,0.828568,0.815578,0.786130,0.736699,0.528766,0.848989,0.731817,0.694655,0.769860,0.779859,0.641665,0.821366,0.816044,0.748425,0.866670,0.784177,0.869865,0.753790,0.707841,0.853230,0.732472,0.676386,0.570283,0.779197,0.653671,0.883479,0.788057,0.720679,0.763104,0.787900,0.653493,0.715860,0.618838,0.650848,0.741024,0.698234,0.892968,0.760161,0.772684,0.695198,0.908812,0.525198,0.767252,0.683457,0.525049,0.689683,0.763223,0.594108,0.696826,0.772505,0.605352,0.665793,0.735441,0.729655,0.692073,0.686091,0.730033,0.821321,0.834192,0.871709,0.745874,0.849079,0.847023,0.842544,0.781734,0.677028,0.682421,0.807801,0.758730,0.485126,0.748867,0.647382,0.757591,0.840323,0.695857,0.718217,0.599672,0.670244,0.732204,0.884079,0.584849,0.775772,0.845523,0.580573,0.666969,0.811208,0.816638,0.570931,0.647036,0.864243,0.634406,0.728287,0.765819,0.509517,0.789499,0.673333,0.838247,0.818803,0.750831,0.898084,0.765722,0.808588,0.649531,0.750460,0.726634,0.787866,0.696501,0.780245,0.678069,0.808643,0.796205,0.618605,0.748889
0.589123,0.542387,0.608649,0.599754,0.550666,0.578542,0.555302,0.609941,0.428675,0.568458,0.572248,0.604014,0.621296,0.631347,0.645534,0.614685,0.582430,0.678481,0.576112,0.668594,0.484922,0.710834,0.350786,0.584878,0.540942,0.675692,0.583864,0.692078,0.606886,0.599946,0.759844,0.615381,0.751409,0.686836,0.607782,0.540712,0.539967,0.602244,0.597609,0.610016,0.568763,0.737059,0.799562,0.760397,0.517222,0.629460,0.593368,0.540525,0.667351,0.586855,0.606289,0.803681,0.686745,0.779539,0.628532,0.610946,0.610763,0.594291,0.717423,0.471030,0.681431,0.657268,0.716560,0.660887,0.601369,0.586412,0.662489,0.709207,0.639148,0.733001,0.637748,0.681934,0.485578,0.636258,0.668576,0.563591,0.661345,0.531709,0.651501,0.567988,0.644593,0.689572,0.647684,0.763416,0.651671,0.641708,0.694690,0.680200,0.743146,0.617088,0.601197,0.584957,0.615920,0.552661,0.706305,0.651379,0.788648,0.683944,0.620111,0.406358,0.603528,0.609946,0.602752,0.523515,0.680326,0.603759,0.803465,0.571449,0.606887,0.549039,0.778597,0.637775,0.493380,0.545562,0.652746,0.729769,0.864484,0.664877,0.598378,0.537500,0.587149,0.727630,0.686815,0.634461,0.510530,0.707909,0.669858,0.602310,0.635482,0.511988,0.661907,0.700619,0.645803,0.517049,0.476725,0.655602,0.711607,0.689745,0.685454,0.519240,0.599152,0.745865,0.679863,0.527156,0.762178,0.726829,0.678367,0.624448,0.739456,0.678215,0.647999,0.693756,0.682730,0.662025,0.674125,0.589511,0.562119,0.634796,0.701280,0.694129,0.781625,0.753418,0.534672,0.631800,0.611635,0.631454,0.650622,0.554917,0.601875,0.618714,0.658921,0.660142,0.834930,0.730529,0.700263,0.538266,0.781468,0.705372,0.604013,0.761001,0.759401,0.732738,0.643105,0.569373,0.668137,0.767259,0.679803,0.577662,0.761882,0.527700,0.603805,0.726755,0.730679,0.504176,0.754053,0.603234,0.678790,0.621616,0.805475,0.626683,0.765693,0.691526,0.533927,0.567560,0.745982,0.586343,0.737626,0.617598,0.646928,0.827295,0.763202,0.673722,0.669967,0.689637,0.832970,0.672744,0.648758,0.810661,0.643476,0.801082,0.728113,0.734195,0.693992,0.688816,0.664220,0.558999,0.699557,0.788645,0.663101,0.631598,0.495265,0.655273,0.612800,0.684206,0.685078,0.641494,0.521400,0.648916,0.807441,0.690732,0.663647,0.617034,0.679785,0.584740,0.642153,0.755768,0.665280,0.646421,0.657433,0.703557,0.561906,0.642588,0.614168,0.658035,0.739026,0.649586,0.714887,0.644424,0.606336,0.691555,0.844802,0.744315,0.711570,0.564719,0.791306,0.630351,0.724111,0.717035,0.719318,0.609037,0.610009,0.540773,0.698858,0.693900,0.708155,0.720715,0.666603,0.644196,0.703141,0.639004,0.754691,0.704178,0.657140,0.676348,0.291028,0.694919,0.826421,0.657343,0.691027,0.702068,0.709341,0.769145,0.709972,0.668228,0.550451,0.622752,0.644753,0.725666,0.719174,0.645780,0.597273,0.493152,0.623383,0.548576,0.686689,0.697687,0.607465,0.744111,0.644392,0.714425,0.701096,0.541318,0.632734,0.701034,0.676228,0.777633,0.762006,0.697615,0.664375,0.719181,0.646670,0.758901,0.696463,0.608941,0.745264,0.818827,0.695730,0.673756,0.743826,0.664843,0.783258,0.823538,0.776686,0.636253,0.754835,0.604721,0.786018,0.508014,0.795420,0.767372,0.793549,0.737000,0.666333,0.753833,0.863354,0.731251,0.662404,0.863557,0.649275,0.746201,0.796717,0.806451,0.614265,0.664852,0.641787,0.726218,0.754190,0.494239,0.617353,0.768576,0.697507,0.651263,0.690903,0.579793,0.634706,0.672537,0.711908,0.815231,0.831564,0.745304,0.750882,0.812135,0.710591,0.681064,0.839211,0.000000,0.687365,0.715190,0.743822,0.669305,0.640394,0.716502,0.721388,0.482577,0.690235,0.658378,0.559314,0.711555,0.757434,0.669157,0.716699,0.569513,0.814377,0.662991,0.746684,0.732787,0.701858,0.696497,0.588042,0.690615,0.776061,0.596462,0.637713,0.610507,0.607208,0.582300,0.738195,0.669414,0.695511,0.663905,0.763396,0.746798,0.684170,0.706900,0.674780,0.574685,0.625046,0.649216,0.745360,0.792923,0.733916,0.638416,0.826895,0.595903,0.740225,0.660825,0.491106,0.712576,0.701228,0.842208,0.736898,0.729546,0.862039,0.638224,0.581328,0.783923,0.741818,0.749448,0.718148,0.676316,0.759772,0.720673,0.721344,0.597450,0.823018,0.695677,0.652373,0.689698,0.581042,0.696782,0.780819,0.802051,0.586020,0.616269,0.750068,0.627638,0.750950,0.818313,0.781264,0.679376,0.582358,0.735993,0.596940,0.728450,0.878825,0.732638,0.783474,0.681337,0.720089,0.561146,0.686325,0.768434,0.787475,0.677595,0.781283,0.830758,0.663776,0.593697,0.701585,0.705238,0.687380,0.781446,0.563705,0.577769,0.725315,0.616128,0.592821,0.771899,0.814104,0.736761,0.579334,0.663029,0.699831,0.715454,0.780349,0.647532,0.693641,0.765417,0.557267,0.768398,0.650162
0.589197,0.510309,0.578828,0.538481,0.524995,0.594152,0.603662,0.632861,0.708743,0.584754,0.604636,0.563952,0.486549,0.558815,0.478333,0.574496,0.647270,0.592073,0.636766,0.574855,0.601501,0.658833,0.611017,0.666002,0.601931,0.601155,0.428721,0.600009,0.585606,0.530056,0.706702,0.596645,0.719528,0.556941,0.587093,0.668971,0.430710,0.628612,0.674838,0.642488,0.572050,0.714061,0.781571,0.713395,0.715876,0.749389,0.634042,0.613478,0.565302,0.637334,0.647714,0.703990,0.476448,0.763171,0.640758,0.736568,0.489786,0.668742,0.555793,0.721726,0.431162,0.641994,0.713578,0.642501,0.696871,0.593695,0.623641,0.561480,0.724343,0.622505,0.561771,0.312069,0.699190,0.684515,0.435791,0.690187,0.620587,0.534190,0.693113,0.738741,0.716010,0.686004,0.575121,0.692533,0.701165,0.662851,0.669172,0.656905,0.582864,0.677111,0.648855,0.589641,0.583856,0.618000,0.569629,0.653928,0.604869,0.359791,0.591278,0.632983,0.536332,0.631887,0.539998,0.617707,0.503136,0.582453,0.701258,0.581702,0.635482,0.706128,0.719824,0.670793,0.720402,0.563744,0.526937,0.718976,0.778909,0.741237,0.611208,0.607623,0.451046,0.743079,0.680562,0.667911,0.574394,0.649675,0.664287,0.611502,0.625122,0.712153,0.605788,0.633244,0.663812,0.381890,0.738243,0.628895,0.649348,0.677626,0.602908,0.515726,0.738773,0.619603,0.704624,0.629131,0.676292,0.641450,0.684128,0.689144,0.644903,0.653532,0.673478,0.557496,0.701265,0.673355,0.628196,0.619474,0.669496,0.713371,0.602459,0.628495,0.679764,0.736405,0.524800,0.690687,0.666471,0.621331,0.637883,0.805528,0.697376,0.564789,0.512667,0.623836,0.776695,0.517178,0.515844,0.666319,0.680792,0.748865,0.583014,0.708067,0.703210,0.716574,0.617759,0.634444,0.650483,0.684222,0.389818,0.516630,0.728984,0.704756,0.598627,0.678246,0.567718,0.668758,0.669588,0.673922,0.724513,0.612857,0.766749,0.683028,0.672066,0.676142,0.720314,0.663975,0.622734,0.700403,0.662323,0.604581,0.624062,0.651003,0.734625,0.697216,0.588936,0.658574,0.670491,0.749860,0.694896,0.748139,0.710911,0.684444,0.627199,0.665317,0.401998,0.683213,0.714929,0.600121,0.737089,0.726448,0.632275,0.666467,0.673525,0.620983,0.598216,0.542229,0.639650,0.676077,0.697739,0.649398,0.656961,0.672216,0.705285,0.722709,0.729683,0.710999,0.611614,0.566740,0.687151,0.639104,0.747340,0.693550,0.542524,0.601132,0.613994,0.610748,0.509588,0.628479,0.662208,0.710812,0.674706,0.761098,0.709493,0.606194,0.702235,0.653145,0.632651,0.723212,0.728654,0.698976,0.658746,0.668749,0.740368,0.607331,0.702391,0.571888,0.714499,0.678980,0.635417,0.525066,0.666792,0.689759,0.637304,0.689116,0.808871,0.714832,0.643513,0.738189,0.620144,0.677360,0.756939,0.486700,0.738153,0.719987,0.598432,0.694765,0.655960,0.589118,0.572694,0.737717,0.672228,0.656649,0.722359,0.628801,0.557569,0.649001,0.700199,0.663454,0.701809,0.707304,0.742546,0.618621,0.677048,0.644395,0.705754,0.521201,0.747386,0.655463,0.681626,0.683773,0.715108,0.586535,0.698969,0.696282,0.729630,0.498867,0.720912,0.672825,0.713341,0.695937,0.651453,0.630025,0.757989,0.666915,0.644818,0.754751,0.750161,0.714316,0.718545,0.672480,0.736640,0.753269,0.651879,0.768691,0.746521,0.628704,0.758823,0.613189,0.665734,0.739833,0.672408,0.667534,0.689909,0.699294,0.702850,0.560129,0.692730,0.665933,0.759477,0.629914,0.556688,0.741788,0.659300,0.760323,0.731860,0.680809,0.734473,0.753230,0.645345,0.820944,0.711771,0.549010,0.642688,0.735975,0.685213,0.674855,0.730747,0.687365,0.000000,0.759080,0.715928,0.659477,0.704363,0.770628,0.733037,0.644189,0.686495,0.683336,0.735498,0.736769,0.691447,0.658903,0.781128,0.582436,0.639620,0.608894,0.756336,0.652815,0.655045,0.603941,0.658206,0.777577,0.604872,0.664548,0.720889,0.639771,0.646088,0.757544,0.736219,0.701207,0.756271,0.644334,0.556048,0.718890,0.703537,0.639053,0.726677,0.630603,0.701558,0.705001,0.658888,0.696699,0.649506,0.664356,0.713363,0.627892,0.721612,0.641382,0.725493,0.794976,0.675219,0.743533,0.724481,0.707915,0.749977,0.604217,0.650418,0.782648,0.768274,0.649959,0.596429,0.510435,0.662926,0.686387,0.640846,0.556633,0.661229,0.786372,0.747418,0.716767,0.731163,0.493340,0.677334,0.798783,0.663633,0.595799,0.623542,0.723719,0.681412,0.729854,0.712845,0.727164,0.706353,0.647659,0.621320,0.694057,0.795456,0.652996,0.707725,0.732142,0.761233,0.689085,0.701353,0.717084,0.640889,0.662539,0.700955,0.739030,0.631830,0.597742,0.642341,0.717595,0.385685,0.828290,0.581458,0.693590,0.640272,0.622691,0.713265,0.733472,0.719294,0.658674,0.726070,0.757463,0.737923,0.804090,0.668896,0.625613,0.708670,0.732038,0.605928,0.605600,0.706557
0.589237,0.537571,0.381713,0.577707,0.370584,0.519759,0.609712,0.327387,0.674310,0.448806,0.648155,0.504347,0.661070,0.475089,0.623515,0.352064,0.328566,0.584132,0.321779,0.724548,0.548449,0.417163,0.568633,0.420123,0.459686,0.504755,0.515561,0.330571,0.335801,0.457632,0.705920,0.432319,0.602588,0.668859,0.355000,0.695034,0.586797,0.455616,0.637172,0.394000,0.313574,0.712748,0.666872,0.641862,0.784767,0.630788,0.403193,0.452070,0.392877,0.690999,0.503693,0.763162,0.703969,0.679713,0.400645,0.576978,0.329722,0.344126,0.572194,0.579774,0.594144,0.468311,0.621086,0.677906,0.526626,0.378497,0.293592,0.554311,0.725875,0.718271,0.764548,0.633267,0.659458,0.527308,0.745452,0.797840,0.505720,0.400577,0.408216,0.585097,0.753636,0.393174,0.500666,0.685086,0.263428,0.761161,0.486071,0.259070,0.712029,0.556150,0.653510,0.312918,0.447131,0.368920,0.704047,0.747688,0.753012,0.649541,0.558968,0.606448,0.386343,0.701735,0.343487,0.408292,0.655641,0.430000,0.644210,0.389961,0.304586,0.627699,0.783498,0.308310,0.553856,0.526678,0.347090,0.347280,0.749188,0.761388,0.544961,0.429361,0.506791,0.371101,0.266707,0.759466,0.521147,0.442729,0.397667,0.516137,0.606130,0.497097,0.260391,0.613861,0.562869,0.438020,0.693845,0.247696,0.593418,0.705566,0.711879,0.586764,0.747182,0.667490,0.268405,0.729087,0.431798,0.643009,0.481938,0.589572,0.846457,0.740602,0.239104,0.614869,0.261239,0.260218,0.464490,0.495896,0.532594,0.854471,0.472637,0.610304,0.774740,0.434520,0.533781,0.266566,0.577313,0.597351,0.273747,0.783285,0.314258,0.527662,0.681557,0.366571,0.695252,0.634571,0.645450,0.577196,0.811143,0.474019,0.488924,0.710705,0.592977,0.756106,0.648656,0.512547,0.318684,0.761476,0.631778,0.625054,0.817572,0.710287,0.417493,0.303133,0.779994,0.852348,0.545210,0.297945,0.322568,0.402227,0.776168,0.526779,0.688002,0.701125,0.740004,0.267285,0.818491,0.614618,0.761114,0.490320,0.576100,0.632407,0.720455,0.519645,0.647028,0.631927,0.648511,0.305636,0.451004,0.838507,0.472738,0.577683,0.775200,0.534767,0.668589,0.307244,0.456418,0.396318,0.296891,0.766489,0.498768,0.715903,0.834553,0.629320,0.317890,0.510775,0.479402,0.416881,0.684244,0.652511,0.649068,0.405668,0.227322,0.373739,0.754356,0.663397,0.395949,0.644983,0.702080,0.287824,0.735604,0.389727,0.497018,0.524324,0.668750,0.586943,0.706301,0.333773,0.753455,0.685518,0.552001,0.735030,0.744573,0.779442,0.417218,0.524651,0.767565,0.336666,0.340222,0.479014,0.659215,0.418535,0.575260,0.397557,0.445526,0.720192,0.741010,0.420938,0.719586,0.448552,0.392483,0.279722,0.828365,0.644770,0.654632,0.266181,0.646130,0.391420,0.715682,0.478728,0.337230,0.713642,0.692391,0.774921,0.812372,0.558805,0.621360,0.375847,0.708711,0.760063,0.403875,0.380262,0.453885,0.685859,0.608659,0.486141,0.551898,0.733300,0.655672,0.526170,0.340512,0.753415,0.249450,0.630215,0.326255,0.608194,0.750419,0.591920,0.554852,0.308409,0.353912,0.718419,0.472153,0.835983,0.672428,0.533947,0.757601,0.759647,0.538919,0.330925,0.811089,0.607630,0.714536,0.678825,0.688345,0.339265,0.655402,0.548467,0.707882,0.425736,0.780166,0.424664,0.393523,0.825562,0.627412,0.705714,0.746371,0.798645,0.389900,0.676105,0.397337,0.872218,0.807828,0.704900,0.704593,0.653900,0.573467,0.733691,0.842055,0.497586,0.584922,0.803982,0.743133,0.506473,0.570869,0.593654,0.802971,0.271912,0.696672,0.677863,0.729217,0.757654,0.621624,0.685915,0.465073,0.320607,0.809476,0.715190,0.759080,0.000000,0.382147,0.695857,0.261251,0.464379,0.685901,0.534056,0.521785,0.581738,0.505089,0.653423,0.787884,0.339808,0.732459,0.587407,0.840712,0.308216,0.573741,0.633175,0.353554,0.656040,0.659708,0.330917,0.780890,0.689938,0.331366,0.570653,0.334081,0.817650,0.667336,0.265364,0.688797,0.708589,0.701285,0.814696,0.780764,0.380561,0.640020,0.726869,0.614162,0.436622,0.765729,0.821582,0.828744,0.643834,0.816188,0.736021,0.353381,0.360386,0.863594,0.626670,0.355302,0.720388,0.720819,0.631019,0.805831,0.717508,0.488102,0.701434,0.771887,0.597121,0.719429,0.862405,0.558162,0.835433,0.633786,0.680834,0.689245,0.609496,0.650725,0.545775,0.469133,0.696900,0.486635,0.739353,0.697624,0.637950,0.617983,0.626864,0.471769,0.814888,0.763013,0.887402,0.757582,0.396962,0.610806,0.721748,0.802896,0.698797,0.781971,0.641285,0.760691,0.376624,0.454394,0.768599,0.768745,0.658240,0.499555,0.849205,0.708205,0.657410,0.701909,0.605550,0.782986,0.790466,0.623059,0.595148,0.478211,0.505093,0.452258,0.432616,0.695664,0.640239,0.821132,0.612206,0.689311,0.463650,0.743343,0.431779,0.765308,0.452719,0.586254,0.724417,0.569508
0.589314,0.525576,0.276890,0.488656,0.341045,0.515747,0.658363,0.269029,0.646837,0.454816,0.678564,0.542906,0.669041,0.474232,0.598069,0.417297,0.392509,0.639402,0.331666,0.797502,0.619908,0.464279,0.563610,0.461280,0.449236,0.470422,0.525284,0.367536,0.392411,0.528492,0.761707,0.505077,0.686045,0.735527,0.436831,0.681465,0.583104,0.542398,0.664922,0.417541,0.412513,0.768379,0.759081,0.688390,0.748146,0.687929,0.444271,0.479813,0.423924,0.661230,0.279232,0.811230,0.683808,0.723681,0.387481,0.621967,0.398949,0.418209,0.591242,0.592887,0.611341,0.489523,0.689649,0.730027,0.465563,0.421296,0.319281,0.608527,0.670418,0.704356,0.773364,0.667217,0.642564,0.507023,0.775934,0.827246,0.483923,0.474252,0.336764,0.613068,0.766624,0.359455,0.510158,0.749710,0.369575,0.749171,0.500437,0.321328,0.777760,0.575991,0.721567,0.344323,0.488242,0.366829,0.697905,0.774917,0.757481,0.676724,0.529182,0.667408,0.450380,0.781573,0.400038,0.223190,0.742352,0.438991,0.686425,0.424124,0.374723,0.683965,0.859247,0.377245,0.634239,0.571940,0.244212,0.375338,0.767327,0.802666,0.535015,0.444462,0.473809,0.352941,0.334583,0.705215,0.570115,0.438135,0.384637,0.595542,0.689130,0.567512,0.259296,0.684900,0.665296,0.447114,0.678266,0.329184,0.628141,0.733308,0.784175,0.605732,0.773466,0.737853,0.243055,0.744984,0.329679,0.741363,0.437904,0.689561,0.841221,0.815265,0.261455,0.719206,0.328380,0.338258,0.524214,0.384588,0.569586,0.836924,0.546638,0.708027,0.835323,0.342742,0.492867,0.340838,0.608461,0.660885,0.363714,0.742108,0.415737,0.454795,0.708138,0.455142,0.716937,0.697338,0.683334,0.580801,0.888076,0.576739,0.551379,0.709780,0.571125,0.797999,0.657140,0.335992,0.271415,0.800737,0.666429,0.626896,0.872209,0.696180,0.484725,0.281714,0.804065,0.851742,0.550354,0.285887,0.400698,0.479389,0.859472,0.416968,0.726982,0.746499,0.806032,0.364626,0.848637,0.676528,0.808222,0.522105,0.631738,0.675423,0.774901,0.588380,0.676997,0.672581,0.649355,0.304576,0.520852,0.906813,0.200499,0.625411,0.778038,0.593081,0.697037,0.452684,0.190244,0.407284,0.285649,0.821631,0.572290,0.705278,0.842899,0.684296,0.356029,0.605824,0.590611,0.471498,0.697188,0.616353,0.681565,0.183498,0.313122,0.499952,0.650225,0.618171,0.481680,0.749917,0.797764,0.366293,0.683875,0.480742,0.612919,0.634845,0.665027,0.642523,0.710257,0.378572,0.800414,0.733781,0.586478,0.736022,0.782441,0.777612,0.128500,0.554339,0.788172,0.260063,0.343943,0.521341,0.747351,0.406078,0.636320,0.397292,0.493202,0.706518,0.861588,0.129173,0.772868,0.547505,0.345507,0.281009,0.830350,0.564165,0.705550,0.317862,0.676008,0.223102,0.743837,0.574588,0.467190,0.753654,0.773943,0.781161,0.827096,0.506071,0.568095,0.450135,0.773937,0.826468,0.437614,0.477511,0.536341,0.673591,0.686614,0.561326,0.278069,0.776166,0.678619,0.541536,0.443174,0.718116,0.373376,0.645059,0.476578,0.505486,0.798243,0.738785,0.539348,0.229913,0.434545,0.750958,0.515575,0.874273,0.773434,0.460882,0.852394,0.803683,0.701427,0.406522,0.790178,0.587715,0.585011,0.694220,0.761669,0.344238,0.718740,0.583264,0.738678,0.523450,0.796721,0.411719,0.399988,0.863156,0.655915,0.679169,0.759001,0.797711,0.415515,0.733213,0.452784,0.900098,0.815089,0.777203,0.711750,0.747638,0.661349,0.841712,0.841084,0.556197,0.580655,0.833391,0.841310,0.626641,0.652266,0.579576,0.791778,0.398959,0.818267,0.719775,0.753256,0.784082,0.668976,0.745880,0.358149,0.286971,0.926856,0.743822,0.715928,0.382147,0.000000,0.736733,0.308322,0.518202,0.799664,0.641396,0.351879,0.664589,0.374171,0.617100,0.822707,0.346866,0.722939,0.611500,0.831040,0.322094,0.656690,0.637346,0.374832,0.741574,0.708148,0.470488,0.806576,0.727800,0.348790,0.674164,0.384249,0.828756,0.767767,0.370637,0.739507,0.765426,0.776061,0.765162,0.829355,0.172816,0.677199,0.752044,0.636042,0.596749,0.750191,0.846636,0.805342,0.723578,0.851635,0.737371,0.290267,0.482186,0.835260,0.719878,0.336313,0.804425,0.634089,0.619528,0.919660,0.793420,0.571341,0.728607,0.827178,0.656107,0.716955,0.806818,0.626843,0.786919,0.700573,0.738730,0.757771,0.708115,0.681953,0.384200,0.569928,0.688742,0.303978,0.730188,0.744242,0.708640,0.656236,0.708104,0.527868,0.836220,0.780789,0.867286,0.784567,0.410586,0.670247,0.728380,0.894530,0.760053,0.819360,0.679759,0.803734,0.513992,0.592852,0.769888,0.780639,0.687647,0.497922,0.896163,0.695242,0.677868,0.733115,0.660536,0.711403,0.803903,0.678822,0.659802,0.451794,0.574860,0.623551,0.269546,0.673065,0.633678,0.837252,0.685301,0.685422,0.616838,0.826741,0.507144,0.793448,0.440868,0.610863,0.754779,0.686164
0.589812,0.586881,0.696243,0.690465,0.671667,0.754100,0.749326,0.711172,0.745651,0.749240,0.764996,0.787187,0.492210,0.719756,0.484780,0.633699,0.580853,0.678824,0.565123,0.770144,0.648339,0.559641,0.610464,0.695813,0.662146,0.785938,0.574217,0.482364,0.654694,0.435362,0.491388,0.665717,0.379340,0.493775,0.430245,0.746532,0.644602,0.651405,0.752559,0.655924,0.634562,0.573654,0.599189,0.732173,0.814931,0.679668,0.682974,0.711451,0.589971,0.797375,0.687947,0.547095,0.520352,0.399720,0.741188,0.624188,0.624064,0.694835,0.716629,0.694740,0.389546,0.786465,0.453875,0.657495,0.681313,0.541505,0.655604,0.395194,0.606155,0.576094,0.669755,0.486204,0.730282,0.739540,0.556282,0.593880,0.674914,0.585657,0.696901,0.824445,0.821680,0.752514,0.606174,0.357198,0.627826,0.766605,0.757984,0.689929,0.624181,0.719029,0.691390,0.651047,0.687720,0.551723,0.589089,0.761422,0.601388,0.483164,0.665891,0.661032,0.552501,0.659276,0.647181,0.683404,0.525861,0.700555,0.425840,0.655187,0.528789,0.796902,0.457822,0.631282,0.795327,0.751899,0.585432,0.722922,0.473678,0.810522,0.741991,0.589728,0.720194,0.660692,0.650932,0.721990,0.635745,0.552950,0.682937,0.454583,0.588804,0.771788,0.646625,0.817207,0.796829,0.628830,0.659960,0.654063,0.602243,0.727908,0.629141,0.505384,0.722381,0.322620,0.684583,0.658987,0.773526,0.438044,0.585612,0.694742,0.734165,0.741261,0.650740,0.500582,0.689992,0.674668,0.675350,0.745825,0.701164,0.750125,0.639709,0.774890,0.847347,0.743289,0.610986,0.666601,0.809613,0.444233,0.650317,0.721826,0.666779,0.545745,0.705090,0.604616,0.468126,0.760858,0.509675,0.636410,0.560129,0.714944,0.517735,0.677665,0.718658,0.712517,0.755310,0.603999,0.671806,0.501348,0.469479,0.771125,0.693305,0.754462,0.634577,0.646756,0.603634,0.717640,0.712794,0.638645,0.685976,0.500530,0.842788,0.632388,0.371524,0.352722,0.662714,0.614322,0.537488,0.725185,0.838042,0.584038,0.656478,0.663817,0.431713,0.570422,0.448298,0.670816,0.804014,0.649896,0.638954,0.535169,0.705684,0.425953,0.650412,0.674072,0.499126,0.702548,0.725382,0.606304,0.656030,0.471534,0.631669,0.784383,0.650007,0.682070,0.648330,0.712206,0.761234,0.680452,0.713025,0.774236,0.808127,0.654771,0.663678,0.604514,0.712080,0.599827,0.628477,0.563426,0.543374,0.614256,0.681351,0.715603,0.673202,0.655902,0.753450,0.794327,0.551923,0.607474,0.776000,0.696998,0.731900,0.777901,0.439419,0.629149,0.691042,0.732942,0.602801,0.722090,0.630402,0.721688,0.676162,0.753757,0.681717,0.689708,0.715661,0.841404,0.797035,0.677241,0.642493,0.600475,0.642922,0.678338,0.722420,0.767327,0.739073,0.657305,0.663201,0.730939,0.609593,0.711750,0.669955,0.532314,0.496857,0.820341,0.636061,0.780338,0.735638,0.636085,0.600221,0.826121,0.706773,0.708039,0.662030,0.615975,0.542962,0.771727,0.757427,0.660745,0.668541,0.652843,0.707358,0.824479,0.650337,0.662368,0.619703,0.682050,0.767320,0.523069,0.671281,0.632904,0.629952,0.525486,0.679871,0.748088,0.772621,0.584136,0.787928,0.510339,0.625358,0.671740,0.570095,0.527038,0.801982,0.562327,0.496037,0.662397,0.606231,0.776220,0.398354,0.698828,0.823309,0.746823,0.720039,0.494709,0.763423,0.701041,0.489630,0.769074,0.703881,0.438580,0.597699,0.826486,0.813634,0.470139,0.808482,0.719438,0.553000,0.827287,0.789600,0.565620,0.703044,0.776136,0.778504,0.697271,0.722771,0.743611,0.742505,0.702296,0.826585,0.466660,0.507875,0.599584,0.672932,0.542789,0.723048,0.716972,0.578887,0.669305,0.659477,0.695857,0.736733,0.000000,0.634940,0.738470,0.666038,0.738162,0.735343,0.791670,0.657548,0.714638,0.713704,0.630859,0.772797,0.652426,0.544194,0.584236,0.771141,0.660232,0.702237,0.760620,0.694865,0.715494,0.751597,0.700149,0.598343,0.670611,0.688341,0.700142,0.866987,0.620256,0.790074,0.772100,0.660733,0.763906,0.731360,0.672085,0.742521,0.692491,0.720158,0.709220,0.706684,0.868115,0.726977,0.655214,0.845333,0.759414,0.701413,0.666819,0.753032,0.707043,0.727611,0.548158,0.807540,0.468200,0.682952,0.781953,0.624752,0.471435,0.758963,0.839447,0.416638,0.718243,0.741107,0.757546,0.805243,0.638633,0.637120,0.756031,0.855378,0.726848,0.684523,0.642533,0.740026,0.791030,0.772816,0.576851,0.638374,0.673968,0.555247,0.455497,0.759296,0.728544,0.682623,0.650335,0.808947,0.849356,0.735876,0.713278,0.856982,0.801679,0.653882,0.717973,0.594731,0.121413,0.627352,0.758223,0.760237,0.717778,0.706783,0.679597,0.821902,0.721048,0.686142,0.465856,0.589811,0.587363,0.659359,0.698009,0.603168,0.745870,0.723391,0.779928,0.684700,0.803042,0.677420,0.801052,0.870523,0.564552,0.713592,0.720951,0.631084,0.591287,0.627214
0.590117,0.507376,0.314644,0.539649,0.278557,0.526903,0.647825,0.278794,0.658932,0.447741,0.681660,0.502039,0.616919,0.430726,0.577091,0.377805,0.276740,0.610290,0.284122,0.776371,0.559853,0.378390,0.504537,0.410667,0.418853,0.467671,0.473448,0.256982,0.241863,0.362307,0.722029,0.426904,0.602007,0.672656,0.252355,0.712342,0.571023,0.482966,0.669535,0.337183,0.273107,0.714210,0.647713,0.674119,0.776984,0.599424,0.449666,0.355292,0.312630,0.681278,0.435184,0.771512,0.666101,0.676768,0.362279,0.544158,0.269714,0.339684,0.623860,0.551442,0.537296,0.455396,0.611362,0.744630,0.478458,0.350585,0.224612,0.495386,0.684055,0.732213,0.714105,0.583289,0.677037,0.525523,0.703136,0.797388,0.451653,0.354319,0.371278,0.655028,0.784696,0.402105,0.453890,0.655918,0.191975,0.791756,0.444098,0.172884,0.709660,0.637875,0.715824,0.267248,0.374083,0.326245,0.710996,0.774236,0.774369,0.599038,0.491456,0.578257,0.339511,0.689669,0.272346,0.344436,0.686608,0.370064,0.634403,0.335004,0.229490,0.683665,0.824291,0.274389,0.602137,0.526958,0.281523,0.315287,0.702931,0.789747,0.540515,0.356297,0.471901,0.281478,0.216888,0.705173,0.514322,0.441724,0.396229,0.523288,0.633795,0.509091,0.224428,0.699110,0.661589,0.387783,0.609282,0.151255,0.541537,0.754429,0.785051,0.537442,0.776118,0.623342,0.180699,0.700275,0.412458,0.618599,0.452899,0.602275,0.902195,0.770081,0.105179,0.648727,0.222365,0.252182,0.486648,0.448129,0.519037,0.853459,0.479053,0.681550,0.785959,0.371725,0.447157,0.154939,0.518562,0.612110,0.203464,0.750911,0.286796,0.460705,0.655850,0.364474,0.682925,0.658979,0.640409,0.540172,0.847675,0.515600,0.374576,0.751593,0.557675,0.715560,0.670566,0.415754,0.204689,0.737937,0.566548,0.616462,0.886306,0.745320,0.373246,0.255241,0.770139,0.862891,0.580527,0.233627,0.341440,0.424293,0.833473,0.476218,0.587756,0.658315,0.760094,0.159315,0.854608,0.601862,0.777219,0.500056,0.608051,0.678580,0.721504,0.437464,0.594614,0.602534,0.676876,0.176572,0.411760,0.898389,0.461627,0.607280,0.751370,0.481848,0.615692,0.383319,0.368473,0.274426,0.052213,0.783731,0.481603,0.738620,0.819333,0.682776,0.241750,0.520105,0.495085,0.425168,0.698379,0.576501,0.662708,0.346571,0.076298,0.356479,0.708250,0.577009,0.383487,0.688518,0.665911,0.244594,0.694654,0.429514,0.510052,0.547048,0.681251,0.609776,0.664666,0.238975,0.712154,0.686812,0.489726,0.714874,0.755709,0.798290,0.363290,0.495024,0.778343,0.320529,0.270826,0.436851,0.622607,0.448947,0.585610,0.356872,0.404059,0.711689,0.769766,0.333607,0.733653,0.438296,0.286366,0.232646,0.815282,0.544897,0.625871,0.119754,0.572289,0.368544,0.708880,0.513052,0.352940,0.684172,0.692472,0.765627,0.838365,0.604630,0.608387,0.377111,0.694044,0.771203,0.375142,0.383168,0.434897,0.610270,0.567835,0.473304,0.475593,0.765771,0.626096,0.487267,0.405093,0.722172,0.220056,0.607993,0.367237,0.551405,0.754095,0.630189,0.538708,0.260739,0.263922,0.694250,0.483195,0.810130,0.786859,0.443783,0.816251,0.784926,0.596589,0.316604,0.795399,0.557936,0.615640,0.689417,0.656792,0.233825,0.687057,0.620689,0.693446,0.413691,0.832589,0.355619,0.342135,0.840798,0.592932,0.690842,0.704320,0.823693,0.370523,0.692947,0.346586,0.880331,0.876099,0.721611,0.765907,0.673829,0.564607,0.774182,0.821571,0.425817,0.561100,0.774260,0.796163,0.445739,0.625360,0.551792,0.793183,0.244577,0.749546,0.689266,0.717919,0.735885,0.587098,0.689812,0.425414,0.259557,0.861956,0.640394,0.704363,0.261251,0.308322,0.634940,0.000000,0.505502,0.766897,0.536455,0.520872,0.666135,0.363544,0.652582,0.748834,0.266364,0.710844,0.570846,0.836831,0.233373,0.687747,0.607784,0.304533,0.689627,0.659417,0.380775,0.767758,0.680729,0.308440,0.608881,0.348680,0.821607,0.731220,0.286271,0.746827,0.819937,0.697960,0.788433,0.798665,0.312731,0.621104,0.744390,0.636070,0.483847,0.768369,0.809442,0.830679,0.711692,0.857093,0.747843,0.314696,0.351225,0.859286,0.683143,0.287185,0.762800,0.685515,0.542868,0.805025,0.723858,0.511485,0.674424,0.782323,0.625604,0.662776,0.845508,0.546188,0.777116,0.752194,0.644186,0.663408,0.662724,0.658701,0.514102,0.383561,0.638306,0.380629,0.754225,0.694739,0.649801,0.590798,0.636360,0.416669,0.823931,0.719492,0.847388,0.686814,0.320446,0.594647,0.734409,0.845844,0.727014,0.819911,0.648843,0.768364,0.325220,0.511507,0.731992,0.776473,0.657945,0.446617,0.908130,0.733589,0.591724,0.743502,0.578801,0.728164,0.757583,0.649809,0.616670,0.424113,0.461392,0.443761,0.345319,0.699612,0.620311,0.802118,0.680187,0.624151,0.573351,0.805743,0.458488,0.780929,0.427390,0.494253,0.727443,0.576363
0.590198,0.611042,0.478945,0.637549,0.504587,0.489688,0.477256,0.360978,0.559194,0.477690,0.531145,0.568525,0.685381,0.553755,0.632386,0.412570,0.470409,0.439018,0.470421,0.665456,0.483546,0.550383,0.484248,0.419309,0.380194,0.560464,0.518250,0.513498,0.473734,0.600996,0.598446,0.520251,0.688565,0.723391,0.569915,0.557705,0.624822,0.509388,0.496029,0.484695,0.540024,0.632655,0.655874,0.632702,0.689439,0.685052,0.451618,0.593916,0.568546,0.536332,0.555492,0.754225,0.715988,0.751299,0.474925,0.707989,0.491039,0.375003,0.660272,0.590232,0.731274,0.563761,0.728060,0.499261,0.528166,0.436732,0.467791,0.672284,0.659699,0.628991,0.758432,0.732694,0.430357,0.609979,0.782037,0.737212,0.536286,0.459820,0.507124,0.413076,0.718481,0.384408,0.584780,0.726992,0.486451,0.611864,0.579069,0.468414,0.761416,0.514553,0.565941,0.357413,0.546906,0.434668,0.806237,0.629817,0.773024,0.724744,0.630467,0.541567,0.409768,0.698818,0.486666,0.555992,0.746360,0.525496,0.688337,0.484114,0.543065,0.441622,0.790134,0.532724,0.525574,0.528494,0.484924,0.453754,0.762570,0.720220,0.508142,0.364414,0.589717,0.516551,0.501477,0.801161,0.591569,0.534639,0.496182,0.582096,0.659253,0.556252,0.436165,0.605412,0.317163,0.529582,0.641347,0.452214,0.575024,0.483762,0.595080,0.606040,0.655647,0.772967,0.420848,0.611307,0.509218,0.759000,0.472022,0.691819,0.776941,0.722616,0.508936,0.744377,0.352464,0.476918,0.410793,0.604725,0.422559,0.758015,0.582285,0.599664,0.741899,0.543768,0.626206,0.492751,0.581564,0.626079,0.457729,0.717949,0.400933,0.661094,0.697008,0.559982,0.729338,0.614554,0.684630,0.559689,0.746149,0.584089,0.566348,0.593983,0.727990,0.726094,0.561018,0.500529,0.506307,0.768026,0.730458,0.675768,0.710320,0.652152,0.538681,0.462368,0.772819,0.706737,0.518958,0.507468,0.365222,0.525310,0.713281,0.583881,0.720068,0.721969,0.708515,0.493240,0.716836,0.542834,0.706210,0.591809,0.638877,0.670867,0.766306,0.684291,0.750040,0.686440,0.659433,0.574088,0.642901,0.801943,0.486929,0.704859,0.743731,0.662491,0.733007,0.351014,0.516486,0.597686,0.502599,0.766332,0.588246,0.678388,0.632054,0.573519,0.464097,0.639975,0.617137,0.604591,0.527765,0.719359,0.679214,0.493422,0.445582,0.661732,0.751393,0.650417,0.382000,0.748042,0.634387,0.395885,0.666488,0.405948,0.555414,0.693728,0.700089,0.563995,0.751281,0.514740,0.741544,0.687782,0.707545,0.773634,0.757886,0.811155,0.540274,0.621437,0.778265,0.455022,0.477133,0.672599,0.704292,0.514227,0.507921,0.501343,0.545081,0.766380,0.772103,0.520799,0.676894,0.560779,0.624604,0.477297,0.772235,0.682651,0.791699,0.533871,0.604147,0.416881,0.762487,0.509117,0.343646,0.804879,0.589800,0.809727,0.858939,0.629142,0.582734,0.447823,0.681446,0.746460,0.453601,0.491313,0.496405,0.724762,0.602797,0.407902,0.624731,0.677821,0.673469,0.585185,0.441924,0.760731,0.481839,0.508904,0.328787,0.633837,0.732055,0.732108,0.553641,0.470123,0.585786,0.766974,0.454897,0.776606,0.510183,0.588339,0.725302,0.783656,0.611106,0.430096,0.762289,0.590885,0.739678,0.727871,0.693934,0.481652,0.483579,0.387223,0.824809,0.499716,0.739533,0.600256,0.575535,0.696694,0.635065,0.678743,0.774822,0.780876,0.409610,0.653118,0.600621,0.807077,0.701828,0.742394,0.580474,0.701696,0.727615,0.726292,0.812296,0.515699,0.672491,0.783737,0.689114,0.553641,0.728373,0.484509,0.652030,0.378335,0.715966,0.712805,0.780461,0.745027,0.706259,0.718387,0.611605,0.506912,0.783184,0.716502,0.770628,0.464379,0.518202,0.738470,0.505502,0.000000,0.664763,0.493937,0.488574,0.668823,0.661298,0.715939,0.743699,0.590557,0.797971,0.653776,0.812823,0.475099,0.290662,0.705152,0.438766,0.712130,0.566409,0.336460,0.751245,0.612642,0.419709,0.644888,0.486839,0.582959,0.606216,0.440176,0.549863,0.572142,0.779726,0.654137,0.753655,0.502031,0.685439,0.555098,0.582391,0.514595,0.590070,0.804077,0.628857,0.638444,0.838317,0.676674,0.467941,0.510733,0.713897,0.656970,0.563971,0.805102,0.778832,0.671578,0.828325,0.722245,0.537522,0.782637,0.784228,0.746127,0.797366,0.701660,0.676839,0.736568,0.588278,0.623489,0.773012,0.709951,0.709370,0.640360,0.554096,0.744658,0.584968,0.633374,0.593947,0.430315,0.750371,0.662963,0.693663,0.803370,0.779879,0.779714,0.710118,0.564484,0.646696,0.690582,0.697888,0.524940,0.769960,0.558855,0.750997,0.480321,0.703465,0.759979,0.747885,0.695219,0.626983,0.835348,0.738544,0.724713,0.619825,0.701078,0.728736,0.805381,0.590724,0.654018,0.628634,0.786833,0.686336,0.656873,0.653910,0.735275,0.761024,0.468378,0.778995,0.457693,0.754864,0.568049,0.743436,0.640217,0.698055,0.767193,0.672979
0.590460,0.674726,0.696981,0.718172,0.716436,0.673541,0.643172,0.654278,0.572296,0.669550,0.638316,0.609997,0.551789,0.641627,0.599195,0.635634,0.724246,0.554729,0.695096,0.629920,0.537118,0.740196,0.591995,0.680208,0.624610,0.712333,0.731867,0.728738,0.765972,0.736457,0.449088,0.545926,0.672709,0.572033,0.725091,0.653504,0.651970,0.704168,0.672247,0.721057,0.727210,0.655326,0.677164,0.581320,0.595155,0.666482,0.640862,0.737125,0.645063,0.700114,0.680994,0.585737,0.731935,0.711368,0.691675,0.619154,0.762527,0.689507,0.685186,0.562489,0.732530,0.703169,0.697004,0.625681,0.717516,0.722082,0.669235,0.716093,0.667380,0.447881,0.574418,0.700710,0.625326,0.742779,0.652416,0.529973,0.719642,0.601784,0.772911,0.684618,0.512701,0.743804,0.737144,0.685623,0.725930,0.651517,0.753995,0.713609,0.676470,0.707894,0.600083,0.711936,0.766258,0.694795,0.703024,0.628760,0.636351,0.675735,0.806072,0.646829,0.590977,0.625368,0.724890,0.717869,0.564278,0.740336,0.647692,0.706925,0.739557,0.657133,0.635875,0.703634,0.749827,0.739070,0.733575,0.720218,0.714006,0.653889,0.676014,0.710729,0.754553,0.696150,0.742850,0.636183,0.655906,0.829131,0.714151,0.622069,0.579468,0.659625,0.761491,0.624396,0.555308,0.750654,0.574588,0.692850,0.703814,0.687775,0.589741,0.657739,0.536697,0.678414,0.761149,0.575805,0.731620,0.797878,0.626289,0.596505,0.587770,0.644320,0.752200,0.683426,0.734239,0.721499,0.625231,0.722025,0.755370,0.537318,0.559781,0.612954,0.592983,0.804705,0.769454,0.744761,0.674807,0.653167,0.655248,0.610905,0.743747,0.743686,0.678742,0.741218,0.687156,0.702443,0.678695,0.719995,0.559569,0.716220,0.693865,0.738378,0.729306,0.673124,0.657664,0.694726,0.742414,0.609002,0.735481,0.544019,0.619993,0.662614,0.799543,0.818921,0.634362,0.624016,0.625674,0.729797,0.675769,0.648061,0.714820,0.655457,0.702546,0.673409,0.481500,0.754558,0.576272,0.662508,0.601723,0.745801,0.611750,0.578333,0.649688,0.713302,0.648835,0.686772,0.791314,0.784164,0.683224,0.646169,0.751241,0.798619,0.614851,0.732207,0.716359,0.680671,0.809086,0.616032,0.751362,0.672014,0.727814,0.728056,0.573560,0.593246,0.697075,0.748304,0.765844,0.702078,0.637126,0.811135,0.798400,0.750980,0.767530,0.699348,0.527973,0.734918,0.734284,0.439648,0.691453,0.758518,0.546931,0.736922,0.592659,0.556472,0.627895,0.735085,0.661574,0.716070,0.565495,0.658586,0.845427,0.660182,0.621739,0.681428,0.763676,0.765452,0.628514,0.762857,0.760349,0.796796,0.578802,0.740102,0.716430,0.758057,0.809650,0.702300,0.508846,0.792683,0.705647,0.582383,0.774178,0.810086,0.740097,0.747732,0.726218,0.737780,0.698609,0.745961,0.477555,0.774299,0.707417,0.616451,0.467164,0.799131,0.630346,0.724050,0.665677,0.681537,0.604459,0.572960,0.756951,0.692205,0.630195,0.624806,0.699160,0.788936,0.738705,0.533057,0.693980,0.685286,0.678924,0.675690,0.699352,0.729646,0.688652,0.649729,0.630066,0.778867,0.678992,0.819290,0.705051,0.694089,0.704677,0.574292,0.695801,0.700904,0.552334,0.676976,0.568260,0.750703,0.573862,0.616223,0.573229,0.720214,0.580359,0.763519,0.502988,0.698074,0.743516,0.746404,0.711602,0.770233,0.752751,0.694361,0.754911,0.748344,0.754778,0.706371,0.781015,0.699129,0.651164,0.780058,0.759545,0.719515,0.668787,0.677542,0.676472,0.542888,0.723583,0.748206,0.739700,0.673652,0.594568,0.698005,0.773448,0.794236,0.601030,0.730582,0.565774,0.574638,0.772464,0.635155,0.767515,0.732109,0.813826,0.759393,0.540012,0.721388,0.733037,0.685901,0.799664,0.666038,0.766897,0.664763,0.000000,0.743356,0.777853,0.660195,0.849972,0.619926,0.657528,0.750252,0.710075,0.689742,0.659478,0.820689,0.640585,0.653747,0.686362,0.669370,0.608259,0.706085,0.725301,0.593791,0.747681,0.740203,0.729048,0.672437,0.697969,0.701045,0.794311,0.552596,0.619280,0.715530,0.431672,0.803395,0.770437,0.590942,0.557088,0.753208,0.595402,0.627795,0.753999,0.598718,0.657965,0.571714,0.773405,0.646547,0.616238,0.530927,0.775326,0.745529,0.576290,0.601267,0.622399,0.645386,0.696897,0.761085,0.687584,0.690813,0.643891,0.602396,0.623630,0.551669,0.612310,0.646594,0.749084,0.719778,0.796547,0.711238,0.738653,0.703240,0.755476,0.758301,0.682145,0.675114,0.637114,0.735082,0.696280,0.688973,0.630407,0.516686,0.720083,0.686631,0.611598,0.597848,0.630936,0.748100,0.598817,0.651120,0.565707,0.681448,0.764319,0.695343,0.621855,0.757489,0.779265,0.602479,0.593519,0.829762,0.586556,0.584089,0.705654,0.804809,0.807835,0.658150,0.745659,0.730829,0.677037,0.824519,0.583367,0.788411,0.527230,0.548694,0.682931,0.715896,0.626417,0.762883,0.555258,0.782949,0.641317,0.616493,0.523187
0.590483,0.502432,0.529706,0.656471,0.411202,0.472379,0.451295,0.531626,0.573201,0.433053,0.511667,0.462777,0.670594,0.527254,0.674570,0.435370,0.514467,0.547135,0.545344,0.687459,0.400928,0.573967,0.393754,0.528566,0.496250,0.520862,0.497640,0.583490,0.572441,0.549488,0.731406,0.571620,0.745379,0.694556,0.545357,0.461503,0.520919,0.387591,0.474579,0.484643,0.514422,0.673188,0.716674,0.718286,0.558475,0.693723,0.420912,0.460429,0.608674,0.497873,0.604783,0.727634,0.685890,0.809604,0.509396,0.743904,0.595694,0.531241,0.635689,0.610845,0.687567,0.603888,0.794180,0.468961,0.558458,0.509437,0.507362,0.720897,0.570919,0.678214,0.704601,0.665963,0.418968,0.493675,0.666018,0.669754,0.545679,0.530998,0.523984,0.409707,0.665714,0.478660,0.636475,0.729815,0.486212,0.539179,0.620328,0.565739,0.738117,0.481081,0.509053,0.404853,0.408396,0.526916,0.813213,0.560336,0.754607,0.708714,0.617701,0.355416,0.466170,0.646025,0.394319,0.494932,0.738914,0.385824,0.771374,0.399110,0.558807,0.489195,0.773168,0.602667,0.212305,0.372004,0.517368,0.625938,0.847556,0.628024,0.469781,0.392618,0.515668,0.633211,0.586210,0.731972,0.508894,0.561381,0.603476,0.603961,0.606567,0.418085,0.524856,0.564525,0.445479,0.392445,0.539775,0.497117,0.710791,0.605196,0.605717,0.510640,0.560537,0.812335,0.564796,0.456776,0.599678,0.769966,0.554817,0.651644,0.768940,0.759298,0.557230,0.727807,0.533210,0.535215,0.555051,0.569690,0.384067,0.691771,0.658363,0.588704,0.727780,0.609804,0.587457,0.581950,0.516946,0.676793,0.568614,0.705939,0.495236,0.639233,0.628776,0.618793,0.831911,0.513472,0.681471,0.507301,0.796135,0.651496,0.582347,0.652408,0.751912,0.710253,0.496233,0.530048,0.534732,0.646358,0.669122,0.535128,0.774540,0.556046,0.563445,0.544787,0.750630,0.611965,0.619997,0.494234,0.499014,0.569355,0.701993,0.699673,0.748025,0.670132,0.656132,0.493040,0.696848,0.567404,0.668962,0.599017,0.668046,0.727156,0.763742,0.671957,0.683196,0.702056,0.726399,0.611777,0.686445,0.829325,0.559681,0.826386,0.762613,0.687216,0.721270,0.437628,0.591228,0.516315,0.607085,0.839918,0.657499,0.585432,0.588777,0.642834,0.420087,0.611022,0.598710,0.618902,0.568678,0.788697,0.654846,0.606567,0.556649,0.672304,0.751980,0.473712,0.442947,0.743803,0.539700,0.481526,0.677184,0.486852,0.339597,0.632331,0.563310,0.666511,0.741492,0.577254,0.723343,0.622930,0.565835,0.688116,0.836074,0.755235,0.607751,0.379981,0.690752,0.464491,0.586223,0.635519,0.704568,0.401571,0.537702,0.406342,0.613830,0.774726,0.725790,0.616086,0.709823,0.551454,0.583818,0.502677,0.732953,0.724568,0.845587,0.588913,0.511082,0.556889,0.845976,0.485934,0.531263,0.783915,0.657009,0.777739,0.783891,0.585754,0.546791,0.397798,0.548998,0.737326,0.619425,0.609062,0.512130,0.579212,0.516138,0.309443,0.699137,0.663736,0.606493,0.645703,0.459045,0.769537,0.531421,0.365995,0.537693,0.632537,0.669302,0.779153,0.663481,0.547288,0.661692,0.698465,0.577592,0.700107,0.532216,0.537877,0.663678,0.764038,0.658242,0.425764,0.678165,0.670891,0.809628,0.823348,0.739975,0.535306,0.679955,0.541582,0.856284,0.305429,0.733184,0.669156,0.661690,0.723793,0.780548,0.730286,0.833447,0.678189,0.393459,0.820699,0.591551,0.706078,0.755321,0.782234,0.607640,0.587772,0.701904,0.647928,0.776161,0.389526,0.648780,0.754054,0.614755,0.606345,0.659834,0.403753,0.621130,0.537443,0.640678,0.816282,0.815407,0.733631,0.766794,0.785132,0.664799,0.553094,0.804285,0.482577,0.644189,0.534056,0.641396,0.738162,0.536455,0.493937,0.743356,0.000000,0.590282,0.573983,0.541246,0.690862,0.745346,0.562833,0.773848,0.464428,0.829504,0.443532,0.606423,0.733150,0.501593,0.658300,0.501553,0.548465,0.681355,0.436580,0.540505,0.481290,0.491816,0.638063,0.504440,0.489605,0.453106,0.623911,0.741808,0.685270,0.698454,0.552630,0.629026,0.599124,0.586610,0.504403,0.690509,0.754726,0.630217,0.576306,0.767747,0.562508,0.641904,0.541948,0.600201,0.659325,0.602825,0.883032,0.736892,0.808691,0.785212,0.580871,0.498907,0.786659,0.724326,0.693559,0.831479,0.703192,0.606982,0.729027,0.625725,0.558155,0.848801,0.727779,0.670653,0.722368,0.538077,0.690888,0.681293,0.754781,0.625351,0.335178,0.755184,0.557287,0.798134,0.891117,0.859541,0.713227,0.528679,0.703983,0.604016,0.677707,0.724972,0.506351,0.707418,0.641206,0.765451,0.513119,0.661685,0.833232,0.808451,0.631615,0.655702,0.811328,0.592425,0.548128,0.591945,0.819995,0.732328,0.827832,0.528885,0.540108,0.614790,0.701051,0.653155,0.716678,0.809517,0.682213,0.594089,0.612710,0.732461,0.514030,0.779776,0.560840,0.770728,0.672581,0.568168,0.731722,0.709711
0.590728,0.594497,0.395318,0.513285,0.454049,0.536762,0.564354,0.354033,0.607123,0.490811,0.576229,0.582822,0.677367,0.532427,0.641783,0.503370,0.461382,0.631007,0.392510,0.699961,0.551392,0.575340,0.523477,0.540260,0.484529,0.604694,0.559256,0.551987,0.471750,0.595317,0.742638,0.581200,0.704170,0.726589,0.568888,0.627450,0.620939,0.576250,0.614168,0.542145,0.486485,0.683481,0.752324,0.647740,0.661164,0.695331,0.449550,0.533526,0.486522,0.571078,0.308447,0.778835,0.680202,0.790679,0.503603,0.687057,0.478943,0.435281,0.663180,0.602380,0.666657,0.507499,0.735324,0.655632,0.553812,0.472752,0.447362,0.685410,0.669700,0.665556,0.731522,0.711567,0.567683,0.558015,0.735884,0.766635,0.512801,0.557613,0.458760,0.626720,0.762551,0.537951,0.551310,0.772538,0.540664,0.643963,0.577276,0.488086,0.734675,0.506562,0.630150,0.433560,0.539736,0.390032,0.760570,0.685965,0.752594,0.690453,0.551631,0.602761,0.470775,0.728919,0.531026,0.328255,0.768118,0.534502,0.700691,0.484439,0.495420,0.591951,0.874213,0.459198,0.573386,0.554677,0.314014,0.498383,0.840582,0.783474,0.628227,0.459723,0.551300,0.575581,0.504122,0.727885,0.582062,0.561173,0.503581,0.601751,0.619290,0.571503,0.398336,0.641477,0.574821,0.513539,0.634885,0.474150,0.665710,0.629276,0.812766,0.592477,0.704611,0.745311,0.448304,0.613983,0.440285,0.719946,0.522136,0.712015,0.794477,0.763409,0.475895,0.722047,0.440128,0.478780,0.551902,0.537116,0.518616,0.778010,0.617074,0.682006,0.797970,0.550701,0.533909,0.508844,0.624052,0.657451,0.480994,0.764691,0.442653,0.546292,0.706432,0.514396,0.775494,0.715239,0.730618,0.558372,0.839380,0.629639,0.561051,0.678009,0.705043,0.780824,0.609230,0.285771,0.458942,0.787408,0.697615,0.646353,0.828545,0.649862,0.559437,0.498532,0.747981,0.762586,0.585142,0.435625,0.489072,0.608519,0.782278,0.407762,0.769577,0.752905,0.802449,0.524659,0.814441,0.608047,0.818445,0.573711,0.667092,0.577486,0.783270,0.668826,0.707799,0.758166,0.671643,0.516545,0.581891,0.898894,0.316385,0.683577,0.742515,0.647702,0.690736,0.509216,0.326926,0.546686,0.518488,0.821658,0.630948,0.793085,0.800027,0.594784,0.485309,0.654134,0.539779,0.628287,0.618545,0.685175,0.692246,0.192778,0.482458,0.611304,0.681390,0.625823,0.561543,0.813690,0.695390,0.411035,0.641636,0.508367,0.555607,0.701350,0.650063,0.609637,0.699208,0.515430,0.814698,0.740033,0.610055,0.760636,0.784211,0.775328,0.290411,0.606209,0.747158,0.475858,0.535850,0.673625,0.699710,0.556276,0.620248,0.507450,0.555065,0.787394,0.804102,0.281670,0.742249,0.596310,0.544995,0.445357,0.773200,0.611979,0.787022,0.521786,0.596753,0.350891,0.830537,0.608671,0.504643,0.731262,0.750804,0.817838,0.785865,0.597319,0.542922,0.546776,0.698783,0.791422,0.452323,0.561271,0.557016,0.712304,0.682045,0.596956,0.450478,0.726714,0.650545,0.535154,0.527916,0.764814,0.450975,0.580614,0.446036,0.602223,0.746030,0.692664,0.589397,0.463873,0.603199,0.749166,0.544684,0.818618,0.646086,0.565296,0.788453,0.833383,0.711222,0.478972,0.795900,0.596208,0.707020,0.715464,0.801628,0.497411,0.644757,0.390888,0.818948,0.583331,0.754403,0.565663,0.480839,0.794653,0.614773,0.661639,0.806432,0.752814,0.556660,0.725955,0.563865,0.882614,0.798207,0.793435,0.723175,0.643451,0.733851,0.814533,0.824050,0.541227,0.648607,0.807021,0.773225,0.685303,0.618301,0.528572,0.686405,0.513145,0.764627,0.771656,0.793083,0.722005,0.655681,0.622575,0.506759,0.428278,0.938706,0.690235,0.686495,0.521785,0.351879,0.735343,0.520872,0.488574,0.777853,0.590282,0.000000,0.710320,0.587700,0.705683,0.775947,0.538429,0.808652,0.602362,0.772511,0.515783,0.621298,0.690921,0.460477,0.657235,0.649911,0.493446,0.658602,0.650608,0.442375,0.640774,0.487302,0.667627,0.730302,0.478125,0.698209,0.688816,0.763702,0.751703,0.774698,0.261696,0.613240,0.669467,0.655581,0.541480,0.713662,0.831323,0.753755,0.722039,0.825494,0.737184,0.491882,0.576607,0.778238,0.750780,0.528802,0.819723,0.676237,0.660743,0.858740,0.743100,0.572881,0.787560,0.811969,0.744992,0.752949,0.724767,0.722257,0.776078,0.742177,0.699897,0.730593,0.693061,0.582790,0.403836,0.706115,0.644607,0.577872,0.602083,0.651517,0.598406,0.757400,0.665343,0.686284,0.829510,0.723269,0.801578,0.763298,0.583124,0.677219,0.720218,0.798720,0.695853,0.785506,0.603537,0.834885,0.630958,0.631152,0.777077,0.797710,0.620998,0.598396,0.851352,0.751971,0.736816,0.708638,0.730344,0.717363,0.860557,0.671025,0.698218,0.540643,0.667059,0.712908,0.515024,0.634938,0.717058,0.795062,0.686636,0.759692,0.634234,0.812586,0.560875,0.781045,0.592114,0.637689,0.815096,0.721848
0.590797,0.646673,0.550432,0.669218,0.573583,0.470454,0.454778,0.594334,0.551267,0.525974,0.468991,0.542937,0.706322,0.527061,0.726130,0.650227,0.584378,0.599590,0.587744,0.631460,0.501173,0.619645,0.537959,0.549679,0.556970,0.610614,0.639796,0.646386,0.631297,0.640483,0.690436,0.596632,0.736134,0.693989,0.619160,0.442296,0.465942,0.565313,0.453066,0.599166,0.636735,0.719741,0.750725,0.669640,0.444686,0.733573,0.541824,0.615919,0.663523,0.534865,0.638308,0.641932,0.700025,0.794789,0.569938,0.711596,0.641129,0.602929,0.575256,0.653554,0.693874,0.706486,0.746075,0.677463,0.591503,0.585063,0.621351,0.723206,0.694753,0.579737,0.621137,0.670902,0.516939,0.656067,0.671855,0.678473,0.613153,0.605695,0.647864,0.586780,0.577773,0.593606,0.703417,0.761523,0.597958,0.527843,0.724748,0.631477,0.832630,0.603137,0.568883,0.565757,0.667496,0.593878,0.711862,0.512931,0.770723,0.718710,0.765764,0.509407,0.606668,0.669727,0.562172,0.623844,0.733032,0.620894,0.688138,0.610223,0.649242,0.549147,0.778660,0.649299,0.571388,0.489185,0.655714,0.637132,0.785182,0.638419,0.529465,0.611720,0.620167,0.648031,0.661776,0.706524,0.537642,0.631207,0.665973,0.567577,0.688329,0.590827,0.607060,0.512479,0.554992,0.631721,0.580296,0.614511,0.696432,0.661885,0.669670,0.603889,0.607822,0.743301,0.658634,0.635722,0.713272,0.716748,0.700865,0.751263,0.575780,0.730054,0.622039,0.705102,0.665082,0.612840,0.670030,0.632343,0.541209,0.625418,0.658784,0.645493,0.628457,0.643231,0.724053,0.667421,0.596063,0.654257,0.625544,0.666883,0.617318,0.672578,0.621722,0.717843,0.771207,0.589349,0.720820,0.663393,0.793021,0.613358,0.556497,0.728736,0.781104,0.758183,0.643448,0.662667,0.635749,0.691839,0.743437,0.611547,0.710069,0.554164,0.664746,0.685626,0.736638,0.643861,0.743507,0.593948,0.646572,0.540762,0.660739,0.650286,0.743946,0.739636,0.658410,0.638603,0.776388,0.589054,0.697657,0.718942,0.698885,0.731797,0.751167,0.673967,0.711161,0.666557,0.834267,0.668522,0.655433,0.791448,0.634438,0.727098,0.715629,0.615342,0.761692,0.606184,0.660623,0.583397,0.704014,0.858802,0.590524,0.633701,0.652343,0.652120,0.621360,0.717298,0.675714,0.683864,0.655567,0.785608,0.792427,0.694392,0.635870,0.598600,0.640713,0.676076,0.664439,0.751736,0.699433,0.625992,0.600093,0.688997,0.598198,0.649014,0.719851,0.745658,0.738769,0.683101,0.674236,0.681980,0.682490,0.655212,0.793949,0.737734,0.688604,0.645684,0.729557,0.624015,0.645743,0.748138,0.773450,0.595154,0.607154,0.619456,0.677230,0.505901,0.682227,0.705262,0.719904,0.655143,0.681606,0.624687,0.716131,0.651206,0.849828,0.638455,0.679822,0.674541,0.788742,0.669580,0.623415,0.780404,0.722702,0.784010,0.707914,0.687264,0.706573,0.659679,0.688798,0.594611,0.657624,0.717231,0.700314,0.674053,0.729878,0.572190,0.649343,0.685741,0.732694,0.703025,0.525337,0.501091,0.628062,0.544911,0.643116,0.629014,0.424979,0.744541,0.744848,0.659253,0.666284,0.746806,0.655519,0.525127,0.543614,0.629956,0.481551,0.732520,0.705314,0.667353,0.745039,0.706874,0.562144,0.680182,0.727429,0.645397,0.733916,0.620613,0.758069,0.601868,0.753888,0.700721,0.704592,0.823525,0.685725,0.751328,0.797631,0.696951,0.613275,0.814160,0.602567,0.750442,0.633804,0.783237,0.666697,0.752334,0.619786,0.508362,0.809773,0.652045,0.701210,0.742241,0.636868,0.738474,0.690840,0.602173,0.625647,0.651834,0.639912,0.770868,0.742548,0.750600,0.577604,0.769001,0.670714,0.659737,0.762888,0.658378,0.683336,0.581738,0.664589,0.791670,0.666135,0.668823,0.660195,0.573983,0.710320,0.000000,0.725486,0.794213,0.784484,0.711736,0.684006,0.726458,0.790814,0.648813,0.683639,0.745908,0.599628,0.763268,0.552158,0.654862,0.623738,0.650277,0.593591,0.645468,0.622041,0.691789,0.610545,0.595670,0.587215,0.656638,0.757257,0.574974,0.694015,0.696021,0.712096,0.707361,0.629892,0.570064,0.682938,0.627188,0.587926,0.589205,0.743004,0.475409,0.728727,0.670082,0.655793,0.537659,0.681887,0.702047,0.570550,0.747865,0.777344,0.574401,0.644127,0.771589,0.710295,0.516632,0.731839,0.719244,0.675347,0.460827,0.678069,0.645144,0.840774,0.681989,0.704491,0.749801,0.695803,0.738467,0.635263,0.755587,0.719853,0.701785,0.724020,0.705592,0.655421,0.859667,0.821001,0.652769,0.778721,0.718791,0.622881,0.493228,0.610296,0.717336,0.601688,0.719623,0.662805,0.623058,0.616926,0.822722,0.808070,0.741320,0.715814,0.654732,0.633708,0.674411,0.595745,0.730648,0.765824,0.881330,0.661447,0.639306,0.649501,0.666707,0.600243,0.738869,0.756846,0.578109,0.646912,0.637834,0.780320,0.610304,0.542021,0.686720,0.692605,0.745216,0.461051,0.802474,0.536062
0.590825,0.549360,0.417331,0.564686,0.369852,0.586050,0.693317,0.472957,0.657984,0.535676,0.700671,0.551792,0.704088,0.557135,0.673767,0.545641,0.461644,0.696330,0.452696,0.767757,0.616877,0.430389,0.502240,0.578271,0.543930,0.515862,0.567351,0.504769,0.520337,0.505287,0.812054,0.564727,0.737981,0.731543,0.468644,0.677022,0.622239,0.502435,0.702638,0.458517,0.467102,0.799293,0.781167,0.732816,0.743616,0.653166,0.525730,0.437527,0.543684,0.673532,0.483532,0.844973,0.740563,0.727266,0.506834,0.606714,0.507730,0.536731,0.751171,0.615210,0.645295,0.610746,0.688490,0.745987,0.469532,0.531945,0.466348,0.647297,0.610451,0.757855,0.761701,0.674640,0.636761,0.510362,0.704663,0.784780,0.551076,0.546518,0.449225,0.666381,0.751922,0.461382,0.566694,0.709816,0.415366,0.740869,0.538157,0.436521,0.776538,0.643542,0.719578,0.434304,0.423494,0.456185,0.719136,0.750232,0.807839,0.717867,0.568427,0.572804,0.512781,0.699493,0.421906,0.393900,0.767543,0.421659,0.724878,0.454902,0.419053,0.689800,0.814762,0.500285,0.613336,0.560277,0.429515,0.596835,0.797865,0.764347,0.517259,0.460364,0.544738,0.461494,0.438073,0.717663,0.559849,0.576956,0.499304,0.616357,0.737165,0.565233,0.433097,0.715366,0.764455,0.452449,0.637062,0.403886,0.666004,0.748843,0.754395,0.579965,0.727622,0.752060,0.427995,0.679247,0.532006,0.744180,0.473240,0.674401,0.884249,0.798557,0.353919,0.722245,0.522843,0.443697,0.623939,0.467613,0.582916,0.881617,0.635707,0.780182,0.802663,0.498205,0.503636,0.471925,0.707994,0.706625,0.478408,0.758011,0.498887,0.488217,0.677362,0.526105,0.769704,0.679326,0.674879,0.619826,0.859609,0.639110,0.579333,0.689029,0.593405,0.787269,0.669308,0.470816,0.375909,0.734512,0.673016,0.684402,0.886227,0.660614,0.535698,0.480734,0.782902,0.787790,0.710596,0.395013,0.522032,0.553023,0.862380,0.569383,0.701407,0.699027,0.734902,0.429043,0.835902,0.717463,0.771446,0.591043,0.638117,0.704427,0.800654,0.588466,0.695627,0.712351,0.728298,0.403868,0.563963,0.861969,0.425884,0.743312,0.820124,0.698817,0.711555,0.605039,0.441899,0.360096,0.405407,0.852277,0.674216,0.644413,0.785378,0.769075,0.451411,0.600519,0.669646,0.534734,0.680218,0.688564,0.700849,0.446334,0.442722,0.507708,0.717776,0.468042,0.588257,0.790272,0.719689,0.471271,0.696753,0.567192,0.581461,0.655527,0.714802,0.675092,0.783888,0.451222,0.785094,0.658285,0.524576,0.688601,0.838742,0.856399,0.454205,0.460003,0.810400,0.417523,0.450032,0.473226,0.702140,0.465813,0.606786,0.424505,0.619947,0.727102,0.840093,0.420421,0.767516,0.567530,0.345633,0.399325,0.761440,0.601171,0.669250,0.431824,0.643826,0.486479,0.804658,0.531241,0.648501,0.804337,0.759070,0.817316,0.847176,0.562578,0.514158,0.518768,0.718252,0.840869,0.568370,0.579149,0.572592,0.562033,0.626860,0.535345,0.435155,0.803614,0.684398,0.619586,0.544680,0.806724,0.527506,0.598805,0.612563,0.619119,0.782565,0.758849,0.667489,0.443821,0.451348,0.792383,0.600730,0.893032,0.791469,0.499649,0.857660,0.859042,0.729425,0.509044,0.791605,0.697149,0.646707,0.771575,0.743197,0.422628,0.806220,0.716628,0.826544,0.482392,0.809457,0.541713,0.529345,0.839607,0.669704,0.727766,0.810191,0.825131,0.425423,0.792184,0.456886,0.873761,0.822209,0.819728,0.719951,0.739421,0.682719,0.827155,0.794380,0.515777,0.616388,0.807819,0.799347,0.567368,0.713915,0.575919,0.781486,0.512644,0.797249,0.778335,0.877229,0.831017,0.750205,0.807596,0.461586,0.411127,0.897272,0.559314,0.735498,0.505089,0.374171,0.657548,0.363544,0.661298,0.849972,0.541246,0.587700,0.725486,0.000000,0.705763,0.834000,0.414309,0.738789,0.611025,0.830838,0.425332,0.758331,0.692750,0.498103,0.770652,0.679108,0.659408,0.763245,0.637507,0.462756,0.626833,0.489823,0.806087,0.720661,0.499372,0.748827,0.869093,0.746832,0.818630,0.818572,0.420356,0.677346,0.721333,0.696596,0.686409,0.854550,0.856626,0.834603,0.784269,0.825856,0.745145,0.486855,0.563129,0.789140,0.759865,0.425129,0.851873,0.663691,0.681858,0.888504,0.727594,0.552976,0.761481,0.799521,0.675287,0.747985,0.837055,0.633515,0.814713,0.737367,0.649393,0.779783,0.676704,0.704931,0.550305,0.487522,0.691043,0.481351,0.773291,0.676195,0.647092,0.673464,0.673557,0.577403,0.859967,0.776112,0.855599,0.699289,0.514921,0.682894,0.794595,0.920268,0.668323,0.846786,0.705521,0.856997,0.492212,0.631127,0.743464,0.808342,0.700159,0.531654,0.926865,0.727263,0.589585,0.704503,0.724238,0.735529,0.748947,0.695304,0.613463,0.527873,0.603291,0.575232,0.439774,0.828952,0.646331,0.777021,0.764364,0.712196,0.658437,0.797462,0.594205,0.837050,0.539107,0.596388,0.772642,0.696828
0.590921,0.591989,0.613373,0.658172,0.668824,0.668537,0.729088,0.639787,0.673579,0.653335,0.750711,0.697175,0.537323,0.652383,0.532419,0.569418,0.604190,0.687723,0.593904,0.717272,0.594013,0.682000,0.664233,0.697961,0.618970,0.698484,0.523894,0.595116,0.605667,0.578260,0.617611,0.608525,0.645272,0.563043,0.597503,0.726964,0.662086,0.683750,0.722342,0.677170,0.514362,0.613016,0.682862,0.669531,0.757731,0.632055,0.662156,0.579044,0.530790,0.730496,0.617920,0.677862,0.614928,0.662449,0.628328,0.504621,0.621805,0.686752,0.657376,0.641142,0.577034,0.678490,0.639111,0.731194,0.685029,0.601534,0.527134,0.593129,0.573253,0.676297,0.641279,0.595349,0.697998,0.646964,0.697419,0.709937,0.731164,0.636209,0.681477,0.567078,0.796829,0.694692,0.620289,0.669245,0.618026,0.775489,0.732152,0.635748,0.639925,0.666032,0.724567,0.663154,0.704368,0.619788,0.692876,0.792690,0.691979,0.562677,0.662467,0.733507,0.658025,0.608894,0.642561,0.595427,0.597843,0.692269,0.672395,0.673931,0.633134,0.704860,0.703954,0.563030,0.696296,0.737579,0.581824,0.655296,0.709109,0.657355,0.712776,0.632652,0.616462,0.655995,0.587944,0.548598,0.694716,0.648193,0.651161,0.665181,0.663303,0.707048,0.595571,0.702008,0.634018,0.588569,0.700062,0.636314,0.581136,0.691838,0.745992,0.680078,0.744526,0.713234,0.697628,0.675536,0.648428,0.668835,0.735441,0.537689,0.724249,0.548666,0.634757,0.644786,0.641554,0.564831,0.598090,0.569800,0.708697,0.727551,0.602551,0.701709,0.764681,0.730664,0.622082,0.626207,0.735414,0.674156,0.583314,0.673246,0.708001,0.692179,0.678198,0.551835,0.674786,0.705312,0.537183,0.731432,0.669256,0.714165,0.653653,0.808041,0.714102,0.576298,0.727442,0.651287,0.607964,0.662361,0.589074,0.708593,0.747593,0.788941,0.619401,0.691131,0.684915,0.671656,0.603174,0.566268,0.624250,0.629580,0.804465,0.705217,0.677817,0.658044,0.533998,0.643461,0.694122,0.720650,0.707816,0.585518,0.599136,0.689732,0.664239,0.617869,0.593219,0.701943,0.755604,0.664899,0.633281,0.714417,0.634791,0.710378,0.622951,0.704914,0.571779,0.655550,0.653069,0.660217,0.650657,0.664321,0.674215,0.670311,0.700908,0.666398,0.555024,0.697374,0.703351,0.616200,0.731414,0.709444,0.804262,0.629637,0.654545,0.632786,0.672421,0.608613,0.610348,0.580880,0.666162,0.625256,0.711132,0.716092,0.597415,0.601107,0.676892,0.795573,0.589933,0.649009,0.753795,0.663049,0.689952,0.544603,0.632534,0.663558,0.598084,0.639750,0.674046,0.496500,0.687109,0.742524,0.547750,0.636361,0.762177,0.604996,0.751102,0.779636,0.683320,0.630951,0.666381,0.618383,0.629442,0.611650,0.444207,0.769172,0.596663,0.631337,0.678678,0.612099,0.616181,0.774885,0.642490,0.622818,0.643927,0.778395,0.691504,0.670190,0.657245,0.648295,0.580812,0.705134,0.698313,0.730941,0.581787,0.598658,0.520977,0.721394,0.738346,0.570643,0.602495,0.611937,0.700550,0.767916,0.630199,0.768132,0.624140,0.620680,0.742816,0.700400,0.461741,0.686969,0.490260,0.672827,0.703714,0.672033,0.803274,0.615553,0.732158,0.720468,0.560370,0.671104,0.747733,0.493380,0.737318,0.625910,0.644087,0.668141,0.623651,0.736155,0.710377,0.718142,0.735030,0.638094,0.634157,0.800360,0.779294,0.634108,0.768354,0.737531,0.715628,0.665837,0.598258,0.803384,0.829711,0.692543,0.652962,0.815876,0.677618,0.750344,0.734733,0.736175,0.605797,0.717127,0.723436,0.586315,0.701806,0.774719,0.755576,0.649369,0.726057,0.587466,0.772580,0.527885,0.746464,0.791903,0.690570,0.602436,0.655198,0.711555,0.736769,0.653423,0.617100,0.714638,0.652582,0.715939,0.619926,0.690862,0.705683,0.794213,0.705763,0.000000,0.680770,0.611189,0.676218,0.709834,0.625984,0.712512,0.688098,0.438581,0.596115,0.798304,0.688821,0.608622,0.774529,0.769068,0.669940,0.594905,0.717471,0.801818,0.780741,0.623648,0.794145,0.703489,0.627202,0.788536,0.641691,0.614350,0.756378,0.602231,0.567017,0.726201,0.686491,0.762666,0.760689,0.624285,0.720319,0.659341,0.599443,0.607045,0.651759,0.495932,0.592517,0.738596,0.727392,0.514944,0.719185,0.768549,0.691870,0.722963,0.713371,0.824151,0.686016,0.608373,0.597960,0.742836,0.699128,0.662444,0.648379,0.684571,0.695792,0.675224,0.595456,0.700727,0.638385,0.779797,0.776229,0.752388,0.602809,0.609433,0.706190,0.718450,0.514603,0.677203,0.645593,0.640332,0.656202,0.759025,0.795052,0.785479,0.744429,0.710873,0.486959,0.618996,0.701862,0.733009,0.546390,0.644937,0.735307,0.809035,0.626255,0.699417,0.706364,0.536444,0.657061,0.648711,0.687544,0.416092,0.670982,0.641724,0.583885,0.687155,0.455178,0.598476,0.718393,0.715565,0.474365,0.764901,0.780584,0.581305,0.518316,0.603382,0.711093,0.558253,0.569086
0.591088,0.618828,0.657067,0.598526,0.698026,0.700972,0.683922,0.723523,0.589258,0.657940,0.704457,0.689615,0.664807,0.673393,0.661268,0.731665,0.724407,0.696244,0.713383,0.588795,0.624472,0.774786,0.635592,0.771009,0.668772,0.702303,0.611281,0.755002,0.665398,0.661844,0.765168,0.610628,0.715874,0.712716,0.710103,0.716562,0.619516,0.686921,0.689468,0.701650,0.670198,0.756717,0.762609,0.556347,0.642343,0.614022,0.668465,0.696641,0.717069,0.716151,0.784940,0.773770,0.689082,0.812713,0.693682,0.608510,0.715877,0.764111,0.601412,0.580996,0.687230,0.723205,0.766168,0.706944,0.732642,0.711263,0.685820,0.635873,0.697285,0.710344,0.638593,0.698878,0.660620,0.716746,0.723145,0.735028,0.715806,0.646112,0.742593,0.654750,0.742193,0.735978,0.605388,0.837688,0.732127,0.667801,0.731109,0.690026,0.586783,0.763604,0.707264,0.760813,0.724802,0.710501,0.631641,0.717960,0.754457,0.670818,0.664937,0.680560,0.602166,0.500100,0.711194,0.820666,0.633305,0.743865,0.779165,0.716506,0.770974,0.756628,0.799025,0.736247,0.715469,0.745576,0.796236,0.772529,0.856660,0.542426,0.731188,0.702165,0.706526,0.677852,0.747493,0.672020,0.775995,0.779089,0.662875,0.671378,0.675759,0.776882,0.725295,0.656201,0.671931,0.713396,0.556838,0.692785,0.770871,0.753583,0.789355,0.724985,0.714974,0.759726,0.754426,0.622287,0.734953,0.702174,0.744464,0.680932,0.733187,0.462004,0.758024,0.695698,0.778063,0.744551,0.707676,0.739728,0.774088,0.625867,0.633957,0.709611,0.706961,0.749122,0.670691,0.719334,0.743098,0.670617,0.685801,0.594501,0.783818,0.735304,0.709126,0.790072,0.808654,0.698841,0.699996,0.731991,0.704239,0.769044,0.678513,0.766664,0.701372,0.501860,0.711620,0.764797,0.769243,0.817804,0.673685,0.673936,0.809266,0.709121,0.673564,0.743718,0.665305,0.658077,0.637588,0.697685,0.793559,0.734506,0.755631,0.692468,0.809118,0.730129,0.647848,0.758315,0.816758,0.761433,0.704829,0.718788,0.705591,0.723726,0.735420,0.748357,0.714753,0.759564,0.668372,0.748757,0.766661,0.790208,0.737281,0.841535,0.682726,0.657417,0.639539,0.777289,0.758730,0.687133,0.719433,0.806342,0.694707,0.627695,0.700682,0.680278,0.716604,0.752296,0.723170,0.743573,0.756894,0.676643,0.688425,0.779272,0.747322,0.767567,0.692517,0.757773,0.745222,0.733465,0.799257,0.786749,0.701043,0.781110,0.682504,0.742125,0.680369,0.691003,0.685262,0.745531,0.756973,0.700029,0.794110,0.560098,0.781740,0.674018,0.813864,0.750982,0.753098,0.790526,0.744663,0.805450,0.600968,0.757780,0.816180,0.756622,0.792019,0.795725,0.682906,0.773374,0.684747,0.655462,0.751125,0.754360,0.576265,0.809022,0.588175,0.729013,0.681795,0.825567,0.731519,0.854163,0.769836,0.696149,0.828769,0.744084,0.683905,0.779338,0.810941,0.820317,0.653900,0.658854,0.822990,0.776856,0.686350,0.670351,0.658478,0.768753,0.770376,0.628007,0.669350,0.545525,0.779038,0.767456,0.755202,0.782580,0.715153,0.704172,0.655722,0.695224,0.738398,0.743915,0.759396,0.691317,0.717498,0.503346,0.771335,0.722090,0.649843,0.750607,0.665699,0.797838,0.839054,0.648509,0.767735,0.731938,0.666385,0.749256,0.733240,0.791127,0.802226,0.814363,0.710090,0.760723,0.732150,0.823622,0.752021,0.742249,0.840930,0.753596,0.802672,0.787311,0.707246,0.705385,0.728821,0.750594,0.740039,0.675368,0.790395,0.721356,0.667405,0.762184,0.692444,0.642215,0.631764,0.712561,0.759444,0.808917,0.656852,0.807493,0.694757,0.820510,0.805033,0.635105,0.731818,0.738219,0.793606,0.783369,0.828568,0.757434,0.691447,0.787884,0.822707,0.713704,0.748834,0.743699,0.657528,0.745346,0.775947,0.784484,0.834000,0.680770,0.000000,0.769201,0.660969,0.722871,0.761419,0.778010,0.738456,0.750176,0.723355,0.634810,0.763946,0.792396,0.733834,0.772530,0.764640,0.808858,0.761171,0.693442,0.720845,0.755604,0.756597,0.670851,0.753272,0.676617,0.636098,0.807884,0.735689,0.683672,0.708180,0.775003,0.754740,0.768671,0.764314,0.626376,0.730200,0.700554,0.765361,0.708076,0.671187,0.653547,0.808757,0.830564,0.785223,0.583521,0.782980,0.728514,0.739010,0.764315,0.644645,0.792515,0.696004,0.661830,0.756116,0.678811,0.647482,0.714159,0.604167,0.744332,0.784381,0.778645,0.731443,0.637703,0.721799,0.714351,0.794507,0.752182,0.749091,0.686985,0.723160,0.769077,0.609991,0.584379,0.547926,0.706169,0.736552,0.764621,0.775880,0.841300,0.784225,0.785076,0.598643,0.739611,0.740348,0.761327,0.766537,0.752470,0.771016,0.817903,0.645065,0.808369,0.716225,0.685005,0.627244,0.819273,0.725345,0.688521,0.703993,0.615679,0.736755,0.752432,0.613674,0.737713,0.678490,0.660078,0.635727,0.832217,0.776605,0.726189,0.547755,0.732543,0.672271,0.771975,0.563168
0.591154,0.495568,0.366328,0.553353,0.322763,0.583279,0.684591,0.381554,0.703692,0.473510,0.678882,0.493177,0.612443,0.457754,0.565463,0.370537,0.395417,0.611490,0.343009,0.795841,0.573094,0.458114,0.552744,0.494053,0.497809,0.464555,0.497947,0.358442,0.372164,0.417603,0.663810,0.435106,0.640849,0.672241,0.361567,0.741990,0.560226,0.548343,0.739763,0.442889,0.374856,0.709247,0.702223,0.628356,0.813594,0.565612,0.457704,0.409470,0.399832,0.754602,0.444480,0.744892,0.652138,0.681315,0.393989,0.522137,0.388874,0.428758,0.604605,0.613120,0.565997,0.472904,0.641731,0.749102,0.536964,0.436880,0.304110,0.531174,0.647583,0.697179,0.723138,0.613710,0.740717,0.467138,0.681974,0.768305,0.527438,0.400235,0.393688,0.659974,0.807648,0.433098,0.496054,0.679532,0.306292,0.844412,0.494496,0.300372,0.744007,0.630992,0.717967,0.349265,0.391944,0.384295,0.724216,0.793569,0.702529,0.630003,0.541147,0.605126,0.326446,0.703429,0.323782,0.333960,0.668240,0.351315,0.667830,0.368303,0.279088,0.733942,0.796989,0.329468,0.641090,0.568324,0.293494,0.431647,0.732084,0.838396,0.565032,0.416380,0.470339,0.366042,0.174442,0.650026,0.539405,0.425879,0.329702,0.577932,0.634771,0.530432,0.302984,0.680803,0.718783,0.399243,0.660099,0.279412,0.574364,0.741998,0.751343,0.563433,0.785950,0.706158,0.317395,0.717123,0.468200,0.657366,0.455625,0.590168,0.889193,0.761321,0.264812,0.614634,0.372992,0.307434,0.517656,0.472708,0.584405,0.846120,0.489618,0.679069,0.777497,0.461044,0.448197,0.320837,0.694125,0.646490,0.314923,0.802651,0.390497,0.507740,0.638828,0.432929,0.702533,0.691517,0.634212,0.615769,0.809632,0.563738,0.465454,0.723981,0.560843,0.739611,0.636326,0.473419,0.261337,0.693079,0.604302,0.587267,0.839350,0.778634,0.446971,0.344991,0.747879,0.863194,0.476685,0.313289,0.391858,0.499711,0.865100,0.525947,0.634329,0.688453,0.785546,0.288800,0.769424,0.710146,0.759359,0.484212,0.548000,0.660429,0.768272,0.547275,0.549401,0.599134,0.604165,0.293269,0.446641,0.848741,0.497480,0.602312,0.726923,0.547512,0.670703,0.428300,0.399375,0.403099,0.310397,0.762232,0.599100,0.696008,0.874159,0.660246,0.270123,0.511865,0.523804,0.443925,0.722369,0.660211,0.554727,0.357934,0.314234,0.434834,0.715402,0.546460,0.431330,0.632981,0.666128,0.347908,0.710737,0.433692,0.461404,0.518342,0.598358,0.646582,0.702045,0.344583,0.731203,0.642397,0.466371,0.640992,0.745126,0.749881,0.352662,0.421137,0.771588,0.303668,0.322555,0.430273,0.598926,0.376285,0.651590,0.386716,0.483517,0.765008,0.786479,0.351600,0.686076,0.440938,0.296943,0.267686,0.818567,0.612493,0.609720,0.319599,0.616149,0.362198,0.665431,0.526492,0.484538,0.693617,0.638179,0.716093,0.785783,0.513626,0.574139,0.389274,0.680562,0.785166,0.455182,0.435413,0.425209,0.541483,0.591591,0.578967,0.551449,0.745558,0.632206,0.458644,0.466917,0.761782,0.332434,0.647904,0.486183,0.527529,0.792334,0.664942,0.591956,0.322653,0.361787,0.677530,0.541238,0.801602,0.801750,0.451710,0.798027,0.773039,0.586566,0.350521,0.743901,0.575151,0.699590,0.713059,0.690901,0.345494,0.660227,0.676824,0.723338,0.436073,0.766269,0.399691,0.406148,0.850084,0.650703,0.709347,0.728415,0.832527,0.415987,0.695995,0.381708,0.867015,0.911564,0.737478,0.778225,0.677783,0.604436,0.791510,0.877263,0.515402,0.573853,0.839810,0.762456,0.499840,0.606298,0.630693,0.847775,0.396221,0.766217,0.677803,0.716059,0.741705,0.615046,0.666787,0.411825,0.257478,0.815578,0.669157,0.658903,0.339808,0.346866,0.630859,0.266364,0.590557,0.750252,0.562833,0.538429,0.711736,0.414309,0.611189,0.769201,0.000000,0.663711,0.511663,0.832658,0.309535,0.670265,0.618248,0.346178,0.713314,0.689156,0.494333,0.755825,0.687823,0.367348,0.630985,0.389539,0.832297,0.695673,0.319541,0.801088,0.835304,0.668617,0.825499,0.768380,0.304273,0.703791,0.766398,0.598460,0.559716,0.771404,0.845689,0.792536,0.663344,0.856373,0.728120,0.344567,0.346701,0.867157,0.695798,0.276406,0.777193,0.734814,0.557964,0.783012,0.710367,0.530955,0.731759,0.868130,0.656738,0.702540,0.821636,0.522124,0.816360,0.633580,0.650135,0.717916,0.652950,0.641344,0.522486,0.425716,0.646714,0.471149,0.757261,0.720525,0.627824,0.544813,0.584204,0.474873,0.842954,0.693990,0.881706,0.669817,0.413886,0.599890,0.779066,0.877683,0.710830,0.840098,0.683716,0.788872,0.365466,0.549409,0.725448,0.706562,0.662441,0.511922,0.879913,0.691718,0.657996,0.687101,0.585664,0.712469,0.772183,0.682304,0.586475,0.458001,0.547425,0.567516,0.340159,0.710631,0.512637,0.767861,0.689109,0.612908,0.654745,0.854199,0.491524,0.710449,0.396061,0.525546,0.671285,0.589434
0.591252,0.650961,0.594723,0.609199,0.645135,0.650490,0.688467,0.674389,0.615897,0.659814,0.682624,0.651440,0.610393,0.660470,0.649233,0.684259,0.671321,0.633339,0.660626,0.681867,0.670096,0.717620,0.652789,0.656661,0.641949,0.597261,0.663377,0.648466,0.631534,0.691851,0.793471,0.691166,0.735893,0.761268,0.659948,0.644582,0.657997,0.711691,0.684278,0.633759,0.589278,0.841135,0.768005,0.640071,0.638118,0.697001,0.684792,0.590397,0.620185,0.726999,0.748801,0.753273,0.694112,0.787159,0.593089,0.605406,0.665260,0.651405,0.625201,0.624090,0.688443,0.661515,0.706210,0.746845,0.618764,0.697481,0.633334,0.668557,0.672863,0.711209,0.679347,0.700217,0.707336,0.561587,0.695543,0.826217,0.720021,0.667563,0.647156,0.713851,0.759762,0.682831,0.683275,0.794788,0.678458,0.718281,0.657494,0.659545,0.706548,0.745165,0.737802,0.694870,0.694380,0.699230,0.650219,0.695193,0.791324,0.664579,0.717106,0.700692,0.699940,0.691460,0.672147,0.769597,0.667490,0.662833,0.757146,0.678081,0.716375,0.699545,0.782941,0.638705,0.714038,0.705654,0.723260,0.687539,0.814242,0.697033,0.686019,0.703998,0.584206,0.686605,0.650747,0.638367,0.702306,0.740307,0.655778,0.747316,0.736630,0.704370,0.700421,0.691069,0.682695,0.618879,0.663929,0.674257,0.706153,0.761747,0.767949,0.721737,0.673440,0.812129,0.707420,0.727691,0.713460,0.809671,0.711176,0.646023,0.833794,0.649260,0.715248,0.694382,0.708624,0.661063,0.638427,0.684249,0.733258,0.720809,0.675530,0.713984,0.734945,0.667777,0.702309,0.666669,0.708090,0.743671,0.673182,0.671880,0.702486,0.748690,0.723204,0.739816,0.841589,0.718198,0.678467,0.689288,0.787542,0.802221,0.760348,0.785117,0.748306,0.669118,0.738219,0.734434,0.710043,0.802338,0.729881,0.648744,0.796597,0.701015,0.682979,0.746819,0.670564,0.721269,0.685383,0.661010,0.717466,0.748668,0.726476,0.666318,0.812289,0.794671,0.753285,0.670562,0.810468,0.705294,0.757445,0.701045,0.725349,0.795857,0.810078,0.673449,0.720163,0.714560,0.781437,0.687199,0.717630,0.792950,0.760361,0.835450,0.715663,0.740127,0.700476,0.767044,0.729590,0.719989,0.722183,0.775834,0.598310,0.615645,0.748184,0.741437,0.678821,0.722783,0.744237,0.688656,0.776910,0.720614,0.753033,0.753138,0.699260,0.709012,0.746656,0.716850,0.708438,0.789243,0.886823,0.674935,0.687740,0.797120,0.674542,0.703288,0.718862,0.686447,0.707535,0.691626,0.716122,0.720034,0.643127,0.569372,0.849452,0.667155,0.770330,0.575952,0.757342,0.654360,0.691397,0.812871,0.705431,0.689544,0.794960,0.717970,0.682402,0.662482,0.733664,0.739604,0.718504,0.711902,0.713813,0.716462,0.711984,0.706070,0.632059,0.717094,0.711970,0.755439,0.764504,0.784476,0.723499,0.714380,0.870153,0.740134,0.690458,0.624211,0.853204,0.773752,0.722788,0.704437,0.724881,0.742974,0.716214,0.640871,0.711454,0.754426,0.786946,0.715469,0.717476,0.646346,0.739968,0.660198,0.735955,0.727301,0.732516,0.702133,0.736347,0.813798,0.693509,0.757173,0.611096,0.717400,0.760006,0.694963,0.806197,0.717543,0.716466,0.751214,0.755736,0.774198,0.838004,0.719291,0.737362,0.760090,0.776475,0.685315,0.777771,0.774986,0.790376,0.758617,0.762058,0.719234,0.661692,0.831523,0.769450,0.726865,0.833496,0.714886,0.717236,0.869933,0.694373,0.759658,0.737330,0.818959,0.725805,0.724275,0.763752,0.710985,0.681909,0.735555,0.652973,0.746711,0.753061,0.709394,0.732570,0.746478,0.742062,0.719392,0.749163,0.819945,0.779070,0.726667,0.763812,0.798100,0.702513,0.708553,0.786130,0.716699,0.781128,0.732459,0.722939,0.772797,0.710844,0.797971,0.710075,0.773848,0.808652,0.684006,0.738789,0.676218,0.660969,0.663711,0.000000,0.750524,0.818175,0.749276,0.779831,0.676867,0.721787,0.706499,0.773377,0.724078,0.837558,0.748571,0.718932,0.764439,0.729796,0.773431,0.802559,0.725161,0.788611,0.723271,0.819551,0.743812,0.705256,0.749390,0.738263,0.772491,0.717003,0.750118,0.774073,0.773322,0.728457,0.732066,0.784021,0.664482,0.691494,0.686188,0.749828,0.695262,0.611601,0.869636,0.793917,0.670183,0.786970,0.728188,0.753812,0.769103,0.727822,0.730272,0.712576,0.754373,0.808270,0.639091,0.745742,0.725126,0.746128,0.766824,0.661908,0.757777,0.680931,0.733951,0.691510,0.807445,0.802172,0.789106,0.783892,0.746107,0.726108,0.866603,0.764697,0.698525,0.718819,0.669498,0.627996,0.735716,0.807923,0.798419,0.810253,0.719623,0.715145,0.648768,0.766059,0.772319,0.765164,0.705376,0.729351,0.763699,0.615930,0.663804,0.727597,0.630636,0.658832,0.799068,0.759869,0.669464,0.705681,0.633189,0.680147,0.717594,0.690948,0.604321,0.781419,0.689623,0.720669,0.813527,0.751095,0.747617,0.591236,0.688441,0.664265,0.791198,0.693037
0.591357,0.450798,0.518509,0.616212,0.439705,0.466849,0.543438,0.554287,0.669471,0.366111,0.556036,0.349920,0.601689,0.508530,0.539823,0.526201,0.530916,0.544065,0.525191,0.655270,0.581510,0.586569,0.526874,0.504901,0.589663,0.412874,0.516120,0.552358,0.541226,0.584780,0.643683,0.515626,0.661945,0.639423,0.589132,0.556178,0.518316,0.564448,0.641958,0.493650,0.504908,0.677757,0.689588,0.712681,0.695307,0.651509,0.482083,0.609612,0.564163,0.595167,0.543444,0.628897,0.597999,0.680469,0.384684,0.623661,0.539483,0.473637,0.608288,0.596130,0.627575,0.485616,0.728065,0.571508,0.626464,0.556483,0.525843,0.681787,0.581617,0.698662,0.659645,0.611548,0.622900,0.376051,0.642115,0.534964,0.460590,0.423402,0.401674,0.670896,0.731220,0.533548,0.599829,0.646053,0.550690,0.545748,0.508450,0.475929,0.610850,0.569573,0.512316,0.503008,0.340085,0.536612,0.704028,0.539102,0.624580,0.648886,0.603119,0.485794,0.406402,0.615019,0.430768,0.458988,0.638776,0.283760,0.648302,0.253475,0.558259,0.615535,0.670510,0.536712,0.552471,0.395164,0.464489,0.635737,0.748968,0.718320,0.541943,0.521254,0.468538,0.613477,0.528328,0.739820,0.519305,0.597457,0.507271,0.564495,0.460619,0.483881,0.556587,0.579042,0.647463,0.357878,0.591155,0.440841,0.655298,0.710964,0.581100,0.498786,0.572991,0.740653,0.534819,0.433277,0.613810,0.702148,0.424096,0.569057,0.770837,0.709812,0.551281,0.652633,0.561842,0.580295,0.622441,0.522465,0.497492,0.702988,0.450910,0.414417,0.804083,0.619869,0.570832,0.575227,0.688753,0.619153,0.489804,0.721257,0.462865,0.618481,0.624398,0.552666,0.743190,0.539095,0.633598,0.514139,0.746472,0.734913,0.622053,0.675979,0.707262,0.671370,0.382476,0.534493,0.579959,0.600526,0.593200,0.445795,0.862295,0.630833,0.550067,0.527084,0.706253,0.675256,0.535565,0.530156,0.563222,0.612553,0.744392,0.664588,0.691880,0.658247,0.715241,0.544830,0.640726,0.619981,0.719630,0.551249,0.598095,0.672056,0.705451,0.689213,0.632993,0.697820,0.631766,0.608486,0.668457,0.756083,0.602813,0.727062,0.592895,0.670366,0.629766,0.587933,0.538253,0.478420,0.603654,0.736450,0.651777,0.720312,0.643857,0.647989,0.495044,0.619019,0.688533,0.563613,0.599499,0.718792,0.558947,0.577693,0.550238,0.689071,0.769868,0.526419,0.540358,0.631955,0.640454,0.525156,0.747616,0.482835,0.518024,0.511462,0.108923,0.613301,0.645804,0.576851,0.753511,0.645804,0.596943,0.664987,0.725276,0.599125,0.564873,0.357460,0.729140,0.511452,0.529975,0.648129,0.540504,0.559575,0.551230,0.469018,0.668987,0.759661,0.732956,0.553317,0.686434,0.379534,0.561287,0.477332,0.769695,0.688792,0.703262,0.569446,0.519750,0.593353,0.702314,0.529446,0.630336,0.625933,0.575084,0.628505,0.678482,0.620277,0.526171,0.533354,0.530162,0.757721,0.648438,0.642824,0.520564,0.601094,0.573481,0.601283,0.691512,0.648543,0.602882,0.617075,0.644354,0.757713,0.595288,0.448273,0.563776,0.597507,0.762376,0.755896,0.630304,0.514628,0.649296,0.549053,0.677419,0.674754,0.625012,0.508067,0.679599,0.753048,0.592257,0.450966,0.604681,0.557830,0.802645,0.797201,0.687515,0.596248,0.557767,0.647001,0.702374,0.367492,0.764423,0.703080,0.631131,0.691183,0.810698,0.642916,0.781651,0.570878,0.494105,0.703472,0.630936,0.731044,0.813684,0.742163,0.723392,0.322784,0.620730,0.745068,0.735440,0.447462,0.655959,0.706453,0.663891,0.604165,0.766424,0.490383,0.639942,0.605611,0.715041,0.645826,0.697762,0.658879,0.726213,0.721355,0.662473,0.538831,0.736699,0.569513,0.582436,0.587407,0.611500,0.652426,0.570846,0.653776,0.689742,0.464428,0.602362,0.726458,0.611025,0.709834,0.722871,0.511663,0.750524,0.000000,0.782404,0.468557,0.747977,0.631351,0.586837,0.399829,0.525059,0.656607,0.644891,0.430938,0.615128,0.570200,0.525805,0.635614,0.641688,0.542889,0.595419,0.723916,0.625710,0.743624,0.738124,0.512648,0.545794,0.661957,0.566435,0.645523,0.667033,0.807544,0.673925,0.668155,0.807935,0.711678,0.617780,0.437018,0.657175,0.766391,0.573576,0.742550,0.743537,0.703034,0.781755,0.603091,0.513483,0.698389,0.661135,0.628913,0.729796,0.651969,0.704913,0.702580,0.640955,0.602932,0.782552,0.813185,0.717420,0.681415,0.596695,0.662647,0.717740,0.760252,0.551610,0.404419,0.634175,0.600840,0.757971,0.784250,0.688889,0.750481,0.570305,0.654374,0.677405,0.748616,0.785982,0.649755,0.758316,0.753932,0.754336,0.580288,0.693817,0.746988,0.607525,0.619884,0.556942,0.722177,0.569448,0.640103,0.733038,0.632960,0.690627,0.726795,0.575417,0.693040,0.510276,0.660309,0.713623,0.671267,0.723433,0.694612,0.631871,0.743247,0.687762,0.627571,0.813352,0.578968,0.756457,0.602516,0.613370,0.586144,0.680763
0.591410,0.694699,0.745746,0.738782,0.793055,0.748614,0.754928,0.761405,0.752976,0.806060,0.745838,0.826049,0.469058,0.830939,0.501191,0.693651,0.741594,0.703342,0.743242,0.586897,0.725437,0.662540,0.740282,0.813453,0.733554,0.824189,0.668589,0.631526,0.772792,0.603879,0.566826,0.769502,0.486150,0.491669,0.645672,0.722997,0.759788,0.717910,0.768209,0.775349,0.695507,0.628663,0.669031,0.758952,0.740908,0.753040,0.716635,0.755441,0.680995,0.781663,0.740164,0.583521,0.511999,0.528465,0.842406,0.697514,0.769977,0.819986,0.812527,0.768142,0.504995,0.819238,0.492634,0.618143,0.768817,0.699657,0.737463,0.543044,0.591235,0.614580,0.580253,0.481888,0.756278,0.839327,0.497929,0.645997,0.803884,0.742508,0.815463,0.814932,0.813348,0.835175,0.661727,0.517409,0.824160,0.727843,0.825512,0.839261,0.553853,0.745600,0.722488,0.792994,0.854958,0.734104,0.588499,0.735979,0.585522,0.476935,0.672707,0.748155,0.757943,0.627224,0.830306,0.802907,0.543963,0.818871,0.545407,0.831191,0.722097,0.738291,0.508650,0.746875,0.805314,0.808154,0.711869,0.833750,0.550511,0.731688,0.784951,0.756903,0.726291,0.814796,0.799054,0.622177,0.709817,0.702514,0.779594,0.623565,0.647929,0.824793,0.815901,0.776435,0.723447,0.708468,0.762527,0.831993,0.626475,0.716568,0.609089,0.632347,0.696311,0.473782,0.819990,0.632267,0.806625,0.567769,0.769341,0.705397,0.617306,0.588573,0.809922,0.564096,0.833416,0.761449,0.748287,0.782920,0.808119,0.700942,0.678864,0.788607,0.718496,0.819422,0.751834,0.767289,0.811085,0.593142,0.787109,0.706787,0.863657,0.674581,0.774776,0.687334,0.579396,0.732893,0.475466,0.748973,0.448615,0.823855,0.794135,0.698298,0.754262,0.630208,0.718476,0.764677,0.795510,0.587044,0.522866,0.784234,0.619275,0.721590,0.789775,0.825255,0.548068,0.569234,0.758458,0.768660,0.796730,0.670097,0.751743,0.728145,0.507602,0.487289,0.579491,0.787774,0.475939,0.795345,0.735964,0.751234,0.707308,0.648553,0.491488,0.669796,0.507329,0.708785,0.735765,0.822968,0.713549,0.499991,0.809574,0.557128,0.577084,0.849132,0.499884,0.780902,0.808436,0.723729,0.824053,0.482948,0.747352,0.721063,0.559765,0.689881,0.766631,0.780035,0.847555,0.778116,0.678023,0.813157,0.778169,0.756797,0.832777,0.731303,0.698028,0.680217,0.806428,0.555862,0.689978,0.794853,0.731028,0.846061,0.687184,0.712118,0.784203,0.794865,0.461576,0.765938,0.695737,0.706535,0.820783,0.794279,0.412915,0.530598,0.788851,0.853411,0.508366,0.801366,0.792293,0.863330,0.713843,0.804417,0.769289,0.812323,0.843096,0.795568,0.719866,0.788227,0.645824,0.701373,0.811593,0.809379,0.596291,0.796635,0.755066,0.794481,0.735011,0.835436,0.622700,0.802789,0.818919,0.497342,0.636605,0.851995,0.619922,0.718306,0.760551,0.755948,0.555069,0.704118,0.811603,0.813083,0.741187,0.660015,0.559008,0.832847,0.802658,0.532133,0.644970,0.698486,0.823863,0.778348,0.814803,0.752458,0.714741,0.700516,0.795312,0.659454,0.620934,0.839403,0.713927,0.558131,0.792201,0.693913,0.779703,0.747041,0.726410,0.520725,0.632519,0.849361,0.581752,0.608362,0.752186,0.637947,0.564247,0.847627,0.653865,0.772175,0.547113,0.849815,0.833101,0.824939,0.747062,0.579454,0.787336,0.651268,0.527871,0.611814,0.863154,0.508086,0.780971,0.758166,0.683690,0.549599,0.690120,0.748175,0.637594,0.758138,0.657817,0.775239,0.728453,0.647851,0.705768,0.773816,0.710354,0.830716,0.672081,0.811309,0.726815,0.573652,0.622924,0.492367,0.712519,0.644054,0.812108,0.816558,0.528766,0.814377,0.639620,0.840712,0.831040,0.544194,0.836831,0.812823,0.659478,0.829504,0.772511,0.790814,0.830838,0.625984,0.761419,0.832658,0.818175,0.782404,0.000000,0.849233,0.819323,0.629532,0.768540,0.781231,0.663520,0.841912,0.802998,0.732984,0.822165,0.683893,0.820823,0.715166,0.831414,0.785168,0.802079,0.692677,0.548997,0.790331,0.630654,0.809403,0.846131,0.632119,0.711059,0.830827,0.680260,0.729752,0.713054,0.622455,0.733050,0.681949,0.800560,0.778041,0.614654,0.753964,0.810784,0.557415,0.726178,0.581001,0.587309,0.851911,0.731094,0.621394,0.616902,0.893365,0.466298,0.560053,0.782776,0.718330,0.748197,0.653510,0.617275,0.729230,0.790487,0.764258,0.796018,0.672710,0.750625,0.813352,0.775242,0.697517,0.647775,0.691559,0.727945,0.526148,0.701262,0.679901,0.736781,0.747072,0.780123,0.807843,0.682651,0.775516,0.725514,0.853303,0.563250,0.839830,0.714558,0.505437,0.596512,0.659370,0.808407,0.640704,0.658934,0.713412,0.781062,0.723587,0.637917,0.542320,0.776129,0.632547,0.839363,0.803304,0.671334,0.878033,0.635251,0.809377,0.765675,0.830878,0.652919,0.902043,0.764926,0.658865,0.549678,0.799313,0.825472,0.566233,0.688603
0.591540,0.457701,0.350058,0.516742,0.284099,0.480777,0.607711,0.328823,0.712094,0.405174,0.644653,0.499868,0.612754,0.428891,0.553700,0.334025,0.338560,0.558333,0.343218,0.746294,0.520327,0.443402,0.513757,0.382338,0.434351,0.459772,0.413609,0.286368,0.350187,0.411584,0.753058,0.485949,0.598532,0.720876,0.321266,0.624990,0.506766,0.446057,0.631656,0.336162,0.354858,0.700840,0.687425,0.715587,0.786245,0.663446,0.409108,0.460512,0.412673,0.633010,0.442137,0.736345,0.630121,0.669779,0.365640,0.683172,0.347856,0.333744,0.554540,0.605332,0.539849,0.476875,0.665745,0.647837,0.525161,0.323038,0.321087,0.512162,0.723062,0.730424,0.755119,0.579308,0.628337,0.500838,0.732474,0.778956,0.399143,0.388778,0.370686,0.625810,0.765666,0.330229,0.479664,0.639332,0.291436,0.730699,0.470573,0.281858,0.729014,0.568458,0.673454,0.252674,0.343245,0.335306,0.704070,0.720303,0.734023,0.617533,0.504848,0.568877,0.350675,0.724888,0.230149,0.325194,0.695794,0.335946,0.617966,0.301218,0.307373,0.651117,0.786429,0.351534,0.565510,0.413831,0.301139,0.383796,0.724858,0.827928,0.433823,0.342202,0.411279,0.401501,0.309204,0.774280,0.502078,0.262179,0.398616,0.498122,0.679851,0.488796,0.292230,0.587498,0.633093,0.310396,0.653183,0.245306,0.606196,0.738304,0.705329,0.452163,0.732996,0.644762,0.252637,0.666228,0.425166,0.616516,0.413851,0.684205,0.880871,0.818497,0.239993,0.610818,0.291494,0.360327,0.471675,0.432320,0.467899,0.829884,0.513707,0.618531,0.829570,0.413074,0.401220,0.293809,0.629505,0.546295,0.327444,0.796448,0.260008,0.433467,0.610636,0.428205,0.691215,0.544518,0.609180,0.446615,0.803937,0.521490,0.435082,0.676616,0.637592,0.782735,0.591122,0.423610,0.317292,0.697832,0.578068,0.534518,0.885139,0.706719,0.388191,0.102703,0.777384,0.822323,0.570837,0.311966,0.365882,0.389367,0.781847,0.589598,0.633590,0.630838,0.791474,0.243515,0.785384,0.611689,0.798485,0.404024,0.631839,0.664326,0.703125,0.516791,0.608591,0.631604,0.653509,0.344692,0.512956,0.834752,0.430523,0.571390,0.787518,0.533751,0.625706,0.280503,0.400660,0.360136,0.284334,0.762630,0.506984,0.730052,0.786920,0.722713,0.283405,0.511748,0.514475,0.389510,0.708651,0.584607,0.660081,0.356337,0.263643,0.453696,0.771434,0.620024,0.340693,0.711010,0.639882,0.295093,0.754741,0.362153,0.464031,0.581091,0.610864,0.557891,0.695991,0.379683,0.785149,0.723135,0.544991,0.776945,0.734571,0.769689,0.348351,0.452557,0.750714,0.339561,0.275723,0.465738,0.719169,0.360026,0.560049,0.290422,0.419075,0.750699,0.831166,0.353911,0.664813,0.440456,0.360688,0.261708,0.825065,0.669812,0.761811,0.316961,0.611443,0.394334,0.783578,0.455900,0.379172,0.726131,0.713952,0.727504,0.824942,0.550640,0.589935,0.299735,0.680533,0.839867,0.429693,0.458476,0.479013,0.645790,0.547406,0.460223,0.526926,0.752425,0.663074,0.577470,0.350121,0.743261,0.282988,0.491120,0.392460,0.539411,0.817161,0.624247,0.570927,0.114567,0.445800,0.682926,0.451670,0.811591,0.687617,0.404880,0.819567,0.723446,0.658367,0.293852,0.735695,0.616905,0.770983,0.732713,0.638376,0.353001,0.713741,0.601445,0.674744,0.319114,0.846528,0.478594,0.453549,0.761336,0.627419,0.699990,0.729677,0.786886,0.272720,0.696627,0.408871,0.839074,0.834565,0.693199,0.706128,0.640073,0.549626,0.786483,0.850918,0.324340,0.497644,0.813287,0.752946,0.510986,0.724739,0.477581,0.782524,0.334908,0.813578,0.697568,0.656079,0.701222,0.643937,0.707809,0.423679,0.324303,0.848989,0.662991,0.608894,0.308216,0.322094,0.584236,0.233373,0.475099,0.820689,0.443532,0.515783,0.648813,0.425332,0.712512,0.778010,0.309535,0.749276,0.468557,0.849233,0.000000,0.637603,0.702521,0.370529,0.695251,0.673380,0.419246,0.737011,0.616402,0.280463,0.591623,0.285628,0.748385,0.676351,0.218954,0.592993,0.806892,0.687974,0.731391,0.867189,0.312961,0.583645,0.735430,0.649435,0.454390,0.752532,0.865246,0.719952,0.671984,0.868608,0.727742,0.354753,0.353055,0.813128,0.747731,0.386963,0.718350,0.784318,0.622266,0.874328,0.650414,0.427999,0.686416,0.828180,0.617179,0.654377,0.805715,0.606580,0.751854,0.706567,0.633153,0.715919,0.703852,0.738311,0.568279,0.451105,0.636918,0.475206,0.815795,0.705237,0.495059,0.640793,0.667062,0.473243,0.788392,0.811786,0.852927,0.648153,0.470325,0.697326,0.793473,0.799217,0.625590,0.873100,0.718762,0.812037,0.420487,0.514342,0.697453,0.806230,0.674981,0.524699,0.849838,0.687758,0.604502,0.751808,0.703364,0.716695,0.790586,0.541398,0.597958,0.427904,0.622613,0.515567,0.435131,0.786346,0.663405,0.775846,0.711881,0.710576,0.588755,0.872357,0.354491,0.795559,0.467279,0.527877,0.752163,0.705837
0.591653,0.661639,0.561860,0.650676,0.627371,0.565037,0.487210,0.478394,0.602307,0.584876,0.546902,0.650655,0.701803,0.587306,0.705966,0.478802,0.625395,0.526404,0.610080,0.640956,0.549631,0.636430,0.598385,0.543957,0.471099,0.658144,0.604941,0.632698,0.592180,0.703650,0.565826,0.616264,0.743364,0.710824,0.683347,0.599750,0.692952,0.613582,0.554753,0.613423,0.663962,0.619402,0.706212,0.637585,0.688108,0.726575,0.565337,0.710610,0.654282,0.574857,0.645424,0.762327,0.756449,0.804199,0.596465,0.783139,0.636316,0.560856,0.702967,0.615393,0.771254,0.666402,0.758996,0.493036,0.634855,0.572660,0.627067,0.735319,0.733997,0.635925,0.738710,0.728685,0.558813,0.704747,0.803582,0.750200,0.622894,0.571549,0.648633,0.454498,0.676153,0.514286,0.672221,0.786341,0.619959,0.648100,0.705500,0.637783,0.812992,0.457495,0.637957,0.545529,0.670785,0.588476,0.814132,0.631359,0.714364,0.716144,0.743991,0.651793,0.586413,0.753411,0.627619,0.640070,0.720120,0.685375,0.761970,0.641223,0.657191,0.514173,0.765992,0.645286,0.566376,0.633278,0.601056,0.513460,0.825119,0.781879,0.593158,0.506557,0.571545,0.622277,0.641970,0.781929,0.677294,0.628793,0.575416,0.680872,0.699920,0.589802,0.596614,0.643994,0.361567,0.610850,0.692056,0.641591,0.694821,0.503170,0.671734,0.708025,0.716119,0.809306,0.583988,0.664329,0.576662,0.830092,0.603974,0.785467,0.726353,0.733762,0.660711,0.739710,0.504897,0.611663,0.475442,0.683372,0.579853,0.721140,0.657348,0.579486,0.703690,0.646969,0.707925,0.642203,0.551135,0.706296,0.628599,0.712800,0.599711,0.773380,0.655869,0.673516,0.797298,0.619615,0.734549,0.596185,0.755201,0.616217,0.697229,0.693304,0.761869,0.762278,0.624764,0.606866,0.644823,0.795588,0.775049,0.657972,0.655009,0.700088,0.686502,0.616072,0.820809,0.682390,0.641542,0.667070,0.457084,0.631171,0.735216,0.629330,0.793983,0.744349,0.639124,0.656919,0.715083,0.563306,0.713114,0.720049,0.670652,0.705971,0.770442,0.780159,0.810031,0.739894,0.719956,0.679911,0.725952,0.787299,0.651425,0.779595,0.783243,0.704207,0.770547,0.472104,0.671026,0.719072,0.658042,0.780282,0.675929,0.732130,0.669734,0.652441,0.655101,0.694364,0.716874,0.737729,0.560017,0.771982,0.779785,0.632429,0.624676,0.762672,0.759181,0.780928,0.504676,0.746308,0.687179,0.517396,0.725501,0.567253,0.594299,0.761875,0.734735,0.660166,0.795817,0.647831,0.739103,0.678973,0.793585,0.779081,0.774116,0.817588,0.634767,0.728460,0.731319,0.599864,0.630572,0.762741,0.771212,0.675422,0.603855,0.661375,0.618462,0.743776,0.804132,0.672389,0.659417,0.657760,0.755116,0.659932,0.761598,0.744819,0.819332,0.680113,0.680113,0.559877,0.761844,0.663365,0.471031,0.787776,0.624098,0.795731,0.809968,0.716308,0.622882,0.571946,0.750966,0.732278,0.529066,0.562165,0.578984,0.755175,0.732966,0.517616,0.689105,0.740198,0.759488,0.696408,0.582585,0.738505,0.610923,0.646728,0.515721,0.633241,0.734978,0.787255,0.687869,0.628321,0.669573,0.851348,0.608510,0.746087,0.587499,0.658531,0.723022,0.767566,0.680929,0.594058,0.760347,0.646728,0.785051,0.733106,0.742699,0.634221,0.525218,0.481773,0.866009,0.626274,0.703723,0.687935,0.706909,0.691945,0.690166,0.711682,0.808309,0.752184,0.597689,0.732962,0.693994,0.806606,0.717274,0.743951,0.585274,0.699577,0.756429,0.737145,0.859416,0.626518,0.723204,0.851572,0.723594,0.650759,0.734790,0.632988,0.686879,0.508396,0.712961,0.780080,0.834451,0.701955,0.741700,0.758736,0.721725,0.662344,0.731817,0.746684,0.756336,0.573741,0.656690,0.771141,0.687747,0.290662,0.640585,0.606423,0.621298,0.683639,0.758331,0.688098,0.738456,0.670265,0.779831,0.747977,0.819323,0.637603,0.000000,0.738105,0.594362,0.703351,0.653841,0.402809,0.761510,0.708854,0.608016,0.712471,0.606933,0.622482,0.739022,0.577995,0.602683,0.497202,0.773172,0.637381,0.774354,0.652242,0.669679,0.580263,0.627439,0.569529,0.548684,0.769539,0.595378,0.684952,0.762642,0.680740,0.561918,0.625408,0.732677,0.675402,0.696147,0.811878,0.786769,0.725209,0.792871,0.670423,0.634936,0.818231,0.854066,0.754398,0.801796,0.724877,0.724598,0.720443,0.602810,0.656522,0.823951,0.772118,0.747869,0.649450,0.672964,0.753138,0.725082,0.696014,0.637713,0.541731,0.757516,0.814581,0.743278,0.783521,0.725903,0.787198,0.774440,0.668561,0.632169,0.692446,0.743356,0.667208,0.750126,0.581724,0.696365,0.600884,0.666710,0.797688,0.759456,0.700195,0.711245,0.800506,0.744923,0.784448,0.560560,0.773818,0.753510,0.836999,0.652419,0.697801,0.653331,0.828475,0.765389,0.700353,0.728877,0.692906,0.754088,0.480595,0.788021,0.607666,0.686427,0.696057,0.754030,0.732456,0.734904,0.768288,0.750839
0.591889,0.563856,0.611306,0.653982,0.645701,0.657231,0.677127,0.619251,0.753386,0.607971,0.688142,0.633272,0.393982,0.652305,0.380532,0.523712,0.604768,0.699535,0.601857,0.708449,0.592882,0.640401,0.705071,0.635488,0.646891,0.684019,0.518931,0.511290,0.539422,0.515221,0.643846,0.575370,0.588263,0.497752,0.527602,0.731861,0.624241,0.609310,0.737591,0.660142,0.421401,0.693880,0.621800,0.801960,0.780759,0.573539,0.680147,0.530573,0.437415,0.720954,0.619178,0.681208,0.497812,0.621921,0.629840,0.376639,0.573183,0.592197,0.666970,0.672921,0.467339,0.641084,0.551389,0.756802,0.639425,0.617139,0.510978,0.489276,0.448483,0.735347,0.649900,0.463102,0.714511,0.631553,0.521083,0.616496,0.686437,0.574666,0.608370,0.757548,0.848224,0.679110,0.600540,0.615678,0.642665,0.721740,0.745776,0.602457,0.534148,0.691142,0.662768,0.618464,0.666146,0.636121,0.601171,0.729406,0.605425,0.436147,0.685636,0.720715,0.601879,0.482553,0.640872,0.616106,0.522838,0.645096,0.606576,0.611794,0.583772,0.753310,0.694126,0.508477,0.743680,0.698016,0.536228,0.613941,0.652531,0.626799,0.746524,0.660562,0.603252,0.673705,0.516101,0.567561,0.661869,0.652476,0.705469,0.595538,0.538230,0.655421,0.578024,0.738975,0.740960,0.558746,0.714318,0.595918,0.342435,0.595921,0.644766,0.654551,0.731893,0.610264,0.663526,0.653131,0.709146,0.638239,0.662273,0.408421,0.665781,0.495513,0.588478,0.558665,0.566098,0.599823,0.610665,0.640517,0.708920,0.792140,0.516432,0.560014,0.729729,0.751992,0.626965,0.596042,0.770716,0.601999,0.568675,0.732298,0.602886,0.631674,0.638083,0.375791,0.629345,0.687227,0.443074,0.745166,0.644452,0.760842,0.653898,0.623519,0.703710,0.497477,0.726279,0.632824,0.627480,0.703272,0.438474,0.729168,0.786289,0.777830,0.605152,0.693416,0.527404,0.724738,0.621516,0.619176,0.589121,0.582368,0.816796,0.714534,0.590275,0.627987,0.668488,0.624580,0.687304,0.804753,0.681439,0.534911,0.431552,0.722756,0.634217,0.566221,0.469890,0.526994,0.749299,0.617165,0.610914,0.725327,0.683609,0.628180,0.472412,0.697590,0.444739,0.728166,0.666372,0.605328,0.632028,0.585174,0.576554,0.654169,0.719152,0.580435,0.529801,0.637591,0.655354,0.605397,0.730992,0.709036,0.766863,0.629744,0.571391,0.600166,0.787050,0.515414,0.656406,0.453052,0.702685,0.552383,0.755859,0.683176,0.671662,0.532667,0.651498,0.729500,0.460364,0.603428,0.699704,0.569882,0.632106,0.619543,0.635300,0.526426,0.613319,0.617039,0.657661,0.581129,0.685118,0.750083,0.415314,0.685252,0.737795,0.657511,0.724067,0.717681,0.639871,0.630207,0.711948,0.523649,0.616851,0.640883,0.543982,0.714398,0.496698,0.603749,0.631307,0.632213,0.499026,0.679652,0.638690,0.501067,0.604899,0.812848,0.519281,0.724001,0.686509,0.604708,0.567840,0.658051,0.610824,0.642488,0.604655,0.622465,0.440040,0.717399,0.744319,0.601326,0.474834,0.638256,0.799231,0.712171,0.639677,0.740335,0.620493,0.701303,0.717076,0.653799,0.421621,0.694274,0.515294,0.493158,0.758557,0.666199,0.764815,0.712565,0.680430,0.744369,0.448404,0.622489,0.709303,0.379400,0.676280,0.542525,0.624110,0.700947,0.565483,0.727632,0.626088,0.698922,0.796687,0.717957,0.626763,0.798207,0.818486,0.389929,0.713463,0.661441,0.691021,0.625386,0.650000,0.744868,0.682390,0.666946,0.756403,0.709248,0.590985,0.669357,0.694505,0.733312,0.677560,0.710176,0.683507,0.492144,0.626491,0.755126,0.748868,0.595715,0.722163,0.507049,0.683765,0.547115,0.694021,0.737404,0.680915,0.543486,0.694655,0.732787,0.652815,0.633175,0.637346,0.660232,0.607784,0.705152,0.653747,0.733150,0.690921,0.745908,0.692750,0.438581,0.750176,0.618248,0.676867,0.631351,0.629532,0.702521,0.738105,0.000000,0.601423,0.702941,0.608224,0.633788,0.826405,0.729558,0.758745,0.511288,0.741360,0.845760,0.736533,0.677918,0.868491,0.717906,0.430213,0.853722,0.669948,0.587193,0.771313,0.699065,0.560911,0.788241,0.707527,0.762317,0.836684,0.695438,0.801719,0.721775,0.635910,0.477645,0.716657,0.611805,0.487045,0.678280,0.631847,0.542601,0.684469,0.778705,0.689310,0.613329,0.708040,0.810379,0.622797,0.598988,0.569628,0.789044,0.711560,0.654344,0.642829,0.736435,0.690190,0.730450,0.485995,0.653987,0.651732,0.838017,0.751358,0.754260,0.554329,0.550442,0.726630,0.726886,0.445967,0.752352,0.733306,0.589458,0.658023,0.716720,0.783402,0.615425,0.744118,0.769696,0.518953,0.501945,0.631310,0.679433,0.437299,0.568446,0.664207,0.809918,0.681765,0.582638,0.709844,0.318880,0.656752,0.663408,0.682894,0.530961,0.607301,0.663804,0.578931,0.647448,0.426330,0.558922,0.774884,0.771675,0.464749,0.821881,0.675330,0.571605,0.611177,0.612465,0.715320,0.400850,0.512550
0.591908,0.549606,0.314610,0.563232,0.311937,0.514717,0.605048,0.361818,0.590070,0.438020,0.622984,0.436923,0.626224,0.467178,0.572493,0.400715,0.417848,0.564113,0.361676,0.727671,0.499218,0.427273,0.477944,0.447050,0.400285,0.453102,0.466915,0.392176,0.398821,0.465318,0.691300,0.423564,0.673247,0.718406,0.426330,0.667848,0.529389,0.497838,0.624447,0.402868,0.418451,0.690089,0.713617,0.584478,0.709417,0.632296,0.374330,0.401413,0.439370,0.655006,0.401195,0.735995,0.698926,0.738350,0.387469,0.622768,0.390540,0.413186,0.535733,0.564959,0.590117,0.406274,0.710941,0.692707,0.524089,0.430614,0.223521,0.578151,0.690218,0.673780,0.715796,0.607466,0.595534,0.512034,0.716333,0.769759,0.553764,0.450448,0.488726,0.566462,0.700915,0.375771,0.489221,0.732131,0.339729,0.696460,0.508195,0.334829,0.761855,0.607277,0.678552,0.332996,0.414928,0.365887,0.773927,0.704939,0.783846,0.642654,0.534354,0.539944,0.333943,0.654435,0.335302,0.380170,0.719195,0.374653,0.697661,0.370209,0.345431,0.609774,0.824257,0.343255,0.626079,0.509975,0.330113,0.416615,0.744675,0.686129,0.544906,0.353509,0.510162,0.384952,0.319614,0.703958,0.536203,0.479845,0.376693,0.598280,0.607400,0.592550,0.281355,0.583115,0.538784,0.435908,0.637986,0.298193,0.597542,0.640665,0.713143,0.589852,0.728198,0.718587,0.358459,0.653102,0.383717,0.680719,0.441774,0.656327,0.803505,0.738385,0.322133,0.680538,0.352121,0.273148,0.452722,0.474807,0.542725,0.807199,0.458141,0.674222,0.678829,0.456210,0.509823,0.363053,0.632367,0.689973,0.330141,0.773971,0.386232,0.555667,0.589813,0.414213,0.737592,0.584438,0.644081,0.651663,0.839711,0.532283,0.440211,0.677563,0.511120,0.729303,0.580602,0.434980,0.254462,0.736733,0.635568,0.668110,0.812316,0.668141,0.459585,0.407056,0.806941,0.789220,0.454247,0.342588,0.405306,0.471382,0.759232,0.465628,0.703982,0.725861,0.729536,0.319078,0.782949,0.685241,0.664448,0.537164,0.585738,0.674123,0.777820,0.639784,0.606842,0.666510,0.578103,0.378515,0.530467,0.867681,0.441033,0.629088,0.784273,0.553404,0.660167,0.410550,0.414715,0.372224,0.352701,0.791188,0.551606,0.644603,0.814077,0.583101,0.192152,0.487959,0.507593,0.491765,0.665285,0.677584,0.537750,0.337177,0.336694,0.521879,0.665237,0.629138,0.386520,0.681289,0.689550,0.353649,0.668310,0.441923,0.468876,0.530043,0.667046,0.610700,0.713396,0.284492,0.677374,0.608113,0.529217,0.646865,0.766397,0.782835,0.367021,0.471767,0.676072,0.339016,0.434497,0.463077,0.609781,0.312699,0.626740,0.404541,0.436752,0.684294,0.718014,0.360063,0.700109,0.442248,0.395587,0.319919,0.746678,0.589110,0.720143,0.366386,0.591962,0.360283,0.725786,0.545108,0.463230,0.726313,0.657632,0.801894,0.825953,0.498166,0.580083,0.380859,0.692291,0.656561,0.436146,0.459925,0.469809,0.628352,0.595350,0.447760,0.506507,0.740372,0.594298,0.359890,0.422172,0.666906,0.314659,0.609027,0.429230,0.509666,0.709283,0.657952,0.422252,0.360255,0.408083,0.741190,0.511058,0.725055,0.736917,0.467199,0.701125,0.777012,0.591000,0.361114,0.805991,0.575146,0.606767,0.637416,0.698522,0.353481,0.614021,0.543013,0.776297,0.472128,0.695922,0.401471,0.428319,0.861290,0.582442,0.639411,0.775420,0.760117,0.365326,0.705996,0.409189,0.844926,0.749103,0.779338,0.654337,0.667318,0.605551,0.685867,0.775657,0.530100,0.624405,0.694568,0.626603,0.503319,0.585816,0.567106,0.743105,0.393041,0.713725,0.729092,0.775234,0.728213,0.560886,0.681556,0.454570,0.263253,0.769860,0.701858,0.655045,0.353554,0.374832,0.702237,0.304533,0.438766,0.686362,0.501593,0.460477,0.599628,0.498103,0.596115,0.723355,0.346178,0.721787,0.586837,0.768540,0.370529,0.594362,0.601423,0.000000,0.690208,0.586349,0.451673,0.697022,0.654751,0.379508,0.658167,0.400527,0.782416,0.576483,0.340786,0.704066,0.673742,0.683885,0.713858,0.771727,0.310290,0.669041,0.658887,0.625721,0.504860,0.720753,0.707120,0.729544,0.606352,0.748992,0.728110,0.365916,0.432538,0.786388,0.600969,0.411322,0.808549,0.638668,0.626119,0.714183,0.656100,0.567745,0.746742,0.695680,0.609444,0.763261,0.696898,0.522205,0.736257,0.549349,0.609367,0.740231,0.672397,0.658907,0.487639,0.460682,0.609789,0.414292,0.708386,0.675667,0.603034,0.613305,0.653806,0.540322,0.834538,0.734756,0.769635,0.614160,0.349515,0.525799,0.651564,0.787766,0.568616,0.689825,0.584624,0.727635,0.364421,0.586876,0.800124,0.779996,0.695311,0.521879,0.846831,0.657624,0.644023,0.612331,0.618193,0.694867,0.826652,0.638742,0.587100,0.523930,0.511223,0.614486,0.478679,0.607288,0.574253,0.758075,0.646927,0.654145,0.599232,0.727284,0.474190,0.699391,0.481236,0.528676,0.755877,0.560470
0.592115,0.556017,0.568690,0.590539,0.569288,0.570769,0.581904,0.638522,0.662706,0.510194,0.601982,0.469936,0.629969,0.583449,0.604625,0.636595,0.650287,0.567957,0.638831,0.618861,0.685152,0.669026,0.623188,0.659252,0.687409,0.525199,0.597236,0.649854,0.609861,0.685732,0.747137,0.584559,0.717242,0.644673,0.708447,0.640286,0.611825,0.559023,0.679623,0.583339,0.596803,0.669360,0.736799,0.732677,0.670708,0.675183,0.555145,0.683246,0.620061,0.583236,0.652775,0.681430,0.664643,0.770270,0.496453,0.664259,0.575812,0.610293,0.604833,0.622859,0.692191,0.512925,0.732802,0.588797,0.650073,0.700485,0.618079,0.716841,0.647608,0.664233,0.635993,0.663087,0.669375,0.520402,0.623882,0.641640,0.606412,0.522116,0.566909,0.724289,0.708646,0.629684,0.576053,0.770143,0.694216,0.571335,0.511642,0.603988,0.628761,0.645173,0.579465,0.658421,0.477848,0.676310,0.699930,0.552240,0.643234,0.678504,0.708354,0.608052,0.532363,0.595358,0.589831,0.608663,0.660511,0.503560,0.732844,0.408522,0.728872,0.664861,0.745270,0.657017,0.619908,0.569274,0.640491,0.683066,0.824217,0.654469,0.654565,0.699914,0.567600,0.718840,0.667055,0.771066,0.615842,0.743608,0.570579,0.687053,0.530633,0.617200,0.644384,0.583402,0.668202,0.551865,0.612378,0.597174,0.743454,0.731888,0.614294,0.674753,0.621369,0.758140,0.637182,0.490374,0.762461,0.816308,0.541551,0.581175,0.698091,0.631695,0.663589,0.726859,0.652118,0.681432,0.706798,0.642091,0.652461,0.642906,0.569556,0.509100,0.756604,0.695042,0.671299,0.657200,0.673176,0.746856,0.615637,0.633587,0.654656,0.758222,0.647993,0.619975,0.768656,0.585309,0.689235,0.602490,0.704696,0.774343,0.721269,0.696417,0.747537,0.616961,0.495929,0.658166,0.722211,0.721877,0.682927,0.509616,0.825043,0.635150,0.652637,0.677496,0.683961,0.699458,0.587623,0.666162,0.677461,0.718015,0.714829,0.699259,0.770116,0.708531,0.734959,0.679088,0.696944,0.642956,0.741983,0.705680,0.689181,0.673755,0.705609,0.780476,0.761159,0.736493,0.528548,0.704001,0.764201,0.788582,0.725444,0.858524,0.679756,0.730065,0.678378,0.691439,0.669873,0.585814,0.687320,0.801135,0.685246,0.695311,0.695770,0.631194,0.650454,0.639721,0.676057,0.699821,0.654228,0.714382,0.535860,0.706034,0.643238,0.787401,0.755034,0.674243,0.719345,0.701970,0.718310,0.642618,0.776012,0.613980,0.625564,0.635921,0.425231,0.582156,0.660093,0.639612,0.713217,0.750480,0.752512,0.638563,0.771075,0.690590,0.722175,0.565378,0.704788,0.672473,0.639974,0.765111,0.587783,0.685152,0.640015,0.661303,0.726923,0.681973,0.676716,0.688829,0.724937,0.559998,0.701304,0.606292,0.747179,0.661367,0.698624,0.689801,0.572568,0.711594,0.734354,0.654630,0.693073,0.634644,0.755138,0.711736,0.712225,0.645242,0.673232,0.719266,0.631888,0.705273,0.697676,0.686780,0.673183,0.702148,0.682715,0.682714,0.785847,0.687624,0.744191,0.595030,0.728857,0.699795,0.707490,0.637198,0.644515,0.693068,0.746690,0.845037,0.717048,0.691789,0.737170,0.699523,0.813466,0.660842,0.651855,0.688912,0.680053,0.753113,0.675168,0.647857,0.743944,0.685718,0.756188,0.807846,0.688106,0.637347,0.648914,0.651078,0.829126,0.618037,0.757860,0.802364,0.686118,0.710849,0.775668,0.718313,0.846192,0.567856,0.673733,0.800240,0.720959,0.747340,0.729536,0.745452,0.798680,0.075747,0.693854,0.720485,0.710670,0.615518,0.696501,0.694683,0.683705,0.623678,0.723741,0.599166,0.606856,0.692668,0.667260,0.748605,0.805624,0.711939,0.722305,0.726179,0.734202,0.692935,0.779859,0.696497,0.603941,0.656040,0.741574,0.760620,0.689627,0.712130,0.669370,0.658300,0.657235,0.763268,0.770652,0.798304,0.634810,0.713314,0.706499,0.399829,0.781231,0.695251,0.703351,0.702941,0.690208,0.000000,0.637795,0.693638,0.661341,0.560438,0.752066,0.723967,0.625554,0.639348,0.701617,0.691092,0.667587,0.646326,0.670346,0.756521,0.678941,0.671586,0.644861,0.780391,0.711752,0.721345,0.688605,0.745170,0.710305,0.750529,0.769160,0.745604,0.712192,0.540750,0.749670,0.758690,0.664980,0.824741,0.725475,0.731514,0.735386,0.618969,0.700019,0.779697,0.664101,0.611992,0.699196,0.684649,0.767877,0.669959,0.593419,0.687399,0.704176,0.835498,0.750682,0.741535,0.692006,0.630226,0.731789,0.774659,0.585041,0.553537,0.731420,0.750441,0.757088,0.787904,0.646081,0.666083,0.638308,0.658680,0.626571,0.740542,0.778814,0.767279,0.702103,0.767134,0.699815,0.649457,0.740711,0.807103,0.684702,0.720772,0.666999,0.752445,0.612579,0.843892,0.728766,0.634295,0.680956,0.769575,0.668942,0.755426,0.633439,0.648706,0.787629,0.772304,0.707475,0.662822,0.667910,0.694640,0.761070,0.669105,0.756364,0.696691,0.743690,0.695118,0.698592,0.688731,0.714125
0.592187,0.570152,0.634121,0.686517,0.577636,0.495831,0.455802,0.573551,0.500143,0.515938,0.475356,0.529214,0.556714,0.558724,0.533870,0.527309,0.536965,0.594049,0.520398,0.647586,0.452227,0.573577,0.403563,0.508712,0.479270,0.607192,0.585830,0.581014,0.609512,0.566302,0.569632,0.599692,0.624602,0.542515,0.610268,0.454657,0.484936,0.519387,0.511640,0.579289,0.554494,0.594438,0.635943,0.725799,0.518857,0.675774,0.558763,0.598206,0.537335,0.467954,0.603373,0.631424,0.554715,0.681886,0.567957,0.612962,0.581389,0.497235,0.649791,0.627028,0.603672,0.631401,0.688850,0.589406,0.540584,0.539389,0.593235,0.615013,0.402587,0.612125,0.601354,0.598652,0.500958,0.583039,0.590152,0.473363,0.565423,0.502168,0.583420,0.630108,0.719646,0.561890,0.577388,0.617162,0.651215,0.428713,0.664506,0.641194,0.658457,0.566250,0.440859,0.494400,0.582802,0.549410,0.671556,0.461128,0.595001,0.642309,0.687218,0.390091,0.551068,0.581246,0.482993,0.568946,0.634565,0.508844,0.627630,0.514253,0.653317,0.483724,0.647972,0.612157,0.572056,0.485545,0.576579,0.638931,0.718508,0.625757,0.484720,0.459032,0.594787,0.711358,0.643408,0.706594,0.446870,0.672776,0.700432,0.489941,0.427945,0.554918,0.600111,0.675898,0.471709,0.497380,0.479202,0.594928,0.556568,0.419878,0.608867,0.508445,0.457069,0.676070,0.643982,0.372131,0.708419,0.607960,0.615303,0.585131,0.608445,0.692439,0.630607,0.632437,0.591535,0.602270,0.590154,0.630152,0.394562,0.598545,0.548371,0.612235,0.686505,0.659946,0.644340,0.643464,0.621869,0.544569,0.603800,0.566013,0.528160,0.634020,0.588390,0.569817,0.691631,0.571589,0.599073,0.692879,0.634219,0.692011,0.554485,0.673327,0.780216,0.668807,0.559410,0.566420,0.635628,0.594190,0.585381,0.641042,0.567676,0.504259,0.597901,0.729070,0.665862,0.564472,0.667086,0.590873,0.517380,0.588913,0.649459,0.661632,0.621896,0.590713,0.585716,0.609104,0.647406,0.581716,0.702791,0.657749,0.541379,0.737567,0.647806,0.695235,0.581403,0.689268,0.800646,0.674098,0.711364,0.701482,0.624683,0.722541,0.628018,0.659522,0.619530,0.658334,0.640586,0.565553,0.694000,0.734167,0.610368,0.643382,0.531143,0.493829,0.553074,0.686118,0.670063,0.681695,0.448996,0.728462,0.769412,0.665158,0.614929,0.628946,0.731002,0.387275,0.583970,0.626069,0.568870,0.551202,0.681935,0.591907,0.525300,0.581992,0.604315,0.755187,0.623775,0.652572,0.696696,0.517200,0.712100,0.709625,0.706746,0.614152,0.669971,0.545029,0.721331,0.625369,0.668145,0.708381,0.666698,0.611038,0.440868,0.553778,0.674463,0.688045,0.693377,0.711530,0.648339,0.475519,0.693212,0.655357,0.682435,0.665258,0.766023,0.637978,0.515737,0.629307,0.713735,0.505356,0.580148,0.658283,0.522286,0.787403,0.679802,0.721011,0.599037,0.543255,0.505335,0.662420,0.650036,0.629592,0.543758,0.604188,0.539958,0.511843,0.699922,0.553761,0.500710,0.692184,0.655003,0.660403,0.658293,0.366676,0.566400,0.694292,0.620131,0.715847,0.559279,0.740608,0.652780,0.555303,0.648205,0.594368,0.482969,0.607321,0.568337,0.719630,0.565369,0.561658,0.552542,0.548241,0.676987,0.723582,0.643464,0.651563,0.580399,0.571968,0.707222,0.499374,0.755336,0.811921,0.738017,0.774960,0.748960,0.555496,0.740752,0.593290,0.536827,0.669108,0.649134,0.788410,0.730274,0.747874,0.645176,0.586975,0.594157,0.677054,0.801203,0.629489,0.746177,0.723774,0.631106,0.569627,0.709582,0.432170,0.518351,0.592759,0.658964,0.595445,0.698417,0.617395,0.684360,0.750050,0.760723,0.646384,0.641665,0.588042,0.658206,0.659708,0.708148,0.694865,0.659417,0.566409,0.608259,0.501553,0.649911,0.552158,0.679108,0.688821,0.763946,0.689156,0.773377,0.525059,0.663520,0.673380,0.653841,0.608224,0.586349,0.637795,0.000000,0.611709,0.657247,0.390293,0.677188,0.499874,0.589015,0.686945,0.609878,0.673828,0.623005,0.545698,0.689963,0.698131,0.563365,0.654125,0.696323,0.545489,0.569467,0.698564,0.644337,0.666091,0.607618,0.669760,0.754506,0.551766,0.687702,0.560343,0.576392,0.645223,0.667414,0.698208,0.620751,0.728110,0.697154,0.691534,0.559530,0.717011,0.713985,0.739907,0.680909,0.618798,0.710076,0.684267,0.675464,0.510730,0.788469,0.803763,0.645585,0.727898,0.538846,0.716189,0.698624,0.785578,0.520211,0.514382,0.725357,0.490952,0.794977,0.738154,0.772368,0.653091,0.658256,0.713171,0.620530,0.648879,0.680716,0.549722,0.676491,0.690786,0.636391,0.561275,0.719839,0.769368,0.664310,0.632302,0.646510,0.710440,0.629051,0.638816,0.531284,0.677828,0.703843,0.708326,0.701729,0.587042,0.654742,0.745560,0.624611,0.809202,0.720004,0.664858,0.556189,0.579876,0.677156,0.493742,0.716122,0.650582,0.672583,0.748039,0.596772,0.630005,0.541396
0.592623,0.580108,0.432795,0.600636,0.437186,0.538083,0.562745,0.288074,0.634061,0.505599,0.606865,0.574847,0.588161,0.532298,0.591434,0.332443,0.359408,0.567122,0.418724,0.739475,0.477629,0.549187,0.539329,0.400771,0.400019,0.554929,0.502329,0.345261,0.305795,0.528616,0.648400,0.498726,0.605052,0.623304,0.435798,0.605309,0.617139,0.514531,0.589019,0.479069,0.388546,0.637303,0.553062,0.681758,0.701354,0.632643,0.482601,0.542717,0.378343,0.639834,0.526802,0.783835,0.674224,0.662059,0.482408,0.603327,0.361098,0.338508,0.641996,0.577296,0.601462,0.501724,0.609961,0.564648,0.517139,0.366976,0.369588,0.588113,0.701262,0.692042,0.767192,0.663294,0.627564,0.607526,0.760511,0.744554,0.570856,0.383266,0.522636,0.545216,0.743158,0.512307,0.538321,0.689708,0.348892,0.699146,0.625209,0.371583,0.748714,0.496887,0.653906,0.309288,0.574191,0.434510,0.743137,0.691554,0.712359,0.644856,0.605942,0.590824,0.471417,0.696513,0.436842,0.451765,0.677796,0.512300,0.659520,0.490147,0.443029,0.534123,0.754944,0.367693,0.550537,0.574978,0.387373,0.251388,0.741434,0.803839,0.556138,0.388312,0.484378,0.444529,0.392024,0.749519,0.585271,0.499855,0.507739,0.554899,0.602671,0.538500,0.309925,0.675869,0.469911,0.455110,0.646475,0.376730,0.572022,0.531089,0.728111,0.557055,0.713013,0.725958,0.353391,0.657397,0.431717,0.663058,0.603780,0.645350,0.787341,0.693354,0.365242,0.637007,0.192872,0.350893,0.390376,0.570225,0.498454,0.793522,0.524250,0.590194,0.791381,0.488791,0.567103,0.334204,0.542973,0.598672,0.384032,0.740278,0.333997,0.599655,0.665087,0.419668,0.697875,0.642132,0.661815,0.496118,0.752817,0.474986,0.455216,0.679307,0.708811,0.750909,0.682766,0.481418,0.400273,0.795464,0.645299,0.627335,0.725377,0.711690,0.426863,0.411258,0.755693,0.809312,0.509884,0.424566,0.290085,0.493121,0.719792,0.615492,0.705997,0.693741,0.713213,0.368036,0.791602,0.556772,0.771223,0.534832,0.567543,0.629021,0.717019,0.565778,0.621645,0.679237,0.791342,0.419419,0.558296,0.789322,0.504737,0.651451,0.739185,0.477795,0.652930,0.269739,0.503911,0.597236,0.391797,0.711722,0.403041,0.808577,0.731317,0.588237,0.387178,0.525820,0.510701,0.547160,0.619899,0.646551,0.786114,0.436841,0.301623,0.519170,0.758750,0.685090,0.350789,0.683384,0.680802,0.226171,0.711297,0.422340,0.519036,0.583029,0.716628,0.583242,0.712477,0.411758,0.788175,0.656113,0.600283,0.764704,0.716120,0.722286,0.432910,0.619849,0.739441,0.417507,0.467915,0.624339,0.703845,0.583193,0.579336,0.462652,0.396970,0.770217,0.766832,0.483946,0.653849,0.514003,0.491571,0.420788,0.757391,0.711217,0.716440,0.377727,0.610282,0.388905,0.727097,0.562720,0.155562,0.724641,0.688337,0.794349,0.756942,0.689026,0.674335,0.404331,0.692198,0.778535,0.332074,0.370656,0.408542,0.721442,0.608915,0.453719,0.655559,0.679210,0.622634,0.608333,0.436919,0.786928,0.290831,0.567700,0.227183,0.630314,0.748037,0.631738,0.561121,0.453164,0.431477,0.716474,0.437328,0.766999,0.586456,0.578844,0.764936,0.768871,0.572773,0.385781,0.779469,0.572646,0.744348,0.632858,0.762982,0.417564,0.585025,0.516616,0.756450,0.476635,0.761779,0.496087,0.446101,0.775178,0.604583,0.681750,0.716123,0.788324,0.503729,0.697767,0.533476,0.877494,0.755549,0.666473,0.633295,0.709018,0.552760,0.814962,0.867221,0.458490,0.653048,0.859552,0.798772,0.476202,0.622930,0.587405,0.730071,0.213826,0.775446,0.612768,0.757033,0.674083,0.597514,0.738888,0.561991,0.412284,0.821366,0.690615,0.777577,0.330917,0.470488,0.715494,0.380775,0.336460,0.706085,0.548465,0.493446,0.654862,0.659408,0.608622,0.792396,0.494333,0.724078,0.656607,0.841912,0.419246,0.402809,0.633788,0.451673,0.693638,0.611709,0.000000,0.824911,0.696915,0.416244,0.592594,0.423348,0.732476,0.725650,0.339622,0.647179,0.580674,0.698320,0.729234,0.754326,0.429639,0.648812,0.617537,0.618548,0.388016,0.641621,0.837220,0.701122,0.669357,0.846905,0.690351,0.381527,0.387277,0.777266,0.599516,0.493751,0.744216,0.770200,0.576976,0.818447,0.763592,0.485045,0.663417,0.858975,0.752465,0.690341,0.799942,0.620067,0.765870,0.653901,0.624403,0.728736,0.700226,0.659502,0.577951,0.465073,0.751373,0.547468,0.709433,0.747322,0.558259,0.643686,0.653999,0.612621,0.772993,0.748616,0.855785,0.735578,0.455386,0.586626,0.745852,0.785817,0.668506,0.826262,0.600865,0.685008,0.382439,0.557760,0.759485,0.717862,0.596373,0.623933,0.825169,0.727880,0.697096,0.645340,0.639676,0.766884,0.774869,0.572580,0.626384,0.556317,0.637842,0.531447,0.549191,0.676468,0.656416,0.797394,0.533016,0.662115,0.477697,0.803506,0.472604,0.738423,0.500684,0.642968,0.741388,0.595254
0.592649,0.589775,0.666359,0.702611,0.646633,0.573445,0.536421,0.729539,0.648486,0.645743,0.523064,0.618155,0.768709,0.595468,0.747560,0.753734,0.723726,0.677960,0.692047,0.586413,0.669720,0.692365,0.623556,0.745140,0.711689,0.690609,0.650999,0.768765,0.737494,0.698325,0.692226,0.684275,0.759999,0.696013,0.778474,0.614378,0.536906,0.709943,0.628182,0.686798,0.732210,0.635074,0.770545,0.656092,0.582268,0.735594,0.725504,0.675148,0.780309,0.574285,0.661120,0.640043,0.749482,0.816515,0.647944,0.774110,0.690550,0.734809,0.614203,0.725326,0.749749,0.707491,0.799907,0.684245,0.668408,0.731788,0.736246,0.751824,0.736832,0.574965,0.689361,0.746751,0.631586,0.715684,0.702486,0.692506,0.613020,0.697554,0.696003,0.645528,0.621397,0.687769,0.744282,0.729949,0.783025,0.602680,0.700360,0.727107,0.705789,0.668079,0.627946,0.706329,0.657704,0.693135,0.795706,0.616121,0.776618,0.779119,0.796338,0.604908,0.665805,0.672006,0.633813,0.690149,0.744144,0.668460,0.764368,0.625129,0.786470,0.645066,0.768696,0.802776,0.669217,0.582917,0.716454,0.787370,0.817081,0.673349,0.682831,0.722453,0.707966,0.794277,0.736609,0.790196,0.652159,0.755470,0.691663,0.607868,0.683730,0.709003,0.719177,0.673265,0.722807,0.704617,0.634825,0.692722,0.785752,0.741283,0.751734,0.659699,0.712172,0.775265,0.769583,0.563220,0.786926,0.705044,0.667728,0.741384,0.668002,0.731408,0.762656,0.762236,0.814013,0.801870,0.794154,0.738696,0.621571,0.721735,0.736593,0.667436,0.686150,0.730703,0.780515,0.791757,0.743994,0.693995,0.733953,0.792036,0.729743,0.770758,0.686848,0.738398,0.817558,0.686822,0.835644,0.712686,0.794843,0.738397,0.623156,0.715686,0.783733,0.721972,0.677693,0.645025,0.761693,0.593952,0.763740,0.678040,0.733168,0.668726,0.781484,0.764227,0.784074,0.727044,0.786919,0.709545,0.789818,0.781835,0.601850,0.679102,0.740127,0.719936,0.727655,0.751842,0.786633,0.644063,0.720885,0.809519,0.813969,0.656239,0.766776,0.775929,0.756404,0.735133,0.709500,0.820667,0.755728,0.822377,0.728870,0.806029,0.818817,0.688883,0.781995,0.752549,0.769691,0.685561,0.785566,0.839735,0.753737,0.750692,0.749917,0.748426,0.754236,0.720859,0.775219,0.816275,0.643492,0.881520,0.663151,0.758178,0.777106,0.797384,0.713259,0.720901,0.801017,0.756281,0.607215,0.731696,0.656126,0.726841,0.687593,0.690769,0.695132,0.771943,0.799795,0.747878,0.699371,0.731462,0.764034,0.682143,0.800900,0.850078,0.796632,0.695316,0.753380,0.761959,0.772550,0.765376,0.713268,0.769885,0.614229,0.740442,0.801554,0.659579,0.707289,0.802368,0.729641,0.722443,0.734552,0.717657,0.713809,0.621406,0.832122,0.811808,0.789511,0.810483,0.816288,0.666900,0.822849,0.833002,0.732672,0.628245,0.795875,0.785159,0.609558,0.793620,0.578469,0.635102,0.749349,0.786226,0.772437,0.683294,0.776460,0.765062,0.751552,0.730565,0.840107,0.647823,0.783871,0.602701,0.754311,0.621506,0.834488,0.671074,0.640851,0.796159,0.832803,0.748823,0.818625,0.784560,0.757023,0.623321,0.610234,0.608878,0.667342,0.768380,0.738349,0.766163,0.701430,0.819065,0.655665,0.714535,0.676555,0.777287,0.668089,0.587117,0.845287,0.712151,0.701583,0.874986,0.775966,0.758809,0.768464,0.794822,0.834902,0.663078,0.692507,0.798378,0.661149,0.681806,0.678314,0.796671,0.815044,0.648973,0.748318,0.578105,0.725580,0.705989,0.734051,0.684527,0.667291,0.816216,0.824352,0.597622,0.619575,0.847752,0.628192,0.866307,0.836146,0.696535,0.766877,0.682108,0.790018,0.798923,0.816044,0.776061,0.604872,0.780890,0.806576,0.751597,0.767758,0.751245,0.725301,0.681355,0.658602,0.623738,0.763245,0.774529,0.733834,0.755825,0.837558,0.644891,0.802998,0.737011,0.761510,0.826405,0.697022,0.661341,0.657247,0.824911,0.000000,0.662338,0.739738,0.783193,0.788754,0.635034,0.661111,0.784478,0.701140,0.721168,0.728646,0.693196,0.727232,0.773869,0.700639,0.782365,0.765514,0.696755,0.722805,0.618836,0.661844,0.769377,0.764619,0.723051,0.859962,0.770740,0.787153,0.742220,0.726621,0.780348,0.662901,0.788653,0.725312,0.558733,0.788381,0.827902,0.734092,0.565556,0.779851,0.709852,0.681790,0.648682,0.809259,0.705961,0.756541,0.756771,0.730883,0.761530,0.844710,0.705260,0.796028,0.541874,0.574131,0.664076,0.734596,0.801542,0.742578,0.812297,0.764007,0.723716,0.711675,0.782018,0.775782,0.594522,0.676290,0.686441,0.617008,0.727432,0.778614,0.809480,0.735821,0.828386,0.819236,0.813822,0.767681,0.686571,0.802295,0.798507,0.620479,0.796425,0.725435,0.824982,0.691456,0.791531,0.681968,0.814228,0.779150,0.771021,0.784993,0.730982,0.711145,0.803537,0.795785,0.669092,0.589150,0.854640,0.763755,0.870753,0.599922,0.823765,0.684304
0.592816,0.546286,0.646423,0.683315,0.537114,0.520555,0.478838,0.633006,0.507305,0.478133,0.478165,0.515722,0.601951,0.546600,0.572013,0.580427,0.586919,0.580626,0.556669,0.638555,0.517385,0.655637,0.388729,0.541627,0.477314,0.601412,0.617965,0.672759,0.628814,0.579979,0.704223,0.603517,0.697305,0.632714,0.664669,0.312061,0.539760,0.538837,0.522165,0.576426,0.626969,0.644756,0.692852,0.725211,0.508766,0.720791,0.522643,0.622785,0.667420,0.464273,0.639232,0.699161,0.640771,0.738693,0.566144,0.705166,0.672450,0.522330,0.701860,0.647905,0.666313,0.612782,0.744663,0.548355,0.547668,0.577734,0.667980,0.677619,0.539721,0.721942,0.530489,0.653420,0.502259,0.551977,0.584486,0.532297,0.533975,0.542980,0.554911,0.600748,0.626166,0.562842,0.645675,0.719938,0.673661,0.286921,0.628855,0.648625,0.637652,0.624650,0.271576,0.530780,0.498620,0.535060,0.709038,0.263337,0.709068,0.680661,0.671527,0.319769,0.522840,0.606974,0.495810,0.586488,0.687478,0.452261,0.702310,0.475898,0.663041,0.411846,0.729953,0.673554,0.585917,0.435566,0.595164,0.729107,0.803093,0.650720,0.478615,0.425473,0.603530,0.764996,0.665134,0.706586,0.486527,0.684733,0.707153,0.565323,0.563966,0.553061,0.644585,0.610822,0.429220,0.468015,0.516851,0.598153,0.669581,0.623925,0.610042,0.502623,0.149075,0.710948,0.663314,0.318213,0.719192,0.770534,0.549160,0.662673,0.714770,0.730517,0.680463,0.706700,0.656372,0.661100,0.592641,0.608492,0.411024,0.690798,0.581398,0.604022,0.730208,0.700867,0.657337,0.735736,0.651648,0.614435,0.635977,0.647553,0.536082,0.652369,0.599039,0.671631,0.789651,0.535854,0.617182,0.668561,0.750939,0.756821,0.651353,0.680825,0.802637,0.648138,0.482086,0.584618,0.692142,0.652726,0.645387,0.576250,0.683967,0.450773,0.640983,0.696685,0.612274,0.494350,0.689622,0.619432,0.581903,0.593409,0.671000,0.702589,0.731754,0.707312,0.688777,0.667344,0.650860,0.561227,0.735850,0.575343,0.656834,0.713089,0.742974,0.748412,0.708576,0.739873,0.766981,0.759538,0.713329,0.796601,0.645969,0.767620,0.677489,0.754154,0.665746,0.633818,0.659898,0.585964,0.726241,0.810836,0.712184,0.677606,0.504917,0.622186,0.599983,0.730222,0.713130,0.578981,0.459669,0.761388,0.678201,0.692078,0.673767,0.715353,0.832306,0.514616,0.596612,0.675235,0.584067,0.621312,0.793366,0.601615,0.431609,0.636410,0.523621,0.729598,0.675905,0.688896,0.698642,0.592909,0.658977,0.715105,0.777851,0.706368,0.709038,0.506258,0.743739,0.609480,0.645201,0.736131,0.677178,0.601400,0.427731,0.520698,0.737432,0.718814,0.712886,0.711707,0.623210,0.479100,0.716551,0.614262,0.773631,0.688754,0.847013,0.715650,0.514856,0.665031,0.730729,0.534270,0.676265,0.658338,0.640943,0.722842,0.693423,0.707157,0.543935,0.546358,0.464640,0.700832,0.712448,0.701073,0.643136,0.530870,0.564696,0.523640,0.736378,0.493791,0.654585,0.727085,0.631423,0.702515,0.710636,0.213298,0.627067,0.674660,0.694593,0.818478,0.706255,0.700956,0.702997,0.644534,0.666753,0.666798,0.501480,0.584487,0.660448,0.810020,0.728696,0.602776,0.601874,0.624406,0.761396,0.812082,0.714971,0.661706,0.656861,0.531584,0.784325,0.491568,0.835397,0.790575,0.705172,0.746220,0.773379,0.656673,0.823119,0.588474,0.488760,0.763885,0.675681,0.712775,0.732585,0.798122,0.606759,0.493283,0.664457,0.689101,0.753430,0.596516,0.675274,0.724386,0.721768,0.691433,0.837494,0.394366,0.485450,0.663889,0.663738,0.753160,0.728214,0.649481,0.788551,0.779604,0.746388,0.717511,0.748425,0.596462,0.664548,0.689938,0.727800,0.700149,0.680729,0.612642,0.593791,0.436580,0.650608,0.650277,0.637507,0.769068,0.772530,0.687823,0.748571,0.430938,0.732984,0.616402,0.708854,0.729558,0.654751,0.560438,0.390293,0.696915,0.662338,0.000000,0.661665,0.502392,0.544375,0.611584,0.642588,0.630120,0.614774,0.639207,0.726062,0.754868,0.554182,0.679761,0.603506,0.498724,0.560440,0.739875,0.655711,0.678995,0.635791,0.671834,0.817082,0.512236,0.689195,0.635145,0.551097,0.816483,0.673689,0.765637,0.712468,0.824689,0.741096,0.627126,0.545236,0.766746,0.692714,0.703185,0.675666,0.563581,0.740399,0.695173,0.691693,0.421775,0.812091,0.771767,0.726997,0.729170,0.676544,0.684996,0.794603,0.807445,0.429393,0.421287,0.736876,0.598088,0.801507,0.816122,0.764409,0.702895,0.575692,0.740484,0.748742,0.692713,0.714248,0.600025,0.654968,0.636338,0.739294,0.650588,0.738569,0.790931,0.674119,0.655580,0.660036,0.767077,0.542433,0.612077,0.598798,0.762037,0.698576,0.838453,0.705192,0.657658,0.677512,0.791437,0.709480,0.810494,0.712598,0.704887,0.617153,0.677279,0.796771,0.579761,0.733278,0.642239,0.731343,0.756223,0.618767,0.656791,0.721628
0.593382,0.517842,0.363676,0.515507,0.360816,0.512270,0.560743,0.337744,0.558388,0.414719,0.581937,0.523047,0.647513,0.466989,0.591002,0.387463,0.313297,0.612785,0.265860,0.767274,0.478263,0.463810,0.426508,0.451047,0.340847,0.472710,0.435804,0.379168,0.356054,0.434662,0.724104,0.444684,0.630588,0.716405,0.308353,0.595723,0.450436,0.515757,0.594479,0.409036,0.430440,0.707424,0.707765,0.583642,0.706526,0.621618,0.428054,0.484122,0.447397,0.591987,0.428081,0.759690,0.647447,0.724488,0.350449,0.639467,0.368211,0.389733,0.554109,0.483468,0.637074,0.458792,0.656677,0.661260,0.501808,0.232728,0.338594,0.593452,0.687262,0.672044,0.697772,0.695852,0.543268,0.570122,0.743662,0.717444,0.412409,0.404118,0.414291,0.566997,0.762540,0.417544,0.511442,0.698392,0.308963,0.709866,0.558168,0.290583,0.797316,0.550084,0.613416,0.323827,0.507228,0.197582,0.758687,0.721939,0.763571,0.681685,0.524774,0.552656,0.337661,0.715613,0.328246,0.397434,0.754543,0.382789,0.624247,0.381671,0.276990,0.561810,0.840420,0.391692,0.585279,0.515943,0.329365,0.426870,0.775172,0.854336,0.485885,0.291795,0.472823,0.380419,0.370833,0.659508,0.439813,0.359550,0.408894,0.397163,0.684330,0.521688,0.320270,0.727354,0.592301,0.410629,0.561556,0.266281,0.670900,0.683384,0.776809,0.375627,0.657878,0.671085,0.336272,0.684597,0.458429,0.593914,0.457436,0.680385,0.881962,0.796038,0.292386,0.674349,0.355202,0.352425,0.460085,0.354938,0.504173,0.777419,0.485835,0.700489,0.781474,0.410323,0.456317,0.307683,0.567262,0.439016,0.314197,0.676486,0.360721,0.445058,0.606585,0.521137,0.715125,0.663563,0.613906,0.553845,0.816242,0.504578,0.423224,0.669198,0.639281,0.796339,0.660228,0.343337,0.342535,0.746299,0.686032,0.640788,0.797363,0.678586,0.442503,0.311727,0.770128,0.748972,0.588634,0.259029,0.402218,0.329675,0.770748,0.433034,0.651331,0.678068,0.749474,0.261584,0.805162,0.578353,0.783184,0.379042,0.582005,0.652572,0.758316,0.444192,0.648534,0.725382,0.723602,0.330483,0.413073,0.874923,0.372021,0.608903,0.764624,0.513164,0.696241,0.343890,0.414631,0.424135,0.342225,0.769941,0.547612,0.705719,0.737983,0.650402,0.348161,0.610550,0.505479,0.393726,0.639459,0.641711,0.708162,0.317784,0.336175,0.392370,0.657066,0.596679,0.409035,0.745599,0.697848,0.348057,0.661716,0.448719,0.487657,0.572619,0.693959,0.669644,0.699398,0.349170,0.749349,0.761321,0.559430,0.746762,0.759322,0.808436,0.374736,0.557604,0.781462,0.346882,0.351045,0.517631,0.743820,0.378513,0.532684,0.262664,0.448629,0.776675,0.792952,0.343528,0.720802,0.454322,0.374828,0.332267,0.793384,0.634949,0.760529,0.326149,0.558015,0.399575,0.776057,0.523898,0.382755,0.745508,0.690588,0.814325,0.807348,0.518257,0.564415,0.375695,0.661203,0.823524,0.427717,0.469192,0.436221,0.584569,0.600701,0.470673,0.446802,0.701088,0.671947,0.538064,0.269543,0.767786,0.337801,0.538864,0.349637,0.439480,0.719605,0.574223,0.589676,0.279912,0.418389,0.735515,0.288212,0.784052,0.688910,0.342883,0.820832,0.781470,0.661980,0.396007,0.799958,0.592876,0.705045,0.716004,0.638531,0.367820,0.646064,0.514402,0.751768,0.416265,0.788595,0.455443,0.455123,0.751236,0.497377,0.727618,0.741539,0.823377,0.408425,0.681590,0.351956,0.864082,0.863349,0.757830,0.658537,0.731964,0.630893,0.811412,0.889883,0.483993,0.454877,0.876664,0.766034,0.586749,0.604837,0.513216,0.734033,0.377060,0.743415,0.743939,0.734588,0.753311,0.598136,0.647109,0.434123,0.363445,0.866670,0.637713,0.720889,0.331366,0.348790,0.598343,0.308440,0.419709,0.747681,0.540505,0.442375,0.593591,0.462756,0.669940,0.764640,0.367348,0.718932,0.615128,0.822165,0.280463,0.608016,0.758745,0.379508,0.752066,0.677188,0.416244,0.739738,0.661665,0.000000,0.602307,0.336724,0.702872,0.727734,0.241800,0.697852,0.712208,0.795534,0.668894,0.790688,0.338777,0.578581,0.600888,0.587058,0.471447,0.766722,0.862261,0.770517,0.629774,0.842434,0.694100,0.410376,0.450052,0.777975,0.617440,0.467974,0.774363,0.778242,0.590670,0.865138,0.733028,0.349499,0.732712,0.902476,0.663208,0.649477,0.706483,0.632657,0.695795,0.670387,0.631783,0.719737,0.549351,0.689038,0.459579,0.539769,0.680555,0.460738,0.694410,0.671153,0.599679,0.679140,0.624500,0.408855,0.828072,0.777581,0.840123,0.643243,0.415282,0.645966,0.748361,0.791912,0.665348,0.835622,0.625664,0.755391,0.469893,0.521584,0.701754,0.771230,0.673570,0.542011,0.882543,0.705192,0.671506,0.701569,0.728715,0.671814,0.827309,0.591236,0.533139,0.410203,0.600891,0.462673,0.418833,0.689012,0.665505,0.726715,0.674530,0.713163,0.564445,0.833122,0.367791,0.729347,0.488760,0.427183,0.748446,0.596959
0.593405,0.536016,0.641290,0.684056,0.583147,0.618585,0.605043,0.607063,0.609727,0.565697,0.662134,0.643771,0.502957,0.593614,0.466006,0.484059,0.492426,0.692488,0.496188,0.670971,0.506874,0.614909,0.492570,0.545400,0.528522,0.686449,0.491133,0.551382,0.526214,0.470417,0.680710,0.605169,0.648326,0.572724,0.496586,0.591644,0.542418,0.423551,0.657729,0.611974,0.414129,0.718797,0.655868,0.738793,0.679339,0.663090,0.535414,0.499337,0.525216,0.571197,0.684136,0.761020,0.509623,0.694954,0.652194,0.548098,0.563773,0.530892,0.676447,0.658804,0.547680,0.676159,0.674339,0.680190,0.630791,0.492156,0.603897,0.546282,0.457657,0.712697,0.626434,0.540581,0.610607,0.571580,0.519079,0.603214,0.609038,0.522374,0.569629,0.630748,0.805609,0.623475,0.546255,0.668088,0.596862,0.588592,0.679573,0.616514,0.544177,0.656718,0.542122,0.543350,0.550369,0.508050,0.668175,0.603044,0.625847,0.538689,0.614184,0.515122,0.548430,0.587011,0.498821,0.613029,0.641385,0.559878,0.651373,0.576342,0.535602,0.628213,0.750384,0.550361,0.593889,0.547069,0.516442,0.630397,0.754912,0.586713,0.583641,0.459556,0.551572,0.723561,0.543112,0.603779,0.434174,0.539676,0.730473,0.448828,0.586579,0.566649,0.563818,0.733610,0.595620,0.420427,0.596017,0.573639,0.521244,0.576468,0.656347,0.450425,0.585346,0.598712,0.647699,0.533169,0.708380,0.621930,0.678919,0.550808,0.749138,0.645538,0.594132,0.611542,0.550481,0.516730,0.534133,0.574178,0.532517,0.806954,0.602202,0.641083,0.778129,0.704150,0.596112,0.606189,0.617794,0.499763,0.630073,0.694692,0.510215,0.598925,0.649076,0.467766,0.699631,0.639050,0.451676,0.712703,0.740984,0.610108,0.565879,0.623302,0.776310,0.616490,0.664334,0.583084,0.623563,0.713009,0.467594,0.727502,0.732980,0.602438,0.520205,0.662782,0.572493,0.584290,0.726748,0.507621,0.479779,0.482913,0.794455,0.706759,0.665319,0.652565,0.693533,0.553364,0.689256,0.679369,0.755017,0.479331,0.560758,0.718681,0.688883,0.552561,0.587323,0.644719,0.839342,0.617795,0.587896,0.774121,0.654264,0.637058,0.566791,0.665365,0.478697,0.606631,0.630393,0.615754,0.660844,0.708469,0.578138,0.601050,0.536673,0.620662,0.550402,0.709602,0.611009,0.562381,0.651964,0.716519,0.818032,0.667569,0.544138,0.512130,0.773140,0.468768,0.527921,0.579392,0.644662,0.515735,0.744845,0.609256,0.480760,0.582391,0.644637,0.769608,0.478545,0.629597,0.803272,0.587739,0.572008,0.730525,0.705697,0.552852,0.656842,0.509400,0.750733,0.512444,0.683334,0.713363,0.607675,0.588431,0.604012,0.478028,0.703671,0.752777,0.745398,0.669963,0.657810,0.516757,0.663712,0.541465,0.628790,0.701484,0.733424,0.615528,0.549808,0.633300,0.658378,0.496910,0.611649,0.553248,0.616153,0.775782,0.614261,0.732970,0.651153,0.493361,0.466091,0.754181,0.637431,0.623669,0.546046,0.546589,0.431882,0.520648,0.776759,0.531868,0.568086,0.707524,0.578454,0.769109,0.629243,0.491102,0.525434,0.701462,0.680600,0.654644,0.588062,0.648410,0.544363,0.512310,0.659694,0.705170,0.657455,0.605740,0.648208,0.757831,0.500997,0.562328,0.657439,0.441833,0.801746,0.627926,0.620879,0.643833,0.651008,0.619386,0.690669,0.514041,0.828770,0.712194,0.628287,0.779028,0.745524,0.547253,0.784274,0.656433,0.563513,0.683934,0.589819,0.750591,0.776797,0.731309,0.582196,0.677050,0.591678,0.737126,0.787057,0.639933,0.653007,0.775941,0.758675,0.563700,0.697034,0.530780,0.646223,0.564149,0.681243,0.614625,0.717661,0.485228,0.730824,0.758972,0.666313,0.625095,0.784177,0.610507,0.639771,0.570653,0.674164,0.670611,0.608881,0.644888,0.740203,0.481290,0.640774,0.645468,0.626833,0.594905,0.808858,0.630985,0.764439,0.570200,0.683893,0.591623,0.712471,0.511288,0.658167,0.723967,0.499874,0.592594,0.783193,0.502392,0.602307,0.000000,0.574584,0.780950,0.633081,0.552865,0.747677,0.696964,0.535498,0.862198,0.639349,0.643959,0.708786,0.541505,0.524114,0.771232,0.750884,0.814289,0.754259,0.605030,0.849224,0.597131,0.618353,0.521672,0.550795,0.693860,0.523372,0.679008,0.752877,0.743343,0.859355,0.771420,0.514761,0.702336,0.736116,0.734112,0.659314,0.539502,0.614441,0.818774,0.757755,0.500776,0.679957,0.650839,0.668822,0.736580,0.543486,0.663448,0.745054,0.853511,0.636471,0.549257,0.660479,0.470032,0.720983,0.757208,0.653980,0.805240,0.593570,0.669173,0.751832,0.754848,0.771765,0.579232,0.795104,0.685882,0.674518,0.523851,0.609457,0.736043,0.492842,0.235260,0.678053,0.887532,0.621509,0.478672,0.660489,0.633920,0.613463,0.705921,0.603124,0.494782,0.585965,0.683294,0.510171,0.708409,0.679140,0.646772,0.728673,0.690519,0.589632,0.610471,0.759918,0.484084,0.710923,0.691943,0.561518,0.474491,0.548343
0.593546,0.519149,0.362864,0.493390,0.325054,0.496477,0.559599,0.334850,0.605269,0.438394,0.576219,0.456963,0.659838,0.455811,0.592498,0.313818,0.296585,0.590462,0.293094,0.735595,0.482517,0.449564,0.449517,0.372819,0.365675,0.457078,0.462363,0.377007,0.365380,0.478713,0.806087,0.460344,0.670058,0.728164,0.389793,0.585304,0.489273,0.426113,0.590334,0.404578,0.387081,0.759445,0.670439,0.719989,0.705197,0.701952,0.335896,0.505692,0.415057,0.546481,0.458125,0.802228,0.643298,0.750888,0.383961,0.658382,0.426564,0.321024,0.607964,0.540742,0.634555,0.494143,0.691657,0.650120,0.494574,0.305951,0.341149,0.617654,0.680698,0.741239,0.690419,0.670381,0.595756,0.514442,0.730540,0.759807,0.463458,0.375767,0.430786,0.603741,0.720780,0.386715,0.375787,0.782931,0.323400,0.650157,0.527254,0.324341,0.750786,0.554828,0.628430,0.289204,0.435364,0.316516,0.703874,0.639797,0.753762,0.685336,0.459971,0.513636,0.368379,0.697789,0.309328,0.366425,0.728016,0.362785,0.713344,0.341488,0.347132,0.553567,0.850601,0.316178,0.534117,0.460097,0.313233,0.389963,0.831970,0.769310,0.447032,0.337861,0.422479,0.427092,0.344522,0.711762,0.414603,0.362799,0.409298,0.489059,0.635489,0.459747,0.279910,0.596158,0.569828,0.353425,0.581042,0.296230,0.640090,0.726571,0.705095,0.443270,0.636691,0.700021,0.345678,0.625277,0.459534,0.687563,0.457481,0.606267,0.852499,0.780532,0.318144,0.698210,0.272089,0.316267,0.479779,0.402938,0.452062,0.772270,0.504815,0.652413,0.780738,0.520538,0.417451,0.326392,0.618643,0.557198,0.333109,0.731664,0.308612,0.453730,0.587261,0.445771,0.762593,0.536633,0.683818,0.491487,0.812103,0.500594,0.455877,0.720381,0.618528,0.759627,0.550193,0.417467,0.354744,0.793225,0.665822,0.568751,0.849343,0.627260,0.366839,0.334589,0.785221,0.787379,0.589545,0.304388,0.300231,0.354213,0.774873,0.495494,0.740587,0.714999,0.746285,0.285099,0.848777,0.594024,0.765768,0.443226,0.602916,0.678893,0.737202,0.533070,0.682466,0.679092,0.661694,0.385724,0.464541,0.900833,0.474677,0.645597,0.771627,0.510092,0.696712,0.265147,0.409472,0.402315,0.382366,0.913894,0.508459,0.647110,0.772077,0.660532,0.332866,0.552914,0.541814,0.350474,0.622765,0.572814,0.673470,0.354751,0.301905,0.420082,0.730327,0.582956,0.388339,0.729914,0.717017,0.333517,0.745206,0.393853,0.464128,0.563407,0.628853,0.600685,0.712578,0.355248,0.737810,0.680121,0.602379,0.728448,0.832133,0.799392,0.377740,0.514499,0.753033,0.337225,0.413048,0.490440,0.748514,0.379315,0.505217,0.305528,0.447965,0.688504,0.808661,0.409144,0.682392,0.429643,0.408272,0.281228,0.852492,0.575204,0.770239,0.350680,0.508352,0.394363,0.793781,0.459857,0.351384,0.721390,0.752509,0.788042,0.868690,0.548879,0.549035,0.279933,0.672354,0.803652,0.435507,0.401257,0.458124,0.633038,0.604674,0.483473,0.521285,0.704184,0.654171,0.583087,0.328431,0.725108,0.303673,0.477773,0.335749,0.533702,0.750160,0.608826,0.578997,0.333318,0.453936,0.771234,0.451653,0.820851,0.670735,0.421242,0.795952,0.851948,0.640404,0.330343,0.782935,0.621178,0.708072,0.751579,0.760944,0.335642,0.731621,0.536016,0.781507,0.361069,0.751370,0.461091,0.437493,0.879553,0.578378,0.680291,0.825051,0.755686,0.367007,0.777792,0.389231,0.827436,0.841176,0.774338,0.610676,0.599650,0.595510,0.766205,0.815914,0.433725,0.521605,0.767340,0.754887,0.535157,0.672168,0.453221,0.729576,0.295505,0.727078,0.755795,0.779410,0.768696,0.652180,0.788128,0.447015,0.387749,0.869865,0.607208,0.646088,0.334081,0.384249,0.688341,0.348680,0.486839,0.729048,0.491816,0.487302,0.622041,0.489823,0.717471,0.761171,0.389539,0.729796,0.525805,0.820823,0.285628,0.606933,0.741360,0.400527,0.625554,0.589015,0.423348,0.788754,0.544375,0.336724,0.574584,0.000000,0.703161,0.683117,0.262167,0.669320,0.728818,0.759877,0.745669,0.755319,0.380761,0.611492,0.623293,0.589211,0.461376,0.750887,0.847107,0.791211,0.649050,0.828359,0.694350,0.318582,0.415246,0.777205,0.648111,0.421835,0.835361,0.704780,0.624982,0.877388,0.701663,0.381007,0.722407,0.739335,0.659729,0.631706,0.726960,0.688113,0.780608,0.687376,0.592500,0.692314,0.631408,0.731169,0.530659,0.481222,0.622268,0.542816,0.797071,0.624030,0.551950,0.712331,0.594552,0.539960,0.922045,0.837878,0.824099,0.704660,0.415818,0.632607,0.786852,0.822834,0.702868,0.794701,0.615266,0.820196,0.395627,0.549020,0.761664,0.822721,0.672163,0.483792,0.833202,0.645280,0.653684,0.688428,0.698690,0.669200,0.801918,0.592991,0.594496,0.494368,0.483423,0.481417,0.515174,0.742570,0.631643,0.734604,0.689521,0.741062,0.503277,0.832048,0.376546,0.798588,0.474778,0.508739,0.811522,0.610568
0.594073,0.664766,0.701411,0.658060,0.748471,0.606563,0.491595,0.707998,0.541581,0.658844,0.504592,0.692630,0.711531,0.696477,0.706927,0.719835,0.751075,0.636250,0.698429,0.605848,0.607398,0.771215,0.538284,0.640904,0.609948,0.731249,0.641460,0.785291,0.709392,0.731360,0.669381,0.739545,0.776453,0.713009,0.759459,0.530448,0.649381,0.690214,0.563919,0.688988,0.770467,0.535805,0.721469,0.652181,0.564571,0.724168,0.651733,0.800837,0.760094,0.552682,0.675283,0.695330,0.706617,0.812932,0.716843,0.800033,0.747519,0.673207,0.814554,0.600097,0.789121,0.752656,0.750052,0.449273,0.678022,0.700052,0.774577,0.745227,0.732422,0.678388,0.643428,0.775668,0.443754,0.721027,0.700648,0.607578,0.622130,0.615101,0.743670,0.606031,0.642363,0.672454,0.706490,0.818081,0.814935,0.542124,0.714625,0.771398,0.747583,0.544533,0.605240,0.683949,0.731081,0.680874,0.761781,0.567142,0.742887,0.753420,0.745525,0.577213,0.703247,0.688644,0.741829,0.695894,0.714108,0.752077,0.743679,0.701473,0.764296,0.471197,0.714521,0.798529,0.564964,0.656048,0.766002,0.800277,0.866069,0.722218,0.622748,0.630195,0.675937,0.828436,0.806789,0.761196,0.697354,0.741224,0.666642,0.627275,0.710669,0.658516,0.768370,0.534752,0.585529,0.704188,0.602357,0.747020,0.787014,0.648388,0.641421,0.634393,0.615891,0.766651,0.766845,0.502384,0.769944,0.774938,0.640258,0.747528,0.710764,0.713672,0.823998,0.797983,0.754923,0.817827,0.667569,0.757610,0.617075,0.624129,0.714097,0.604612,0.697903,0.771971,0.716878,0.785291,0.673757,0.586552,0.763979,0.622313,0.711197,0.789517,0.644540,0.764322,0.819774,0.647447,0.728700,0.417295,0.699051,0.721598,0.684841,0.785257,0.861287,0.720580,0.537632,0.692754,0.846137,0.682166,0.790659,0.611459,0.646710,0.596469,0.720937,0.753116,0.696412,0.537009,0.758652,0.730700,0.754334,0.713685,0.604794,0.706022,0.787270,0.726117,0.575702,0.784151,0.653962,0.429511,0.736560,0.682664,0.788707,0.682616,0.765737,0.740310,0.769926,0.751207,0.753738,0.827223,0.721446,0.768984,0.679449,0.840057,0.736372,0.772158,0.760411,0.651745,0.785180,0.765081,0.814976,0.812989,0.726073,0.710415,0.551863,0.666037,0.836844,0.749480,0.806971,0.705288,0.536997,0.741349,0.809093,0.767122,0.780585,0.769623,0.699504,0.760435,0.727591,0.736925,0.552472,0.766658,0.718535,0.661482,0.724830,0.789065,0.616930,0.604776,0.710555,0.791382,0.634965,0.725858,0.743475,0.782935,0.730143,0.818681,0.816720,0.762358,0.740985,0.803036,0.740371,0.900606,0.751192,0.819505,0.537081,0.732229,0.777729,0.785688,0.750171,0.787102,0.543234,0.735595,0.867652,0.704454,0.721052,0.772875,0.823357,0.816894,0.598939,0.752475,0.767643,0.706415,0.726662,0.719465,0.735889,0.690047,0.801703,0.779045,0.483786,0.821016,0.596188,0.688738,0.775928,0.831917,0.770901,0.656319,0.734071,0.686001,0.756109,0.591161,0.787744,0.790600,0.752864,0.753014,0.790249,0.587011,0.661119,0.688598,0.711293,0.804623,0.789637,0.754319,0.829796,0.851358,0.623981,0.713776,0.531187,0.634236,0.763510,0.773384,0.789220,0.717972,0.715378,0.774199,0.829116,0.847945,0.635257,0.778252,0.633161,0.508717,0.823277,0.658330,0.723070,0.871880,0.818612,0.421154,0.769777,0.755582,0.810795,0.721399,0.715899,0.726384,0.746070,0.724495,0.765086,0.775877,0.621176,0.636189,0.713765,0.682592,0.746773,0.478603,0.695854,0.688026,0.704431,0.814251,0.884996,0.580683,0.600811,0.794172,0.692230,0.844570,0.781812,0.605822,0.744598,0.776851,0.785963,0.867159,0.753790,0.582300,0.757544,0.817650,0.828756,0.700142,0.821607,0.582959,0.672437,0.638063,0.667627,0.691789,0.806087,0.801818,0.693442,0.832297,0.773431,0.635614,0.715166,0.748385,0.622482,0.845760,0.782416,0.639348,0.686945,0.732476,0.635034,0.611584,0.702872,0.780950,0.703161,0.000000,0.711522,0.722765,0.583972,0.594143,0.749429,0.660581,0.707286,0.811967,0.604951,0.594920,0.704665,0.681960,0.622581,0.712766,0.530709,0.718391,0.792708,0.653989,0.802568,0.776019,0.569575,0.694738,0.861243,0.707712,0.827994,0.703198,0.745621,0.625279,0.650313,0.787714,0.684336,0.744173,0.714333,0.666643,0.837547,0.590589,0.772415,0.606059,0.835634,0.759116,0.783718,0.756204,0.800575,0.693219,0.803851,0.714555,0.540701,0.482592,0.787732,0.818767,0.759884,0.716768,0.763511,0.668566,0.661248,0.823230,0.757532,0.740825,0.604129,0.783636,0.752145,0.709264,0.717536,0.764616,0.772337,0.732082,0.796549,0.736868,0.798936,0.742571,0.698626,0.769365,0.679252,0.769061,0.691896,0.814318,0.602411,0.712911,0.749637,0.826259,0.756542,0.897184,0.769814,0.786745,0.637733,0.649621,0.784859,0.692088,0.779961,0.767888,0.615440,0.901715,0.699196,0.777401,0.769001
0.594295,0.527927,0.605917,0.739195,0.582934,0.486872,0.549244,0.673103,0.612981,0.474456,0.560029,0.514425,0.691772,0.579920,0.718496,0.626211,0.641687,0.561067,0.661952,0.641160,0.544720,0.671417,0.566010,0.646883,0.631123,0.596936,0.647855,0.756963,0.719473,0.708608,0.702071,0.551376,0.819638,0.737819,0.719384,0.575748,0.643659,0.591548,0.596438,0.581271,0.647204,0.726744,0.772758,0.747944,0.626702,0.769156,0.489531,0.660194,0.731492,0.605303,0.730521,0.701184,0.818223,0.907718,0.609865,0.713959,0.692885,0.638608,0.665618,0.665906,0.825767,0.707585,0.872226,0.647095,0.651822,0.684749,0.585713,0.762308,0.668699,0.637250,0.744059,0.774055,0.504023,0.522277,0.761370,0.686053,0.649330,0.664001,0.631164,0.604357,0.601135,0.531331,0.744683,0.833620,0.679630,0.565028,0.581354,0.686880,0.762925,0.718406,0.606449,0.646975,0.477132,0.696286,0.844329,0.568251,0.779447,0.802796,0.787249,0.566393,0.542530,0.646397,0.584515,0.694717,0.769580,0.565351,0.883325,0.563919,0.747343,0.650186,0.759986,0.676529,0.579196,0.504341,0.748264,0.746282,0.845427,0.503209,0.635689,0.650299,0.710144,0.725158,0.662195,0.796906,0.638065,0.695923,0.623808,0.684569,0.694923,0.634272,0.684786,0.484162,0.632441,0.670774,0.706852,0.660781,0.678592,0.667161,0.479243,0.725059,0.693916,0.846756,0.711563,0.604510,0.722801,0.878204,0.594281,0.676750,0.685205,0.756419,0.686963,0.777987,0.704268,0.662651,0.720055,0.681347,0.635292,0.672530,0.708461,0.683908,0.578351,0.745897,0.724387,0.721506,0.737921,0.790134,0.700872,0.796213,0.668211,0.770001,0.669854,0.742084,0.908271,0.581729,0.787699,0.661751,0.755506,0.669604,0.658924,0.674818,0.746499,0.640337,0.605375,0.697734,0.706186,0.709505,0.801968,0.589135,0.797850,0.658410,0.701234,0.710370,0.803130,0.764871,0.617688,0.666993,0.667244,0.691017,0.644551,0.748879,0.853953,0.812770,0.694710,0.683807,0.723267,0.716110,0.556860,0.780809,0.715859,0.743791,0.834329,0.783253,0.780630,0.634892,0.662657,0.727000,0.811616,0.746306,0.680970,0.837668,0.787023,0.745850,0.840240,0.657742,0.719105,0.657789,0.727543,0.869833,0.764486,0.553101,0.760529,0.721282,0.541294,0.640645,0.694212,0.778922,0.664582,0.827374,0.602358,0.786434,0.680111,0.750122,0.718230,0.660822,0.694466,0.826598,0.678514,0.730413,0.656884,0.643135,0.613774,0.683199,0.680747,0.644865,0.843147,0.732007,0.609448,0.678569,0.740654,0.653501,0.923694,0.781314,0.762977,0.532142,0.771115,0.639741,0.682845,0.743457,0.757643,0.495642,0.634975,0.630538,0.793945,0.688572,0.599909,0.775880,0.754681,0.656429,0.682314,0.599501,0.693453,0.696375,0.873588,0.713371,0.729210,0.711774,0.889164,0.637354,0.684127,0.844335,0.660354,0.728142,0.743019,0.618718,0.670921,0.627580,0.747392,0.579634,0.781539,0.758439,0.678788,0.766929,0.704546,0.635156,0.754336,0.762672,0.595073,0.653530,0.638659,0.657263,0.681403,0.628468,0.713807,0.750270,0.516639,0.873272,0.722036,0.708076,0.744537,0.779539,0.725441,0.488758,0.541729,0.718874,0.367897,0.817747,0.558204,0.673887,0.770410,0.753728,0.678068,0.771309,0.785498,0.698438,0.677397,0.676302,0.898052,0.610045,0.771403,0.800406,0.785691,0.745911,0.813006,0.726432,0.904693,0.657105,0.563390,0.896356,0.686952,0.656163,0.658328,0.826007,0.781913,0.640803,0.772760,0.492564,0.756228,0.621323,0.757130,0.717256,0.220881,0.716016,0.759648,0.636800,0.641449,0.716649,0.576917,0.865317,0.920070,0.799442,0.747210,0.809924,0.764222,0.719933,0.707841,0.738195,0.736219,0.667336,0.767767,0.866987,0.731220,0.606216,0.697969,0.504440,0.730302,0.610545,0.720661,0.780741,0.720845,0.695673,0.802559,0.641688,0.831414,0.676351,0.739022,0.736533,0.576483,0.701617,0.609878,0.725650,0.661111,0.642588,0.727734,0.633081,0.683117,0.711522,0.000000,0.696682,0.564643,0.755036,0.663360,0.748094,0.794582,0.749688,0.677090,0.729504,0.691912,0.718918,0.737881,0.589665,0.662348,0.656102,0.734610,0.715731,0.754090,0.693700,0.727912,0.565847,0.721881,0.895923,0.664853,0.883858,0.733025,0.487008,0.689876,0.877942,0.677924,0.611675,0.820741,0.579371,0.644883,0.731955,0.550429,0.694499,0.819650,0.796615,0.820578,0.778968,0.691849,0.809721,0.712860,0.730016,0.696207,0.587915,0.830918,0.678053,0.853588,0.933562,0.853639,0.618525,0.596904,0.772088,0.684744,0.583607,0.700570,0.520305,0.535072,0.766204,0.721401,0.634607,0.848835,0.931826,0.804117,0.744965,0.740535,0.737856,0.649764,0.721944,0.574245,0.752329,0.813106,0.875751,0.619514,0.664398,0.766899,0.774175,0.766464,0.805038,0.786315,0.697324,0.643056,0.750616,0.741615,0.584597,0.568185,0.723460,0.735844,0.717054,0.677786,0.797175,0.609607
0.594326,0.518191,0.372046,0.547732,0.354527,0.522452,0.630834,0.360786,0.637138,0.461253,0.649981,0.531644,0.621468,0.517194,0.545207,0.323321,0.342404,0.587884,0.316026,0.736000,0.474471,0.496923,0.507252,0.411901,0.417776,0.526149,0.413884,0.312699,0.348142,0.453859,0.721297,0.467724,0.641942,0.705141,0.326461,0.632120,0.512571,0.505585,0.672717,0.422196,0.376054,0.747122,0.688760,0.632843,0.748924,0.624145,0.369924,0.463723,0.386924,0.649110,0.485782,0.802859,0.656385,0.702423,0.427657,0.614144,0.384756,0.321878,0.559357,0.558583,0.596657,0.495868,0.676453,0.621562,0.552104,0.311621,0.264933,0.578666,0.686047,0.713577,0.758228,0.629512,0.575789,0.543412,0.716822,0.779479,0.477180,0.366058,0.430358,0.575202,0.778860,0.419563,0.543390,0.719868,0.254868,0.741571,0.515282,0.292796,0.762078,0.568364,0.640140,0.328757,0.436118,0.278282,0.736197,0.752123,0.731499,0.637432,0.547735,0.572690,0.344290,0.697527,0.345285,0.401789,0.700144,0.409370,0.655003,0.398045,0.250220,0.623060,0.815360,0.307950,0.558217,0.507612,0.310115,0.355764,0.772256,0.828626,0.530550,0.355308,0.492331,0.367953,0.309358,0.690880,0.483750,0.359097,0.366651,0.486232,0.620309,0.496385,0.293403,0.641047,0.571701,0.391719,0.616861,0.256257,0.603180,0.749347,0.739972,0.436685,0.672774,0.635148,0.321855,0.675271,0.407295,0.622526,0.438618,0.620946,0.902139,0.753217,0.259147,0.634828,0.268266,0.270600,0.393246,0.447849,0.529144,0.840162,0.457431,0.645247,0.771946,0.487777,0.436683,0.265685,0.602179,0.503698,0.315866,0.732023,0.280189,0.467729,0.609116,0.421788,0.728011,0.636619,0.606044,0.543784,0.799801,0.521789,0.415967,0.689581,0.633223,0.736994,0.596586,0.430352,0.308000,0.769088,0.623039,0.629945,0.812219,0.684974,0.388034,0.266203,0.744692,0.781054,0.559229,0.309202,0.344422,0.335336,0.747869,0.530671,0.714971,0.695794,0.718529,0.250124,0.783522,0.628119,0.777922,0.344405,0.537567,0.630289,0.746669,0.442329,0.608934,0.654893,0.679053,0.329808,0.359718,0.884740,0.449462,0.598165,0.743280,0.489908,0.631764,0.180300,0.424531,0.406328,0.335346,0.785272,0.502452,0.730803,0.770378,0.644162,0.261688,0.538416,0.468484,0.352986,0.681732,0.600524,0.693891,0.327099,0.289217,0.369145,0.697957,0.616855,0.301499,0.682030,0.725466,0.263724,0.696972,0.357235,0.421623,0.535408,0.645242,0.608877,0.669189,0.343148,0.779318,0.676317,0.486996,0.721227,0.746899,0.741644,0.363785,0.514238,0.716136,0.331626,0.377706,0.495597,0.652200,0.367192,0.600326,0.332119,0.423241,0.778825,0.791997,0.378622,0.725491,0.423999,0.360682,0.315017,0.796025,0.665103,0.724612,0.289935,0.601384,0.407030,0.740047,0.543833,0.326721,0.688866,0.666993,0.803363,0.778032,0.532490,0.584440,0.312371,0.626210,0.804480,0.391587,0.419463,0.346927,0.598858,0.557421,0.483227,0.557744,0.670655,0.614499,0.501042,0.307998,0.762192,0.186828,0.571312,0.282093,0.546323,0.767544,0.581813,0.539933,0.262426,0.393640,0.722505,0.369017,0.785694,0.717409,0.439649,0.796727,0.821838,0.573826,0.298765,0.742962,0.505840,0.713207,0.659362,0.663090,0.393498,0.664084,0.531148,0.719882,0.375416,0.833251,0.445325,0.411584,0.798824,0.595563,0.715532,0.796491,0.809956,0.395769,0.692792,0.424445,0.868545,0.824502,0.725377,0.607043,0.666272,0.584904,0.763714,0.856552,0.456008,0.518257,0.808568,0.742240,0.480461,0.610237,0.557257,0.802514,0.303572,0.759671,0.699788,0.707775,0.693476,0.605604,0.713272,0.419034,0.292531,0.853230,0.669414,0.701207,0.265364,0.370637,0.620256,0.286271,0.440176,0.701045,0.489605,0.478125,0.595670,0.499372,0.623648,0.755604,0.319541,0.725161,0.542889,0.785168,0.218954,0.577995,0.677918,0.340786,0.691092,0.673828,0.339622,0.784478,0.630120,0.241800,0.552865,0.262167,0.722765,0.696682,0.000000,0.697256,0.758626,0.686919,0.742415,0.773067,0.336883,0.674339,0.641448,0.547542,0.451333,0.705682,0.847543,0.802331,0.590901,0.819979,0.733961,0.340162,0.368147,0.791085,0.640212,0.412192,0.736558,0.742889,0.547702,0.830730,0.724699,0.356373,0.713030,0.819116,0.673147,0.642699,0.721976,0.566924,0.726657,0.646731,0.658008,0.678602,0.561620,0.698856,0.548326,0.443098,0.630645,0.478970,0.778076,0.682326,0.521257,0.606163,0.578112,0.447863,0.810791,0.726741,0.831189,0.631425,0.406107,0.595889,0.791166,0.789555,0.661042,0.833176,0.641023,0.713546,0.372784,0.480025,0.717509,0.704627,0.604333,0.543843,0.832802,0.652812,0.615114,0.709069,0.646689,0.694193,0.830628,0.599166,0.516476,0.486846,0.570488,0.475671,0.453374,0.667627,0.622110,0.789286,0.634783,0.635383,0.576940,0.845070,0.323687,0.695971,0.445888,0.505107,0.707818,0.578430
0.594381,0.659778,0.592481,0.634953,0.630233,0.407141,0.369149,0.626568,0.571957,0.435644,0.410933,0.522343,0.709471,0.482932,0.739680,0.639392,0.637184,0.473141,0.689912,0.514294,0.554147,0.707990,0.582529,0.571385,0.557799,0.612166,0.680612,0.696466,0.702103,0.740971,0.770141,0.695395,0.779091,0.780892,0.747219,0.362709,0.624008,0.537077,0.254230,0.563304,0.739529,0.620479,0.737124,0.752349,0.536218,0.821699,0.579881,0.759604,0.725081,0.411476,0.686289,0.523023,0.745710,0.761758,0.572182,0.863698,0.710833,0.652791,0.698124,0.569303,0.754251,0.723739,0.740899,0.489983,0.604743,0.660646,0.724788,0.775569,0.651695,0.625349,0.691402,0.757580,0.500861,0.600637,0.834944,0.642959,0.528924,0.660927,0.640123,0.487216,0.513536,0.520550,0.692608,0.762292,0.753536,0.512582,0.696543,0.685892,0.801235,0.416841,0.532545,0.590655,0.623442,0.732479,0.811369,0.511560,0.708538,0.794442,0.747710,0.536455,0.688200,0.727819,0.555804,0.704001,0.850873,0.620528,0.673452,0.584910,0.786593,0.496490,0.633849,0.781274,0.412913,0.465591,0.730012,0.688242,0.783819,0.684312,0.528369,0.616441,0.601043,0.790707,0.772178,0.866208,0.678307,0.671354,0.705565,0.705553,0.748082,0.555965,0.686707,0.425801,0.530673,0.627527,0.649175,0.687768,0.780658,0.586685,0.547781,0.704443,0.594040,0.887328,0.686302,0.559930,0.723367,0.871390,0.675534,0.799264,0.655598,0.816979,0.732817,0.855885,0.684316,0.725581,0.697297,0.680758,0.396453,0.484435,0.766042,0.578124,0.636375,0.599809,0.699330,0.728964,0.572814,0.743315,0.718817,0.627768,0.664076,0.831663,0.694602,0.774091,0.751261,0.424694,0.754172,0.494097,0.724401,0.649047,0.736080,0.639650,0.868961,0.775157,0.543438,0.684692,0.765669,0.597982,0.803754,0.562912,0.676112,0.504087,0.716696,0.625315,0.816583,0.634776,0.725392,0.701392,0.705377,0.741812,0.488519,0.733824,0.776162,0.689757,0.633067,0.727052,0.591588,0.508680,0.708496,0.767363,0.806983,0.682425,0.675640,0.833444,0.825169,0.754557,0.792239,0.753517,0.864812,0.654078,0.684994,0.802494,0.847879,0.755364,0.820070,0.608098,0.695697,0.721501,0.733024,0.793468,0.713399,0.697138,0.593626,0.743157,0.720530,0.770221,0.734102,0.780191,0.589092,0.777508,0.795380,0.751963,0.698112,0.858200,0.744980,0.697740,0.663958,0.907857,0.672092,0.653857,0.685846,0.508033,0.698550,0.827720,0.583301,0.650501,0.837140,0.809038,0.667265,0.698039,0.816293,0.699861,0.736695,0.779902,0.745530,0.632289,0.691753,0.695972,0.629148,0.864184,0.883817,0.679855,0.514636,0.640411,0.674750,0.679304,0.760488,0.742641,0.652032,0.783649,0.818708,0.638368,0.728986,0.752403,0.913896,0.737116,0.675033,0.692421,0.916853,0.575389,0.650007,0.853595,0.834401,0.716990,0.802853,0.703287,0.712221,0.693547,0.760899,0.639166,0.632738,0.747130,0.759515,0.848305,0.657442,0.523792,0.746744,0.714807,0.745632,0.755132,0.676084,0.643535,0.733170,0.485041,0.669294,0.629981,0.602138,0.910682,0.764359,0.626603,0.829662,0.836704,0.717183,0.585952,0.371942,0.654657,0.574405,0.664591,0.809660,0.559320,0.773759,0.845374,0.741247,0.825242,0.793030,0.689579,0.674859,0.631499,0.807152,0.515911,0.777346,0.764726,0.818414,0.583239,0.727931,0.783345,0.793037,0.604605,0.552213,0.785580,0.728482,0.719255,0.591598,0.736401,0.695527,0.648194,0.687624,0.549316,0.839886,0.504771,0.688682,0.766255,0.634421,0.792458,0.847857,0.486521,0.577906,0.684504,0.710786,0.813677,0.789587,0.747946,0.706567,0.774536,0.760501,0.805335,0.732472,0.695511,0.756271,0.688797,0.739507,0.790074,0.746827,0.549863,0.794311,0.453106,0.698209,0.587215,0.748827,0.794145,0.756597,0.801088,0.788611,0.595419,0.802079,0.592993,0.602683,0.868491,0.704066,0.667587,0.623005,0.647179,0.701140,0.614774,0.697852,0.747677,0.669320,0.583972,0.564643,0.697256,0.000000,0.597257,0.789678,0.561540,0.832562,0.726278,0.617802,0.696955,0.731428,0.443778,0.730900,0.655458,0.398529,0.770707,0.817372,0.526881,0.763944,0.721927,0.612573,0.741957,0.815153,0.746644,0.796516,0.866869,0.751824,0.595533,0.712732,0.784318,0.759909,0.652637,0.850205,0.709027,0.781180,0.608436,0.746145,0.697995,0.882989,0.855183,0.813247,0.821883,0.781580,0.725522,0.780323,0.720129,0.753717,0.501930,0.902089,0.773095,0.782574,0.822743,0.871193,0.558519,0.677434,0.859354,0.666029,0.585329,0.496707,0.617873,0.693466,0.721695,0.709089,0.764705,0.756629,0.810487,0.865668,0.715910,0.777703,0.592643,0.648014,0.725978,0.629811,0.887524,0.793672,0.798942,0.656081,0.747495,0.703811,0.853959,0.843723,0.841339,0.852689,0.739896,0.548366,0.698047,0.874903,0.497667,0.647899,0.740278,0.723547,0.832315,0.677254,0.859251,0.848511
0.594441,0.646407,0.657088,0.700819,0.668560,0.549090,0.455935,0.610131,0.515298,0.608072,0.486570,0.626015,0.563838,0.652598,0.605164,0.591018,0.704579,0.569005,0.677139,0.581361,0.454182,0.782075,0.543851,0.659096,0.557311,0.661102,0.600206,0.719215,0.689890,0.744597,0.647602,0.656208,0.734953,0.591150,0.708087,0.532818,0.615143,0.597638,0.536896,0.705142,0.692389,0.650761,0.756595,0.603243,0.537259,0.678797,0.619477,0.722974,0.663103,0.544581,0.669768,0.671852,0.650078,0.800556,0.674879,0.698270,0.695684,0.672402,0.675271,0.595153,0.681897,0.670996,0.678903,0.487062,0.642341,0.655025,0.736231,0.750252,0.625394,0.576382,0.526509,0.647999,0.538049,0.713144,0.621786,0.599181,0.706797,0.616403,0.743494,0.562957,0.615573,0.679558,0.703493,0.778781,0.775270,0.599329,0.792741,0.744907,0.688264,0.542462,0.578424,0.648705,0.777679,0.685689,0.707555,0.600077,0.636883,0.645250,0.766683,0.603699,0.665482,0.628298,0.720854,0.707560,0.570007,0.690302,0.760567,0.707891,0.742331,0.519538,0.692745,0.722037,0.541003,0.581515,0.722563,0.665821,0.886170,0.669527,0.631113,0.641955,0.605382,0.784792,0.791093,0.652034,0.626064,0.723366,0.692141,0.657949,0.561239,0.702132,0.741145,0.603592,0.373824,0.653512,0.593005,0.734504,0.729116,0.484262,0.656181,0.629892,0.559541,0.755398,0.704684,0.545017,0.728935,0.777389,0.717357,0.670981,0.566020,0.631113,0.781349,0.647898,0.696161,0.708825,0.615586,0.671895,0.638541,0.570635,0.614697,0.578730,0.566210,0.664093,0.718433,0.727606,0.499538,0.661250,0.732399,0.625785,0.723354,0.749114,0.626183,0.727950,0.778021,0.574567,0.611093,0.647456,0.653582,0.663889,0.759427,0.711598,0.832652,0.693332,0.578399,0.691430,0.747161,0.723557,0.730487,0.590145,0.559114,0.515896,0.756842,0.800459,0.666462,0.511882,0.688468,0.731281,0.659055,0.626074,0.615998,0.699970,0.797655,0.715334,0.501050,0.729692,0.674588,0.580062,0.644101,0.766184,0.600471,0.653806,0.740218,0.755485,0.689393,0.741414,0.736894,0.742072,0.721767,0.738447,0.731644,0.816189,0.656544,0.732331,0.701465,0.640081,0.787388,0.708498,0.804280,0.685449,0.608354,0.606782,0.555449,0.543787,0.746186,0.719874,0.714248,0.785942,0.571351,0.763520,0.778340,0.754469,0.766693,0.747051,0.676778,0.710680,0.659778,0.622948,0.773671,0.676742,0.651777,0.721880,0.571835,0.629812,0.653535,0.714916,0.665742,0.746164,0.562714,0.605760,0.775951,0.699262,0.685654,0.689881,0.770860,0.722949,0.519905,0.742283,0.777840,0.851583,0.716401,0.690655,0.681080,0.666832,0.706950,0.641369,0.611744,0.789839,0.617967,0.650318,0.819602,0.779794,0.658700,0.751977,0.732939,0.774022,0.556238,0.720909,0.692918,0.701414,0.645889,0.652108,0.721600,0.764921,0.652387,0.703386,0.699958,0.686486,0.641662,0.603491,0.660426,0.633397,0.676023,0.650869,0.629893,0.582323,0.751690,0.622048,0.614448,0.745918,0.664900,0.644672,0.775140,0.662332,0.594970,0.672051,0.611680,0.738031,0.716414,0.810066,0.771758,0.739934,0.696686,0.639656,0.592567,0.723282,0.636030,0.704926,0.637235,0.726525,0.730759,0.608867,0.763645,0.669431,0.639875,0.737368,0.598589,0.624634,0.831952,0.706315,0.614445,0.768704,0.721957,0.685114,0.737518,0.607520,0.807643,0.607281,0.742566,0.754087,0.751131,0.660228,0.614352,0.704441,0.597520,0.662766,0.634088,0.625788,0.782345,0.695037,0.733417,0.702265,0.657407,0.737243,0.721171,0.672626,0.554036,0.703017,0.556552,0.736872,0.825422,0.568411,0.651199,0.763635,0.821692,0.776984,0.676386,0.663905,0.644334,0.708589,0.765426,0.772100,0.819937,0.572142,0.552596,0.623911,0.688816,0.656638,0.869093,0.703489,0.670851,0.835304,0.723271,0.723916,0.692677,0.806892,0.497202,0.717906,0.673742,0.646326,0.545698,0.580674,0.721168,0.639207,0.712208,0.696964,0.728818,0.594143,0.755036,0.758626,0.597257,0.000000,0.687073,0.538981,0.548363,0.764177,0.708373,0.594403,0.586546,0.576387,0.547392,0.590391,0.579650,0.627737,0.691605,0.568362,0.752745,0.679424,0.585084,0.702726,0.788614,0.734027,0.698003,0.690034,0.672991,0.721055,0.646392,0.821789,0.697508,0.705030,0.640940,0.602739,0.736905,0.601636,0.593892,0.613869,0.742987,0.695074,0.616199,0.748929,0.748547,0.740277,0.800084,0.753325,0.734091,0.644914,0.750048,0.667371,0.803199,0.727048,0.769586,0.613602,0.737997,0.727607,0.601393,0.614865,0.650486,0.704278,0.611381,0.657269,0.656375,0.709934,0.767267,0.819026,0.683691,0.661593,0.801951,0.687748,0.563889,0.714666,0.592096,0.734095,0.682788,0.803324,0.651041,0.663940,0.697349,0.708378,0.696474,0.800179,0.676353,0.708350,0.639872,0.560439,0.730589,0.638729,0.641431,0.719435,0.622887,0.849021,0.699006,0.664250,0.668795
0.594542,0.592165,0.694245,0.672475,0.661649,0.700530,0.718436,0.698367,0.765321,0.693214,0.729633,0.682270,0.398048,0.687982,0.421265,0.583336,0.714383,0.587777,0.700662,0.658421,0.583972,0.664839,0.717581,0.746153,0.726459,0.723841,0.553214,0.542125,0.680699,0.545150,0.602922,0.591602,0.525220,0.474616,0.547670,0.716365,0.651387,0.652568,0.764215,0.714752,0.606703,0.610584,0.642784,0.740790,0.800624,0.619137,0.682325,0.669628,0.580160,0.733111,0.728319,0.599647,0.482684,0.572446,0.718940,0.571208,0.649774,0.687897,0.744342,0.742892,0.464541,0.715781,0.534419,0.657392,0.785238,0.644569,0.659757,0.502499,0.607731,0.685293,0.691904,0.417278,0.767151,0.673333,0.464244,0.598021,0.767282,0.617616,0.730727,0.808449,0.724798,0.753589,0.668219,0.515821,0.709427,0.722676,0.699713,0.706530,0.518708,0.734589,0.706223,0.677847,0.656953,0.680785,0.592467,0.675140,0.593200,0.429124,0.719322,0.774999,0.623227,0.526998,0.705520,0.696613,0.445846,0.678741,0.568317,0.676591,0.584732,0.792955,0.548126,0.630632,0.772974,0.693548,0.644250,0.709434,0.620827,0.620222,0.762283,0.722889,0.679315,0.762593,0.693274,0.687988,0.626259,0.614269,0.738299,0.585028,0.617798,0.692551,0.707513,0.644921,0.770157,0.620019,0.800399,0.676216,0.453817,0.659855,0.533442,0.575101,0.740420,0.513261,0.726427,0.614970,0.802610,0.542043,0.692454,0.451307,0.551269,0.569202,0.672690,0.475147,0.703898,0.709461,0.713700,0.654116,0.780954,0.772385,0.548431,0.591155,0.605011,0.774387,0.694516,0.694150,0.799652,0.567851,0.676904,0.792098,0.696462,0.685368,0.636958,0.543277,0.563125,0.619253,0.485664,0.774346,0.569129,0.691644,0.715072,0.619210,0.680738,0.438059,0.662651,0.729197,0.719444,0.618666,0.421859,0.646255,0.743704,0.779952,0.702595,0.696233,0.490803,0.703530,0.667814,0.700982,0.714474,0.651244,0.740956,0.808656,0.530211,0.525966,0.692844,0.681209,0.492038,0.748376,0.580314,0.600548,0.524693,0.606574,0.544974,0.560442,0.483320,0.563826,0.735096,0.726672,0.593749,0.559143,0.783159,0.608221,0.419004,0.744762,0.432736,0.737075,0.789502,0.670301,0.718351,0.504009,0.612607,0.665037,0.706256,0.696122,0.656224,0.535838,0.740057,0.735264,0.759299,0.765688,0.760982,0.746244,0.661910,0.685599,0.835947,0.691804,0.751671,0.399839,0.627886,0.658568,0.802731,0.753978,0.681491,0.496411,0.641273,0.624223,0.436784,0.709398,0.596939,0.603544,0.714394,0.740046,0.492474,0.460551,0.739282,0.669363,0.546079,0.728761,0.724338,0.729908,0.476879,0.715939,0.728529,0.668808,0.802758,0.642080,0.572537,0.745519,0.632982,0.553620,0.728294,0.701976,0.577128,0.778161,0.630693,0.711877,0.705622,0.779956,0.456138,0.679985,0.713669,0.458084,0.632654,0.766472,0.471104,0.734286,0.628728,0.656516,0.534741,0.613172,0.675740,0.682281,0.647296,0.708865,0.527216,0.764959,0.801929,0.546993,0.602326,0.740724,0.795152,0.668787,0.672927,0.764053,0.693066,0.702105,0.702667,0.598509,0.617816,0.717286,0.656547,0.468838,0.750668,0.606158,0.671796,0.719262,0.614400,0.620157,0.521308,0.720713,0.650187,0.581768,0.667139,0.598080,0.498319,0.769138,0.684151,0.762155,0.564582,0.714189,0.766465,0.806428,0.711213,0.620842,0.785099,0.534533,0.617815,0.641420,0.754521,0.553637,0.748329,0.654817,0.657255,0.596393,0.771907,0.661574,0.578932,0.583450,0.613345,0.742577,0.745767,0.614164,0.643710,0.562809,0.711084,0.808881,0.700568,0.706781,0.586748,0.524863,0.598727,0.458556,0.640576,0.627034,0.767658,0.656093,0.570283,0.763396,0.556048,0.701285,0.776061,0.660733,0.697960,0.779726,0.619280,0.741808,0.763702,0.757257,0.746832,0.627202,0.753272,0.668617,0.819551,0.625710,0.548997,0.687974,0.773172,0.430213,0.683885,0.670346,0.689963,0.698320,0.728646,0.726062,0.795534,0.535498,0.759877,0.749429,0.663360,0.686919,0.789678,0.687073,0.000000,0.817202,0.631895,0.715902,0.818837,0.746383,0.639383,0.783330,0.713621,0.662284,0.749022,0.681055,0.709641,0.672024,0.763748,0.558180,0.672920,0.708738,0.675846,0.509644,0.647053,0.610208,0.556285,0.677123,0.633480,0.609767,0.663033,0.649164,0.592439,0.587676,0.523764,0.772084,0.656465,0.630260,0.644751,0.722864,0.787676,0.793020,0.569614,0.637258,0.759426,0.817642,0.737961,0.634411,0.547364,0.683381,0.724959,0.569463,0.530138,0.745904,0.658128,0.712908,0.636473,0.626130,0.673201,0.617895,0.661763,0.853458,0.604067,0.573863,0.724159,0.678282,0.395072,0.614604,0.714451,0.656623,0.661891,0.657710,0.717562,0.570292,0.635593,0.648948,0.725909,0.632147,0.696782,0.728444,0.671260,0.764948,0.581255,0.682847,0.763200,0.797764,0.576422,0.824733,0.625651,0.575497,0.593081,0.770823,0.686232,0.341700,0.591507
0.594782,0.633384,0.630120,0.657041,0.662144,0.518040,0.486971,0.671759,0.545785,0.594899,0.464608,0.657031,0.721006,0.632913,0.754733,0.693387,0.697028,0.700114,0.704123,0.588962,0.539302,0.788459,0.575620,0.663432,0.548790,0.677253,0.620516,0.722935,0.728924,0.719725,0.713579,0.717535,0.729291,0.775181,0.718145,0.530186,0.589314,0.657842,0.524368,0.678710,0.748003,0.697556,0.778308,0.638314,0.514739,0.706543,0.714093,0.705413,0.741104,0.542420,0.729239,0.716858,0.730049,0.813888,0.635109,0.791395,0.728009,0.719953,0.653492,0.551490,0.754734,0.747546,0.757544,0.645306,0.623690,0.658201,0.730845,0.771533,0.722492,0.666012,0.609613,0.733899,0.591681,0.743448,0.734223,0.698099,0.635968,0.780259,0.718849,0.588139,0.677096,0.666492,0.728049,0.803082,0.744035,0.668940,0.773129,0.726092,0.747943,0.607252,0.662933,0.704890,0.734714,0.670239,0.697033,0.625943,0.770834,0.740817,0.755073,0.596510,0.701515,0.649214,0.694729,0.768725,0.759530,0.703328,0.754308,0.691099,0.783359,0.531910,0.732016,0.760980,0.585864,0.562765,0.754098,0.715998,0.820629,0.686663,0.622667,0.631997,0.613763,0.732493,0.840743,0.747596,0.710721,0.706508,0.738354,0.703680,0.745745,0.643297,0.739928,0.618527,0.609828,0.680888,0.608285,0.735737,0.803813,0.636250,0.819348,0.697577,0.648662,0.837176,0.777278,0.631635,0.697806,0.801074,0.805927,0.751915,0.546125,0.702487,0.766603,0.724097,0.774181,0.778311,0.705244,0.686080,0.617898,0.612204,0.727702,0.662420,0.647920,0.652970,0.724239,0.757836,0.582482,0.716075,0.724808,0.593766,0.743640,0.727500,0.663842,0.918201,0.790033,0.652174,0.757594,0.609720,0.765037,0.709854,0.718915,0.737194,0.823907,0.740722,0.690682,0.709178,0.707967,0.769208,0.779926,0.718677,0.691896,0.561818,0.762017,0.718500,0.754948,0.653252,0.699583,0.729952,0.803178,0.690084,0.634324,0.706203,0.775435,0.726305,0.566416,0.746076,0.764581,0.592738,0.772387,0.771783,0.717795,0.690552,0.762213,0.732713,0.734738,0.844253,0.745571,0.803671,0.755450,0.776729,0.677495,0.811676,0.774406,0.772992,0.791501,0.714496,0.754246,0.708121,0.776907,0.756638,0.706766,0.695260,0.667260,0.658186,0.736467,0.732746,0.769193,0.767648,0.703952,0.787658,0.729469,0.759232,0.780444,0.775993,0.617659,0.738928,0.727689,0.753945,0.779518,0.726127,0.668778,0.744944,0.699143,0.710883,0.708910,0.793239,0.766217,0.748242,0.661486,0.710731,0.802553,0.655844,0.760960,0.761012,0.776827,0.735240,0.577589,0.806769,0.778497,0.832165,0.754000,0.709515,0.665139,0.676518,0.701653,0.661287,0.752706,0.751387,0.742694,0.727785,0.759278,0.790182,0.653260,0.793654,0.820550,0.762537,0.714384,0.806171,0.758492,0.765337,0.691701,0.768017,0.784131,0.734786,0.732301,0.754577,0.800437,0.780744,0.781207,0.695508,0.691929,0.785505,0.735801,0.694094,0.719798,0.647110,0.742041,0.747847,0.727164,0.725713,0.719811,0.656129,0.784305,0.657287,0.717576,0.563578,0.570016,0.825417,0.761685,0.711099,0.811093,0.807328,0.668941,0.608861,0.607930,0.608859,0.635001,0.717468,0.821961,0.750604,0.793692,0.739389,0.760712,0.768831,0.674361,0.771666,0.710371,0.677174,0.804406,0.655909,0.789864,0.758899,0.755210,0.746314,0.647666,0.752991,0.763749,0.668401,0.748746,0.790852,0.735484,0.713226,0.678269,0.767905,0.729777,0.733247,0.774453,0.630927,0.633715,0.672299,0.615600,0.622688,0.625908,0.832195,0.784407,0.626931,0.619949,0.776842,0.693414,0.815394,0.791465,0.708567,0.632234,0.777730,0.819341,0.813262,0.779197,0.746798,0.718890,0.814696,0.765162,0.763906,0.788433,0.654137,0.715530,0.685270,0.751703,0.574974,0.818630,0.788536,0.676617,0.825499,0.743812,0.743624,0.790331,0.731391,0.637381,0.853722,0.713858,0.756521,0.698131,0.729234,0.693196,0.754868,0.668894,0.862198,0.745669,0.660581,0.748094,0.742415,0.561540,0.538981,0.817202,0.000000,0.732912,0.758373,0.669422,0.687642,0.721678,0.576778,0.599569,0.715327,0.594318,0.710861,0.763695,0.624155,0.789514,0.793334,0.682236,0.685308,0.841740,0.784002,0.833036,0.761984,0.792406,0.682362,0.676581,0.818687,0.659102,0.639169,0.744248,0.700354,0.853993,0.488551,0.768179,0.727445,0.790244,0.711329,0.691033,0.766763,0.824475,0.683976,0.684217,0.712454,0.796226,0.761104,0.811201,0.766364,0.737341,0.805509,0.760811,0.588203,0.664658,0.798725,0.710975,0.693960,0.694818,0.748914,0.758690,0.692347,0.673455,0.817166,0.840747,0.783561,0.809047,0.763181,0.775541,0.707730,0.670914,0.784917,0.748285,0.787069,0.710698,0.822882,0.666692,0.719220,0.701385,0.787143,0.719974,0.769344,0.772868,0.722357,0.656106,0.676407,0.725904,0.752267,0.726968,0.770116,0.620136,0.806816,0.667561,0.832474,0.770312
0.594931,0.669035,0.725357,0.680779,0.735385,0.717515,0.636147,0.684579,0.533025,0.721822,0.625162,0.722621,0.527448,0.709245,0.587168,0.675859,0.742114,0.663197,0.739949,0.624227,0.553530,0.773745,0.550811,0.757333,0.627319,0.718479,0.732464,0.718439,0.772945,0.625430,0.530378,0.618749,0.696829,0.521378,0.674947,0.616121,0.629514,0.706859,0.710078,0.758061,0.722529,0.602772,0.674451,0.584627,0.556196,0.649264,0.721822,0.714764,0.669867,0.669825,0.716110,0.694166,0.620099,0.726602,0.745798,0.595597,0.781837,0.723430,0.731486,0.658241,0.634390,0.762316,0.680028,0.654206,0.667954,0.722847,0.738490,0.613799,0.567815,0.626807,0.484045,0.650472,0.635252,0.785784,0.514338,0.594163,0.729596,0.650537,0.816884,0.663747,0.645809,0.795126,0.673721,0.721272,0.751417,0.595926,0.849571,0.757862,0.620644,0.730485,0.579875,0.716381,0.841275,0.717977,0.584454,0.626949,0.610248,0.624644,0.748056,0.575779,0.651728,0.545088,0.718651,0.740518,0.535447,0.733650,0.710324,0.759479,0.713752,0.580420,0.680600,0.756832,0.682699,0.726994,0.748103,0.769925,0.751907,0.657883,0.669035,0.698826,0.726943,0.769767,0.798279,0.561516,0.614222,0.795382,0.792599,0.584718,0.596156,0.689691,0.790856,0.696261,0.592409,0.707312,0.528584,0.740481,0.691557,0.655315,0.730554,0.585803,0.483053,0.616871,0.799816,0.600636,0.782138,0.666640,0.750170,0.588141,0.629826,0.605801,0.777379,0.591849,0.803627,0.767273,0.684989,0.731519,0.744500,0.653622,0.653425,0.650463,0.656066,0.794210,0.756520,0.757830,0.690194,0.585727,0.699706,0.547868,0.785967,0.772704,0.705517,0.749456,0.737938,0.703431,0.548339,0.784500,0.567887,0.825513,0.724724,0.765572,0.747122,0.582516,0.711529,0.723290,0.779386,0.724039,0.675956,0.632205,0.636083,0.638583,0.780253,0.868331,0.533851,0.513248,0.700410,0.689777,0.772123,0.688157,0.729792,0.695919,0.683684,0.698531,0.509216,0.757952,0.660759,0.649479,0.695796,0.731995,0.608115,0.667157,0.721521,0.682999,0.631034,0.660081,0.819881,0.794044,0.665405,0.716416,0.766086,0.768018,0.533275,0.737905,0.639567,0.742207,0.818312,0.638793,0.792747,0.675715,0.671362,0.705063,0.550389,0.584986,0.747366,0.757007,0.802245,0.720832,0.612989,0.771323,0.761006,0.799437,0.804272,0.691802,0.678067,0.638099,0.786244,0.478085,0.666813,0.795055,0.662984,0.818577,0.572086,0.605327,0.678794,0.785495,0.575989,0.765749,0.607404,0.647618,0.766352,0.659675,0.679168,0.611778,0.787922,0.766457,0.610842,0.793674,0.812793,0.786652,0.596276,0.793014,0.693703,0.755895,0.846953,0.743657,0.629514,0.801696,0.616773,0.646799,0.757676,0.815787,0.725346,0.718738,0.691475,0.769654,0.643658,0.820576,0.486287,0.793247,0.764512,0.598444,0.588916,0.851223,0.590188,0.806400,0.727251,0.773511,0.482858,0.615059,0.806158,0.750823,0.705650,0.538948,0.654741,0.759370,0.752939,0.450016,0.670699,0.717535,0.741708,0.773369,0.773387,0.668584,0.752767,0.648111,0.668221,0.685112,0.731598,0.878084,0.711830,0.597828,0.745129,0.631503,0.745736,0.678558,0.665721,0.660343,0.622795,0.814781,0.640072,0.576369,0.709114,0.710480,0.618340,0.766581,0.677079,0.705914,0.743445,0.734600,0.735278,0.831077,0.707413,0.737151,0.744986,0.722145,0.714195,0.709152,0.823863,0.748632,0.740513,0.784607,0.780061,0.686567,0.627549,0.703623,0.652638,0.658877,0.725350,0.806815,0.712871,0.696653,0.714421,0.735410,0.670063,0.765780,0.613961,0.798709,0.582975,0.665754,0.727754,0.606251,0.738123,0.760846,0.829016,0.775803,0.653671,0.684170,0.703537,0.780764,0.829355,0.731360,0.798665,0.753655,0.431672,0.698454,0.774698,0.694015,0.818572,0.641691,0.636098,0.768380,0.705256,0.738124,0.630654,0.867189,0.774354,0.669948,0.771727,0.678941,0.563365,0.754326,0.727232,0.554182,0.790688,0.639349,0.755319,0.707286,0.794582,0.773067,0.832562,0.548363,0.631895,0.732912,0.000000,0.816829,0.790503,0.570902,0.556712,0.770594,0.676634,0.677760,0.742230,0.551167,0.754748,0.476866,0.814745,0.680284,0.559505,0.665370,0.763546,0.692916,0.659216,0.651861,0.728319,0.706605,0.697047,0.714886,0.709691,0.804687,0.612403,0.579865,0.651822,0.617291,0.693526,0.600978,0.683605,0.614989,0.710050,0.759528,0.775391,0.687867,0.768787,0.752489,0.693771,0.726333,0.649987,0.643242,0.731628,0.723176,0.645455,0.645702,0.700429,0.714584,0.684907,0.692503,0.703962,0.773798,0.652085,0.700003,0.600641,0.747695,0.727698,0.746360,0.595298,0.682380,0.815054,0.702216,0.585439,0.704307,0.670947,0.635329,0.602171,0.763460,0.831145,0.668517,0.763974,0.716559,0.661351,0.806680,0.646492,0.725297,0.669230,0.628387,0.636981,0.805087,0.739076,0.753323,0.571434,0.786958,0.673632,0.606347,0.603853
0.594934,0.529447,0.283745,0.477987,0.294583,0.513829,0.630206,0.263144,0.665039,0.433321,0.634247,0.494698,0.643945,0.491277,0.569677,0.410706,0.382730,0.630513,0.330851,0.772275,0.579979,0.469341,0.526892,0.457427,0.470742,0.485490,0.473662,0.376392,0.374904,0.511924,0.735647,0.510130,0.644766,0.712836,0.433668,0.677255,0.577146,0.517651,0.675088,0.462445,0.387785,0.725922,0.710704,0.673382,0.753967,0.672935,0.399687,0.467038,0.350440,0.659841,0.211067,0.773451,0.652995,0.687171,0.382906,0.627168,0.348768,0.373424,0.606842,0.629239,0.563307,0.442589,0.671816,0.702549,0.523443,0.420941,0.290796,0.599229,0.658370,0.725938,0.778085,0.606344,0.646038,0.472143,0.722563,0.765612,0.492524,0.481287,0.374242,0.620694,0.785073,0.413665,0.472006,0.686895,0.345076,0.747028,0.525264,0.321463,0.736625,0.522327,0.674360,0.301030,0.427224,0.345424,0.762017,0.755199,0.743769,0.629366,0.478815,0.616828,0.379841,0.717454,0.364026,0.151102,0.737377,0.387732,0.645049,0.349459,0.333457,0.677410,0.827505,0.317726,0.603388,0.518725,0.138616,0.380048,0.730489,0.801701,0.573763,0.417913,0.468737,0.409553,0.315498,0.726479,0.578904,0.460780,0.405694,0.591307,0.609710,0.579231,0.222201,0.637796,0.655916,0.392722,0.672179,0.307319,0.605509,0.695292,0.772257,0.572890,0.772616,0.724650,0.287707,0.690370,0.321807,0.674239,0.459926,0.697808,0.849941,0.794103,0.264455,0.681324,0.294448,0.317992,0.508998,0.446691,0.505235,0.842212,0.520783,0.690420,0.834057,0.432355,0.429522,0.346464,0.630329,0.653076,0.317736,0.797646,0.358894,0.503198,0.695914,0.394355,0.679473,0.679917,0.647696,0.572260,0.855508,0.591961,0.477047,0.714633,0.628623,0.777381,0.616651,0.303303,0.259654,0.750817,0.601309,0.628998,0.872761,0.724258,0.434341,0.325557,0.767356,0.812814,0.489137,0.313688,0.379338,0.502676,0.844644,0.414258,0.677850,0.692526,0.798516,0.337355,0.811645,0.680829,0.806724,0.481760,0.581029,0.589310,0.760227,0.613784,0.630246,0.720756,0.645463,0.341354,0.513533,0.862494,0.256464,0.615135,0.729235,0.562744,0.630144,0.436796,0.231606,0.430589,0.338112,0.784606,0.569508,0.775609,0.806514,0.646456,0.284466,0.560629,0.504732,0.453208,0.672235,0.649419,0.635668,0.101256,0.316883,0.488750,0.714586,0.561675,0.440763,0.722446,0.732555,0.277299,0.695764,0.437117,0.520152,0.616868,0.602585,0.634352,0.678117,0.323291,0.816450,0.682614,0.543587,0.703250,0.742653,0.757410,0.109230,0.467843,0.741881,0.289447,0.378891,0.538030,0.663556,0.414472,0.621181,0.391264,0.458082,0.770933,0.853645,0.064278,0.788238,0.494718,0.356515,0.286770,0.814189,0.640827,0.709374,0.335966,0.614674,0.211366,0.743054,0.542607,0.442965,0.700773,0.703487,0.799544,0.803210,0.541828,0.512932,0.399360,0.722846,0.831222,0.378152,0.479918,0.473410,0.663255,0.628992,0.524561,0.389199,0.783142,0.613924,0.492545,0.458679,0.775806,0.312632,0.589806,0.417785,0.518558,0.793699,0.658826,0.495155,0.277021,0.418773,0.690510,0.533637,0.852535,0.720077,0.449961,0.831222,0.796665,0.666694,0.307902,0.770016,0.537133,0.661206,0.688083,0.740746,0.355146,0.689866,0.547471,0.719743,0.476179,0.772087,0.412400,0.373741,0.846032,0.658706,0.643175,0.720099,0.780670,0.403260,0.670426,0.430191,0.900985,0.838449,0.762302,0.736063,0.658684,0.614645,0.798602,0.838385,0.495553,0.556867,0.808130,0.808996,0.560536,0.646870,0.545936,0.781037,0.366235,0.820069,0.650401,0.739981,0.732637,0.645981,0.683056,0.409335,0.193212,0.883479,0.706900,0.639053,0.380561,0.172816,0.672085,0.312731,0.502031,0.803395,0.552630,0.261696,0.696021,0.420356,0.614350,0.807884,0.304273,0.749390,0.512648,0.809403,0.312961,0.652242,0.587193,0.310290,0.671586,0.654125,0.429639,0.773869,0.679761,0.338777,0.643959,0.380761,0.811967,0.749688,0.336883,0.726278,0.764177,0.715902,0.758373,0.816829,0.000000,0.685382,0.726451,0.655465,0.547189,0.729401,0.840701,0.769592,0.707127,0.856308,0.751414,0.305626,0.418912,0.805754,0.722012,0.348533,0.787406,0.665335,0.611519,0.840902,0.762501,0.558466,0.674217,0.800927,0.673401,0.745701,0.770547,0.612832,0.810909,0.697365,0.733361,0.729645,0.689770,0.638036,0.412537,0.495898,0.644087,0.415169,0.694547,0.700854,0.626001,0.643859,0.614371,0.548800,0.808661,0.737482,0.866967,0.728042,0.397060,0.641452,0.753479,0.865980,0.708838,0.825463,0.728184,0.826043,0.455196,0.574489,0.734496,0.757878,0.672491,0.524668,0.850057,0.709016,0.684585,0.742486,0.655037,0.704001,0.761251,0.643984,0.656036,0.436123,0.575060,0.618392,0.352103,0.650382,0.569762,0.804418,0.716748,0.669246,0.616098,0.832903,0.450661,0.763889,0.450839,0.596401,0.723492,0.677187
0.594992,0.584408,0.543344,0.620372,0.561622,0.466621,0.506593,0.557866,0.639834,0.469746,0.533415,0.556997,0.670824,0.438633,0.659882,0.600630,0.479811,0.612833,0.528761,0.712683,0.630878,0.644484,0.599143,0.544753,0.507075,0.534243,0.623140,0.628163,0.519691,0.648682,0.781377,0.521733,0.758981,0.708418,0.621820,0.539191,0.610641,0.586380,0.574297,0.466383,0.557586,0.607179,0.769828,0.676153,0.606553,0.709849,0.647815,0.663042,0.599022,0.479753,0.631916,0.652385,0.694809,0.835870,0.489313,0.701432,0.548477,0.529077,0.652157,0.554923,0.743674,0.584826,0.797782,0.619770,0.536637,0.534102,0.635367,0.676190,0.723217,0.767907,0.616530,0.727804,0.621438,0.562988,0.758618,0.665033,0.430526,0.512489,0.545363,0.665647,0.717234,0.541195,0.657366,0.768086,0.630945,0.548095,0.566903,0.554218,0.732846,0.560324,0.568433,0.589085,0.567315,0.559315,0.742209,0.505812,0.695191,0.709784,0.660114,0.572230,0.576478,0.748190,0.480264,0.633590,0.703526,0.521455,0.806208,0.493257,0.697261,0.578241,0.768965,0.626377,0.592303,0.475667,0.587769,0.640889,0.825255,0.750960,0.503628,0.534057,0.485186,0.657236,0.657563,0.741438,0.575988,0.636709,0.614048,0.603310,0.688117,0.521958,0.629039,0.615274,0.636862,0.493588,0.668678,0.570739,0.704187,0.647735,0.705701,0.593907,0.639854,0.744395,0.560632,0.570140,0.662004,0.770109,0.566973,0.754771,0.779746,0.804780,0.606147,0.704419,0.619664,0.684027,0.629732,0.526314,0.541349,0.713689,0.631179,0.594997,0.770282,0.568570,0.666644,0.622624,0.638862,0.673204,0.593810,0.728107,0.558741,0.624542,0.649672,0.686417,0.856069,0.517189,0.732971,0.487011,0.801070,0.611107,0.652844,0.699966,0.650643,0.784694,0.578345,0.579129,0.678130,0.689347,0.736820,0.565680,0.799025,0.600166,0.623851,0.562695,0.724150,0.738136,0.688126,0.553719,0.610657,0.651969,0.687991,0.621737,0.798812,0.805776,0.678995,0.644126,0.731902,0.492950,0.736786,0.627033,0.754764,0.757370,0.796999,0.666153,0.741103,0.660402,0.727063,0.647326,0.742907,0.822302,0.682131,0.765272,0.839696,0.671481,0.713719,0.670703,0.635555,0.622665,0.597309,0.792011,0.666355,0.675436,0.710771,0.687391,0.662403,0.701247,0.586493,0.653301,0.627712,0.736835,0.710783,0.678698,0.571981,0.682584,0.745933,0.715324,0.647612,0.794521,0.651726,0.642030,0.735070,0.581129,0.661487,0.673294,0.567422,0.671029,0.750533,0.652153,0.695900,0.763129,0.678654,0.780375,0.814097,0.837207,0.679320,0.604469,0.770160,0.604775,0.565444,0.630909,0.810693,0.676714,0.484042,0.539783,0.637922,0.711520,0.696658,0.678554,0.606109,0.629772,0.654826,0.569924,0.727951,0.599982,0.819809,0.592423,0.630314,0.713722,0.857856,0.622322,0.635378,0.742853,0.826315,0.684300,0.780869,0.658761,0.671712,0.692214,0.737378,0.747550,0.661702,0.689457,0.678562,0.733816,0.752586,0.682808,0.712712,0.745056,0.685851,0.685915,0.603108,0.764781,0.703467,0.496824,0.605297,0.555628,0.720709,0.741170,0.732888,0.581786,0.642189,0.803532,0.625104,0.728809,0.624914,0.506045,0.709599,0.812749,0.712903,0.626290,0.781313,0.728137,0.792979,0.844987,0.784497,0.582159,0.701023,0.650329,0.840409,0.520841,0.826801,0.699920,0.673792,0.691069,0.636082,0.688140,0.816602,0.690012,0.619820,0.790508,0.619895,0.748415,0.764859,0.788798,0.760571,0.627591,0.717168,0.739097,0.816109,0.506164,0.612745,0.803698,0.710094,0.719697,0.777291,0.486292,0.592043,0.640667,0.706504,0.851944,0.806504,0.692439,0.678468,0.749568,0.651907,0.705709,0.788057,0.674780,0.726677,0.640020,0.677199,0.742521,0.621104,0.685439,0.770437,0.629026,0.613240,0.712096,0.677346,0.756378,0.735689,0.703791,0.738263,0.545794,0.846131,0.583645,0.669679,0.771313,0.669041,0.644861,0.696323,0.648812,0.700639,0.603506,0.578581,0.708786,0.611492,0.604951,0.677090,0.674339,0.617802,0.708373,0.818837,0.669422,0.790503,0.685382,0.000000,0.667430,0.708494,0.599363,0.686386,0.782569,0.629192,0.800539,0.801333,0.688150,0.644793,0.617411,0.759595,0.728489,0.736799,0.832122,0.782689,0.787183,0.845117,0.591144,0.588112,0.789962,0.777980,0.698263,0.705858,0.722993,0.761760,0.708385,0.709393,0.616809,0.786402,0.767629,0.708414,0.626741,0.746288,0.760151,0.704537,0.714963,0.654043,0.616963,0.791310,0.792432,0.766781,0.822701,0.819891,0.744045,0.748244,0.665409,0.719784,0.760111,0.769824,0.722263,0.698704,0.712338,0.762459,0.710597,0.733354,0.781682,0.865525,0.714196,0.684680,0.792593,0.699568,0.749156,0.693578,0.705254,0.732711,0.814711,0.603259,0.739543,0.534571,0.675614,0.675529,0.711390,0.843315,0.843582,0.715335,0.737814,0.797165,0.667662,0.753221,0.635148,0.805505,0.676702,0.646270,0.856219,0.832090
0.595038,0.624667,0.652687,0.628493,0.677123,0.609267,0.526385,0.611517,0.423740,0.560286,0.547491,0.595319,0.556757,0.609322,0.575305,0.551553,0.588778,0.668076,0.585058,0.548558,0.515900,0.704884,0.432802,0.578303,0.315966,0.668921,0.566783,0.676289,0.612988,0.586604,0.617328,0.566961,0.715827,0.618733,0.641711,0.480643,0.557588,0.607143,0.577838,0.648883,0.625565,0.648763,0.750213,0.658934,0.565145,0.655851,0.634554,0.617069,0.625368,0.524344,0.656036,0.753281,0.616748,0.755572,0.654382,0.682212,0.645405,0.600825,0.670040,0.531508,0.677101,0.657491,0.740948,0.624367,0.593524,0.521331,0.673077,0.654806,0.581704,0.715715,0.541518,0.627407,0.518301,0.689745,0.626001,0.645980,0.627391,0.562613,0.682404,0.531165,0.656119,0.662174,0.665581,0.731521,0.689091,0.535861,0.766931,0.676421,0.682571,0.567099,0.527696,0.626486,0.761070,0.535043,0.702435,0.575297,0.681436,0.608861,0.666685,0.474982,0.616922,0.688942,0.647284,0.695311,0.732675,0.658983,0.723873,0.675977,0.657671,0.351495,0.729454,0.710671,0.614327,0.646532,0.620080,0.680876,0.786625,0.697373,0.569124,0.376861,0.566736,0.688483,0.734515,0.545248,0.634626,0.691594,0.695132,0.572169,0.676316,0.658210,0.671882,0.761864,0.452316,0.507952,0.544617,0.653114,0.715747,0.524875,0.718943,0.555151,0.472036,0.719443,0.727841,0.568551,0.694005,0.732866,0.685628,0.660673,0.742386,0.722089,0.720239,0.745607,0.657081,0.633552,0.422141,0.610159,0.580627,0.684126,0.619831,0.649530,0.701441,0.750255,0.619814,0.679315,0.591195,0.571591,0.637335,0.592967,0.659739,0.643165,0.583068,0.699857,0.816718,0.615598,0.475154,0.661945,0.670282,0.737610,0.623291,0.689822,0.722294,0.716990,0.699160,0.585788,0.714611,0.771048,0.619252,0.699569,0.615931,0.573276,0.643200,0.764188,0.615358,0.408154,0.717839,0.607116,0.649254,0.574829,0.737249,0.581134,0.778152,0.742925,0.594004,0.666049,0.655124,0.570421,0.680448,0.542223,0.604849,0.707425,0.769293,0.607631,0.676779,0.772819,0.825728,0.731231,0.607324,0.730337,0.644130,0.778732,0.707964,0.694441,0.587200,0.578983,0.694273,0.653196,0.747411,0.728516,0.739336,0.619860,0.354265,0.548914,0.663546,0.764184,0.718497,0.561234,0.486195,0.667074,0.794153,0.697272,0.718685,0.603163,0.682098,0.620030,0.508158,0.650438,0.698161,0.656138,0.654502,0.674041,0.558044,0.664611,0.636909,0.738060,0.615314,0.688960,0.672536,0.679252,0.777067,0.744221,0.741821,0.690952,0.730525,0.697030,0.725529,0.660340,0.748693,0.770674,0.681340,0.672052,0.543770,0.593746,0.767751,0.743397,0.723253,0.734179,0.492486,0.580567,0.727590,0.726288,0.665490,0.748246,0.764207,0.706944,0.566855,0.688963,0.682020,0.702456,0.632620,0.634499,0.652936,0.807530,0.736833,0.693598,0.659033,0.585943,0.495508,0.694719,0.684077,0.649066,0.577567,0.517906,0.591601,0.608288,0.655570,0.436110,0.599039,0.747186,0.653072,0.731343,0.714163,0.520588,0.547734,0.575804,0.724482,0.751291,0.644207,0.759311,0.628844,0.722068,0.556540,0.677324,0.645190,0.562931,0.704224,0.825351,0.637096,0.690010,0.747163,0.479448,0.735946,0.718878,0.692388,0.755656,0.625775,0.540716,0.801215,0.650099,0.751140,0.725211,0.702452,0.760831,0.582102,0.667629,0.808699,0.702254,0.698118,0.708926,0.664450,0.708851,0.793836,0.770594,0.283486,0.751536,0.695629,0.754966,0.810808,0.695138,0.537678,0.822927,0.717983,0.737057,0.732505,0.623169,0.634682,0.656581,0.646674,0.742445,0.805141,0.525806,0.743317,0.813659,0.756607,0.761620,0.720679,0.574685,0.630603,0.726869,0.752044,0.692491,0.744390,0.555098,0.590942,0.599124,0.669467,0.707361,0.721333,0.602231,0.683672,0.766398,0.772491,0.661957,0.632119,0.735430,0.580263,0.699065,0.658887,0.780391,0.545489,0.617537,0.782365,0.498724,0.600888,0.541505,0.623293,0.594920,0.729504,0.641448,0.696955,0.594403,0.746383,0.687642,0.570902,0.726451,0.667430,0.000000,0.389545,0.676413,0.617274,0.745342,0.687878,0.605659,0.762181,0.508896,0.656383,0.696325,0.442471,0.651065,0.772481,0.769181,0.740562,0.704807,0.797559,0.736881,0.537271,0.803535,0.818362,0.778817,0.685816,0.417224,0.759080,0.667233,0.674765,0.388558,0.767721,0.624994,0.636927,0.661738,0.740812,0.661734,0.772641,0.724069,0.612908,0.635380,0.709726,0.611438,0.719284,0.738438,0.679315,0.685387,0.584306,0.655163,0.676199,0.698479,0.714597,0.673810,0.715112,0.423255,0.673301,0.702989,0.689533,0.720816,0.650161,0.573160,0.732907,0.779549,0.552672,0.628432,0.543769,0.747131,0.440596,0.780764,0.664962,0.540695,0.684818,0.788970,0.574684,0.807585,0.669637,0.765205,0.681905,0.641435,0.657187,0.664922,0.751195,0.557135,0.647550,0.695290,0.642178,0.678670,0.626636
0.595078,0.575196,0.604077,0.666166,0.603392,0.593242,0.539365,0.589353,0.508972,0.523755,0.560985,0.563368,0.548584,0.577566,0.566915,0.519260,0.604817,0.606379,0.561015,0.607817,0.471141,0.717658,0.511691,0.560086,0.425107,0.624427,0.565515,0.621796,0.594319,0.521181,0.627359,0.489000,0.747763,0.624466,0.576888,0.535887,0.586509,0.616436,0.624217,0.623678,0.553619,0.712329,0.760711,0.616959,0.617633,0.606179,0.559309,0.557298,0.534262,0.593688,0.634944,0.780141,0.681765,0.769123,0.585616,0.585265,0.637369,0.550653,0.643777,0.553738,0.649761,0.627729,0.716895,0.633764,0.619485,0.562926,0.609899,0.588553,0.556020,0.662434,0.599834,0.620768,0.569047,0.581497,0.645978,0.657396,0.616661,0.536612,0.548333,0.574988,0.712055,0.626090,0.681680,0.737700,0.602963,0.606717,0.656967,0.622923,0.695030,0.605904,0.563823,0.610380,0.602646,0.529583,0.716246,0.590490,0.630981,0.601656,0.719196,0.566775,0.514215,0.633925,0.580663,0.616875,0.652740,0.582019,0.737516,0.575884,0.580485,0.492149,0.800015,0.597534,0.597086,0.613901,0.577943,0.634621,0.835723,0.686164,0.598299,0.466465,0.593491,0.622225,0.601338,0.544008,0.589261,0.633104,0.628908,0.627116,0.581377,0.571234,0.620777,0.701297,0.513132,0.539781,0.547218,0.590701,0.598911,0.638163,0.713141,0.576869,0.552891,0.759189,0.619849,0.576433,0.686376,0.753717,0.631477,0.578882,0.735849,0.649036,0.604607,0.678445,0.620749,0.582809,0.481405,0.562532,0.628896,0.713107,0.528266,0.558809,0.638723,0.652868,0.611112,0.598015,0.631380,0.637793,0.564560,0.606088,0.598174,0.640410,0.628257,0.594880,0.753878,0.653750,0.469224,0.663710,0.721765,0.712355,0.681671,0.691470,0.745260,0.639523,0.661846,0.578692,0.622930,0.792729,0.673177,0.584651,0.716255,0.642991,0.634446,0.646707,0.615447,0.498331,0.587908,0.555316,0.615526,0.558220,0.729614,0.662966,0.730714,0.782980,0.609738,0.607025,0.684445,0.621139,0.640359,0.560950,0.524697,0.665144,0.802591,0.577400,0.621600,0.682980,0.766848,0.624236,0.565506,0.807927,0.623137,0.743915,0.598432,0.678474,0.650844,0.546875,0.633123,0.565141,0.649560,0.717582,0.725411,0.609559,0.515993,0.538610,0.593906,0.691837,0.696900,0.569910,0.558772,0.687408,0.709089,0.640546,0.618479,0.539782,0.703913,0.563792,0.523983,0.569613,0.715841,0.590877,0.633841,0.670664,0.487369,0.516278,0.556234,0.705981,0.643579,0.638291,0.612789,0.573192,0.642242,0.650790,0.761582,0.724818,0.618190,0.568250,0.684122,0.570389,0.649530,0.740071,0.580915,0.566894,0.619762,0.565717,0.709389,0.690327,0.652565,0.656954,0.521954,0.506283,0.635040,0.615160,0.656789,0.715920,0.638501,0.615692,0.601583,0.655012,0.612446,0.642690,0.607550,0.647467,0.608151,0.769666,0.685333,0.644061,0.658785,0.556425,0.493555,0.573198,0.630947,0.597634,0.502629,0.489942,0.567683,0.598548,0.665709,0.438821,0.546981,0.685816,0.599415,0.641910,0.611198,0.588885,0.562180,0.634785,0.676323,0.735214,0.585447,0.643745,0.564020,0.722042,0.615236,0.632852,0.676856,0.625727,0.638196,0.818855,0.543790,0.603325,0.720260,0.394618,0.656027,0.630555,0.649564,0.654735,0.603918,0.635774,0.781413,0.560694,0.771312,0.679352,0.615644,0.830688,0.692420,0.657039,0.812331,0.690929,0.650513,0.760460,0.625412,0.691012,0.803624,0.779136,0.410893,0.701536,0.606590,0.662198,0.771010,0.680415,0.606859,0.750622,0.688828,0.625434,0.708437,0.654943,0.655061,0.607019,0.581169,0.654242,0.740667,0.540363,0.677029,0.819413,0.712160,0.664713,0.763104,0.625046,0.701558,0.614162,0.636042,0.720158,0.636070,0.582391,0.557088,0.586610,0.655581,0.629892,0.696596,0.567017,0.708180,0.598460,0.717003,0.566435,0.711059,0.649435,0.627439,0.560911,0.625721,0.711752,0.569467,0.618548,0.765514,0.560440,0.587058,0.524114,0.589211,0.704665,0.691912,0.547542,0.731428,0.586546,0.639383,0.721678,0.556712,0.655465,0.708494,0.389545,0.000000,0.658701,0.595273,0.660284,0.780464,0.515417,0.713555,0.578655,0.604981,0.548942,0.493279,0.591925,0.598676,0.734658,0.633571,0.631180,0.753559,0.699382,0.540906,0.807938,0.773911,0.661850,0.664152,0.533856,0.619405,0.677319,0.640579,0.432771,0.714950,0.549219,0.646952,0.655083,0.615858,0.685051,0.681946,0.764736,0.648424,0.633748,0.583555,0.520818,0.677248,0.811519,0.592820,0.772768,0.670865,0.635027,0.597309,0.618535,0.743592,0.692346,0.650614,0.512192,0.617301,0.572489,0.607356,0.738490,0.537032,0.583718,0.680589,0.766427,0.471375,0.579939,0.686462,0.633208,0.601963,0.806217,0.697760,0.518671,0.630362,0.687733,0.552453,0.699398,0.602673,0.619155,0.731509,0.634764,0.584265,0.695524,0.685312,0.550841,0.565630,0.668879,0.618006,0.562538,0.545927
0.595104,0.587262,0.469224,0.592634,0.496973,0.495299,0.456010,0.426582,0.646950,0.475246,0.477789,0.521774,0.717003,0.513708,0.728266,0.485370,0.486010,0.533112,0.508204,0.626618,0.552267,0.664047,0.598243,0.507228,0.454626,0.532169,0.575038,0.483362,0.486051,0.589620,0.708224,0.550964,0.700472,0.693331,0.541625,0.569745,0.632978,0.514718,0.515082,0.505467,0.521022,0.618529,0.685835,0.654505,0.631173,0.723061,0.510798,0.607481,0.513013,0.565947,0.553137,0.646509,0.738505,0.770692,0.485450,0.770777,0.511703,0.492662,0.663919,0.577758,0.664815,0.538234,0.652611,0.542249,0.572424,0.490854,0.453422,0.656722,0.794691,0.656447,0.695708,0.705588,0.593254,0.638402,0.792920,0.773146,0.541636,0.515496,0.612852,0.514300,0.625749,0.570658,0.614107,0.742951,0.470113,0.689213,0.679706,0.470873,0.857113,0.411574,0.666867,0.419265,0.583599,0.528276,0.743699,0.660526,0.695365,0.712394,0.634157,0.581674,0.516429,0.796318,0.486890,0.544442,0.744898,0.527513,0.698827,0.498727,0.543841,0.520647,0.719353,0.498743,0.438856,0.520085,0.501268,0.448730,0.793517,0.758875,0.532253,0.476840,0.493628,0.605761,0.531997,0.831782,0.628815,0.525885,0.538490,0.630141,0.645095,0.549565,0.467226,0.569013,0.561918,0.524367,0.716801,0.470814,0.726803,0.620325,0.712642,0.604021,0.762632,0.771032,0.474390,0.642575,0.575442,0.713262,0.624648,0.751695,0.716995,0.805987,0.469361,0.705947,0.435194,0.495564,0.534944,0.634101,0.506958,0.703604,0.622407,0.527729,0.707726,0.505038,0.642398,0.426476,0.539586,0.675598,0.490342,0.808179,0.493390,0.667517,0.700632,0.604346,0.795048,0.510215,0.702945,0.402971,0.766634,0.531465,0.573881,0.758892,0.761920,0.790606,0.605621,0.546326,0.509182,0.698526,0.761798,0.546799,0.729641,0.656159,0.606990,0.482903,0.857520,0.773108,0.635361,0.538664,0.539340,0.569665,0.605303,0.594104,0.757797,0.710475,0.656206,0.453471,0.755716,0.530416,0.753410,0.626372,0.731892,0.571889,0.749753,0.624289,0.719090,0.738889,0.819431,0.529190,0.593037,0.795533,0.626855,0.714488,0.836106,0.580485,0.776360,0.321613,0.622086,0.588824,0.499359,0.744478,0.543039,0.765386,0.751907,0.622788,0.494289,0.532862,0.546420,0.603780,0.619022,0.753350,0.720445,0.525258,0.437462,0.595341,0.742177,0.769389,0.465532,0.756157,0.652537,0.420077,0.695054,0.462954,0.575638,0.630866,0.655947,0.573952,0.823325,0.553152,0.714063,0.704266,0.662389,0.713511,0.770972,0.852066,0.581788,0.644104,0.644382,0.555859,0.500376,0.676978,0.799364,0.579287,0.574844,0.540223,0.447929,0.731087,0.769010,0.599909,0.607562,0.615902,0.580886,0.500839,0.755965,0.713089,0.831929,0.464169,0.608318,0.559566,0.836142,0.598940,0.377062,0.813409,0.766779,0.791565,0.843560,0.621649,0.734785,0.548832,0.781671,0.736126,0.442094,0.519197,0.556104,0.752361,0.663901,0.513937,0.668239,0.774407,0.671185,0.653173,0.498138,0.728287,0.377405,0.577224,0.421613,0.615226,0.686114,0.632266,0.643430,0.513560,0.563753,0.852606,0.577129,0.777374,0.539707,0.587742,0.746233,0.644660,0.741335,0.455655,0.799553,0.717481,0.773882,0.694612,0.773237,0.513324,0.655233,0.547764,0.777452,0.468647,0.690115,0.568911,0.537696,0.703877,0.546099,0.816302,0.764716,0.727580,0.593383,0.787698,0.565398,0.807967,0.726897,0.659139,0.700760,0.706566,0.634752,0.681322,0.819660,0.417358,0.612349,0.761905,0.702401,0.651378,0.608120,0.582038,0.721444,0.418471,0.742926,0.756917,0.786032,0.718732,0.573553,0.645564,0.629807,0.529384,0.787900,0.649216,0.705001,0.436622,0.596749,0.709220,0.483847,0.514595,0.753208,0.504403,0.541480,0.570064,0.686409,0.726201,0.775003,0.559716,0.750118,0.645523,0.830827,0.454390,0.569529,0.788241,0.504860,0.721345,0.698564,0.388016,0.696755,0.739875,0.471447,0.771232,0.461376,0.681960,0.718918,0.451333,0.443778,0.576387,0.783330,0.576778,0.770594,0.547189,0.599363,0.676413,0.658701,0.000000,0.594096,0.765671,0.598140,0.651825,0.799806,0.686394,0.574318,0.569787,0.767149,0.681381,0.641644,0.725520,0.796964,0.694560,0.737056,0.665567,0.560171,0.706779,0.764232,0.676251,0.775692,0.788363,0.676908,0.688411,0.712046,0.639213,0.814819,0.670386,0.691409,0.624580,0.619069,0.663544,0.596679,0.715569,0.733477,0.565250,0.777429,0.733523,0.619338,0.815616,0.831473,0.754308,0.755711,0.625626,0.520926,0.693099,0.677435,0.740654,0.789961,0.634987,0.777774,0.558445,0.578490,0.765879,0.859762,0.718035,0.704823,0.676211,0.716675,0.723363,0.709802,0.790754,0.810004,0.822684,0.570375,0.664217,0.614130,0.650874,0.621089,0.673146,0.774336,0.692754,0.745688,0.656330,0.779386,0.522482,0.747212,0.543663,0.762764,0.629393,0.640187,0.870199,0.761822
0.595180,0.589827,0.680541,0.690920,0.710240,0.584758,0.564397,0.642771,0.620185,0.629522,0.585861,0.615914,0.613273,0.656985,0.685088,0.638071,0.698958,0.591855,0.684164,0.611522,0.588859,0.815178,0.653865,0.651833,0.604789,0.703436,0.618937,0.653245,0.700441,0.702277,0.475623,0.556453,0.724468,0.603295,0.732220,0.600741,0.692546,0.679048,0.661974,0.703399,0.670126,0.592315,0.728878,0.692379,0.615652,0.683843,0.683630,0.694569,0.655256,0.616543,0.678047,0.643336,0.681626,0.798422,0.662462,0.714727,0.703206,0.668194,0.701429,0.690651,0.650668,0.744702,0.731666,0.574163,0.668790,0.650791,0.690340,0.699000,0.617966,0.585606,0.673316,0.626169,0.613999,0.716929,0.661601,0.606280,0.678189,0.632567,0.687264,0.633480,0.660640,0.791842,0.711227,0.753013,0.759678,0.601923,0.724636,0.735673,0.727347,0.623137,0.600598,0.677456,0.716629,0.676301,0.696906,0.531649,0.539530,0.619881,0.740804,0.675764,0.607488,0.653171,0.741823,0.707903,0.638170,0.689638,0.731608,0.676954,0.799014,0.656492,0.670599,0.689740,0.641652,0.621701,0.659024,0.705476,0.784966,0.696847,0.673411,0.659096,0.662761,0.798431,0.756157,0.740809,0.694188,0.679143,0.745707,0.703300,0.540249,0.693003,0.753412,0.678041,0.540713,0.662995,0.730496,0.728692,0.693142,0.526981,0.584982,0.688446,0.669273,0.734078,0.743407,0.587460,0.696214,0.747566,0.749059,0.662507,0.584738,0.692427,0.749868,0.668709,0.725925,0.764672,0.616360,0.733056,0.703303,0.669534,0.587205,0.491906,0.646696,0.714806,0.769973,0.720896,0.606063,0.707214,0.686957,0.741462,0.703721,0.775724,0.628883,0.768421,0.793261,0.709893,0.655510,0.618977,0.696440,0.683429,0.719737,0.725027,0.822849,0.691633,0.679166,0.645906,0.768745,0.699018,0.709933,0.621350,0.622192,0.681477,0.799869,0.712617,0.678074,0.699926,0.619249,0.772186,0.738107,0.602427,0.639056,0.712512,0.763709,0.721827,0.590453,0.736579,0.572430,0.546277,0.704254,0.743824,0.673992,0.651677,0.728684,0.768506,0.707017,0.720238,0.837005,0.794193,0.793851,0.736515,0.690538,0.791470,0.594036,0.735685,0.693111,0.641243,0.728487,0.752569,0.777035,0.675468,0.722164,0.683744,0.602351,0.570181,0.731086,0.717031,0.814506,0.750111,0.570856,0.773860,0.775885,0.730874,0.743887,0.799641,0.720550,0.685648,0.670051,0.623979,0.660720,0.694224,0.693936,0.772429,0.676629,0.655070,0.651886,0.729751,0.708327,0.756353,0.617225,0.615338,0.755948,0.677702,0.706387,0.703432,0.736998,0.758026,0.548059,0.751930,0.758984,0.853247,0.647655,0.776239,0.609618,0.740329,0.748403,0.687606,0.688787,0.742333,0.623763,0.584736,0.767456,0.799054,0.666199,0.727776,0.764390,0.773210,0.707460,0.736718,0.673162,0.766702,0.647714,0.662891,0.521908,0.680250,0.667281,0.810059,0.749774,0.724234,0.677088,0.609980,0.738331,0.763043,0.661863,0.666895,0.739088,0.692284,0.772834,0.667002,0.632629,0.806067,0.716910,0.629060,0.726501,0.672064,0.621675,0.673376,0.645932,0.740051,0.676422,0.731514,0.735779,0.739875,0.730198,0.668862,0.615935,0.702751,0.656996,0.643186,0.666808,0.797108,0.671191,0.547980,0.718622,0.689504,0.636233,0.782497,0.535197,0.629611,0.789107,0.728130,0.758249,0.826648,0.713939,0.663800,0.777547,0.705166,0.768455,0.591372,0.840814,0.726885,0.751438,0.633313,0.681434,0.696432,0.715166,0.661242,0.661637,0.617267,0.742264,0.643768,0.775384,0.702945,0.667046,0.699761,0.739478,0.717348,0.632815,0.705239,0.726290,0.695944,0.791003,0.631701,0.735432,0.801128,0.801259,0.776014,0.653493,0.745360,0.658888,0.765729,0.750191,0.706684,0.768369,0.590070,0.595402,0.690509,0.713662,0.682938,0.854550,0.686491,0.754740,0.771404,0.774073,0.667033,0.680260,0.752532,0.548684,0.707527,0.720753,0.688605,0.644337,0.641621,0.722805,0.655711,0.766722,0.750884,0.750887,0.622581,0.737881,0.705682,0.730900,0.547392,0.713621,0.599569,0.676634,0.729401,0.686386,0.617274,0.595273,0.594096,0.000000,0.584424,0.581693,0.591997,0.799782,0.675789,0.772446,0.719353,0.667301,0.702663,0.775217,0.703739,0.720936,0.698132,0.609974,0.655753,0.728620,0.773947,0.715694,0.740190,0.646184,0.649458,0.759912,0.635274,0.696122,0.645755,0.785388,0.845896,0.710430,0.701309,0.679340,0.724973,0.719179,0.735468,0.639782,0.628860,0.729321,0.753144,0.772470,0.737074,0.749563,0.619611,0.752355,0.774768,0.589529,0.637561,0.649131,0.728100,0.659063,0.776330,0.665657,0.678549,0.738765,0.777970,0.626996,0.719843,0.830300,0.636308,0.689629,0.700607,0.675111,0.704123,0.714452,0.751422,0.641433,0.673380,0.780466,0.787855,0.762127,0.819029,0.712465,0.768453,0.736866,0.609458,0.723757,0.723992,0.666269,0.743799,0.681746,0.749282,0.741583,0.622584,0.731153
0.595231,0.712099,0.681734,0.677189,0.748443,0.532698,0.510296,0.744682,0.555209,0.659207,0.488710,0.605809,0.621845,0.627766,0.711572,0.712799,0.800943,0.639200,0.819965,0.461918,0.598095,0.851831,0.668572,0.787732,0.667484,0.768384,0.771052,0.798501,0.809884,0.781652,0.769315,0.572480,0.868017,0.702288,0.786703,0.506469,0.639173,0.756596,0.612486,0.748002,0.789607,0.775611,0.791158,0.629337,0.571700,0.773915,0.692331,0.757974,0.775332,0.622789,0.706212,0.687588,0.760366,0.903169,0.781867,0.829450,0.793212,0.808916,0.702626,0.727362,0.770681,0.792279,0.866084,0.659110,0.722455,0.810853,0.728633,0.790648,0.729200,0.613263,0.588311,0.722064,0.637751,0.777882,0.697126,0.738594,0.734497,0.757509,0.810402,0.709780,0.543534,0.791676,0.772194,0.875121,0.815481,0.563809,0.766448,0.824399,0.767165,0.765086,0.656875,0.803548,0.748325,0.833111,0.795527,0.524922,0.721921,0.771911,0.801129,0.708501,0.734693,0.607742,0.773109,0.768658,0.671346,0.823248,0.897160,0.806856,0.841042,0.687994,0.758037,0.764942,0.677995,0.628303,0.826952,0.773837,0.900915,0.564530,0.778353,0.796773,0.758282,0.819041,0.813172,0.766801,0.728373,0.842026,0.804605,0.818477,0.769466,0.720537,0.780390,0.585835,0.630151,0.789839,0.729282,0.823994,0.757213,0.694696,0.611207,0.786134,0.621294,0.853114,0.870053,0.632101,0.798092,0.810749,0.805142,0.721245,0.585276,0.737733,0.794860,0.731531,0.832814,0.784708,0.749163,0.730577,0.789106,0.632929,0.765006,0.689208,0.300309,0.801255,0.793524,0.784366,0.693290,0.847534,0.815098,0.672187,0.853220,0.853182,0.624360,0.778239,0.877857,0.618665,0.720351,0.802325,0.770614,0.733637,0.748846,0.780685,0.804807,0.641235,0.749583,0.776466,0.797461,0.775075,0.822184,0.666504,0.691410,0.644017,0.812616,0.855315,0.735308,0.580610,0.841867,0.841476,0.863461,0.783647,0.593478,0.761518,0.892996,0.870331,0.642342,0.790468,0.723675,0.679804,0.446237,0.843213,0.779446,0.805262,0.856454,0.815972,0.796788,0.689470,0.831065,0.855111,0.823438,0.816216,0.814732,0.893732,0.714204,0.769602,0.825787,0.826695,0.820242,0.778038,0.810579,0.883098,0.800691,0.681618,0.672582,0.725432,0.772177,0.760187,0.827387,0.834817,0.709689,0.821747,0.794059,0.827919,0.798957,0.816238,0.756778,0.820606,0.813672,0.791090,0.846494,0.811860,0.688549,0.855709,0.685050,0.673715,0.737172,0.754000,0.788490,0.798202,0.341324,0.605776,0.803881,0.723420,0.883916,0.741902,0.839374,0.812650,0.666113,0.831648,0.879478,0.876218,0.757416,0.767005,0.767628,0.803795,0.821052,0.431419,0.421223,0.827121,0.706578,0.814251,0.836474,0.834980,0.670862,0.689005,0.847186,0.822754,0.825440,0.859910,0.825772,0.837378,0.822589,0.757311,0.834873,0.599658,0.624773,0.718265,0.709354,0.824085,0.751478,0.267450,0.775890,0.780689,0.831377,0.730746,0.795935,0.775573,0.779009,0.682078,0.712033,0.853266,0.740071,0.317831,0.764853,0.758763,0.858178,0.694996,0.475802,0.868072,0.778092,0.842843,0.802981,0.777370,0.790713,0.558008,0.668638,0.794642,0.495505,0.819701,0.717610,0.846459,0.824670,0.812984,0.446339,0.756220,0.753927,0.821359,0.808376,0.749326,0.891442,0.818297,0.657031,0.838433,0.812201,0.794177,0.833463,0.724050,0.877437,0.582592,0.854266,0.967976,0.763977,0.450996,0.621545,0.886029,0.710525,0.746523,0.731800,0.348023,0.765621,0.830520,0.808567,0.623440,0.605953,0.810514,0.738793,0.810775,0.549274,0.810975,0.388483,0.926154,0.901538,0.643446,0.714841,0.910923,0.853723,0.834969,0.715860,0.792923,0.696699,0.821582,0.846636,0.868115,0.809442,0.804077,0.627795,0.754726,0.831323,0.627188,0.856626,0.762666,0.768671,0.845689,0.773322,0.807544,0.729752,0.865246,0.769539,0.762317,0.707120,0.745170,0.666091,0.837220,0.618836,0.678995,0.862261,0.814289,0.847107,0.712766,0.589665,0.847543,0.655458,0.590391,0.662284,0.715327,0.677760,0.840701,0.782569,0.745342,0.660284,0.765671,0.584424,0.000000,0.662800,0.698778,0.583981,0.586100,0.864273,0.834281,0.616670,0.674952,0.825555,0.794823,0.537183,0.767604,0.493332,0.532513,0.852395,0.883251,0.697932,0.512608,0.738055,0.584684,0.716015,0.580086,0.704729,0.698107,0.759305,0.801746,0.771831,0.777198,0.793679,0.721851,0.834890,0.692758,0.714060,0.785465,0.776747,0.804972,0.805206,0.862999,0.784088,0.574402,0.759438,0.781359,0.626480,0.294957,0.601466,0.749643,0.197537,0.774451,0.676862,0.746476,0.802777,0.908820,0.739327,0.784394,0.851171,0.608959,0.670218,0.665303,0.702846,0.787360,0.727651,0.911463,0.853751,0.759599,0.828424,0.712342,0.798510,0.796917,0.726790,0.619894,0.687480,0.699702,0.780454,0.765800,0.352555,0.873621,0.612068,0.892147,0.639334,0.734733,0.680141
0.595234,0.643861,0.634969,0.662407,0.669085,0.512621,0.419154,0.642481,0.589447,0.548415,0.457625,0.596536,0.626071,0.600367,0.690627,0.703666,0.684773,0.526477,0.711605,0.581710,0.612341,0.726355,0.633888,0.603476,0.602183,0.600881,0.683630,0.723404,0.717953,0.686407,0.628771,0.741472,0.700768,0.670583,0.750951,0.429741,0.633962,0.620289,0.427710,0.655756,0.774007,0.488713,0.719115,0.716001,0.556051,0.746335,0.688788,0.777368,0.732941,0.499137,0.703579,0.505376,0.677062,0.746370,0.624117,0.816254,0.733108,0.670447,0.740188,0.651670,0.656396,0.761115,0.688092,0.467720,0.608586,0.681222,0.792003,0.673525,0.748007,0.581129,0.643015,0.665477,0.555604,0.674901,0.664697,0.613054,0.576168,0.659236,0.752454,0.522677,0.625593,0.688177,0.687586,0.712641,0.780300,0.517903,0.750074,0.753086,0.737567,0.540870,0.567366,0.645723,0.704804,0.740881,0.718752,0.469378,0.652266,0.673410,0.750269,0.596230,0.714104,0.733502,0.655897,0.713451,0.714062,0.628456,0.663457,0.676435,0.815934,0.558121,0.596054,0.780358,0.561072,0.570240,0.756154,0.754491,0.740519,0.664403,0.510054,0.636268,0.615677,0.802791,0.821149,0.793019,0.677390,0.700950,0.753742,0.656087,0.705754,0.682427,0.744123,0.528615,0.536539,0.659263,0.718115,0.764632,0.770496,0.489260,0.564086,0.647547,0.649297,0.774337,0.776273,0.570252,0.786323,0.755972,0.735454,0.791037,0.586991,0.758500,0.794343,0.739489,0.763762,0.796063,0.685143,0.747509,0.523607,0.548573,0.767300,0.592516,0.666135,0.675130,0.731169,0.787226,0.631062,0.661695,0.767429,0.692254,0.712392,0.851659,0.593773,0.805160,0.707019,0.558889,0.688321,0.547435,0.674456,0.718236,0.744859,0.668545,0.842684,0.739789,0.527105,0.712867,0.801973,0.550954,0.729688,0.549650,0.593370,0.595818,0.743086,0.746261,0.681337,0.616370,0.733441,0.776013,0.749625,0.752244,0.532634,0.725718,0.710771,0.655560,0.663812,0.766881,0.590486,0.479146,0.748751,0.761107,0.798960,0.686911,0.674587,0.831459,0.756257,0.784922,0.790975,0.828175,0.851802,0.658017,0.728199,0.776873,0.752220,0.782170,0.745638,0.743004,0.740942,0.806705,0.820513,0.686220,0.724805,0.737599,0.601696,0.706890,0.817764,0.770501,0.755028,0.832603,0.571595,0.800936,0.768794,0.791637,0.782150,0.889257,0.684286,0.782829,0.711137,0.774305,0.547222,0.753008,0.645025,0.691637,0.691749,0.780827,0.636608,0.755719,0.744091,0.844488,0.663171,0.729447,0.827129,0.722485,0.681214,0.721929,0.779114,0.700194,0.653341,0.740648,0.676553,0.867643,0.848974,0.758424,0.539039,0.718443,0.723061,0.637679,0.730925,0.773578,0.505618,0.774289,0.882673,0.758027,0.694546,0.797480,0.849348,0.843728,0.688890,0.747443,0.777741,0.672499,0.700710,0.726030,0.744582,0.722877,0.681517,0.799604,0.704779,0.778887,0.701792,0.663798,0.775996,0.839252,0.791949,0.772628,0.737497,0.677499,0.780324,0.670497,0.763406,0.768010,0.756433,0.641091,0.790164,0.538932,0.688011,0.650027,0.619460,0.806219,0.855005,0.739451,0.835285,0.769061,0.754935,0.601118,0.472340,0.649981,0.580610,0.568067,0.781070,0.754910,0.710242,0.742743,0.785377,0.780394,0.769104,0.752279,0.719520,0.664303,0.764793,0.689538,0.739237,0.804240,0.811643,0.521716,0.731858,0.786316,0.700260,0.610496,0.712843,0.722203,0.779660,0.727662,0.593334,0.676705,0.731268,0.690646,0.786656,0.590218,0.803314,0.580284,0.742671,0.789918,0.667654,0.803555,0.793345,0.567934,0.598808,0.772836,0.697402,0.779371,0.756594,0.608767,0.633298,0.703175,0.809223,0.827554,0.618838,0.733916,0.649506,0.828744,0.805342,0.726977,0.830679,0.628857,0.753999,0.630217,0.753755,0.587926,0.834603,0.760689,0.764314,0.792536,0.728457,0.673925,0.713054,0.719952,0.595378,0.836684,0.729544,0.710305,0.607618,0.701122,0.661844,0.635791,0.770517,0.754259,0.791211,0.530709,0.662348,0.802331,0.398529,0.579650,0.749022,0.594318,0.742230,0.769592,0.629192,0.687878,0.780464,0.598140,0.581693,0.662800,0.000000,0.709188,0.823401,0.514577,0.840558,0.774821,0.621461,0.717051,0.827679,0.731337,0.808169,0.757897,0.681872,0.600502,0.744356,0.764450,0.776494,0.687457,0.729169,0.694291,0.803714,0.583657,0.717929,0.587642,0.818548,0.895480,0.781434,0.821248,0.772247,0.714861,0.810695,0.697570,0.631523,0.558259,0.815238,0.796854,0.827592,0.722799,0.852376,0.597418,0.723968,0.879650,0.674047,0.607002,0.497519,0.671714,0.732372,0.757964,0.720529,0.757211,0.804663,0.734337,0.778397,0.678512,0.811240,0.554343,0.716978,0.738653,0.554623,0.832706,0.757261,0.788358,0.628013,0.714735,0.767419,0.885793,0.847264,0.851921,0.816621,0.748198,0.606234,0.727301,0.873262,0.633380,0.675724,0.812282,0.658420,0.882968,0.674417,0.748209,0.811857
0.595342,0.569355,0.606312,0.699468,0.622230,0.631943,0.633137,0.659318,0.563971,0.622799,0.672271,0.609147,0.538864,0.686546,0.565076,0.573539,0.617325,0.574097,0.599367,0.622342,0.436215,0.686295,0.531732,0.650006,0.561818,0.594574,0.581988,0.671386,0.666064,0.578947,0.570265,0.485165,0.692531,0.594771,0.582302,0.614785,0.566596,0.649088,0.689830,0.699014,0.640736,0.717280,0.725429,0.620997,0.584232,0.602789,0.548680,0.628208,0.650302,0.692797,0.656655,0.703107,0.622228,0.774404,0.627949,0.623541,0.703747,0.656869,0.626334,0.648571,0.612311,0.660295,0.700449,0.576983,0.712955,0.558783,0.619707,0.650638,0.663110,0.564783,0.528533,0.610316,0.594466,0.679322,0.575691,0.664492,0.705981,0.590694,0.727880,0.560537,0.704309,0.693830,0.686769,0.747931,0.620259,0.634380,0.776126,0.661621,0.672043,0.697352,0.592245,0.660769,0.739906,0.569251,0.629066,0.670723,0.702628,0.622659,0.692213,0.557211,0.479764,0.582912,0.637301,0.680011,0.615900,0.606418,0.741629,0.630057,0.595117,0.631887,0.720159,0.621392,0.628297,0.622022,0.653753,0.717839,0.813071,0.622324,0.660012,0.578564,0.632192,0.669645,0.657369,0.655666,0.582153,0.658843,0.639632,0.566774,0.560028,0.687668,0.664921,0.666535,0.568764,0.584261,0.646562,0.625854,0.706850,0.688306,0.608852,0.536430,0.647018,0.714120,0.747742,0.612054,0.700086,0.689872,0.703895,0.634247,0.657611,0.627233,0.746218,0.648867,0.709325,0.644625,0.623381,0.665524,0.720695,0.650500,0.555578,0.609431,0.610961,0.761331,0.649643,0.687470,0.692631,0.586048,0.575117,0.703266,0.671730,0.671357,0.651529,0.645602,0.785812,0.714750,0.568008,0.734317,0.684160,0.706679,0.684766,0.759864,0.652354,0.637524,0.613692,0.618204,0.696658,0.719757,0.674162,0.617747,0.725322,0.728270,0.640149,0.703627,0.632862,0.595959,0.634431,0.598838,0.667634,0.506958,0.708466,0.662587,0.754057,0.720699,0.577390,0.632916,0.650516,0.730276,0.602315,0.601875,0.629942,0.724687,0.726575,0.647157,0.637934,0.745910,0.739328,0.713424,0.586808,0.765459,0.685682,0.730785,0.656909,0.694931,0.660093,0.616960,0.712128,0.609479,0.730323,0.672584,0.732877,0.682547,0.632362,0.570115,0.583278,0.706106,0.702535,0.613662,0.676591,0.721460,0.690926,0.666121,0.726253,0.598277,0.596663,0.691097,0.618786,0.559617,0.742328,0.689263,0.584947,0.753984,0.447114,0.503921,0.666668,0.770351,0.677903,0.630112,0.580622,0.646124,0.718055,0.642229,0.702893,0.682015,0.678612,0.639150,0.605247,0.649179,0.728851,0.677730,0.647395,0.586137,0.748668,0.613152,0.766510,0.700851,0.626400,0.702278,0.648769,0.521813,0.686969,0.699721,0.637410,0.749743,0.731651,0.743834,0.611168,0.700050,0.607387,0.708750,0.670167,0.660499,0.582756,0.836442,0.679196,0.680449,0.717454,0.585117,0.577253,0.608754,0.741807,0.737457,0.583615,0.547850,0.573837,0.633079,0.670818,0.570139,0.574953,0.637665,0.577811,0.690949,0.672118,0.670262,0.587430,0.601186,0.608763,0.720508,0.668609,0.696796,0.640247,0.702546,0.596093,0.639200,0.785938,0.586568,0.643914,0.670384,0.503991,0.734683,0.708726,0.591023,0.703049,0.657835,0.617889,0.744289,0.640141,0.668765,0.752918,0.666145,0.660855,0.745289,0.663397,0.736709,0.733417,0.694180,0.804534,0.764222,0.699482,0.739264,0.647681,0.717949,0.780472,0.669634,0.626782,0.726457,0.643278,0.612078,0.725556,0.695047,0.579095,0.702421,0.617911,0.704614,0.649599,0.746008,0.713121,0.705243,0.589452,0.739450,0.766548,0.668161,0.626816,0.739502,0.734665,0.669887,0.650848,0.638416,0.664356,0.643834,0.723578,0.655214,0.711692,0.638444,0.598718,0.576306,0.722039,0.589205,0.784269,0.624285,0.626376,0.663344,0.732066,0.668155,0.622455,0.671984,0.684952,0.695438,0.606352,0.750529,0.669760,0.669357,0.769377,0.671834,0.629774,0.605030,0.649050,0.718391,0.656102,0.590901,0.770707,0.627737,0.681055,0.710861,0.551167,0.707127,0.800539,0.605659,0.515417,0.651825,0.591997,0.698778,0.709188,0.000000,0.720860,0.575179,0.692022,0.620086,0.625439,0.561408,0.716182,0.739442,0.663885,0.578781,0.716130,0.731395,0.558671,0.809777,0.679509,0.682713,0.668335,0.579425,0.642542,0.662670,0.603160,0.631691,0.730266,0.587401,0.765514,0.677088,0.689935,0.721197,0.711843,0.797851,0.755188,0.625835,0.620266,0.570984,0.680510,0.757526,0.744173,0.684930,0.636356,0.640143,0.641485,0.637415,0.699623,0.715020,0.684419,0.654651,0.636931,0.647454,0.631589,0.734337,0.637778,0.691862,0.721578,0.741422,0.532358,0.690713,0.702755,0.694368,0.644492,0.725331,0.620305,0.528448,0.771547,0.702156,0.595070,0.802763,0.667693,0.726453,0.664174,0.694107,0.587790,0.727783,0.681400,0.555233,0.554189,0.712918,0.617821,0.628897,0.492150
0.595393,0.732528,0.709878,0.727635,0.755195,0.755334,0.698471,0.823507,0.702507,0.762674,0.693450,0.688708,0.731378,0.792181,0.712537,0.745677,0.829990,0.721661,0.821885,0.672247,0.691865,0.809010,0.750280,0.901481,0.779770,0.751127,0.749111,0.814874,0.803535,0.814411,0.785432,0.727564,0.779545,0.767371,0.800266,0.726580,0.727058,0.803915,0.758120,0.799594,0.775679,0.759196,0.753963,0.495805,0.763018,0.788095,0.734768,0.792409,0.773894,0.790536,0.768094,0.773202,0.845754,0.806940,0.810964,0.814616,0.814324,0.875829,0.676208,0.774440,0.796345,0.703428,0.805964,0.720237,0.826415,0.808842,0.733893,0.843288,0.744440,0.704699,0.692460,0.761948,0.760770,0.807234,0.756216,0.801367,0.816259,0.858333,0.861590,0.752712,0.720684,0.867906,0.849179,0.821531,0.814140,0.761544,0.809105,0.824506,0.797323,0.766459,0.768934,0.876954,0.808099,0.812106,0.871138,0.809511,0.795783,0.786627,0.828733,0.835791,0.814533,0.674839,0.850335,0.810907,0.687925,0.805555,0.819972,0.816672,0.777383,0.798944,0.781205,0.784220,0.719193,0.807846,0.812387,0.809535,0.860643,0.668145,0.845812,0.813698,0.801214,0.835443,0.812509,0.780557,0.792369,0.871768,0.811068,0.849789,0.768101,0.781823,0.805183,0.758033,0.751332,0.813124,0.756941,0.825577,0.822243,0.843798,0.729779,0.813147,0.734659,0.834262,0.891974,0.799368,0.754923,0.816611,0.823122,0.683478,0.716161,0.666087,0.831514,0.746947,0.837680,0.761982,0.726805,0.847469,0.879478,0.721401,0.781605,0.778850,0.387935,0.835599,0.831366,0.836706,0.868468,0.850264,0.808729,0.748800,0.897879,0.805007,0.723763,0.770467,0.818602,0.763647,0.780263,0.864001,0.748484,0.810923,0.836369,0.836887,0.778918,0.682365,0.778322,0.877112,0.802659,0.810291,0.849374,0.769232,0.803725,0.755290,0.832118,0.896553,0.779771,0.698102,0.795033,0.857143,0.835942,0.796286,0.712831,0.804695,0.825675,0.814412,0.694346,0.855719,0.734551,0.798129,0.303116,0.863690,0.805606,0.773916,0.815479,0.786057,0.793445,0.808533,0.806676,0.873883,0.707325,0.783616,0.870662,0.852649,0.798754,0.776762,0.814151,0.787692,0.885964,0.802395,0.856618,0.808118,0.806976,0.713764,0.748257,0.779400,0.779864,0.741038,0.748417,0.907483,0.807445,0.890347,0.836734,0.813096,0.861063,0.772496,0.773168,0.776004,0.786813,0.785996,0.832607,0.827842,0.757101,0.771456,0.719779,0.744934,0.761526,0.702876,0.795302,0.775705,0.561842,0.750324,0.788673,0.763642,0.819253,0.779220,0.849750,0.835059,0.657761,0.848133,0.907769,0.821962,0.773941,0.763488,0.900775,0.864104,0.840097,0.642355,0.537260,0.863714,0.858512,0.821130,0.860750,0.844902,0.649040,0.866215,0.801913,0.850537,0.793160,0.813086,0.807974,0.887165,0.838138,0.767055,0.820258,0.819010,0.778170,0.747758,0.786408,0.795302,0.777041,0.602915,0.851220,0.815094,0.822881,0.785691,0.798236,0.827692,0.860681,0.757130,0.729212,0.795203,0.796725,0.650143,0.762867,0.885894,0.829655,0.757635,0.686257,0.740101,0.730569,0.895546,0.795636,0.802147,0.747575,0.680634,0.832064,0.808467,0.658598,0.817175,0.748429,0.810380,0.815812,0.806022,0.724486,0.765890,0.710598,0.895342,0.852995,0.808448,0.826669,0.819454,0.442822,0.799797,0.724390,0.820619,0.839298,0.810434,0.730532,0.720845,0.891605,0.856729,0.823969,0.613169,0.715233,0.811826,0.742163,0.743563,0.800899,0.674898,0.749190,0.875623,0.793124,0.707665,0.661646,0.779760,0.832088,0.892993,0.753495,0.830260,0.559189,0.853766,0.833897,0.754993,0.776162,0.853116,0.913426,0.774083,0.741024,0.826895,0.713363,0.816188,0.851635,0.845333,0.857093,0.838317,0.657965,0.767747,0.825494,0.743004,0.825856,0.720319,0.730200,0.856373,0.784021,0.807935,0.733050,0.868608,0.762642,0.801719,0.748992,0.769160,0.754506,0.846905,0.764619,0.817082,0.842434,0.849224,0.828359,0.792708,0.734610,0.819979,0.817372,0.691605,0.709641,0.763695,0.754748,0.856308,0.801333,0.762181,0.713555,0.799806,0.799782,0.583981,0.823401,0.720860,0.000000,0.789900,0.828262,0.802244,0.713903,0.648896,0.849265,0.802633,0.662073,0.809134,0.626090,0.732760,0.746364,0.857971,0.736002,0.762166,0.838657,0.680816,0.718100,0.731135,0.697691,0.812822,0.823635,0.716130,0.779227,0.838282,0.784443,0.789342,0.896864,0.825136,0.830617,0.772403,0.809787,0.800204,0.828313,0.741339,0.791790,0.704783,0.800143,0.741227,0.682359,0.636646,0.789982,0.783682,0.581943,0.796746,0.694072,0.784321,0.821726,0.841637,0.795067,0.841356,0.895829,0.790910,0.677596,0.832889,0.799797,0.872291,0.789178,0.802132,0.827005,0.779778,0.816670,0.706391,0.782092,0.843844,0.714568,0.734722,0.771634,0.714984,0.789013,0.832892,0.686631,0.787423,0.678053,0.878509,0.764776,0.804334,0.757714
0.595442,0.651326,0.641467,0.609549,0.682769,0.503667,0.454990,0.605538,0.471841,0.505795,0.457896,0.523254,0.477007,0.483205,0.530447,0.595754,0.668745,0.552897,0.670243,0.522763,0.435225,0.725299,0.487029,0.595672,0.488540,0.588698,0.636489,0.672234,0.717448,0.583327,0.676147,0.555789,0.719543,0.617872,0.647344,0.326000,0.482074,0.592046,0.450328,0.660189,0.684096,0.599461,0.731498,0.643458,0.415625,0.703711,0.636537,0.659912,0.648391,0.483130,0.649283,0.588037,0.591548,0.764454,0.572748,0.668693,0.725637,0.642580,0.601552,0.581340,0.605340,0.694252,0.680496,0.616895,0.575878,0.612906,0.696071,0.623052,0.594289,0.570191,0.457318,0.582243,0.569318,0.668104,0.551512,0.611708,0.640452,0.586190,0.712554,0.527015,0.556574,0.672501,0.655153,0.758809,0.720442,0.468609,0.782607,0.697697,0.734695,0.593804,0.423758,0.618853,0.780836,0.667756,0.645561,0.461427,0.647464,0.585358,0.695969,0.470109,0.620589,0.606038,0.607967,0.682360,0.623040,0.639296,0.687474,0.644707,0.707956,0.479274,0.708411,0.731867,0.556415,0.557012,0.686285,0.731254,0.801643,0.658800,0.522576,0.580569,0.551716,0.719566,0.766269,0.581698,0.628662,0.685773,0.733579,0.590506,0.658147,0.612256,0.734443,0.523812,0.468301,0.567139,0.530731,0.696133,0.667879,0.552955,0.623750,0.580820,0.405037,0.758525,0.726029,0.563131,0.756004,0.789297,0.751430,0.613584,0.569398,0.685945,0.744799,0.652292,0.760821,0.719261,0.595653,0.612184,0.592342,0.533438,0.653869,0.616532,0.606812,0.720252,0.684717,0.716648,0.584370,0.622773,0.676977,0.541559,0.720561,0.710173,0.629321,0.703649,0.730270,0.526281,0.500241,0.685659,0.697236,0.694503,0.698033,0.680440,0.767558,0.668018,0.665486,0.714226,0.734856,0.657014,0.650742,0.531548,0.632121,0.499300,0.719294,0.728277,0.545780,0.472677,0.687041,0.643061,0.747378,0.610492,0.596534,0.667537,0.727025,0.698224,0.539670,0.699120,0.585913,0.508340,0.651376,0.638523,0.616603,0.703235,0.711935,0.656803,0.640557,0.666476,0.847110,0.772271,0.682459,0.705508,0.674823,0.729246,0.639473,0.748686,0.641543,0.732941,0.718019,0.657517,0.745305,0.725024,0.669765,0.629121,0.423022,0.602539,0.703304,0.762702,0.727165,0.674581,0.608606,0.777716,0.831383,0.746677,0.729045,0.685653,0.644238,0.646312,0.665230,0.660724,0.647978,0.724855,0.544837,0.792917,0.515402,0.632971,0.644172,0.759656,0.622263,0.763318,0.542067,0.602059,0.749755,0.629866,0.692237,0.633007,0.767572,0.671783,0.594321,0.696988,0.658821,0.828074,0.748081,0.667291,0.599771,0.647870,0.815779,0.523055,0.608581,0.719827,0.599237,0.660152,0.748007,0.734364,0.642833,0.731974,0.760642,0.711332,0.634697,0.765517,0.674531,0.724704,0.708313,0.661334,0.749427,0.745542,0.581277,0.663687,0.715831,0.696043,0.551615,0.564237,0.744321,0.713638,0.720645,0.550221,0.639993,0.649441,0.702156,0.459770,0.628277,0.751435,0.679998,0.569252,0.763635,0.509564,0.724808,0.551655,0.522806,0.837400,0.747144,0.727812,0.721277,0.657068,0.730091,0.566791,0.537209,0.585941,0.569341,0.650536,0.676349,0.797876,0.700513,0.620277,0.597545,0.659681,0.671279,0.749427,0.718496,0.663379,0.782059,0.667642,0.754079,0.754041,0.719117,0.741122,0.661464,0.613430,0.774482,0.672341,0.707566,0.767524,0.699250,0.672307,0.668962,0.725243,0.565741,0.769239,0.621684,0.516046,0.834792,0.689141,0.536802,0.797014,0.678168,0.720521,0.778556,0.632715,0.565122,0.743562,0.551975,0.770307,0.777800,0.568148,0.677978,0.762106,0.765283,0.760455,0.698234,0.595903,0.627892,0.736021,0.737371,0.759414,0.747843,0.676674,0.571714,0.562508,0.737184,0.475409,0.745145,0.659341,0.700554,0.728120,0.664482,0.711678,0.681949,0.727742,0.680740,0.721775,0.728110,0.745604,0.551766,0.690351,0.723051,0.512236,0.694100,0.597131,0.694350,0.653989,0.715731,0.733961,0.526881,0.568362,0.672024,0.624155,0.476866,0.751414,0.688150,0.508896,0.578655,0.686394,0.675789,0.586100,0.514577,0.575179,0.789900,0.000000,0.758500,0.646766,0.439039,0.630371,0.716060,0.690492,0.646304,0.663229,0.712691,0.594466,0.680880,0.778609,0.812568,0.646700,0.616257,0.553438,0.687739,0.477805,0.696165,0.540536,0.768749,0.687473,0.708261,0.767815,0.740203,0.657831,0.716105,0.760641,0.688595,0.696268,0.718947,0.596012,0.758537,0.768082,0.737206,0.579829,0.681802,0.775148,0.588198,0.481498,0.584743,0.683332,0.617239,0.704672,0.618777,0.665005,0.732453,0.781909,0.693200,0.579878,0.774523,0.614300,0.438686,0.611567,0.597569,0.706666,0.610246,0.833776,0.727207,0.608002,0.723749,0.777529,0.628260,0.786798,0.700950,0.631486,0.587803,0.620513,0.731770,0.711501,0.564679,0.688815,0.589274,0.752675,0.537341,0.671629,0.625103
0.595516,0.557980,0.347575,0.596482,0.377973,0.572822,0.670077,0.329384,0.673559,0.501982,0.717033,0.549561,0.695199,0.482000,0.634692,0.383459,0.351253,0.670372,0.326858,0.734655,0.590646,0.428051,0.564713,0.442732,0.434033,0.487282,0.503713,0.358583,0.364831,0.506561,0.814101,0.485133,0.682699,0.765185,0.418328,0.721665,0.614907,0.534444,0.705239,0.404566,0.329637,0.783055,0.710102,0.643824,0.794337,0.670782,0.441919,0.464946,0.383852,0.652766,0.443080,0.852750,0.730134,0.737584,0.404257,0.561350,0.394432,0.404399,0.629657,0.604888,0.617499,0.470888,0.712151,0.727906,0.450023,0.406190,0.306322,0.572410,0.702403,0.765249,0.717413,0.684846,0.655278,0.543168,0.795732,0.841362,0.518189,0.463825,0.424625,0.628973,0.838053,0.359216,0.498769,0.768945,0.364544,0.765771,0.479003,0.302762,0.759062,0.599036,0.704633,0.381290,0.454149,0.389283,0.783755,0.775986,0.799360,0.676291,0.602634,0.637362,0.407857,0.745187,0.382275,0.378298,0.738030,0.449360,0.746067,0.411253,0.367112,0.664473,0.880060,0.262634,0.645692,0.590660,0.324453,0.334796,0.805728,0.778374,0.555861,0.411005,0.476852,0.390846,0.284547,0.698443,0.588295,0.441667,0.376529,0.598112,0.699041,0.583017,0.274597,0.704202,0.583228,0.428430,0.671248,0.302604,0.600595,0.702568,0.795861,0.597820,0.731157,0.736342,0.283562,0.709466,0.348385,0.727827,0.473146,0.679142,0.894411,0.780717,0.281112,0.728755,0.261792,0.272365,0.467347,0.444053,0.587062,0.827688,0.536302,0.687930,0.791071,0.453535,0.520890,0.313335,0.665690,0.669095,0.308346,0.774014,0.403919,0.488624,0.723775,0.385916,0.761643,0.638531,0.663979,0.601546,0.882656,0.541343,0.501123,0.760015,0.563381,0.759109,0.687790,0.449738,0.314022,0.850043,0.639047,0.701378,0.868439,0.758948,0.428716,0.335241,0.808637,0.826489,0.500217,0.315016,0.308167,0.482010,0.834007,0.465859,0.727618,0.763746,0.754059,0.331642,0.900582,0.634381,0.763805,0.545649,0.612140,0.667993,0.760214,0.565537,0.679074,0.667894,0.607490,0.327603,0.499453,0.928399,0.415446,0.635744,0.841852,0.554019,0.643079,0.353186,0.366384,0.392891,0.309088,0.831111,0.550403,0.639811,0.799482,0.695956,0.346274,0.486249,0.547920,0.427245,0.711052,0.645723,0.655887,0.331807,0.282597,0.441019,0.688466,0.636580,0.405724,0.735647,0.771749,0.355896,0.725837,0.400867,0.574292,0.691597,0.695495,0.571659,0.663228,0.295179,0.774702,0.693045,0.556229,0.733668,0.807131,0.804025,0.301970,0.554595,0.790546,0.298397,0.372526,0.499691,0.690104,0.472419,0.611701,0.427227,0.446408,0.765849,0.840010,0.312692,0.715729,0.514153,0.401322,0.272887,0.820014,0.586166,0.664798,0.308021,0.635202,0.321709,0.724978,0.544139,0.367996,0.687867,0.799924,0.756333,0.864103,0.582771,0.576437,0.420798,0.742521,0.812065,0.467354,0.456326,0.504929,0.673679,0.595944,0.589914,0.496700,0.726366,0.660679,0.498405,0.448843,0.768607,0.324905,0.636432,0.389951,0.505596,0.811557,0.686754,0.488543,0.319462,0.337088,0.776426,0.534311,0.832431,0.749897,0.452572,0.816520,0.854947,0.604385,0.326916,0.852289,0.582508,0.686158,0.716846,0.763977,0.308540,0.725137,0.596715,0.777383,0.505678,0.785096,0.411049,0.368183,0.914016,0.635526,0.687893,0.792388,0.808745,0.394162,0.727782,0.384723,0.880755,0.856476,0.780842,0.681769,0.722459,0.612391,0.842089,0.804879,0.551330,0.590055,0.781889,0.863351,0.535239,0.661324,0.577336,0.765258,0.318268,0.812114,0.726451,0.782115,0.749701,0.662167,0.802418,0.385767,0.282346,0.892968,0.740225,0.721612,0.353381,0.290267,0.701413,0.314696,0.467941,0.773405,0.641904,0.491882,0.728727,0.486855,0.599443,0.765361,0.344567,0.691494,0.617780,0.800560,0.354753,0.561918,0.635910,0.365916,0.712192,0.687702,0.381527,0.859962,0.689195,0.410376,0.618353,0.318582,0.802568,0.754090,0.340162,0.763944,0.752745,0.763748,0.789514,0.814745,0.305626,0.644793,0.656383,0.604981,0.574318,0.772446,0.864273,0.840558,0.692022,0.828262,0.758500,0.000000,0.412928,0.797211,0.670871,0.307700,0.825023,0.732472,0.581481,0.875089,0.818544,0.543511,0.745481,0.807750,0.689203,0.684907,0.794621,0.616498,0.821664,0.702519,0.678244,0.678970,0.726331,0.630416,0.439691,0.511773,0.620710,0.422894,0.719590,0.733345,0.680603,0.598286,0.627095,0.482688,0.843315,0.735134,0.860056,0.715967,0.289678,0.650483,0.817485,0.902432,0.778248,0.843994,0.665710,0.783604,0.435113,0.605139,0.744683,0.789758,0.666935,0.469215,0.932178,0.706703,0.675950,0.714549,0.606546,0.657296,0.778568,0.639406,0.618978,0.496356,0.584472,0.519358,0.434416,0.673683,0.633161,0.811082,0.662566,0.617547,0.586740,0.854201,0.466525,0.780867,0.455788,0.636636,0.783458,0.596687
0.595574,0.494725,0.450052,0.564571,0.414764,0.525307,0.630541,0.401616,0.689772,0.453262,0.651691,0.464977,0.461250,0.445232,0.421698,0.347999,0.351784,0.550830,0.344872,0.703856,0.457688,0.461046,0.521902,0.442441,0.497443,0.464582,0.424304,0.357826,0.351930,0.450458,0.706378,0.375691,0.581836,0.585684,0.389169,0.647316,0.501554,0.447656,0.661406,0.424797,0.324525,0.685262,0.572292,0.669843,0.734660,0.531785,0.447513,0.485193,0.309804,0.663330,0.500470,0.684629,0.573870,0.656231,0.387214,0.425133,0.374623,0.364804,0.534184,0.568528,0.537820,0.439746,0.592035,0.637404,0.527066,0.369212,0.361204,0.515789,0.605651,0.665689,0.695189,0.544243,0.712868,0.524972,0.633749,0.652573,0.498894,0.312396,0.479772,0.672580,0.793558,0.490442,0.450430,0.642681,0.353156,0.689369,0.516598,0.321757,0.640991,0.569295,0.615130,0.378960,0.464635,0.380309,0.677816,0.668770,0.654718,0.546479,0.587226,0.566364,0.317830,0.514502,0.326689,0.433493,0.588601,0.391896,0.587316,0.353831,0.392149,0.659417,0.733613,0.339244,0.613187,0.519597,0.385160,0.402089,0.719584,0.711917,0.527229,0.456031,0.420525,0.405555,0.305685,0.678906,0.472958,0.465750,0.451442,0.470345,0.476610,0.517812,0.340255,0.674474,0.613153,0.341457,0.619618,0.293093,0.520143,0.588843,0.619327,0.482103,0.710773,0.661922,0.371189,0.578218,0.507573,0.645974,0.488021,0.427467,0.777233,0.589234,0.346234,0.577712,0.316547,0.334272,0.507256,0.455403,0.551985,0.749854,0.367274,0.516847,0.743725,0.504923,0.494553,0.348772,0.663345,0.553161,0.310195,0.756784,0.340567,0.458232,0.627408,0.321586,0.636034,0.532732,0.485633,0.549428,0.653392,0.487143,0.480990,0.632507,0.619918,0.605238,0.582370,0.480073,0.370548,0.681275,0.511787,0.533835,0.809459,0.704545,0.413371,0.383008,0.641544,0.772878,0.407604,0.364294,0.347843,0.408140,0.775729,0.600095,0.604206,0.630945,0.680461,0.355469,0.711028,0.671107,0.693074,0.444987,0.403783,0.648902,0.630567,0.500715,0.523651,0.574867,0.633176,0.407667,0.491115,0.783811,0.559882,0.619355,0.584960,0.570700,0.524642,0.416650,0.502745,0.392664,0.386686,0.672448,0.467924,0.660328,0.722045,0.547690,0.339931,0.542989,0.485165,0.451826,0.728108,0.631551,0.662532,0.465365,0.313955,0.408525,0.754736,0.550208,0.454859,0.570933,0.678297,0.359956,0.713279,0.426839,0.459861,0.448087,0.527617,0.607724,0.588508,0.398594,0.678753,0.593613,0.551767,0.682162,0.647132,0.617726,0.470293,0.500980,0.662845,0.395557,0.383283,0.523537,0.498468,0.487825,0.594512,0.401702,0.524144,0.692368,0.676490,0.464536,0.688165,0.319104,0.384472,0.365568,0.724906,0.637231,0.570549,0.371920,0.488258,0.454474,0.634248,0.495369,0.391333,0.608798,0.684317,0.706952,0.641404,0.586701,0.595608,0.399346,0.572678,0.718277,0.492091,0.454249,0.353245,0.593154,0.447252,0.546956,0.638659,0.649186,0.516014,0.517222,0.466711,0.733642,0.392816,0.565913,0.366710,0.549853,0.734625,0.644709,0.498840,0.400798,0.413297,0.552639,0.548654,0.691778,0.699939,0.481542,0.683421,0.760709,0.374455,0.368660,0.696853,0.495612,0.702014,0.675087,0.614608,0.389483,0.610854,0.644465,0.694364,0.433003,0.774922,0.499351,0.427697,0.771185,0.693682,0.482053,0.685520,0.676670,0.470854,0.611306,0.423995,0.831916,0.785242,0.685332,0.699903,0.539689,0.472891,0.729295,0.837151,0.485423,0.531377,0.798685,0.729638,0.384541,0.625290,0.591700,0.735600,0.345131,0.674624,0.558096,0.691959,0.672824,0.574719,0.706958,0.541125,0.321612,0.760161,0.660825,0.641382,0.360386,0.482186,0.666819,0.351225,0.510733,0.646547,0.541948,0.576607,0.670082,0.563129,0.607045,0.708076,0.346701,0.686188,0.437018,0.778041,0.353055,0.625408,0.477645,0.432538,0.540750,0.560343,0.387277,0.770740,0.635145,0.450052,0.521672,0.415246,0.776019,0.693700,0.368147,0.721927,0.679424,0.558180,0.793334,0.680284,0.418912,0.617411,0.696325,0.548942,0.569787,0.719353,0.834281,0.774821,0.620086,0.802244,0.646766,0.412928,0.000000,0.743670,0.602780,0.360161,0.708930,0.702516,0.526761,0.792536,0.689924,0.434450,0.665924,0.785055,0.684102,0.624185,0.749682,0.507152,0.730448,0.546730,0.581325,0.681048,0.708245,0.692524,0.594386,0.373622,0.680119,0.549069,0.813086,0.677741,0.551555,0.551866,0.508448,0.590161,0.778188,0.617542,0.787509,0.613504,0.450261,0.537680,0.712137,0.782744,0.622912,0.815759,0.717503,0.677764,0.314315,0.581748,0.720291,0.602039,0.594318,0.540413,0.821194,0.629953,0.657179,0.682330,0.421354,0.662163,0.746693,0.594303,0.570331,0.388290,0.548322,0.444153,0.543632,0.652950,0.580040,0.724698,0.613109,0.537529,0.577534,0.766681,0.343912,0.692005,0.387843,0.523771,0.563929,0.453065
0.595805,0.648937,0.699116,0.633798,0.742736,0.599293,0.506781,0.755618,0.431034,0.636684,0.530439,0.623859,0.549627,0.709959,0.585041,0.727109,0.746417,0.686712,0.731448,0.553924,0.548265,0.794840,0.471842,0.653598,0.570573,0.760882,0.625770,0.806941,0.763084,0.696235,0.731300,0.702072,0.747834,0.644294,0.726994,0.473203,0.631735,0.588534,0.562358,0.737114,0.696289,0.697740,0.733767,0.682358,0.497201,0.700775,0.655328,0.654819,0.717322,0.533838,0.675244,0.708711,0.634486,0.762790,0.750012,0.695975,0.804557,0.740429,0.764611,0.620891,0.725811,0.765197,0.696340,0.596628,0.700099,0.706061,0.811160,0.706013,0.544669,0.675319,0.597541,0.701104,0.532354,0.683516,0.648635,0.566764,0.725664,0.691798,0.776789,0.526597,0.611960,0.764635,0.702098,0.755908,0.829462,0.549342,0.816955,0.845335,0.703873,0.598668,0.545531,0.773640,0.787147,0.713870,0.782712,0.593155,0.679720,0.721858,0.743756,0.516818,0.749490,0.542049,0.777478,0.704622,0.713424,0.770087,0.761463,0.753128,0.761712,0.455860,0.707972,0.755731,0.567047,0.662364,0.766022,0.839580,0.827486,0.511035,0.607121,0.633705,0.667020,0.834207,0.864995,0.586475,0.668233,0.740142,0.794293,0.669101,0.629037,0.655713,0.821237,0.685311,0.558263,0.638547,0.534700,0.829277,0.769246,0.617643,0.669235,0.645986,0.509429,0.788463,0.846932,0.513018,0.821395,0.759124,0.804107,0.652878,0.654251,0.602415,0.828017,0.751041,0.844170,0.770924,0.665567,0.713493,0.639332,0.549613,0.673167,0.613465,0.591446,0.760458,0.652206,0.804550,0.675721,0.662068,0.802028,0.538434,0.801971,0.772210,0.667062,0.735588,0.785561,0.654759,0.559458,0.691748,0.680925,0.758442,0.763054,0.712708,0.839074,0.616486,0.699335,0.756669,0.822655,0.727348,0.724631,0.694545,0.642878,0.560435,0.749665,0.826578,0.608250,0.252909,0.752660,0.776712,0.806627,0.721673,0.670786,0.770490,0.780798,0.706910,0.459367,0.780587,0.653041,0.608045,0.610944,0.654010,0.697638,0.757721,0.717925,0.655766,0.679253,0.786737,0.814119,0.812557,0.691524,0.678542,0.726436,0.811219,0.658661,0.835995,0.688452,0.757710,0.768645,0.723564,0.860099,0.734817,0.767712,0.546167,0.218843,0.620713,0.795903,0.799944,0.788190,0.689661,0.528152,0.715638,0.796860,0.786285,0.836738,0.702199,0.656409,0.588581,0.740642,0.692136,0.746252,0.811364,0.644672,0.794300,0.621336,0.704130,0.620276,0.773878,0.660423,0.814731,0.596471,0.537961,0.780304,0.714780,0.740733,0.652558,0.801874,0.660362,0.667958,0.771430,0.822077,0.871883,0.705833,0.720237,0.641750,0.736261,0.837823,0.667179,0.634817,0.781204,0.558646,0.710479,0.843850,0.815215,0.586492,0.841114,0.736201,0.836245,0.551755,0.789509,0.739746,0.756690,0.783623,0.668528,0.740441,0.687902,0.691634,0.726526,0.689644,0.813765,0.539916,0.549027,0.803818,0.759629,0.697134,0.541734,0.630385,0.678580,0.809677,0.469799,0.622525,0.778545,0.758910,0.644800,0.853945,0.597009,0.712333,0.703435,0.625401,0.825284,0.753707,0.815110,0.780678,0.692223,0.744944,0.579206,0.640753,0.714126,0.600645,0.726490,0.687202,0.788467,0.673650,0.632616,0.700414,0.748824,0.650234,0.851695,0.735720,0.709453,0.781068,0.686161,0.731178,0.828022,0.796394,0.698409,0.727989,0.699797,0.779483,0.637938,0.798537,0.815020,0.796767,0.540074,0.710167,0.768842,0.409855,0.728927,0.673287,0.652635,0.683563,0.729910,0.568771,0.691213,0.712709,0.780025,0.839873,0.674752,0.553414,0.821715,0.606928,0.736957,0.791155,0.556926,0.773874,0.864571,0.856289,0.870178,0.772684,0.491106,0.725493,0.863594,0.835260,0.753032,0.859286,0.713897,0.616238,0.600201,0.778238,0.655793,0.789140,0.651759,0.671187,0.867157,0.749828,0.657175,0.614654,0.813128,0.732677,0.716657,0.786388,0.749670,0.576392,0.777266,0.787153,0.551097,0.777975,0.550795,0.777205,0.569575,0.727912,0.791085,0.612573,0.585084,0.672920,0.682236,0.559505,0.805754,0.759595,0.442471,0.493279,0.767149,0.667301,0.616670,0.621461,0.625439,0.713903,0.439039,0.797211,0.743670,0.000000,0.675153,0.830203,0.749526,0.717566,0.745478,0.729640,0.716364,0.698063,0.774738,0.677279,0.766896,0.675231,0.514208,0.786355,0.573360,0.786601,0.535894,0.814984,0.624052,0.718229,0.875719,0.748909,0.706358,0.859529,0.823206,0.642614,0.656838,0.779930,0.589106,0.832397,0.724177,0.702267,0.569278,0.539561,0.833766,0.683188,0.617136,0.700855,0.688421,0.681299,0.700556,0.616047,0.736257,0.812408,0.758760,0.682599,0.578704,0.816452,0.697643,0.599338,0.613116,0.718508,0.755361,0.667346,0.769714,0.667180,0.560693,0.809552,0.762682,0.634785,0.901416,0.718130,0.679032,0.581139,0.685529,0.703803,0.780344,0.702061,0.673573,0.527274,0.855177,0.636829,0.681768,0.678065
0.595814,0.600310,0.605246,0.684682,0.655807,0.586784,0.629755,0.650415,0.569073,0.606117,0.643364,0.610750,0.568875,0.649979,0.597874,0.593808,0.550554,0.622325,0.548958,0.688991,0.454881,0.654980,0.545430,0.699789,0.558255,0.674083,0.578180,0.644758,0.641121,0.619893,0.608109,0.526922,0.721467,0.650372,0.558463,0.648169,0.600587,0.632800,0.641134,0.651767,0.556729,0.695567,0.677383,0.635528,0.632991,0.613487,0.547056,0.605802,0.591547,0.703288,0.705070,0.690246,0.716044,0.793374,0.630243,0.498430,0.674113,0.654763,0.660366,0.579440,0.683462,0.701808,0.693895,0.707627,0.670420,0.553006,0.553743,0.670296,0.684745,0.605841,0.643052,0.693314,0.600442,0.687667,0.725352,0.659681,0.730524,0.590829,0.730174,0.620268,0.677192,0.681258,0.630097,0.747064,0.600545,0.681651,0.757304,0.626576,0.772492,0.700772,0.675444,0.676265,0.736284,0.574813,0.734025,0.713780,0.731389,0.675326,0.764708,0.644587,0.593582,0.590546,0.646343,0.693275,0.685952,0.686435,0.742605,0.663687,0.618916,0.654057,0.743131,0.534336,0.654231,0.663494,0.678685,0.638570,0.794404,0.598008,0.686791,0.615616,0.665068,0.627541,0.618700,0.678743,0.599513,0.703517,0.647522,0.550454,0.626643,0.624145,0.630002,0.620271,0.634430,0.672091,0.618104,0.620956,0.690377,0.655518,0.609143,0.642957,0.741216,0.786373,0.734775,0.657925,0.712847,0.744832,0.687415,0.557257,0.656942,0.629166,0.654153,0.687243,0.625925,0.605183,0.647772,0.649921,0.703349,0.593954,0.575351,0.660664,0.591361,0.697257,0.662193,0.609859,0.730531,0.624386,0.565246,0.630195,0.686976,0.665512,0.599100,0.607716,0.757107,0.727344,0.708617,0.670520,0.667177,0.545025,0.560244,0.761489,0.729733,0.620423,0.748241,0.643351,0.638302,0.717545,0.734970,0.640304,0.739955,0.722785,0.603768,0.748496,0.683453,0.750232,0.649597,0.575571,0.587745,0.548171,0.732612,0.657999,0.706099,0.705508,0.564146,0.630956,0.729851,0.652585,0.565550,0.628158,0.541525,0.691481,0.696047,0.566089,0.604044,0.713760,0.814641,0.652877,0.596163,0.750761,0.678574,0.762603,0.723046,0.633945,0.725197,0.638785,0.726247,0.613897,0.686158,0.760855,0.661525,0.654159,0.727681,0.619211,0.601915,0.668256,0.666274,0.635968,0.737972,0.751837,0.816894,0.705787,0.651053,0.552445,0.614288,0.676192,0.666271,0.661029,0.713502,0.636819,0.554197,0.712451,0.621574,0.602395,0.748596,0.756791,0.723968,0.593703,0.595995,0.665848,0.716408,0.590866,0.776895,0.778825,0.721632,0.709841,0.726995,0.621738,0.743787,0.719069,0.611761,0.660109,0.728807,0.620403,0.739327,0.682621,0.548588,0.719722,0.711298,0.600285,0.636784,0.683870,0.564350,0.700885,0.679334,0.666190,0.654645,0.714013,0.709342,0.750000,0.562932,0.719461,0.624552,0.826435,0.695932,0.724670,0.713289,0.623934,0.631731,0.547595,0.689672,0.686800,0.526611,0.659112,0.648845,0.720060,0.707739,0.620951,0.622381,0.650060,0.555272,0.667344,0.605062,0.743536,0.604638,0.628778,0.476208,0.765049,0.622116,0.742042,0.531600,0.790181,0.586296,0.502920,0.643996,0.612537,0.467384,0.730461,0.505969,0.710163,0.766509,0.610803,0.603101,0.655071,0.693414,0.695549,0.619921,0.714644,0.812095,0.675649,0.738397,0.724935,0.647318,0.741362,0.700494,0.688038,0.772332,0.763933,0.716830,0.814635,0.549644,0.772848,0.751306,0.798624,0.663382,0.760686,0.683079,0.579135,0.776524,0.680860,0.630048,0.778256,0.596792,0.638875,0.705938,0.764790,0.701916,0.600062,0.560274,0.707045,0.892015,0.685842,0.661373,0.838256,0.718849,0.685838,0.695198,0.712576,0.794976,0.626670,0.719878,0.707043,0.683143,0.656970,0.530927,0.659325,0.750780,0.537659,0.759865,0.495932,0.653547,0.695798,0.695262,0.766391,0.753964,0.747731,0.675402,0.611805,0.600969,0.758690,0.645223,0.599516,0.742220,0.816483,0.617440,0.693860,0.648111,0.694738,0.565847,0.640212,0.741957,0.702726,0.708738,0.685308,0.665370,0.722012,0.728489,0.651065,0.591925,0.681381,0.702663,0.674952,0.717051,0.561408,0.648896,0.630371,0.670871,0.602780,0.675153,0.000000,0.674119,0.825420,0.615111,0.540746,0.707087,0.646239,0.605231,0.770177,0.735723,0.712145,0.702917,0.619039,0.589319,0.614581,0.578751,0.618679,0.685218,0.705454,0.741318,0.689609,0.630237,0.723521,0.628311,0.683796,0.842711,0.754063,0.678549,0.630482,0.687477,0.845416,0.683022,0.588720,0.632207,0.610146,0.606812,0.632461,0.686963,0.726835,0.616556,0.735837,0.479652,0.556704,0.689104,0.766499,0.733884,0.787913,0.732665,0.695274,0.617220,0.794089,0.643810,0.535096,0.721567,0.767078,0.636200,0.467346,0.693947,0.602463,0.505750,0.706708,0.573045,0.613697,0.592745,0.681177,0.583424,0.618629,0.618009,0.647207,0.496383,0.647215,0.596312,0.720263,0.381549
0.596124,0.540788,0.392758,0.602051,0.365748,0.554949,0.686690,0.372556,0.689298,0.510550,0.697954,0.533246,0.589914,0.496804,0.562470,0.418684,0.371551,0.608489,0.351216,0.718746,0.590898,0.436785,0.571989,0.479676,0.523465,0.499242,0.478309,0.378998,0.356936,0.436586,0.785188,0.480180,0.690786,0.693289,0.389643,0.701063,0.570124,0.504582,0.737625,0.423559,0.256678,0.817876,0.688956,0.690280,0.805162,0.561838,0.472284,0.338513,0.396107,0.689214,0.458945,0.806518,0.678746,0.726127,0.413077,0.445383,0.395613,0.407964,0.579316,0.663735,0.565608,0.514991,0.673159,0.784353,0.492613,0.447438,0.320852,0.529758,0.567140,0.730407,0.717333,0.607443,0.684470,0.450697,0.642036,0.789827,0.539243,0.443041,0.321442,0.660976,0.846159,0.423266,0.491796,0.741469,0.365272,0.750714,0.493660,0.304514,0.672984,0.684648,0.699737,0.362916,0.422508,0.415913,0.717871,0.737277,0.796480,0.603323,0.594578,0.649779,0.424455,0.626027,0.367982,0.357795,0.679832,0.401308,0.692247,0.391701,0.374842,0.700845,0.877172,0.286120,0.625295,0.557295,0.339092,0.441561,0.795017,0.742437,0.538628,0.504211,0.517686,0.410810,0.205129,0.607534,0.527864,0.460619,0.452244,0.578982,0.661113,0.522650,0.314168,0.676009,0.675987,0.455565,0.649880,0.300702,0.522294,0.756491,0.744774,0.572582,0.742479,0.717942,0.328184,0.726204,0.470748,0.707818,0.476855,0.545474,0.881753,0.675440,0.278374,0.695205,0.330054,0.302220,0.552520,0.474421,0.597200,0.823320,0.487344,0.642615,0.784149,0.504347,0.515884,0.342445,0.648200,0.668662,0.307085,0.749112,0.403499,0.501632,0.665877,0.329868,0.723085,0.708360,0.599234,0.644272,0.833650,0.600471,0.508751,0.751787,0.592175,0.668233,0.694399,0.490812,0.304161,0.773890,0.590619,0.641724,0.856698,0.716647,0.445212,0.409790,0.668802,0.818736,0.522151,0.327746,0.391350,0.466541,0.841016,0.525118,0.692697,0.749722,0.767733,0.323761,0.865483,0.662988,0.772597,0.546979,0.523024,0.714915,0.788357,0.507647,0.611873,0.543267,0.617025,0.308283,0.497663,0.911418,0.478425,0.615504,0.720604,0.556795,0.618428,0.479287,0.394560,0.378061,0.318550,0.813743,0.533205,0.586106,0.794448,0.688089,0.335817,0.493091,0.595645,0.457676,0.709807,0.649739,0.621645,0.413648,0.298293,0.435054,0.757341,0.510445,0.529322,0.660589,0.758936,0.370672,0.735933,0.502815,0.507482,0.552221,0.649499,0.609975,0.605053,0.330197,0.744177,0.644922,0.438991,0.651007,0.807900,0.730868,0.387772,0.432540,0.775316,0.319684,0.360382,0.508407,0.570185,0.426476,0.643453,0.443668,0.528334,0.667297,0.752199,0.380046,0.723503,0.459438,0.371928,0.271804,0.785889,0.577658,0.511637,0.322102,0.603489,0.357964,0.661889,0.508060,0.470364,0.640060,0.744630,0.723007,0.766415,0.514367,0.560725,0.463724,0.625085,0.756420,0.526407,0.513715,0.491692,0.561593,0.532339,0.588119,0.522948,0.692808,0.601355,0.534346,0.479753,0.689125,0.376903,0.647453,0.476367,0.589065,0.750417,0.694873,0.503718,0.387591,0.310932,0.664792,0.620291,0.818008,0.796286,0.529253,0.797528,0.821853,0.580568,0.395423,0.822988,0.551525,0.653432,0.672485,0.710913,0.314560,0.682248,0.655687,0.769595,0.507957,0.822759,0.455118,0.348491,0.916647,0.675499,0.620230,0.807982,0.757187,0.407627,0.764651,0.390063,0.824575,0.829234,0.820386,0.695407,0.659495,0.560917,0.739795,0.812096,0.568519,0.614087,0.792458,0.792337,0.492334,0.624017,0.606008,0.794791,0.362995,0.707110,0.698790,0.760145,0.715801,0.697738,0.791732,0.399696,0.308038,0.908812,0.701228,0.675219,0.355302,0.336313,0.727611,0.287185,0.563971,0.775326,0.602825,0.528802,0.681887,0.425129,0.592517,0.808757,0.276406,0.611601,0.573576,0.810784,0.386963,0.696147,0.487045,0.411322,0.664980,0.667414,0.493751,0.726621,0.673689,0.467974,0.523372,0.421835,0.861243,0.721881,0.412192,0.815153,0.788614,0.675846,0.841740,0.763546,0.348533,0.736799,0.772481,0.598676,0.641644,0.775217,0.825555,0.827679,0.716182,0.849265,0.716060,0.307700,0.360161,0.830203,0.674119,0.000000,0.823457,0.682674,0.592999,0.844932,0.732664,0.578492,0.706682,0.797996,0.682737,0.694675,0.824737,0.530841,0.777370,0.650256,0.652238,0.645043,0.705472,0.582042,0.574998,0.434550,0.650586,0.432247,0.756752,0.709683,0.684526,0.551272,0.558340,0.529364,0.881450,0.717402,0.863437,0.747653,0.365368,0.630075,0.721589,0.877482,0.721751,0.810477,0.674458,0.779124,0.370614,0.520956,0.785957,0.657056,0.602160,0.466630,0.889525,0.692100,0.623667,0.702728,0.477543,0.696061,0.751653,0.658032,0.568910,0.476109,0.522346,0.492436,0.344384,0.655043,0.478276,0.810744,0.695166,0.608742,0.632783,0.764308,0.505002,0.711385,0.445808,0.567486,0.662032,0.503961
0.596341,0.676655,0.806279,0.765873,0.811013,0.770433,0.748324,0.752339,0.817294,0.814546,0.748227,0.818957,0.540571,0.774745,0.544971,0.723912,0.730322,0.726779,0.696949,0.747355,0.740119,0.657400,0.773268,0.689191,0.781768,0.844394,0.721994,0.539350,0.738766,0.571763,0.540592,0.781420,0.366250,0.476221,0.586169,0.733464,0.730945,0.781160,0.738689,0.790352,0.723463,0.485426,0.582132,0.708193,0.783086,0.778588,0.821138,0.826753,0.636959,0.803937,0.755866,0.481686,0.460954,0.342548,0.830837,0.718803,0.695372,0.763870,0.808344,0.813283,0.427538,0.793485,0.370775,0.675521,0.826623,0.660875,0.792602,0.454158,0.719428,0.704794,0.652022,0.453554,0.875504,0.862262,0.563982,0.602340,0.748858,0.717774,0.807445,0.840380,0.782210,0.847531,0.744721,0.359914,0.784110,0.777845,0.862562,0.800954,0.587496,0.738761,0.712148,0.748164,0.854414,0.709359,0.567707,0.702414,0.612790,0.487324,0.762623,0.781973,0.773897,0.710834,0.744567,0.757808,0.480247,0.824824,0.336236,0.826527,0.628000,0.774157,0.429880,0.762364,0.874202,0.756361,0.705982,0.733770,0.413165,0.887698,0.760054,0.777743,0.802194,0.839567,0.773458,0.783184,0.677221,0.651706,0.843203,0.539568,0.649938,0.808542,0.777253,0.768869,0.782326,0.735696,0.782991,0.784986,0.623535,0.659600,0.705334,0.604097,0.752626,0.406798,0.755568,0.704358,0.806491,0.400090,0.807111,0.703511,0.561529,0.716874,0.739916,0.492537,0.765849,0.769491,0.782535,0.816577,0.751131,0.750009,0.695989,0.755693,0.802191,0.775035,0.783976,0.750252,0.805031,0.482932,0.781765,0.791439,0.750413,0.744976,0.761534,0.654661,0.345613,0.763598,0.536087,0.766491,0.547765,0.771378,0.672052,0.756442,0.824843,0.742236,0.742781,0.795798,0.814276,0.513431,0.458873,0.817387,0.625723,0.773551,0.727238,0.714147,0.637390,0.717635,0.817464,0.778746,0.792982,0.624658,0.717185,0.813038,0.393176,0.407085,0.693225,0.740351,0.521647,0.710322,0.858502,0.681774,0.695493,0.654249,0.411537,0.669877,0.519376,0.688826,0.947318,0.809618,0.639491,0.454603,0.821172,0.433664,0.588211,0.741501,0.485676,0.762225,0.813400,0.787447,0.781580,0.424142,0.579314,0.890143,0.706714,0.655006,0.817020,0.798010,0.838177,0.751729,0.732730,0.816142,0.919689,0.798353,0.727820,0.627666,0.883293,0.793016,0.761079,0.541192,0.565577,0.711262,0.868210,0.749347,0.820889,0.661655,0.757866,0.819727,0.492301,0.796236,0.790034,0.724051,0.847886,0.878499,0.338242,0.547773,0.783626,0.874266,0.573965,0.825606,0.718737,0.821896,0.680502,0.920920,0.660220,0.799221,0.774573,0.773388,0.814915,0.808955,0.603318,0.701374,0.828253,0.773780,0.711792,0.841245,0.806302,0.759599,0.812116,0.787579,0.597158,0.608578,0.746319,0.515516,0.639885,0.856713,0.653744,0.937717,0.795996,0.779809,0.667121,0.784593,0.748271,0.754422,0.796600,0.784528,0.612380,0.828535,0.864153,0.663596,0.703904,0.823500,0.855989,0.729816,0.739061,0.729048,0.710649,0.779502,0.808746,0.509652,0.772025,0.733620,0.695922,0.532459,0.766325,0.748987,0.655678,0.743823,0.795460,0.493595,0.688969,0.777795,0.595307,0.679837,0.836931,0.623491,0.456432,0.823986,0.743479,0.739745,0.360969,0.805362,0.785689,0.857859,0.726511,0.579447,0.810686,0.633676,0.425029,0.745993,0.829778,0.339090,0.772051,0.890807,0.772119,0.408305,0.838650,0.814722,0.483275,0.772900,0.837066,0.757725,0.780439,0.783118,0.828488,0.724206,0.797952,0.820089,0.736188,0.762185,0.792706,0.408694,0.409469,0.533386,0.640630,0.516969,0.802898,0.782608,0.525198,0.842208,0.743533,0.720388,0.804425,0.548158,0.762800,0.805102,0.745529,0.883032,0.819723,0.702047,0.851873,0.738596,0.830564,0.777193,0.869636,0.742550,0.557415,0.718350,0.811878,0.678280,0.808549,0.824741,0.698208,0.744216,0.780348,0.765637,0.774363,0.679008,0.835361,0.707712,0.895923,0.736558,0.746644,0.734027,0.509644,0.784002,0.692916,0.787406,0.832122,0.769181,0.734658,0.725520,0.703739,0.794823,0.731337,0.739442,0.802633,0.690492,0.825023,0.708930,0.749526,0.825420,0.823457,0.000000,0.814614,0.622485,0.626473,0.823212,0.749747,0.463129,0.784452,0.744570,0.527227,0.736886,0.689153,0.701307,0.861952,0.657077,0.714891,0.729013,0.817271,0.836912,0.720858,0.728886,0.825415,0.922810,0.711909,0.712300,0.648970,0.748873,0.650643,0.390393,0.707369,0.811144,0.783098,0.823287,0.842226,0.776765,0.612753,0.778671,0.801528,0.888472,0.631547,0.759921,0.593535,0.537130,0.622686,0.760663,0.864565,0.611877,0.738983,0.741699,0.818292,0.709074,0.819627,0.440089,0.786384,0.755600,0.757812,0.871285,0.626000,0.844045,0.709151,0.840231,0.781619,0.854253,0.691197,0.803777,0.758465,0.696453,0.689155,0.833759,0.770133,0.570713,0.733040
0.596383,0.620547,0.588899,0.679795,0.639579,0.608846,0.645092,0.635575,0.634521,0.642396,0.645952,0.560664,0.635687,0.591510,0.676629,0.678385,0.672370,0.660290,0.673928,0.668106,0.602681,0.661180,0.629985,0.702094,0.683582,0.647548,0.720789,0.710991,0.722083,0.719436,0.722217,0.561316,0.766525,0.621055,0.672524,0.642704,0.590483,0.651043,0.681450,0.695859,0.679045,0.788349,0.759032,0.724433,0.664688,0.689631,0.632564,0.656715,0.662686,0.655625,0.583335,0.721623,0.752581,0.823381,0.658637,0.637943,0.728460,0.697260,0.651183,0.746434,0.761878,0.672478,0.787823,0.766014,0.681250,0.702092,0.666140,0.785656,0.683248,0.537907,0.639307,0.706752,0.668805,0.727495,0.664162,0.675069,0.717134,0.697599,0.681162,0.757711,0.593255,0.666982,0.745479,0.766507,0.690614,0.667194,0.736796,0.686336,0.781636,0.734269,0.639872,0.665044,0.725554,0.705982,0.754550,0.656724,0.728845,0.749416,0.742483,0.690577,0.611070,0.661480,0.676658,0.632439,0.729865,0.690325,0.797566,0.658787,0.682879,0.744224,0.794281,0.711029,0.755647,0.691626,0.661396,0.676221,0.800417,0.624326,0.690847,0.742312,0.765731,0.676921,0.671169,0.729754,0.608630,0.829392,0.696983,0.659811,0.675858,0.647143,0.690445,0.692558,0.705095,0.766162,0.642242,0.669456,0.660036,0.754699,0.675595,0.695589,0.653778,0.798634,0.695758,0.683525,0.719397,0.783740,0.681316,0.636219,0.615071,0.707815,0.665553,0.775170,0.716174,0.687811,0.796475,0.693783,0.712006,0.730852,0.645980,0.710320,0.594779,0.741337,0.781608,0.709550,0.775237,0.747810,0.656558,0.726178,0.735283,0.719030,0.662913,0.675935,0.786424,0.693278,0.765079,0.824120,0.798514,0.751709,0.631032,0.696262,0.655194,0.650988,0.737985,0.596377,0.659785,0.737028,0.797427,0.623785,0.772973,0.709937,0.734925,0.768558,0.739537,0.748622,0.761457,0.676932,0.719448,0.698430,0.757215,0.604835,0.776974,0.768550,0.690901,0.693951,0.749854,0.686741,0.605241,0.810118,0.651810,0.699234,0.780359,0.716970,0.746270,0.640575,0.740844,0.665741,0.690932,0.820210,0.663321,0.800829,0.691985,0.616211,0.795119,0.777142,0.633752,0.558209,0.685683,0.866761,0.745979,0.700332,0.744691,0.727839,0.693751,0.695805,0.780750,0.709027,0.691591,0.775441,0.740517,0.634730,0.701527,0.675607,0.615382,0.698786,0.807564,0.677226,0.782608,0.707073,0.565428,0.797942,0.724738,0.602918,0.735154,0.725017,0.728959,0.636939,0.599429,0.704353,0.782908,0.754861,0.835007,0.733979,0.653232,0.769341,0.761526,0.683048,0.757981,0.697571,0.664835,0.710711,0.699184,0.714743,0.815115,0.550159,0.578612,0.642118,0.780437,0.677736,0.699342,0.709057,0.760258,0.501459,0.708320,0.700349,0.761675,0.698600,0.694604,0.724080,0.737908,0.744306,0.732250,0.837641,0.610471,0.719141,0.626461,0.727402,0.713620,0.564870,0.726662,0.690380,0.687234,0.671335,0.757936,0.761523,0.516920,0.711326,0.697005,0.734676,0.720961,0.531985,0.740718,0.734419,0.757620,0.693308,0.572955,0.811722,0.696207,0.774359,0.678033,0.734633,0.755971,0.607986,0.757254,0.698794,0.572466,0.794265,0.646714,0.774735,0.758630,0.727988,0.216601,0.737182,0.754517,0.721571,0.726934,0.715625,0.834887,0.742905,0.712884,0.733848,0.724738,0.870553,0.800104,0.665810,0.854381,0.681220,0.713972,0.834252,0.616937,0.748163,0.678602,0.847608,0.747970,0.729600,0.688520,0.577779,0.781936,0.845101,0.735900,0.750182,0.644171,0.738761,0.751945,0.747141,0.675587,0.737012,0.565898,0.787975,0.849930,0.762437,0.765097,0.811311,0.675146,0.673721,0.767252,0.736898,0.724481,0.720819,0.634089,0.807540,0.685515,0.778832,0.576290,0.736892,0.676237,0.570550,0.663691,0.727392,0.785223,0.734814,0.793917,0.743537,0.726178,0.784318,0.786769,0.631847,0.638668,0.725475,0.620751,0.770200,0.662901,0.712468,0.778242,0.752877,0.704780,0.827994,0.664853,0.742889,0.796516,0.698003,0.647053,0.833036,0.659216,0.665335,0.782689,0.740562,0.633571,0.796964,0.720936,0.537183,0.808169,0.663885,0.662073,0.646304,0.732472,0.702516,0.717566,0.615111,0.682674,0.814614,0.000000,0.690782,0.729701,0.628041,0.741298,0.813617,0.742692,0.629921,0.717578,0.695360,0.679045,0.656597,0.682528,0.733431,0.756276,0.777093,0.747912,0.619516,0.717221,0.663285,0.690456,0.729384,0.671367,0.802197,0.726775,0.771298,0.715546,0.838094,0.723876,0.700715,0.802559,0.642346,0.619246,0.484113,0.722830,0.696647,0.495457,0.741043,0.657884,0.667209,0.697839,0.851777,0.734557,0.781384,0.729587,0.681373,0.707390,0.784256,0.621447,0.666427,0.752032,0.835451,0.789089,0.767775,0.726122,0.661133,0.680880,0.684387,0.681718,0.669892,0.711134,0.668913,0.736187,0.731211,0.550309,0.776450,0.687052,0.775763,0.592776,0.713236,0.528159
0.596479,0.576933,0.594800,0.639825,0.640628,0.696335,0.755343,0.589103,0.701057,0.702899,0.754853,0.707716,0.449477,0.660844,0.468296,0.570114,0.556824,0.644415,0.535446,0.685869,0.535094,0.617501,0.641927,0.693685,0.602393,0.669072,0.537184,0.474186,0.553171,0.409854,0.617266,0.539878,0.487590,0.505800,0.432202,0.761647,0.657143,0.715157,0.739892,0.648109,0.510410,0.677781,0.628662,0.628190,0.761090,0.564256,0.638469,0.606253,0.515660,0.811005,0.632055,0.611714,0.521555,0.564693,0.630438,0.498274,0.609045,0.626760,0.698954,0.590621,0.441753,0.684712,0.480803,0.693996,0.640858,0.507367,0.547930,0.411059,0.687298,0.568487,0.583319,0.509733,0.829220,0.773230,0.542175,0.721097,0.681434,0.564778,0.694805,0.758252,0.805684,0.729529,0.594556,0.563382,0.519100,0.822407,0.732928,0.535525,0.555946,0.716524,0.782633,0.624597,0.726121,0.537041,0.541426,0.834269,0.595479,0.489741,0.662275,0.731322,0.478416,0.537044,0.643879,0.666062,0.492324,0.663747,0.523050,0.646871,0.461692,0.786148,0.668193,0.479221,0.769242,0.753471,0.592176,0.596986,0.622832,0.749054,0.726521,0.628560,0.667110,0.556048,0.545559,0.565599,0.649044,0.590622,0.597616,0.520968,0.594441,0.722769,0.582671,0.759201,0.715287,0.635237,0.678576,0.526081,0.571352,0.680773,0.716220,0.554969,0.787842,0.469830,0.650465,0.697780,0.621610,0.476286,0.622422,0.518187,0.737319,0.536308,0.569180,0.492611,0.566121,0.545282,0.609062,0.668975,0.753379,0.703064,0.510550,0.716064,0.766973,0.705153,0.580246,0.522750,0.789142,0.495879,0.485560,0.686633,0.628162,0.573000,0.651940,0.525414,0.588282,0.766778,0.506833,0.652940,0.467674,0.640807,0.512714,0.796458,0.652376,0.543063,0.736430,0.534846,0.521046,0.622699,0.514138,0.686016,0.723160,0.809996,0.588234,0.630324,0.557640,0.731381,0.645737,0.575524,0.672490,0.451087,0.833109,0.535176,0.512121,0.535955,0.643896,0.529672,0.695050,0.714542,0.751931,0.580634,0.480414,0.661286,0.573636,0.539142,0.390235,0.622318,0.712995,0.597132,0.486342,0.697133,0.681806,0.590818,0.562908,0.608564,0.510485,0.637113,0.643538,0.548052,0.562542,0.570449,0.534890,0.715002,0.748832,0.640773,0.591846,0.588214,0.720215,0.637452,0.812892,0.713323,0.740558,0.557342,0.575556,0.510683,0.630012,0.706824,0.616102,0.494718,0.714023,0.569457,0.603174,0.717999,0.616879,0.565617,0.722403,0.670452,0.511682,0.502104,0.684117,0.710484,0.664641,0.669881,0.555790,0.596286,0.608169,0.772246,0.620870,0.655626,0.615187,0.663862,0.457931,0.706901,0.806856,0.654032,0.661403,0.765887,0.680752,0.593677,0.596251,0.520557,0.579203,0.646932,0.588642,0.668264,0.551344,0.559886,0.695005,0.693979,0.531009,0.799541,0.551951,0.512281,0.648763,0.819425,0.601831,0.711822,0.726218,0.648677,0.557984,0.697126,0.658586,0.583713,0.516233,0.589448,0.526632,0.803429,0.659250,0.590853,0.671452,0.622218,0.653950,0.731632,0.513077,0.794843,0.512100,0.620407,0.739350,0.557610,0.607153,0.625972,0.515734,0.594650,0.609948,0.693200,0.832475,0.580978,0.783312,0.632812,0.473137,0.694636,0.664055,0.475861,0.677070,0.547662,0.541283,0.646047,0.644904,0.728211,0.542199,0.743971,0.748977,0.581352,0.595447,0.703994,0.675362,0.616539,0.612952,0.790278,0.741730,0.557551,0.549817,0.844165,0.799434,0.537985,0.747032,0.733175,0.546460,0.791995,0.743282,0.635332,0.640828,0.752136,0.752784,0.598003,0.676929,0.831974,0.809086,0.579071,0.665351,0.537937,0.605356,0.523622,0.587256,0.678264,0.651526,0.562862,0.683457,0.729546,0.707915,0.631019,0.619528,0.468200,0.542868,0.671578,0.601267,0.808691,0.660743,0.747865,0.681858,0.514944,0.583521,0.557964,0.670183,0.703034,0.581001,0.622266,0.725209,0.542601,0.626119,0.731514,0.728110,0.576976,0.788653,0.824689,0.590670,0.743343,0.624982,0.703198,0.883858,0.547702,0.866869,0.690034,0.610208,0.761984,0.651861,0.611519,0.787183,0.704807,0.631180,0.694560,0.698132,0.767604,0.757897,0.578781,0.809134,0.663229,0.581481,0.526761,0.745478,0.540746,0.592999,0.622485,0.690782,0.000000,0.689065,0.801584,0.618860,0.580333,0.750751,0.804481,0.373976,0.715178,0.653830,0.638264,0.677492,0.622866,0.490438,0.610408,0.718722,0.632240,0.595213,0.558876,0.706908,0.791483,0.862638,0.743924,0.461415,0.683908,0.556185,0.583507,0.543948,0.703660,0.729339,0.502693,0.659079,0.736702,0.749014,0.860708,0.778344,0.761630,0.543716,0.600415,0.562625,0.532869,0.566974,0.697546,0.694823,0.736755,0.684154,0.675907,0.762560,0.500657,0.676633,0.633945,0.717265,0.514734,0.633538,0.587711,0.511704,0.582327,0.486156,0.611959,0.718940,0.717358,0.430929,0.777931,0.806808,0.553861,0.510841,0.616366,0.586197,0.545075,0.469436
0.596519,0.765309,0.750232,0.777426,0.744249,0.757308,0.690483,0.838121,0.798991,0.780835,0.675116,0.712498,0.608795,0.783021,0.661604,0.756948,0.822190,0.661790,0.788912,0.676248,0.657050,0.776367,0.796749,0.837685,0.779039,0.848287,0.757487,0.693672,0.812952,0.683635,0.625869,0.676961,0.590446,0.604643,0.688491,0.683008,0.796212,0.788081,0.747521,0.795138,0.750334,0.619328,0.662196,0.694880,0.772538,0.705056,0.755425,0.734094,0.734090,0.805120,0.793147,0.551792,0.703500,0.626174,0.828247,0.738643,0.762377,0.850100,0.824559,0.789835,0.630845,0.800370,0.569062,0.653150,0.775864,0.787104,0.725852,0.659275,0.752029,0.654840,0.718241,0.648757,0.768674,0.787707,0.672524,0.713964,0.856262,0.794453,0.922561,0.767787,0.677566,0.882833,0.782011,0.581475,0.817053,0.711608,0.813317,0.853764,0.706596,0.765214,0.744596,0.835198,0.754938,0.802323,0.794778,0.658511,0.722703,0.691236,0.833221,0.781358,0.745130,0.626090,0.839721,0.838251,0.547755,0.802650,0.647186,0.803333,0.749048,0.814203,0.541117,0.750805,0.827948,0.780623,0.800826,0.833492,0.673392,0.686065,0.833913,0.783057,0.792521,0.869711,0.805876,0.806831,0.782149,0.808885,0.812827,0.769662,0.699241,0.813185,0.842563,0.675628,0.712057,0.782133,0.807958,0.817505,0.707170,0.737726,0.604050,0.812087,0.715711,0.655615,0.893824,0.690694,0.905062,0.653194,0.783032,0.659729,0.647039,0.681521,0.807523,0.618331,0.833435,0.821176,0.820013,0.839068,0.861521,0.729036,0.763025,0.711252,0.491298,0.836116,0.843023,0.828967,0.801614,0.782905,0.828197,0.763480,0.871777,0.839404,0.635190,0.739499,0.638989,0.709478,0.738849,0.804252,0.587069,0.715810,0.765800,0.771174,0.810154,0.611428,0.722674,0.856755,0.822461,0.588851,0.684441,0.767435,0.649229,0.803675,0.853480,0.890865,0.692030,0.779171,0.720430,0.867886,0.866654,0.755656,0.698001,0.879579,0.577509,0.603541,0.641574,0.812740,0.540897,0.749556,0.581970,0.825124,0.764935,0.749915,0.615449,0.741684,0.629504,0.779871,0.824075,0.861309,0.778224,0.596062,0.932546,0.716513,0.696879,0.858127,0.726062,0.813868,0.914812,0.825557,0.830961,0.606457,0.729109,0.775519,0.775545,0.679765,0.765571,0.731660,0.870515,0.846051,0.734257,0.960220,0.796788,0.850995,0.791464,0.800267,0.835434,0.794114,0.848253,0.689777,0.661391,0.788913,0.751989,0.855775,0.727042,0.611501,0.737955,0.805373,0.766128,0.785180,0.489760,0.595338,0.816153,0.695294,0.597197,0.677380,0.893792,0.772698,0.495904,0.853876,0.820252,0.849725,0.684916,0.844091,0.792832,0.867282,0.801957,0.662550,0.589572,0.866099,0.696737,0.755627,0.835051,0.842658,0.712549,0.833971,0.780055,0.822282,0.817251,0.862668,0.676921,0.830668,0.824344,0.718570,0.690673,0.696222,0.665721,0.795260,0.746788,0.831195,0.745991,0.444942,0.768757,0.812140,0.804338,0.770899,0.687715,0.834121,0.947889,0.715795,0.695061,0.753252,0.791413,0.558687,0.756405,0.819231,0.829744,0.816964,0.644842,0.726126,0.748158,0.920365,0.753072,0.690834,0.822295,0.659543,0.717121,0.864165,0.674931,0.666382,0.706805,0.838004,0.762972,0.792048,0.682929,0.774635,0.592519,0.842783,0.708882,0.796308,0.653203,0.856521,0.779272,0.862034,0.767248,0.600129,0.899402,0.757349,0.671915,0.722632,0.880398,0.670731,0.814147,0.619839,0.673274,0.638582,0.841751,0.715954,0.714468,0.523880,0.723632,0.784128,0.884112,0.619349,0.667902,0.733707,0.767195,0.905279,0.730327,0.804884,0.637637,0.656981,0.702281,0.629797,0.765363,0.655838,0.894203,0.800238,0.525049,0.862039,0.749977,0.805831,0.919660,0.682952,0.805025,0.828325,0.622399,0.785212,0.858740,0.777344,0.888504,0.719185,0.782980,0.783012,0.786970,0.781755,0.587309,0.874328,0.792871,0.684469,0.714183,0.735386,0.697154,0.818447,0.725312,0.741096,0.865138,0.859355,0.877388,0.745621,0.733025,0.830730,0.751824,0.672991,0.556285,0.792406,0.728319,0.840902,0.845117,0.797559,0.753559,0.737056,0.609974,0.493332,0.681872,0.716130,0.626090,0.712691,0.875089,0.792536,0.729640,0.707087,0.844932,0.626473,0.729701,0.689065,0.000000,0.670400,0.833273,0.702277,0.673699,0.664907,0.691217,0.659159,0.624091,0.727669,0.715734,0.672884,0.734272,0.864463,0.777908,0.876830,0.745912,0.796465,0.859708,0.797398,0.808309,0.672535,0.735993,0.770614,0.781838,0.597543,0.734199,0.679730,0.717233,0.792902,0.635844,0.631482,0.635440,0.748029,0.571814,0.863476,0.640579,0.726055,0.768420,0.744567,0.692758,0.886912,0.841559,0.656489,0.663569,0.775101,0.785367,0.744446,0.856961,0.607033,0.813491,0.724354,0.894601,0.756516,0.770812,0.913891,0.672754,0.711710,0.777528,0.789606,0.793381,0.824431,0.548916,0.818250,0.618784,0.863159,0.786857,0.674998,0.761979
0.596540,0.579903,0.607116,0.570830,0.571405,0.516868,0.558264,0.671247,0.655264,0.541074,0.573517,0.594473,0.613425,0.548629,0.666803,0.683772,0.698373,0.561867,0.722768,0.598150,0.581563,0.712919,0.622315,0.703571,0.630683,0.653973,0.648648,0.737079,0.726227,0.652109,0.706815,0.539341,0.823206,0.695524,0.726779,0.559866,0.561223,0.627436,0.617145,0.564536,0.701696,0.703549,0.793803,0.655810,0.627922,0.740685,0.605103,0.664428,0.716031,0.620951,0.676931,0.617220,0.755898,0.833292,0.646244,0.773093,0.652807,0.714206,0.660815,0.647638,0.744593,0.762843,0.843965,0.663694,0.667832,0.682253,0.649740,0.707563,0.766435,0.575756,0.648499,0.656301,0.624143,0.616424,0.709284,0.639883,0.609187,0.644432,0.686936,0.668614,0.558297,0.630011,0.674789,0.771848,0.720667,0.556543,0.646621,0.705835,0.780003,0.668778,0.585874,0.643488,0.565398,0.685931,0.734052,0.538204,0.777399,0.709341,0.680821,0.597805,0.569028,0.663996,0.562571,0.637084,0.658138,0.604928,0.795258,0.598616,0.790545,0.688269,0.665893,0.734550,0.659101,0.501073,0.706669,0.817224,0.835265,0.698969,0.608214,0.651545,0.629155,0.778362,0.715196,0.789124,0.632929,0.680252,0.638975,0.686073,0.730179,0.649000,0.729442,0.452371,0.646387,0.611547,0.665548,0.691204,0.781862,0.735599,0.559954,0.653311,0.657383,0.786510,0.742863,0.596975,0.749170,0.827032,0.653535,0.666871,0.631073,0.749486,0.727053,0.688682,0.800846,0.793113,0.711424,0.673086,0.697783,0.621667,0.720595,0.642440,0.614391,0.745786,0.686508,0.737259,0.689998,0.770881,0.708276,0.713575,0.754322,0.738414,0.584419,0.763312,0.856953,0.556738,0.770968,0.576310,0.726274,0.690550,0.688931,0.668925,0.786629,0.730629,0.639153,0.644642,0.737064,0.625809,0.729387,0.425650,0.738072,0.662097,0.757472,0.703770,0.753828,0.670228,0.687164,0.710936,0.814853,0.717009,0.618272,0.646091,0.795091,0.767388,0.646258,0.690449,0.672327,0.625307,0.613190,0.721487,0.761322,0.693277,0.804227,0.764227,0.743086,0.680643,0.718892,0.784166,0.826344,0.750915,0.742937,0.880030,0.769527,0.782183,0.751348,0.731713,0.742480,0.632264,0.750638,0.855356,0.682526,0.647879,0.701828,0.738353,0.641862,0.634351,0.747931,0.705177,0.682209,0.782152,0.691332,0.759291,0.745816,0.793823,0.746383,0.758177,0.716435,0.813718,0.646740,0.748487,0.694369,0.794010,0.602084,0.705982,0.620677,0.677257,0.827416,0.739333,0.597459,0.716034,0.688500,0.692820,0.858170,0.764903,0.780461,0.611019,0.706597,0.754465,0.723256,0.779809,0.735932,0.644846,0.645607,0.682543,0.769952,0.527577,0.582379,0.765789,0.708253,0.667755,0.708064,0.666000,0.750033,0.680692,0.843523,0.730034,0.715587,0.823598,0.845938,0.693827,0.782845,0.751395,0.718238,0.649644,0.664627,0.682220,0.571276,0.695494,0.714017,0.586435,0.814731,0.755381,0.784951,0.642794,0.766026,0.671799,0.735953,0.768733,0.767846,0.752232,0.669078,0.500034,0.716357,0.652283,0.828084,0.624846,0.582049,0.838861,0.826801,0.695485,0.765019,0.759827,0.728368,0.564074,0.612133,0.603105,0.541872,0.792851,0.763076,0.782557,0.712682,0.801350,0.637766,0.835537,0.710014,0.729597,0.701569,0.672802,0.847134,0.676909,0.751944,0.847346,0.794431,0.692467,0.799303,0.764096,0.869051,0.627931,0.650559,0.869790,0.627220,0.700779,0.626981,0.813210,0.772044,0.568235,0.711369,0.467153,0.768297,0.552504,0.638575,0.743008,0.522978,0.754698,0.788469,0.705438,0.659041,0.802170,0.518202,0.906354,0.829742,0.725982,0.725911,0.782675,0.719999,0.746095,0.689683,0.638224,0.604217,0.717508,0.793420,0.781953,0.723858,0.722245,0.645386,0.580871,0.743100,0.574401,0.727594,0.768549,0.728514,0.710367,0.728188,0.603091,0.851911,0.650414,0.670423,0.778705,0.656100,0.618969,0.691534,0.763592,0.558733,0.627126,0.733028,0.771420,0.701663,0.625279,0.487008,0.724699,0.595533,0.721055,0.677123,0.682362,0.706605,0.762501,0.591144,0.736881,0.699382,0.665567,0.655753,0.532513,0.600502,0.731395,0.732760,0.594466,0.818544,0.689924,0.716364,0.646239,0.732664,0.823212,0.628041,0.801584,0.670400,0.000000,0.758401,0.845242,0.738487,0.539033,0.725540,0.673209,0.666779,0.620154,0.599656,0.654557,0.771801,0.831199,0.802611,0.670964,0.737860,0.713783,0.725439,0.696619,0.586086,0.629096,0.790308,0.845844,0.731560,0.838771,0.805482,0.644131,0.687123,0.790556,0.627394,0.523260,0.674600,0.580451,0.451855,0.783690,0.700864,0.656225,0.649858,0.861885,0.845446,0.797212,0.789597,0.677736,0.681276,0.701540,0.651680,0.783204,0.704228,0.861794,0.691343,0.698457,0.742065,0.675733,0.762693,0.744715,0.774947,0.676302,0.588753,0.721784,0.825893,0.770571,0.493483,0.785094,0.717387,0.774835,0.594077,0.869588,0.727297
0.596584,0.492396,0.542816,0.606007,0.488075,0.545618,0.579826,0.496733,0.601107,0.478273,0.587162,0.521998,0.538691,0.547032,0.514892,0.411742,0.354274,0.587971,0.373148,0.710012,0.362955,0.543818,0.427005,0.470539,0.408857,0.514291,0.458890,0.472722,0.452840,0.450356,0.708033,0.486334,0.626476,0.601152,0.365901,0.515856,0.429994,0.530812,0.624429,0.447745,0.460614,0.734796,0.683931,0.707061,0.689697,0.586842,0.468408,0.564706,0.523247,0.555662,0.596742,0.772025,0.537965,0.707994,0.486356,0.622910,0.514279,0.424794,0.600983,0.545082,0.614854,0.482382,0.670001,0.617903,0.551950,0.257338,0.502046,0.571999,0.642904,0.725345,0.651887,0.610140,0.567598,0.587791,0.626161,0.603390,0.489873,0.379808,0.521796,0.612882,0.812282,0.544329,0.573544,0.692724,0.441596,0.578476,0.618609,0.422212,0.639977,0.530254,0.593548,0.444817,0.537878,0.290847,0.661012,0.588906,0.724114,0.596182,0.560762,0.497792,0.404371,0.629525,0.425558,0.523876,0.632686,0.399701,0.665556,0.441448,0.367081,0.508557,0.715587,0.458031,0.554518,0.491540,0.484803,0.558142,0.761111,0.786436,0.468309,0.364930,0.450293,0.526420,0.517640,0.679707,0.332761,0.442089,0.569129,0.329022,0.642981,0.400093,0.487124,0.654062,0.578721,0.359704,0.583323,0.370285,0.620813,0.638685,0.710638,0.269888,0.567824,0.629051,0.515162,0.516751,0.594693,0.573531,0.552763,0.569493,0.783778,0.725136,0.467778,0.582115,0.466261,0.486727,0.535900,0.423596,0.511012,0.801191,0.416238,0.583913,0.715856,0.601171,0.485756,0.456253,0.638663,0.321665,0.412805,0.695382,0.410761,0.449002,0.517303,0.572052,0.786819,0.600877,0.591932,0.570969,0.706352,0.631037,0.493569,0.614057,0.672013,0.706836,0.588252,0.427100,0.538002,0.745592,0.573852,0.563284,0.756928,0.610885,0.482126,0.492022,0.612702,0.697456,0.657096,0.424754,0.440507,0.374981,0.787961,0.584749,0.676769,0.649139,0.643268,0.414270,0.707738,0.590628,0.695231,0.376571,0.513694,0.729213,0.702280,0.397408,0.553006,0.754703,0.738014,0.493593,0.408054,0.778106,0.546941,0.635865,0.659799,0.570429,0.600435,0.381312,0.580330,0.483021,0.552098,0.695817,0.591733,0.696579,0.629976,0.627534,0.469226,0.643627,0.584698,0.475742,0.572160,0.652745,0.734923,0.518009,0.498294,0.434863,0.639485,0.583973,0.513799,0.613143,0.703396,0.479239,0.718428,0.517420,0.458753,0.479073,0.594897,0.664105,0.601865,0.509471,0.715790,0.718008,0.596597,0.733828,0.701785,0.629725,0.557168,0.568814,0.725851,0.469832,0.519289,0.557397,0.712047,0.435482,0.518011,0.298543,0.607383,0.815038,0.697894,0.589353,0.620398,0.353677,0.528009,0.470495,0.735408,0.654014,0.739107,0.500723,0.449268,0.572216,0.688223,0.505502,0.419636,0.650741,0.707036,0.859121,0.666087,0.568298,0.569051,0.413279,0.489518,0.820033,0.573042,0.532323,0.363834,0.568568,0.510479,0.481409,0.595584,0.559637,0.559685,0.671370,0.415660,0.808450,0.487184,0.438186,0.389228,0.535849,0.738825,0.582746,0.654256,0.506080,0.512711,0.594986,0.333433,0.780188,0.651735,0.417902,0.767698,0.767017,0.528375,0.512334,0.710011,0.596118,0.752002,0.769859,0.624899,0.544824,0.688055,0.591040,0.725219,0.314684,0.806585,0.589556,0.604490,0.686753,0.630405,0.660465,0.726210,0.696260,0.520372,0.722591,0.539258,0.829782,0.834601,0.725380,0.574296,0.644574,0.644121,0.813465,0.773938,0.499014,0.486432,0.745251,0.658273,0.575209,0.635913,0.487672,0.621239,0.503946,0.675437,0.711725,0.702316,0.604603,0.653025,0.770419,0.588508,0.525137,0.763223,0.581328,0.650418,0.488102,0.571341,0.624752,0.511485,0.537522,0.696897,0.498907,0.572881,0.644127,0.552976,0.691870,0.739010,0.530955,0.753812,0.513483,0.731094,0.427999,0.634936,0.689310,0.567745,0.700019,0.559530,0.485045,0.788381,0.545236,0.349499,0.514761,0.381007,0.650313,0.689876,0.356373,0.712732,0.646392,0.633480,0.676581,0.697047,0.558466,0.588112,0.537271,0.540906,0.560171,0.728620,0.852395,0.744356,0.558671,0.746364,0.680880,0.543511,0.434450,0.698063,0.605231,0.578492,0.749747,0.741298,0.618860,0.833273,0.758401,0.000000,0.704247,0.774503,0.745788,0.614689,0.626587,0.701427,0.732475,0.602113,0.488474,0.703707,0.591632,0.702878,0.625807,0.544787,0.739925,0.660547,0.838038,0.643686,0.503485,0.637727,0.566150,0.615527,0.755163,0.771565,0.789994,0.573865,0.587601,0.661013,0.781237,0.850459,0.612606,0.835743,0.596182,0.681581,0.511545,0.628274,0.697647,0.634662,0.604408,0.588743,0.812794,0.617177,0.677617,0.642393,0.705161,0.628527,0.764624,0.573623,0.514711,0.451909,0.657680,0.409476,0.661031,0.768976,0.761777,0.737327,0.670679,0.668414,0.595086,0.870991,0.336983,0.672609,0.566846,0.462245,0.626297,0.525497
0.596644,0.651156,0.719859,0.720447,0.710633,0.793219,0.776260,0.665682,0.815554,0.796293,0.771799,0.800083,0.527692,0.749727,0.507543,0.682509,0.613376,0.720093,0.640381,0.796470,0.704511,0.553648,0.725184,0.676196,0.760166,0.777947,0.682037,0.482771,0.645078,0.522738,0.559838,0.790181,0.319147,0.519331,0.504851,0.785079,0.715110,0.671098,0.743996,0.726196,0.619772,0.559383,0.320772,0.829676,0.841621,0.803404,0.721920,0.751637,0.594034,0.815106,0.727819,0.513574,0.487453,0.317296,0.751868,0.665840,0.652068,0.688285,0.769584,0.752416,0.405285,0.803299,0.371676,0.717627,0.724576,0.607166,0.693498,0.419931,0.644716,0.663870,0.726913,0.501880,0.833166,0.766977,0.562571,0.605877,0.757271,0.658978,0.734382,0.854765,0.819003,0.796698,0.648646,0.317345,0.639487,0.793905,0.817583,0.693104,0.610836,0.736898,0.769508,0.653017,0.774784,0.663566,0.584770,0.781756,0.598678,0.498871,0.675761,0.794193,0.729583,0.740690,0.685921,0.696616,0.548356,0.726129,0.361306,0.716601,0.593230,0.814793,0.448872,0.674169,0.824740,0.804004,0.600277,0.701449,0.375764,0.820666,0.715274,0.729671,0.790214,0.717630,0.689397,0.748331,0.695203,0.622165,0.766809,0.554635,0.664713,0.755819,0.656351,0.795458,0.786414,0.715262,0.809030,0.692006,0.594624,0.700240,0.657215,0.605432,0.790408,0.420534,0.673877,0.713398,0.802283,0.455918,0.694193,0.689458,0.663822,0.785468,0.642242,0.493412,0.620931,0.684908,0.763439,0.801310,0.695103,0.757397,0.671672,0.745017,0.876185,0.729482,0.721113,0.648928,0.806312,0.517155,0.681089,0.838576,0.695341,0.669705,0.753353,0.628879,0.375877,0.772492,0.564703,0.699442,0.551799,0.748420,0.671595,0.773477,0.772736,0.734265,0.756624,0.718504,0.707335,0.509216,0.460132,0.836321,0.670762,0.813895,0.668763,0.726629,0.645101,0.770217,0.784874,0.679460,0.680558,0.578184,0.817509,0.753183,0.371284,0.400952,0.692099,0.661895,0.566391,0.761870,0.881516,0.696376,0.693048,0.661368,0.435984,0.648405,0.481989,0.685756,0.874785,0.696690,0.696593,0.485346,0.746869,0.449445,0.611477,0.714343,0.509721,0.710841,0.748896,0.743607,0.703212,0.458009,0.537720,0.800481,0.718562,0.745383,0.719893,0.743036,0.808109,0.720130,0.739568,0.762680,0.883804,0.719203,0.620839,0.695324,0.795760,0.679300,0.730087,0.577665,0.569461,0.631184,0.839867,0.710826,0.772630,0.744323,0.766027,0.773976,0.494580,0.701811,0.858563,0.756376,0.760438,0.820965,0.421617,0.596327,0.696497,0.775824,0.622294,0.742333,0.626192,0.780074,0.710343,0.825650,0.709216,0.765797,0.733410,0.859755,0.842827,0.715112,0.661533,0.659202,0.763627,0.682920,0.741429,0.783047,0.776741,0.643433,0.741176,0.712396,0.612927,0.676516,0.624797,0.536056,0.575491,0.855942,0.649635,0.847014,0.783504,0.723716,0.681578,0.848370,0.757880,0.759405,0.679906,0.749906,0.566657,0.754905,0.825657,0.723164,0.667651,0.778232,0.759535,0.809341,0.645793,0.717254,0.622891,0.818564,0.844601,0.497845,0.685261,0.731161,0.632322,0.521607,0.808080,0.826686,0.751366,0.743090,0.823063,0.491485,0.685364,0.662882,0.563161,0.596179,0.824495,0.648964,0.567290,0.654025,0.671522,0.818556,0.360054,0.734135,0.787936,0.744304,0.704519,0.570436,0.812535,0.668610,0.437051,0.769799,0.748600,0.389698,0.746886,0.900300,0.816530,0.431442,0.833907,0.755925,0.537885,0.826397,0.791917,0.656908,0.807431,0.740045,0.839822,0.650096,0.760307,0.777699,0.819517,0.615643,0.886764,0.342804,0.460790,0.628465,0.738572,0.581136,0.693805,0.698348,0.594108,0.783923,0.782648,0.701434,0.728607,0.471435,0.674424,0.782637,0.761085,0.786659,0.787560,0.771589,0.761481,0.722963,0.764315,0.731759,0.769103,0.698389,0.621394,0.686416,0.818231,0.613329,0.746742,0.779697,0.717011,0.663417,0.827902,0.766746,0.732712,0.702336,0.722407,0.787714,0.877942,0.713030,0.784318,0.821789,0.609767,0.818687,0.714886,0.674217,0.789962,0.803535,0.807938,0.706779,0.773947,0.883251,0.764450,0.809777,0.857971,0.778609,0.745481,0.665924,0.774738,0.770177,0.706682,0.463129,0.813617,0.580333,0.702277,0.845242,0.704247,0.000000,0.721579,0.871289,0.552124,0.791893,0.799208,0.804020,0.862509,0.715154,0.705571,0.795637,0.832635,0.835614,0.640761,0.722213,0.760988,0.878933,0.791055,0.661300,0.694841,0.742597,0.694352,0.414201,0.775584,0.790278,0.770267,0.754912,0.826101,0.818054,0.705546,0.769216,0.863954,0.907353,0.679163,0.685908,0.657723,0.451503,0.658896,0.778209,0.753498,0.665806,0.784963,0.775757,0.790241,0.699773,0.828832,0.425569,0.734892,0.685665,0.676605,0.690167,0.647476,0.756344,0.796090,0.799907,0.752424,0.820716,0.707759,0.798046,0.869114,0.616302,0.783241,0.779054,0.753886,0.593261,0.734175
0.596998,0.607213,0.688122,0.704917,0.636258,0.647194,0.693932,0.772267,0.661182,0.670700,0.669476,0.692915,0.685366,0.780032,0.682997,0.777850,0.703286,0.716795,0.705505,0.623872,0.655018,0.761346,0.631633,0.753434,0.731885,0.734402,0.660388,0.747818,0.749300,0.701306,0.778580,0.778636,0.720716,0.642973,0.751794,0.694199,0.729961,0.666362,0.699337,0.679615,0.655862,0.747005,0.719387,0.746775,0.655631,0.686842,0.605295,0.668184,0.756638,0.717518,0.762359,0.728570,0.665632,0.743646,0.732011,0.657183,0.736461,0.752215,0.791112,0.667982,0.732593,0.753990,0.753043,0.683955,0.738833,0.756791,0.741792,0.723761,0.639317,0.757976,0.669047,0.701137,0.695146,0.664504,0.669102,0.659671,0.771634,0.785576,0.734381,0.769953,0.746139,0.779624,0.668184,0.782510,0.774510,0.675286,0.710825,0.799135,0.557855,0.738366,0.745296,0.766462,0.653170,0.742055,0.637197,0.653815,0.767247,0.720745,0.658642,0.679996,0.730962,0.561291,0.756864,0.741188,0.688041,0.684452,0.756762,0.671570,0.807334,0.721664,0.741690,0.726947,0.708655,0.632692,0.748983,0.832091,0.791089,0.418922,0.754477,0.723602,0.743630,0.822431,0.794778,0.788412,0.684146,0.786645,0.744613,0.700736,0.690566,0.737782,0.732773,0.588572,0.747174,0.714823,0.651939,0.772355,0.745154,0.762756,0.689587,0.714201,0.724691,0.692500,0.795440,0.536495,0.824678,0.716478,0.765716,0.635323,0.631410,0.612404,0.789111,0.708484,0.797605,0.760669,0.791760,0.763138,0.706224,0.708338,0.730864,0.676637,0.660580,0.792462,0.748560,0.779574,0.725301,0.739577,0.783480,0.660623,0.784762,0.777342,0.685662,0.744497,0.768199,0.684801,0.750037,0.713081,0.715068,0.752912,0.746009,0.772755,0.887646,0.536389,0.656652,0.795256,0.765430,0.740233,0.722566,0.782089,0.759131,0.650624,0.736536,0.841580,0.707535,0.653315,0.720585,0.744679,0.793146,0.741472,0.761157,0.779979,0.744389,0.712845,0.623855,0.760414,0.702725,0.726201,0.665400,0.809113,0.797803,0.735761,0.694234,0.789092,0.739474,0.788957,0.723620,0.817273,0.813456,0.745850,0.789436,0.806660,0.627358,0.793075,0.718943,0.824230,0.741785,0.728170,0.811665,0.722398,0.697274,0.664709,0.752947,0.760448,0.741321,0.721719,0.832761,0.781258,0.724686,0.752614,0.683589,0.800067,0.720462,0.778789,0.768883,0.673828,0.779596,0.679098,0.765754,0.770487,0.808754,0.817997,0.748981,0.690299,0.654794,0.771561,0.654676,0.753529,0.656589,0.645749,0.713308,0.652441,0.718668,0.704573,0.831472,0.638465,0.566455,0.741175,0.814924,0.858943,0.612030,0.763624,0.737784,0.760036,0.827317,0.729736,0.701547,0.809183,0.731097,0.687329,0.801894,0.690453,0.627424,0.798964,0.755661,0.778870,0.708955,0.814982,0.710927,0.786288,0.814307,0.653644,0.789204,0.666138,0.721767,0.776402,0.738172,0.818230,0.700401,0.619808,0.794106,0.823736,0.791922,0.728280,0.720611,0.726612,0.857916,0.709833,0.713066,0.668844,0.827024,0.719873,0.770245,0.717492,0.767948,0.773641,0.703900,0.726305,0.717155,0.859688,0.737770,0.727380,0.780305,0.653935,0.774145,0.793692,0.650493,0.774020,0.744178,0.778501,0.771848,0.732247,0.733576,0.757205,0.676669,0.757729,0.727483,0.739565,0.720766,0.723317,0.751793,0.822766,0.742078,0.738873,0.817496,0.720506,0.760485,0.667912,0.770465,0.713161,0.769468,0.647355,0.715156,0.730912,0.775763,0.629110,0.787370,0.664945,0.222299,0.697540,0.819783,0.124244,0.681003,0.758721,0.834555,0.698035,0.616154,0.798946,0.733230,0.783039,0.770874,0.686156,0.783867,0.847383,0.867929,0.808601,0.696826,0.741818,0.768274,0.771887,0.827178,0.758963,0.782323,0.784228,0.687584,0.724326,0.811969,0.710295,0.799521,0.713371,0.644645,0.868130,0.727822,0.661135,0.616902,0.828180,0.854066,0.708040,0.695680,0.664101,0.713985,0.858975,0.734092,0.692714,0.902476,0.736116,0.739335,0.684336,0.677924,0.819116,0.759909,0.697508,0.663033,0.659102,0.709691,0.800927,0.777980,0.818362,0.773911,0.764232,0.715694,0.697932,0.776494,0.679509,0.736002,0.812568,0.807750,0.785055,0.677279,0.735723,0.797996,0.784452,0.742692,0.750751,0.673699,0.738487,0.774503,0.721579,0.000000,0.648969,0.705904,0.695410,0.746679,0.733332,0.830990,0.709865,0.656413,0.811618,0.772626,0.879450,0.754827,0.655852,0.812888,0.769051,0.716993,0.713216,0.795472,0.747846,0.819473,0.747202,0.727476,0.584484,0.626827,0.799631,0.814122,0.731268,0.769117,0.770553,0.713480,0.802949,0.675382,0.764036,0.838389,0.780132,0.730166,0.767879,0.796077,0.724820,0.696092,0.747102,0.853830,0.707407,0.806353,0.763507,0.715980,0.706422,0.805839,0.564606,0.744586,0.891319,0.721534,0.728865,0.696968,0.763270,0.748603,0.794736,0.747769,0.780011,0.623108,0.840633,0.756805,0.711123,0.698420
0.597002,0.572317,0.486616,0.644968,0.502057,0.504811,0.545571,0.626234,0.592839,0.487810,0.559711,0.505032,0.728054,0.484505,0.720588,0.646890,0.615959,0.622982,0.601661,0.628156,0.573518,0.641361,0.629946,0.589578,0.560257,0.536622,0.691783,0.660345,0.631964,0.681166,0.777435,0.582968,0.781308,0.759388,0.687013,0.586566,0.570950,0.607770,0.612762,0.492968,0.652334,0.733853,0.824622,0.645157,0.618191,0.768999,0.573290,0.591350,0.693854,0.581994,0.654611,0.678800,0.764044,0.815305,0.515269,0.781898,0.598612,0.633021,0.616345,0.665575,0.749326,0.637062,0.789177,0.697938,0.592992,0.669060,0.612140,0.740165,0.748636,0.601755,0.662133,0.686929,0.618826,0.480615,0.764798,0.707538,0.562355,0.657502,0.546686,0.644690,0.545531,0.544133,0.748508,0.814569,0.647796,0.645501,0.404699,0.582231,0.750287,0.673720,0.684264,0.652250,0.419685,0.640970,0.832109,0.600196,0.801280,0.750479,0.781211,0.672245,0.615376,0.684013,0.547692,0.616034,0.737796,0.564180,0.782185,0.536096,0.695167,0.724211,0.785875,0.701881,0.627581,0.523993,0.664104,0.642140,0.846036,0.618037,0.644160,0.626824,0.555111,0.662993,0.620375,0.789608,0.623741,0.662269,0.575254,0.676720,0.745785,0.653858,0.612705,0.511045,0.675722,0.601873,0.697733,0.582758,0.766855,0.727548,0.678078,0.709738,0.731665,0.863794,0.618969,0.702725,0.696888,0.833648,0.623114,0.734232,0.602355,0.767804,0.641160,0.775782,0.692131,0.630433,0.698967,0.636724,0.662371,0.668011,0.678343,0.631799,0.540696,0.620996,0.770512,0.653101,0.644331,0.776913,0.646985,0.722374,0.649745,0.763645,0.633904,0.678030,0.806091,0.578074,0.770020,0.716557,0.847593,0.694199,0.695827,0.726770,0.732690,0.758628,0.660989,0.703901,0.631129,0.753840,0.741475,0.626504,0.791233,0.698234,0.702726,0.611038,0.856503,0.741758,0.656534,0.598702,0.703358,0.693158,0.665288,0.746123,0.839439,0.846074,0.692382,0.646796,0.792414,0.624738,0.640272,0.747282,0.763093,0.706751,0.829577,0.756223,0.836944,0.748098,0.620437,0.668486,0.739824,0.824719,0.691675,0.828021,0.843095,0.762412,0.777556,0.719216,0.652890,0.628604,0.625387,0.850153,0.748648,0.648853,0.762463,0.746421,0.650299,0.692482,0.730701,0.672494,0.777794,0.779439,0.623599,0.699810,0.605939,0.660086,0.663139,0.759243,0.662260,0.812783,0.757500,0.689524,0.607341,0.710620,0.696563,0.592775,0.601328,0.708900,0.831539,0.685052,0.530822,0.615589,0.689842,0.643852,0.800225,0.823206,0.681625,0.514422,0.705075,0.625048,0.656835,0.727559,0.771885,0.635394,0.668771,0.617725,0.705014,0.490764,0.624700,0.663039,0.761107,0.713451,0.681414,0.590099,0.750752,0.654228,0.829038,0.660846,0.776927,0.718598,0.822062,0.541725,0.741493,0.822677,0.812480,0.550177,0.788541,0.694859,0.672042,0.712103,0.832477,0.523034,0.648376,0.670036,0.801726,0.755721,0.835017,0.694330,0.665244,0.800933,0.726743,0.685622,0.689898,0.460162,0.673005,0.710121,0.766160,0.565117,0.561597,0.858140,0.769461,0.579584,0.692064,0.831750,0.718406,0.657052,0.653224,0.610196,0.578100,0.825963,0.756300,0.688266,0.874763,0.823865,0.574570,0.754227,0.677131,0.631124,0.730867,0.682410,0.803038,0.656448,0.751636,0.672060,0.721915,0.845441,0.730313,0.725384,0.856151,0.691743,0.601710,0.834767,0.567092,0.640707,0.632164,0.824078,0.762058,0.598875,0.709585,0.443010,0.706569,0.722222,0.697376,0.632662,0.656213,0.753710,0.767359,0.650809,0.665922,0.690796,0.606967,0.880807,0.835583,0.735459,0.639050,0.753459,0.720442,0.693393,0.772505,0.749448,0.649959,0.597121,0.656107,0.839447,0.625604,0.746127,0.690813,0.693559,0.744992,0.516632,0.675287,0.824151,0.792515,0.656738,0.730272,0.628913,0.893365,0.617179,0.754398,0.810379,0.609444,0.611992,0.739907,0.752465,0.565556,0.703185,0.663208,0.734112,0.659729,0.744173,0.611675,0.673147,0.652637,0.705030,0.649164,0.639169,0.804687,0.673401,0.698263,0.778817,0.661850,0.676251,0.740190,0.512608,0.687457,0.682713,0.762166,0.646700,0.689203,0.684102,0.766896,0.712145,0.682737,0.744570,0.629921,0.804481,0.664907,0.539033,0.745788,0.871289,0.648969,0.000000,0.817513,0.715682,0.672407,0.561925,0.737462,0.728692,0.758441,0.737390,0.762204,0.707243,0.722450,0.733599,0.706616,0.676291,0.668014,0.759542,0.785354,0.772868,0.632712,0.892618,0.809991,0.681025,0.734164,0.689008,0.637604,0.461219,0.656729,0.721900,0.573488,0.709030,0.786680,0.639790,0.716877,0.893805,0.846598,0.776376,0.658939,0.701560,0.635423,0.690016,0.683404,0.804051,0.715933,0.874351,0.720435,0.788129,0.599866,0.693282,0.691858,0.650484,0.805404,0.642199,0.707919,0.748643,0.857296,0.626139,0.411566,0.751672,0.759199,0.738245,0.594305,0.820320,0.710226
0.597443,0.577642,0.683865,0.643696,0.682167,0.659923,0.747778,0.677871,0.692213,0.699500,0.734400,0.736015,0.361853,0.718651,0.418097,0.623646,0.578164,0.663508,0.589272,0.742067,0.607589,0.643307,0.610533,0.681488,0.626875,0.721115,0.600201,0.529065,0.628148,0.422856,0.593800,0.634646,0.458558,0.414110,0.438403,0.649993,0.597134,0.669258,0.749504,0.624806,0.548261,0.635748,0.664142,0.744646,0.705958,0.684336,0.678784,0.681289,0.565444,0.702644,0.684788,0.566040,0.468259,0.521667,0.712099,0.563007,0.625050,0.668398,0.706379,0.644113,0.376196,0.746917,0.476451,0.664861,0.647114,0.508888,0.676134,0.357709,0.612240,0.586363,0.540269,0.416592,0.774973,0.770068,0.486601,0.602152,0.647593,0.595987,0.675502,0.835446,0.770174,0.758386,0.571835,0.489406,0.660797,0.710552,0.706311,0.680700,0.575162,0.760202,0.679897,0.684603,0.736605,0.578078,0.497545,0.624251,0.583627,0.404668,0.647978,0.676905,0.591080,0.611690,0.682358,0.702439,0.399463,0.695007,0.510545,0.691311,0.578443,0.734014,0.562733,0.586955,0.813039,0.677048,0.644752,0.680341,0.581912,0.789855,0.689017,0.644582,0.691455,0.680198,0.673991,0.549206,0.576930,0.561617,0.681202,0.450441,0.641581,0.710337,0.709192,0.782133,0.734634,0.633067,0.640047,0.666526,0.571304,0.677832,0.618333,0.464306,0.646725,0.340508,0.692270,0.594445,0.765484,0.438905,0.648144,0.588569,0.663108,0.654052,0.644930,0.399540,0.688854,0.675864,0.698585,0.660827,0.751777,0.675742,0.616265,0.789601,0.814825,0.726228,0.596523,0.622409,0.737724,0.433408,0.648071,0.662653,0.689027,0.512072,0.661448,0.631702,0.538780,0.749998,0.450162,0.662590,0.528619,0.689971,0.574899,0.719991,0.719170,0.682379,0.757700,0.634019,0.679483,0.580390,0.427919,0.622845,0.628802,0.646373,0.656702,0.664631,0.473885,0.675756,0.761501,0.620792,0.716197,0.401395,0.821309,0.636542,0.440908,0.469686,0.605082,0.603352,0.559015,0.667621,0.826751,0.583516,0.576181,0.708516,0.499551,0.508243,0.384440,0.581893,0.776172,0.675607,0.588630,0.606510,0.728878,0.536749,0.576555,0.632091,0.432448,0.693173,0.725201,0.590059,0.663695,0.526593,0.522763,0.692175,0.651229,0.666812,0.692791,0.677486,0.758615,0.617885,0.703851,0.706031,0.785606,0.691912,0.667391,0.563561,0.645669,0.672626,0.727896,0.514490,0.654903,0.679397,0.634162,0.792608,0.634857,0.600276,0.758830,0.748690,0.430531,0.647337,0.704628,0.696202,0.739401,0.789039,0.497244,0.537836,0.724546,0.781243,0.520039,0.714989,0.668989,0.724422,0.698710,0.755214,0.674345,0.652967,0.708839,0.720109,0.735800,0.721940,0.554967,0.560506,0.664357,0.719881,0.690223,0.735173,0.723972,0.638688,0.673300,0.792129,0.584485,0.769291,0.664425,0.427195,0.651825,0.854269,0.533067,0.721073,0.727119,0.697243,0.565021,0.746178,0.755856,0.659224,0.673893,0.550861,0.510656,0.810342,0.733886,0.581393,0.657442,0.720649,0.653326,0.730116,0.672546,0.653226,0.636753,0.699654,0.755480,0.541162,0.728868,0.686975,0.598030,0.516439,0.674077,0.681713,0.754044,0.651327,0.726848,0.562636,0.572419,0.808332,0.591759,0.521470,0.695365,0.528216,0.535494,0.706777,0.712676,0.787401,0.481599,0.738443,0.886657,0.730234,0.639454,0.617023,0.696067,0.585363,0.521027,0.673740,0.789496,0.526920,0.637087,0.810371,0.746369,0.513726,0.752436,0.678113,0.512203,0.774615,0.751305,0.661574,0.620487,0.726732,0.723977,0.646757,0.702788,0.749914,0.636526,0.667833,0.715595,0.556192,0.532228,0.491290,0.638717,0.683849,0.685847,0.738431,0.605352,0.718148,0.596429,0.719429,0.716955,0.416638,0.662776,0.797366,0.643891,0.831479,0.752949,0.731839,0.747985,0.686016,0.696004,0.702540,0.712576,0.729796,0.466298,0.654377,0.801796,0.622797,0.763261,0.699196,0.680909,0.690341,0.779851,0.675666,0.649477,0.659314,0.631706,0.714333,0.820741,0.642699,0.850205,0.640940,0.592439,0.744248,0.612403,0.745701,0.705858,0.685816,0.664152,0.775692,0.646184,0.738055,0.729169,0.668335,0.838657,0.616257,0.684907,0.624185,0.675231,0.702917,0.694675,0.527227,0.717578,0.373976,0.691217,0.725540,0.614689,0.552124,0.705904,0.817513,0.000000,0.626753,0.793520,0.650152,0.722262,0.566941,0.532365,0.657775,0.735228,0.706308,0.686362,0.639002,0.722592,0.874903,0.742015,0.684648,0.598821,0.686056,0.572482,0.533630,0.771356,0.670281,0.687510,0.617733,0.781760,0.807477,0.749563,0.779856,0.740786,0.810642,0.571676,0.690289,0.599777,0.478533,0.573861,0.721732,0.755866,0.673667,0.631359,0.660626,0.746143,0.662654,0.647190,0.606307,0.687028,0.585945,0.713919,0.627155,0.478356,0.694916,0.697243,0.723450,0.692835,0.789914,0.591856,0.818253,0.787650,0.566454,0.627296,0.714071,0.584628,0.575057,0.578887
0.597444,0.600857,0.685477,0.627216,0.719340,0.603913,0.595452,0.756229,0.547644,0.550245,0.567974,0.619921,0.465926,0.671217,0.491635,0.643688,0.702679,0.641351,0.686073,0.511967,0.561167,0.779809,0.576706,0.745057,0.505171,0.723937,0.571351,0.770108,0.738945,0.676353,0.657579,0.620580,0.699017,0.638704,0.694876,0.532247,0.583836,0.667718,0.658456,0.728242,0.680891,0.668328,0.683016,0.643974,0.619142,0.739288,0.647955,0.727053,0.649610,0.588471,0.711084,0.662501,0.556352,0.781606,0.713404,0.701351,0.746872,0.725767,0.677261,0.645459,0.647206,0.730750,0.734906,0.615793,0.727283,0.651951,0.682140,0.701582,0.494099,0.607626,0.505651,0.572638,0.528780,0.698535,0.571542,0.575993,0.708105,0.630493,0.745559,0.672505,0.716940,0.760268,0.657311,0.757307,0.804813,0.511251,0.769076,0.782612,0.612560,0.711913,0.493645,0.744556,0.739038,0.651507,0.657249,0.551772,0.596322,0.545715,0.663234,0.594748,0.645258,0.580005,0.733600,0.755353,0.666044,0.691226,0.730189,0.712801,0.739312,0.604705,0.691678,0.754567,0.704708,0.632923,0.680600,0.791577,0.775362,0.637364,0.716517,0.584761,0.622140,0.817986,0.793572,0.591534,0.648287,0.708956,0.765055,0.612689,0.637310,0.693426,0.740585,0.656743,0.572634,0.598059,0.670723,0.762244,0.671845,0.611767,0.601066,0.572032,0.512208,0.673234,0.840792,0.536979,0.793548,0.733853,0.727403,0.656428,0.632109,0.641588,0.799207,0.686143,0.809893,0.739287,0.571597,0.628749,0.727761,0.657132,0.654024,0.641211,0.540409,0.831048,0.634255,0.791018,0.721116,0.601628,0.755380,0.692564,0.788090,0.732372,0.614463,0.701441,0.774152,0.634832,0.496171,0.705389,0.652234,0.776315,0.682629,0.605220,0.741233,0.622981,0.685891,0.711886,0.817395,0.691394,0.589648,0.658658,0.660906,0.603807,0.662423,0.821453,0.570515,0.533647,0.696286,0.721981,0.783175,0.627855,0.643593,0.691890,0.758201,0.704501,0.594376,0.776363,0.572378,0.677014,0.544672,0.571389,0.656772,0.696620,0.701526,0.667504,0.628728,0.761021,0.798815,0.861480,0.682761,0.682604,0.737764,0.790077,0.578316,0.746575,0.554493,0.717481,0.781283,0.695836,0.834700,0.698338,0.744599,0.620516,0.530951,0.601310,0.680980,0.776228,0.743207,0.642917,0.576512,0.728948,0.772998,0.768131,0.814941,0.688453,0.662916,0.589268,0.653760,0.650432,0.734341,0.762608,0.676177,0.749282,0.598603,0.627578,0.605121,0.752899,0.577700,0.758647,0.545966,0.657464,0.777312,0.702233,0.705584,0.525427,0.792346,0.716692,0.602584,0.759328,0.870873,0.833013,0.635724,0.713772,0.707853,0.682183,0.863985,0.717472,0.599754,0.764899,0.654468,0.633960,0.796066,0.804016,0.501015,0.704714,0.800145,0.800221,0.690131,0.796143,0.685610,0.811824,0.789972,0.566273,0.679034,0.782794,0.587705,0.720999,0.706321,0.682179,0.561560,0.550383,0.754859,0.796109,0.682704,0.595105,0.565383,0.737625,0.759793,0.529289,0.550780,0.716459,0.750700,0.636241,0.788192,0.646603,0.716586,0.557906,0.628928,0.777879,0.607652,0.807908,0.684183,0.561596,0.734386,0.495014,0.695518,0.619196,0.518003,0.760658,0.650064,0.792030,0.672686,0.510739,0.666581,0.651460,0.642268,0.867857,0.600600,0.658327,0.762256,0.707419,0.755238,0.858293,0.720696,0.686253,0.696082,0.552024,0.799462,0.542947,0.824189,0.729881,0.756796,0.606228,0.643244,0.780572,0.523654,0.655391,0.769423,0.592563,0.744347,0.731368,0.579737,0.675523,0.532472,0.811994,0.747694,0.706085,0.561635,0.821711,0.579543,0.773599,0.791272,0.486740,0.682336,0.794776,0.789942,0.803152,0.665793,0.676316,0.510435,0.862405,0.806818,0.718243,0.845508,0.701660,0.602396,0.703192,0.724767,0.719244,0.837055,0.608373,0.661830,0.821636,0.754373,0.651969,0.560053,0.805715,0.724877,0.598988,0.696898,0.684649,0.618798,0.799942,0.709852,0.563581,0.706483,0.539502,0.726960,0.666643,0.579371,0.721976,0.709027,0.602739,0.587676,0.700354,0.579865,0.770547,0.722993,0.417224,0.533856,0.788363,0.649458,0.584684,0.694291,0.579425,0.680816,0.553438,0.794621,0.749682,0.514208,0.619039,0.824737,0.736886,0.695360,0.715178,0.659159,0.673209,0.626587,0.791893,0.695410,0.715682,0.626753,0.000000,0.764438,0.587431,0.703222,0.569936,0.740516,0.675789,0.773202,0.773804,0.808040,0.616193,0.800209,0.737334,0.676200,0.626484,0.713212,0.573861,0.790919,0.769977,0.630885,0.589601,0.548410,0.735736,0.668335,0.623791,0.692621,0.554033,0.583782,0.638197,0.561039,0.758946,0.791807,0.747344,0.531474,0.582952,0.792836,0.702115,0.558590,0.621696,0.677031,0.702041,0.453252,0.761543,0.676249,0.532169,0.754489,0.801221,0.655160,0.808809,0.554202,0.707159,0.674225,0.767797,0.664513,0.843416,0.628440,0.619000,0.544577,0.767845,0.637710,0.562134,0.616500
0.597489,0.591538,0.594252,0.700083,0.545367,0.677038,0.719937,0.631326,0.735681,0.669360,0.728731,0.645241,0.648062,0.633984,0.647837,0.574772,0.591080,0.661924,0.579397,0.717875,0.547384,0.607827,0.649539,0.649892,0.691125,0.711389,0.549214,0.578029,0.580282,0.562707,0.661110,0.478469,0.708922,0.618411,0.548936,0.801872,0.641125,0.634215,0.743885,0.657431,0.550841,0.707437,0.729774,0.637433,0.754903,0.557605,0.565876,0.514862,0.546408,0.772315,0.685011,0.757381,0.724371,0.710603,0.644056,0.529917,0.548301,0.654734,0.653974,0.708295,0.649673,0.661025,0.673398,0.700434,0.710907,0.612466,0.541025,0.630908,0.713232,0.700463,0.704299,0.647948,0.733750,0.677659,0.683112,0.756429,0.680545,0.547330,0.674422,0.659565,0.669717,0.670573,0.623991,0.710843,0.590413,0.831382,0.700759,0.581456,0.684177,0.697216,0.763854,0.588281,0.627598,0.591172,0.731706,0.800973,0.747682,0.662558,0.721735,0.660588,0.534155,0.592743,0.545132,0.616324,0.593320,0.634155,0.704124,0.624556,0.537042,0.763143,0.747939,0.546948,0.715377,0.654837,0.554163,0.656882,0.792908,0.634668,0.694535,0.647362,0.631225,0.611359,0.512859,0.721643,0.589690,0.640847,0.610928,0.634242,0.586527,0.677207,0.570563,0.696927,0.704244,0.591722,0.677634,0.551662,0.581901,0.726354,0.685915,0.623972,0.774979,0.661143,0.625196,0.714512,0.645466,0.696296,0.638760,0.519312,0.767318,0.656168,0.545539,0.667796,0.589613,0.533193,0.639338,0.622334,0.777306,0.830043,0.598293,0.669177,0.677095,0.676884,0.699257,0.597397,0.682487,0.708375,0.563255,0.770880,0.643190,0.677407,0.671680,0.482350,0.724056,0.626051,0.619190,0.704965,0.747565,0.556937,0.600882,0.780410,0.619718,0.540815,0.670249,0.650761,0.548130,0.714896,0.666935,0.685363,0.792520,0.789247,0.662321,0.652419,0.696484,0.781396,0.618775,0.530705,0.585790,0.617980,0.790039,0.705656,0.697367,0.701366,0.721144,0.562694,0.715649,0.783993,0.604470,0.656521,0.612782,0.663194,0.705889,0.596105,0.641831,0.584383,0.748214,0.570999,0.574658,0.822979,0.697170,0.666844,0.654925,0.678663,0.682601,0.629975,0.622051,0.551053,0.573472,0.725876,0.626873,0.639770,0.791464,0.701181,0.536313,0.564037,0.678708,0.707869,0.797079,0.812878,0.748611,0.676652,0.551493,0.560553,0.835651,0.695549,0.600941,0.547453,0.643545,0.585052,0.761034,0.649591,0.587468,0.531928,0.710071,0.691786,0.721004,0.550789,0.657209,0.649809,0.591769,0.689377,0.726861,0.760074,0.658100,0.615667,0.687139,0.578644,0.608444,0.595603,0.547240,0.602570,0.733318,0.614950,0.654249,0.645083,0.586287,0.669164,0.767819,0.572347,0.559422,0.569018,0.745257,0.709984,0.642563,0.566851,0.660536,0.604020,0.577920,0.605561,0.637546,0.732652,0.680965,0.689377,0.728764,0.686098,0.647979,0.580170,0.654984,0.634096,0.656844,0.637911,0.613047,0.688912,0.573909,0.679952,0.721344,0.698291,0.664329,0.589615,0.576789,0.667294,0.586721,0.787859,0.648713,0.647455,0.693298,0.697592,0.663287,0.635504,0.529813,0.732723,0.648016,0.675205,0.724319,0.614485,0.716198,0.758786,0.517674,0.598507,0.770784,0.620716,0.686351,0.664062,0.650443,0.604354,0.659838,0.702505,0.743811,0.660355,0.754796,0.657062,0.590093,0.805118,0.770340,0.733951,0.796195,0.768651,0.601204,0.741835,0.568374,0.734753,0.775365,0.712624,0.799987,0.796474,0.632797,0.633683,0.674836,0.644746,0.727531,0.734865,0.676121,0.604954,0.739779,0.784005,0.778071,0.605363,0.553915,0.684437,0.723962,0.657866,0.637278,0.734095,0.707962,0.492360,0.735441,0.759772,0.662926,0.558162,0.626843,0.741107,0.546188,0.676839,0.623630,0.606982,0.722257,0.675347,0.633515,0.597960,0.756116,0.522124,0.808270,0.704913,0.782776,0.606580,0.724598,0.569628,0.522205,0.767877,0.710076,0.620067,0.681790,0.740399,0.632657,0.614441,0.688113,0.837547,0.644883,0.566924,0.781180,0.736905,0.523764,0.853993,0.651822,0.612832,0.761760,0.759080,0.619405,0.676908,0.759912,0.716015,0.803714,0.642542,0.718100,0.687739,0.616498,0.507152,0.786355,0.589319,0.530841,0.689153,0.679045,0.653830,0.624091,0.666779,0.701427,0.799208,0.746679,0.672407,0.793520,0.764438,0.000000,0.772004,0.651683,0.679576,0.665640,0.695198,0.733883,0.685529,0.576972,0.694621,0.663540,0.821211,0.712409,0.681414,0.530279,0.686348,0.592996,0.730363,0.639213,0.837720,0.739654,0.585631,0.590641,0.638592,0.815036,0.743786,0.663755,0.726865,0.671856,0.465328,0.590721,0.804209,0.628869,0.687283,0.669125,0.759964,0.677617,0.658815,0.663317,0.515717,0.745339,0.765621,0.651205,0.631586,0.651336,0.636336,0.625214,0.620778,0.568131,0.657586,0.766225,0.735301,0.585695,0.717406,0.641601,0.628082,0.708539,0.666437,0.614752,0.593419,0.526747
0.597552,0.641629,0.631665,0.638992,0.716930,0.506626,0.558467,0.716061,0.555725,0.583817,0.546796,0.602161,0.616941,0.600297,0.656047,0.736836,0.711362,0.705126,0.740206,0.573893,0.548801,0.774301,0.607224,0.704521,0.615363,0.665002,0.683868,0.740673,0.722876,0.701419,0.716110,0.689697,0.758177,0.722312,0.714220,0.532853,0.544205,0.685085,0.525361,0.678042,0.753103,0.702515,0.761687,0.597814,0.529876,0.713883,0.719626,0.743673,0.758788,0.564620,0.700783,0.607635,0.703113,0.801637,0.666363,0.723071,0.819726,0.745026,0.628484,0.597345,0.733253,0.735267,0.727431,0.607014,0.669064,0.701608,0.711845,0.739424,0.698256,0.518721,0.535815,0.672628,0.574389,0.727723,0.663378,0.649973,0.575550,0.687925,0.733844,0.660825,0.614565,0.737928,0.734218,0.795790,0.746088,0.566624,0.755656,0.728990,0.785640,0.618973,0.607118,0.754023,0.760814,0.727835,0.675676,0.573659,0.705103,0.686082,0.796483,0.626387,0.715832,0.633255,0.732617,0.737911,0.711309,0.743049,0.708580,0.741898,0.762856,0.591831,0.701142,0.767375,0.638270,0.576018,0.781179,0.726008,0.802440,0.719723,0.640807,0.729874,0.619532,0.713439,0.801348,0.695484,0.726258,0.745992,0.733841,0.627663,0.755537,0.669213,0.768331,0.618809,0.642570,0.708837,0.545787,0.739721,0.767373,0.692444,0.715730,0.662024,0.594358,0.808342,0.783822,0.615241,0.732684,0.818398,0.738974,0.746926,0.593218,0.691071,0.741925,0.724897,0.796162,0.764956,0.732304,0.679638,0.702778,0.473844,0.702198,0.577042,0.602171,0.737398,0.743414,0.734604,0.622021,0.665534,0.732824,0.556151,0.783542,0.780401,0.630532,0.825390,0.757334,0.606620,0.697554,0.616552,0.702876,0.753564,0.652975,0.679274,0.769234,0.739060,0.683244,0.754671,0.723073,0.661327,0.788408,0.624165,0.697413,0.537069,0.769178,0.728265,0.675471,0.578864,0.747706,0.744093,0.830193,0.655327,0.631166,0.728034,0.755881,0.759120,0.547474,0.742905,0.682979,0.562649,0.673666,0.781035,0.709865,0.711064,0.785158,0.695558,0.745027,0.709366,0.835443,0.784621,0.686409,0.736976,0.730105,0.797176,0.719887,0.707887,0.743111,0.719467,0.788166,0.656707,0.744161,0.766646,0.656648,0.663107,0.586728,0.650177,0.795266,0.767297,0.803178,0.745848,0.687486,0.739638,0.832360,0.780334,0.777752,0.693734,0.550397,0.756518,0.789026,0.745359,0.796587,0.765902,0.551969,0.753346,0.706035,0.700875,0.634297,0.748619,0.665079,0.780595,0.514217,0.674757,0.769895,0.637833,0.728538,0.642190,0.796518,0.757205,0.531896,0.786866,0.753391,0.848041,0.706160,0.752694,0.708259,0.707286,0.783943,0.512572,0.630589,0.765541,0.706248,0.733095,0.776471,0.790169,0.641876,0.700866,0.799720,0.738816,0.739484,0.810594,0.781270,0.808893,0.757543,0.685191,0.784698,0.686244,0.638580,0.721943,0.755542,0.842989,0.709804,0.572124,0.715737,0.824174,0.773949,0.646460,0.777363,0.772205,0.701475,0.650341,0.745678,0.769535,0.698408,0.515816,0.767772,0.712784,0.766909,0.517170,0.579048,0.842735,0.736929,0.711555,0.787877,0.713660,0.732873,0.529510,0.665559,0.599017,0.582621,0.661580,0.783219,0.797948,0.723113,0.730672,0.576027,0.671814,0.633795,0.805249,0.710122,0.702319,0.786252,0.732415,0.716585,0.701676,0.763526,0.726077,0.603134,0.689460,0.793687,0.618590,0.807531,0.803286,0.684216,0.738334,0.634524,0.754402,0.676792,0.659125,0.652098,0.539861,0.798413,0.695586,0.651549,0.703919,0.612090,0.831855,0.779731,0.690207,0.617571,0.796918,0.606544,0.830606,0.788495,0.671776,0.650819,0.813409,0.795082,0.822426,0.729655,0.720673,0.686387,0.835433,0.786919,0.757546,0.777116,0.736568,0.551669,0.729027,0.776078,0.460827,0.814713,0.742836,0.678811,0.816360,0.639091,0.702580,0.718330,0.751854,0.720443,0.789044,0.736257,0.669959,0.684267,0.765870,0.648682,0.695173,0.695795,0.818774,0.780608,0.590589,0.731955,0.726657,0.608436,0.601636,0.772084,0.488551,0.617291,0.810909,0.708385,0.667233,0.677319,0.688411,0.635274,0.580086,0.583657,0.662670,0.731135,0.477805,0.821664,0.730448,0.573360,0.614581,0.777370,0.701307,0.656597,0.638264,0.727669,0.620154,0.732475,0.804020,0.733332,0.561925,0.650152,0.587431,0.772004,0.000000,0.782252,0.698679,0.832646,0.685985,0.787992,0.800900,0.857528,0.653381,0.698696,0.753656,0.794665,0.738702,0.730434,0.763149,0.718747,0.812671,0.689155,0.515880,0.687353,0.759100,0.660460,0.556338,0.576377,0.728810,0.638453,0.735401,0.582136,0.800456,0.724958,0.781316,0.779686,0.726507,0.767268,0.628212,0.574272,0.745812,0.633429,0.692845,0.693087,0.835555,0.729018,0.666526,0.678701,0.769098,0.645076,0.744288,0.690503,0.625594,0.548930,0.716514,0.739758,0.753682,0.571619,0.815905,0.591413,0.779795,0.504065,0.790289,0.634975
0.598152,0.599953,0.572039,0.632332,0.586664,0.587841,0.641427,0.582927,0.655934,0.586652,0.656494,0.558489,0.569047,0.545238,0.566007,0.522568,0.641411,0.450277,0.636992,0.696377,0.545069,0.709358,0.640993,0.616583,0.607796,0.595442,0.579703,0.659589,0.619332,0.653843,0.685269,0.385150,0.792567,0.665924,0.690219,0.638451,0.580029,0.638449,0.704774,0.571753,0.651164,0.783482,0.805705,0.651306,0.715872,0.583753,0.554895,0.691068,0.666812,0.707463,0.645102,0.767358,0.704622,0.844575,0.588894,0.625446,0.634893,0.554729,0.517839,0.657336,0.691768,0.605497,0.817276,0.648484,0.656357,0.608806,0.528625,0.671120,0.735340,0.724243,0.677377,0.641084,0.672088,0.621782,0.707723,0.725624,0.702669,0.505468,0.677842,0.638710,0.672581,0.556423,0.664827,0.810494,0.612316,0.629473,0.631428,0.553343,0.793407,0.698559,0.674230,0.627193,0.602022,0.612095,0.745483,0.602698,0.720887,0.666301,0.715114,0.684400,0.429999,0.646333,0.581930,0.646338,0.610880,0.593392,0.829469,0.575927,0.690612,0.664332,0.800243,0.610982,0.671645,0.631847,0.689613,0.683628,0.862706,0.678632,0.589493,0.641529,0.611284,0.618391,0.624879,0.679144,0.603250,0.696876,0.578754,0.692386,0.641617,0.642683,0.672195,0.586109,0.562465,0.584587,0.750262,0.551137,0.711213,0.706154,0.545369,0.643921,0.678620,0.790216,0.680761,0.664325,0.671363,0.761300,0.576649,0.612139,0.706783,0.616062,0.667242,0.701269,0.655606,0.631804,0.653994,0.596164,0.724707,0.743214,0.491139,0.671053,0.661468,0.712055,0.650833,0.679286,0.752562,0.733070,0.576194,0.726488,0.608093,0.667754,0.620616,0.663761,0.854329,0.572953,0.678721,0.695647,0.715186,0.639364,0.680084,0.691521,0.627186,0.673833,0.578042,0.629588,0.649229,0.801936,0.710341,0.517058,0.751532,0.687446,0.679245,0.700292,0.682086,0.730996,0.533201,0.692733,0.600977,0.621763,0.756439,0.677629,0.817984,0.776892,0.675633,0.674426,0.685282,0.782063,0.636547,0.672003,0.555583,0.749976,0.789987,0.782546,0.685893,0.652719,0.541170,0.695812,0.756724,0.748776,0.715419,0.855943,0.738925,0.695381,0.690656,0.612783,0.705368,0.625194,0.737083,0.820521,0.716507,0.631062,0.764688,0.662491,0.517975,0.621318,0.675542,0.712738,0.716879,0.767493,0.565638,0.682442,0.724437,0.784152,0.751464,0.767356,0.652956,0.677765,0.833443,0.666856,0.707360,0.673159,0.507979,0.525601,0.623023,0.603101,0.749122,0.623437,0.691887,0.729532,0.689770,0.663788,0.813747,0.722088,0.697088,0.642990,0.719911,0.612337,0.654911,0.639902,0.729051,0.500185,0.753077,0.607440,0.729358,0.672761,0.629996,0.708440,0.657792,0.497509,0.668766,0.676780,0.767667,0.716584,0.647295,0.698465,0.650927,0.672184,0.698483,0.713748,0.633523,0.721830,0.700502,0.794552,0.629414,0.465792,0.671011,0.595394,0.693131,0.671808,0.723044,0.684953,0.549449,0.680407,0.701644,0.670649,0.683071,0.662325,0.674301,0.625340,0.606751,0.671883,0.688900,0.662573,0.607580,0.634951,0.679201,0.764486,0.694203,0.714619,0.715513,0.742231,0.632573,0.646025,0.707447,0.660199,0.596122,0.805906,0.582790,0.701110,0.802667,0.678199,0.715709,0.726898,0.769414,0.677130,0.675516,0.700343,0.881423,0.645493,0.715504,0.718807,0.718904,0.796486,0.766406,0.701713,0.857100,0.737517,0.624614,0.843476,0.683621,0.772565,0.663701,0.813106,0.680153,0.579953,0.780218,0.644448,0.859781,0.696105,0.678439,0.863905,0.522022,0.662167,0.602349,0.783031,0.689549,0.634003,0.594532,0.789452,0.849311,0.757883,0.672394,0.821293,0.703833,0.618956,0.692073,0.721344,0.640846,0.633786,0.700573,0.805243,0.752194,0.588278,0.612310,0.625725,0.742177,0.678069,0.737367,0.699128,0.647482,0.633580,0.745742,0.640955,0.748197,0.706567,0.602810,0.711560,0.549349,0.593419,0.675464,0.653901,0.809259,0.691693,0.670387,0.757755,0.687376,0.772415,0.550429,0.646731,0.746145,0.593892,0.656465,0.768179,0.693526,0.697365,0.709393,0.674765,0.640579,0.712046,0.696122,0.704729,0.717929,0.603160,0.697691,0.696165,0.702519,0.546730,0.786601,0.578751,0.650256,0.861952,0.682528,0.677492,0.715734,0.599656,0.602113,0.862509,0.830990,0.737462,0.722262,0.703222,0.651683,0.782252,0.000000,0.594606,0.804338,0.768576,0.778779,0.705862,0.669055,0.819111,0.681087,0.809741,0.761018,0.637384,0.704426,0.690669,0.764357,0.839763,0.807987,0.756853,0.688355,0.626080,0.572523,0.691917,0.816783,0.673946,0.603335,0.721917,0.693359,0.588487,0.742573,0.827547,0.713758,0.790178,0.744501,0.780580,0.570611,0.817178,0.559892,0.651039,0.677059,0.854412,0.669271,0.685952,0.674344,0.650350,0.768929,0.723700,0.688872,0.665927,0.749334,0.625555,0.742648,0.671317,0.656400,0.615310,0.686045,0.624190,0.665486,0.737145,0.565436
0.598223,0.562299,0.654037,0.692849,0.570424,0.614318,0.535853,0.604521,0.574260,0.571038,0.552437,0.597785,0.500081,0.564072,0.526597,0.561276,0.551642,0.589621,0.537560,0.578134,0.508232,0.658722,0.455839,0.542860,0.419314,0.663134,0.504339,0.588580,0.538298,0.347811,0.652169,0.542882,0.652920,0.477462,0.518500,0.481943,0.511382,0.613406,0.602959,0.555762,0.547292,0.621875,0.678840,0.673675,0.647203,0.623958,0.616294,0.589104,0.579856,0.590621,0.654805,0.678873,0.543353,0.707661,0.645362,0.617749,0.586786,0.559358,0.675148,0.586414,0.524500,0.620915,0.660213,0.615041,0.569809,0.487189,0.664250,0.429543,0.643473,0.715562,0.514152,0.509366,0.644341,0.648214,0.555107,0.587528,0.605053,0.498110,0.663473,0.622929,0.710985,0.630519,0.629617,0.646570,0.611914,0.502603,0.692549,0.630984,0.595092,0.612097,0.567823,0.518572,0.574344,0.489299,0.635714,0.432362,0.647358,0.531764,0.664834,0.474131,0.489844,0.592157,0.492848,0.618854,0.547245,0.554634,0.635040,0.576179,0.582637,0.409648,0.691368,0.600494,0.637035,0.548179,0.628335,0.638566,0.759222,0.703473,0.427195,0.371562,0.536083,0.718592,0.674234,0.616662,0.520919,0.633316,0.677550,0.510893,0.633041,0.625824,0.604314,0.644615,0.516940,0.424661,0.593571,0.561284,0.599740,0.571813,0.641847,0.473047,0.521796,0.626866,0.680002,0.418614,0.775971,0.653019,0.612866,0.624468,0.696509,0.654305,0.635189,0.536676,0.634841,0.609264,0.563428,0.630595,0.532577,0.732742,0.559309,0.631017,0.695208,0.652264,0.547143,0.659122,0.663240,0.528049,0.572083,0.645538,0.569110,0.567422,0.493079,0.598421,0.721804,0.546881,0.492131,0.597826,0.630903,0.682238,0.550285,0.704181,0.783174,0.666663,0.582439,0.588465,0.625766,0.626072,0.523139,0.575241,0.609468,0.603049,0.579519,0.713695,0.587741,0.488180,0.679984,0.589470,0.595795,0.546884,0.697512,0.649676,0.614647,0.627936,0.623918,0.608092,0.646093,0.544403,0.734932,0.510760,0.549268,0.675836,0.709210,0.566612,0.512519,0.684804,0.767151,0.706761,0.603270,0.721002,0.676753,0.700366,0.638073,0.688686,0.542045,0.614871,0.697795,0.592192,0.716431,0.703462,0.608552,0.645681,0.484436,0.554096,0.594753,0.670055,0.654170,0.587378,0.511285,0.686064,0.677960,0.706306,0.636288,0.595820,0.734175,0.622348,0.555786,0.549985,0.583401,0.577781,0.727187,0.680646,0.455149,0.569131,0.668410,0.737753,0.597408,0.591573,0.656630,0.624849,0.631436,0.704427,0.712826,0.676304,0.737352,0.589309,0.625724,0.632519,0.642596,0.723376,0.656064,0.627186,0.468105,0.538406,0.643553,0.737352,0.662131,0.758967,0.257406,0.446339,0.654862,0.628193,0.630952,0.684183,0.753393,0.677097,0.551074,0.697107,0.676212,0.627739,0.643580,0.606000,0.647677,0.800679,0.664312,0.706567,0.569164,0.562102,0.437207,0.656163,0.621492,0.572066,0.574213,0.496268,0.502950,0.566705,0.705705,0.459904,0.656429,0.703348,0.661399,0.703040,0.652728,0.404403,0.591797,0.635700,0.716072,0.693343,0.674251,0.739706,0.570437,0.658269,0.600541,0.637595,0.606064,0.537625,0.663873,0.711607,0.604559,0.709570,0.624544,0.550792,0.751278,0.690406,0.639979,0.666402,0.679624,0.651143,0.731540,0.581558,0.807498,0.695947,0.650870,0.690531,0.633044,0.647938,0.736499,0.643074,0.575542,0.677105,0.640816,0.744485,0.734475,0.689657,0.443946,0.636101,0.658359,0.734353,0.738726,0.554009,0.593808,0.742394,0.718861,0.695064,0.671240,0.545500,0.558669,0.639555,0.628720,0.728250,0.712720,0.477105,0.617631,0.752227,0.709879,0.743049,0.686091,0.597450,0.556633,0.680834,0.738730,0.638633,0.644186,0.623489,0.646594,0.558155,0.699897,0.645144,0.649393,0.662444,0.714159,0.650135,0.725126,0.602932,0.653510,0.633153,0.656522,0.654344,0.609367,0.687399,0.510730,0.624403,0.705961,0.421775,0.631783,0.500776,0.592500,0.606059,0.694499,0.658008,0.697995,0.613869,0.630260,0.727445,0.600978,0.733361,0.616809,0.388558,0.432771,0.639213,0.645755,0.698107,0.587642,0.631691,0.812822,0.540536,0.678244,0.581325,0.535894,0.618679,0.652238,0.657077,0.733431,0.622866,0.672884,0.654557,0.488474,0.715154,0.709865,0.728692,0.566941,0.569936,0.679576,0.698679,0.594606,0.000000,0.684960,0.676334,0.650912,0.677577,0.655448,0.595861,0.708129,0.783340,0.572883,0.514532,0.603917,0.644000,0.732028,0.732638,0.704396,0.721786,0.506072,0.674554,0.681207,0.704454,0.716003,0.656097,0.691668,0.544584,0.611783,0.626198,0.643784,0.720479,0.623813,0.625192,0.717512,0.726918,0.589385,0.549299,0.579085,0.669096,0.582040,0.780126,0.629396,0.491172,0.661333,0.703091,0.535456,0.806292,0.647215,0.659649,0.672200,0.675294,0.622520,0.664092,0.729555,0.548358,0.610663,0.691871,0.598409,0.609025,0.634474
0.598230,0.617318,0.652810,0.659445,0.626764,0.706074,0.758848,0.689215,0.701763,0.719652,0.763654,0.798903,0.572917,0.763416,0.596420,0.682848,0.557623,0.729931,0.597964,0.566103,0.676921,0.681536,0.663614,0.746703,0.704453,0.733623,0.538878,0.634862,0.635552,0.498825,0.758398,0.662488,0.607744,0.554558,0.533288,0.760305,0.676105,0.702920,0.783107,0.707016,0.522446,0.770409,0.760498,0.696154,0.743966,0.599440,0.683477,0.608062,0.590412,0.775392,0.743684,0.735088,0.553880,0.678103,0.721932,0.557676,0.578730,0.710788,0.719130,0.658252,0.535229,0.706580,0.625856,0.780386,0.734406,0.575730,0.687876,0.519219,0.712324,0.769646,0.642362,0.571407,0.797950,0.764194,0.514577,0.761399,0.709283,0.671612,0.725796,0.790754,0.893358,0.761711,0.547656,0.649877,0.622050,0.803945,0.749504,0.667750,0.354512,0.789936,0.771011,0.694035,0.719996,0.622064,0.591296,0.786505,0.642464,0.540377,0.617625,0.698212,0.648611,0.548141,0.682968,0.744898,0.566219,0.688074,0.696128,0.711560,0.598633,0.815573,0.773582,0.601675,0.839278,0.713506,0.685639,0.693614,0.723207,0.643740,0.747170,0.702536,0.711983,0.652615,0.629736,0.628682,0.605234,0.705113,0.722123,0.591196,0.731601,0.774091,0.648661,0.776610,0.770887,0.664007,0.639609,0.653433,0.659641,0.763485,0.787496,0.593389,0.780934,0.583463,0.729202,0.678740,0.753139,0.569215,0.738980,0.545691,0.752018,0.558407,0.655327,0.549432,0.679932,0.647717,0.761349,0.750285,0.753402,0.774978,0.648673,0.773213,0.778980,0.770883,0.596712,0.683989,0.809022,0.573943,0.617167,0.647633,0.720732,0.602520,0.667136,0.601966,0.709681,0.778012,0.606586,0.762278,0.588507,0.645091,0.645000,0.755809,0.764696,0.504975,0.818837,0.652424,0.655787,0.738102,0.544123,0.815075,0.817360,0.747535,0.631167,0.703889,0.563439,0.759133,0.742883,0.648581,0.756681,0.633757,0.833384,0.675589,0.642318,0.631934,0.742013,0.674673,0.772677,0.752054,0.783706,0.616781,0.576917,0.726172,0.655672,0.600382,0.556439,0.652431,0.751919,0.675105,0.621218,0.785184,0.745609,0.681907,0.569164,0.720665,0.540132,0.780857,0.702107,0.704925,0.694700,0.675117,0.652848,0.734419,0.756597,0.728743,0.698699,0.679210,0.701700,0.669999,0.833986,0.671587,0.745506,0.710364,0.638042,0.581118,0.809503,0.712470,0.739776,0.616144,0.728325,0.691313,0.829787,0.798697,0.700925,0.642960,0.810216,0.794341,0.477603,0.672652,0.755462,0.785990,0.661563,0.770779,0.703354,0.649027,0.731145,0.741884,0.699274,0.700720,0.739189,0.792059,0.501171,0.785420,0.822049,0.709950,0.748023,0.782855,0.682040,0.723970,0.711758,0.670186,0.683616,0.688126,0.652399,0.717653,0.646230,0.651666,0.700797,0.772500,0.562493,0.727100,0.709041,0.546521,0.768781,0.757656,0.668301,0.794630,0.774992,0.749581,0.572366,0.743890,0.753415,0.696590,0.652550,0.683732,0.550900,0.833018,0.803664,0.596873,0.684970,0.676804,0.730701,0.786978,0.640482,0.754435,0.671157,0.729605,0.809078,0.606666,0.740550,0.712542,0.596585,0.659285,0.713343,0.737677,0.850709,0.698212,0.797812,0.685398,0.568071,0.774419,0.778873,0.635222,0.752185,0.693415,0.609136,0.673951,0.772084,0.831641,0.693631,0.785017,0.858999,0.688391,0.657341,0.768883,0.806402,0.657642,0.765352,0.624450,0.728498,0.702232,0.643652,0.750356,0.718929,0.709999,0.786075,0.717019,0.703802,0.739835,0.616197,0.761011,0.714283,0.645435,0.801964,0.704134,0.698478,0.770735,0.738756,0.708248,0.640849,0.694411,0.728141,0.580045,0.757411,0.733910,0.721974,0.701216,0.730033,0.823018,0.661229,0.689245,0.757771,0.637120,0.663408,0.773012,0.749084,0.848801,0.730593,0.840774,0.779783,0.648379,0.604167,0.717916,0.746128,0.782552,0.617275,0.715919,0.823951,0.642829,0.740231,0.704176,0.788469,0.728736,0.756541,0.812091,0.719737,0.679957,0.692314,0.835634,0.819650,0.678602,0.882989,0.742987,0.644751,0.790244,0.683605,0.729645,0.786402,0.767721,0.714950,0.814819,0.785388,0.759305,0.818548,0.730266,0.823635,0.768749,0.678970,0.681048,0.814984,0.685218,0.645043,0.714891,0.756276,0.490438,0.734272,0.771801,0.703707,0.705571,0.656413,0.758441,0.532365,0.740516,0.665640,0.832646,0.804338,0.684960,0.000000,0.728200,0.775229,0.717362,0.731216,0.504615,0.708586,0.796545,0.826991,0.773192,0.645452,0.645772,0.658123,0.706736,0.613649,0.710216,0.639963,0.666060,0.833264,0.773194,0.778473,0.839477,0.738580,0.855086,0.637609,0.730551,0.663523,0.708898,0.621666,0.718733,0.759295,0.792260,0.715644,0.710475,0.882790,0.600093,0.667641,0.695989,0.714703,0.642594,0.704390,0.570763,0.572142,0.662947,0.671505,0.754953,0.812950,0.762422,0.543493,0.813680,0.751646,0.645983,0.595996,0.703647,0.739313,0.611265,0.595961
0.598294,0.625174,0.626999,0.680591,0.649088,0.714406,0.705735,0.630256,0.601832,0.705640,0.692294,0.703756,0.612451,0.725068,0.621761,0.608120,0.654109,0.728248,0.612773,0.713640,0.610428,0.706042,0.623047,0.689598,0.641477,0.725614,0.629236,0.674158,0.623770,0.610279,0.721609,0.613381,0.697397,0.703361,0.530161,0.695676,0.641203,0.692284,0.728789,0.707678,0.674575,0.760753,0.826852,0.592672,0.680493,0.680878,0.669091,0.645986,0.653734,0.769570,0.680147,0.843971,0.692998,0.755980,0.724018,0.674326,0.701483,0.650148,0.663743,0.676620,0.718474,0.708237,0.709077,0.726071,0.706678,0.620143,0.632783,0.671493,0.685717,0.749508,0.603509,0.720755,0.702197,0.740631,0.644256,0.802284,0.726504,0.643402,0.729537,0.670276,0.754842,0.708579,0.769048,0.789142,0.613736,0.791213,0.784893,0.643782,0.746276,0.659921,0.721938,0.657357,0.769512,0.546402,0.710445,0.812412,0.748432,0.700253,0.733582,0.698696,0.615012,0.620813,0.673889,0.705593,0.650359,0.707578,0.747695,0.741211,0.469397,0.634194,0.841591,0.622172,0.691043,0.749622,0.656694,0.672249,0.828460,0.815474,0.742687,0.665064,0.689228,0.652761,0.671160,0.580591,0.673412,0.632597,0.658064,0.627055,0.693469,0.700657,0.676231,0.786725,0.655789,0.677803,0.663155,0.630015,0.741486,0.768891,0.891130,0.617328,0.684063,0.680673,0.730211,0.780029,0.732189,0.685559,0.732731,0.657380,0.797188,0.600135,0.644290,0.644782,0.689880,0.583835,0.616268,0.678818,0.779557,0.829309,0.688441,0.761046,0.728783,0.754417,0.603569,0.628324,0.703261,0.619796,0.597871,0.704586,0.645884,0.679929,0.713237,0.694974,0.772578,0.797915,0.604252,0.743932,0.741130,0.678250,0.715564,0.794591,0.653112,0.716253,0.786984,0.661079,0.641721,0.856631,0.773746,0.744101,0.711632,0.693856,0.715890,0.728668,0.655515,0.590143,0.776394,0.636217,0.709722,0.586279,0.769312,0.702942,0.774303,0.797479,0.696800,0.636160,0.829548,0.791070,0.730124,0.582692,0.655420,0.703919,0.825390,0.447978,0.660315,0.767494,0.778834,0.655244,0.344369,0.843484,0.765901,0.738543,0.749018,0.727996,0.753792,0.610551,0.737548,0.639758,0.687307,0.715759,0.685905,0.633024,0.656887,0.666888,0.640275,0.702027,0.645667,0.624600,0.733174,0.750938,0.718498,0.642575,0.680303,0.403187,0.706613,0.667347,0.654378,0.656611,0.820743,0.675429,0.637052,0.729856,0.565618,0.617574,0.759630,0.798071,0.727572,0.643129,0.694372,0.648790,0.670639,0.665284,0.781370,0.761362,0.689021,0.727827,0.745976,0.714484,0.704168,0.667612,0.679385,0.563393,0.797042,0.628749,0.714876,0.802915,0.768891,0.706627,0.699913,0.694955,0.625891,0.703493,0.676900,0.733158,0.653684,0.673783,0.676425,0.748089,0.722402,0.770807,0.687528,0.731202,0.762747,0.848415,0.789132,0.617401,0.760058,0.670637,0.620020,0.752487,0.676570,0.590185,0.606926,0.566670,0.682566,0.721436,0.708548,0.556690,0.677409,0.736853,0.591408,0.768892,0.647708,0.782782,0.613755,0.699516,0.756934,0.701113,0.736645,0.693754,0.580386,0.790810,0.614633,0.786890,0.843327,0.708320,0.831899,0.819452,0.640072,0.727507,0.802552,0.637201,0.785894,0.630824,0.635883,0.706506,0.794322,0.698717,0.781764,0.679796,0.758602,0.605481,0.655209,0.838430,0.679511,0.758722,0.754074,0.858829,0.733750,0.768748,0.695004,0.813436,0.797394,0.762044,0.584597,0.817573,0.668671,0.784031,0.773179,0.771088,0.533119,0.787923,0.733167,0.708513,0.675224,0.807128,0.822696,0.704742,0.682028,0.789219,0.766249,0.704604,0.619818,0.746787,0.744183,0.645335,0.821321,0.695677,0.786372,0.609496,0.708115,0.756031,0.662724,0.709951,0.719778,0.727779,0.693061,0.681989,0.676704,0.684571,0.744332,0.652950,0.766824,0.813185,0.729230,0.703852,0.772118,0.736435,0.672397,0.835498,0.803763,0.700226,0.756771,0.771767,0.549351,0.650839,0.631408,0.759116,0.796615,0.561620,0.855183,0.695074,0.722864,0.711329,0.614989,0.689770,0.767629,0.624994,0.549219,0.670386,0.845896,0.801746,0.895480,0.587401,0.716130,0.687473,0.726331,0.708245,0.624052,0.705454,0.705472,0.729013,0.777093,0.610408,0.864463,0.831199,0.591632,0.795637,0.811618,0.737390,0.657775,0.675789,0.695198,0.685985,0.768576,0.676334,0.728200,0.000000,0.747800,0.682431,0.699987,0.730764,0.789320,0.814350,0.773292,0.799919,0.603571,0.628108,0.633197,0.780256,0.665187,0.884314,0.738572,0.649566,0.719729,0.766730,0.840731,0.811220,0.789397,0.641609,0.692729,0.676320,0.648230,0.802866,0.670593,0.667920,0.738698,0.845007,0.660041,0.672230,0.773038,0.747113,0.711410,0.820918,0.762937,0.558870,0.687718,0.725927,0.447406,0.692141,0.660627,0.655884,0.829918,0.728377,0.630698,0.764626,0.794467,0.529578,0.667782,0.659868,0.622208,0.701262,0.621953
0.598559,0.589829,0.604361,0.601386,0.614642,0.558206,0.589679,0.602715,0.598513,0.631256,0.610154,0.648165,0.724569,0.644043,0.717525,0.624553,0.616682,0.728791,0.585620,0.663064,0.598271,0.726314,0.599264,0.625794,0.563195,0.660863,0.640636,0.686282,0.584116,0.618438,0.768686,0.713328,0.760109,0.659125,0.633659,0.650707,0.656431,0.634760,0.681222,0.632996,0.405356,0.758240,0.781603,0.631410,0.638109,0.662474,0.635299,0.343155,0.624048,0.611338,0.626504,0.762627,0.736353,0.811480,0.634226,0.605751,0.585029,0.604814,0.671974,0.629777,0.725416,0.612592,0.765974,0.742572,0.560747,0.644304,0.618293,0.719659,0.640305,0.760046,0.686392,0.705486,0.681788,0.617392,0.721112,0.785513,0.648549,0.664341,0.557182,0.652066,0.792892,0.663891,0.680462,0.810470,0.694820,0.730717,0.631548,0.677260,0.750716,0.662421,0.666071,0.638790,0.659131,0.608466,0.770235,0.716447,0.775239,0.674334,0.716751,0.633856,0.696953,0.711287,0.681744,0.648754,0.661192,0.655747,0.790070,0.680324,0.661358,0.638501,0.860829,0.581408,0.599729,0.606617,0.610871,0.647668,0.835603,0.681360,0.628111,0.621708,0.600695,0.716345,0.627096,0.682072,0.654163,0.721399,0.671394,0.717372,0.701398,0.597281,0.657091,0.765140,0.629681,0.610681,0.621530,0.670729,0.657903,0.677325,0.837711,0.673283,0.682412,0.806983,0.642490,0.678322,0.674560,0.749342,0.706446,0.645144,0.755253,0.666458,0.644103,0.621662,0.662139,0.597354,0.625915,0.630785,0.669351,0.803089,0.677361,0.717640,0.732659,0.666467,0.680352,0.593416,0.635075,0.751562,0.658830,0.628924,0.624650,0.675213,0.750749,0.636223,0.849051,0.765467,0.704931,0.707842,0.806522,0.725661,0.683482,0.778593,0.784664,0.703767,0.697539,0.644748,0.626898,0.789159,0.716421,0.727982,0.692464,0.662364,0.696742,0.720660,0.724425,0.657698,0.732371,0.570568,0.671005,0.672681,0.744485,0.608986,0.797994,0.797641,0.698958,0.595909,0.850538,0.669282,0.749251,0.723785,0.709870,0.726748,0.826199,0.651622,0.710519,0.701091,0.782041,0.689035,0.679179,0.868602,0.662068,0.788613,0.739379,0.651731,0.691277,0.684956,0.633423,0.668907,0.660299,0.841523,0.640315,0.646238,0.701628,0.671082,0.661473,0.675290,0.626029,0.712946,0.697887,0.779251,0.720222,0.629749,0.649589,0.636874,0.686010,0.650872,0.668281,0.739977,0.783433,0.594809,0.663943,0.723654,0.618482,0.713602,0.690468,0.675097,0.735239,0.647689,0.776342,0.673595,0.611127,0.735645,0.846854,0.755888,0.656098,0.637139,0.771219,0.616884,0.685874,0.792597,0.680134,0.680461,0.659647,0.611997,0.653980,0.719426,0.767546,0.648985,0.705707,0.678225,0.672686,0.660551,0.727479,0.671207,0.652654,0.645185,0.627044,0.678443,0.729251,0.687578,0.681475,0.762958,0.825892,0.728684,0.709110,0.640239,0.742030,0.724079,0.729618,0.754726,0.626555,0.660395,0.669819,0.630605,0.664847,0.713009,0.698144,0.714441,0.666130,0.640534,0.665507,0.740241,0.657810,0.722322,0.590388,0.668163,0.744207,0.778523,0.723881,0.730915,0.638661,0.749059,0.675318,0.768146,0.728597,0.685123,0.766075,0.883267,0.643205,0.679736,0.846159,0.619375,0.757801,0.790303,0.864861,0.685471,0.723268,0.601379,0.836086,0.691866,0.793289,0.675050,0.616642,0.910487,0.702189,0.756899,0.826569,0.749837,0.726605,0.806209,0.717924,0.757267,0.788208,0.801245,0.667819,0.746094,0.738629,0.773567,0.764789,0.746172,0.705282,0.784392,0.834077,0.574504,0.665694,0.670252,0.691956,0.650077,0.715133,0.784034,0.797149,0.692141,0.737697,0.776421,0.672370,0.637366,0.834192,0.652373,0.747418,0.650725,0.681953,0.855378,0.658701,0.709370,0.796547,0.670653,0.582790,0.704491,0.704931,0.695792,0.784381,0.641344,0.661908,0.717420,0.790487,0.738311,0.747869,0.690190,0.658907,0.750682,0.645585,0.659502,0.730883,0.726997,0.689038,0.668822,0.731169,0.783718,0.820578,0.698856,0.813247,0.616199,0.787676,0.691033,0.710050,0.638036,0.708414,0.636927,0.646952,0.691409,0.710430,0.771831,0.781434,0.765514,0.779227,0.708261,0.630416,0.692524,0.718229,0.741318,0.582042,0.817271,0.747912,0.718722,0.777908,0.802611,0.702878,0.832635,0.772626,0.762204,0.735228,0.773202,0.733883,0.787992,0.778779,0.650912,0.775229,0.747800,0.000000,0.643613,0.614860,0.814603,0.743657,0.647859,0.675785,0.807419,0.740418,0.670457,0.736867,0.868146,0.733294,0.772952,0.740520,0.634361,0.636131,0.743561,0.834193,0.801482,0.765396,0.703114,0.706500,0.604531,0.714497,0.876944,0.742746,0.671963,0.716687,0.847886,0.690520,0.759268,0.701622,0.699560,0.696789,0.814859,0.691109,0.698378,0.700970,0.713455,0.648432,0.659505,0.668313,0.715803,0.817381,0.657632,0.645114,0.723186,0.790833,0.719981,0.695594,0.703357,0.738651,0.775484,0.663850
0.598739,0.566838,0.457883,0.569618,0.500624,0.603463,0.653924,0.434385,0.604335,0.550855,0.693950,0.584782,0.674483,0.505628,0.676324,0.537530,0.504885,0.708437,0.435973,0.746862,0.593373,0.598029,0.548150,0.580910,0.487934,0.590918,0.616062,0.572080,0.530162,0.571264,0.703736,0.482660,0.736846,0.744976,0.556524,0.716174,0.637283,0.676320,0.730087,0.552849,0.541179,0.706507,0.836484,0.647821,0.668579,0.688660,0.590902,0.567017,0.502672,0.677844,0.420703,0.802810,0.726683,0.802571,0.484752,0.658906,0.510080,0.553582,0.676262,0.535441,0.684144,0.551593,0.758945,0.758311,0.546088,0.479723,0.485701,0.632487,0.751388,0.668409,0.677009,0.700796,0.693092,0.652238,0.765930,0.779599,0.518293,0.590491,0.534295,0.661721,0.753965,0.551803,0.593002,0.772692,0.573782,0.744547,0.614448,0.470660,0.817860,0.602375,0.692792,0.534182,0.611679,0.426982,0.699965,0.719133,0.783500,0.680304,0.627284,0.613653,0.479842,0.745046,0.516900,0.442404,0.722738,0.571036,0.742929,0.528460,0.550731,0.694376,0.847630,0.498678,0.716933,0.634632,0.449058,0.549227,0.800874,0.832897,0.635055,0.505433,0.568784,0.545332,0.517962,0.671340,0.567198,0.595103,0.530090,0.593446,0.698607,0.611488,0.477128,0.748387,0.660131,0.560905,0.657960,0.481495,0.703370,0.657994,0.830987,0.586496,0.737564,0.737184,0.498685,0.712828,0.439096,0.750783,0.573514,0.735921,0.762774,0.755921,0.488261,0.736844,0.528054,0.498101,0.588143,0.493587,0.685968,0.787210,0.570738,0.743696,0.814828,0.523058,0.624074,0.497304,0.672676,0.647278,0.457040,0.724888,0.564384,0.557075,0.723030,0.580764,0.829253,0.758221,0.740356,0.642141,0.852105,0.624144,0.652953,0.738487,0.565145,0.803011,0.685294,0.293233,0.435614,0.840632,0.725823,0.620503,0.824311,0.739583,0.653142,0.520027,0.795371,0.795140,0.618571,0.453741,0.595591,0.575659,0.799077,0.297510,0.769181,0.809822,0.728228,0.505957,0.859958,0.623591,0.776077,0.668527,0.654504,0.628867,0.839341,0.655309,0.727558,0.704415,0.705752,0.518609,0.630394,0.905177,0.367261,0.719586,0.737083,0.681040,0.722550,0.612140,0.428625,0.510670,0.514877,0.832391,0.720838,0.747385,0.839938,0.653532,0.524793,0.673413,0.630820,0.633192,0.695941,0.703147,0.715094,0.334773,0.541995,0.575958,0.628321,0.722251,0.600370,0.754062,0.729218,0.546247,0.591012,0.648908,0.592073,0.694399,0.707774,0.681870,0.737657,0.504535,0.744130,0.752299,0.631299,0.753565,0.833606,0.828719,0.341534,0.688438,0.808268,0.496311,0.552616,0.581861,0.704306,0.572343,0.670321,0.480640,0.598669,0.788770,0.747480,0.372514,0.726377,0.568557,0.527424,0.468524,0.817202,0.518999,0.750274,0.513062,0.645718,0.498745,0.768399,0.633723,0.587967,0.728897,0.751095,0.827094,0.794373,0.601424,0.577522,0.596897,0.759852,0.797267,0.589351,0.609844,0.599200,0.693339,0.746195,0.673259,0.360132,0.763916,0.717800,0.634080,0.524710,0.747583,0.550976,0.679857,0.565129,0.508644,0.777048,0.746690,0.638560,0.485219,0.576563,0.806338,0.512317,0.802835,0.800217,0.483890,0.790960,0.840825,0.674173,0.620065,0.845825,0.660995,0.624309,0.765753,0.767651,0.501339,0.715974,0.506211,0.834686,0.645872,0.797278,0.553554,0.570257,0.865879,0.588848,0.689370,0.808827,0.759191,0.633423,0.765972,0.475221,0.918149,0.836629,0.865627,0.764338,0.758607,0.734781,0.847411,0.865519,0.655032,0.652304,0.868642,0.787491,0.695142,0.649881,0.667514,0.748043,0.593669,0.716512,0.798262,0.848126,0.782213,0.661260,0.676796,0.494347,0.443422,0.871709,0.689698,0.716767,0.545775,0.384200,0.726848,0.514102,0.640360,0.711238,0.722368,0.403836,0.749801,0.550305,0.675224,0.778645,0.522486,0.757777,0.681415,0.764258,0.568279,0.649450,0.730450,0.487639,0.741535,0.727898,0.577951,0.761530,0.729170,0.459579,0.736580,0.530659,0.756204,0.778968,0.548326,0.821883,0.748929,0.793020,0.766763,0.759528,0.412537,0.626741,0.661738,0.655083,0.624580,0.701309,0.777198,0.821248,0.677088,0.838282,0.767815,0.439691,0.594386,0.875719,0.689609,0.574998,0.836912,0.619516,0.632240,0.876830,0.670964,0.625807,0.835614,0.879450,0.707243,0.706308,0.773804,0.685529,0.800900,0.705862,0.677577,0.717362,0.682431,0.643613,0.000000,0.700457,0.686940,0.496411,0.671976,0.701824,0.781163,0.710366,0.761949,0.554249,0.852012,0.757129,0.829625,0.747225,0.525696,0.608071,0.692294,0.851711,0.819136,0.687591,0.705044,0.739689,0.604498,0.545439,0.760733,0.799050,0.720329,0.623214,0.888123,0.756081,0.731682,0.706723,0.731918,0.667330,0.863530,0.738002,0.696532,0.558765,0.660831,0.667436,0.505593,0.660475,0.764229,0.768212,0.677959,0.726210,0.733280,0.757582,0.614615,0.744891,0.586802,0.660515,0.782604,0.660966
0.598818,0.553138,0.530403,0.597545,0.476293,0.614068,0.669840,0.465938,0.700944,0.568025,0.694731,0.547522,0.542776,0.587959,0.488061,0.360724,0.454445,0.614062,0.469060,0.783572,0.519383,0.501940,0.563854,0.466328,0.536214,0.552844,0.515395,0.371825,0.434141,0.470882,0.687764,0.508272,0.598832,0.586002,0.431257,0.697716,0.598686,0.469889,0.733640,0.496953,0.335695,0.717106,0.603825,0.723132,0.785756,0.604763,0.506296,0.384904,0.424014,0.724075,0.613243,0.744677,0.613921,0.633964,0.510914,0.519264,0.460724,0.415639,0.667375,0.666369,0.563114,0.567206,0.593883,0.665969,0.508346,0.493281,0.391379,0.536133,0.543292,0.778572,0.796480,0.577544,0.704672,0.560122,0.645329,0.693407,0.604036,0.415363,0.495303,0.674532,0.788382,0.559412,0.515075,0.643046,0.417801,0.741407,0.550260,0.451354,0.673214,0.643115,0.695171,0.397227,0.465746,0.488215,0.701850,0.721035,0.691514,0.580005,0.583172,0.626073,0.465221,0.609267,0.430717,0.527060,0.592352,0.464864,0.618445,0.463834,0.412006,0.734943,0.741594,0.407722,0.601212,0.625262,0.447036,0.486130,0.718250,0.720044,0.595631,0.481207,0.546536,0.504255,0.370246,0.658228,0.495264,0.504063,0.570348,0.583246,0.557980,0.537943,0.442488,0.709889,0.630923,0.447328,0.642461,0.414782,0.517975,0.606413,0.640669,0.533633,0.738765,0.655136,0.470932,0.636087,0.603080,0.573948,0.534143,0.479282,0.801202,0.645705,0.409518,0.573946,0.390200,0.368271,0.506945,0.533550,0.601137,0.801594,0.486091,0.690390,0.734820,0.595461,0.557275,0.385896,0.675050,0.627216,0.451259,0.759474,0.398368,0.543467,0.622055,0.422937,0.621726,0.646368,0.597396,0.658613,0.734325,0.615770,0.511048,0.723369,0.627474,0.633383,0.644585,0.611692,0.427925,0.708620,0.545625,0.641919,0.731009,0.766989,0.453026,0.499373,0.701664,0.785135,0.577380,0.474820,0.403554,0.479867,0.828524,0.696363,0.604707,0.604458,0.697566,0.370566,0.752787,0.751075,0.696601,0.524544,0.528937,0.759965,0.640992,0.558421,0.547450,0.587660,0.788178,0.443276,0.532857,0.729412,0.649779,0.633410,0.640821,0.581620,0.580635,0.518347,0.551200,0.474792,0.451429,0.732925,0.499832,0.624800,0.786904,0.652376,0.359020,0.533211,0.575850,0.571448,0.724897,0.661742,0.766928,0.560924,0.386081,0.516411,0.820807,0.495126,0.460709,0.639675,0.671089,0.380219,0.748614,0.559701,0.485225,0.559615,0.686885,0.659628,0.686616,0.440123,0.740623,0.586968,0.496795,0.657354,0.728341,0.704364,0.564878,0.512754,0.750776,0.435279,0.493467,0.569576,0.571626,0.474908,0.671043,0.455016,0.544341,0.738599,0.701770,0.557723,0.725667,0.439735,0.502552,0.477160,0.621717,0.662510,0.545880,0.424929,0.558667,0.544312,0.707781,0.520147,0.472734,0.689902,0.639008,0.763911,0.708705,0.609093,0.659108,0.375568,0.620931,0.723752,0.542110,0.439681,0.415921,0.604524,0.523507,0.494670,0.700331,0.685644,0.521263,0.604677,0.522139,0.766988,0.432431,0.623277,0.424148,0.692649,0.705754,0.609716,0.539067,0.516822,0.412917,0.636943,0.613215,0.787331,0.714868,0.622449,0.755509,0.777168,0.513067,0.460135,0.711356,0.517169,0.739903,0.676610,0.682447,0.458945,0.671194,0.698271,0.664045,0.497346,0.732991,0.549138,0.511495,0.802072,0.717663,0.647056,0.667782,0.782299,0.510149,0.647834,0.510919,0.802231,0.816527,0.732853,0.749143,0.686251,0.559931,0.753417,0.767609,0.584068,0.683316,0.752308,0.721212,0.098040,0.623330,0.638733,0.785496,0.380266,0.762787,0.539925,0.690731,0.678409,0.623798,0.763297,0.569861,0.396368,0.745874,0.581042,0.731163,0.469133,0.569928,0.684523,0.383561,0.554096,0.738653,0.538077,0.706115,0.695803,0.487522,0.595456,0.731443,0.425716,0.680931,0.596695,0.796018,0.451105,0.672964,0.485995,0.460682,0.692006,0.538846,0.465073,0.844710,0.676544,0.539769,0.543486,0.481222,0.800575,0.691849,0.443098,0.781580,0.748547,0.569614,0.824475,0.775391,0.495898,0.746288,0.740812,0.615858,0.619069,0.679340,0.793679,0.772247,0.689935,0.784443,0.740203,0.511773,0.373622,0.748909,0.630237,0.434550,0.720858,0.717221,0.595213,0.745912,0.737860,0.544787,0.640761,0.754827,0.722450,0.686362,0.808040,0.576972,0.857528,0.669055,0.655448,0.731216,0.699987,0.614860,0.700457,0.000000,0.777151,0.578369,0.884552,0.702983,0.606478,0.644937,0.578960,0.578313,0.754918,0.692189,0.812877,0.702019,0.500004,0.497341,0.768985,0.834787,0.639666,0.846401,0.746342,0.700907,0.105530,0.633802,0.750109,0.666491,0.663942,0.576249,0.789783,0.718036,0.545275,0.663539,0.533458,0.757240,0.692618,0.697459,0.588174,0.588075,0.588712,0.542134,0.594074,0.693547,0.552356,0.739598,0.634790,0.557836,0.658668,0.771373,0.473318,0.744957,0.537290,0.625464,0.622397,0.517258
0.599034,0.627746,0.609952,0.590342,0.589001,0.664370,0.638221,0.655060,0.628294,0.619067,0.619888,0.637079,0.567811,0.638518,0.561669,0.673944,0.622489,0.703286,0.593811,0.481786,0.622711,0.694570,0.598463,0.713787,0.614571,0.682196,0.484394,0.607130,0.631527,0.528512,0.757801,0.629249,0.671560,0.656693,0.581128,0.676022,0.598911,0.644784,0.637663,0.734283,0.597590,0.692696,0.731229,0.676201,0.707889,0.686100,0.644734,0.604225,0.592494,0.663925,0.660873,0.721412,0.549859,0.744314,0.630422,0.686296,0.594970,0.727144,0.670840,0.628080,0.552237,0.662601,0.709409,0.701830,0.701652,0.636701,0.625865,0.575355,0.700003,0.659961,0.588402,0.505967,0.716668,0.771185,0.493168,0.679232,0.691996,0.669807,0.751043,0.755836,0.709999,0.746603,0.565407,0.729754,0.634951,0.732797,0.800710,0.632543,0.531529,0.702366,0.673278,0.625774,0.687168,0.602141,0.578518,0.741685,0.606893,0.509335,0.620733,0.617252,0.537337,0.548444,0.625385,0.661175,0.682674,0.627973,0.684111,0.595375,0.580429,0.683928,0.790142,0.588949,0.746084,0.670914,0.594878,0.689952,0.780990,0.620503,0.713568,0.610533,0.627944,0.690526,0.683587,0.667254,0.681554,0.672124,0.672204,0.593846,0.696982,0.714745,0.568930,0.709091,0.752851,0.587609,0.600595,0.609924,0.691108,0.678798,0.747426,0.617710,0.704909,0.636454,0.697991,0.627906,0.682841,0.661841,0.659668,0.665261,0.756182,0.655332,0.614892,0.634892,0.680850,0.622854,0.648716,0.687926,0.629161,0.704233,0.655802,0.692001,0.694289,0.741278,0.623053,0.665112,0.696958,0.595361,0.608423,0.637207,0.706377,0.597050,0.627192,0.592706,0.697594,0.651374,0.561041,0.703282,0.677804,0.714827,0.640894,0.720221,0.736703,0.568653,0.760676,0.614412,0.616820,0.707722,0.528870,0.747668,0.799880,0.665751,0.664129,0.680107,0.583986,0.690377,0.728395,0.635622,0.768897,0.636749,0.782035,0.597772,0.664344,0.650438,0.739567,0.617474,0.684613,0.674828,0.730541,0.647641,0.645048,0.657068,0.705237,0.680301,0.663972,0.702801,0.772211,0.675903,0.616200,0.849392,0.698056,0.689389,0.630572,0.708517,0.516045,0.697481,0.698138,0.562803,0.679325,0.735350,0.666057,0.716373,0.679869,0.672634,0.657571,0.578148,0.714925,0.651353,0.766085,0.687701,0.740052,0.623957,0.644243,0.631720,0.741980,0.687865,0.596831,0.540379,0.682886,0.637263,0.747227,0.716147,0.653021,0.655929,0.702965,0.669881,0.393712,0.595320,0.695874,0.708697,0.746709,0.762064,0.738130,0.680031,0.665105,0.725457,0.678984,0.718542,0.693668,0.732210,0.454269,0.742063,0.741016,0.675107,0.677815,0.690488,0.734751,0.648305,0.649930,0.622342,0.666021,0.643995,0.643690,0.733533,0.750620,0.670839,0.696310,0.708884,0.587191,0.768310,0.699785,0.392051,0.741514,0.769548,0.675901,0.786222,0.706572,0.714664,0.562722,0.722626,0.663188,0.703913,0.696146,0.639358,0.567547,0.713636,0.701759,0.614064,0.734412,0.685785,0.733226,0.653673,0.595882,0.673486,0.668785,0.626716,0.765838,0.694525,0.603554,0.675909,0.589791,0.666655,0.686266,0.696536,0.751138,0.586647,0.750382,0.691998,0.727464,0.684413,0.761154,0.618323,0.653804,0.705818,0.588555,0.694271,0.660331,0.681919,0.735422,0.694652,0.768996,0.715868,0.641718,0.740923,0.653627,0.625011,0.791424,0.546517,0.714143,0.740098,0.640442,0.703035,0.722005,0.721901,0.678579,0.635004,0.697132,0.690730,0.615880,0.672103,0.652624,0.636693,0.776151,0.798711,0.786877,0.655543,0.753725,0.723451,0.657198,0.762546,0.769814,0.585666,0.685231,0.698289,0.691193,0.652512,0.849079,0.696782,0.493340,0.696900,0.688742,0.642533,0.638306,0.744658,0.703240,0.690888,0.644607,0.738467,0.691043,0.700727,0.637703,0.646714,0.733951,0.662647,0.672710,0.636918,0.753138,0.653987,0.609789,0.630226,0.716189,0.751373,0.705260,0.684996,0.680555,0.663448,0.622268,0.693219,0.809721,0.630645,0.725522,0.740277,0.637258,0.683976,0.687867,0.644087,0.760151,0.661734,0.685051,0.663544,0.724973,0.721851,0.714861,0.721197,0.789342,0.657831,0.620710,0.680119,0.706358,0.723521,0.650586,0.728886,0.663285,0.558876,0.796465,0.713783,0.739925,0.722213,0.655852,0.733599,0.639002,0.616193,0.694621,0.653381,0.819111,0.595861,0.504615,0.730764,0.814603,0.686940,0.777151,0.000000,0.667345,0.753972,0.727402,0.661643,0.550685,0.749322,0.715082,0.761754,0.555016,0.668676,0.613640,0.653437,0.684935,0.730927,0.708100,0.767205,0.726280,0.730038,0.687631,0.731382,0.667116,0.729000,0.628862,0.637566,0.770538,0.748653,0.700424,0.680433,0.814079,0.605994,0.588358,0.836697,0.690157,0.592526,0.745325,0.617499,0.685908,0.651977,0.548068,0.680982,0.670002,0.729476,0.615067,0.777821,0.739448,0.662392,0.583275,0.723332,0.645314,0.580922,0.666581
0.599206,0.575959,0.409994,0.541360,0.448373,0.568728,0.709984,0.428621,0.693210,0.537648,0.755691,0.580441,0.667577,0.541638,0.652219,0.528285,0.479318,0.650137,0.448372,0.772840,0.673060,0.507964,0.605995,0.533926,0.528520,0.526360,0.492977,0.465771,0.448925,0.534693,0.715242,0.534621,0.734862,0.741395,0.505756,0.725162,0.572104,0.563287,0.716904,0.471187,0.467461,0.739316,0.748599,0.672293,0.745996,0.669481,0.551845,0.524822,0.477745,0.692655,0.479401,0.777469,0.744811,0.803233,0.468957,0.585179,0.454068,0.540828,0.587423,0.638304,0.648063,0.590567,0.724503,0.773181,0.492060,0.501728,0.362460,0.615720,0.683556,0.704998,0.769239,0.667924,0.634689,0.561996,0.738100,0.831311,0.575051,0.519393,0.474877,0.680654,0.769172,0.476850,0.524273,0.753171,0.456703,0.762650,0.548606,0.399659,0.787510,0.673945,0.759124,0.458358,0.561623,0.478899,0.726109,0.774429,0.771893,0.672679,0.575783,0.681038,0.520718,0.750204,0.476383,0.463859,0.755342,0.516667,0.693553,0.514476,0.519545,0.698981,0.810509,0.493713,0.674963,0.638788,0.417972,0.482243,0.742081,0.761015,0.595369,0.549006,0.531651,0.419464,0.439860,0.706594,0.624810,0.551778,0.481071,0.623969,0.725512,0.627078,0.380834,0.672688,0.721186,0.533777,0.684489,0.408205,0.656239,0.750966,0.737526,0.681197,0.804128,0.758539,0.372569,0.737487,0.482658,0.747535,0.525359,0.714666,0.775008,0.767487,0.369140,0.723019,0.481437,0.454508,0.615249,0.490121,0.688581,0.814996,0.567822,0.689838,0.821621,0.356408,0.576665,0.405100,0.641354,0.704742,0.426182,0.743776,0.552955,0.499641,0.688874,0.523184,0.738439,0.685024,0.703975,0.645572,0.839862,0.596395,0.548158,0.738510,0.563634,0.777772,0.734316,0.529791,0.383466,0.772732,0.680529,0.643784,0.861929,0.719153,0.530856,0.420279,0.768930,0.870862,0.515479,0.355630,0.522675,0.525933,0.772159,0.555034,0.679441,0.745484,0.745770,0.458400,0.809059,0.663336,0.803580,0.611460,0.616190,0.677434,0.772206,0.596857,0.686666,0.636656,0.665688,0.385130,0.621601,0.881580,0.345194,0.657034,0.791800,0.598039,0.705686,0.555268,0.422581,0.412543,0.366931,0.792381,0.618674,0.684514,0.808828,0.683092,0.406083,0.564977,0.618538,0.498637,0.755445,0.611749,0.659106,0.442717,0.405253,0.575229,0.630904,0.641338,0.596791,0.765432,0.777698,0.492465,0.676125,0.591896,0.622028,0.636735,0.756405,0.646389,0.704636,0.468828,0.756257,0.729020,0.599733,0.729677,0.755818,0.818769,0.400268,0.590098,0.742402,0.412968,0.409873,0.575964,0.734175,0.501415,0.699543,0.534865,0.560190,0.697295,0.808505,0.356458,0.785325,0.576852,0.381885,0.393687,0.762651,0.594407,0.713591,0.392173,0.741320,0.459593,0.761581,0.675667,0.565011,0.742210,0.739471,0.762603,0.826684,0.576378,0.660674,0.551650,0.771092,0.772938,0.559309,0.591384,0.603277,0.669754,0.699676,0.608889,0.406335,0.746227,0.685398,0.537981,0.529840,0.735902,0.469707,0.722739,0.585056,0.545140,0.772546,0.766311,0.544241,0.381078,0.471447,0.777378,0.600155,0.791948,0.800088,0.519831,0.778208,0.725825,0.714065,0.561917,0.821488,0.695938,0.563906,0.709178,0.698632,0.422242,0.699338,0.692879,0.810766,0.630453,0.821098,0.513608,0.483864,0.834806,0.606392,0.729570,0.736118,0.798182,0.535209,0.734615,0.505945,0.869808,0.791677,0.762285,0.759162,0.755171,0.718633,0.759889,0.824431,0.631561,0.598986,0.795803,0.739579,0.626140,0.579782,0.678964,0.811427,0.537888,0.841354,0.779042,0.847946,0.796122,0.633535,0.754274,0.423921,0.426023,0.847023,0.780819,0.677334,0.486635,0.303978,0.740026,0.380629,0.584968,0.755476,0.681293,0.577872,0.635263,0.481351,0.638385,0.721799,0.471149,0.691510,0.717740,0.750625,0.475206,0.725082,0.651732,0.414292,0.731789,0.698624,0.547468,0.796028,0.794603,0.460738,0.745054,0.542816,0.803851,0.712860,0.478970,0.780323,0.800084,0.759426,0.684217,0.768787,0.415169,0.704537,0.772641,0.681946,0.596679,0.719179,0.834890,0.810695,0.711843,0.896864,0.716105,0.422894,0.549069,0.859529,0.628311,0.432247,0.825415,0.690456,0.706908,0.859708,0.725439,0.660547,0.760988,0.812888,0.706616,0.722592,0.800209,0.663540,0.698696,0.681087,0.708129,0.708586,0.789320,0.743657,0.496411,0.578369,0.667345,0.000000,0.683229,0.782528,0.755507,0.703147,0.716469,0.569902,0.838161,0.768207,0.796930,0.742725,0.494293,0.585490,0.762738,0.830853,0.778719,0.833470,0.755609,0.729703,0.522092,0.622730,0.766260,0.819816,0.766038,0.555300,0.850942,0.679076,0.682950,0.761956,0.632081,0.651966,0.816474,0.678469,0.660599,0.624581,0.568094,0.625455,0.426828,0.709384,0.664920,0.815023,0.656097,0.739169,0.716580,0.765814,0.625344,0.770509,0.458822,0.647290,0.804215,0.652338
0.599287,0.698855,0.596822,0.709094,0.647936,0.642065,0.604653,0.676402,0.607112,0.680208,0.634004,0.687945,0.786536,0.694061,0.818783,0.786931,0.688698,0.722132,0.673176,0.628620,0.713486,0.692888,0.644468,0.756783,0.645875,0.674289,0.737335,0.793438,0.706138,0.762463,0.740008,0.736892,0.789663,0.848235,0.775309,0.668505,0.711902,0.687756,0.672731,0.675128,0.744038,0.640884,0.780682,0.568930,0.683234,0.784528,0.696855,0.692759,0.752957,0.679859,0.727412,0.784626,0.820967,0.858799,0.664907,0.789615,0.676086,0.734931,0.736456,0.660552,0.786907,0.744960,0.812968,0.770851,0.667640,0.707157,0.707848,0.811869,0.770136,0.684135,0.705548,0.827049,0.558456,0.693169,0.813805,0.797824,0.684269,0.759777,0.663739,0.650052,0.701518,0.690039,0.732100,0.817000,0.704332,0.698892,0.714074,0.714977,0.763437,0.704790,0.696679,0.741021,0.716767,0.682669,0.849928,0.715529,0.819430,0.811098,0.772624,0.692470,0.722933,0.759190,0.752764,0.756827,0.833714,0.730180,0.810293,0.691513,0.784519,0.677204,0.852697,0.765441,0.689368,0.717412,0.706351,0.755689,0.828980,0.725231,0.781315,0.672417,0.715926,0.683923,0.750103,0.789159,0.790964,0.803718,0.722792,0.717906,0.800583,0.716944,0.696631,0.722974,0.668974,0.739950,0.683724,0.719323,0.756997,0.706939,0.784336,0.767116,0.775783,0.845579,0.690311,0.777080,0.730408,0.808249,0.712513,0.861095,0.795922,0.749017,0.735759,0.827354,0.765842,0.743243,0.744137,0.727270,0.674302,0.749483,0.802093,0.706407,0.702400,0.658875,0.775784,0.731744,0.678897,0.778367,0.731104,0.733868,0.768472,0.784530,0.757184,0.793789,0.841286,0.786266,0.788695,0.701020,0.852411,0.753594,0.723744,0.685767,0.755833,0.797190,0.812213,0.647638,0.752976,0.822542,0.838607,0.776348,0.774831,0.729505,0.791531,0.760822,0.777514,0.786275,0.679838,0.618649,0.754861,0.806668,0.530247,0.635282,0.794841,0.832640,0.770994,0.772273,0.840209,0.684741,0.706115,0.788080,0.744262,0.695011,0.854639,0.795737,0.831641,0.831282,0.782658,0.705670,0.814113,0.907709,0.644479,0.820207,0.808142,0.723488,0.830249,0.750000,0.657774,0.721926,0.716674,0.801844,0.805530,0.799886,0.774823,0.801849,0.786024,0.724258,0.743608,0.778878,0.679018,0.785602,0.685290,0.695069,0.731558,0.841521,0.685040,0.776092,0.754397,0.835671,0.703118,0.739429,0.628029,0.718820,0.782819,0.824813,0.736106,0.741868,0.832044,0.737626,0.741252,0.758936,0.789109,0.713761,0.828014,0.907206,0.728261,0.753153,0.772834,0.725528,0.738676,0.816506,0.798443,0.789665,0.707640,0.731607,0.815578,0.716361,0.788548,0.694565,0.793649,0.818202,0.726721,0.730327,0.718183,0.672578,0.832988,0.750358,0.802321,0.731363,0.820409,0.808313,0.745930,0.844809,0.802920,0.793450,0.846183,0.822609,0.756344,0.830205,0.778373,0.682523,0.711514,0.778710,0.744493,0.763399,0.853989,0.734798,0.688529,0.682620,0.819192,0.643225,0.757500,0.708516,0.725817,0.727338,0.777104,0.669553,0.676205,0.817733,0.761589,0.763210,0.768343,0.865057,0.751812,0.685818,0.669299,0.678891,0.660437,0.803263,0.800193,0.731485,0.845018,0.791577,0.630767,0.769408,0.854600,0.683527,0.695804,0.656452,0.909636,0.737441,0.697129,0.794541,0.707518,0.755195,0.718366,0.849037,0.805957,0.763080,0.738549,0.807140,0.677745,0.763076,0.718447,0.807648,0.727108,0.767174,0.869515,0.706697,0.757991,0.752397,0.758639,0.724852,0.765071,0.890011,0.715901,0.721981,0.735958,0.792283,0.784108,0.862321,0.923841,0.800096,0.776581,0.709011,0.712095,0.765298,0.842544,0.802051,0.798783,0.739353,0.730188,0.791030,0.754225,0.633374,0.758301,0.754781,0.602083,0.755587,0.773291,0.779797,0.714351,0.757261,0.807445,0.760252,0.813352,0.815795,0.696014,0.838017,0.708386,0.774659,0.785578,0.709433,0.541874,0.807445,0.694410,0.853511,0.797071,0.714555,0.730016,0.778076,0.720129,0.753325,0.817642,0.712454,0.752489,0.694547,0.714963,0.724069,0.764736,0.715569,0.735468,0.692758,0.697570,0.797851,0.825136,0.760641,0.719590,0.813086,0.823206,0.683796,0.756752,0.922810,0.729384,0.791483,0.797398,0.696619,0.838038,0.878933,0.769051,0.676291,0.874903,0.737334,0.821211,0.753656,0.809741,0.783340,0.796545,0.814350,0.647859,0.671976,0.884552,0.753972,0.683229,0.000000,0.725948,0.784151,0.786766,0.805205,0.737499,0.872441,0.777127,0.757579,0.756757,0.730400,0.763720,0.687318,0.615808,0.775247,0.682607,0.709820,0.767738,0.825437,0.773968,0.794380,0.841008,0.788563,0.720327,0.794231,0.852022,0.874421,0.702831,0.870861,0.701526,0.852377,0.798715,0.801100,0.768722,0.794147,0.830978,0.695891,0.785583,0.796121,0.782855,0.715962,0.795820,0.640869,0.701046,0.874480,0.728418,0.715310,0.756215,0.867418,0.750168
0.599412,0.576780,0.643821,0.667781,0.617949,0.593790,0.518947,0.621427,0.596371,0.621854,0.526910,0.574445,0.715131,0.609549,0.691269,0.650154,0.647060,0.632520,0.585328,0.664963,0.691127,0.629211,0.545333,0.549049,0.561395,0.646263,0.658939,0.717108,0.657121,0.673476,0.652891,0.675825,0.728061,0.619070,0.693190,0.571499,0.604675,0.609976,0.630242,0.618535,0.678443,0.598188,0.722832,0.677297,0.681411,0.801233,0.615046,0.645161,0.694316,0.510996,0.608397,0.673042,0.692298,0.750487,0.602056,0.763677,0.632114,0.551321,0.716705,0.653049,0.766358,0.643099,0.750268,0.603231,0.624372,0.599369,0.671126,0.707783,0.658701,0.663473,0.679023,0.725660,0.526606,0.606823,0.697050,0.563658,0.530015,0.568330,0.593094,0.599769,0.643755,0.577171,0.666556,0.751457,0.733156,0.517841,0.574869,0.669693,0.728949,0.644503,0.489663,0.590176,0.588097,0.551594,0.745098,0.474146,0.738020,0.734918,0.725303,0.549550,0.604919,0.738203,0.579293,0.610709,0.676095,0.577676,0.712753,0.577373,0.693536,0.513903,0.764184,0.718292,0.648244,0.587557,0.621588,0.757651,0.818427,0.742952,0.513193,0.540988,0.648537,0.771418,0.686403,0.799612,0.518192,0.699452,0.604104,0.599780,0.608488,0.581812,0.667041,0.688187,0.571867,0.595188,0.663216,0.643897,0.700120,0.641498,0.642853,0.590098,0.520691,0.745458,0.654025,0.475494,0.716716,0.754841,0.544177,0.649893,0.672524,0.775843,0.700266,0.755752,0.680409,0.737943,0.704997,0.664697,0.531721,0.787408,0.642752,0.674119,0.803279,0.725464,0.700294,0.707251,0.708835,0.652710,0.684070,0.765756,0.596374,0.713610,0.683003,0.697399,0.791994,0.651674,0.715099,0.628152,0.829648,0.804965,0.690869,0.710112,0.780477,0.736358,0.503877,0.589960,0.781441,0.664786,0.731092,0.626472,0.655880,0.643360,0.702453,0.726835,0.777947,0.591486,0.724462,0.639712,0.606209,0.678278,0.657260,0.605029,0.738690,0.719591,0.682157,0.699527,0.709941,0.526547,0.823626,0.642316,0.747348,0.708018,0.748435,0.743501,0.825621,0.707094,0.726632,0.738277,0.717852,0.878208,0.663645,0.765087,0.725160,0.770524,0.750825,0.704239,0.651830,0.658570,0.712686,0.840561,0.725354,0.715836,0.596912,0.658818,0.677784,0.787278,0.732633,0.616335,0.455747,0.715829,0.726621,0.710580,0.676196,0.732986,0.785956,0.648207,0.708305,0.734984,0.564527,0.684284,0.761304,0.630046,0.700683,0.755421,0.607687,0.715904,0.736752,0.706658,0.790354,0.723456,0.742348,0.788258,0.798045,0.804034,0.723539,0.630771,0.843153,0.667901,0.639864,0.779070,0.736259,0.711642,0.348270,0.628117,0.773143,0.694538,0.819555,0.731388,0.608535,0.602707,0.794364,0.591303,0.826341,0.662336,0.819911,0.718452,0.580934,0.684085,0.751396,0.494517,0.700839,0.726465,0.635789,0.702905,0.723196,0.773103,0.451807,0.673551,0.656446,0.791877,0.730842,0.746091,0.712298,0.658912,0.700038,0.621638,0.675666,0.691902,0.718663,0.713582,0.722032,0.702911,0.713782,0.494445,0.659509,0.714923,0.795610,0.782895,0.793708,0.724731,0.700999,0.757892,0.705835,0.784131,0.532420,0.631957,0.735909,0.850690,0.740761,0.664253,0.632016,0.677985,0.711438,0.856789,0.715528,0.640842,0.589236,0.483411,0.803740,0.616000,0.822098,0.874306,0.776881,0.732359,0.806331,0.723992,0.806873,0.677965,0.594428,0.706416,0.661938,0.808950,0.829370,0.794362,0.657458,0.540042,0.787360,0.742254,0.711308,0.630306,0.668384,0.710863,0.752790,0.695430,0.788978,0.480573,0.584284,0.695763,0.740058,0.749493,0.730406,0.734694,0.802771,0.695169,0.739165,0.750668,0.781734,0.586020,0.663633,0.697624,0.744242,0.772816,0.694739,0.593947,0.682145,0.625351,0.651517,0.719853,0.676195,0.776229,0.794507,0.720525,0.802172,0.551610,0.775242,0.705237,0.637713,0.751358,0.675667,0.585041,0.520211,0.747322,0.574131,0.429393,0.671153,0.636471,0.624030,0.540701,0.696207,0.682326,0.753717,0.734091,0.737961,0.796226,0.693771,0.700854,0.654043,0.612908,0.648424,0.733477,0.639782,0.714060,0.631523,0.755188,0.830617,0.688595,0.733345,0.677741,0.642614,0.842711,0.709683,0.711909,0.671367,0.862638,0.808309,0.586086,0.643686,0.791055,0.716993,0.668014,0.742015,0.676200,0.712409,0.794665,0.761018,0.572883,0.826991,0.773292,0.675785,0.701824,0.702983,0.727402,0.782528,0.725948,0.000000,0.538824,0.763618,0.742013,0.767958,0.791631,0.741784,0.800164,0.747755,0.764816,0.715035,0.656045,0.720943,0.645462,0.700041,0.611908,0.787694,0.655242,0.734590,0.794409,0.707717,0.708290,0.677199,0.724233,0.764143,0.783413,0.598147,0.762385,0.697653,0.819970,0.646782,0.773559,0.692857,0.795060,0.731427,0.820117,0.754232,0.825089,0.729610,0.694768,0.829343,0.602588,0.709142,0.701998,0.780788,0.842900,0.707192,0.716833,0.751529
0.599414,0.559303,0.633756,0.677864,0.508652,0.573593,0.530419,0.599448,0.671653,0.543864,0.554924,0.604199,0.587691,0.646195,0.556785,0.534534,0.586944,0.441180,0.570536,0.635962,0.541486,0.606519,0.494293,0.598433,0.586393,0.655577,0.534368,0.576838,0.593755,0.547680,0.617693,0.638118,0.622041,0.625338,0.565140,0.525870,0.606821,0.514145,0.553275,0.571045,0.594988,0.577050,0.596591,0.748445,0.696275,0.754317,0.494497,0.648416,0.644946,0.592735,0.666124,0.575145,0.595367,0.643916,0.631310,0.777473,0.590982,0.538220,0.749418,0.678748,0.615302,0.678149,0.648349,0.245592,0.664029,0.540879,0.618450,0.634085,0.622715,0.570964,0.683466,0.606125,0.511572,0.587313,0.568448,0.590066,0.558366,0.518281,0.572133,0.558211,0.706155,0.547801,0.630347,0.554514,0.594128,0.532298,0.625042,0.643786,0.654039,0.549656,0.526624,0.463189,0.443728,0.555718,0.714885,0.523914,0.613089,0.638263,0.630777,0.463059,0.469938,0.701445,0.484659,0.576340,0.613825,0.482296,0.592470,0.472956,0.564486,0.538227,0.582985,0.604117,0.520674,0.476531,0.564742,0.647106,0.705926,0.715553,0.516069,0.457144,0.591498,0.715721,0.627994,0.802138,0.540751,0.569991,0.578824,0.535573,0.571180,0.573993,0.582343,0.573456,0.492005,0.459775,0.655691,0.575343,0.620858,0.650040,0.433925,0.506698,0.582070,0.655820,0.612502,0.394062,0.692559,0.664003,0.453562,0.688656,0.712096,0.781459,0.610243,0.613590,0.551382,0.624689,0.583269,0.688871,0.441241,0.711631,0.624386,0.598112,0.776169,0.677713,0.627237,0.662712,0.695587,0.554443,0.624341,0.775441,0.522736,0.649242,0.637644,0.625373,0.666950,0.549715,0.615727,0.483265,0.604408,0.701146,0.609455,0.642068,0.830749,0.678173,0.409596,0.592237,0.629335,0.480130,0.606193,0.548550,0.675036,0.575671,0.587553,0.605728,0.676180,0.659295,0.644844,0.630745,0.539469,0.565890,0.654390,0.753564,0.593150,0.554435,0.657404,0.591860,0.473495,0.554969,0.716047,0.557155,0.713130,0.630099,0.650695,0.707441,0.588927,0.694090,0.759964,0.709129,0.693717,0.642555,0.628237,0.708151,0.649998,0.723771,0.628959,0.458854,0.661822,0.625832,0.686117,0.661753,0.656094,0.711077,0.601860,0.645919,0.556007,0.601062,0.689784,0.639354,0.517466,0.815651,0.700879,0.657048,0.603182,0.731923,0.810029,0.575338,0.485797,0.641926,0.471191,0.510605,0.786280,0.481786,0.434092,0.642296,0.554612,0.612895,0.665228,0.648445,0.743353,0.683517,0.646196,0.841701,0.633176,0.662056,0.685013,0.502713,0.640176,0.575096,0.567689,0.716384,0.654432,0.609465,0.506827,0.543268,0.645582,0.823838,0.739400,0.683188,0.617092,0.522734,0.698921,0.549649,0.716691,0.781675,0.863252,0.669839,0.574418,0.596061,0.729989,0.489608,0.554388,0.671078,0.560729,0.770989,0.707112,0.682061,0.545522,0.492320,0.503589,0.783949,0.621005,0.637212,0.547963,0.597012,0.495738,0.455387,0.806349,0.643184,0.666575,0.672335,0.559183,0.775170,0.573167,0.382157,0.507444,0.738563,0.771389,0.697945,0.663874,0.616459,0.684319,0.618947,0.617816,0.714737,0.495788,0.603417,0.702216,0.643959,0.659218,0.489254,0.515706,0.641899,0.865386,0.784844,0.627486,0.607102,0.559309,0.565530,0.704284,0.441509,0.772563,0.774269,0.710509,0.420358,0.822302,0.686834,0.721117,0.588497,0.448375,0.603500,0.691050,0.753383,0.747146,0.644529,0.680886,0.483139,0.669725,0.713644,0.782696,0.385877,0.712339,0.743035,0.664603,0.636789,0.799426,0.458699,0.608478,0.588605,0.695642,0.636851,0.686128,0.591144,0.791079,0.676226,0.747911,0.650023,0.677028,0.616269,0.595799,0.637950,0.708640,0.576851,0.649801,0.430315,0.675114,0.335178,0.598406,0.701785,0.647092,0.752388,0.752182,0.627824,0.789106,0.404419,0.697517,0.495059,0.541731,0.754260,0.603034,0.553537,0.514382,0.558259,0.664076,0.421287,0.599679,0.549257,0.551950,0.482592,0.587915,0.521257,0.501930,0.644914,0.634411,0.761104,0.726333,0.626001,0.616963,0.635380,0.633748,0.565250,0.628860,0.785465,0.558259,0.625835,0.772403,0.696268,0.680603,0.551555,0.656838,0.754063,0.684526,0.712300,0.802197,0.743924,0.672535,0.629096,0.503485,0.661300,0.713216,0.759542,0.684648,0.626484,0.681414,0.738702,0.637384,0.514532,0.773192,0.799919,0.807419,0.781163,0.606478,0.661643,0.755507,0.784151,0.538824,0.000000,0.662455,0.666336,0.779734,0.674105,0.794831,0.746368,0.572735,0.742045,0.730037,0.750977,0.603361,0.541716,0.759711,0.696637,0.740820,0.605081,0.703719,0.665158,0.631471,0.693678,0.696079,0.693144,0.636637,0.664733,0.679202,0.786815,0.757007,0.646383,0.515857,0.603889,0.678605,0.777760,0.742648,0.797987,0.735779,0.751089,0.621855,0.644659,0.736584,0.564569,0.822316,0.570958,0.713561,0.761238,0.689108,0.604647,0.758012
0.599432,0.598022,0.642316,0.735191,0.567445,0.698596,0.761850,0.626728,0.770844,0.689080,0.780283,0.652957,0.508123,0.708171,0.535394,0.584272,0.580078,0.670933,0.579190,0.675700,0.604777,0.617228,0.690746,0.643893,0.700666,0.680561,0.532318,0.564031,0.588542,0.495573,0.608225,0.558502,0.629942,0.600001,0.469685,0.771909,0.612149,0.701126,0.788376,0.696329,0.559891,0.738723,0.709821,0.682434,0.804491,0.519242,0.704852,0.583839,0.555172,0.815355,0.657826,0.692280,0.579484,0.679079,0.656001,0.548061,0.587258,0.625250,0.688708,0.703184,0.543773,0.637490,0.655229,0.710824,0.733297,0.597086,0.614754,0.535081,0.668569,0.700833,0.622364,0.545203,0.796291,0.756037,0.535509,0.628444,0.737435,0.580368,0.681873,0.821324,0.808049,0.698889,0.669211,0.645459,0.568325,0.783393,0.785780,0.574947,0.602341,0.753488,0.743268,0.624590,0.655383,0.592832,0.614877,0.773838,0.663185,0.529517,0.688360,0.664092,0.521136,0.577364,0.609471,0.624371,0.510462,0.593932,0.667730,0.618300,0.461301,0.764425,0.690038,0.504241,0.817209,0.709643,0.615188,0.635417,0.728012,0.772598,0.758796,0.666703,0.670145,0.592432,0.587470,0.627946,0.661378,0.628198,0.646410,0.573380,0.582765,0.687269,0.616521,0.735913,0.708288,0.603295,0.673586,0.552863,0.574280,0.724743,0.661213,0.600069,0.734083,0.586863,0.657473,0.642072,0.693415,0.589617,0.664398,0.577475,0.759454,0.621364,0.570246,0.546513,0.606645,0.578849,0.653441,0.683922,0.745575,0.803159,0.510186,0.704163,0.774693,0.724197,0.624969,0.627897,0.778202,0.568723,0.519487,0.745908,0.609852,0.540023,0.689115,0.492540,0.687292,0.789279,0.522730,0.730747,0.659260,0.674599,0.573688,0.748469,0.605031,0.604684,0.715245,0.664533,0.571100,0.661003,0.575453,0.657304,0.703272,0.756634,0.633808,0.656378,0.559058,0.747366,0.676159,0.608919,0.654648,0.568420,0.853929,0.692049,0.626265,0.690010,0.692033,0.594334,0.656958,0.784156,0.779020,0.643493,0.546589,0.699292,0.723548,0.568174,0.461123,0.612979,0.737733,0.588606,0.516095,0.780540,0.729281,0.679324,0.549246,0.641932,0.552032,0.635638,0.680394,0.527141,0.617977,0.628031,0.637872,0.648822,0.736759,0.614043,0.602907,0.526269,0.716313,0.694267,0.745082,0.740843,0.673592,0.681304,0.616631,0.515992,0.754321,0.638826,0.627093,0.312460,0.702255,0.618214,0.759981,0.684122,0.566762,0.494069,0.676149,0.710616,0.517158,0.530652,0.717740,0.724948,0.682988,0.758130,0.639924,0.629393,0.646377,0.691304,0.714000,0.673334,0.647683,0.596703,0.452149,0.625739,0.774077,0.653081,0.676114,0.764855,0.723379,0.666092,0.675299,0.497988,0.568770,0.645052,0.651940,0.713705,0.538464,0.616734,0.729298,0.699703,0.396312,0.734110,0.642587,0.500913,0.622663,0.803036,0.597329,0.670188,0.670054,0.626210,0.504225,0.761737,0.673482,0.671745,0.547672,0.551288,0.486181,0.760853,0.700512,0.562690,0.682783,0.632681,0.654379,0.703904,0.620724,0.745471,0.618497,0.622445,0.731580,0.669576,0.676567,0.670626,0.478254,0.584058,0.687702,0.686431,0.821734,0.594695,0.745432,0.748130,0.479927,0.648039,0.597581,0.554422,0.700682,0.618470,0.627224,0.671643,0.631002,0.814554,0.714694,0.645499,0.865554,0.656763,0.619030,0.752951,0.740238,0.692114,0.710378,0.699063,0.655112,0.646228,0.621894,0.814518,0.890037,0.664055,0.766047,0.746419,0.599789,0.787546,0.743423,0.677215,0.687198,0.761612,0.788437,0.675783,0.711601,0.766692,0.793751,0.665668,0.681595,0.595329,0.739243,0.538925,0.600343,0.760672,0.716325,0.565239,0.682421,0.750068,0.623542,0.617983,0.656236,0.638374,0.590798,0.750371,0.637114,0.755184,0.757400,0.724020,0.673464,0.602809,0.749091,0.544813,0.783892,0.634175,0.647775,0.640793,0.757516,0.554329,0.613305,0.731420,0.725357,0.643686,0.734596,0.736876,0.679140,0.660479,0.712331,0.787732,0.830918,0.606163,0.902089,0.750048,0.547364,0.811201,0.649987,0.643859,0.791310,0.709726,0.583555,0.777429,0.729321,0.776747,0.815238,0.620266,0.809787,0.718947,0.598286,0.551866,0.779930,0.678549,0.551272,0.648970,0.726775,0.461415,0.735993,0.790308,0.637727,0.694841,0.795472,0.785354,0.598821,0.713212,0.530279,0.730434,0.704426,0.603917,0.645452,0.603571,0.740418,0.710366,0.644937,0.550685,0.703147,0.786766,0.763618,0.662455,0.000000,0.684027,0.581031,0.697897,0.539137,0.832842,0.724763,0.534374,0.705122,0.781017,0.797122,0.732952,0.769085,0.716925,0.616616,0.637366,0.615728,0.752974,0.450343,0.705787,0.638595,0.703374,0.676222,0.690921,0.682543,0.479883,0.697115,0.724433,0.719122,0.552645,0.677553,0.677647,0.540358,0.633292,0.584325,0.632053,0.720846,0.743113,0.423387,0.763205,0.840109,0.599861,0.600366,0.662433,0.622784,0.451352,0.472295
0.599539,0.540046,0.642297,0.732343,0.599111,0.617730,0.637602,0.663908,0.625608,0.539615,0.666848,0.609634,0.530132,0.672177,0.488057,0.545583,0.507807,0.677456,0.498624,0.690279,0.489162,0.642404,0.531607,0.608234,0.604813,0.618220,0.504309,0.624847,0.579801,0.580771,0.750317,0.555781,0.663945,0.636001,0.557782,0.597645,0.543353,0.574974,0.686002,0.622831,0.512614,0.705568,0.698148,0.750294,0.651378,0.513968,0.592508,0.544011,0.450678,0.602573,0.677769,0.773165,0.605775,0.733669,0.593354,0.435224,0.601707,0.576367,0.607361,0.663748,0.600917,0.623857,0.674318,0.723359,0.686899,0.530060,0.610796,0.626499,0.384382,0.762863,0.665440,0.630124,0.589922,0.551609,0.598325,0.625566,0.653209,0.547724,0.600331,0.661204,0.861260,0.682451,0.624739,0.728044,0.589238,0.640077,0.676388,0.602665,0.628863,0.654589,0.565475,0.619767,0.604022,0.535774,0.698314,0.659058,0.704766,0.618476,0.691881,0.524436,0.530727,0.529549,0.561108,0.623979,0.658607,0.525518,0.708944,0.558855,0.580294,0.662360,0.791311,0.565691,0.599973,0.601061,0.574863,0.686020,0.826995,0.644014,0.647141,0.564308,0.624073,0.685052,0.554645,0.600438,0.586076,0.616702,0.701606,0.554691,0.500638,0.629212,0.605281,0.778008,0.656935,0.525299,0.584778,0.570011,0.614789,0.561445,0.723091,0.546844,0.609229,0.708358,0.655686,0.547367,0.723364,0.685317,0.714715,0.517652,0.731728,0.595334,0.611130,0.658203,0.629121,0.558601,0.639379,0.646810,0.597119,0.719598,0.557707,0.608424,0.730719,0.725912,0.570636,0.614949,0.723157,0.566617,0.573325,0.678027,0.571382,0.590627,0.645629,0.545230,0.760146,0.744321,0.531943,0.713079,0.750796,0.650260,0.606019,0.720190,0.736288,0.606752,0.690008,0.624654,0.618594,0.737600,0.625731,0.733790,0.714878,0.675658,0.533004,0.662975,0.599020,0.663149,0.547768,0.544589,0.618200,0.561269,0.752651,0.742002,0.712388,0.692793,0.648585,0.588553,0.745614,0.758281,0.732524,0.511483,0.532121,0.736629,0.709026,0.597529,0.592326,0.752386,0.769800,0.635061,0.615780,0.797054,0.657088,0.782083,0.606905,0.665295,0.626505,0.658446,0.641514,0.591286,0.670265,0.734712,0.653953,0.611319,0.633742,0.477904,0.553206,0.687416,0.598674,0.550491,0.710271,0.733957,0.717138,0.641794,0.605411,0.525846,0.739106,0.313491,0.616323,0.634679,0.686668,0.584710,0.683259,0.640836,0.515874,0.516223,0.652602,0.801782,0.612439,0.684534,0.735147,0.476117,0.559638,0.658656,0.728513,0.610540,0.656080,0.508774,0.675625,0.590676,0.691245,0.673893,0.597571,0.571319,0.683869,0.575976,0.771532,0.770711,0.686565,0.663870,0.744428,0.518479,0.586304,0.622660,0.656872,0.820332,0.548032,0.614249,0.502773,0.653953,0.642180,0.583253,0.633790,0.615388,0.656779,0.793948,0.622126,0.668783,0.724140,0.583240,0.597432,0.697737,0.699168,0.677242,0.478502,0.539128,0.488000,0.641814,0.788721,0.618911,0.305976,0.614024,0.650132,0.812972,0.640281,0.550473,0.563724,0.722353,0.665302,0.676565,0.522027,0.685255,0.590257,0.566973,0.655493,0.647007,0.735426,0.657446,0.634037,0.774308,0.495159,0.581719,0.738284,0.456129,0.765038,0.671487,0.706627,0.644942,0.683281,0.691302,0.787752,0.569080,0.850243,0.716854,0.620331,0.836199,0.768514,0.502802,0.764945,0.685676,0.641588,0.706386,0.630657,0.743986,0.766216,0.809757,0.670849,0.716422,0.639604,0.697024,0.764146,0.658164,0.628541,0.722015,0.695622,0.605969,0.691217,0.611592,0.627167,0.628021,0.726518,0.683057,0.794415,0.653389,0.725955,0.794320,0.704251,0.578717,0.807801,0.627638,0.723719,0.626864,0.708104,0.673968,0.636360,0.662963,0.735082,0.557287,0.665343,0.705592,0.673557,0.609433,0.686985,0.584204,0.746107,0.600840,0.691559,0.667062,0.814581,0.550442,0.653806,0.750441,0.490952,0.653999,0.801542,0.598088,0.624500,0.470032,0.594552,0.818767,0.678053,0.578112,0.773095,0.667371,0.683381,0.766364,0.643242,0.614371,0.792432,0.611438,0.520818,0.733523,0.753144,0.804972,0.796854,0.570984,0.800204,0.596012,0.627095,0.508448,0.589106,0.630482,0.558340,0.748873,0.771298,0.683908,0.770614,0.845844,0.566150,0.742597,0.747846,0.772868,0.686056,0.573861,0.686348,0.763149,0.690669,0.644000,0.645772,0.628108,0.670457,0.761949,0.578960,0.749322,0.716469,0.805205,0.742013,0.666336,0.684027,0.000000,0.718991,0.889214,0.707316,0.714677,0.553518,0.679612,0.667629,0.753636,0.821722,0.654552,0.809466,0.714589,0.597686,0.559820,0.685006,0.749940,0.571096,0.579073,0.672096,0.855375,0.540273,0.608274,0.763241,0.630883,0.731322,0.728387,0.662433,0.499063,0.639280,0.684191,0.522001,0.711743,0.660050,0.592929,0.697271,0.732210,0.559614,0.710521,0.787094,0.508648,0.682431,0.577102,0.631649,0.554700,0.455123
0.599684,0.619851,0.491570,0.611482,0.513982,0.682449,0.747504,0.527538,0.652140,0.633207,0.778013,0.677164,0.645943,0.576660,0.635401,0.491289,0.511027,0.685030,0.481939,0.736039,0.622686,0.525709,0.597639,0.537195,0.566698,0.639161,0.595289,0.450557,0.526404,0.489902,0.716639,0.514914,0.614840,0.685306,0.380791,0.764801,0.567619,0.649715,0.760521,0.516712,0.517991,0.751103,0.723380,0.590387,0.769718,0.603787,0.588343,0.560779,0.479974,0.795874,0.633673,0.712784,0.655366,0.648601,0.584180,0.613039,0.482263,0.582445,0.656129,0.584547,0.583440,0.647433,0.639416,0.774251,0.621405,0.462543,0.474660,0.514771,0.712691,0.713979,0.616974,0.639024,0.709166,0.700739,0.741753,0.723097,0.596307,0.559994,0.553233,0.766623,0.760742,0.562551,0.605864,0.641144,0.472149,0.833552,0.637181,0.432701,0.711735,0.714590,0.727539,0.556428,0.637464,0.469689,0.727631,0.806520,0.828018,0.641347,0.679212,0.691912,0.503975,0.723513,0.498851,0.609069,0.632432,0.623949,0.600054,0.620682,0.392442,0.744442,0.726063,0.538395,0.776990,0.736809,0.539030,0.555643,0.673440,0.862799,0.656580,0.566535,0.610713,0.472439,0.453166,0.638923,0.595117,0.503388,0.547870,0.515225,0.742092,0.702966,0.512247,0.758353,0.717006,0.583987,0.624584,0.428243,0.685024,0.830876,0.801892,0.556731,0.758611,0.581489,0.515748,0.792324,0.590311,0.519116,0.647938,0.682281,0.795433,0.748373,0.426193,0.669789,0.540746,0.463026,0.607107,0.562805,0.764611,0.734130,0.572092,0.778619,0.784527,0.594245,0.596948,0.413930,0.635623,0.515124,0.433720,0.709308,0.579457,0.585770,0.656521,0.600829,0.670521,0.703744,0.636049,0.680344,0.747839,0.611464,0.478126,0.729910,0.590834,0.751283,0.789714,0.579081,0.458102,0.749216,0.629124,0.691765,0.788341,0.847139,0.580400,0.493082,0.765620,0.822279,0.698338,0.440238,0.583540,0.475298,0.801170,0.520186,0.600822,0.640746,0.683674,0.412507,0.777867,0.693685,0.809306,0.544114,0.688564,0.670235,0.649271,0.497986,0.619444,0.659531,0.741940,0.422332,0.482311,0.743895,0.590136,0.587860,0.764385,0.528366,0.659342,0.551349,0.589782,0.460967,0.429037,0.738510,0.592773,0.708634,0.814720,0.753254,0.510941,0.631971,0.679167,0.509336,0.763720,0.671128,0.761713,0.544565,0.477051,0.435696,0.597497,0.692595,0.596814,0.687991,0.760260,0.526056,0.652930,0.618130,0.648358,0.679925,0.759024,0.710180,0.675001,0.400089,0.708351,0.728994,0.626507,0.788444,0.680189,0.780075,0.572731,0.725275,0.755289,0.553656,0.524590,0.594150,0.717359,0.619557,0.700967,0.544544,0.541298,0.775767,0.798368,0.548179,0.718674,0.581385,0.513976,0.506031,0.736926,0.610941,0.673519,0.437022,0.712135,0.616840,0.670156,0.611450,0.624587,0.692425,0.764921,0.805015,0.749226,0.676651,0.672548,0.531132,0.728509,0.768881,0.582596,0.542222,0.613943,0.595498,0.648038,0.709159,0.542817,0.728038,0.792212,0.569899,0.559828,0.726784,0.497724,0.779821,0.603742,0.498019,0.727661,0.552691,0.689289,0.459796,0.436432,0.718210,0.511261,0.693607,0.841357,0.456558,0.799018,0.723940,0.701218,0.589570,0.816966,0.710673,0.658756,0.665314,0.635314,0.521895,0.735014,0.704487,0.660026,0.670823,0.815685,0.508054,0.512677,0.759720,0.593154,0.810759,0.656917,0.820392,0.563915,0.646807,0.366608,0.921466,0.829754,0.734077,0.784863,0.785628,0.587749,0.806317,0.781380,0.675136,0.561259,0.773632,0.831410,0.600451,0.697724,0.786326,0.828350,0.553209,0.752966,0.725986,0.660792,0.653419,0.607755,0.690253,0.519619,0.510795,0.758730,0.750950,0.681412,0.471769,0.527868,0.555247,0.416669,0.693663,0.696280,0.798134,0.686284,0.655421,0.577403,0.706190,0.723160,0.474873,0.726108,0.757971,0.727945,0.473243,0.743278,0.726630,0.540322,0.757088,0.794977,0.612621,0.742578,0.801507,0.408855,0.720983,0.539960,0.759884,0.853588,0.447863,0.782574,0.803199,0.724959,0.737341,0.731628,0.548800,0.766781,0.719284,0.677248,0.619338,0.772470,0.805206,0.827592,0.680510,0.828313,0.758537,0.482688,0.590161,0.832397,0.687477,0.529364,0.650643,0.715546,0.556185,0.781838,0.731560,0.615527,0.694352,0.819473,0.632712,0.572482,0.790919,0.592996,0.718747,0.764357,0.732028,0.658123,0.633197,0.736867,0.554249,0.578313,0.715082,0.569902,0.737499,0.767958,0.779734,0.581031,0.718991,0.000000,0.704148,0.740559,0.791078,0.718830,0.376066,0.682924,0.744727,0.782778,0.775635,0.810015,0.701020,0.616262,0.520291,0.455930,0.621521,0.761463,0.728624,0.598514,0.815968,0.713239,0.719088,0.752207,0.690958,0.642327,0.705026,0.763723,0.611954,0.575460,0.599597,0.481998,0.506328,0.717444,0.654828,0.743239,0.723818,0.614072,0.769950,0.798868,0.562562,0.714719,0.587808,0.511925,0.747983,0.532621
0.599792,0.723408,0.827768,0.764485,0.828395,0.886339,0.821984,0.780824,0.837370,0.902137,0.818173,0.878710,0.527296,0.832991,0.543973,0.757670,0.789227,0.708029,0.768638,0.763529,0.755261,0.630217,0.803188,0.766359,0.830177,0.854508,0.753263,0.601131,0.767198,0.588768,0.477534,0.811565,0.344764,0.501773,0.635339,0.845575,0.809743,0.782528,0.831987,0.817434,0.778614,0.487518,0.559938,0.731518,0.853602,0.818619,0.814568,0.858250,0.709811,0.920256,0.768542,0.499915,0.512190,0.264495,0.891609,0.767122,0.725292,0.799333,0.814749,0.843617,0.446953,0.805368,0.375786,0.645506,0.841163,0.721713,0.839727,0.467515,0.730639,0.614155,0.701513,0.493394,0.862125,0.907419,0.542585,0.644415,0.840543,0.766256,0.851078,0.846408,0.791722,0.864547,0.719226,0.273205,0.796615,0.850892,0.886144,0.846308,0.588214,0.764405,0.788228,0.779039,0.888193,0.770239,0.607044,0.837733,0.575919,0.509979,0.746449,0.866060,0.784155,0.746234,0.801680,0.797301,0.499184,0.847891,0.355214,0.856982,0.677438,0.820497,0.344458,0.795543,0.911004,0.905548,0.739717,0.812475,0.383502,0.813999,0.806744,0.793384,0.848240,0.813687,0.851262,0.778607,0.742973,0.706825,0.856594,0.622951,0.685001,0.861692,0.813989,0.833926,0.763147,0.787242,0.825162,0.826568,0.667450,0.687980,0.626423,0.683649,0.821063,0.348199,0.805034,0.769746,0.850271,0.442945,0.806101,0.733573,0.633435,0.745285,0.796461,0.508395,0.787726,0.819341,0.775315,0.867558,0.858800,0.790735,0.742559,0.791430,0.850268,0.780327,0.822120,0.816629,0.845507,0.568450,0.809377,0.797428,0.822586,0.777315,0.808833,0.766961,0.342434,0.793845,0.583536,0.798787,0.478883,0.813326,0.749064,0.815862,0.767222,0.738110,0.759581,0.784643,0.852314,0.502319,0.494690,0.842794,0.652371,0.809898,0.819295,0.810016,0.582906,0.707893,0.808506,0.804923,0.805987,0.675995,0.799310,0.782294,0.349007,0.400053,0.640354,0.809450,0.422998,0.757828,0.811462,0.754344,0.732374,0.653549,0.425722,0.734816,0.507861,0.771161,0.842755,0.823632,0.716925,0.394280,0.821518,0.445246,0.627333,0.797462,0.509595,0.827921,0.833481,0.819612,0.839778,0.330598,0.691354,0.848325,0.663560,0.714926,0.858675,0.803476,0.871218,0.819722,0.728071,0.842072,0.885978,0.803209,0.810583,0.771761,0.755850,0.813444,0.783687,0.576260,0.530422,0.794285,0.811672,0.797269,0.830509,0.776628,0.781097,0.832316,0.535105,0.786893,0.846596,0.751983,0.896428,0.881334,0.287899,0.599301,0.812881,0.906404,0.581611,0.880122,0.736484,0.795618,0.733102,0.921637,0.799841,0.872893,0.812247,0.857155,0.790971,0.829314,0.636109,0.764883,0.894986,0.832952,0.687689,0.869165,0.821971,0.824678,0.820152,0.788829,0.600362,0.805321,0.780717,0.545519,0.609132,0.881373,0.624345,0.891141,0.795630,0.826256,0.673629,0.877449,0.848801,0.776833,0.799224,0.776209,0.661246,0.882718,0.863097,0.670643,0.764163,0.807562,0.863452,0.870072,0.844741,0.853243,0.750696,0.815557,0.882433,0.567227,0.776331,0.840743,0.774939,0.583528,0.802180,0.802591,0.757429,0.783294,0.835423,0.469370,0.727115,0.819307,0.522856,0.685358,0.887393,0.700402,0.476828,0.863211,0.730885,0.825317,0.295895,0.881295,0.710447,0.868112,0.796812,0.436729,0.838889,0.720699,0.422920,0.791851,0.830613,0.347582,0.847097,0.863460,0.778902,0.396048,0.851639,0.783435,0.629675,0.840467,0.790218,0.772445,0.829480,0.756923,0.830087,0.730275,0.806919,0.939324,0.825739,0.832256,0.825056,0.405779,0.396362,0.553763,0.744147,0.528798,0.812696,0.815074,0.485126,0.818313,0.729854,0.814888,0.836220,0.455497,0.823931,0.803370,0.688973,0.891117,0.829510,0.859667,0.859967,0.718450,0.769077,0.842954,0.866603,0.784250,0.526148,0.788392,0.783521,0.726886,0.834538,0.787904,0.738154,0.772993,0.812297,0.816122,0.828072,0.757208,0.922045,0.716768,0.933562,0.810791,0.822743,0.727048,0.569463,0.805509,0.723176,0.808661,0.822701,0.738438,0.811519,0.815616,0.737074,0.862999,0.722799,0.757526,0.741339,0.768082,0.843315,0.778188,0.724177,0.845416,0.881450,0.390393,0.838094,0.583507,0.597543,0.838771,0.755163,0.414201,0.747202,0.892618,0.533630,0.769977,0.730363,0.812671,0.839763,0.732638,0.706736,0.780256,0.868146,0.852012,0.754918,0.761754,0.838161,0.872441,0.791631,0.674105,0.697897,0.889214,0.704148,0.000000,0.738846,0.796550,0.796102,0.817943,0.876715,0.856416,0.697823,0.821842,0.846925,0.870644,0.731282,0.816048,0.778150,0.411788,0.645363,0.829276,0.827429,0.618767,0.792693,0.822087,0.834259,0.791817,0.766144,0.376077,0.786279,0.773547,0.839948,0.844677,0.772670,0.931433,0.786268,0.893204,0.817633,0.797095,0.732949,0.870112,0.856072,0.726908,0.685546,0.920425,0.869518,0.596689,0.819911
0.599895,0.660949,0.697988,0.674416,0.747037,0.769811,0.715103,0.714601,0.657717,0.711604,0.711724,0.714380,0.591333,0.726701,0.552895,0.704512,0.728417,0.785113,0.659519,0.615613,0.653086,0.759953,0.699763,0.768787,0.699696,0.797604,0.570056,0.719175,0.672792,0.638195,0.692208,0.679529,0.725285,0.595020,0.687011,0.775085,0.709391,0.776161,0.770904,0.814334,0.625957,0.724079,0.716809,0.680996,0.785334,0.574102,0.719944,0.669756,0.607356,0.773611,0.744782,0.744421,0.626262,0.743167,0.708529,0.511915,0.696121,0.747378,0.720992,0.652864,0.658055,0.669278,0.734855,0.752983,0.749201,0.719564,0.699685,0.648953,0.634832,0.739937,0.598675,0.636531,0.759675,0.764799,0.570989,0.664187,0.709906,0.689413,0.744469,0.800848,0.782101,0.807169,0.694248,0.765429,0.726397,0.779914,0.788464,0.697880,0.536578,0.698371,0.724237,0.759702,0.769148,0.667286,0.657903,0.809811,0.625071,0.590908,0.765839,0.749978,0.671008,0.486769,0.782222,0.771316,0.592670,0.780312,0.697207,0.745469,0.640384,0.757047,0.793085,0.691142,0.824105,0.827312,0.701155,0.729099,0.761133,0.661826,0.831488,0.726858,0.684282,0.716872,0.715786,0.644299,0.744162,0.752851,0.722259,0.659913,0.612026,0.735537,0.736579,0.786617,0.749875,0.689882,0.664673,0.712151,0.562520,0.668929,0.803570,0.717635,0.754800,0.711353,0.751678,0.652833,0.743882,0.698001,0.749514,0.486993,0.712850,0.431736,0.718952,0.603306,0.738305,0.735007,0.659060,0.753337,0.789110,0.725343,0.624116,0.594416,0.741310,0.813812,0.685601,0.737875,0.786743,0.645870,0.660483,0.666831,0.759641,0.750406,0.679595,0.608919,0.717670,0.778564,0.572053,0.796407,0.657573,0.749733,0.691664,0.668807,0.754885,0.486790,0.747488,0.703826,0.756563,0.752878,0.614560,0.807154,0.837722,0.801551,0.705035,0.792712,0.559407,0.660566,0.665195,0.742204,0.746217,0.757194,0.815475,0.732489,0.733771,0.728173,0.757268,0.763979,0.715000,0.767975,0.778346,0.663497,0.579085,0.578105,0.752190,0.695769,0.633139,0.681299,0.728943,0.748326,0.606603,0.816297,0.792028,0.710963,0.514711,0.733535,0.577605,0.773249,0.778270,0.687117,0.716433,0.734756,0.724664,0.708450,0.747483,0.660399,0.741084,0.769678,0.704951,0.711677,0.741392,0.705038,0.735490,0.706047,0.695664,0.650870,0.789567,0.696740,0.746296,0.526243,0.768422,0.714219,0.782017,0.721923,0.737275,0.648892,0.660832,0.749144,0.538801,0.727376,0.754294,0.685213,0.819835,0.623359,0.708857,0.613908,0.720809,0.771976,0.730439,0.749073,0.746627,0.850760,0.240075,0.818429,0.801753,0.776407,0.818136,0.818402,0.740834,0.715793,0.736486,0.645925,0.752171,0.751243,0.534689,0.698953,0.497190,0.740811,0.705072,0.799110,0.498932,0.797968,0.733466,0.541241,0.704735,0.759407,0.600205,0.794865,0.773610,0.801567,0.536608,0.713284,0.689347,0.721691,0.689837,0.684037,0.553658,0.831536,0.808787,0.499538,0.689866,0.637294,0.856014,0.769975,0.727538,0.846989,0.684156,0.673412,0.752861,0.714511,0.630325,0.767507,0.666402,0.638858,0.782948,0.637655,0.812269,0.703775,0.730646,0.829306,0.564864,0.748271,0.751086,0.539978,0.739888,0.654692,0.590367,0.790672,0.632983,0.715444,0.782118,0.786014,0.805236,0.788875,0.726866,0.760797,0.764189,0.635473,0.809287,0.714858,0.849967,0.728653,0.735007,0.805159,0.800415,0.754738,0.727548,0.688076,0.734426,0.751731,0.678703,0.829287,0.669638,0.679580,0.772492,0.663056,0.730078,0.835331,0.780642,0.771475,0.761001,0.659816,0.801607,0.587461,0.700264,0.685451,0.779156,0.734316,0.748867,0.781264,0.712845,0.763013,0.780789,0.759296,0.719492,0.779879,0.630407,0.859541,0.723269,0.821001,0.776112,0.514603,0.609991,0.693990,0.764697,0.688889,0.701262,0.811786,0.725903,0.445967,0.734756,0.646081,0.772368,0.748616,0.764007,0.764409,0.777581,0.653980,0.837878,0.763511,0.853639,0.726741,0.871193,0.769586,0.530138,0.760811,0.645455,0.737482,0.819891,0.679315,0.592820,0.831473,0.749563,0.784088,0.852376,0.744173,0.791790,0.737206,0.735134,0.617542,0.702267,0.683022,0.717402,0.707369,0.723876,0.543948,0.734199,0.805482,0.771565,0.775584,0.727476,0.809991,0.771356,0.630885,0.639213,0.689155,0.807987,0.704396,0.613649,0.665187,0.733294,0.757129,0.692189,0.555016,0.768207,0.777127,0.741784,0.794831,0.539137,0.707316,0.740559,0.738846,0.000000,0.732598,0.648773,0.692487,0.687323,0.792058,0.729892,0.759165,0.807689,0.724075,0.543078,0.719557,0.730306,0.787403,0.414980,0.621105,0.777331,0.843282,0.717386,0.708076,0.804956,0.443447,0.651762,0.805823,0.758303,0.615892,0.695783,0.718901,0.676199,0.751059,0.371259,0.651919,0.726803,0.770551,0.477152,0.825827,0.750950,0.707584,0.576513,0.735111,0.752974,0.477993,0.580772
0.599928,0.676409,0.688740,0.648731,0.774821,0.563691,0.592515,0.780646,0.480425,0.596662,0.590793,0.645103,0.609240,0.679510,0.639418,0.755462,0.694562,0.624116,0.719110,0.511486,0.548884,0.823339,0.575213,0.785390,0.659503,0.741133,0.732795,0.796353,0.811352,0.802183,0.686118,0.694459,0.753961,0.688450,0.779256,0.546960,0.651256,0.662138,0.577290,0.743689,0.737412,0.687248,0.744272,0.737036,0.519646,0.706430,0.677807,0.733083,0.754895,0.577441,0.725761,0.532510,0.694893,0.782847,0.708901,0.668250,0.803825,0.801218,0.672202,0.563727,0.750889,0.802043,0.761966,0.634638,0.687117,0.720185,0.748849,0.772188,0.579599,0.551575,0.582045,0.748544,0.521147,0.719462,0.719968,0.470361,0.723495,0.738342,0.787749,0.641197,0.545680,0.772950,0.709713,0.781647,0.840435,0.591505,0.745097,0.808558,0.691116,0.700998,0.621332,0.860626,0.760316,0.767413,0.689112,0.594736,0.705870,0.759347,0.761875,0.623938,0.714139,0.560695,0.818987,0.797753,0.701751,0.815299,0.741505,0.749409,0.863255,0.673604,0.668025,0.797264,0.642829,0.661528,0.836487,0.818612,0.760487,0.559028,0.723894,0.781798,0.735780,0.809553,0.810200,0.690787,0.734485,0.766497,0.771085,0.684780,0.712716,0.735770,0.818793,0.582872,0.670846,0.765001,0.525862,0.820494,0.765328,0.656921,0.587817,0.721485,0.613947,0.797520,0.833614,0.506291,0.846672,0.812516,0.735204,0.705218,0.525153,0.693461,0.838930,0.746093,0.868868,0.812529,0.827962,0.738488,0.710826,0.268327,0.720586,0.656264,0.495764,0.768813,0.700315,0.798201,0.711699,0.689601,0.779646,0.519498,0.850075,0.774102,0.659119,0.824891,0.764593,0.674925,0.747228,0.728623,0.640539,0.690235,0.697467,0.730470,0.849415,0.659096,0.660781,0.759217,0.830988,0.609509,0.752970,0.683256,0.721589,0.584671,0.768144,0.836624,0.701781,0.574949,0.754812,0.766050,0.860716,0.726217,0.634344,0.658329,0.801325,0.682207,0.475551,0.817626,0.599332,0.661277,0.590798,0.808672,0.729671,0.698698,0.628327,0.818163,0.747051,0.733210,0.813103,0.862805,0.855569,0.678555,0.750171,0.854685,0.753266,0.754415,0.736202,0.813823,0.824776,0.731150,0.831607,0.762877,0.778205,0.580784,0.589752,0.732815,0.802399,0.798676,0.765954,0.808693,0.661862,0.739174,0.800000,0.827751,0.842779,0.804089,0.557936,0.669011,0.856253,0.773673,0.781511,0.838099,0.589849,0.808194,0.728878,0.758451,0.702888,0.734882,0.696793,0.842343,0.505636,0.603497,0.800151,0.559737,0.744785,0.674730,0.854992,0.780919,0.588344,0.784047,0.845976,0.920949,0.710990,0.818488,0.732021,0.798756,0.882516,0.662870,0.535576,0.835320,0.728342,0.768958,0.838346,0.838097,0.607875,0.753525,0.787188,0.813204,0.694899,0.860122,0.797233,0.792000,0.798053,0.698516,0.723232,0.684195,0.654608,0.782300,0.765612,0.831302,0.725443,0.509139,0.812936,0.850403,0.790569,0.700009,0.746504,0.787172,0.792811,0.656678,0.682722,0.705501,0.792092,0.602229,0.810812,0.744778,0.806260,0.692694,0.482217,0.825401,0.758455,0.834400,0.836072,0.697066,0.811446,0.447335,0.698963,0.751127,0.394428,0.730181,0.689207,0.832015,0.732719,0.728821,0.635506,0.740704,0.716755,0.834882,0.711856,0.780295,0.801823,0.794282,0.759431,0.849820,0.808078,0.683684,0.688302,0.689787,0.801715,0.576083,0.843259,0.809553,0.709717,0.654114,0.649361,0.808593,0.722625,0.674735,0.757370,0.491278,0.643212,0.757546,0.754988,0.562778,0.584567,0.786618,0.823252,0.721371,0.491529,0.826783,0.632480,0.795020,0.840995,0.681204,0.746575,0.811440,0.860518,0.868203,0.647382,0.679376,0.727164,0.887402,0.867286,0.728544,0.847388,0.779714,0.516686,0.713227,0.801578,0.652769,0.855599,0.677203,0.584379,0.881706,0.698525,0.750481,0.679901,0.852927,0.787198,0.752352,0.769635,0.666083,0.653091,0.855785,0.723716,0.702895,0.840123,0.805240,0.824099,0.668566,0.618525,0.831189,0.558519,0.613602,0.745904,0.588203,0.645702,0.866967,0.744045,0.685387,0.772768,0.754308,0.619611,0.574402,0.597418,0.684930,0.704783,0.579829,0.860056,0.787509,0.569278,0.588720,0.863437,0.811144,0.700715,0.703660,0.679730,0.644131,0.789994,0.790278,0.584484,0.681025,0.670281,0.589601,0.837720,0.515880,0.756853,0.721786,0.710216,0.884314,0.772952,0.829625,0.812877,0.668676,0.796930,0.757579,0.800164,0.746368,0.832842,0.714677,0.791078,0.796550,0.732598,0.000000,0.485142,0.820524,0.690151,0.601538,0.521661,0.723872,0.640885,0.856923,0.514410,0.788120,0.859661,0.766551,0.779200,0.790675,0.831385,0.534432,0.618258,0.816385,0.683052,0.759899,0.721801,0.790234,0.787164,0.562412,0.823866,0.769944,0.774130,0.836763,0.711702,0.704846,0.336819,0.698223,0.721930,0.752197,0.622299,0.805654,0.547156,0.819001,0.625277,0.758174,0.618411
0.600214,0.514717,0.642382,0.687921,0.592666,0.648468,0.660280,0.724967,0.516878,0.561630,0.668594,0.627743,0.611050,0.681164,0.608427,0.663798,0.622568,0.712631,0.604196,0.589251,0.508775,0.739158,0.434680,0.693765,0.578964,0.676004,0.531030,0.719113,0.670147,0.567830,0.737432,0.641695,0.724068,0.686824,0.596227,0.577708,0.531273,0.621644,0.677803,0.661785,0.636876,0.738733,0.758678,0.713953,0.633937,0.593727,0.602315,0.600437,0.651940,0.679676,0.720768,0.720981,0.609477,0.764446,0.649262,0.608058,0.683667,0.717516,0.661434,0.519576,0.695125,0.681100,0.776101,0.678486,0.707821,0.577351,0.637150,0.662246,0.615107,0.753687,0.612018,0.676082,0.556056,0.637438,0.663166,0.544123,0.693747,0.653325,0.714745,0.585387,0.713762,0.684684,0.662134,0.713934,0.622371,0.627315,0.674544,0.680386,0.579318,0.691050,0.619165,0.685674,0.573270,0.571065,0.723133,0.647474,0.739065,0.670034,0.653709,0.463942,0.551258,0.553103,0.605652,0.685766,0.703569,0.592707,0.734626,0.575893,0.635720,0.618693,0.728618,0.689501,0.644668,0.610398,0.690274,0.758928,0.766072,0.591579,0.667728,0.503386,0.636133,0.685474,0.685300,0.688804,0.668481,0.689269,0.663651,0.584110,0.669068,0.673485,0.689101,0.715878,0.726945,0.541030,0.484556,0.632598,0.749461,0.709758,0.715151,0.599178,0.600890,0.775522,0.732905,0.418054,0.777792,0.724968,0.680276,0.648352,0.757873,0.611480,0.704901,0.682163,0.752406,0.673347,0.679987,0.637320,0.632646,0.579553,0.627816,0.638113,0.697441,0.754514,0.585290,0.687035,0.717488,0.566556,0.660337,0.583507,0.681844,0.691443,0.593713,0.726762,0.805027,0.698339,0.694857,0.700433,0.714716,0.711348,0.583286,0.682783,0.766099,0.556109,0.731343,0.618989,0.653509,0.643207,0.596295,0.713858,0.764529,0.626967,0.658372,0.704244,0.659708,0.584102,0.639398,0.657524,0.757363,0.662040,0.711925,0.695298,0.726102,0.606697,0.592968,0.624140,0.663631,0.679812,0.709921,0.563000,0.677551,0.683246,0.675620,0.623662,0.650289,0.809628,0.726375,0.725823,0.664076,0.760050,0.673457,0.875899,0.671798,0.707166,0.611848,0.673057,0.740375,0.592403,0.729627,0.740083,0.749315,0.621786,0.562217,0.675096,0.586792,0.733554,0.741500,0.631835,0.625736,0.757409,0.621617,0.726746,0.715867,0.651447,0.659190,0.582445,0.634414,0.667853,0.673110,0.681985,0.683506,0.728670,0.563085,0.655983,0.633330,0.799099,0.630745,0.643095,0.686231,0.607730,0.712381,0.600151,0.765888,0.639909,0.748194,0.571523,0.649959,0.612305,0.746981,0.743315,0.555084,0.626845,0.661264,0.550825,0.767422,0.855134,0.721058,0.728013,0.660631,0.572426,0.650725,0.666367,0.632971,0.753994,0.700159,0.708744,0.540912,0.751862,0.750691,0.700325,0.758097,0.648168,0.670242,0.765867,0.649135,0.710345,0.689153,0.646740,0.517947,0.693101,0.760815,0.764194,0.564477,0.531883,0.555274,0.610108,0.770850,0.576024,0.636989,0.574739,0.738266,0.780063,0.686666,0.569226,0.707475,0.648497,0.681103,0.824061,0.678080,0.698092,0.701793,0.620749,0.626553,0.506883,0.708287,0.564369,0.599772,0.758416,0.621041,0.694305,0.714042,0.658378,0.787137,0.794124,0.643387,0.743677,0.722554,0.750884,0.821620,0.582367,0.818123,0.730312,0.726173,0.681902,0.707323,0.694225,0.833135,0.614757,0.640980,0.788957,0.664376,0.729143,0.747903,0.818140,0.606178,0.586333,0.727951,0.692722,0.605518,0.648906,0.608369,0.620275,0.633481,0.705097,0.745764,0.611486,0.604015,0.759607,0.704546,0.783078,0.850886,0.666618,0.767200,0.801854,0.738180,0.733241,0.757591,0.582358,0.706353,0.757582,0.784567,0.682623,0.686814,0.710118,0.720083,0.528679,0.763298,0.778721,0.699289,0.645593,0.547926,0.669817,0.718819,0.570305,0.736781,0.648153,0.774440,0.733306,0.614160,0.638308,0.658256,0.735578,0.711675,0.575692,0.643243,0.593570,0.704660,0.661248,0.596904,0.631425,0.677434,0.737997,0.658128,0.664658,0.700429,0.728042,0.748244,0.584306,0.670865,0.755711,0.752355,0.759438,0.723968,0.636356,0.800143,0.681802,0.715967,0.613504,0.539561,0.632207,0.747653,0.783098,0.802559,0.729339,0.717233,0.687123,0.573865,0.770267,0.626827,0.734164,0.687510,0.548410,0.739654,0.687353,0.688355,0.506072,0.639963,0.738572,0.740520,0.747225,0.702019,0.613640,0.742725,0.756757,0.747755,0.572735,0.724763,0.553518,0.718830,0.796102,0.648773,0.485142,0.000000,0.720604,0.733373,0.786470,0.730167,0.620416,0.768285,0.731533,0.582822,0.691905,0.765346,0.822357,0.667324,0.678757,0.789906,0.767076,0.600290,0.711408,0.744533,0.696773,0.610640,0.751691,0.660080,0.488382,0.728378,0.724325,0.637173,0.789471,0.685200,0.726628,0.493437,0.687561,0.596347,0.768934,0.828195,0.632858,0.573853,0.678312,0.607138,0.654418,0.568059
0.600223,0.572069,0.366784,0.574256,0.406094,0.616936,0.697909,0.376893,0.612516,0.572827,0.714901,0.559093,0.607192,0.501687,0.547458,0.363847,0.370650,0.671291,0.369066,0.741087,0.579934,0.454393,0.534735,0.498808,0.447277,0.525039,0.536971,0.341117,0.344704,0.445203,0.756697,0.412938,0.638095,0.677775,0.362911,0.756087,0.590066,0.586239,0.767697,0.482973,0.357892,0.795044,0.699365,0.522808,0.810236,0.606840,0.513904,0.475928,0.367710,0.738897,0.524818,0.810769,0.662685,0.741688,0.449603,0.526750,0.411475,0.419182,0.593753,0.588226,0.579695,0.506393,0.671235,0.739162,0.530867,0.421946,0.295793,0.514840,0.710427,0.738119,0.637077,0.631538,0.690481,0.621384,0.689857,0.804546,0.540743,0.422227,0.481116,0.703224,0.804943,0.479157,0.482273,0.735501,0.327883,0.781185,0.547907,0.279987,0.694663,0.656257,0.734461,0.417133,0.535354,0.399680,0.714056,0.791825,0.778499,0.614712,0.572699,0.699112,0.352256,0.654603,0.423609,0.484011,0.602918,0.516948,0.722356,0.464923,0.317316,0.677659,0.876311,0.323752,0.715148,0.675551,0.386800,0.351166,0.764137,0.792277,0.618234,0.458731,0.499017,0.350568,0.327799,0.599122,0.568573,0.528262,0.373322,0.580115,0.647877,0.634894,0.334365,0.763561,0.639216,0.471946,0.667477,0.281396,0.611782,0.770560,0.759831,0.579581,0.744550,0.657191,0.381497,0.763349,0.417095,0.642334,0.477819,0.619871,0.922235,0.688865,0.303845,0.636487,0.304827,0.289503,0.468963,0.483387,0.682669,0.815040,0.454933,0.717963,0.733342,0.554711,0.536290,0.293018,0.676538,0.635549,0.279589,0.760065,0.435295,0.499033,0.707027,0.415276,0.737041,0.642552,0.604880,0.650222,0.829241,0.566296,0.435302,0.750925,0.497997,0.698578,0.695494,0.490593,0.304647,0.800484,0.601429,0.690096,0.850585,0.759514,0.427392,0.444704,0.708025,0.800283,0.592259,0.343685,0.392289,0.468609,0.832760,0.450710,0.673080,0.743801,0.713630,0.306772,0.857124,0.722605,0.695562,0.526929,0.559250,0.640541,0.771366,0.506687,0.611189,0.614280,0.612634,0.323912,0.446652,0.921339,0.546989,0.639764,0.750614,0.469292,0.594920,0.462838,0.489525,0.352065,0.303614,0.815650,0.505368,0.662904,0.806993,0.620887,0.346429,0.536831,0.534612,0.442055,0.707215,0.666883,0.659038,0.418832,0.329980,0.390329,0.692617,0.671433,0.445233,0.666617,0.825906,0.366094,0.662877,0.488102,0.551183,0.563416,0.708570,0.616745,0.643819,0.118030,0.673275,0.689541,0.604595,0.742124,0.775137,0.760394,0.441589,0.647144,0.741148,0.422995,0.450296,0.504297,0.652674,0.555526,0.675022,0.460882,0.430705,0.754774,0.763313,0.418311,0.691370,0.467956,0.390320,0.405690,0.771264,0.535734,0.620869,0.333459,0.648000,0.470963,0.670558,0.650040,0.421696,0.659201,0.762302,0.833259,0.792763,0.624833,0.612195,0.426079,0.678394,0.750163,0.441010,0.413772,0.498997,0.584589,0.578817,0.627246,0.527005,0.669098,0.659796,0.455686,0.470037,0.756236,0.365900,0.715084,0.407739,0.459533,0.763436,0.607307,0.489827,0.435172,0.303884,0.722892,0.517021,0.777434,0.849345,0.435611,0.806745,0.826259,0.548866,0.418458,0.811647,0.575781,0.602365,0.647000,0.727820,0.407180,0.687256,0.671938,0.766450,0.576192,0.747373,0.415231,0.328785,0.922357,0.600282,0.675952,0.718838,0.769452,0.527366,0.738052,0.353434,0.863880,0.835807,0.731751,0.660668,0.682863,0.570706,0.770493,0.806370,0.621465,0.550904,0.796117,0.793259,0.524008,0.631854,0.701119,0.815146,0.341320,0.695259,0.731261,0.795074,0.688710,0.624960,0.801236,0.442560,0.332095,0.840323,0.735993,0.647659,0.396962,0.410586,0.650335,0.320446,0.564484,0.686631,0.703983,0.583124,0.718791,0.514921,0.640332,0.706169,0.413886,0.669498,0.654374,0.747072,0.470325,0.668561,0.589458,0.349515,0.658680,0.713171,0.455386,0.782018,0.740484,0.415282,0.669173,0.415818,0.823230,0.772088,0.406107,0.859354,0.727607,0.712908,0.798725,0.714584,0.397060,0.665409,0.655163,0.635027,0.625626,0.774768,0.781359,0.879650,0.640143,0.741227,0.775148,0.289678,0.450261,0.833766,0.610146,0.365368,0.823287,0.642346,0.502693,0.792902,0.790556,0.587601,0.754912,0.799631,0.689008,0.617733,0.735736,0.585631,0.759100,0.626080,0.674554,0.666060,0.649566,0.634361,0.525696,0.500004,0.653437,0.494293,0.730400,0.764816,0.742045,0.534374,0.679612,0.376066,0.817943,0.692487,0.820524,0.720604,0.000000,0.591623,0.780723,0.860726,0.760715,0.772404,0.646338,0.727497,0.416892,0.577285,0.722480,0.705448,0.703244,0.513848,0.870641,0.679972,0.692459,0.672514,0.557619,0.601992,0.793587,0.667050,0.610207,0.512560,0.478071,0.475652,0.444266,0.635485,0.623693,0.811575,0.672880,0.559903,0.635509,0.805462,0.443488,0.715976,0.457389,0.573313,0.717042,0.479218
0.600259,0.613119,0.540350,0.577313,0.603954,0.518294,0.605426,0.565850,0.606962,0.488322,0.606508,0.441524,0.587600,0.504141,0.617327,0.520589,0.592178,0.521720,0.606829,0.713614,0.496225,0.689783,0.630822,0.605754,0.549500,0.517452,0.597452,0.581540,0.581524,0.674857,0.700351,0.444401,0.780271,0.660667,0.624351,0.619639,0.611613,0.566048,0.620055,0.550094,0.558692,0.705482,0.775556,0.625092,0.658832,0.655890,0.574426,0.536246,0.505417,0.588639,0.620533,0.708630,0.735135,0.845183,0.476725,0.638408,0.588315,0.601425,0.577145,0.572376,0.713329,0.553070,0.746492,0.635483,0.517373,0.611722,0.487154,0.721723,0.673054,0.648576,0.672889,0.675757,0.639680,0.591170,0.720269,0.735281,0.639251,0.544853,0.669864,0.589835,0.602350,0.641713,0.652645,0.845795,0.637954,0.683928,0.566845,0.562301,0.824267,0.575122,0.655118,0.621116,0.596629,0.610279,0.757680,0.646394,0.739016,0.665064,0.700361,0.672121,0.513852,0.639053,0.588810,0.649165,0.694495,0.570052,0.789520,0.552922,0.621519,0.670111,0.770529,0.590525,0.554346,0.628848,0.619343,0.588788,0.874940,0.680683,0.648089,0.649885,0.499687,0.654678,0.593804,0.640529,0.590240,0.702091,0.562609,0.739260,0.582310,0.537707,0.598783,0.609480,0.557482,0.558611,0.637012,0.568870,0.669809,0.555949,0.643742,0.670382,0.699446,0.820620,0.644828,0.650143,0.678505,0.818278,0.659183,0.573069,0.648090,0.619837,0.604014,0.734325,0.605022,0.543948,0.540428,0.567453,0.694207,0.674797,0.485429,0.569752,0.549879,0.600609,0.657248,0.546659,0.622918,0.779099,0.564099,0.683890,0.648633,0.691359,0.622206,0.611785,0.837681,0.580224,0.687856,0.671162,0.781317,0.649673,0.658097,0.714804,0.579899,0.691289,0.599588,0.669849,0.589902,0.802521,0.739172,0.530938,0.699856,0.674561,0.674271,0.665778,0.724543,0.708106,0.514582,0.602894,0.641452,0.634794,0.688199,0.603545,0.823239,0.781342,0.591755,0.549332,0.700992,0.632532,0.608926,0.722232,0.598406,0.689930,0.784693,0.660128,0.719716,0.683827,0.727664,0.605271,0.625368,0.771484,0.695332,0.846134,0.666500,0.675663,0.727671,0.591461,0.635229,0.534412,0.599296,0.806485,0.674548,0.634049,0.752841,0.531674,0.527141,0.542643,0.644462,0.716485,0.697066,0.720018,0.743593,0.626328,0.585023,0.628327,0.669062,0.707469,0.612292,0.722378,0.802132,0.595766,0.586582,0.634522,0.582282,0.571465,0.635003,0.542415,0.790030,0.581452,0.551794,0.611838,0.658707,0.565792,0.822062,0.715728,0.655972,0.611985,0.681748,0.596031,0.624539,0.657956,0.650934,0.568119,0.717747,0.606343,0.618148,0.577123,0.602488,0.632769,0.722980,0.528534,0.641467,0.631420,0.713148,0.583356,0.670927,0.595786,0.581954,0.673075,0.723633,0.738882,0.567680,0.723269,0.759825,0.744584,0.651496,0.541174,0.723027,0.626457,0.737259,0.562528,0.614088,0.587864,0.569614,0.684854,0.711668,0.627112,0.653745,0.685198,0.553673,0.614902,0.638096,0.567708,0.558448,0.731054,0.548299,0.573521,0.600955,0.788208,0.618170,0.688514,0.571786,0.759697,0.662282,0.612100,0.711734,0.637352,0.587542,0.712607,0.607610,0.616659,0.849833,0.676526,0.577646,0.729496,0.805465,0.609522,0.688861,0.607646,0.884889,0.598773,0.745895,0.617104,0.636240,0.821899,0.691238,0.666937,0.832254,0.695659,0.742783,0.822321,0.660180,0.721675,0.702554,0.785866,0.717280,0.659525,0.735537,0.592190,0.795424,0.686106,0.609212,0.764246,0.608126,0.522116,0.570529,0.712565,0.698105,0.597126,0.627094,0.795751,0.902187,0.745288,0.587189,0.762565,0.648313,0.534481,0.695857,0.596940,0.621320,0.610806,0.670247,0.808947,0.594647,0.646696,0.611598,0.604016,0.677219,0.622881,0.682894,0.656202,0.736552,0.599890,0.627996,0.677405,0.780123,0.697326,0.632169,0.658023,0.525799,0.626571,0.620530,0.586626,0.775782,0.748742,0.645966,0.751832,0.632607,0.757532,0.684744,0.595889,0.666029,0.601393,0.636473,0.710975,0.684907,0.641452,0.719784,0.676199,0.597309,0.520926,0.589529,0.626480,0.674047,0.641485,0.682359,0.588198,0.650483,0.537680,0.683188,0.606812,0.630075,0.842226,0.619246,0.659079,0.635844,0.627394,0.661013,0.826101,0.814122,0.637604,0.781760,0.668335,0.590641,0.660460,0.572523,0.681207,0.833264,0.719729,0.636131,0.608071,0.497341,0.684935,0.585490,0.763720,0.715035,0.730037,0.705122,0.667629,0.682924,0.876715,0.687323,0.690151,0.733373,0.591623,0.000000,0.549473,0.756480,0.702395,0.691387,0.741373,0.683474,0.417651,0.720534,0.841347,0.687961,0.687422,0.682797,0.702025,0.583214,0.656415,0.606722,0.645253,0.685221,0.875942,0.695673,0.673827,0.649255,0.593186,0.685499,0.685382,0.646718,0.636308,0.716944,0.567418,0.713893,0.685486,0.613635,0.649197,0.669442,0.635969,0.602761,0.708581,0.580543
0.600779,0.689004,0.626978,0.670082,0.681412,0.502541,0.472925,0.636839,0.503487,0.542465,0.459694,0.506195,0.593429,0.530975,0.670180,0.667432,0.709084,0.528995,0.697133,0.482486,0.506421,0.724947,0.613366,0.671550,0.601914,0.633631,0.713088,0.735329,0.718413,0.732160,0.737570,0.527213,0.826390,0.728037,0.751729,0.461404,0.577298,0.687846,0.505833,0.695604,0.714091,0.741904,0.754976,0.650071,0.548419,0.730658,0.637922,0.659028,0.722666,0.572504,0.631124,0.624135,0.751097,0.830434,0.632776,0.760941,0.722985,0.698559,0.629273,0.648029,0.731054,0.727179,0.808972,0.654093,0.644205,0.705335,0.663197,0.764552,0.671047,0.518538,0.605725,0.687518,0.607960,0.687214,0.695190,0.674877,0.687988,0.676290,0.681308,0.644733,0.489142,0.713886,0.784797,0.806198,0.763990,0.550835,0.756378,0.701375,0.784151,0.682663,0.569602,0.690388,0.743283,0.717428,0.814019,0.525460,0.764448,0.729019,0.798500,0.668246,0.677021,0.631577,0.685430,0.686691,0.713698,0.690978,0.772873,0.699104,0.787383,0.656144,0.727370,0.746294,0.620222,0.611857,0.738819,0.698609,0.842304,0.554893,0.707129,0.737874,0.690506,0.744603,0.720140,0.752034,0.658290,0.821204,0.742972,0.717198,0.714370,0.646649,0.690370,0.545992,0.608793,0.743572,0.696863,0.716525,0.713338,0.659947,0.567180,0.714733,0.621750,0.843992,0.759232,0.666094,0.736656,0.821933,0.731205,0.633798,0.485645,0.702913,0.722097,0.768612,0.730924,0.741748,0.697131,0.652524,0.694519,0.559402,0.685617,0.651340,0.434843,0.712423,0.773874,0.713240,0.670651,0.767852,0.700122,0.691934,0.765872,0.845276,0.657956,0.736825,0.802240,0.628784,0.705097,0.781294,0.777012,0.720167,0.743387,0.714151,0.756381,0.648080,0.703620,0.670081,0.730222,0.738238,0.791863,0.602257,0.731034,0.614416,0.777577,0.772543,0.769216,0.631775,0.754130,0.753423,0.754766,0.734549,0.607243,0.648535,0.846504,0.804031,0.679245,0.712614,0.677412,0.586706,0.448642,0.783317,0.716334,0.783482,0.770580,0.784751,0.813472,0.653803,0.863025,0.768715,0.766472,0.775912,0.700082,0.861788,0.691978,0.766200,0.808493,0.778796,0.696060,0.726882,0.738285,0.790935,0.775447,0.661430,0.646250,0.687852,0.703153,0.734896,0.767832,0.764447,0.701289,0.776065,0.799758,0.727555,0.708695,0.769499,0.668613,0.751469,0.756210,0.755715,0.781953,0.735937,0.571835,0.779573,0.658220,0.614679,0.689529,0.696726,0.783406,0.760424,0.408788,0.652817,0.774843,0.655193,0.816581,0.706900,0.739525,0.726110,0.710272,0.717686,0.768544,0.855450,0.725144,0.703232,0.718158,0.713504,0.800038,0.347297,0.425092,0.713235,0.746558,0.746360,0.777230,0.724886,0.670532,0.637416,0.784058,0.746948,0.761955,0.755539,0.759308,0.699111,0.721597,0.766772,0.785525,0.645281,0.607946,0.669244,0.671189,0.765565,0.733607,0.370130,0.705457,0.713842,0.766986,0.713348,0.798035,0.734723,0.682442,0.708554,0.695969,0.770695,0.675600,0.338086,0.738434,0.708365,0.764060,0.614258,0.445047,0.868190,0.762324,0.758821,0.755131,0.739480,0.767502,0.535311,0.627746,0.727049,0.453467,0.789809,0.663566,0.793825,0.840381,0.766806,0.415777,0.731860,0.723081,0.725302,0.674267,0.673968,0.837656,0.761894,0.619590,0.774989,0.780223,0.787140,0.688970,0.643159,0.851517,0.614340,0.772187,0.847380,0.689602,0.554449,0.582708,0.851691,0.684747,0.753771,0.707954,0.358419,0.750992,0.781734,0.715940,0.713913,0.626400,0.755371,0.736958,0.762823,0.574592,0.740683,0.356018,0.839919,0.831881,0.677264,0.676384,0.822595,0.769678,0.747862,0.718217,0.728450,0.694057,0.721748,0.728380,0.849356,0.734409,0.690582,0.597848,0.677707,0.720218,0.493228,0.794595,0.759025,0.764621,0.779066,0.735716,0.748616,0.807843,0.793473,0.692446,0.716720,0.651564,0.740542,0.648879,0.745852,0.594522,0.692713,0.748361,0.754848,0.786852,0.740825,0.583607,0.791166,0.585329,0.614865,0.626130,0.693960,0.692503,0.753479,0.760111,0.698479,0.618535,0.693099,0.637561,0.294957,0.607002,0.637415,0.636646,0.481498,0.817485,0.712137,0.617136,0.632461,0.721589,0.776765,0.484113,0.736702,0.631482,0.523260,0.781237,0.818054,0.731268,0.461219,0.807477,0.623791,0.638592,0.556338,0.691917,0.704454,0.773194,0.766730,0.743561,0.692294,0.768985,0.730927,0.762738,0.687318,0.656045,0.750977,0.781017,0.753636,0.744727,0.856416,0.792058,0.601538,0.786470,0.780723,0.549473,0.000000,0.577775,0.691818,0.297689,0.739936,0.716374,0.644925,0.722757,0.881192,0.716286,0.704389,0.768780,0.602870,0.657014,0.727997,0.632951,0.764971,0.758026,0.874732,0.771860,0.711614,0.735877,0.721124,0.774694,0.736275,0.692814,0.634329,0.620084,0.633984,0.829261,0.727204,0.332774,0.799747,0.641300,0.830017,0.566922,0.682970,0.626031
0.600790,0.779309,0.719038,0.756815,0.800682,0.647013,0.534256,0.746177,0.623309,0.685409,0.577800,0.661601,0.619578,0.644818,0.635789,0.730689,0.775060,0.565706,0.752293,0.556941,0.632512,0.813026,0.700866,0.718188,0.700192,0.762745,0.771621,0.767586,0.774540,0.743312,0.609722,0.754587,0.670161,0.721470,0.778049,0.551169,0.706227,0.715136,0.495171,0.778315,0.827534,0.572803,0.652572,0.641432,0.625497,0.824877,0.749019,0.823739,0.767940,0.659859,0.784737,0.356529,0.638816,0.709237,0.723935,0.836833,0.790788,0.743941,0.766389,0.672766,0.685677,0.800941,0.654129,0.553034,0.725710,0.751704,0.815107,0.741302,0.679036,0.496472,0.672693,0.671354,0.634056,0.810687,0.674130,0.521992,0.679160,0.731136,0.820028,0.666885,0.567489,0.732322,0.801615,0.662515,0.847482,0.579314,0.820566,0.777657,0.732422,0.694857,0.546803,0.764438,0.835323,0.773632,0.787423,0.586475,0.546831,0.700091,0.854300,0.702015,0.762740,0.722179,0.756354,0.856206,0.729030,0.822316,0.558702,0.770925,0.828463,0.641162,0.597459,0.843741,0.701092,0.722574,0.826812,0.737843,0.681284,0.691354,0.712469,0.761720,0.783070,0.848730,0.842627,0.831346,0.724370,0.742320,0.832106,0.643374,0.679331,0.790404,0.810302,0.608396,0.685651,0.817334,0.735538,0.799626,0.697168,0.613540,0.523720,0.721255,0.669708,0.727188,0.810583,0.684183,0.811506,0.775691,0.721020,0.767637,0.544366,0.769774,0.846270,0.779903,0.798312,0.849390,0.776591,0.835978,0.618971,0.491528,0.783268,0.663288,0.626473,0.741182,0.862539,0.828484,0.731715,0.649584,0.789148,0.709193,0.779012,0.902035,0.705597,0.762668,0.581638,0.667184,0.646338,0.753846,0.608632,0.729046,0.782369,0.636389,0.875948,0.733285,0.686277,0.783324,0.866124,0.437159,0.718712,0.766743,0.597081,0.679494,0.834100,0.799116,0.668019,0.715547,0.807584,0.804374,0.825648,0.731060,0.435146,0.753488,0.654739,0.666075,0.679382,0.843742,0.486118,0.587546,0.704580,0.783931,0.745452,0.589695,0.626467,0.819899,0.745698,0.727922,0.847110,0.870694,0.833365,0.648237,0.803557,0.756922,0.687942,0.765749,0.722125,0.771993,0.853125,0.839567,0.830644,0.671560,0.759376,0.788895,0.668196,0.738035,0.865906,0.860174,0.755289,0.814459,0.613669,0.873560,0.868086,0.831306,0.792650,0.830737,0.734287,0.786198,0.776495,0.698794,0.649002,0.804767,0.665008,0.759910,0.787058,0.779214,0.743228,0.811103,0.699421,0.878220,0.678165,0.693389,0.898544,0.760142,0.610430,0.691588,0.878710,0.856125,0.623401,0.855486,0.747668,0.946002,0.726793,0.923280,0.628790,0.828319,0.793214,0.720908,0.719975,0.844243,0.687712,0.824861,0.929024,0.810269,0.665060,0.772522,0.892859,0.858482,0.837807,0.846947,0.719720,0.748446,0.801692,0.717407,0.663666,0.810335,0.665829,0.920361,0.770861,0.786756,0.693339,0.637043,0.750180,0.824476,0.839004,0.822016,0.714134,0.770806,0.824581,0.594665,0.765193,0.816050,0.800038,0.630374,0.794925,0.698824,0.776856,0.740521,0.584513,0.813752,0.768093,0.790233,0.833018,0.731147,0.825277,0.584385,0.499085,0.782688,0.536997,0.582710,0.730646,0.776671,0.658125,0.736028,0.647962,0.705849,0.647848,0.824983,0.588891,0.691434,0.750399,0.820778,0.727693,0.877871,0.806991,0.526116,0.734407,0.694020,0.685392,0.662330,0.783240,0.610451,0.803677,0.762268,0.634836,0.694224,0.735356,0.767475,0.723063,0.548425,0.845329,0.783141,0.838668,0.782114,0.751144,0.810120,0.825028,0.745686,0.680448,0.773617,0.715309,0.664590,0.771032,0.646598,0.659417,0.640759,0.869047,0.885158,0.599672,0.878825,0.795456,0.802896,0.894530,0.735876,0.845844,0.697888,0.630936,0.724972,0.798720,0.610296,0.920268,0.795052,0.775880,0.877683,0.807923,0.785982,0.682651,0.799217,0.743356,0.783402,0.787766,0.778814,0.680716,0.785817,0.676290,0.714248,0.791912,0.771765,0.822834,0.604129,0.700570,0.789555,0.496707,0.650486,0.673201,0.694818,0.703962,0.865980,0.769824,0.714597,0.743592,0.677435,0.649131,0.601466,0.497519,0.699623,0.789982,0.584743,0.902432,0.782744,0.700855,0.686963,0.877482,0.612753,0.722830,0.749014,0.635440,0.674600,0.850459,0.705546,0.769117,0.656729,0.749563,0.692621,0.815036,0.576377,0.816783,0.716003,0.778473,0.840731,0.834193,0.851711,0.834787,0.708100,0.830853,0.615808,0.720943,0.603361,0.797122,0.821722,0.782778,0.697823,0.729892,0.521661,0.730167,0.860726,0.756480,0.577775,0.000000,0.669765,0.651020,0.786390,0.675495,0.807415,0.724850,0.770260,0.680929,0.780057,0.868433,0.474963,0.724555,0.809288,0.692733,0.798099,0.761794,0.761712,0.796208,0.723400,0.804520,0.953027,0.818392,0.893438,0.715317,0.845864,0.563530,0.795271,0.790660,0.652270,0.611357,0.857819,0.670552,0.909054,0.754122,0.673638,0.759753
0.600793,0.540506,0.596747,0.682826,0.547750,0.619424,0.621177,0.663833,0.670577,0.532961,0.651847,0.574322,0.559165,0.661869,0.536921,0.566888,0.643913,0.598179,0.649685,0.705553,0.535967,0.644270,0.602002,0.618196,0.591643,0.651202,0.593625,0.648220,0.711051,0.659300,0.679683,0.647941,0.736754,0.692051,0.642639,0.592904,0.619862,0.534713,0.634539,0.601866,0.639833,0.711983,0.688315,0.720105,0.726737,0.707459,0.595327,0.627005,0.659037,0.614488,0.689357,0.645304,0.645899,0.761044,0.638006,0.704482,0.684915,0.616442,0.709827,0.744851,0.668231,0.670162,0.752576,0.663876,0.670528,0.578962,0.624031,0.720297,0.534745,0.650637,0.727040,0.628672,0.564315,0.625400,0.658047,0.582829,0.677330,0.643411,0.669134,0.672288,0.731262,0.621242,0.713178,0.683865,0.662866,0.578624,0.683448,0.696123,0.698821,0.683566,0.540077,0.584941,0.547823,0.591175,0.769898,0.606028,0.702106,0.663449,0.699614,0.581732,0.572728,0.662431,0.575840,0.690141,0.722116,0.568285,0.713629,0.580382,0.676411,0.671661,0.646021,0.723196,0.662611,0.579189,0.652604,0.737787,0.751158,0.683359,0.648879,0.525149,0.707686,0.727527,0.689223,0.764520,0.632668,0.618179,0.698569,0.609227,0.657344,0.603950,0.695088,0.683479,0.584421,0.594339,0.680287,0.652050,0.585253,0.508945,0.490974,0.629588,0.657348,0.745254,0.711194,0.562189,0.744326,0.732880,0.673854,0.646254,0.694855,0.743601,0.718575,0.701530,0.692723,0.675520,0.634370,0.666916,0.572157,0.698887,0.666382,0.619260,0.704412,0.760636,0.639973,0.759251,0.726872,0.650027,0.681767,0.814060,0.613883,0.696350,0.667802,0.635525,0.766632,0.663743,0.670849,0.747349,0.721003,0.771438,0.634224,0.220103,0.757823,0.746754,0.649308,0.639505,0.684230,0.636378,0.633794,0.711319,0.662175,0.701672,0.661138,0.689721,0.726774,0.736626,0.666484,0.705342,0.635358,0.628013,0.650416,0.770371,0.714176,0.680330,0.718940,0.697817,0.598349,0.740298,0.663709,0.640403,0.637563,0.718683,0.747253,0.763869,0.685686,0.700193,0.740201,0.728866,0.784666,0.700896,0.713147,0.738939,0.720439,0.740964,0.660172,0.643290,0.756677,0.671416,0.762513,0.717706,0.704004,0.637833,0.697810,0.613452,0.579181,0.697360,0.658067,0.677667,0.643807,0.749460,0.700758,0.707971,0.715233,0.742650,0.788568,0.541332,0.624037,0.695527,0.668795,0.640121,0.710194,0.615042,0.653338,0.687287,0.737035,0.732545,0.688552,0.695147,0.717109,0.677113,0.744346,0.770497,0.761680,0.594578,0.724042,0.589218,0.704000,0.661138,0.729431,0.724067,0.665082,0.573355,0.606252,0.569493,0.745510,0.758958,0.716361,0.746899,0.743820,0.611392,0.724754,0.710592,0.697655,0.746786,0.813207,0.764657,0.735156,0.683710,0.758855,0.582733,0.695145,0.721529,0.604501,0.815692,0.617255,0.690167,0.635480,0.525369,0.620421,0.763642,0.695626,0.712050,0.638910,0.691964,0.567754,0.507410,0.759066,0.708391,0.645800,0.716156,0.691536,0.751720,0.717168,0.558846,0.670719,0.684173,0.680047,0.745233,0.627363,0.684692,0.706975,0.557202,0.685707,0.679944,0.604182,0.652450,0.596112,0.777432,0.650825,0.614997,0.656713,0.701673,0.773532,0.745178,0.697039,0.763159,0.635735,0.650008,0.807268,0.529914,0.792792,0.806439,0.762613,0.727503,0.786436,0.548371,0.785617,0.658394,0.582036,0.715849,0.706271,0.764554,0.614297,0.804180,0.700177,0.682960,0.735248,0.671943,0.780562,0.640509,0.702159,0.764451,0.621281,0.641267,0.716809,0.581554,0.667634,0.701540,0.706253,0.738563,0.804748,0.714941,0.746949,0.686011,0.750398,0.713022,0.670244,0.732638,0.652996,0.698797,0.760053,0.713278,0.727014,0.524940,0.748100,0.506351,0.695853,0.717336,0.668323,0.785479,0.841300,0.710830,0.798419,0.649755,0.775516,0.625590,0.667208,0.615425,0.568616,0.767279,0.549722,0.668506,0.686441,0.600025,0.665348,0.579232,0.702868,0.783636,0.520305,0.661042,0.617873,0.704278,0.617895,0.748914,0.773798,0.708838,0.722263,0.673810,0.692346,0.740654,0.728100,0.749643,0.671714,0.715020,0.783682,0.683332,0.778248,0.622912,0.688421,0.726835,0.721751,0.778671,0.696647,0.860708,0.748029,0.580451,0.612606,0.769216,0.770553,0.721900,0.779856,0.554033,0.743786,0.728810,0.673946,0.656097,0.839477,0.811220,0.801482,0.819136,0.639666,0.767205,0.778719,0.775247,0.645462,0.541716,0.732952,0.654552,0.775635,0.821842,0.759165,0.723872,0.620416,0.760715,0.702395,0.691818,0.669765,0.000000,0.721232,0.716020,0.709581,0.623134,0.770083,0.773412,0.657680,0.698225,0.721801,0.746510,0.717117,0.678995,0.636972,0.766771,0.720556,0.802580,0.675639,0.621566,0.722145,0.847936,0.730948,0.784233,0.732440,0.733646,0.613951,0.740860,0.783897,0.666685,0.678708,0.645359,0.759162,0.786964,0.691330,0.636044,0.658531
0.600853,0.711284,0.686279,0.677772,0.714430,0.534866,0.544110,0.718525,0.609380,0.656335,0.535185,0.608380,0.629293,0.621598,0.716203,0.714062,0.762079,0.618407,0.783634,0.496640,0.593912,0.798392,0.680497,0.749518,0.680105,0.741516,0.781355,0.782261,0.810519,0.765430,0.745139,0.507085,0.850847,0.699543,0.790092,0.547260,0.640026,0.738344,0.645003,0.725352,0.789069,0.739753,0.815728,0.640928,0.602008,0.773504,0.665504,0.750109,0.769327,0.626765,0.679490,0.664555,0.765168,0.870494,0.749352,0.812667,0.770685,0.792389,0.719025,0.716566,0.774442,0.775051,0.855867,0.696321,0.717016,0.765919,0.710936,0.781696,0.743989,0.592080,0.580817,0.721132,0.674263,0.756771,0.723333,0.733441,0.749493,0.759354,0.797214,0.721872,0.591928,0.747171,0.772680,0.806963,0.799041,0.572882,0.781300,0.790381,0.783262,0.775856,0.612404,0.759349,0.726265,0.776499,0.778712,0.553238,0.728273,0.763908,0.790669,0.667309,0.677638,0.689129,0.722130,0.719872,0.661420,0.771559,0.867832,0.754125,0.846619,0.696082,0.747409,0.747083,0.701828,0.585484,0.775043,0.748259,0.844438,0.563206,0.747691,0.776254,0.799870,0.806241,0.774361,0.775866,0.697523,0.835877,0.783507,0.790013,0.742802,0.713901,0.775228,0.586632,0.638021,0.806300,0.701220,0.787620,0.767363,0.759509,0.579956,0.747210,0.605263,0.787330,0.851002,0.649323,0.780734,0.829215,0.742656,0.648762,0.577407,0.760245,0.773976,0.725918,0.816556,0.761849,0.758064,0.724446,0.772652,0.684954,0.755503,0.734611,0.481879,0.812805,0.807694,0.789112,0.735509,0.835169,0.780479,0.715748,0.835016,0.856543,0.703417,0.750247,0.866809,0.648316,0.747618,0.792876,0.763864,0.735319,0.739962,0.779597,0.780448,0.611360,0.727340,0.691906,0.776765,0.749787,0.821015,0.626159,0.768158,0.651466,0.815852,0.854529,0.771434,0.631310,0.803391,0.817498,0.816348,0.779323,0.612131,0.716120,0.848725,0.838437,0.688639,0.784069,0.685999,0.707754,0.432524,0.831555,0.803512,0.794138,0.832778,0.818878,0.767946,0.648828,0.791890,0.842541,0.835361,0.799889,0.803768,0.897743,0.714924,0.756841,0.813606,0.814993,0.801953,0.774870,0.817108,0.868229,0.783195,0.662018,0.699320,0.728017,0.724598,0.747355,0.825715,0.808939,0.716117,0.848777,0.761872,0.799330,0.793273,0.834820,0.753466,0.811031,0.776301,0.752827,0.768829,0.794264,0.680115,0.832575,0.679467,0.668562,0.703358,0.733978,0.789238,0.763643,0.460522,0.720189,0.800508,0.757026,0.862396,0.777726,0.799215,0.778720,0.702394,0.773347,0.852492,0.826508,0.755570,0.729165,0.732557,0.789586,0.818972,0.396554,0.376335,0.817355,0.726015,0.789099,0.802687,0.792015,0.724750,0.646101,0.868316,0.796524,0.814541,0.811069,0.769535,0.803302,0.821544,0.743257,0.778390,0.718449,0.636632,0.701168,0.710360,0.781522,0.740071,0.392436,0.786883,0.768501,0.825636,0.712315,0.808198,0.768149,0.780079,0.711615,0.748598,0.797228,0.680557,0.385500,0.768475,0.730341,0.877729,0.692631,0.505192,0.837430,0.789061,0.850049,0.775909,0.793091,0.750514,0.561548,0.644128,0.761990,0.462625,0.844621,0.682119,0.841701,0.796608,0.786257,0.505654,0.802381,0.754024,0.770354,0.753468,0.728703,0.885467,0.799067,0.625577,0.845087,0.807570,0.785611,0.819828,0.704073,0.869778,0.594821,0.803371,0.911702,0.706640,0.588083,0.645345,0.861878,0.721745,0.698861,0.714234,0.402831,0.771525,0.822187,0.810916,0.723618,0.605783,0.826953,0.755609,0.782633,0.552622,0.807923,0.296009,0.859003,0.883595,0.702410,0.731467,0.866641,0.818482,0.802721,0.732204,0.783474,0.707725,0.781971,0.819360,0.856982,0.819911,0.769960,0.598817,0.707418,0.785506,0.601688,0.846786,0.744429,0.784225,0.840098,0.810253,0.758316,0.725514,0.873100,0.750126,0.744118,0.689825,0.702103,0.676491,0.826262,0.617008,0.654968,0.835622,0.795104,0.794701,0.752145,0.535072,0.833176,0.693466,0.611381,0.661763,0.758690,0.652085,0.825463,0.698704,0.715112,0.650614,0.789961,0.659063,0.197537,0.732372,0.684419,0.581943,0.617239,0.843994,0.815759,0.681299,0.616556,0.810477,0.801528,0.495457,0.778344,0.571814,0.451855,0.835743,0.863954,0.713480,0.573488,0.740786,0.583782,0.663755,0.638453,0.603335,0.691668,0.738580,0.789397,0.765396,0.687591,0.846401,0.726280,0.833470,0.682607,0.700041,0.759711,0.769085,0.809466,0.810015,0.846925,0.807689,0.640885,0.768285,0.772404,0.691387,0.297689,0.651020,0.721232,0.000000,0.760478,0.690666,0.750292,0.676152,0.892715,0.765328,0.815898,0.833531,0.634429,0.688775,0.737038,0.687934,0.787174,0.753799,0.893816,0.821772,0.775452,0.833768,0.670416,0.813585,0.791593,0.673409,0.696771,0.698620,0.721809,0.816434,0.765315,0.373896,0.863669,0.667792,0.863445,0.664505,0.762202,0.663487
0.600927,0.661774,0.572660,0.679415,0.571019,0.676160,0.584640,0.583893,0.573726,0.654975,0.577174,0.661715,0.725833,0.613029,0.703864,0.603063,0.625114,0.652834,0.590792,0.636898,0.576071,0.658836,0.564162,0.582328,0.400989,0.654907,0.660599,0.719263,0.604813,0.650211,0.700619,0.657222,0.833385,0.715044,0.672389,0.647219,0.628829,0.665820,0.624369,0.627343,0.681635,0.731327,0.790427,0.625321,0.661246,0.666664,0.594973,0.598209,0.648392,0.596957,0.663273,0.845513,0.789956,0.845922,0.679768,0.724514,0.643300,0.604798,0.633741,0.599690,0.785582,0.653278,0.837981,0.714308,0.606758,0.615985,0.665231,0.759771,0.696565,0.689134,0.680753,0.779750,0.585276,0.639645,0.771577,0.759034,0.638394,0.633257,0.647063,0.554360,0.648253,0.597251,0.689678,0.869545,0.602988,0.678975,0.700612,0.639637,0.764656,0.645852,0.642194,0.601558,0.687935,0.571220,0.772681,0.694952,0.788989,0.738680,0.729065,0.569011,0.642120,0.769802,0.620314,0.684908,0.809853,0.634326,0.802925,0.688579,0.644021,0.480097,0.842278,0.685861,0.635505,0.693997,0.652623,0.659924,0.892402,0.787885,0.613038,0.417919,0.630036,0.599437,0.675677,0.705541,0.666655,0.742473,0.672171,0.732873,0.731723,0.627147,0.602376,0.769684,0.542060,0.610780,0.634966,0.628928,0.793180,0.642796,0.806452,0.672890,0.651435,0.813562,0.631190,0.685628,0.592840,0.869330,0.605991,0.712369,0.868713,0.808147,0.654182,0.843336,0.632593,0.610561,0.505167,0.668260,0.601871,0.769679,0.738554,0.688398,0.759235,0.722171,0.653057,0.656710,0.571825,0.755417,0.641846,0.734864,0.625052,0.721965,0.649069,0.697756,0.897083,0.712718,0.688931,0.680554,0.807496,0.742275,0.688719,0.736186,0.644275,0.823476,0.715948,0.584422,0.650877,0.837651,0.793707,0.741018,0.742488,0.665855,0.691837,0.738488,0.782112,0.653389,0.722571,0.596244,0.605450,0.669278,0.789167,0.597220,0.868207,0.886557,0.715652,0.664210,0.813222,0.653262,0.800524,0.651556,0.688214,0.769861,0.866679,0.683329,0.819805,0.800190,0.701629,0.639494,0.636240,0.904668,0.639134,0.852086,0.826093,0.717687,0.795985,0.594639,0.648221,0.591831,0.637098,0.839339,0.742977,0.698274,0.665881,0.653548,0.664576,0.741517,0.693003,0.655314,0.584058,0.681584,0.698242,0.668859,0.654637,0.667526,0.637993,0.697083,0.531676,0.719354,0.741973,0.654558,0.661503,0.661135,0.604771,0.674510,0.742169,0.765710,0.759253,0.649857,0.730957,0.733522,0.706068,0.812462,0.861967,0.856353,0.704145,0.643995,0.837596,0.650753,0.696395,0.651091,0.734155,0.631488,0.633979,0.628115,0.739521,0.765100,0.793401,0.729092,0.608887,0.695459,0.689246,0.664275,0.794583,0.680324,0.783326,0.640413,0.673210,0.623271,0.710215,0.690508,0.653847,0.753913,0.736802,0.817146,0.866839,0.707758,0.738186,0.626825,0.630595,0.732842,0.664288,0.638465,0.611004,0.607971,0.685889,0.610402,0.574613,0.624010,0.747390,0.664037,0.689616,0.755444,0.668062,0.643650,0.618642,0.666570,0.762951,0.854023,0.721523,0.734999,0.599117,0.869103,0.654889,0.840328,0.706896,0.648198,0.827636,0.920021,0.737257,0.665388,0.813129,0.632718,0.705823,0.769341,0.802420,0.649361,0.673000,0.559765,0.876218,0.628928,0.775245,0.652964,0.682194,0.847087,0.668866,0.783207,0.888086,0.824123,0.613949,0.797796,0.663177,0.822715,0.808826,0.799667,0.463133,0.752509,0.809705,0.782855,0.757838,0.694332,0.660250,0.781385,0.757844,0.748987,0.739678,0.611726,0.749480,0.639560,0.727010,0.852734,0.846136,0.701551,0.707189,0.814625,0.655321,0.726739,0.884079,0.681337,0.732142,0.641285,0.679759,0.801679,0.648843,0.558855,0.651120,0.641206,0.603537,0.719623,0.705521,0.710873,0.785076,0.683716,0.719623,0.753932,0.853303,0.718762,0.581724,0.769696,0.584624,0.767134,0.690786,0.600865,0.727432,0.636338,0.625664,0.685882,0.615266,0.709264,0.766204,0.641023,0.721695,0.657269,0.853458,0.692347,0.700003,0.728184,0.712338,0.423255,0.512192,0.634987,0.776330,0.774451,0.757964,0.654651,0.796746,0.704672,0.665710,0.717503,0.700556,0.735837,0.674458,0.888472,0.741043,0.761630,0.863476,0.783690,0.596182,0.907353,0.802949,0.709030,0.810642,0.638197,0.726865,0.735401,0.721917,0.544584,0.855086,0.641609,0.703114,0.705044,0.746342,0.730038,0.755609,0.709820,0.611908,0.696637,0.716925,0.714589,0.701020,0.870644,0.724075,0.856923,0.731533,0.646338,0.741373,0.739936,0.786390,0.716020,0.760478,0.000000,0.864484,0.687780,0.712884,0.787561,0.755335,0.696524,0.650137,0.870569,0.705891,0.673997,0.647752,0.699885,0.605338,0.872822,0.722856,0.689705,0.688828,0.745794,0.686391,0.730084,0.762374,0.755745,0.776627,0.666064,0.730023,0.652883,0.791786,0.669196,0.758512,0.720621,0.688685,0.838488,0.685588
0.600975,0.657372,0.711036,0.688114,0.761825,0.636035,0.691207,0.766227,0.638413,0.693262,0.705977,0.729770,0.491056,0.737260,0.515220,0.665766,0.693290,0.681834,0.696331,0.614892,0.550048,0.796465,0.649443,0.730068,0.666454,0.780999,0.592088,0.667891,0.719089,0.609390,0.599620,0.653202,0.608874,0.571794,0.621872,0.614146,0.600427,0.736651,0.664428,0.726174,0.642770,0.645002,0.660307,0.648703,0.623329,0.572334,0.727151,0.667369,0.645622,0.719932,0.782324,0.609366,0.581029,0.670617,0.739970,0.513105,0.734820,0.749155,0.665061,0.557057,0.597314,0.747096,0.624003,0.681442,0.742235,0.630390,0.646281,0.591332,0.537432,0.614533,0.539529,0.603818,0.671395,0.763898,0.604116,0.554469,0.765981,0.668835,0.790418,0.709318,0.749070,0.809052,0.748222,0.661012,0.768521,0.665503,0.827754,0.754715,0.603848,0.664956,0.689681,0.802731,0.793656,0.666752,0.653404,0.647601,0.686175,0.583378,0.775677,0.634894,0.705547,0.526767,0.777313,0.797334,0.563735,0.796595,0.646941,0.783980,0.719150,0.690731,0.668271,0.692898,0.727161,0.734671,0.765959,0.745959,0.682589,0.630733,0.757030,0.720716,0.710754,0.778236,0.736090,0.621623,0.671566,0.737133,0.816384,0.513344,0.624317,0.711561,0.798849,0.691825,0.671609,0.707067,0.513430,0.753290,0.595343,0.643911,0.678458,0.635845,0.648668,0.604365,0.814356,0.561458,0.847646,0.613745,0.797924,0.559329,0.565270,0.534806,0.764092,0.586360,0.782935,0.726274,0.749372,0.751617,0.779760,0.587955,0.593631,0.678992,0.641010,0.756773,0.725566,0.738255,0.749002,0.501718,0.682704,0.466806,0.778676,0.721844,0.611544,0.695627,0.671114,0.733370,0.586194,0.728553,0.555493,0.707043,0.610926,0.668684,0.836668,0.463259,0.739429,0.735676,0.769945,0.664826,0.615611,0.665698,0.638163,0.681496,0.707492,0.803773,0.568541,0.635206,0.683128,0.717703,0.799624,0.662885,0.675885,0.728766,0.657462,0.643719,0.568459,0.754281,0.642625,0.711688,0.653282,0.676965,0.608728,0.712228,0.646421,0.603999,0.550252,0.657962,0.833425,0.784917,0.672487,0.642589,0.784335,0.694725,0.598051,0.609187,0.571109,0.762311,0.833762,0.678142,0.775559,0.675691,0.657492,0.692800,0.661038,0.585934,0.685476,0.767946,0.732984,0.744705,0.725580,0.774655,0.815056,0.807006,0.780901,0.667509,0.644681,0.640415,0.797132,0.601921,0.701623,0.723826,0.652152,0.811633,0.691586,0.608072,0.720291,0.791215,0.573590,0.754792,0.671057,0.679637,0.754755,0.621758,0.630399,0.547388,0.806851,0.777556,0.593255,0.742011,0.800561,0.880830,0.554437,0.790829,0.741867,0.752441,0.840806,0.714148,0.635178,0.820670,0.670935,0.617065,0.757367,0.794810,0.452710,0.769996,0.589069,0.749699,0.650546,0.855203,0.629113,0.811523,0.727500,0.624241,0.626913,0.788244,0.499488,0.774177,0.763612,0.764127,0.623390,0.584731,0.742387,0.731166,0.618693,0.632620,0.579872,0.755095,0.780940,0.545624,0.606872,0.656334,0.740002,0.648134,0.718453,0.750771,0.669204,0.707626,0.605879,0.685278,0.579933,0.805018,0.660797,0.577091,0.687500,0.420786,0.722716,0.715401,0.542029,0.677175,0.572839,0.824634,0.690316,0.564369,0.629943,0.627809,0.633580,0.836176,0.620803,0.804917,0.707715,0.777091,0.773290,0.808748,0.728008,0.699917,0.728314,0.636787,0.695618,0.624311,0.843760,0.665836,0.702057,0.782586,0.659988,0.694994,0.709642,0.716326,0.653986,0.675259,0.673654,0.772780,0.675117,0.649561,0.623804,0.704117,0.682976,0.808686,0.620150,0.746197,0.642287,0.658308,0.731201,0.527021,0.704175,0.772206,0.816846,0.795259,0.584849,0.720089,0.761233,0.760691,0.803734,0.653882,0.768364,0.750997,0.565707,0.765451,0.834885,0.662805,0.856997,0.486959,0.598643,0.788872,0.715145,0.754336,0.563250,0.812037,0.696365,0.518953,0.727635,0.699815,0.636391,0.685008,0.778614,0.739294,0.755391,0.674518,0.820196,0.717536,0.721401,0.713546,0.709089,0.656375,0.604067,0.673455,0.600641,0.826043,0.762459,0.673301,0.617301,0.777774,0.665657,0.676862,0.720529,0.636931,0.694072,0.618777,0.783604,0.677764,0.616047,0.479652,0.779124,0.631547,0.657884,0.543716,0.640579,0.700864,0.681581,0.679163,0.675382,0.786680,0.571676,0.561039,0.671856,0.582136,0.693359,0.611783,0.637609,0.692729,0.706500,0.739689,0.700907,0.687631,0.729703,0.767738,0.787694,0.740820,0.616616,0.597686,0.616262,0.731282,0.543078,0.514410,0.582822,0.727497,0.683474,0.716374,0.675495,0.709581,0.690666,0.864484,0.000000,0.709085,0.635497,0.718073,0.552093,0.679822,0.816678,0.704153,0.586086,0.772563,0.700326,0.597772,0.732102,0.649119,0.779752,0.507912,0.759574,0.769215,0.576458,0.759412,0.454105,0.628723,0.603211,0.722439,0.464412,0.829913,0.691273,0.678839,0.475760,0.692475,0.599450,0.581224,0.467940
0.601002,0.540073,0.460734,0.560070,0.409894,0.567314,0.614409,0.406894,0.643953,0.492988,0.644046,0.466584,0.531382,0.506706,0.488173,0.308623,0.392010,0.553242,0.400226,0.745644,0.442222,0.495532,0.510799,0.415868,0.476189,0.496840,0.468058,0.349747,0.373834,0.471174,0.688819,0.405586,0.649290,0.607220,0.401686,0.683791,0.525977,0.454663,0.703734,0.433890,0.296271,0.726150,0.626526,0.672417,0.764532,0.576029,0.436093,0.356657,0.374500,0.688404,0.570233,0.762730,0.647839,0.707040,0.445046,0.493781,0.387239,0.365582,0.573509,0.622271,0.600964,0.506056,0.638664,0.660892,0.476214,0.421876,0.301423,0.560438,0.607704,0.738199,0.769504,0.593306,0.653088,0.508643,0.654325,0.715506,0.571508,0.327720,0.475484,0.614068,0.709962,0.506338,0.467614,0.710924,0.358724,0.729648,0.515629,0.359772,0.714374,0.620019,0.672092,0.361982,0.431421,0.423133,0.726866,0.686089,0.734057,0.600206,0.573929,0.584847,0.381578,0.607109,0.371542,0.473626,0.603552,0.418098,0.670402,0.411666,0.366433,0.694217,0.808907,0.333528,0.595338,0.574548,0.395931,0.409588,0.783669,0.709930,0.553138,0.439583,0.477322,0.437395,0.278826,0.661486,0.428860,0.485504,0.463092,0.556197,0.560765,0.496067,0.362217,0.639162,0.580879,0.400074,0.613092,0.330374,0.531008,0.603422,0.624518,0.506976,0.716209,0.683437,0.410745,0.651426,0.514347,0.643990,0.494563,0.460124,0.773800,0.650515,0.346428,0.603296,0.310969,0.301627,0.429595,0.462705,0.606410,0.798874,0.449515,0.625200,0.693136,0.545831,0.537436,0.313423,0.626776,0.619603,0.372027,0.761457,0.351698,0.553021,0.591827,0.380141,0.691560,0.596912,0.606940,0.620191,0.802318,0.528629,0.458035,0.692540,0.571446,0.638807,0.621132,0.556250,0.352911,0.759880,0.582118,0.578481,0.763565,0.747215,0.419596,0.449036,0.707645,0.798273,0.516943,0.385554,0.346144,0.431653,0.786395,0.623551,0.667693,0.677412,0.683313,0.293875,0.775933,0.678691,0.637409,0.487421,0.487431,0.737699,0.682950,0.535480,0.571410,0.563663,0.760961,0.374945,0.487832,0.822940,0.587608,0.670549,0.658281,0.556042,0.619750,0.444034,0.501667,0.430130,0.379175,0.790743,0.479406,0.610004,0.785228,0.619504,0.286237,0.480454,0.536479,0.509818,0.720803,0.648485,0.735423,0.501307,0.305764,0.463023,0.763330,0.556065,0.394108,0.652166,0.684051,0.321810,0.690980,0.514106,0.417208,0.494392,0.649310,0.592511,0.715513,0.353371,0.681827,0.550026,0.438959,0.623397,0.782227,0.729977,0.515243,0.473680,0.751462,0.386975,0.455722,0.528588,0.583205,0.433200,0.643696,0.397168,0.475852,0.653465,0.635345,0.515619,0.722086,0.413485,0.449337,0.390202,0.721433,0.609293,0.574418,0.356644,0.516755,0.493302,0.696683,0.499034,0.393425,0.702440,0.645374,0.721067,0.716244,0.572919,0.615430,0.326803,0.630942,0.648593,0.466883,0.364002,0.382402,0.580802,0.566627,0.458429,0.638298,0.694589,0.557010,0.540641,0.438091,0.681991,0.358872,0.632076,0.362913,0.616930,0.667521,0.636215,0.525563,0.465126,0.360199,0.664917,0.535348,0.769572,0.688691,0.556938,0.708704,0.824416,0.479058,0.416545,0.771443,0.528764,0.655968,0.652520,0.703051,0.391408,0.626743,0.612100,0.742779,0.461812,0.742506,0.480296,0.424442,0.815878,0.648010,0.621982,0.741772,0.772566,0.471266,0.716184,0.415922,0.783778,0.771441,0.772323,0.716836,0.651667,0.565638,0.670776,0.777401,0.541945,0.639763,0.765733,0.690611,0.174735,0.586837,0.631970,0.777378,0.310499,0.656969,0.624105,0.753180,0.696424,0.574037,0.772889,0.535367,0.302040,0.775772,0.561146,0.689085,0.376624,0.513992,0.717973,0.325220,0.480321,0.681448,0.513119,0.630958,0.623058,0.492212,0.618996,0.739611,0.365466,0.648768,0.580288,0.839830,0.420487,0.600884,0.501945,0.364421,0.649457,0.561275,0.382439,0.809480,0.650588,0.469893,0.523851,0.395627,0.764616,0.634607,0.372784,0.764705,0.709934,0.573863,0.817166,0.747695,0.455196,0.710597,0.702989,0.572489,0.558445,0.678549,0.746476,0.757211,0.647454,0.784321,0.665005,0.435113,0.314315,0.736257,0.556704,0.370614,0.759921,0.667209,0.600415,0.726055,0.656225,0.511545,0.685908,0.764036,0.639790,0.690289,0.758946,0.465328,0.800456,0.588487,0.626198,0.730551,0.676320,0.604531,0.604498,0.105530,0.731382,0.522092,0.825437,0.655242,0.605081,0.637366,0.559820,0.520291,0.816048,0.719557,0.788120,0.691905,0.416892,0.417651,0.644925,0.807415,0.623134,0.750292,0.687780,0.709085,0.000000,0.574314,0.789573,0.689835,0.615015,0.534492,0.807418,0.642253,0.562385,0.617159,0.512909,0.754563,0.775488,0.631737,0.586962,0.529839,0.501150,0.516390,0.519513,0.640978,0.523621,0.742174,0.564981,0.604941,0.614237,0.669381,0.452188,0.738756,0.488090,0.531118,0.648036,0.471503
0.601051,0.620261,0.564449,0.622504,0.572506,0.656319,0.679329,0.590493,0.677795,0.650460,0.698565,0.691767,0.637198,0.624226,0.629909,0.589800,0.520208,0.697757,0.514441,0.692748,0.619802,0.564699,0.589902,0.587320,0.576581,0.697418,0.580439,0.493989,0.545167,0.449241,0.705213,0.542934,0.628220,0.653770,0.459096,0.686619,0.578093,0.613038,0.692013,0.587714,0.506638,0.691665,0.706676,0.612401,0.750758,0.591534,0.587720,0.553345,0.520400,0.712780,0.604229,0.703025,0.640240,0.661268,0.618138,0.592399,0.528838,0.593676,0.660996,0.623467,0.565663,0.655886,0.631378,0.744759,0.643867,0.470932,0.554502,0.522259,0.723818,0.670643,0.659782,0.609587,0.750918,0.693124,0.691148,0.735299,0.620732,0.568206,0.588264,0.714840,0.798664,0.685377,0.562315,0.628468,0.538379,0.764472,0.719512,0.552974,0.706731,0.670613,0.672064,0.551115,0.646478,0.481810,0.695911,0.734829,0.795221,0.624739,0.651704,0.610109,0.582176,0.719721,0.542070,0.558143,0.640910,0.640718,0.578356,0.603516,0.488169,0.698713,0.739427,0.534623,0.731443,0.629396,0.525383,0.598507,0.702203,0.829987,0.697915,0.553237,0.646839,0.632514,0.485268,0.711794,0.584253,0.519289,0.617734,0.507086,0.663105,0.645181,0.512676,0.763060,0.723902,0.585457,0.654073,0.534427,0.658928,0.782260,0.796546,0.553746,0.709933,0.577212,0.589347,0.750852,0.625322,0.569184,0.643060,0.656517,0.816048,0.718227,0.522599,0.644133,0.565499,0.525063,0.606861,0.659847,0.652747,0.802033,0.617618,0.737273,0.872814,0.628150,0.574867,0.521418,0.669404,0.533062,0.524101,0.723402,0.569748,0.623701,0.652697,0.496043,0.663103,0.790617,0.594303,0.670005,0.744973,0.590823,0.500144,0.729025,0.712827,0.720325,0.781581,0.537906,0.527139,0.701069,0.609553,0.722552,0.781309,0.723547,0.551420,0.560777,0.700824,0.758568,0.687265,0.506276,0.595690,0.472457,0.794940,0.538132,0.608200,0.652457,0.724260,0.485678,0.804813,0.655432,0.821406,0.571741,0.631616,0.658681,0.683898,0.553621,0.607787,0.611318,0.806858,0.528924,0.554331,0.825399,0.611985,0.594854,0.720029,0.608253,0.626121,0.553038,0.596487,0.601417,0.570830,0.690524,0.570308,0.751135,0.743783,0.711084,0.560654,0.615828,0.648231,0.588390,0.708058,0.697265,0.792956,0.562529,0.524176,0.505851,0.781537,0.713703,0.594685,0.660509,0.647461,0.523611,0.745373,0.642051,0.592212,0.607303,0.731732,0.680295,0.661979,0.567625,0.821693,0.754736,0.613828,0.762241,0.687166,0.733618,0.571469,0.677862,0.724277,0.595776,0.579318,0.646771,0.687591,0.662001,0.672712,0.601512,0.626373,0.698882,0.761985,0.594922,0.692139,0.585404,0.551967,0.529078,0.755621,0.659567,0.667523,0.551550,0.666920,0.612029,0.697741,0.569734,0.612378,0.666439,0.706254,0.818815,0.739614,0.735885,0.687948,0.570136,0.624181,0.773314,0.567659,0.603614,0.593644,0.633807,0.631353,0.621565,0.615220,0.667605,0.755002,0.665710,0.513736,0.698354,0.479117,0.674994,0.588448,0.673894,0.775471,0.579582,0.708155,0.528591,0.507352,0.692960,0.559328,0.816203,0.748847,0.583883,0.833711,0.711112,0.657517,0.592627,0.783266,0.619751,0.722363,0.622995,0.644057,0.554966,0.695055,0.641054,0.687798,0.622451,0.821874,0.620703,0.602061,0.759608,0.624559,0.711200,0.688431,0.771041,0.654914,0.631703,0.465887,0.936434,0.799188,0.655480,0.695034,0.738693,0.497718,0.778075,0.861759,0.630401,0.673770,0.905564,0.823164,0.648829,0.648598,0.694971,0.819462,0.561597,0.699013,0.689059,0.696661,0.635354,0.643995,0.624531,0.556521,0.572320,0.845523,0.686325,0.701353,0.454394,0.592852,0.594731,0.511507,0.703465,0.764319,0.661685,0.631152,0.616926,0.631127,0.701862,0.740348,0.549409,0.766059,0.693817,0.714558,0.514342,0.666710,0.631310,0.586876,0.740711,0.719839,0.557760,0.735821,0.738569,0.521584,0.609457,0.549020,0.772337,0.848835,0.480025,0.756629,0.767267,0.724159,0.840747,0.727698,0.574489,0.733354,0.689533,0.607356,0.578490,0.738765,0.802777,0.804663,0.631589,0.821726,0.732453,0.605139,0.581748,0.812408,0.689104,0.520956,0.593535,0.697839,0.562625,0.768420,0.649858,0.628274,0.657723,0.838389,0.716877,0.599777,0.791807,0.590721,0.724958,0.742573,0.643784,0.663523,0.648230,0.714497,0.545439,0.633802,0.667116,0.622730,0.773968,0.734590,0.703719,0.615728,0.685006,0.455930,0.778150,0.730306,0.859661,0.765346,0.577285,0.720534,0.722757,0.724850,0.770083,0.676152,0.712884,0.635497,0.574314,0.000000,0.677112,0.758231,0.715309,0.642831,0.818348,0.749928,0.683999,0.758482,0.689387,0.743145,0.709722,0.694302,0.623059,0.620895,0.599983,0.525433,0.552851,0.644722,0.665896,0.777259,0.719848,0.621806,0.719339,0.714240,0.605884,0.701842,0.614969,0.562179,0.753249,0.592616
0.601130,0.645227,0.729777,0.719877,0.776470,0.800619,0.815659,0.748649,0.826564,0.830297,0.803031,0.879417,0.552729,0.758653,0.549405,0.697151,0.673849,0.712992,0.675828,0.777611,0.769464,0.577431,0.755346,0.732983,0.703042,0.829309,0.677398,0.527721,0.721237,0.535097,0.540624,0.754670,0.389044,0.528082,0.542305,0.806853,0.759985,0.703159,0.790645,0.716660,0.727289,0.593353,0.613732,0.773938,0.834792,0.789352,0.740457,0.814733,0.643511,0.823286,0.748229,0.583361,0.542632,0.363328,0.803773,0.719354,0.712588,0.757039,0.769496,0.753712,0.464773,0.856099,0.444052,0.688217,0.708836,0.633570,0.726335,0.425741,0.665176,0.612460,0.700482,0.543042,0.789879,0.780120,0.604950,0.684920,0.735299,0.656275,0.749027,0.853887,0.822178,0.779651,0.639125,0.363495,0.717434,0.799556,0.774190,0.766072,0.681448,0.772006,0.746570,0.740977,0.786745,0.673886,0.621104,0.805266,0.645000,0.523799,0.724032,0.773067,0.694479,0.749829,0.756829,0.769300,0.572798,0.822803,0.425672,0.776167,0.643947,0.826298,0.433423,0.728552,0.843495,0.852041,0.660548,0.775158,0.419332,0.841302,0.754025,0.689173,0.768567,0.692868,0.736078,0.745769,0.697411,0.610151,0.730416,0.568085,0.683880,0.803810,0.716812,0.856620,0.817727,0.720682,0.786366,0.759399,0.636617,0.750165,0.672644,0.600107,0.787406,0.347511,0.702512,0.773277,0.779486,0.485414,0.638238,0.765388,0.749329,0.767464,0.723353,0.581903,0.754835,0.739387,0.694393,0.782996,0.766767,0.781959,0.709919,0.806980,0.874634,0.743534,0.715537,0.704662,0.857512,0.533359,0.750190,0.784930,0.771537,0.616328,0.811385,0.681487,0.440893,0.756893,0.520061,0.676785,0.557486,0.827558,0.650268,0.687627,0.728738,0.778041,0.772018,0.720120,0.758922,0.574958,0.528618,0.830165,0.712630,0.779095,0.708872,0.689960,0.619279,0.725263,0.717625,0.710686,0.740694,0.608045,0.843469,0.664783,0.394278,0.398790,0.698216,0.714679,0.562573,0.779393,0.864355,0.686422,0.725436,0.712308,0.447617,0.635519,0.526031,0.699393,0.783009,0.719637,0.717409,0.486397,0.742702,0.441458,0.671770,0.767870,0.542681,0.760492,0.779015,0.698605,0.698848,0.435265,0.695499,0.827209,0.653575,0.734482,0.762866,0.801903,0.823457,0.760716,0.774202,0.798835,0.824155,0.713407,0.732557,0.710159,0.714365,0.710229,0.694930,0.639985,0.610504,0.702821,0.729637,0.756194,0.774134,0.766132,0.790962,0.789703,0.561352,0.705973,0.832418,0.767532,0.807459,0.851078,0.403906,0.645968,0.723239,0.821666,0.634020,0.791500,0.648698,0.780942,0.766781,0.847080,0.726298,0.807415,0.801636,0.848396,0.820464,0.711355,0.640785,0.724683,0.739235,0.744881,0.729699,0.798600,0.805645,0.708227,0.754890,0.776404,0.640483,0.760959,0.723033,0.558158,0.604889,0.838529,0.695693,0.804071,0.823748,0.738349,0.679567,0.881146,0.772729,0.780173,0.757567,0.722121,0.632089,0.838938,0.776317,0.697112,0.717047,0.669238,0.816727,0.844984,0.737149,0.744121,0.681519,0.726403,0.846450,0.535918,0.708877,0.689083,0.729292,0.571940,0.767283,0.824239,0.811737,0.686540,0.825297,0.502154,0.714218,0.724574,0.612749,0.610976,0.830540,0.589725,0.564264,0.713563,0.694974,0.805017,0.371537,0.780867,0.832586,0.780809,0.749665,0.478190,0.782692,0.741578,0.448557,0.797887,0.788986,0.427461,0.724833,0.826557,0.832374,0.458184,0.804033,0.793527,0.641348,0.894202,0.810594,0.668706,0.784182,0.805492,0.822484,0.730191,0.768942,0.821079,0.781847,0.775945,0.871018,0.444146,0.461750,0.614387,0.713363,0.564093,0.727163,0.789184,0.580573,0.768434,0.717084,0.768599,0.769888,0.121413,0.731992,0.759979,0.695343,0.833232,0.777077,0.822722,0.743464,0.733009,0.761327,0.725448,0.772319,0.746988,0.505437,0.697453,0.797688,0.679433,0.800124,0.807103,0.769368,0.759485,0.828386,0.790931,0.701754,0.736043,0.761664,0.732082,0.931826,0.717509,0.810487,0.819026,0.678282,0.783561,0.746360,0.734496,0.781682,0.720816,0.738490,0.765879,0.777970,0.908820,0.734337,0.734337,0.841637,0.781909,0.744683,0.720291,0.758760,0.766499,0.785957,0.537130,0.851777,0.532869,0.744567,0.861885,0.697647,0.451503,0.780132,0.893805,0.478533,0.747344,0.804209,0.781316,0.827547,0.720479,0.708898,0.802866,0.876944,0.760733,0.750109,0.729000,0.766260,0.794380,0.794409,0.665158,0.752974,0.749940,0.621521,0.411788,0.787403,0.766551,0.822357,0.722480,0.841347,0.881192,0.770260,0.773412,0.892715,0.787561,0.718073,0.789573,0.677112,0.000000,0.667618,0.767884,0.787860,0.753628,0.743590,0.740490,0.857561,0.778988,0.681483,0.432574,0.622674,0.693018,0.703442,0.754494,0.701664,0.805945,0.758264,0.867108,0.795686,0.832084,0.785024,0.847998,0.876494,0.625514,0.727979,0.758800,0.751983,0.651546,0.732434
0.601133,0.593227,0.766751,0.732120,0.741442,0.757839,0.720346,0.738629,0.712137,0.699087,0.718206,0.688034,0.403585,0.748627,0.411408,0.645945,0.702244,0.660254,0.679222,0.620280,0.615969,0.756123,0.700355,0.754183,0.710648,0.761161,0.542718,0.664047,0.683276,0.577893,0.585213,0.625703,0.616532,0.528916,0.592799,0.701577,0.667293,0.753773,0.774446,0.813526,0.639570,0.698543,0.663804,0.670397,0.795681,0.582314,0.736708,0.715822,0.598827,0.769191,0.776093,0.661626,0.487162,0.635401,0.703509,0.528717,0.699244,0.710717,0.704948,0.693526,0.496608,0.720451,0.637457,0.661443,0.766869,0.646801,0.729316,0.583999,0.532671,0.655025,0.642836,0.485305,0.776632,0.761979,0.418411,0.531568,0.768150,0.639496,0.738008,0.812932,0.794178,0.831193,0.697305,0.619575,0.729000,0.729486,0.809927,0.700566,0.479002,0.752054,0.634125,0.723124,0.765689,0.661686,0.574267,0.676063,0.529732,0.449164,0.715497,0.727555,0.623351,0.497867,0.751566,0.771672,0.493881,0.697159,0.608914,0.688350,0.619660,0.764387,0.648744,0.672483,0.825128,0.795937,0.675811,0.733236,0.708242,0.706881,0.804248,0.701932,0.715200,0.752904,0.717693,0.636938,0.644281,0.697753,0.799337,0.582885,0.556063,0.711408,0.753043,0.800887,0.725043,0.659851,0.735343,0.694970,0.452498,0.643387,0.621861,0.579413,0.670101,0.561149,0.784698,0.620648,0.809971,0.600387,0.684979,0.454428,0.674915,0.501893,0.729151,0.503998,0.730114,0.711384,0.626176,0.702870,0.777192,0.764371,0.494817,0.609237,0.733960,0.856948,0.681251,0.748833,0.791970,0.534587,0.668492,0.726586,0.744485,0.670992,0.681610,0.594955,0.620276,0.767627,0.403403,0.820241,0.602968,0.774840,0.736855,0.636639,0.752016,0.494036,0.685022,0.681068,0.783779,0.656183,0.475292,0.741209,0.669558,0.756669,0.711742,0.818394,0.408056,0.689545,0.663157,0.769608,0.751008,0.608405,0.740061,0.779200,0.615896,0.626760,0.732208,0.743163,0.493188,0.823298,0.730097,0.610787,0.535457,0.683066,0.668149,0.617903,0.508830,0.633488,0.802285,0.776527,0.604432,0.664767,0.801531,0.639505,0.268054,0.700114,0.450915,0.757884,0.761826,0.691520,0.792656,0.540247,0.672847,0.727094,0.646989,0.623281,0.705827,0.726105,0.781053,0.723421,0.709361,0.779313,0.762059,0.767417,0.748715,0.658433,0.821199,0.619297,0.698782,0.335905,0.712310,0.706980,0.814967,0.746271,0.672750,0.500077,0.605286,0.768930,0.384009,0.751998,0.724653,0.668691,0.785755,0.718463,0.574767,0.393602,0.755435,0.735779,0.633045,0.754442,0.772122,0.802933,0.353031,0.772539,0.792882,0.693405,0.826292,0.801361,0.715220,0.756833,0.712809,0.510858,0.764414,0.774514,0.574808,0.758976,0.583395,0.766894,0.668567,0.787148,0.346210,0.796821,0.707517,0.358687,0.567129,0.847512,0.419618,0.763141,0.742420,0.708985,0.426825,0.743273,0.714735,0.737079,0.659017,0.614022,0.463922,0.815808,0.820789,0.446179,0.574752,0.751901,0.798122,0.781021,0.743028,0.729768,0.629664,0.745587,0.728463,0.659875,0.584527,0.811116,0.613819,0.411340,0.780308,0.646526,0.769965,0.739533,0.699414,0.687088,0.487364,0.739637,0.578492,0.388641,0.741986,0.575663,0.515633,0.837955,0.555614,0.778830,0.653268,0.719087,0.857648,0.813265,0.717504,0.667246,0.848104,0.546141,0.709932,0.635759,0.839811,0.607265,0.763963,0.744515,0.748679,0.641718,0.662778,0.671924,0.645724,0.741073,0.687366,0.809785,0.711627,0.699482,0.765878,0.633402,0.748660,0.827777,0.739160,0.745118,0.693920,0.513146,0.695657,0.449307,0.726049,0.746432,0.828513,0.705383,0.666969,0.787475,0.640889,0.768745,0.780639,0.627352,0.776473,0.747885,0.621855,0.808451,0.797710,0.808070,0.808342,0.546390,0.766537,0.706562,0.765164,0.607525,0.596512,0.806230,0.759456,0.437299,0.779996,0.684702,0.664310,0.717862,0.819236,0.674119,0.771230,0.492842,0.822721,0.796549,0.804117,0.704627,0.865668,0.683691,0.395072,0.809047,0.595298,0.757878,0.865525,0.650161,0.537032,0.859762,0.626996,0.739327,0.778397,0.637778,0.795067,0.693200,0.789758,0.602039,0.682599,0.733884,0.657056,0.622686,0.734557,0.566974,0.692758,0.845446,0.634662,0.658896,0.730166,0.846598,0.573861,0.531474,0.628869,0.779686,0.713758,0.623813,0.621666,0.670593,0.742746,0.799050,0.666491,0.628862,0.819816,0.841008,0.707717,0.631471,0.450343,0.571096,0.761463,0.645363,0.414980,0.779200,0.667324,0.705448,0.687961,0.716286,0.680929,0.657680,0.765328,0.755335,0.552093,0.689835,0.758231,0.667618,0.000000,0.552360,0.806439,0.724237,0.630147,0.620710,0.793398,0.518357,0.613632,0.696162,0.721957,0.553644,0.716059,0.796978,0.655157,0.796002,0.485312,0.700378,0.750735,0.741107,0.496083,0.854239,0.762539,0.593555,0.549816,0.755386,0.753473,0.112903,0.534239
0.601338,0.571441,0.613105,0.625738,0.644232,0.634264,0.618190,0.569440,0.629759,0.563200,0.655355,0.614522,0.537765,0.571126,0.542703,0.515125,0.614578,0.719742,0.620661,0.604915,0.581314,0.719974,0.611709,0.552731,0.571505,0.679278,0.550153,0.588462,0.578266,0.587243,0.744115,0.628356,0.749516,0.670666,0.593555,0.611937,0.618550,0.550729,0.675647,0.669407,0.536369,0.793693,0.747954,0.717068,0.689533,0.669146,0.621947,0.603880,0.555646,0.596650,0.702277,0.813307,0.613281,0.795770,0.657896,0.623413,0.635793,0.571528,0.658008,0.656612,0.652461,0.684636,0.708195,0.654260,0.691373,0.608038,0.601611,0.645250,0.568341,0.694542,0.657229,0.631539,0.677487,0.635280,0.588217,0.706346,0.641806,0.556222,0.617759,0.618710,0.792723,0.714378,0.611252,0.816286,0.665739,0.659883,0.700881,0.613383,0.622056,0.639092,0.651866,0.604003,0.644985,0.619450,0.701125,0.692186,0.621262,0.595120,0.617065,0.642247,0.638641,0.593074,0.601024,0.679125,0.707753,0.664324,0.754839,0.657392,0.599509,0.646716,0.819537,0.610719,0.591235,0.645658,0.581162,0.625373,0.862437,0.662132,0.669045,0.589026,0.540085,0.697520,0.597749,0.649267,0.643996,0.638016,0.726396,0.645034,0.622995,0.620776,0.638729,0.731695,0.624395,0.519385,0.664677,0.623986,0.638488,0.589825,0.797836,0.617505,0.660350,0.740382,0.644843,0.648512,0.658678,0.750656,0.776140,0.614436,0.753048,0.609619,0.639220,0.698917,0.584768,0.567305,0.520412,0.618629,0.644151,0.786155,0.625057,0.595633,0.763403,0.709838,0.669967,0.601249,0.543215,0.642641,0.659714,0.692411,0.581216,0.676487,0.656971,0.559001,0.806592,0.601790,0.480992,0.668638,0.749256,0.665944,0.667010,0.654100,0.770148,0.642309,0.714541,0.646721,0.651570,0.829209,0.593007,0.699043,0.748490,0.612712,0.608130,0.662407,0.603527,0.636529,0.739039,0.631075,0.619882,0.628565,0.731438,0.712828,0.812441,0.762851,0.712893,0.605437,0.749120,0.690204,0.779299,0.571997,0.589074,0.713569,0.802121,0.571123,0.673883,0.688158,0.811869,0.629980,0.576823,0.853884,0.698339,0.763732,0.615552,0.678079,0.572662,0.637093,0.622405,0.666688,0.657955,0.744175,0.565370,0.689777,0.554194,0.646266,0.624514,0.750633,0.626655,0.681008,0.711424,0.707957,0.797722,0.678676,0.589714,0.607275,0.755545,0.633112,0.562479,0.667470,0.796459,0.547276,0.713766,0.640803,0.574001,0.660891,0.599095,0.751578,0.553618,0.690123,0.782821,0.604633,0.610324,0.674470,0.770764,0.583901,0.674761,0.626919,0.714033,0.608368,0.710701,0.773736,0.635664,0.665362,0.751995,0.603221,0.676566,0.756293,0.768410,0.672249,0.683971,0.605442,0.708340,0.631720,0.619595,0.704271,0.712585,0.613306,0.596524,0.684170,0.706119,0.683102,0.626621,0.618093,0.757980,0.781452,0.614622,0.693911,0.749222,0.621516,0.578940,0.763194,0.612644,0.616646,0.587513,0.629737,0.583062,0.608946,0.778274,0.567518,0.595990,0.710076,0.713077,0.763459,0.672214,0.643221,0.550171,0.711173,0.716061,0.718712,0.600252,0.663209,0.636338,0.621451,0.708279,0.691925,0.711077,0.698622,0.694290,0.795108,0.614763,0.630816,0.742895,0.502488,0.793277,0.603384,0.698107,0.706317,0.674296,0.683392,0.797961,0.625348,0.843528,0.680109,0.603767,0.795673,0.669421,0.598338,0.854678,0.638522,0.735108,0.783941,0.700062,0.741474,0.743094,0.800438,0.619825,0.714031,0.688101,0.776979,0.762728,0.687083,0.661045,0.771551,0.761160,0.664875,0.716281,0.636650,0.712268,0.616738,0.695750,0.747016,0.776269,0.485259,0.697168,0.840978,0.706804,0.652278,0.811208,0.677595,0.662539,0.658240,0.687647,0.758223,0.657945,0.695219,0.757489,0.631615,0.620998,0.741320,0.700159,0.644937,0.752470,0.662441,0.705376,0.619884,0.659370,0.674981,0.700195,0.568446,0.695311,0.720772,0.632302,0.596373,0.813822,0.655580,0.673570,0.235260,0.672163,0.736868,0.744965,0.604333,0.715910,0.661593,0.614604,0.763181,0.682380,0.672491,0.714196,0.573160,0.583718,0.718035,0.719843,0.784394,0.678512,0.691862,0.841356,0.579878,0.666935,0.594318,0.578704,0.787913,0.602160,0.760663,0.781384,0.697546,0.886912,0.797212,0.604408,0.778209,0.767879,0.776376,0.721732,0.582952,0.687283,0.726507,0.790178,0.625192,0.718733,0.667920,0.671963,0.720329,0.663942,0.637566,0.766038,0.788563,0.708290,0.693678,0.705787,0.579073,0.728624,0.829276,0.621105,0.790675,0.678757,0.703244,0.687422,0.704389,0.780057,0.698225,0.815898,0.696524,0.679822,0.615015,0.715309,0.767884,0.552360,0.000000,0.687458,0.893919,0.645460,0.530334,0.692621,0.652507,0.609387,0.860281,0.665226,0.607729,0.621127,0.725790,0.620209,0.659991,0.683350,0.628937,0.796026,0.689213,0.652080,0.719409,0.811493,0.586376,0.657557,0.688301,0.616364,0.563930,0.672918
0.601442,0.522396,0.446111,0.650663,0.438970,0.560287,0.663481,0.478615,0.718033,0.541296,0.650435,0.538207,0.710861,0.525585,0.644290,0.508711,0.451412,0.638664,0.420514,0.759342,0.682013,0.276849,0.626630,0.446272,0.555384,0.512360,0.583591,0.514475,0.479656,0.595425,0.770238,0.529420,0.701626,0.723780,0.476266,0.688825,0.577819,0.516985,0.696867,0.492169,0.460837,0.742444,0.671872,0.708656,0.779666,0.609170,0.544884,0.488438,0.510706,0.621563,0.584973,0.767529,0.706030,0.733338,0.476348,0.598434,0.475515,0.412438,0.582903,0.671579,0.709182,0.582374,0.705101,0.758978,0.555590,0.539447,0.464633,0.650728,0.665396,0.731497,0.718335,0.707928,0.684283,0.560013,0.756147,0.805583,0.539871,0.488394,0.396202,0.719098,0.827108,0.424081,0.579970,0.730546,0.452925,0.703733,0.526058,0.437063,0.715770,0.700496,0.715322,0.476921,0.475733,0.502712,0.742548,0.710194,0.787554,0.722875,0.667206,0.652113,0.496457,0.691970,0.451463,0.510979,0.724621,0.468580,0.718298,0.461660,0.428755,0.669929,0.781049,0.488197,0.692308,0.569418,0.476670,0.552487,0.782856,0.782826,0.591337,0.544481,0.522805,0.437933,0.441710,0.720870,0.588526,0.600246,0.502047,0.642345,0.629672,0.587505,0.438768,0.707779,0.653507,0.482784,0.652884,0.413417,0.682376,0.772207,0.770673,0.676377,0.710715,0.756476,0.425887,0.697616,0.575752,0.764984,0.519890,0.655603,0.823285,0.743810,0.412855,0.758146,0.468902,0.462232,0.657509,0.526761,0.593525,0.816624,0.516732,0.718314,0.831062,0.527999,0.578168,0.494424,0.730440,0.728822,0.423408,0.771428,0.424176,0.561158,0.708440,0.572519,0.782356,0.652150,0.716047,0.680140,0.838871,0.656485,0.600849,0.725834,0.493572,0.766138,0.677852,0.585283,0.476420,0.763045,0.660105,0.680820,0.900330,0.733205,0.473967,0.499556,0.804199,0.857803,0.646560,0.388783,0.482512,0.614735,0.822379,0.578363,0.742319,0.774528,0.767229,0.482488,0.815064,0.673855,0.826926,0.610822,0.606712,0.691044,0.779136,0.572939,0.684148,0.650612,0.604176,0.380687,0.551834,0.909350,0.541401,0.731969,0.748093,0.693677,0.699869,0.590665,0.459640,0.431013,0.471483,0.838396,0.624075,0.635447,0.826501,0.715392,0.504195,0.611391,0.667807,0.564354,0.714820,0.598994,0.620155,0.552105,0.440151,0.524402,0.711290,0.598657,0.615003,0.713676,0.701333,0.476556,0.757862,0.553317,0.607001,0.608525,0.647595,0.696385,0.734607,0.504335,0.747586,0.699531,0.610224,0.744018,0.778486,0.777654,0.529088,0.561458,0.819706,0.459210,0.454112,0.411167,0.731618,0.511549,0.623719,0.518913,0.628561,0.718153,0.779588,0.550503,0.759897,0.505696,0.479905,0.430592,0.780914,0.553524,0.652072,0.442248,0.650824,0.510023,0.732440,0.535911,0.578502,0.790005,0.765442,0.745129,0.808335,0.591070,0.617642,0.540822,0.677091,0.793969,0.582946,0.572889,0.519033,0.697228,0.656234,0.650810,0.560203,0.708239,0.663799,0.621269,0.561855,0.761828,0.542623,0.635805,0.542781,0.598999,0.734282,0.826793,0.627505,0.516382,0.516365,0.732896,0.630272,0.816931,0.747762,0.536082,0.788786,0.835851,0.651376,0.517486,0.810986,0.633596,0.699580,0.720700,0.790925,0.427509,0.728368,0.676822,0.775972,0.554118,0.829919,0.600394,0.539335,0.867863,0.743209,0.659845,0.801735,0.799512,0.414889,0.707287,0.475129,0.848492,0.897243,0.807357,0.785321,0.661476,0.711470,0.828026,0.818770,0.638440,0.669353,0.798853,0.802738,0.613785,0.739072,0.557710,0.776089,0.532149,0.726718,0.743907,0.760794,0.760132,0.709474,0.712301,0.412113,0.488180,0.816638,0.781283,0.700955,0.499555,0.497922,0.760237,0.446617,0.626983,0.779265,0.655702,0.598396,0.715814,0.531654,0.735307,0.771016,0.511922,0.729351,0.556942,0.808407,0.524699,0.711245,0.664207,0.521879,0.666999,0.646510,0.623933,0.767681,0.660036,0.542011,0.678053,0.483792,0.798936,0.740535,0.543843,0.777703,0.801951,0.714451,0.775541,0.815054,0.524668,0.684680,0.732907,0.680589,0.704823,0.830300,0.851171,0.811240,0.721578,0.895829,0.774523,0.469215,0.540413,0.816452,0.732665,0.466630,0.864565,0.729587,0.694823,0.841559,0.789597,0.588743,0.753498,0.796077,0.658939,0.755866,0.792836,0.669125,0.767268,0.744501,0.717512,0.759295,0.738698,0.716687,0.623214,0.576249,0.770538,0.555300,0.720327,0.677199,0.696079,0.638595,0.672096,0.598514,0.827429,0.777331,0.831385,0.789906,0.513848,0.682797,0.768780,0.868433,0.721801,0.833531,0.650137,0.816678,0.534492,0.642831,0.787860,0.806439,0.687458,0.000000,0.795729,0.713847,0.743486,0.711012,0.655512,0.633007,0.770923,0.717542,0.746586,0.460007,0.655444,0.589521,0.541219,0.775055,0.636383,0.839187,0.786785,0.641569,0.580227,0.806709,0.604797,0.788897,0.527662,0.627637,0.767975,0.623362
0.601552,0.702311,0.728812,0.707246,0.788280,0.608971,0.630181,0.748064,0.686519,0.701846,0.613044,0.636834,0.567352,0.681321,0.647765,0.724075,0.750832,0.554154,0.784041,0.627069,0.731153,0.790831,0.764987,0.727256,0.775992,0.752570,0.800363,0.713707,0.842570,0.769082,0.601397,0.730500,0.676288,0.648495,0.790209,0.591060,0.698043,0.717110,0.636891,0.785177,0.815686,0.620364,0.705256,0.743152,0.683036,0.828370,0.741410,0.845232,0.736819,0.688442,0.721470,0.335298,0.613622,0.638280,0.765945,0.839785,0.810262,0.765009,0.758291,0.732704,0.679995,0.798352,0.642170,0.616668,0.773803,0.767642,0.823078,0.694132,0.690810,0.549432,0.659709,0.687170,0.749767,0.809073,0.644501,0.552519,0.737557,0.725995,0.821818,0.744161,0.590172,0.814816,0.753508,0.629958,0.833333,0.662504,0.809404,0.850187,0.731651,0.730204,0.634834,0.774901,0.847197,0.834448,0.695300,0.596836,0.561073,0.707677,0.748814,0.771604,0.756054,0.785921,0.788409,0.797271,0.621131,0.783653,0.606926,0.776602,0.834766,0.680739,0.486268,0.792867,0.722771,0.712421,0.786694,0.779000,0.633985,0.726715,0.722294,0.863974,0.781148,0.806831,0.862219,0.738113,0.743860,0.747076,0.783385,0.698586,0.665043,0.735472,0.835083,0.582411,0.739817,0.829742,0.759948,0.862847,0.727485,0.675455,0.497656,0.720255,0.699974,0.690687,0.842320,0.688572,0.909546,0.707140,0.753323,0.733951,0.459297,0.806594,0.861791,0.663385,0.835330,0.864202,0.855489,0.827510,0.763187,0.539651,0.710311,0.663236,0.650437,0.754104,0.821645,0.839218,0.772340,0.686460,0.812785,0.771591,0.832401,0.827099,0.727988,0.829060,0.591816,0.640390,0.716404,0.746243,0.619966,0.802297,0.780566,0.763920,0.832252,0.735395,0.679187,0.810752,0.893708,0.456265,0.757575,0.639916,0.648066,0.708758,0.854323,0.834860,0.626666,0.682239,0.795685,0.841383,0.822661,0.767330,0.595607,0.774276,0.692586,0.624622,0.620939,0.862027,0.477596,0.676935,0.725812,0.804464,0.765325,0.636611,0.577819,0.814117,0.694193,0.671833,0.826908,0.850629,0.829391,0.539177,0.862904,0.721972,0.634493,0.768309,0.762513,0.782380,0.847655,0.815354,0.896295,0.647470,0.779806,0.734600,0.651779,0.749524,0.862670,0.808567,0.841024,0.833954,0.672421,0.819547,0.775345,0.846767,0.865318,0.839696,0.740257,0.794045,0.851550,0.655304,0.722063,0.818149,0.667988,0.809524,0.785219,0.735355,0.680720,0.810526,0.726512,0.869011,0.632884,0.764770,0.890691,0.771995,0.604034,0.653684,0.854901,0.870658,0.577448,0.863254,0.814857,0.870907,0.815644,0.830088,0.694490,0.880368,0.840641,0.675956,0.650988,0.858613,0.661302,0.763123,0.895283,0.873288,0.740190,0.765676,0.833904,0.880818,0.847001,0.872561,0.718243,0.771011,0.780358,0.703255,0.702477,0.731290,0.616390,0.773407,0.696285,0.794808,0.737762,0.632227,0.779220,0.818028,0.823966,0.792363,0.802453,0.887888,0.798758,0.701654,0.743613,0.820794,0.830409,0.610866,0.831340,0.743692,0.813786,0.748035,0.636883,0.779007,0.838960,0.862574,0.824947,0.736190,0.858599,0.612889,0.651235,0.827436,0.557793,0.576839,0.754275,0.852119,0.617438,0.790293,0.661522,0.766989,0.710468,0.876755,0.668979,0.833372,0.655839,0.810970,0.766849,0.909964,0.849141,0.619150,0.784199,0.740816,0.692378,0.630532,0.844435,0.684361,0.834063,0.701198,0.692038,0.705047,0.785578,0.738460,0.721279,0.561780,0.747536,0.782264,0.763966,0.744081,0.679257,0.770042,0.789509,0.808768,0.684133,0.848212,0.683896,0.644649,0.710546,0.711132,0.712693,0.730271,0.834505,0.880858,0.570931,0.830758,0.739030,0.849205,0.896163,0.717778,0.908130,0.835348,0.602479,0.811328,0.851352,0.654732,0.926865,0.809035,0.817903,0.879913,0.763699,0.722177,0.640704,0.849838,0.800506,0.809918,0.846831,0.752445,0.710440,0.825169,0.686571,0.767077,0.882543,0.887532,0.833202,0.742571,0.737856,0.832802,0.592643,0.687748,0.656623,0.707730,0.702216,0.850057,0.792593,0.779549,0.766427,0.676211,0.636308,0.608959,0.554343,0.741422,0.790910,0.614300,0.932178,0.821194,0.697643,0.695274,0.889525,0.611877,0.681373,0.736755,0.656489,0.677736,0.812794,0.665806,0.724820,0.701560,0.673667,0.702115,0.759964,0.628212,0.780580,0.726918,0.792260,0.845007,0.847886,0.888123,0.789783,0.748653,0.850942,0.794231,0.724233,0.693144,0.703374,0.855375,0.815968,0.618767,0.843282,0.534432,0.767076,0.870641,0.702025,0.602870,0.474963,0.746510,0.634429,0.870569,0.704153,0.807418,0.818348,0.753628,0.724237,0.893919,0.795729,0.000000,0.668417,0.837516,0.689483,0.786068,0.802449,0.721741,0.830960,0.761696,0.855162,0.848546,0.823455,0.914629,0.806389,0.779342,0.601458,0.804787,0.790001,0.779601,0.643501,0.838417,0.657366,0.901207,0.746262,0.702387,0.763663
0.601713,0.584614,0.584904,0.617427,0.601263,0.543420,0.612330,0.684688,0.600160,0.514637,0.628468,0.507386,0.477765,0.566551,0.515398,0.562790,0.663337,0.565087,0.667417,0.600598,0.480110,0.735019,0.569711,0.641368,0.572110,0.570468,0.561831,0.683501,0.696803,0.596352,0.687969,0.512618,0.710286,0.622510,0.618069,0.488876,0.536413,0.611681,0.634398,0.591192,0.615084,0.750796,0.788784,0.635920,0.553061,0.670521,0.555875,0.619060,0.616386,0.642252,0.682822,0.688785,0.619290,0.743932,0.585432,0.637892,0.695729,0.671117,0.557989,0.612549,0.630469,0.628244,0.736091,0.592912,0.646273,0.650528,0.630458,0.638382,0.589787,0.678457,0.546362,0.571548,0.608862,0.509313,0.554482,0.616692,0.665126,0.565279,0.621188,0.632914,0.652396,0.635899,0.667634,0.767012,0.667167,0.552046,0.621953,0.665954,0.679279,0.626917,0.537829,0.687130,0.602550,0.669713,0.682526,0.519575,0.671272,0.562232,0.690070,0.534241,0.546721,0.590805,0.626704,0.681980,0.540627,0.571715,0.772170,0.612410,0.656150,0.640591,0.689106,0.671348,0.628180,0.573905,0.655291,0.747990,0.802955,0.659595,0.614994,0.640853,0.515029,0.641284,0.691980,0.572346,0.649235,0.668921,0.619040,0.690645,0.587122,0.643192,0.709793,0.532607,0.508692,0.515786,0.603667,0.657748,0.686838,0.684130,0.596933,0.628198,0.511780,0.728967,0.693359,0.601966,0.666418,0.796847,0.657199,0.595360,0.641552,0.615627,0.726211,0.632868,0.745379,0.646257,0.598781,0.581213,0.736036,0.627716,0.551606,0.552712,0.596440,0.700702,0.635107,0.661427,0.683747,0.694738,0.670978,0.600523,0.707243,0.625081,0.583006,0.732255,0.777335,0.520665,0.515940,0.652985,0.663304,0.714789,0.734834,0.750652,0.676806,0.616591,0.585046,0.724588,0.689235,0.752070,0.660171,0.518853,0.688011,0.559725,0.675260,0.688338,0.545730,0.590047,0.598963,0.643943,0.721335,0.602688,0.719750,0.736239,0.767715,0.735058,0.540869,0.648752,0.614546,0.698271,0.622708,0.647082,0.622750,0.708177,0.742010,0.630112,0.646950,0.680466,0.680815,0.703460,0.652014,0.669984,0.674578,0.766253,0.642328,0.765837,0.629558,0.693157,0.706523,0.609168,0.717451,0.713919,0.713064,0.576218,0.575191,0.624261,0.626338,0.707276,0.726781,0.662215,0.709011,0.722166,0.695004,0.713170,0.727401,0.665682,0.663290,0.640548,0.642209,0.666076,0.813610,0.686262,0.613544,0.784496,0.477907,0.565584,0.525534,0.716838,0.641449,0.732195,0.582288,0.562045,0.673179,0.598341,0.733477,0.576909,0.694568,0.533844,0.562683,0.667733,0.660832,0.751251,0.678367,0.571990,0.740784,0.626827,0.806772,0.635855,0.602881,0.681216,0.675704,0.549879,0.712435,0.670556,0.611529,0.770274,0.704223,0.690890,0.619292,0.741661,0.697381,0.748614,0.757749,0.601311,0.695825,0.677216,0.605857,0.556558,0.691032,0.627518,0.554207,0.600642,0.726582,0.692756,0.618631,0.534142,0.599018,0.693094,0.676216,0.519620,0.517248,0.638478,0.675394,0.613824,0.701239,0.620607,0.679287,0.580853,0.576876,0.826949,0.667077,0.690587,0.680951,0.644398,0.721688,0.567495,0.738481,0.639494,0.586186,0.718982,0.597008,0.746143,0.732239,0.559593,0.657459,0.628479,0.686437,0.739678,0.686831,0.715486,0.764859,0.635700,0.754753,0.694805,0.639083,0.752467,0.792657,0.599634,0.819471,0.656626,0.670850,0.829884,0.722525,0.659673,0.690923,0.703493,0.601751,0.608652,0.715152,0.631093,0.736761,0.666252,0.571695,0.700117,0.553375,0.684557,0.701464,0.724886,0.647704,0.737333,0.632759,0.778489,0.770834,0.549834,0.712924,0.827222,0.753692,0.708029,0.647036,0.663776,0.631830,0.708205,0.695242,0.706783,0.733589,0.738544,0.593519,0.592425,0.751971,0.633708,0.727263,0.626255,0.645065,0.691718,0.615930,0.569448,0.658934,0.687758,0.744923,0.681765,0.657624,0.612579,0.629051,0.727880,0.802295,0.542433,0.705192,0.621509,0.645280,0.698626,0.649764,0.652812,0.648014,0.563889,0.661891,0.670914,0.585439,0.709016,0.699568,0.552672,0.471375,0.716675,0.689629,0.670218,0.716978,0.532358,0.677596,0.438686,0.706703,0.629953,0.599338,0.617220,0.692100,0.738983,0.707390,0.684154,0.663569,0.681276,0.617177,0.784963,0.696092,0.635423,0.631359,0.558590,0.677617,0.574272,0.570611,0.589385,0.715644,0.660041,0.690520,0.756081,0.718036,0.700424,0.679076,0.852022,0.764143,0.636637,0.676222,0.540273,0.713239,0.792693,0.717386,0.618258,0.600290,0.679972,0.583214,0.657014,0.724555,0.717117,0.688775,0.705891,0.586086,0.642253,0.749928,0.743590,0.630147,0.645460,0.713847,0.668417,0.000000,0.653281,0.670483,0.695678,0.629616,0.747240,0.690853,0.575165,0.641741,0.674841,0.630157,0.729083,0.618445,0.636754,0.668098,0.686524,0.663510,0.787238,0.676011,0.597748,0.559537,0.704094,0.615590,0.624791,0.591042
0.601749,0.557716,0.598754,0.669583,0.572312,0.615354,0.643067,0.638723,0.645792,0.565455,0.662764,0.649476,0.545533,0.593709,0.546038,0.563557,0.624290,0.704517,0.616957,0.667400,0.581693,0.663460,0.562055,0.621926,0.556465,0.672248,0.571942,0.585817,0.570190,0.431830,0.789476,0.630419,0.729704,0.627083,0.564764,0.610792,0.574530,0.624004,0.650873,0.615009,0.537582,0.775035,0.776900,0.747944,0.666780,0.663859,0.665132,0.537007,0.574564,0.646568,0.719625,0.778030,0.580534,0.772611,0.632338,0.641019,0.594918,0.597946,0.653404,0.727404,0.506347,0.733601,0.719910,0.688958,0.594479,0.608219,0.615329,0.538107,0.556665,0.786901,0.627231,0.541583,0.655807,0.616369,0.539109,0.710706,0.579035,0.580980,0.620752,0.648471,0.814074,0.694316,0.675355,0.730175,0.621558,0.678096,0.684536,0.644837,0.620666,0.689788,0.609519,0.570984,0.556220,0.608333,0.629782,0.668018,0.651924,0.554931,0.662127,0.560890,0.632814,0.570550,0.551204,0.679938,0.653168,0.598485,0.701127,0.606013,0.575638,0.663533,0.797027,0.608873,0.556524,0.600531,0.583639,0.660537,0.805284,0.705466,0.618852,0.534967,0.560742,0.717907,0.647562,0.608593,0.607121,0.617679,0.757938,0.651691,0.630402,0.595766,0.614203,0.757189,0.643716,0.474410,0.671141,0.602861,0.598637,0.618579,0.740464,0.555950,0.653760,0.660150,0.682982,0.654098,0.678166,0.646480,0.698555,0.619404,0.813182,0.671499,0.625237,0.638936,0.639567,0.570653,0.500338,0.646395,0.611365,0.818444,0.685499,0.641647,0.706872,0.701036,0.566700,0.626687,0.659637,0.642894,0.657367,0.738992,0.587061,0.625062,0.634507,0.552776,0.747720,0.638134,0.461043,0.717308,0.787664,0.710154,0.595081,0.723314,0.729825,0.645692,0.669978,0.654092,0.611429,0.737142,0.545575,0.728819,0.776936,0.683292,0.572923,0.641622,0.629588,0.625433,0.746065,0.630553,0.668086,0.607160,0.793797,0.790739,0.646638,0.698474,0.702765,0.576010,0.779501,0.706273,0.719367,0.602060,0.625445,0.810454,0.773691,0.634375,0.543782,0.649630,0.826829,0.673109,0.623086,0.824637,0.682968,0.753486,0.631567,0.673913,0.571653,0.673795,0.665592,0.616865,0.657119,0.756658,0.636891,0.634343,0.660353,0.683841,0.586605,0.691321,0.654662,0.645427,0.709565,0.674655,0.800105,0.702702,0.628353,0.629565,0.833696,0.559097,0.511525,0.682702,0.748891,0.569762,0.799640,0.685702,0.555426,0.650339,0.671849,0.734352,0.637541,0.667739,0.701884,0.561557,0.553389,0.734182,0.814561,0.593834,0.707461,0.553362,0.752825,0.636871,0.693044,0.738085,0.640138,0.622044,0.714697,0.608230,0.657208,0.701600,0.715376,0.692205,0.631582,0.628154,0.631965,0.664808,0.605615,0.687721,0.700707,0.645614,0.657197,0.749884,0.751972,0.727865,0.701704,0.628777,0.745451,0.709093,0.673694,0.703289,0.750330,0.583997,0.536734,0.618437,0.643061,0.628951,0.674979,0.607566,0.552264,0.581712,0.746357,0.568545,0.576043,0.751711,0.698379,0.685103,0.631714,0.590340,0.650026,0.680450,0.717318,0.673831,0.637494,0.616417,0.599978,0.600715,0.754074,0.780600,0.782297,0.630234,0.767877,0.754162,0.658506,0.644560,0.743263,0.495468,0.779163,0.566663,0.710319,0.672135,0.808304,0.743506,0.735195,0.589140,0.832399,0.645889,0.670553,0.846200,0.806095,0.620131,0.709288,0.687645,0.662804,0.793090,0.683358,0.640889,0.688479,0.813871,0.651410,0.769563,0.715249,0.752098,0.731672,0.655889,0.649847,0.700181,0.682629,0.643958,0.625908,0.666138,0.700200,0.662740,0.698288,0.775749,0.752261,0.574474,0.641197,0.821634,0.714164,0.623615,0.864243,0.593697,0.597742,0.657410,0.677868,0.679597,0.591724,0.724713,0.829762,0.548128,0.736816,0.674411,0.589585,0.699417,0.808369,0.657996,0.663804,0.640103,0.713412,0.604502,0.784448,0.582638,0.644023,0.843892,0.638816,0.697096,0.798507,0.612077,0.671506,0.478672,0.653684,0.769365,0.721944,0.615114,0.725978,0.714666,0.657710,0.784917,0.704307,0.684585,0.749156,0.628432,0.579939,0.723363,0.700607,0.665303,0.738653,0.690713,0.832889,0.611567,0.675950,0.657179,0.613116,0.794089,0.623667,0.741699,0.784256,0.675907,0.775101,0.701540,0.677617,0.775757,0.747102,0.690016,0.660626,0.621696,0.658815,0.745812,0.817178,0.549299,0.710475,0.672230,0.759268,0.731682,0.545275,0.680433,0.682950,0.874421,0.783413,0.664733,0.690921,0.608274,0.719088,0.822087,0.708076,0.816385,0.711408,0.692459,0.656415,0.727997,0.809288,0.678995,0.737038,0.673997,0.772563,0.562385,0.683999,0.740490,0.620710,0.530334,0.743486,0.837516,0.653281,0.000000,0.804912,0.675751,0.629690,0.811373,0.708202,0.573228,0.679292,0.711816,0.637334,0.677086,0.739810,0.612494,0.774698,0.778176,0.637067,0.776106,0.741004,0.580434,0.755348,0.682546,0.612390,0.595498,0.690482
0.601900,0.648442,0.643458,0.684105,0.661563,0.594793,0.507960,0.599908,0.581286,0.595560,0.539059,0.540633,0.642332,0.541132,0.677933,0.541158,0.633594,0.648135,0.668445,0.681572,0.542003,0.642188,0.568044,0.573896,0.541689,0.614154,0.704631,0.673955,0.672717,0.732917,0.582540,0.621203,0.747046,0.613318,0.714609,0.550387,0.511998,0.600945,0.554465,0.619231,0.681698,0.638364,0.773326,0.684828,0.633420,0.712105,0.656945,0.657222,0.709377,0.531394,0.671832,0.698025,0.709349,0.819630,0.616738,0.712030,0.716470,0.596618,0.603802,0.603105,0.745799,0.660181,0.790412,0.645227,0.578703,0.634089,0.643340,0.742982,0.662978,0.622917,0.655996,0.706658,0.539934,0.674473,0.758317,0.635499,0.583899,0.539118,0.641795,0.565943,0.549067,0.555202,0.701139,0.780772,0.716364,0.543629,0.709923,0.676982,0.773634,0.550416,0.598976,0.610778,0.678278,0.680825,0.751059,0.539655,0.735223,0.704045,0.766318,0.597908,0.634536,0.735877,0.609483,0.672453,0.697221,0.633012,0.740381,0.660773,0.736384,0.528897,0.722829,0.729109,0.583684,0.650763,0.709431,0.684776,0.816868,0.715554,0.557847,0.590426,0.621055,0.691502,0.702286,0.670921,0.576448,0.720066,0.667019,0.598599,0.737263,0.631126,0.746626,0.601143,0.504039,0.640651,0.648238,0.666232,0.710608,0.484891,0.644136,0.598189,0.590207,0.793019,0.680630,0.627147,0.688118,0.778559,0.648447,0.711678,0.680890,0.758893,0.718873,0.771520,0.657174,0.664854,0.638120,0.636400,0.594927,0.633977,0.638997,0.659528,0.675862,0.697240,0.768717,0.694095,0.602187,0.660676,0.681431,0.723881,0.653104,0.697994,0.589081,0.733828,0.796389,0.535321,0.721410,0.644512,0.737174,0.743742,0.640983,0.705167,0.647773,0.797030,0.621147,0.660656,0.734338,0.708501,0.696518,0.606916,0.515400,0.600009,0.762225,0.760116,0.760683,0.635889,0.775708,0.659346,0.558907,0.659429,0.700460,0.637082,0.793822,0.778755,0.600728,0.705852,0.735233,0.629114,0.739185,0.754566,0.648805,0.726410,0.796517,0.753766,0.784252,0.681225,0.735862,0.695133,0.760621,0.734697,0.713133,0.806802,0.801688,0.718836,0.681931,0.660619,0.641117,0.682582,0.720103,0.838770,0.699443,0.598145,0.657503,0.684654,0.656220,0.703467,0.709432,0.771974,0.555124,0.811046,0.739369,0.761888,0.718938,0.767897,0.663951,0.722975,0.683737,0.714870,0.673707,0.684101,0.564250,0.652036,0.635827,0.671193,0.707255,0.722474,0.746071,0.688657,0.704672,0.679094,0.759701,0.628075,0.791468,0.770943,0.763622,0.691332,0.745657,0.656131,0.651383,0.697251,0.803661,0.597658,0.560564,0.628586,0.780276,0.711920,0.733698,0.760051,0.643487,0.631405,0.769714,0.709824,0.764323,0.593618,0.758257,0.712221,0.686662,0.679011,0.766270,0.601645,0.664957,0.785542,0.642894,0.759134,0.752094,0.665848,0.559634,0.608681,0.681008,0.683415,0.713954,0.719476,0.638719,0.723710,0.705160,0.644055,0.666258,0.675918,0.686567,0.730970,0.678026,0.654568,0.753126,0.592682,0.660853,0.598297,0.641192,0.820938,0.768092,0.781168,0.698001,0.788499,0.677069,0.650769,0.586811,0.610723,0.626770,0.766911,0.612934,0.697435,0.676165,0.720001,0.611268,0.710322,0.779638,0.662769,0.615888,0.595661,0.838250,0.654035,0.796139,0.736932,0.751872,0.767386,0.735800,0.689045,0.814390,0.693694,0.620902,0.728460,0.660935,0.804224,0.747431,0.803474,0.622743,0.727082,0.708507,0.628134,0.897495,0.686184,0.735790,0.851860,0.581693,0.678591,0.701547,0.594339,0.657212,0.694048,0.684819,0.774375,0.814933,0.666641,0.747362,0.817718,0.653746,0.694519,0.634406,0.701585,0.642341,0.701909,0.733115,0.821902,0.743502,0.619825,0.586556,0.591945,0.708638,0.595745,0.704503,0.706364,0.716225,0.687101,0.727597,0.733038,0.781062,0.751808,0.560560,0.709844,0.612331,0.728766,0.531284,0.645340,0.620479,0.598798,0.701569,0.660489,0.688428,0.679252,0.574245,0.709069,0.629811,0.592096,0.717562,0.748285,0.670947,0.742486,0.693578,0.543769,0.686462,0.709802,0.675111,0.702846,0.554623,0.702755,0.799797,0.597569,0.714549,0.682330,0.718508,0.643810,0.702728,0.818292,0.621447,0.762560,0.785367,0.651680,0.642393,0.790241,0.853830,0.683404,0.746143,0.677031,0.663317,0.633429,0.559892,0.579085,0.882790,0.773038,0.701622,0.706723,0.663539,0.814079,0.761956,0.702831,0.598147,0.679202,0.682543,0.763241,0.752207,0.834259,0.804956,0.683052,0.744533,0.672514,0.606722,0.632951,0.692733,0.636972,0.687934,0.647752,0.700326,0.617159,0.758482,0.857561,0.793398,0.692621,0.711012,0.689483,0.670483,0.804912,0.000000,0.702222,0.647141,0.892449,0.726884,0.699668,0.577514,0.787245,0.703056,0.762324,0.818618,0.735273,0.610774,0.644475,0.776127,0.595496,0.612265,0.735541,0.720477,0.757544,0.546394,0.795175,0.586310
0.602121,0.558472,0.636769,0.659061,0.640665,0.669793,0.707151,0.585694,0.710902,0.640150,0.717538,0.618096,0.490676,0.611435,0.464234,0.587916,0.551974,0.688607,0.545432,0.675298,0.580737,0.643925,0.660271,0.603783,0.664137,0.684730,0.466150,0.576088,0.484062,0.556336,0.656352,0.507437,0.674853,0.534116,0.569730,0.744177,0.646835,0.672334,0.742125,0.667537,0.437691,0.750841,0.654355,0.697862,0.738078,0.424848,0.629397,0.569998,0.423024,0.755662,0.664366,0.767523,0.556323,0.723203,0.607835,0.293207,0.523637,0.561101,0.638197,0.590908,0.578886,0.629128,0.627300,0.768525,0.681844,0.615389,0.541870,0.577150,0.614134,0.738917,0.651600,0.573693,0.748276,0.685913,0.556689,0.654896,0.694578,0.498615,0.636185,0.766607,0.791851,0.696939,0.564301,0.719748,0.592767,0.760064,0.724632,0.548426,0.512663,0.713803,0.733957,0.621686,0.701057,0.607814,0.555874,0.765126,0.653116,0.516841,0.660104,0.672231,0.568434,0.450597,0.592838,0.658594,0.556612,0.640845,0.688687,0.599548,0.579709,0.752193,0.748169,0.451596,0.799578,0.735453,0.610966,0.596550,0.762715,0.607908,0.700613,0.688029,0.607238,0.587561,0.517274,0.627330,0.641490,0.728796,0.634041,0.615085,0.553003,0.667403,0.562872,0.717963,0.728166,0.591878,0.671415,0.550130,0.453687,0.679789,0.654915,0.677971,0.734637,0.685569,0.627086,0.660649,0.691266,0.688163,0.648365,0.374519,0.757334,0.496532,0.560383,0.648385,0.556367,0.555131,0.640515,0.636194,0.717446,0.788784,0.475694,0.565201,0.762264,0.721763,0.606295,0.583792,0.729741,0.668969,0.511629,0.692321,0.569611,0.619492,0.625753,0.410736,0.704382,0.712418,0.562093,0.626937,0.665466,0.643608,0.585089,0.720523,0.638469,0.480216,0.740233,0.642058,0.610667,0.747710,0.549136,0.688953,0.787171,0.717079,0.567819,0.685883,0.535244,0.765916,0.588782,0.598884,0.596421,0.591540,0.802945,0.668607,0.672967,0.679062,0.663832,0.611018,0.749424,0.708005,0.745911,0.595702,0.456200,0.709902,0.670766,0.580528,0.541531,0.545111,0.730045,0.563899,0.562071,0.783659,0.710401,0.653976,0.477742,0.666107,0.532144,0.716396,0.653244,0.518390,0.595568,0.663793,0.571535,0.687316,0.764754,0.557214,0.573330,0.626721,0.654489,0.622024,0.755208,0.634062,0.723885,0.688411,0.536193,0.535426,0.776494,0.637948,0.688685,0.434627,0.747536,0.578317,0.755514,0.688720,0.655571,0.508198,0.644591,0.703891,0.489376,0.554686,0.686137,0.625690,0.641813,0.631035,0.700935,0.612181,0.691044,0.697310,0.720237,0.600320,0.633241,0.654830,0.331438,0.692906,0.722406,0.664799,0.722488,0.711310,0.630859,0.661193,0.689184,0.479725,0.586724,0.601720,0.648517,0.676242,0.410158,0.564080,0.603223,0.679384,0.477418,0.710546,0.608512,0.517334,0.626869,0.716919,0.601229,0.692468,0.690939,0.677300,0.537752,0.640122,0.643013,0.666344,0.543579,0.630265,0.491400,0.789265,0.707259,0.584000,0.597041,0.604126,0.681862,0.687726,0.628433,0.748825,0.575684,0.662978,0.702667,0.727093,0.548173,0.680809,0.464995,0.603907,0.740741,0.685842,0.760685,0.645404,0.702994,0.758849,0.383495,0.649769,0.735025,0.484424,0.680377,0.663116,0.642220,0.613984,0.583534,0.739191,0.688640,0.708616,0.836675,0.674936,0.602484,0.779295,0.760626,0.547676,0.815940,0.681573,0.717396,0.706425,0.594603,0.748155,0.787232,0.728302,0.781827,0.653443,0.609519,0.686578,0.696681,0.643739,0.677866,0.729861,0.707174,0.529290,0.683293,0.748114,0.757135,0.572704,0.697826,0.610649,0.745497,0.627613,0.645182,0.794812,0.628189,0.564642,0.728287,0.705238,0.717595,0.605550,0.660536,0.721048,0.578801,0.701078,0.584089,0.819995,0.730344,0.730648,0.724238,0.536444,0.685005,0.585664,0.630636,0.632960,0.723587,0.703364,0.773818,0.318880,0.618193,0.634295,0.677828,0.639676,0.796425,0.762037,0.728715,0.633920,0.698690,0.769061,0.752329,0.646689,0.887524,0.734095,0.570292,0.787069,0.635329,0.655037,0.705254,0.747131,0.633208,0.790754,0.704123,0.787360,0.832706,0.694368,0.872291,0.706666,0.606546,0.421354,0.755361,0.535096,0.477543,0.709074,0.666427,0.500657,0.744446,0.783204,0.705161,0.699773,0.707407,0.804051,0.662654,0.702041,0.515717,0.692845,0.651039,0.669096,0.600093,0.747113,0.699560,0.731918,0.533458,0.605994,0.632081,0.870861,0.762385,0.786815,0.479883,0.630883,0.690958,0.791817,0.443447,0.759899,0.696773,0.557619,0.645253,0.764971,0.798099,0.766771,0.787174,0.699885,0.597772,0.512909,0.689387,0.778988,0.518357,0.652507,0.655512,0.786068,0.695678,0.675751,0.702222,0.000000,0.681355,0.735466,0.598968,0.617719,0.625999,0.544104,0.535861,0.653711,0.492919,0.645492,0.751954,0.708780,0.425599,0.770178,0.738034,0.641646,0.579871,0.590761,0.685538,0.503542,0.411056
0.602144,0.586263,0.583745,0.551061,0.615795,0.656618,0.647239,0.627959,0.549145,0.631243,0.653213,0.659716,0.566595,0.607176,0.562097,0.594155,0.657323,0.720552,0.634336,0.543297,0.635537,0.653861,0.559807,0.672011,0.499333,0.657441,0.490126,0.673293,0.621986,0.590201,0.684445,0.567342,0.748550,0.687536,0.625736,0.642231,0.498629,0.623835,0.686633,0.659011,0.620418,0.737459,0.813554,0.630477,0.657302,0.702229,0.645966,0.605555,0.585307,0.635984,0.690027,0.760176,0.583037,0.787323,0.661028,0.687310,0.595740,0.634233,0.598349,0.582280,0.589359,0.694420,0.813533,0.760312,0.622037,0.610273,0.650633,0.614961,0.625760,0.693811,0.538049,0.488393,0.629863,0.673390,0.580995,0.703048,0.636318,0.537856,0.649717,0.714908,0.733777,0.640930,0.577837,0.784246,0.692509,0.637558,0.715424,0.629367,0.655313,0.724969,0.655429,0.673523,0.733996,0.593520,0.672536,0.714416,0.651724,0.463752,0.619206,0.628876,0.569371,0.609232,0.633621,0.734224,0.643345,0.684828,0.716312,0.680872,0.659750,0.637479,0.755776,0.708286,0.711727,0.680284,0.576654,0.702596,0.788993,0.710398,0.663905,0.558878,0.519310,0.630927,0.719516,0.585658,0.655356,0.711674,0.670605,0.624716,0.677533,0.726708,0.626407,0.695929,0.648187,0.496326,0.630984,0.628272,0.703693,0.674503,0.789837,0.616912,0.651487,0.704411,0.719743,0.690890,0.699279,0.679277,0.705282,0.696275,0.779733,0.627052,0.699802,0.681398,0.707603,0.677275,0.541512,0.582133,0.720563,0.733893,0.586416,0.698139,0.692342,0.755975,0.556352,0.682346,0.651122,0.626779,0.612773,0.683474,0.706049,0.612397,0.594768,0.675107,0.790811,0.612297,0.487005,0.706828,0.705437,0.757886,0.638052,0.678513,0.584742,0.704464,0.773278,0.629548,0.698579,0.795275,0.442012,0.664748,0.790462,0.622314,0.612402,0.733725,0.575002,0.588885,0.700245,0.607415,0.716256,0.630365,0.795484,0.578755,0.748529,0.754688,0.703551,0.705659,0.718911,0.683741,0.701695,0.547875,0.632344,0.678940,0.793596,0.639287,0.654901,0.705001,0.656259,0.701864,0.663999,0.812390,0.672348,0.758024,0.634068,0.680849,0.381331,0.691765,0.714844,0.622580,0.736598,0.777404,0.690410,0.608459,0.564825,0.702579,0.672371,0.694106,0.686502,0.617149,0.646364,0.617281,0.705828,0.686528,0.757579,0.644929,0.615823,0.666626,0.600714,0.645887,0.779019,0.705465,0.648748,0.740036,0.620622,0.699457,0.670655,0.707730,0.532461,0.639190,0.689517,0.729038,0.734106,0.770810,0.732776,0.661428,0.710211,0.691492,0.728319,0.696321,0.743689,0.677105,0.674677,0.687359,0.739530,0.617959,0.756367,0.660455,0.794281,0.687436,0.656173,0.577862,0.688191,0.687484,0.619164,0.623839,0.726532,0.711628,0.663020,0.738498,0.642171,0.776024,0.748818,0.572501,0.756676,0.787324,0.698640,0.687371,0.690056,0.649351,0.526818,0.729476,0.733812,0.696464,0.691769,0.591091,0.552811,0.737986,0.634291,0.501571,0.685221,0.676766,0.773450,0.663475,0.749369,0.699800,0.677813,0.466596,0.695728,0.743338,0.661173,0.722547,0.663735,0.692165,0.687410,0.647921,0.781519,0.484760,0.719682,0.783879,0.682159,0.739365,0.755447,0.552619,0.680520,0.679305,0.696592,0.742287,0.704136,0.670818,0.785634,0.742534,0.762621,0.737772,0.671908,0.834741,0.685394,0.703391,0.781328,0.674506,0.701417,0.759754,0.664008,0.679449,0.795435,0.812529,0.522651,0.695109,0.743467,0.742838,0.743392,0.742564,0.515232,0.758906,0.759754,0.752973,0.729024,0.734526,0.749302,0.775143,0.703273,0.794419,0.796020,0.566754,0.661801,0.789341,0.614272,0.749389,0.765819,0.687380,0.385685,0.782986,0.711403,0.686142,0.728164,0.728736,0.705654,0.732328,0.717363,0.765824,0.735529,0.657061,0.627244,0.712469,0.658832,0.690627,0.637917,0.716695,0.753510,0.656752,0.694867,0.680956,0.703843,0.766884,0.725435,0.698576,0.671814,0.613463,0.669200,0.691896,0.813106,0.694193,0.793672,0.682788,0.635593,0.710698,0.602171,0.704001,0.732711,0.440596,0.601963,0.810004,0.714452,0.727651,0.757261,0.644492,0.789178,0.610246,0.657296,0.662163,0.667346,0.721567,0.696061,0.819627,0.752032,0.676633,0.856961,0.704228,0.628527,0.828832,0.806353,0.715933,0.647190,0.453252,0.745339,0.693087,0.677059,0.582040,0.667641,0.711410,0.696789,0.667330,0.757240,0.588358,0.651966,0.701526,0.697653,0.757007,0.697115,0.731322,0.642327,0.766144,0.651762,0.721801,0.610640,0.601992,0.685221,0.758026,0.761794,0.720556,0.753799,0.605338,0.732102,0.754563,0.743145,0.681483,0.613632,0.609387,0.633007,0.802449,0.629616,0.629690,0.647141,0.681355,0.000000,0.836415,0.654956,0.662454,0.665233,0.698576,0.658117,0.753584,0.696373,0.674641,0.770634,0.701390,0.638927,0.815556,0.736483,0.592155,0.622167,0.686450,0.626675,0.666123,0.623166
0.602305,0.703591,0.805260,0.807519,0.785864,0.840162,0.853010,0.811747,0.840693,0.872928,0.832278,0.894115,0.591261,0.855617,0.608413,0.774922,0.681828,0.734216,0.704680,0.788456,0.795250,0.570125,0.778909,0.814982,0.804485,0.840614,0.716590,0.605901,0.751999,0.613877,0.560656,0.835740,0.361342,0.544061,0.601317,0.857378,0.815749,0.669347,0.799206,0.782044,0.665752,0.568537,0.523198,0.848186,0.823951,0.773292,0.765105,0.738988,0.692519,0.881592,0.803633,0.526166,0.512094,0.259925,0.841570,0.678615,0.709848,0.817141,0.838641,0.806525,0.480750,0.885585,0.361814,0.651280,0.789310,0.690508,0.785554,0.518807,0.604823,0.680722,0.681658,0.547837,0.844469,0.802434,0.602119,0.646235,0.845309,0.778744,0.791849,0.861058,0.840442,0.827846,0.672620,0.302966,0.776533,0.871263,0.876355,0.827228,0.584252,0.806074,0.800970,0.787136,0.830067,0.773749,0.626308,0.830820,0.657340,0.576821,0.733896,0.785241,0.828714,0.751336,0.804416,0.781007,0.584784,0.793433,0.410644,0.802196,0.674454,0.865466,0.348163,0.704440,0.835312,0.858241,0.709068,0.866673,0.379728,0.810348,0.773255,0.769922,0.799356,0.835279,0.752202,0.767119,0.712860,0.658377,0.835163,0.597173,0.700606,0.834702,0.763175,0.847266,0.842294,0.735971,0.791434,0.816989,0.625791,0.778402,0.643327,0.669309,0.851792,0.457435,0.764822,0.757892,0.870725,0.487527,0.779277,0.694846,0.672138,0.776558,0.745200,0.584703,0.790430,0.774659,0.843997,0.856194,0.786299,0.766727,0.771676,0.832943,0.824941,0.785989,0.795257,0.762165,0.902258,0.593642,0.793036,0.793779,0.837812,0.765248,0.847573,0.707792,0.389745,0.844224,0.633775,0.773306,0.509404,0.795369,0.750941,0.760197,0.749078,0.699954,0.768793,0.808370,0.803009,0.508217,0.533390,0.847941,0.684123,0.834348,0.727660,0.812054,0.676980,0.785972,0.778863,0.739210,0.747782,0.682667,0.804910,0.787115,0.374700,0.356740,0.670498,0.735035,0.515844,0.762973,0.825407,0.803718,0.804112,0.775061,0.389532,0.671278,0.545354,0.754533,0.871076,0.766845,0.722992,0.344505,0.802633,0.476517,0.697258,0.824974,0.565436,0.815493,0.806080,0.774216,0.769804,0.407383,0.703449,0.806001,0.701277,0.780372,0.801894,0.818912,0.896729,0.799832,0.739879,0.836883,0.856634,0.803061,0.746151,0.729571,0.794746,0.633437,0.815020,0.667151,0.587728,0.748492,0.830489,0.809263,0.830345,0.739259,0.777734,0.872170,0.612961,0.773708,0.802808,0.751970,0.812156,0.790900,0.359825,0.582049,0.785397,0.798424,0.606073,0.774435,0.744472,0.763728,0.731527,0.891063,0.744649,0.837785,0.874837,0.838654,0.791956,0.775458,0.743231,0.784652,0.794956,0.764106,0.658184,0.831066,0.722065,0.754176,0.742966,0.765580,0.659090,0.663675,0.784131,0.630616,0.625139,0.836798,0.708244,0.875931,0.864343,0.794022,0.683601,0.803232,0.840473,0.830098,0.737836,0.734488,0.589820,0.865939,0.858430,0.754545,0.671690,0.772020,0.862177,0.826032,0.795935,0.797073,0.731784,0.830086,0.812452,0.648549,0.711071,0.812472,0.666173,0.532771,0.872809,0.796236,0.795705,0.779336,0.825503,0.515976,0.688282,0.762989,0.575280,0.671975,0.868485,0.743585,0.504031,0.754430,0.738901,0.896751,0.338203,0.814668,0.740074,0.826111,0.781077,0.527488,0.895240,0.758916,0.485677,0.766431,0.783627,0.395674,0.777212,0.831942,0.794038,0.444729,0.853486,0.765076,0.544496,0.884018,0.800626,0.745206,0.833601,0.790747,0.798071,0.689493,0.797976,0.861976,0.824193,0.754593,0.836682,0.401868,0.474077,0.637616,0.820980,0.591146,0.756618,0.805310,0.509517,0.781446,0.828290,0.790466,0.803903,0.465856,0.757583,0.805381,0.804809,0.827832,0.860557,0.881330,0.748947,0.648711,0.819273,0.772183,0.799068,0.726795,0.542320,0.790586,0.836999,0.663408,0.826652,0.769575,0.708326,0.774869,0.824982,0.838453,0.827309,0.705921,0.801918,0.814318,0.875751,0.830628,0.798942,0.803324,0.648948,0.822882,0.763460,0.761251,0.814711,0.780764,0.806217,0.822684,0.751422,0.911463,0.788358,0.725331,0.802132,0.833776,0.778568,0.746693,0.769714,0.767078,0.751653,0.440089,0.835451,0.633945,0.607033,0.861794,0.764624,0.425569,0.763507,0.874351,0.606307,0.761543,0.765621,0.835555,0.854412,0.780126,0.695989,0.820918,0.814859,0.863530,0.692618,0.836697,0.816474,0.852377,0.819970,0.646383,0.724433,0.728387,0.705026,0.376077,0.805823,0.790234,0.751691,0.793587,0.875942,0.874732,0.761712,0.802580,0.893816,0.872822,0.649119,0.775488,0.709722,0.432574,0.696162,0.860281,0.770923,0.721741,0.747240,0.811373,0.892449,0.735466,0.836415,0.000000,0.713377,0.665938,0.811113,0.837031,0.674202,0.865096,0.754651,0.824812,0.786368,0.870615,0.676939,0.811665,0.854539,0.698219,0.715916,0.784108,0.869675,0.629563,0.736195
0.602346,0.426367,0.608176,0.628403,0.569028,0.592670,0.613795,0.589622,0.680975,0.588074,0.648715,0.659775,0.622265,0.636247,0.634393,0.579049,0.533402,0.645810,0.556191,0.673789,0.576963,0.624556,0.580149,0.578112,0.621991,0.678722,0.278482,0.605517,0.524896,0.592308,0.722739,0.615340,0.673937,0.628644,0.562923,0.667390,0.525005,0.509686,0.624711,0.570650,0.514757,0.670283,0.754578,0.791519,0.693354,0.679175,0.509430,0.653124,0.607031,0.630085,0.671038,0.752381,0.620228,0.744604,0.645044,0.631879,0.527140,0.588557,0.586231,0.653894,0.647469,0.711594,0.689136,0.586223,0.661615,0.520770,0.613386,0.620522,0.770975,0.702917,0.740793,0.623064,0.585151,0.617334,0.651663,0.712946,0.639116,0.502926,0.629889,0.625309,0.735059,0.593705,0.565515,0.717775,0.611565,0.694062,0.637357,0.596110,0.699937,0.573766,0.681722,0.541905,0.565880,0.584735,0.676494,0.696970,0.732966,0.612539,0.600686,0.541843,0.555503,0.648787,0.541714,0.602553,0.667850,0.602639,0.720029,0.580061,0.632958,0.644210,0.740161,0.601214,0.590813,0.547987,0.563567,0.639295,0.808918,0.576220,0.559003,0.562048,0.501392,0.680123,0.619323,0.732972,0.554859,0.590959,0.572236,0.584120,0.615297,0.667015,0.586939,0.654556,0.615924,0.468612,0.675695,0.584776,0.677725,0.694753,0.612392,0.546806,0.742422,0.736215,0.603618,0.605803,0.600853,0.700803,0.635584,0.665601,0.736152,0.680862,0.633046,0.689504,0.599900,0.631434,0.628169,0.624519,0.617324,0.763822,0.666611,0.606894,0.787016,0.652150,0.586638,0.616004,0.680643,0.643692,0.596005,0.732147,0.572481,0.650848,0.609282,0.571618,0.774629,0.618063,0.622260,0.363047,0.785838,0.629273,0.573580,0.702910,0.782800,0.696364,0.650671,0.576747,0.665042,0.742128,0.651779,0.618056,0.812583,0.627841,0.525897,0.576716,0.679309,0.723367,0.571173,0.554676,0.580030,0.518392,0.715573,0.687414,0.696553,0.651893,0.672579,0.586222,0.754801,0.579926,0.733831,0.601339,0.658298,0.713654,0.706842,0.638601,0.634394,0.706190,0.669203,0.629724,0.710544,0.816108,0.640644,0.668264,0.738375,0.675116,0.667027,0.542190,0.676885,0.644773,0.644195,0.695269,0.598372,0.673474,0.643005,0.676063,0.605543,0.617162,0.639176,0.626804,0.595812,0.693512,0.644954,0.664063,0.575260,0.683095,0.720662,0.718340,0.579820,0.709239,0.572477,0.577674,0.732197,0.606689,0.590562,0.695184,0.639043,0.645074,0.666747,0.610740,0.753595,0.725897,0.615881,0.764559,0.740099,0.756330,0.686267,0.624181,0.687689,0.577064,0.616301,0.759982,0.694210,0.639867,0.598900,0.542948,0.620862,0.704480,0.725652,0.669364,0.636706,0.616313,0.679758,0.547860,0.725755,0.798634,0.778624,0.646965,0.518187,0.640400,0.757850,0.587933,0.531339,0.682440,0.710285,0.655274,0.779994,0.671298,0.671188,0.598241,0.651668,0.791626,0.646310,0.666297,0.656986,0.616853,0.541965,0.611272,0.742598,0.725820,0.689980,0.660591,0.557100,0.710247,0.662951,0.589161,0.506570,0.633619,0.693490,0.725463,0.687092,0.572846,0.616079,0.733458,0.630464,0.739334,0.563712,0.556244,0.681680,0.694211,0.619287,0.594515,0.747408,0.658808,0.845547,0.681741,0.713012,0.595403,0.659652,0.622877,0.698302,0.547713,0.818768,0.764597,0.685900,0.627792,0.741444,0.706993,0.805544,0.661895,0.574558,0.751715,0.646499,0.593253,0.731822,0.680027,0.683177,0.617177,0.629045,0.754744,0.763792,0.352713,0.598094,0.817720,0.688091,0.721936,0.758643,0.612296,0.661530,0.584591,0.740044,0.759711,0.736348,0.670475,0.724909,0.754291,0.681330,0.674597,0.789499,0.563705,0.581458,0.623059,0.678822,0.589811,0.649809,0.590724,0.807835,0.528885,0.671025,0.661447,0.695304,0.687544,0.725345,0.682304,0.759869,0.575417,0.776129,0.541398,0.652419,0.682894,0.638742,0.668942,0.701729,0.572580,0.691456,0.705192,0.591236,0.603124,0.592991,0.602411,0.619514,0.599166,0.656081,0.651041,0.725909,0.666692,0.831145,0.643984,0.603259,0.664962,0.697760,0.570375,0.641433,0.853751,0.628013,0.620305,0.827005,0.727207,0.639406,0.594303,0.667180,0.636200,0.658032,0.786384,0.789089,0.717265,0.813491,0.691343,0.573623,0.734892,0.715980,0.720435,0.687028,0.676249,0.651205,0.729018,0.669271,0.629396,0.714703,0.762937,0.691109,0.738002,0.697459,0.690157,0.678469,0.798715,0.646782,0.515857,0.719122,0.662433,0.763723,0.786279,0.758303,0.787164,0.660080,0.667050,0.695673,0.771860,0.796208,0.675639,0.821772,0.722856,0.779752,0.631737,0.694302,0.622674,0.721957,0.665226,0.717542,0.830960,0.690853,0.708202,0.726884,0.598968,0.654956,0.713377,0.000000,0.655472,0.601410,0.608793,0.621262,0.768212,0.716449,0.760177,0.747535,0.734457,0.716155,0.562420,0.747738,0.566256,0.781610,0.728135,0.654162,0.702360,0.650911
0.602527,0.557625,0.604688,0.649738,0.597456,0.607786,0.678267,0.652586,0.557190,0.570953,0.697687,0.662692,0.478428,0.679005,0.478781,0.540958,0.522392,0.639217,0.508402,0.674934,0.461368,0.659419,0.480031,0.679517,0.511359,0.685459,0.486601,0.568064,0.598540,0.437605,0.671995,0.592852,0.634654,0.592121,0.425752,0.614655,0.567063,0.561343,0.693242,0.630773,0.478015,0.713104,0.667367,0.686848,0.664541,0.529999,0.552442,0.492771,0.557709,0.692960,0.662543,0.663918,0.558474,0.684675,0.616659,0.472998,0.614452,0.630903,0.666460,0.611459,0.516864,0.699082,0.643088,0.650553,0.644586,0.459615,0.560984,0.507934,0.479055,0.660557,0.578566,0.541405,0.559158,0.666302,0.566159,0.573200,0.691692,0.585151,0.654889,0.639522,0.768841,0.674066,0.620146,0.668677,0.547454,0.698075,0.723389,0.620921,0.626093,0.676006,0.589702,0.613806,0.634700,0.482622,0.614647,0.687682,0.667763,0.540315,0.667118,0.551038,0.521473,0.476990,0.594275,0.636102,0.608783,0.583156,0.641392,0.604194,0.487865,0.605476,0.682540,0.527120,0.630298,0.618066,0.625350,0.678851,0.745929,0.663601,0.637190,0.481998,0.602281,0.646631,0.616432,0.565021,0.570285,0.478366,0.677971,0.494821,0.628492,0.655194,0.618737,0.708517,0.617112,0.504769,0.584595,0.584841,0.568451,0.624777,0.608754,0.499733,0.645075,0.618457,0.704883,0.564422,0.721486,0.576504,0.662358,0.580365,0.697517,0.549872,0.608982,0.553596,0.634092,0.551513,0.563880,0.589548,0.666552,0.573525,0.572393,0.638636,0.679426,0.710545,0.525198,0.586976,0.711106,0.478852,0.559212,0.625327,0.640355,0.527955,0.577212,0.531325,0.693512,0.713223,0.445846,0.667306,0.629269,0.612064,0.586115,0.694179,0.766381,0.575788,0.702684,0.612901,0.577249,0.619007,0.548774,0.707018,0.706663,0.712792,0.604256,0.659169,0.583831,0.555568,0.705033,0.548036,0.631915,0.443955,0.800533,0.625298,0.608629,0.575617,0.520340,0.536795,0.663573,0.683784,0.683611,0.489823,0.543313,0.725250,0.632403,0.453885,0.483371,0.670686,0.820741,0.628232,0.509268,0.715714,0.639527,0.672256,0.636365,0.697480,0.558622,0.569841,0.674176,0.520902,0.685255,0.627073,0.662045,0.494963,0.550639,0.635077,0.545641,0.669443,0.682478,0.533067,0.652284,0.714164,0.790439,0.648003,0.643168,0.478044,0.647892,0.471987,0.535983,0.536492,0.683903,0.568606,0.670508,0.727411,0.498693,0.523318,0.741998,0.781821,0.548135,0.556402,0.648064,0.498847,0.586614,0.576563,0.679390,0.603833,0.663081,0.600518,0.629998,0.583824,0.666601,0.712998,0.525836,0.548629,0.710973,0.519242,0.714505,0.756609,0.648087,0.676744,0.595201,0.513840,0.569034,0.636450,0.466039,0.760815,0.616280,0.620834,0.572925,0.667470,0.658707,0.700831,0.598666,0.576452,0.617913,0.824907,0.647436,0.648516,0.612063,0.539428,0.475308,0.650714,0.699373,0.690385,0.515648,0.482497,0.374494,0.616242,0.713451,0.535263,0.510647,0.653415,0.569395,0.710444,0.562603,0.626490,0.576025,0.626565,0.646280,0.611778,0.496236,0.641385,0.468072,0.570263,0.582748,0.591652,0.777998,0.566557,0.641180,0.705865,0.482090,0.677728,0.675380,0.454183,0.771894,0.625177,0.520630,0.674267,0.636424,0.715563,0.699792,0.608068,0.814289,0.691798,0.639630,0.729717,0.656346,0.584237,0.746042,0.667877,0.641710,0.687043,0.572686,0.725217,0.709810,0.706046,0.526013,0.733655,0.583748,0.655622,0.712990,0.611716,0.563545,0.711645,0.638374,0.645975,0.644420,0.681248,0.697806,0.629265,0.623956,0.657987,0.755482,0.523487,0.645596,0.789301,0.667057,0.601834,0.673333,0.577769,0.693590,0.595148,0.659802,0.587363,0.616670,0.654018,0.658150,0.540108,0.698218,0.639306,0.613463,0.416092,0.688521,0.586475,0.669464,0.693040,0.632547,0.597958,0.697801,0.530961,0.587100,0.755426,0.587042,0.626384,0.791531,0.657658,0.533139,0.494782,0.594496,0.712911,0.664398,0.516476,0.747495,0.663940,0.632147,0.719220,0.668517,0.656036,0.739543,0.540695,0.518671,0.664217,0.673380,0.759599,0.714735,0.528448,0.779778,0.608002,0.618978,0.570331,0.560693,0.467346,0.568910,0.755600,0.767775,0.514734,0.724354,0.698457,0.514711,0.685665,0.706422,0.788129,0.585945,0.532169,0.631586,0.666526,0.685952,0.491172,0.642594,0.558870,0.698378,0.696532,0.588174,0.592526,0.660599,0.801100,0.773559,0.603889,0.552645,0.499063,0.611954,0.773547,0.615892,0.562412,0.488382,0.610207,0.673827,0.711614,0.723400,0.621566,0.775452,0.689705,0.507912,0.586962,0.623059,0.693018,0.553644,0.607729,0.746586,0.761696,0.575165,0.573228,0.699668,0.617719,0.662454,0.665938,0.655472,0.000000,0.694680,0.671018,0.417795,0.661915,0.541052,0.566513,0.520060,0.686354,0.465356,0.764457,0.750466,0.447917,0.492613,0.567687,0.558483,0.521230,0.459473
0.602534,0.490314,0.426301,0.561846,0.430300,0.502605,0.534773,0.444720,0.641876,0.436772,0.541202,0.509231,0.599726,0.344101,0.532819,0.440680,0.409523,0.666069,0.395042,0.739326,0.554834,0.476462,0.533360,0.444838,0.488027,0.480733,0.520428,0.456411,0.407646,0.540072,0.731490,0.488455,0.666756,0.632955,0.468399,0.659418,0.380380,0.497157,0.599854,0.441363,0.414369,0.670455,0.733971,0.648255,0.697028,0.635852,0.564802,0.551000,0.465259,0.533907,0.501740,0.722237,0.598252,0.734924,0.405952,0.594363,0.412646,0.414570,0.434421,0.522921,0.625930,0.469971,0.675708,0.699050,0.494182,0.433896,0.426355,0.594421,0.650749,0.698806,0.687573,0.628525,0.660338,0.545572,0.683790,0.686730,0.350027,0.392933,0.420456,0.657580,0.800799,0.427857,0.521310,0.706271,0.464715,0.673957,0.548887,0.351281,0.697204,0.514986,0.635575,0.458726,0.491712,0.423395,0.715924,0.659641,0.682275,0.622614,0.618249,0.614603,0.455381,0.642440,0.337217,0.445194,0.674617,0.429955,0.661818,0.422432,0.451894,0.655312,0.809356,0.503505,0.587517,0.497226,0.423676,0.483765,0.752617,0.802360,0.493845,0.485773,0.360271,0.461552,0.433900,0.679648,0.456884,0.516901,0.478826,0.486462,0.606404,0.502905,0.443245,0.672125,0.644812,0.368109,0.605469,0.357214,0.606255,0.636293,0.783690,0.494031,0.708187,0.731395,0.390164,0.632862,0.493718,0.699561,0.501722,0.603611,0.749495,0.727338,0.403144,0.678161,0.446194,0.458605,0.582450,0.406047,0.516690,0.729275,0.475851,0.579519,0.792051,0.466347,0.541470,0.416823,0.595456,0.567543,0.393604,0.721906,0.407592,0.513493,0.617488,0.518280,0.723913,0.555025,0.603072,0.517113,0.802224,0.595100,0.544236,0.675739,0.649244,0.759968,0.635171,0.446350,0.468765,0.722769,0.613672,0.575961,0.829444,0.663480,0.507027,0.440134,0.726974,0.749693,0.618414,0.385505,0.480493,0.537687,0.782899,0.516123,0.694849,0.710386,0.690131,0.432595,0.794330,0.630199,0.807178,0.520614,0.495795,0.654096,0.735050,0.547918,0.628696,0.626204,0.657809,0.415884,0.535351,0.840026,0.530734,0.682263,0.703864,0.620042,0.621587,0.542724,0.456556,0.467724,0.424359,0.773498,0.541173,0.685822,0.767579,0.652931,0.463880,0.604601,0.572899,0.533164,0.695889,0.640447,0.692050,0.451214,0.398776,0.505210,0.692458,0.616457,0.573217,0.681283,0.682179,0.441931,0.723087,0.476968,0.606699,0.592033,0.570029,0.629441,0.644868,0.497847,0.787741,0.716449,0.590945,0.648468,0.731342,0.686015,0.465692,0.552116,0.732196,0.442147,0.396510,0.575680,0.703167,0.526926,0.557358,0.390906,0.568832,0.745780,0.779472,0.472860,0.690577,0.475564,0.469531,0.399277,0.748656,0.533177,0.673453,0.399733,0.536417,0.529962,0.726585,0.475354,0.536074,0.692346,0.737808,0.700336,0.732670,0.583677,0.560611,0.542217,0.687667,0.793877,0.509068,0.565307,0.505294,0.662944,0.638315,0.609108,0.552687,0.736246,0.601283,0.621454,0.551151,0.725045,0.504945,0.594125,0.492366,0.494799,0.746609,0.695206,0.600063,0.418981,0.514205,0.651330,0.551670,0.802926,0.689365,0.453574,0.803670,0.774335,0.595752,0.431609,0.783620,0.559864,0.707303,0.637706,0.650993,0.405297,0.668474,0.609865,0.757582,0.452197,0.842964,0.562390,0.510466,0.826512,0.697074,0.516060,0.737963,0.688474,0.467842,0.678305,0.459480,0.854094,0.811088,0.761848,0.735858,0.611995,0.624270,0.804123,0.856747,0.511837,0.558967,0.814604,0.746996,0.601994,0.672661,0.488476,0.661370,0.497689,0.760851,0.691239,0.739097,0.674421,0.655810,0.682016,0.508607,0.441971,0.838247,0.725315,0.640272,0.478211,0.451794,0.659359,0.424113,0.628634,0.745659,0.614790,0.540643,0.649501,0.527873,0.670982,0.703993,0.458001,0.705681,0.510276,0.839363,0.427904,0.653331,0.607301,0.523930,0.633439,0.654742,0.556317,0.681968,0.677512,0.410203,0.585965,0.494368,0.749637,0.766899,0.486846,0.703811,0.697349,0.696782,0.701385,0.763974,0.436123,0.534571,0.684818,0.630362,0.614130,0.780466,0.828424,0.767419,0.771547,0.816670,0.723749,0.496356,0.388290,0.809552,0.693947,0.476109,0.757812,0.726122,0.633538,0.894601,0.742065,0.451909,0.676605,0.805839,0.599866,0.713919,0.754489,0.651336,0.678701,0.674344,0.661333,0.704390,0.687718,0.700970,0.558765,0.588075,0.745325,0.624581,0.768722,0.692857,0.678605,0.677553,0.639280,0.575460,0.839948,0.695783,0.823866,0.728378,0.512560,0.649255,0.735877,0.804520,0.722145,0.833768,0.688828,0.759574,0.529839,0.620895,0.703442,0.716059,0.621127,0.460007,0.855162,0.641741,0.679292,0.577514,0.625999,0.665233,0.811113,0.601410,0.694680,0.000000,0.575685,0.549508,0.515790,0.778093,0.661583,0.752532,0.743868,0.672645,0.568168,0.793219,0.495538,0.806486,0.527961,0.414846,0.696355,0.620641
0.602784,0.577937,0.478670,0.460879,0.460499,0.586929,0.684040,0.536251,0.640228,0.598213,0.697938,0.598904,0.622297,0.592085,0.601093,0.618920,0.445933,0.662271,0.454861,0.737286,0.574954,0.626395,0.563747,0.603937,0.582836,0.611248,0.508053,0.525432,0.448377,0.554220,0.835222,0.491057,0.775813,0.638061,0.506944,0.769980,0.569100,0.574341,0.734466,0.541558,0.428559,0.841928,0.759170,0.651770,0.738896,0.595557,0.489301,0.555044,0.459573,0.726850,0.591980,0.836156,0.690560,0.803011,0.591798,0.549595,0.456425,0.566820,0.641739,0.554906,0.639123,0.610416,0.701931,0.804621,0.633308,0.516335,0.468354,0.625434,0.737460,0.775164,0.660716,0.638055,0.745916,0.602654,0.674976,0.814497,0.660116,0.502005,0.613146,0.771323,0.732140,0.660583,0.397052,0.801944,0.446592,0.781376,0.613032,0.463766,0.677656,0.742655,0.806610,0.558777,0.586033,0.503292,0.610428,0.794461,0.768514,0.634083,0.466443,0.663934,0.508670,0.589107,0.513166,0.556654,0.624923,0.564016,0.802062,0.561418,0.513127,0.759200,0.833394,0.429456,0.715460,0.608672,0.527386,0.582865,0.841685,0.609509,0.667646,0.602352,0.571820,0.491530,0.469565,0.660131,0.576593,0.699446,0.513284,0.667768,0.641101,0.647151,0.468652,0.665584,0.751384,0.541165,0.602933,0.454505,0.700879,0.819257,0.735874,0.650844,0.788111,0.691824,0.576384,0.694987,0.637829,0.656242,0.644485,0.559775,0.773130,0.627700,0.472091,0.658540,0.515483,0.443608,0.671848,0.570568,0.729278,0.786555,0.530340,0.691894,0.744719,0.571801,0.513912,0.461120,0.688059,0.737055,0.452255,0.671711,0.572073,0.549829,0.624426,0.496603,0.829882,0.692187,0.705659,0.595268,0.794239,0.556243,0.520063,0.856582,0.699185,0.673752,0.727664,0.609117,0.454962,0.852623,0.675945,0.616127,0.903814,0.670208,0.486507,0.622092,0.711135,0.759521,0.628552,0.466092,0.594714,0.557976,0.858373,0.550895,0.755004,0.771374,0.701367,0.466272,0.871127,0.736374,0.687928,0.633544,0.591339,0.768107,0.790963,0.607969,0.630787,0.629805,0.723064,0.421661,0.581689,0.890781,0.657374,0.724140,0.617868,0.561936,0.672565,0.647892,0.563703,0.504634,0.478164,0.851379,0.553327,0.638379,0.826892,0.670813,0.506236,0.558739,0.623880,0.581902,0.783349,0.521082,0.748253,0.554885,0.424676,0.515892,0.712716,0.691962,0.644117,0.721452,0.850968,0.520015,0.736182,0.692545,0.573195,0.585420,0.690261,0.610446,0.639649,0.439713,0.697200,0.737093,0.587528,0.696425,0.846056,0.799485,0.600250,0.611563,0.685895,0.548645,0.633038,0.612828,0.624960,0.594338,0.746841,0.575880,0.595786,0.570939,0.652849,0.571859,0.743675,0.533562,0.498970,0.454808,0.770212,0.609382,0.621915,0.442216,0.577710,0.654553,0.706713,0.723856,0.585146,0.601511,0.822420,0.714015,0.743516,0.624178,0.694623,0.651666,0.707494,0.674219,0.584844,0.571547,0.538572,0.635669,0.672059,0.653165,0.653885,0.757026,0.676467,0.550825,0.511278,0.635616,0.526545,0.782204,0.567873,0.644300,0.736633,0.607555,0.657931,0.621157,0.505620,0.784300,0.595623,0.792253,0.880132,0.598651,0.755633,0.849054,0.637770,0.627105,0.860958,0.657348,0.661257,0.748772,0.775713,0.456521,0.785583,0.755341,0.775950,0.641294,0.737230,0.506041,0.481379,0.876534,0.714382,0.679457,0.827687,0.746531,0.674315,0.848218,0.486547,0.741375,0.833072,0.783475,0.771338,0.650748,0.636834,0.711736,0.706124,0.574183,0.659072,0.649445,0.778690,0.631258,0.651814,0.742710,0.780078,0.560444,0.628833,0.822452,0.840177,0.789432,0.659904,0.846229,0.540117,0.542300,0.818803,0.616128,0.622691,0.505093,0.574860,0.698009,0.461392,0.786833,0.730829,0.701051,0.667059,0.666707,0.603291,0.641724,0.615679,0.547425,0.633189,0.660309,0.803304,0.622613,0.828475,0.663804,0.511223,0.648706,0.745560,0.637842,0.814228,0.791437,0.600891,0.683294,0.483423,0.826259,0.774175,0.570488,0.853959,0.708378,0.728444,0.787143,0.716559,0.575060,0.675614,0.788970,0.687733,0.650874,0.787855,0.712342,0.885793,0.702156,0.706391,0.777529,0.584472,0.548322,0.762682,0.602463,0.522346,0.871285,0.661133,0.587711,0.756516,0.675733,0.657680,0.690167,0.564606,0.693282,0.627155,0.801221,0.636336,0.769098,0.650350,0.703091,0.570763,0.725927,0.713455,0.660831,0.588712,0.617499,0.568094,0.794147,0.795060,0.777760,0.677647,0.684191,0.599597,0.844677,0.718901,0.769944,0.724325,0.478071,0.593186,0.721124,0.953027,0.847936,0.670416,0.745794,0.769215,0.501150,0.599983,0.754494,0.796978,0.725790,0.655444,0.848546,0.674841,0.711816,0.787245,0.544104,0.698576,0.837031,0.608793,0.671018,0.575685,0.000000,0.564224,0.568395,0.707012,0.608025,0.751262,0.688166,0.695246,0.727776,0.727464,0.610685,0.702060,0.610859,0.556979,0.786850,0.552870
0.602800,0.544994,0.562750,0.631112,0.535121,0.611680,0.719722,0.541760,0.640994,0.614395,0.721309,0.654988,0.481081,0.621858,0.495003,0.488775,0.382218,0.735237,0.416059,0.719791,0.495067,0.514958,0.490901,0.546151,0.525186,0.660132,0.475196,0.461077,0.437337,0.407699,0.715907,0.523962,0.551654,0.574999,0.257622,0.636078,0.517562,0.546537,0.704673,0.492257,0.343393,0.752553,0.650712,0.675376,0.694007,0.541520,0.559217,0.464466,0.439188,0.699765,0.624076,0.747588,0.546520,0.661988,0.616020,0.452490,0.485002,0.519136,0.633249,0.619629,0.533951,0.623281,0.555602,0.760546,0.638631,0.382569,0.508507,0.476461,0.626078,0.738026,0.579930,0.548076,0.681844,0.682392,0.595375,0.686943,0.608714,0.471499,0.563668,0.725661,0.817873,0.645135,0.559882,0.631964,0.406320,0.724766,0.687373,0.470116,0.604399,0.650806,0.684283,0.497697,0.659249,0.427127,0.584818,0.710214,0.754452,0.539400,0.613133,0.586885,0.528096,0.537930,0.498162,0.579416,0.526292,0.569931,0.634439,0.601024,0.337289,0.630024,0.740453,0.425370,0.672261,0.616746,0.544917,0.516023,0.713257,0.734602,0.587519,0.518002,0.549907,0.484282,0.491007,0.572974,0.508003,0.503820,0.616597,0.391247,0.637508,0.602466,0.519495,0.798994,0.666432,0.483069,0.576474,0.432498,0.593415,0.670974,0.819645,0.447371,0.662014,0.558827,0.549040,0.646198,0.664788,0.503116,0.698210,0.520124,0.757096,0.571033,0.423564,0.492689,0.460643,0.433997,0.635152,0.548528,0.655360,0.757686,0.508667,0.700926,0.716774,0.656602,0.460596,0.407944,0.643016,0.428987,0.417696,0.692946,0.496617,0.424659,0.582306,0.468785,0.678592,0.742124,0.524797,0.615880,0.693433,0.495583,0.448599,0.751050,0.634894,0.658932,0.800293,0.588954,0.497461,0.725770,0.531328,0.701703,0.737581,0.689541,0.467633,0.575055,0.609438,0.702443,0.736693,0.417382,0.498788,0.346036,0.856419,0.620480,0.606475,0.591053,0.602469,0.383542,0.794425,0.630948,0.746775,0.439089,0.499817,0.723221,0.622647,0.211758,0.488418,0.645014,0.806194,0.440401,0.298044,0.777102,0.660034,0.570817,0.695825,0.584487,0.552220,0.489129,0.617338,0.415074,0.493130,0.695852,0.457094,0.604631,0.613110,0.648259,0.514214,0.646297,0.579059,0.407194,0.699268,0.617370,0.782841,0.610774,0.432533,0.160665,0.676969,0.555191,0.597414,0.566811,0.721914,0.478945,0.647495,0.661284,0.513310,0.445336,0.774232,0.792420,0.572496,0.464103,0.626502,0.621013,0.633926,0.735718,0.690393,0.637948,0.620758,0.654520,0.678507,0.533950,0.565884,0.574644,0.596850,0.570455,0.638777,0.472948,0.613774,0.756272,0.709857,0.644802,0.630735,0.460198,0.460011,0.527628,0.607327,0.677541,0.600532,0.425606,0.540841,0.637325,0.651758,0.600151,0.481363,0.582440,0.717658,0.817832,0.680232,0.650506,0.671958,0.507688,0.514056,0.688796,0.606816,0.545862,0.461915,0.466678,0.430495,0.639865,0.648953,0.555495,0.536553,0.723260,0.458916,0.718907,0.475027,0.625248,0.454877,0.641221,0.689944,0.531963,0.635817,0.574852,0.351236,0.589574,0.530848,0.696140,0.791200,0.536525,0.736977,0.747957,0.431608,0.637454,0.738395,0.591817,0.694907,0.622837,0.556626,0.535935,0.747866,0.707260,0.680423,0.568003,0.857292,0.556302,0.518396,0.839725,0.649045,0.611853,0.675943,0.727220,0.615874,0.669368,0.449074,0.823975,0.861873,0.674638,0.584867,0.768642,0.475681,0.755090,0.753777,0.592425,0.428736,0.732965,0.749002,0.577365,0.638143,0.669470,0.719532,0.474683,0.656143,0.666249,0.735067,0.585002,0.626262,0.783478,0.618139,0.541424,0.750831,0.592821,0.713265,0.452258,0.623551,0.603168,0.443761,0.686336,0.677037,0.653155,0.712908,0.600243,0.575232,0.583885,0.736755,0.567516,0.680147,0.713623,0.671334,0.515567,0.765389,0.578931,0.614486,0.787629,0.624611,0.531447,0.779150,0.709480,0.462673,0.510171,0.481417,0.756542,0.766464,0.475671,0.843723,0.696474,0.671260,0.719974,0.661351,0.618392,0.675529,0.574684,0.552453,0.621089,0.762127,0.798510,0.847264,0.595070,0.782092,0.628260,0.519358,0.444153,0.634785,0.505750,0.492436,0.626000,0.680880,0.511704,0.770812,0.762693,0.409476,0.647476,0.744586,0.691858,0.478356,0.655160,0.625214,0.645076,0.768929,0.535456,0.572142,0.447406,0.648432,0.667436,0.542134,0.685908,0.625455,0.830978,0.731427,0.742648,0.540358,0.522001,0.481998,0.772670,0.676199,0.774130,0.637173,0.475652,0.685499,0.774694,0.818392,0.730948,0.813585,0.686391,0.576458,0.516390,0.525433,0.701664,0.655157,0.620209,0.589521,0.823455,0.630157,0.637334,0.703056,0.535861,0.658117,0.674202,0.621262,0.417795,0.549508,0.564224,0.000000,0.613427,0.704335,0.650059,0.727436,0.689938,0.502889,0.656476,0.783674,0.391531,0.598623,0.513700,0.478980,0.621523,0.386399
0.602865,0.553198,0.342555,0.518546,0.411294,0.545900,0.703490,0.396587,0.673194,0.521632,0.712257,0.600611,0.660414,0.523404,0.618154,0.471042,0.448358,0.715812,0.411256,0.773355,0.627041,0.555708,0.618108,0.608628,0.551312,0.551400,0.571997,0.457900,0.429986,0.533578,0.793554,0.569891,0.726782,0.749675,0.461118,0.744307,0.636879,0.593968,0.741643,0.501520,0.447635,0.827285,0.802844,0.612237,0.806311,0.626167,0.541166,0.495746,0.486817,0.713397,0.469197,0.810874,0.743058,0.779714,0.486420,0.573568,0.473031,0.528776,0.602983,0.603917,0.641876,0.597023,0.725620,0.798304,0.603120,0.504477,0.390840,0.627446,0.665240,0.717598,0.763373,0.688966,0.721163,0.554218,0.735393,0.816953,0.530540,0.542328,0.390988,0.650722,0.822934,0.494489,0.534464,0.794043,0.386222,0.841473,0.522822,0.383689,0.749181,0.709409,0.790891,0.476288,0.517284,0.447425,0.706753,0.836656,0.759468,0.674351,0.570197,0.724105,0.523562,0.719236,0.482089,0.413807,0.743226,0.538968,0.758538,0.521413,0.411986,0.804911,0.897867,0.427192,0.679436,0.622452,0.391194,0.474689,0.803769,0.840194,0.662866,0.586024,0.566132,0.347301,0.300466,0.671129,0.636867,0.494195,0.455266,0.614181,0.742725,0.599192,0.359038,0.747890,0.772007,0.567851,0.660473,0.401752,0.633142,0.801559,0.836729,0.666397,0.808402,0.748701,0.387754,0.833173,0.421313,0.732693,0.513623,0.690081,0.887356,0.764384,0.330246,0.718630,0.438187,0.410266,0.607553,0.484917,0.687551,0.851089,0.589600,0.740988,0.788186,0.451048,0.540907,0.364469,0.665149,0.680932,0.431457,0.741609,0.509567,0.540658,0.722738,0.502164,0.751824,0.779367,0.677547,0.663294,0.871012,0.629698,0.558766,0.733441,0.594381,0.794026,0.743334,0.488434,0.308994,0.815855,0.687990,0.689445,0.860242,0.734891,0.533512,0.393119,0.779234,0.853492,0.631040,0.365457,0.519967,0.538095,0.859644,0.494898,0.771669,0.804419,0.836266,0.396770,0.903920,0.765404,0.786264,0.611246,0.640297,0.703247,0.835636,0.602966,0.666956,0.626293,0.671521,0.343158,0.537042,0.946216,0.414415,0.686983,0.784902,0.571429,0.713743,0.557328,0.348880,0.433039,0.310051,0.862297,0.648142,0.697307,0.899695,0.745298,0.466515,0.580909,0.635451,0.552514,0.828831,0.667665,0.704225,0.352954,0.368661,0.500899,0.718598,0.652545,0.573105,0.752729,0.848444,0.411538,0.712980,0.582333,0.620427,0.635168,0.708399,0.655537,0.710502,0.451882,0.765300,0.699847,0.540162,0.713891,0.850330,0.789272,0.343673,0.578274,0.777044,0.415017,0.472672,0.579659,0.677061,0.516921,0.763873,0.496365,0.582926,0.707452,0.797874,0.310250,0.812305,0.623689,0.368675,0.405923,0.841944,0.608351,0.601392,0.358174,0.777270,0.446592,0.763227,0.627036,0.561548,0.732847,0.800086,0.758068,0.802668,0.587075,0.691423,0.535626,0.793392,0.791431,0.494318,0.509796,0.586735,0.615838,0.712750,0.633940,0.427239,0.834814,0.714030,0.564184,0.498411,0.698758,0.441784,0.768479,0.561355,0.556997,0.752018,0.734080,0.618863,0.345382,0.435351,0.749589,0.577701,0.796919,0.850971,0.536975,0.796159,0.837300,0.724962,0.495020,0.811915,0.630445,0.592156,0.672065,0.757987,0.438547,0.789912,0.670967,0.765102,0.580849,0.783241,0.445455,0.448080,0.901534,0.631157,0.683815,0.802398,0.790871,0.567385,0.810320,0.421971,0.861676,0.782503,0.804116,0.801644,0.778608,0.661949,0.779969,0.899683,0.635986,0.611263,0.873345,0.805319,0.652619,0.665200,0.688018,0.843889,0.450169,0.728287,0.786846,0.777037,0.746056,0.683880,0.788370,0.478789,0.368978,0.898084,0.771899,0.733472,0.432616,0.269546,0.745870,0.345319,0.656873,0.824519,0.716678,0.515024,0.738869,0.439774,0.687155,0.752432,0.340159,0.717594,0.671267,0.878033,0.435131,0.700353,0.647448,0.478679,0.772304,0.809202,0.549191,0.771021,0.810494,0.418833,0.708409,0.515174,0.897184,0.805038,0.453374,0.841339,0.800179,0.764948,0.769344,0.806680,0.352103,0.711390,0.807585,0.699398,0.673146,0.819029,0.796917,0.851921,0.802763,0.843844,0.786798,0.434416,0.543632,0.901416,0.706708,0.344384,0.844045,0.684387,0.582327,0.913891,0.744715,0.661031,0.756344,0.891319,0.650484,0.694916,0.808809,0.620778,0.744288,0.723700,0.806292,0.662947,0.692141,0.659505,0.505593,0.594074,0.651977,0.426828,0.695891,0.820117,0.797987,0.633292,0.711743,0.506328,0.931433,0.751059,0.836763,0.789471,0.444266,0.685382,0.736275,0.893438,0.784233,0.791593,0.730084,0.759412,0.519513,0.552851,0.805945,0.796002,0.659991,0.541219,0.914629,0.729083,0.677086,0.762324,0.653711,0.753584,0.865096,0.768212,0.661915,0.515790,0.568395,0.613427,0.000000,0.706775,0.565650,0.828508,0.733956,0.690111,0.744412,0.752911,0.631022,0.753024,0.461747,0.599230,0.797330,0.618993
0.603030,0.632503,0.649203,0.649259,0.704670,0.732895,0.723259,0.654072,0.685703,0.677208,0.719505,0.667360,0.567362,0.735165,0.549102,0.647538,0.718584,0.658606,0.667215,0.620696,0.610564,0.758233,0.722677,0.752914,0.660976,0.773154,0.512072,0.681035,0.636097,0.638164,0.698958,0.581100,0.684317,0.591230,0.648410,0.735734,0.688672,0.742827,0.739825,0.768857,0.588216,0.758082,0.713885,0.623888,0.734999,0.581306,0.638950,0.631268,0.593221,0.813208,0.648647,0.716375,0.637172,0.707066,0.671645,0.498442,0.672181,0.716986,0.698370,0.675489,0.657561,0.666725,0.681508,0.682674,0.721392,0.694329,0.582741,0.658401,0.641608,0.676984,0.606556,0.624178,0.738902,0.743759,0.605860,0.695594,0.821053,0.679118,0.746948,0.752435,0.780950,0.760903,0.687840,0.754140,0.703516,0.735180,0.761765,0.674150,0.627677,0.736628,0.683517,0.683411,0.740358,0.662876,0.654460,0.760091,0.689037,0.595151,0.737411,0.726546,0.583093,0.472917,0.769773,0.703921,0.613642,0.743187,0.658900,0.711793,0.638832,0.736840,0.796094,0.586747,0.810754,0.795459,0.630277,0.657987,0.751646,0.622299,0.800799,0.693808,0.717286,0.739814,0.675713,0.629143,0.723744,0.726717,0.712387,0.659535,0.582431,0.795045,0.656533,0.704173,0.636546,0.705141,0.688946,0.667797,0.512948,0.722016,0.727902,0.697562,0.671286,0.669290,0.750063,0.671930,0.673725,0.714574,0.707128,0.514481,0.658127,0.408325,0.731010,0.634966,0.691557,0.637069,0.621271,0.751166,0.808411,0.754815,0.584427,0.688963,0.708081,0.788378,0.715254,0.706049,0.814036,0.652215,0.628138,0.634039,0.717413,0.733537,0.693124,0.569751,0.699097,0.766159,0.596407,0.781950,0.632082,0.754517,0.684465,0.672628,0.712639,0.402714,0.716500,0.653822,0.676402,0.769713,0.641933,0.745212,0.763295,0.801246,0.675337,0.756991,0.579903,0.722686,0.575554,0.712545,0.717771,0.672964,0.771216,0.619958,0.732616,0.741460,0.715599,0.711399,0.732393,0.807577,0.634106,0.643233,0.596803,0.632451,0.736651,0.663582,0.618334,0.659188,0.719546,0.765013,0.608245,0.806182,0.700533,0.715176,0.529035,0.739970,0.587829,0.714646,0.734584,0.684026,0.696481,0.703447,0.682834,0.699763,0.798462,0.634133,0.618987,0.720371,0.701108,0.685106,0.759757,0.751170,0.719957,0.614448,0.677450,0.699170,0.743260,0.726323,0.662256,0.561498,0.815683,0.645634,0.696827,0.748308,0.658343,0.602183,0.692839,0.712896,0.577128,0.624174,0.728685,0.647750,0.706934,0.626758,0.698360,0.613651,0.654893,0.764603,0.694744,0.697755,0.764527,0.836688,0.362214,0.746487,0.815283,0.766795,0.709399,0.713343,0.618535,0.633471,0.753527,0.600172,0.690042,0.732618,0.530322,0.760712,0.535399,0.727119,0.690010,0.706179,0.557786,0.816471,0.677517,0.583631,0.693961,0.769804,0.608052,0.728148,0.753345,0.698001,0.569729,0.661040,0.641766,0.690169,0.673536,0.643588,0.556029,0.804678,0.739819,0.547954,0.663241,0.576359,0.753155,0.691341,0.635550,0.806803,0.616810,0.665494,0.683422,0.744563,0.486493,0.750402,0.628014,0.628997,0.701598,0.612580,0.762973,0.712065,0.683555,0.789937,0.564569,0.761479,0.803090,0.515372,0.668451,0.590838,0.634988,0.776034,0.582158,0.684431,0.742847,0.843303,0.711967,0.736690,0.636121,0.780741,0.766707,0.587373,0.778637,0.687422,0.803288,0.711569,0.679871,0.755399,0.715297,0.715761,0.694988,0.724099,0.746432,0.716480,0.652303,0.799890,0.697944,0.719621,0.717112,0.697266,0.726380,0.859958,0.752070,0.702542,0.614536,0.707219,0.752568,0.600447,0.715805,0.671483,0.803026,0.661488,0.765722,0.814104,0.719294,0.695664,0.673065,0.723391,0.699612,0.653910,0.583367,0.809517,0.634938,0.756846,0.828952,0.455178,0.613674,0.710631,0.690948,0.723433,0.635251,0.786346,0.728877,0.426330,0.607288,0.707475,0.720004,0.676468,0.784993,0.712598,0.689012,0.679140,0.742570,0.769814,0.786315,0.667627,0.852689,0.676353,0.581255,0.772868,0.646492,0.650382,0.843315,0.669637,0.602673,0.774336,0.712465,0.726790,0.816621,0.667693,0.714568,0.700950,0.673683,0.652950,0.718130,0.573045,0.655043,0.709151,0.681718,0.486156,0.672754,0.774947,0.768976,0.796090,0.721534,0.805404,0.697243,0.554202,0.568131,0.690503,0.688872,0.647215,0.671505,0.660627,0.668313,0.660475,0.693547,0.548068,0.709384,0.785583,0.754232,0.735779,0.584325,0.660050,0.717444,0.786268,0.371259,0.711702,0.685200,0.635485,0.646718,0.692814,0.715317,0.732440,0.673409,0.762374,0.454105,0.640978,0.644722,0.758264,0.485312,0.683350,0.775055,0.806389,0.618445,0.739810,0.818618,0.492919,0.696373,0.754651,0.716449,0.541052,0.778093,0.707012,0.704335,0.706775,0.000000,0.639083,0.765464,0.728278,0.483819,0.825493,0.674864,0.686703,0.496324,0.673346,0.740769,0.516964,0.522051
0.603050,0.580217,0.502995,0.552205,0.509241,0.549372,0.585918,0.617129,0.634169,0.547622,0.594508,0.602368,0.575427,0.586130,0.562516,0.565713,0.631723,0.680961,0.587705,0.648150,0.576270,0.664128,0.614479,0.663104,0.615650,0.654441,0.533519,0.589739,0.579375,0.589626,0.827340,0.615320,0.795243,0.738908,0.602338,0.595756,0.532181,0.593924,0.638721,0.646152,0.534606,0.792823,0.744351,0.695585,0.694995,0.613380,0.556536,0.536552,0.569032,0.668091,0.639693,0.762716,0.726584,0.812643,0.613686,0.563508,0.621122,0.583588,0.591824,0.737211,0.620307,0.682981,0.735517,0.712401,0.672858,0.657200,0.527868,0.645863,0.599213,0.708343,0.633969,0.611956,0.684881,0.576269,0.603046,0.770808,0.682034,0.613852,0.591288,0.672525,0.743953,0.639543,0.571920,0.844542,0.575478,0.693353,0.688837,0.618506,0.755216,0.695630,0.694779,0.618101,0.584788,0.628545,0.787949,0.678087,0.716770,0.639008,0.688965,0.678765,0.597629,0.537480,0.581005,0.576465,0.720031,0.631121,0.823529,0.607681,0.572655,0.696827,0.825435,0.540527,0.613764,0.605551,0.561429,0.634710,0.898310,0.659139,0.733848,0.638663,0.608032,0.640478,0.504070,0.670100,0.663441,0.649599,0.627355,0.707055,0.702102,0.611827,0.518185,0.598335,0.680885,0.585132,0.630324,0.604913,0.655391,0.741497,0.767067,0.698019,0.723572,0.824546,0.680122,0.680531,0.714915,0.730960,0.724311,0.608919,0.727487,0.594531,0.573103,0.696457,0.620181,0.533609,0.689369,0.658180,0.675484,0.745572,0.653107,0.678804,0.570347,0.693416,0.597554,0.613972,0.664473,0.766555,0.578768,0.696206,0.620126,0.727839,0.592618,0.573338,0.807348,0.643515,0.597471,0.729342,0.769917,0.647080,0.534656,0.792430,0.767602,0.611430,0.718962,0.704845,0.517755,0.791905,0.657163,0.667067,0.835761,0.712143,0.584267,0.699368,0.669944,0.677353,0.640670,0.613593,0.677168,0.648523,0.794640,0.718982,0.814274,0.792023,0.740807,0.588929,0.844883,0.744087,0.649370,0.652795,0.578198,0.776549,0.851393,0.711972,0.659793,0.643184,0.755083,0.594620,0.631140,0.850588,0.706272,0.758434,0.697595,0.598101,0.660769,0.661162,0.653999,0.620923,0.670051,0.898217,0.619864,0.595236,0.751259,0.673335,0.533635,0.593481,0.679766,0.661620,0.779040,0.735873,0.673371,0.621726,0.620148,0.614301,0.777064,0.578746,0.684049,0.755544,0.812210,0.539594,0.753262,0.676248,0.542667,0.615418,0.706627,0.733144,0.714361,0.592254,0.614538,0.553259,0.519748,0.561059,0.900860,0.740531,0.617190,0.555184,0.714288,0.551997,0.713541,0.712045,0.625318,0.552734,0.807203,0.630582,0.686710,0.578093,0.677498,0.633344,0.755151,0.665543,0.561543,0.587933,0.610402,0.736481,0.599630,0.617328,0.683124,0.637153,0.751991,0.747221,0.676491,0.709322,0.806703,0.700833,0.681998,0.599280,0.736750,0.649560,0.656458,0.552970,0.596626,0.629275,0.624493,0.582890,0.621017,0.678728,0.750122,0.682554,0.656880,0.645202,0.666071,0.580418,0.607419,0.721706,0.678143,0.664361,0.567739,0.797831,0.579040,0.687039,0.553279,0.706053,0.737980,0.587645,0.737027,0.667147,0.621145,0.852428,0.691692,0.597664,0.750816,0.595934,0.638727,0.627413,0.740921,0.646617,0.755937,0.751196,0.825896,0.650246,0.713945,0.633023,0.595394,0.925454,0.706757,0.677237,0.872229,0.749046,0.635244,0.903225,0.586585,0.706254,0.742685,0.875098,0.717945,0.682844,0.609003,0.619387,0.775431,0.697480,0.625588,0.732690,0.696012,0.630501,0.681255,0.738193,0.765659,0.623309,0.647101,0.808702,0.837842,0.675590,0.611084,0.877109,0.648433,0.570182,0.808588,0.736761,0.658674,0.640239,0.633678,0.779928,0.620311,0.735275,0.788411,0.682213,0.717058,0.578109,0.646331,0.598476,0.737713,0.512637,0.604321,0.694612,0.809377,0.663405,0.692906,0.558922,0.574253,0.662822,0.664858,0.656416,0.730982,0.704887,0.665505,0.646772,0.631643,0.786745,0.697324,0.622110,0.739896,0.708350,0.682847,0.722357,0.725297,0.569762,0.843582,0.765205,0.619155,0.692754,0.768453,0.619894,0.748198,0.726453,0.734722,0.631486,0.633161,0.580040,0.679032,0.613697,0.478276,0.840231,0.669892,0.611959,0.711710,0.676302,0.761777,0.799907,0.728865,0.642199,0.723450,0.707159,0.657586,0.625594,0.665927,0.659649,0.754953,0.655884,0.715803,0.764229,0.552356,0.680982,0.664920,0.796121,0.825089,0.751089,0.632053,0.592929,0.654828,0.893204,0.651919,0.704846,0.726628,0.623693,0.636308,0.634329,0.845864,0.733646,0.696771,0.755745,0.628723,0.523621,0.665896,0.867108,0.700378,0.628937,0.636383,0.779342,0.636754,0.612494,0.735273,0.645492,0.674641,0.824812,0.760177,0.566513,0.661583,0.608025,0.650059,0.565650,0.639083,0.000000,0.758281,0.772937,0.613754,0.738686,0.644974,0.622215,0.570232,0.635093,0.551841,0.685627,0.558402
0.603124,0.608868,0.694658,0.689214,0.668014,0.597624,0.573951,0.759310,0.453971,0.594989,0.587177,0.613030,0.633500,0.678400,0.636698,0.731352,0.671788,0.644051,0.657691,0.618296,0.509514,0.779809,0.444025,0.730560,0.639310,0.717992,0.703791,0.799442,0.762663,0.732070,0.645055,0.720763,0.809384,0.680418,0.717957,0.543572,0.527395,0.611611,0.528694,0.730671,0.729922,0.712167,0.712931,0.741771,0.542303,0.702134,0.662419,0.710455,0.719927,0.586807,0.694967,0.566505,0.689185,0.769881,0.667906,0.690939,0.779948,0.777691,0.712801,0.557905,0.749350,0.783153,0.792259,0.633599,0.673331,0.664752,0.758086,0.788652,0.557083,0.562277,0.576378,0.717737,0.530937,0.684107,0.731543,0.307872,0.665839,0.740156,0.751280,0.642157,0.531272,0.746374,0.699413,0.759650,0.774081,0.611718,0.823401,0.766677,0.702543,0.687901,0.527087,0.749321,0.723908,0.670003,0.727174,0.616526,0.684437,0.741393,0.781895,0.492393,0.673573,0.597154,0.673861,0.691239,0.747776,0.666026,0.685904,0.631523,0.752686,0.646474,0.646003,0.768365,0.629604,0.617404,0.767209,0.827744,0.839361,0.656258,0.673357,0.658431,0.721521,0.810226,0.783439,0.687037,0.640020,0.788036,0.756764,0.585294,0.684317,0.713127,0.778418,0.696729,0.697737,0.687335,0.421525,0.750636,0.822541,0.593779,0.541879,0.595742,0.585519,0.813633,0.797882,0.434193,0.800310,0.756786,0.707950,0.696983,0.613609,0.732985,0.799915,0.783330,0.817634,0.778140,0.735814,0.704770,0.596498,0.126772,0.707484,0.684291,0.675343,0.800211,0.646862,0.786646,0.640605,0.598749,0.708783,0.492594,0.783404,0.709195,0.615174,0.784794,0.766351,0.725243,0.739020,0.680058,0.643678,0.708154,0.635719,0.690736,0.889972,0.762378,0.674440,0.645312,0.759526,0.549181,0.736541,0.696171,0.682438,0.625295,0.720624,0.842879,0.742668,0.543427,0.782810,0.711251,0.778408,0.666716,0.682622,0.665170,0.753311,0.661014,0.479022,0.748042,0.629252,0.654855,0.707217,0.774488,0.675682,0.698489,0.651738,0.802916,0.717620,0.791819,0.859443,0.792863,0.788606,0.708674,0.717630,0.847863,0.727526,0.715907,0.752079,0.776182,0.768074,0.647693,0.814726,0.757363,0.775265,0.615170,0.581138,0.758320,0.756927,0.758176,0.720937,0.755749,0.599529,0.724079,0.803094,0.779030,0.824301,0.744529,0.609466,0.577371,0.728003,0.689814,0.686931,0.780397,0.557150,0.750717,0.662677,0.718260,0.671402,0.787845,0.706729,0.747433,0.630493,0.637059,0.835762,0.660730,0.772981,0.670598,0.798083,0.674081,0.693542,0.768240,0.804766,0.839690,0.646501,0.729095,0.695200,0.658070,0.826990,0.734001,0.706500,0.786570,0.764772,0.664629,0.776617,0.800956,0.649690,0.732603,0.828575,0.790530,0.590176,0.794903,0.775120,0.664690,0.761256,0.685155,0.565653,0.732397,0.672913,0.791308,0.621401,0.701078,0.622354,0.653079,0.806743,0.803624,0.715386,0.634997,0.670307,0.668448,0.715187,0.658348,0.734798,0.772138,0.735425,0.680964,0.800459,0.613407,0.783244,0.624989,0.542199,0.827407,0.818781,0.814244,0.787216,0.673162,0.743067,0.496039,0.628125,0.603443,0.507748,0.769818,0.688906,0.754810,0.613456,0.724413,0.726560,0.737138,0.692724,0.769537,0.678406,0.722939,0.809117,0.680100,0.771853,0.817361,0.844401,0.693769,0.731921,0.685417,0.818101,0.607232,0.707312,0.771373,0.651517,0.773274,0.736550,0.811288,0.724390,0.633604,0.688949,0.554276,0.749217,0.669541,0.699396,0.704727,0.680180,0.744572,0.811462,0.623168,0.547213,0.807141,0.667663,0.764954,0.850524,0.712480,0.782411,0.770682,0.813459,0.832991,0.649531,0.579334,0.726070,0.821132,0.837252,0.684700,0.802118,0.761024,0.527230,0.594089,0.795062,0.646912,0.777021,0.718393,0.678490,0.767861,0.781419,0.631871,0.765675,0.775846,0.754088,0.774884,0.758075,0.667910,0.556189,0.797394,0.711145,0.617153,0.726715,0.728673,0.734604,0.637733,0.643056,0.789286,0.548366,0.639872,0.763200,0.656106,0.669230,0.804418,0.715335,0.681905,0.731509,0.745688,0.736866,0.687480,0.606234,0.664174,0.771634,0.587803,0.811082,0.724698,0.581139,0.592745,0.810744,0.781619,0.711134,0.718940,0.777528,0.588753,0.737327,0.752424,0.696968,0.707919,0.692835,0.674225,0.766225,0.548930,0.749334,0.672200,0.812950,0.829918,0.817381,0.768212,0.739598,0.670002,0.815023,0.782855,0.729610,0.621855,0.720846,0.697271,0.743239,0.817633,0.726803,0.336819,0.493437,0.811575,0.716944,0.620084,0.563530,0.613951,0.698620,0.776627,0.603211,0.742174,0.777259,0.795686,0.750735,0.796026,0.839187,0.601458,0.668098,0.774698,0.610774,0.751954,0.770634,0.786368,0.747535,0.520060,0.752532,0.751262,0.727436,0.828508,0.765464,0.758281,0.000000,0.693956,0.702371,0.637894,0.699062,0.792530,0.633642,0.825929,0.540142,0.733142,0.577885
0.603483,0.680298,0.639578,0.659189,0.645537,0.645725,0.584190,0.567156,0.542896,0.644591,0.627128,0.656459,0.695568,0.661489,0.697372,0.583772,0.634505,0.587779,0.639586,0.646575,0.559041,0.754160,0.548722,0.600827,0.545906,0.674154,0.638225,0.675566,0.659053,0.691568,0.621054,0.601010,0.762131,0.674359,0.682357,0.581579,0.609987,0.622827,0.576706,0.662909,0.637210,0.716708,0.729238,0.637340,0.619645,0.671290,0.573003,0.635106,0.652618,0.608759,0.673614,0.792417,0.764434,0.816324,0.661577,0.682422,0.622920,0.603378,0.632393,0.576815,0.807533,0.683194,0.827570,0.590944,0.589695,0.618302,0.621011,0.736025,0.654302,0.650737,0.680922,0.766603,0.553029,0.718575,0.759465,0.713165,0.741174,0.604534,0.688048,0.595474,0.644944,0.675493,0.660677,0.820211,0.633367,0.648855,0.696198,0.661572,0.775537,0.583314,0.621305,0.610927,0.708002,0.610341,0.735270,0.651436,0.719287,0.765177,0.709474,0.618265,0.604767,0.668855,0.665317,0.688203,0.624444,0.656220,0.780835,0.694184,0.672792,0.569616,0.799083,0.662907,0.598139,0.679501,0.686093,0.593380,0.829924,0.694128,0.610417,0.590799,0.650359,0.632616,0.661571,0.749001,0.673259,0.755085,0.653874,0.697983,0.693926,0.651911,0.653322,0.690277,0.454751,0.661438,0.600397,0.652731,0.729635,0.600195,0.721646,0.708508,0.611099,0.823641,0.646045,0.642250,0.713737,0.808360,0.676364,0.640508,0.713649,0.636283,0.676325,0.668568,0.590923,0.586853,0.485808,0.673566,0.622049,0.695054,0.629821,0.645162,0.691504,0.701049,0.689228,0.630775,0.627378,0.711340,0.662504,0.625665,0.645799,0.670694,0.633528,0.675663,0.789556,0.696416,0.725072,0.704348,0.771125,0.608884,0.688409,0.738364,0.669559,0.707798,0.687211,0.677254,0.625831,0.807225,0.787261,0.691279,0.608936,0.563410,0.673294,0.682942,0.755205,0.664434,0.621231,0.653604,0.569553,0.676501,0.758286,0.644294,0.818922,0.743760,0.563755,0.634917,0.745456,0.540638,0.700753,0.708047,0.642979,0.716603,0.775014,0.734283,0.759570,0.754020,0.785298,0.686995,0.692091,0.804763,0.658810,0.857048,0.723980,0.689276,0.773096,0.547589,0.706671,0.646487,0.678526,0.777027,0.672646,0.701112,0.633044,0.588140,0.617053,0.659497,0.691839,0.723680,0.636287,0.700212,0.747679,0.707927,0.658003,0.694058,0.661518,0.676878,0.549423,0.714708,0.728378,0.591427,0.645475,0.633370,0.595070,0.709735,0.706399,0.640733,0.757694,0.648440,0.717228,0.635861,0.694255,0.696998,0.810828,0.773563,0.705595,0.716817,0.794591,0.691821,0.679901,0.726427,0.678504,0.632463,0.708141,0.642280,0.658427,0.703817,0.688337,0.709106,0.695116,0.643374,0.709008,0.683264,0.794646,0.672896,0.712540,0.685903,0.647198,0.636919,0.701995,0.745691,0.540786,0.793096,0.677534,0.751237,0.721733,0.646893,0.698821,0.650338,0.671653,0.657561,0.627581,0.635513,0.560534,0.677989,0.732115,0.612088,0.677328,0.641610,0.662853,0.671525,0.613373,0.735061,0.632572,0.650004,0.525987,0.717829,0.672065,0.779731,0.677242,0.701242,0.695260,0.787679,0.630565,0.730340,0.664608,0.730981,0.697340,0.781663,0.642711,0.678044,0.753823,0.706322,0.660856,0.789204,0.715341,0.652400,0.602563,0.570419,0.854283,0.642088,0.700720,0.620933,0.687989,0.805503,0.735154,0.759067,0.840638,0.721975,0.697970,0.793828,0.694291,0.766938,0.731756,0.758846,0.622717,0.716006,0.708408,0.690945,0.764141,0.720092,0.738488,0.741320,0.726680,0.633335,0.721551,0.663487,0.682865,0.603134,0.660459,0.782656,0.828716,0.747994,0.783133,0.822174,0.740457,0.640388,0.750460,0.663029,0.757463,0.612206,0.685301,0.803042,0.680187,0.468378,0.548694,0.612710,0.686636,0.637834,0.764364,0.715565,0.660078,0.689109,0.689623,0.743247,0.830878,0.711881,0.480595,0.771675,0.646927,0.694640,0.579876,0.533016,0.803537,0.677279,0.674530,0.690519,0.689521,0.649621,0.750616,0.634783,0.698047,0.560439,0.797764,0.676407,0.628387,0.716748,0.737814,0.641435,0.634764,0.656330,0.609458,0.699702,0.727301,0.694107,0.714984,0.620513,0.662566,0.613109,0.685529,0.681177,0.695166,0.854253,0.668913,0.717358,0.789606,0.721784,0.670679,0.820716,0.763270,0.748643,0.789914,0.767797,0.735301,0.716514,0.625555,0.675294,0.762422,0.728377,0.657632,0.677959,0.634790,0.729476,0.656097,0.715962,0.694768,0.644659,0.743113,0.732210,0.723818,0.797095,0.770551,0.698223,0.687561,0.672880,0.567418,0.633984,0.795271,0.740860,0.721809,0.666064,0.722439,0.564981,0.719848,0.832084,0.741107,0.689213,0.786785,0.804787,0.686524,0.778176,0.644475,0.708780,0.701390,0.870615,0.734457,0.686354,0.743868,0.688166,0.689938,0.733956,0.728278,0.772937,0.693956,0.000000,0.728513,0.645192,0.748689,0.711615,0.651755,0.698949,0.682797,0.768748,0.646822
0.603512,0.570940,0.636097,0.748260,0.640872,0.700114,0.737339,0.686097,0.664455,0.709461,0.741720,0.736142,0.536841,0.756986,0.528384,0.621097,0.592797,0.778215,0.612685,0.620620,0.572956,0.690511,0.591151,0.689663,0.639964,0.706417,0.487906,0.615453,0.593818,0.485518,0.695621,0.584714,0.651646,0.561947,0.498536,0.759275,0.625276,0.686303,0.787211,0.719038,0.487205,0.725909,0.689754,0.629747,0.727473,0.496706,0.674109,0.513200,0.517799,0.791075,0.719477,0.756521,0.559884,0.712973,0.718602,0.430828,0.617006,0.638559,0.666193,0.641420,0.560377,0.668854,0.644200,0.753478,0.681267,0.601434,0.609735,0.516568,0.601466,0.734254,0.593591,0.570506,0.741941,0.732253,0.550581,0.644347,0.751577,0.617231,0.702048,0.734152,0.894279,0.746273,0.698057,0.686929,0.546276,0.805314,0.779849,0.636654,0.489870,0.722714,0.748048,0.694451,0.707138,0.640550,0.609761,0.787625,0.666492,0.548189,0.701629,0.640541,0.581574,0.481992,0.679952,0.698859,0.549776,0.660465,0.671065,0.690822,0.520647,0.713909,0.755109,0.492853,0.780304,0.739826,0.648623,0.648781,0.749668,0.675467,0.768078,0.637638,0.651042,0.619884,0.593058,0.577621,0.689396,0.690370,0.690462,0.598579,0.563562,0.742097,0.621517,0.796799,0.736182,0.595079,0.603262,0.608827,0.573167,0.688737,0.765243,0.628438,0.769339,0.654536,0.726992,0.634995,0.712230,0.593152,0.751008,0.499337,0.746559,0.512551,0.623628,0.547770,0.651936,0.561454,0.653490,0.701786,0.732274,0.743917,0.535673,0.776212,0.766280,0.777783,0.589500,0.627541,0.761658,0.588775,0.557432,0.648328,0.635055,0.591901,0.657384,0.563648,0.709134,0.796912,0.492472,0.724736,0.596984,0.683670,0.547719,0.764899,0.679586,0.469667,0.798751,0.648305,0.586855,0.715453,0.523944,0.777358,0.757979,0.770759,0.625912,0.731990,0.583592,0.689773,0.668777,0.598503,0.703213,0.591307,0.802580,0.661991,0.670338,0.671407,0.607729,0.601656,0.785427,0.774473,0.750274,0.582146,0.482641,0.751941,0.710800,0.530850,0.461671,0.637389,0.779669,0.600354,0.538020,0.794358,0.709882,0.717931,0.556250,0.618055,0.520827,0.709732,0.674237,0.543380,0.684058,0.664429,0.625527,0.663605,0.736935,0.653044,0.593315,0.627300,0.645233,0.660973,0.796941,0.687966,0.744607,0.700649,0.654420,0.512779,0.687039,0.609114,0.663219,0.440671,0.694216,0.633731,0.734328,0.759657,0.588199,0.548065,0.736968,0.796609,0.521550,0.576379,0.735040,0.659830,0.614870,0.660375,0.696333,0.591979,0.663670,0.689629,0.695029,0.648981,0.735721,0.701958,0.417393,0.689402,0.758431,0.653510,0.735620,0.819530,0.721033,0.696657,0.673486,0.510603,0.600410,0.683430,0.484123,0.732271,0.496795,0.632187,0.643284,0.736749,0.500344,0.793967,0.652257,0.586101,0.658494,0.828714,0.614832,0.735278,0.750862,0.669642,0.501112,0.730349,0.701958,0.654899,0.497374,0.550305,0.429490,0.775405,0.753701,0.546036,0.558583,0.632502,0.730591,0.799919,0.596724,0.740964,0.592505,0.694157,0.721250,0.674580,0.588446,0.736553,0.485385,0.587719,0.699646,0.618174,0.821262,0.632590,0.724781,0.789810,0.407356,0.698363,0.705415,0.445821,0.740410,0.555960,0.648639,0.737350,0.696674,0.803521,0.706009,0.717015,0.828953,0.675692,0.641427,0.817116,0.778209,0.615520,0.782805,0.655995,0.717110,0.672665,0.609059,0.820386,0.765383,0.672928,0.704690,0.746779,0.616927,0.760174,0.670831,0.696738,0.656028,0.721783,0.693772,0.599269,0.697762,0.759363,0.794216,0.685598,0.670219,0.621393,0.772638,0.540869,0.711574,0.785534,0.696983,0.592879,0.726634,0.699831,0.737923,0.689311,0.685422,0.677420,0.624151,0.778995,0.682931,0.732461,0.759692,0.780320,0.712196,0.474365,0.635727,0.612908,0.720669,0.687762,0.652919,0.710576,0.788021,0.464749,0.654145,0.761070,0.677156,0.662115,0.795785,0.796771,0.713163,0.589632,0.741062,0.784859,0.741615,0.635383,0.874903,0.730589,0.576422,0.725904,0.636981,0.669246,0.797165,0.657187,0.584265,0.779386,0.723757,0.780454,0.873262,0.587790,0.789013,0.731770,0.617547,0.537529,0.703803,0.583424,0.608742,0.691197,0.736187,0.430929,0.793381,0.825893,0.668414,0.707759,0.748603,0.857296,0.591856,0.664513,0.585695,0.739758,0.742648,0.622520,0.543493,0.630698,0.645114,0.726210,0.557836,0.615067,0.739169,0.795820,0.829343,0.736584,0.423387,0.559614,0.614072,0.732949,0.477152,0.721930,0.596347,0.559903,0.713893,0.829261,0.790660,0.783897,0.816434,0.730023,0.464412,0.604941,0.621806,0.785024,0.496083,0.652080,0.641569,0.790001,0.663510,0.637067,0.776127,0.425599,0.638927,0.676939,0.716155,0.465356,0.672645,0.695246,0.502889,0.690111,0.483819,0.613754,0.702371,0.728513,0.000000,0.797293,0.830468,0.568777,0.529133,0.604677,0.677657,0.490861,0.418790
0.603713,0.588785,0.551060,0.713853,0.530034,0.463728,0.487732,0.508190,0.592018,0.500218,0.539823,0.544448,0.771351,0.546711,0.730745,0.544608,0.457405,0.542714,0.480482,0.723096,0.590428,0.515386,0.534594,0.480419,0.503138,0.573844,0.657026,0.578566,0.544452,0.669236,0.689544,0.628534,0.713783,0.704146,0.621319,0.545222,0.609320,0.476643,0.454343,0.515142,0.567401,0.611418,0.685410,0.733295,0.650621,0.785263,0.493175,0.626082,0.622529,0.443595,0.618849,0.689340,0.769567,0.782349,0.512047,0.720655,0.555681,0.463702,0.669117,0.621110,0.749965,0.600067,0.682276,0.597679,0.501295,0.529265,0.574112,0.729136,0.690795,0.676547,0.760342,0.769588,0.521425,0.578244,0.799781,0.674165,0.509484,0.542426,0.557011,0.551424,0.662141,0.461955,0.611806,0.751491,0.539872,0.569234,0.616490,0.532495,0.789695,0.556412,0.604305,0.503925,0.555118,0.549895,0.842580,0.583169,0.773240,0.802660,0.749128,0.508467,0.561235,0.765427,0.481464,0.575527,0.791172,0.535729,0.735915,0.501283,0.617668,0.545070,0.785718,0.582136,0.508118,0.475635,0.582403,0.490177,0.824370,0.676270,0.499526,0.504392,0.590226,0.636371,0.558511,0.844625,0.502220,0.671614,0.573681,0.571181,0.634362,0.551046,0.509207,0.660640,0.520001,0.555846,0.650698,0.512237,0.730366,0.561974,0.641795,0.617520,0.626088,0.865729,0.499503,0.566768,0.604457,0.792617,0.587597,0.685337,0.792932,0.829444,0.570292,0.803317,0.453678,0.533170,0.626959,0.650101,0.359245,0.649348,0.683453,0.673803,0.757323,0.545013,0.668230,0.588167,0.580942,0.676678,0.540899,0.696729,0.460047,0.725267,0.708619,0.588197,0.767913,0.620361,0.780370,0.579312,0.784642,0.560022,0.592658,0.665980,0.748144,0.809965,0.593790,0.561829,0.626245,0.703238,0.764575,0.687387,0.709537,0.606089,0.557375,0.607011,0.804151,0.765145,0.680659,0.502537,0.430122,0.609489,0.640657,0.647731,0.764247,0.729435,0.707521,0.583999,0.777662,0.544577,0.757741,0.690748,0.616343,0.646091,0.753499,0.742162,0.747865,0.756943,0.752500,0.594483,0.704353,0.861587,0.615378,0.768196,0.894483,0.649698,0.791570,0.484289,0.619701,0.626715,0.561021,0.826025,0.621466,0.695022,0.716428,0.632959,0.602375,0.664881,0.617466,0.640785,0.569346,0.732734,0.677174,0.638259,0.476176,0.634011,0.766231,0.646248,0.568872,0.798606,0.594625,0.511067,0.685349,0.380513,0.645265,0.721744,0.702876,0.640770,0.805759,0.583964,0.788500,0.716521,0.757631,0.763595,0.807340,0.895608,0.651078,0.610045,0.840733,0.489043,0.553605,0.677945,0.806913,0.609683,0.426647,0.531241,0.586282,0.743437,0.830471,0.663492,0.712027,0.660880,0.672358,0.496628,0.843594,0.653409,0.855542,0.590373,0.598374,0.509769,0.820157,0.433377,0.439914,0.864459,0.687071,0.770588,0.896308,0.716613,0.666318,0.554866,0.723561,0.774247,0.547241,0.559074,0.612703,0.762497,0.681371,0.502930,0.703689,0.689593,0.703144,0.720155,0.533682,0.743259,0.567438,0.462090,0.465683,0.703394,0.714914,0.817678,0.698445,0.612556,0.636959,0.841092,0.603329,0.813468,0.324355,0.622333,0.679772,0.755101,0.617696,0.463635,0.764377,0.724768,0.738479,0.719636,0.834928,0.479396,0.673827,0.489838,0.824934,0.485186,0.786601,0.695619,0.672369,0.727846,0.730849,0.743678,0.832174,0.760548,0.449980,0.761365,0.587281,0.826648,0.818590,0.745671,0.729882,0.631809,0.655543,0.719350,0.872973,0.572892,0.737863,0.820183,0.758728,0.677657,0.740013,0.408402,0.598227,0.445364,0.742360,0.726679,0.793027,0.777914,0.724992,0.708847,0.682897,0.629997,0.787866,0.715454,0.804090,0.463650,0.616838,0.801052,0.573351,0.457693,0.715896,0.514030,0.634234,0.610304,0.658437,0.764901,0.832217,0.654745,0.813527,0.627571,0.902043,0.588755,0.607666,0.821881,0.599232,0.669105,0.493742,0.477697,0.669092,0.579761,0.564445,0.610471,0.503277,0.692088,0.584597,0.576940,0.497667,0.638729,0.824733,0.752267,0.805087,0.616098,0.667662,0.664922,0.695524,0.522482,0.723992,0.765800,0.633380,0.727783,0.832892,0.711501,0.586740,0.577534,0.780344,0.618629,0.632783,0.803777,0.731211,0.777931,0.824431,0.770571,0.595086,0.798046,0.794736,0.626139,0.818253,0.843416,0.717406,0.753682,0.671317,0.664092,0.813680,0.764626,0.723186,0.733280,0.658668,0.777821,0.716580,0.640869,0.602588,0.564569,0.763205,0.710521,0.769950,0.870112,0.825827,0.752197,0.768934,0.635509,0.685486,0.727204,0.652270,0.666685,0.765315,0.652883,0.829913,0.614237,0.719339,0.847998,0.854239,0.719409,0.580227,0.779601,0.787238,0.776106,0.595496,0.770178,0.815556,0.811665,0.562420,0.764457,0.568168,0.727776,0.656476,0.744412,0.825493,0.738686,0.637894,0.645192,0.797293,0.000000,0.737960,0.661404,0.847720,0.693755,0.650905,0.820718,0.680077
0.603756,0.703751,0.648746,0.672729,0.724066,0.558564,0.490824,0.736425,0.597982,0.616305,0.477228,0.560079,0.635558,0.565016,0.696973,0.730065,0.753000,0.634879,0.766603,0.505814,0.579940,0.766366,0.706588,0.765777,0.648399,0.723954,0.736678,0.778614,0.781157,0.764056,0.725916,0.572699,0.815023,0.741339,0.805625,0.543907,0.615693,0.689171,0.574964,0.683926,0.726441,0.735380,0.824961,0.673352,0.625404,0.764771,0.672036,0.699701,0.767709,0.569854,0.737186,0.634546,0.787982,0.847242,0.692277,0.747425,0.755606,0.783175,0.662919,0.687534,0.750581,0.797551,0.768481,0.739645,0.634998,0.764596,0.717239,0.751308,0.701995,0.577827,0.653903,0.650939,0.618641,0.711398,0.718652,0.675994,0.710170,0.750059,0.764178,0.664861,0.462143,0.721578,0.743635,0.815155,0.813926,0.583700,0.762446,0.767162,0.779123,0.724670,0.607947,0.781088,0.757139,0.795276,0.788034,0.534804,0.761847,0.698319,0.831836,0.719939,0.724487,0.584108,0.713494,0.770004,0.745266,0.777970,0.798587,0.753039,0.849869,0.718226,0.707732,0.804031,0.706943,0.635451,0.776011,0.797824,0.844648,0.569448,0.771821,0.776410,0.692784,0.818469,0.751761,0.811946,0.651374,0.824921,0.754767,0.697427,0.752813,0.716165,0.762341,0.577123,0.640931,0.746464,0.732518,0.765272,0.714614,0.652951,0.559819,0.746783,0.696094,0.818080,0.814798,0.725156,0.762389,0.841816,0.761840,0.730263,0.570321,0.656388,0.807110,0.800147,0.823928,0.794212,0.757812,0.729547,0.760610,0.632780,0.750752,0.633031,0.423111,0.770091,0.838435,0.805893,0.705290,0.808070,0.781270,0.715623,0.840068,0.852912,0.666467,0.731284,0.821989,0.599812,0.756597,0.778968,0.753510,0.724814,0.794735,0.705851,0.767752,0.701049,0.731393,0.789572,0.784567,0.727714,0.757370,0.688456,0.748414,0.698490,0.825743,0.864396,0.770185,0.693086,0.761055,0.778782,0.787056,0.724148,0.609457,0.708633,0.829726,0.834123,0.655193,0.816813,0.720864,0.706255,0.495111,0.858793,0.739202,0.728176,0.795424,0.853521,0.835732,0.700578,0.749715,0.832309,0.843015,0.740759,0.807294,0.800544,0.759251,0.849634,0.753590,0.864110,0.808702,0.754789,0.796352,0.831274,0.794148,0.640640,0.718430,0.722157,0.762761,0.776275,0.825924,0.800962,0.732868,0.851853,0.766031,0.834523,0.770109,0.800583,0.722161,0.792449,0.813802,0.812585,0.807007,0.792057,0.637178,0.847791,0.756520,0.672928,0.752637,0.759751,0.777721,0.810076,0.465839,0.611921,0.779680,0.690357,0.802866,0.762662,0.860722,0.743456,0.682758,0.793412,0.831121,0.862450,0.729329,0.783570,0.721403,0.796566,0.882237,0.347109,0.503331,0.814309,0.765384,0.791767,0.823035,0.800133,0.702142,0.695036,0.831855,0.816889,0.823751,0.828551,0.824706,0.677960,0.841186,0.768199,0.766523,0.636883,0.690882,0.768231,0.702278,0.825847,0.797876,0.384633,0.757114,0.771650,0.842642,0.793155,0.822354,0.783376,0.754000,0.763948,0.727856,0.777345,0.747100,0.334138,0.799679,0.772936,0.855298,0.649702,0.478192,0.877948,0.738079,0.844642,0.780377,0.801182,0.791086,0.596024,0.630526,0.731576,0.477871,0.819712,0.680268,0.844230,0.835943,0.800873,0.497654,0.730390,0.710204,0.794575,0.682057,0.696536,0.785168,0.829585,0.754170,0.846288,0.842096,0.800186,0.753251,0.656344,0.866106,0.632144,0.797547,0.866650,0.688955,0.569782,0.501584,0.856826,0.721138,0.749019,0.697493,0.310352,0.821040,0.823030,0.772179,0.733394,0.610022,0.759725,0.778626,0.780518,0.662200,0.787349,0.447571,0.834140,0.847183,0.704054,0.746360,0.787946,0.831728,0.806909,0.696501,0.780349,0.668896,0.743343,0.826741,0.870523,0.805743,0.754864,0.626417,0.779776,0.812586,0.542021,0.797462,0.780584,0.776605,0.854199,0.751095,0.813352,0.764926,0.872357,0.686427,0.675330,0.727284,0.756364,0.716122,0.803506,0.589150,0.733278,0.833122,0.759918,0.832048,0.779961,0.568185,0.845070,0.647899,0.641431,0.625651,0.726968,0.739076,0.832903,0.753221,0.751195,0.685312,0.747212,0.666269,0.352555,0.675724,0.681400,0.686631,0.564679,0.854201,0.766681,0.702061,0.618009,0.764308,0.758465,0.550309,0.806808,0.548916,0.493483,0.870991,0.869114,0.747769,0.411566,0.787650,0.628440,0.641601,0.571619,0.656400,0.729555,0.751646,0.794467,0.790833,0.757582,0.771373,0.739448,0.765814,0.701046,0.709142,0.822316,0.840109,0.787094,0.798868,0.856072,0.750950,0.622299,0.828195,0.805462,0.613635,0.332774,0.611357,0.678708,0.373896,0.791786,0.691273,0.669381,0.714240,0.876494,0.762539,0.811493,0.806709,0.643501,0.676011,0.741004,0.612265,0.738034,0.736483,0.854539,0.747738,0.750466,0.793219,0.727464,0.783674,0.752911,0.674864,0.644974,0.699062,0.748689,0.830468,0.737960,0.000000,0.874392,0.701521,0.849190,0.661958,0.771976,0.661955
0.603784,0.506128,0.510228,0.566356,0.471856,0.612132,0.691416,0.487491,0.665341,0.533499,0.722313,0.604737,0.476477,0.581898,0.423206,0.346028,0.373957,0.641748,0.371198,0.739607,0.481281,0.482474,0.513427,0.516851,0.455015,0.594236,0.389018,0.361136,0.416701,0.412923,0.725188,0.492364,0.522575,0.608516,0.311006,0.628929,0.517087,0.484680,0.713394,0.502332,0.375847,0.703509,0.622415,0.709878,0.788284,0.624517,0.494868,0.497207,0.389020,0.634002,0.575118,0.747257,0.516421,0.619580,0.510546,0.591585,0.424771,0.419937,0.540702,0.683810,0.510098,0.529999,0.578323,0.652659,0.626130,0.293693,0.448647,0.459469,0.589547,0.768778,0.677680,0.511055,0.660245,0.620238,0.616681,0.697194,0.539560,0.401942,0.503209,0.687897,0.846206,0.550449,0.481673,0.621977,0.407885,0.701166,0.619809,0.430452,0.616330,0.597221,0.662400,0.443665,0.563836,0.311224,0.634002,0.713361,0.679549,0.499082,0.505941,0.602780,0.389085,0.593492,0.428455,0.530995,0.569078,0.486879,0.605104,0.470096,0.328246,0.662294,0.750967,0.371975,0.620015,0.601146,0.374134,0.490287,0.718498,0.755152,0.559790,0.398010,0.458940,0.502941,0.461094,0.626539,0.477394,0.342093,0.533929,0.469090,0.583821,0.572380,0.408100,0.730155,0.612826,0.352229,0.696425,0.387736,0.573697,0.642921,0.714523,0.392996,0.690471,0.575107,0.462616,0.657076,0.592983,0.531750,0.516607,0.504069,0.833889,0.663547,0.421285,0.492370,0.388002,0.408917,0.479133,0.456255,0.588655,0.806361,0.432434,0.649269,0.788955,0.624234,0.419411,0.407163,0.712031,0.459695,0.397298,0.787279,0.395365,0.387169,0.561744,0.424603,0.675730,0.584241,0.402025,0.604656,0.705601,0.522224,0.513281,0.661440,0.595585,0.650763,0.633428,0.523280,0.483308,0.741758,0.495590,0.657649,0.830979,0.681543,0.405337,0.425061,0.649041,0.685434,0.636741,0.389199,0.434475,0.310475,0.835822,0.640028,0.615554,0.602993,0.705586,0.381690,0.721325,0.693129,0.766483,0.303943,0.518571,0.687166,0.632881,0.373741,0.504641,0.701480,0.676922,0.458205,0.399882,0.775331,0.567849,0.569393,0.660448,0.592603,0.513548,0.385070,0.544690,0.485965,0.515219,0.665997,0.489559,0.637883,0.636827,0.594580,0.407342,0.599976,0.512316,0.398701,0.735885,0.617596,0.718956,0.467720,0.443059,0.400934,0.739349,0.551569,0.434411,0.609081,0.706378,0.401489,0.754346,0.504549,0.444641,0.509940,0.671753,0.690967,0.572403,0.414171,0.751688,0.644555,0.552339,0.738698,0.648683,0.626317,0.500645,0.596605,0.715794,0.468930,0.473355,0.532556,0.661124,0.435478,0.647094,0.345064,0.574554,0.793440,0.756076,0.510924,0.627129,0.383023,0.458691,0.438348,0.672419,0.713730,0.697340,0.454317,0.522073,0.516041,0.686132,0.586336,0.397604,0.601880,0.679469,0.815249,0.703648,0.532083,0.688410,0.348085,0.516193,0.809908,0.530608,0.501260,0.379128,0.578218,0.408463,0.560737,0.628998,0.569495,0.481080,0.603138,0.414333,0.779111,0.401080,0.551629,0.306033,0.565745,0.799089,0.507089,0.491953,0.435900,0.433276,0.572824,0.495430,0.774349,0.757234,0.490039,0.791374,0.736730,0.489774,0.452258,0.717367,0.458335,0.781947,0.679867,0.612732,0.498427,0.699258,0.654368,0.621651,0.461724,0.840565,0.558191,0.508500,0.778830,0.642099,0.591582,0.699432,0.736986,0.523467,0.640160,0.511273,0.784972,0.835027,0.663334,0.557392,0.675957,0.548180,0.833164,0.784184,0.533899,0.392755,0.784528,0.741221,0.499035,0.611922,0.607906,0.755337,0.400453,0.737376,0.601095,0.609537,0.560384,0.577807,0.721966,0.551687,0.441943,0.780245,0.647532,0.625613,0.431779,0.507144,0.564552,0.458488,0.568049,0.762883,0.560840,0.560875,0.686720,0.594205,0.581305,0.726189,0.491524,0.747617,0.578968,0.658865,0.354491,0.696057,0.571605,0.474190,0.696691,0.650582,0.472604,0.854640,0.642239,0.367791,0.484084,0.376546,0.767888,0.723460,0.323687,0.740278,0.719435,0.575497,0.770116,0.753323,0.450661,0.635148,0.557135,0.550841,0.543663,0.743799,0.873621,0.812282,0.555233,0.787423,0.688815,0.466525,0.343912,0.673573,0.647207,0.505002,0.696453,0.776450,0.553861,0.818250,0.785094,0.336983,0.616302,0.780011,0.751672,0.566454,0.619000,0.628082,0.815905,0.615310,0.548358,0.645983,0.529578,0.719981,0.614615,0.473318,0.662392,0.625344,0.874480,0.701998,0.570958,0.599861,0.508648,0.562562,0.726908,0.707584,0.805654,0.632858,0.443488,0.649197,0.799747,0.857819,0.645359,0.863669,0.669196,0.678839,0.452188,0.605884,0.625514,0.593555,0.586376,0.604797,0.838417,0.597748,0.580434,0.735541,0.641646,0.592155,0.698219,0.566256,0.447917,0.495538,0.610685,0.391531,0.631022,0.686703,0.622215,0.792530,0.711615,0.568777,0.661404,0.874392,0.000000,0.693973,0.450968,0.541559,0.571313,0.530855
0.603858,0.649507,0.660572,0.645917,0.707098,0.639985,0.640269,0.730101,0.503839,0.670681,0.577465,0.711159,0.479586,0.736628,0.522439,0.681585,0.696106,0.637344,0.680005,0.515813,0.531861,0.797646,0.561929,0.767652,0.595920,0.777779,0.582172,0.714679,0.704287,0.613035,0.663936,0.674301,0.666635,0.577991,0.620296,0.542659,0.672065,0.705709,0.632042,0.754897,0.623037,0.704295,0.737999,0.537683,0.599607,0.572670,0.645613,0.655663,0.656236,0.692253,0.691903,0.672414,0.555624,0.708693,0.724819,0.567336,0.732923,0.727261,0.735047,0.570496,0.586624,0.753109,0.642029,0.610839,0.726994,0.641707,0.692138,0.597827,0.629623,0.648896,0.507820,0.583565,0.634193,0.748400,0.542160,0.588570,0.783443,0.715661,0.767408,0.635153,0.765920,0.786318,0.632194,0.733309,0.732655,0.652488,0.817684,0.773101,0.561171,0.738643,0.631262,0.745125,0.802699,0.656138,0.614254,0.653081,0.719320,0.548611,0.696376,0.633622,0.693841,0.447647,0.778594,0.739334,0.558283,0.764219,0.729468,0.776679,0.670201,0.595549,0.618980,0.609883,0.719544,0.717647,0.755406,0.789447,0.746668,0.605565,0.741340,0.675400,0.686003,0.745984,0.721294,0.561912,0.681410,0.732878,0.732354,0.628578,0.688805,0.727416,0.734890,0.631100,0.638135,0.696356,0.613863,0.757660,0.659530,0.685360,0.679783,0.644845,0.627155,0.683049,0.833896,0.637206,0.781049,0.669392,0.813535,0.576566,0.623510,0.437765,0.752660,0.582539,0.774347,0.733811,0.694160,0.760863,0.699141,0.568484,0.553314,0.655179,0.551946,0.814678,0.648994,0.733672,0.770806,0.590241,0.694589,0.564421,0.786490,0.702175,0.704335,0.697009,0.717241,0.740757,0.568180,0.699957,0.565337,0.756244,0.692582,0.738498,0.797633,0.487944,0.701813,0.713281,0.752178,0.717487,0.611383,0.695812,0.633776,0.630216,0.654100,0.800701,0.494193,0.499369,0.684295,0.732079,0.798774,0.694672,0.715968,0.628207,0.719269,0.690886,0.531933,0.717944,0.627703,0.671157,0.612109,0.644623,0.606317,0.749079,0.727208,0.605918,0.587430,0.705459,0.800468,0.769771,0.607144,0.658974,0.747078,0.740608,0.512864,0.728600,0.549720,0.743019,0.769237,0.734102,0.805384,0.613141,0.707906,0.667421,0.585031,0.663166,0.701310,0.700608,0.759251,0.694610,0.657385,0.721614,0.810590,0.727968,0.789537,0.631838,0.679570,0.722651,0.760007,0.550914,0.769386,0.729655,0.683229,0.834273,0.656386,0.597052,0.701256,0.713471,0.531122,0.708780,0.541218,0.649971,0.727888,0.609076,0.688654,0.559876,0.759602,0.720904,0.594121,0.748507,0.807067,0.835455,0.509668,0.784741,0.771374,0.743525,0.819805,0.721464,0.585637,0.751647,0.603351,0.636604,0.763942,0.778016,0.480853,0.783900,0.595504,0.785130,0.678769,0.792257,0.553340,0.854591,0.720890,0.524769,0.738081,0.762112,0.538659,0.768041,0.755789,0.793655,0.509985,0.526284,0.752014,0.826797,0.663754,0.546452,0.555635,0.810598,0.785966,0.458648,0.592312,0.658669,0.756541,0.671272,0.704910,0.703122,0.696478,0.655655,0.575856,0.732406,0.665311,0.799931,0.630361,0.642714,0.659002,0.475576,0.733629,0.681576,0.571551,0.699788,0.608463,0.820889,0.721739,0.620038,0.686456,0.654767,0.595636,0.822695,0.727495,0.700556,0.705083,0.762012,0.749285,0.785415,0.685277,0.687802,0.733953,0.639990,0.747313,0.617009,0.840987,0.756322,0.716063,0.718097,0.722238,0.701859,0.570717,0.774484,0.673733,0.618641,0.621351,0.749414,0.589056,0.614499,0.630775,0.748499,0.764981,0.791038,0.675160,0.787981,0.554549,0.725954,0.718652,0.514891,0.666620,0.780329,0.732511,0.752975,0.678069,0.693641,0.708670,0.765308,0.793448,0.713592,0.780929,0.743436,0.555258,0.770728,0.781045,0.692605,0.837050,0.518316,0.547755,0.710449,0.591236,0.756457,0.549678,0.795559,0.754030,0.611177,0.699391,0.743690,0.672583,0.738423,0.763755,0.731343,0.729347,0.710923,0.798588,0.615440,0.735844,0.695971,0.723547,0.622887,0.593081,0.620136,0.571434,0.763889,0.805505,0.647550,0.565630,0.762764,0.681746,0.612068,0.658420,0.554189,0.678053,0.589274,0.780867,0.692005,0.527274,0.496383,0.711385,0.689155,0.687052,0.510841,0.618784,0.717387,0.672609,0.783241,0.623108,0.759199,0.627296,0.544577,0.708539,0.591413,0.686045,0.610663,0.595996,0.667782,0.695594,0.744891,0.744957,0.583275,0.770509,0.728418,0.780788,0.713561,0.600366,0.682431,0.714719,0.685546,0.576513,0.547156,0.573853,0.715976,0.669442,0.641300,0.670552,0.759162,0.667792,0.758512,0.475760,0.738756,0.701842,0.727979,0.549816,0.657557,0.788897,0.657366,0.559537,0.755348,0.720477,0.579871,0.622167,0.715916,0.781610,0.492613,0.806486,0.702060,0.598623,0.753024,0.496324,0.570232,0.633642,0.651755,0.529133,0.847720,0.701521,0.693973,0.000000,0.755218,0.673675,0.555734,0.524363
0.603979,0.513366,0.449869,0.563735,0.472689,0.586741,0.790497,0.466515,0.737387,0.523832,0.771819,0.594379,0.606317,0.564071,0.555160,0.486892,0.419306,0.658262,0.422452,0.824074,0.649887,0.531400,0.623697,0.568243,0.534548,0.531337,0.537390,0.449598,0.424616,0.536209,0.756329,0.482236,0.675916,0.721910,0.476658,0.721952,0.611863,0.579193,0.753958,0.499091,0.404361,0.771159,0.725856,0.705800,0.761607,0.550084,0.577423,0.511229,0.410956,0.753977,0.566813,0.821234,0.674260,0.754618,0.473265,0.482391,0.431572,0.507686,0.579077,0.688457,0.667155,0.559253,0.696325,0.803057,0.568237,0.479074,0.354489,0.609659,0.627782,0.833198,0.734934,0.647281,0.763932,0.554807,0.728868,0.838889,0.615717,0.452126,0.477678,0.738791,0.888462,0.549467,0.530852,0.759895,0.413000,0.767485,0.577516,0.402137,0.683570,0.705749,0.707185,0.500372,0.533844,0.465677,0.675155,0.751736,0.738271,0.645595,0.600182,0.673522,0.461214,0.648570,0.477689,0.502086,0.714767,0.504890,0.726273,0.465414,0.443982,0.737879,0.845680,0.441440,0.695363,0.623965,0.430687,0.488055,0.808919,0.827075,0.652478,0.531569,0.487100,0.442658,0.385393,0.708318,0.622823,0.529383,0.515447,0.639623,0.648495,0.654194,0.408656,0.752374,0.728749,0.446548,0.683302,0.405760,0.655864,0.713333,0.827339,0.635731,0.780270,0.743460,0.431749,0.741751,0.512104,0.746184,0.596780,0.605649,0.867160,0.656822,0.390853,0.660464,0.461546,0.437137,0.614939,0.525494,0.681473,0.823767,0.494859,0.700885,0.841015,0.556334,0.533983,0.405632,0.729495,0.681297,0.412074,0.768189,0.498635,0.501360,0.614720,0.480659,0.773440,0.711830,0.624832,0.652347,0.811223,0.593549,0.529623,0.711844,0.608276,0.717058,0.760462,0.565542,0.407043,0.822456,0.625629,0.654224,0.886051,0.769159,0.486977,0.460587,0.734103,0.883019,0.469610,0.403723,0.490217,0.521901,0.848446,0.596957,0.761581,0.762539,0.810663,0.433951,0.857515,0.799764,0.771469,0.509335,0.553107,0.709404,0.750371,0.548375,0.606303,0.739863,0.657204,0.447976,0.519724,0.858732,0.549879,0.723589,0.760940,0.612605,0.659158,0.513882,0.444701,0.438628,0.421279,0.797017,0.618926,0.735152,0.861441,0.672826,0.380919,0.636531,0.572193,0.493302,0.798890,0.624548,0.620627,0.474187,0.420240,0.478792,0.749888,0.574376,0.537259,0.726312,0.812085,0.459176,0.735075,0.597165,0.563501,0.520880,0.658280,0.736744,0.721906,0.441580,0.801896,0.630241,0.586453,0.654826,0.765679,0.734417,0.460127,0.560180,0.780203,0.459114,0.475278,0.565403,0.686138,0.534565,0.740729,0.510421,0.616311,0.782209,0.846199,0.463609,0.782324,0.460881,0.161034,0.433280,0.693670,0.652407,0.632136,0.426250,0.646543,0.520666,0.732638,0.680246,0.520420,0.723581,0.768116,0.768160,0.819032,0.621454,0.766889,0.503055,0.705572,0.809892,0.566531,0.537976,0.483745,0.630613,0.630467,0.648686,0.611953,0.708433,0.549137,0.547907,0.546677,0.767973,0.429492,0.675452,0.521427,0.618381,0.847678,0.715254,0.504163,0.466744,0.471197,0.712269,0.608186,0.788474,0.845947,0.589526,0.822948,0.815304,0.583569,0.562223,0.853334,0.587046,0.721931,0.697687,0.756680,0.466758,0.711578,0.731976,0.804632,0.582323,0.821119,0.510564,0.463831,0.919441,0.655978,0.641264,0.778938,0.760202,0.573293,0.730520,0.496830,0.879789,0.805943,0.773862,0.728549,0.697042,0.657790,0.825931,0.828124,0.623800,0.569199,0.829532,0.712251,0.573050,0.608626,0.709244,0.813722,0.471319,0.808389,0.706832,0.813548,0.757074,0.658267,0.807430,0.480974,0.424752,0.808643,0.765417,0.732038,0.452719,0.440868,0.720951,0.427390,0.640217,0.782949,0.672581,0.592114,0.745216,0.539107,0.603382,0.732543,0.396061,0.688441,0.602516,0.799313,0.467279,0.732456,0.612465,0.481236,0.695118,0.748039,0.500684,0.870753,0.756223,0.488760,0.691943,0.474778,0.901715,0.717054,0.445888,0.832315,0.849021,0.770823,0.806816,0.786958,0.450839,0.676702,0.695290,0.668879,0.629393,0.749282,0.892147,0.882968,0.712918,0.878509,0.752675,0.455788,0.387843,0.855177,0.647215,0.445808,0.833759,0.775763,0.616366,0.863159,0.774835,0.566846,0.779054,0.840633,0.738245,0.714071,0.767845,0.666437,0.779795,0.624190,0.691871,0.703647,0.659868,0.703357,0.586802,0.537290,0.723332,0.458822,0.715310,0.842900,0.761238,0.662433,0.577102,0.587808,0.920425,0.735111,0.819001,0.678312,0.457389,0.635969,0.830017,0.909054,0.786964,0.863445,0.720621,0.692475,0.488090,0.614969,0.758800,0.755386,0.688301,0.527662,0.901207,0.704094,0.682546,0.757544,0.590761,0.686450,0.784108,0.728135,0.567687,0.527961,0.610859,0.513700,0.461747,0.673346,0.635093,0.825929,0.698949,0.604677,0.693755,0.849190,0.450968,0.755218,0.000000,0.656258,0.757731,0.600197
0.604401,0.551700,0.508684,0.554693,0.481825,0.478084,0.514370,0.557973,0.481094,0.483774,0.521934,0.496679,0.546206,0.458043,0.566602,0.544482,0.427780,0.659708,0.444350,0.629634,0.420977,0.596813,0.392005,0.521861,0.457534,0.604222,0.498556,0.547673,0.528305,0.498680,0.729859,0.468955,0.710987,0.661881,0.435346,0.484414,0.252355,0.540112,0.504298,0.524644,0.517240,0.737212,0.711054,0.655327,0.546240,0.568227,0.542083,0.513510,0.566085,0.512438,0.567578,0.677485,0.584668,0.809716,0.487937,0.587364,0.567135,0.545695,0.457545,0.529788,0.622470,0.578482,0.741577,0.715464,0.544754,0.382108,0.544282,0.609071,0.620343,0.592768,0.561435,0.614625,0.562644,0.604125,0.626591,0.598062,0.506742,0.434660,0.553178,0.624837,0.642645,0.593039,0.558950,0.751271,0.520023,0.605640,0.696281,0.484729,0.720885,0.581579,0.603470,0.542437,0.603441,0.410760,0.687604,0.579800,0.778123,0.629901,0.645437,0.454056,0.460409,0.527330,0.429080,0.543517,0.711966,0.513379,0.717871,0.489178,0.472462,0.608159,0.787656,0.561331,0.570744,0.466616,0.539159,0.624637,0.796612,0.645659,0.557267,0.467731,0.515750,0.565054,0.517043,0.627595,0.368543,0.584724,0.604836,0.343389,0.681467,0.498300,0.530551,0.662416,0.669544,0.467260,0.409189,0.447543,0.686728,0.680561,0.732697,0.339468,0.590789,0.680801,0.591843,0.539360,0.656852,0.559373,0.656042,0.590249,0.701445,0.666326,0.501584,0.666367,0.601503,0.509912,0.627754,0.436682,0.533278,0.596022,0.572319,0.651895,0.617203,0.600530,0.507547,0.508245,0.544738,0.414979,0.470168,0.570910,0.515747,0.514539,0.473931,0.620903,0.779706,0.602203,0.608189,0.634341,0.759886,0.574365,0.352955,0.720865,0.714750,0.657316,0.691946,0.472364,0.521767,0.670208,0.619063,0.594249,0.804482,0.586001,0.527196,0.600178,0.623881,0.614271,0.729530,0.430599,0.636372,0.470322,0.744401,0.500596,0.692752,0.668033,0.624434,0.438595,0.765107,0.588327,0.665749,0.520899,0.556999,0.736567,0.701420,0.503662,0.621051,0.632257,0.757396,0.519944,0.506100,0.834807,0.585557,0.706193,0.701544,0.480842,0.631530,0.609540,0.601615,0.488371,0.542803,0.818850,0.558867,0.610096,0.647695,0.713310,0.530932,0.647146,0.623447,0.520954,0.635335,0.695094,0.709028,0.594028,0.546429,0.491344,0.534114,0.579566,0.617645,0.720483,0.682658,0.551515,0.578354,0.654311,0.523993,0.498188,0.652811,0.730951,0.660136,0.508519,0.557582,0.653769,0.631075,0.619467,0.793612,0.654764,0.647135,0.578052,0.722714,0.533677,0.601431,0.644562,0.669774,0.490763,0.593529,0.412426,0.636123,0.556795,0.613745,0.608182,0.688702,0.512032,0.546963,0.536253,0.716328,0.571682,0.717512,0.508734,0.522635,0.662057,0.760148,0.593312,0.623645,0.683355,0.706754,0.727316,0.628530,0.574398,0.570625,0.554695,0.595492,0.559447,0.614398,0.614730,0.530987,0.510733,0.626869,0.600108,0.526636,0.616450,0.673694,0.597830,0.508884,0.492967,0.542445,0.539132,0.599123,0.424623,0.499097,0.619897,0.746481,0.552748,0.557144,0.609277,0.508560,0.564176,0.705743,0.367361,0.584200,0.754671,0.614208,0.630600,0.737229,0.646463,0.478497,0.591634,0.651595,0.555050,0.722242,0.655540,0.776824,0.508174,0.783370,0.606019,0.604096,0.831547,0.545685,0.660066,0.757543,0.669565,0.559926,0.785506,0.448619,0.702638,0.772586,0.809832,0.667839,0.681112,0.615214,0.590781,0.796928,0.571235,0.495073,0.719668,0.650975,0.686035,0.674706,0.548354,0.601518,0.614177,0.570508,0.824220,0.754273,0.639565,0.570376,0.785834,0.628629,0.554326,0.796205,0.557267,0.605928,0.586254,0.610863,0.631084,0.494253,0.698055,0.641317,0.568168,0.637689,0.461051,0.596388,0.711093,0.672271,0.525546,0.664265,0.613370,0.825472,0.527877,0.734904,0.715320,0.528676,0.698592,0.596772,0.642968,0.599922,0.618767,0.427183,0.561518,0.508739,0.699196,0.677786,0.505107,0.677254,0.699006,0.686232,0.667561,0.673632,0.596401,0.646270,0.642178,0.618006,0.640187,0.741583,0.639334,0.674417,0.617821,0.764776,0.537341,0.636636,0.523771,0.636829,0.596312,0.567486,0.770133,0.592776,0.586197,0.786857,0.594077,0.462245,0.753886,0.756805,0.594305,0.584628,0.637710,0.614752,0.504065,0.665486,0.598409,0.739313,0.622208,0.738651,0.660515,0.625464,0.645314,0.647290,0.756215,0.707192,0.689108,0.622784,0.631649,0.511925,0.869518,0.752974,0.625277,0.607138,0.573313,0.602761,0.566922,0.754122,0.691330,0.664505,0.688685,0.599450,0.531118,0.562179,0.751983,0.753473,0.616364,0.627637,0.746262,0.615590,0.612390,0.546394,0.685538,0.626675,0.869675,0.654162,0.558483,0.414846,0.556979,0.478980,0.599230,0.740769,0.551841,0.540142,0.682797,0.677657,0.650905,0.661958,0.541559,0.673675,0.656258,0.000000,0.733682,0.430558
0.604406,0.556004,0.778159,0.752640,0.719296,0.763774,0.725885,0.708229,0.741297,0.684199,0.742329,0.671838,0.359767,0.730483,0.371059,0.622438,0.679690,0.649366,0.655101,0.630322,0.584236,0.683508,0.681870,0.728672,0.730339,0.735425,0.503336,0.603707,0.668334,0.529956,0.559853,0.611191,0.518323,0.503513,0.513321,0.719274,0.654617,0.708714,0.770705,0.801712,0.600890,0.638572,0.615867,0.751421,0.806973,0.579449,0.730610,0.670974,0.587728,0.775292,0.754644,0.610013,0.404176,0.573089,0.687929,0.505058,0.665848,0.702070,0.727622,0.732419,0.418326,0.719461,0.534183,0.616911,0.783385,0.611520,0.724061,0.519890,0.539402,0.664979,0.632408,0.393713,0.785604,0.771526,0.343956,0.526584,0.767077,0.601146,0.729067,0.826184,0.795731,0.833292,0.686494,0.525582,0.696856,0.743127,0.820531,0.690634,0.435090,0.769068,0.644945,0.675904,0.744719,0.653770,0.547073,0.693250,0.489305,0.385671,0.707547,0.715274,0.603288,0.485608,0.701403,0.719771,0.448343,0.657801,0.539834,0.646327,0.564341,0.793419,0.590681,0.649697,0.795220,0.767632,0.649085,0.739758,0.638739,0.668890,0.776090,0.685036,0.722919,0.753887,0.706141,0.630693,0.615559,0.685724,0.811138,0.533673,0.526396,0.705414,0.711683,0.808041,0.732045,0.623967,0.753636,0.665261,0.425672,0.626821,0.563046,0.527936,0.691580,0.495361,0.742669,0.593207,0.809100,0.537977,0.712654,0.452276,0.631554,0.529750,0.684985,0.461107,0.718386,0.688724,0.680312,0.665734,0.742418,0.762103,0.494954,0.593838,0.736846,0.819123,0.695473,0.711951,0.770737,0.488435,0.652077,0.762703,0.711691,0.643132,0.656695,0.568613,0.541696,0.755517,0.380211,0.809955,0.576956,0.765684,0.716053,0.660361,0.736731,0.461661,0.685758,0.673049,0.756712,0.593029,0.404396,0.716242,0.685905,0.807553,0.697377,0.780973,0.408831,0.685200,0.686863,0.729489,0.713361,0.570854,0.770783,0.785003,0.504215,0.514521,0.715415,0.697364,0.473483,0.790642,0.689588,0.585794,0.499374,0.704991,0.569680,0.584670,0.443836,0.594661,0.842233,0.727747,0.595818,0.630441,0.774012,0.588000,0.283300,0.737360,0.429652,0.774397,0.763185,0.664174,0.773696,0.460793,0.657809,0.732963,0.634051,0.619087,0.688138,0.715145,0.784744,0.690220,0.744505,0.760578,0.776638,0.768909,0.712155,0.648195,0.816540,0.591675,0.712058,0.263605,0.626091,0.693065,0.838735,0.768586,0.641387,0.485567,0.617487,0.790506,0.336284,0.717817,0.681114,0.629050,0.758714,0.731196,0.498908,0.381695,0.737489,0.737517,0.606201,0.736557,0.738921,0.773430,0.370664,0.749672,0.768319,0.631449,0.842913,0.792447,0.643842,0.744274,0.693697,0.496263,0.751904,0.753864,0.562343,0.779425,0.594861,0.730558,0.670259,0.763060,0.320040,0.741421,0.704718,0.328292,0.522935,0.847927,0.431989,0.788358,0.715584,0.660908,0.414278,0.731754,0.750701,0.735181,0.623051,0.600486,0.447190,0.760762,0.819779,0.490154,0.559917,0.788391,0.774129,0.804429,0.726002,0.700726,0.641887,0.733845,0.731916,0.619332,0.549629,0.777511,0.597418,0.355667,0.754020,0.663100,0.761098,0.707659,0.699136,0.595999,0.452999,0.728970,0.547399,0.397669,0.771745,0.608722,0.474195,0.821667,0.560910,0.774551,0.583783,0.693752,0.809071,0.817961,0.719642,0.624548,0.885955,0.506087,0.621933,0.630562,0.793133,0.548069,0.728035,0.718603,0.738543,0.616549,0.704962,0.659002,0.616809,0.725509,0.685943,0.769210,0.742823,0.710746,0.775728,0.612895,0.733807,0.785662,0.746827,0.737037,0.644830,0.457565,0.644658,0.455831,0.710818,0.708482,0.821866,0.674722,0.618605,0.768398,0.605600,0.724417,0.754779,0.591287,0.727443,0.767193,0.616493,0.731722,0.815096,0.802474,0.772642,0.558253,0.771975,0.671285,0.791198,0.586144,0.566233,0.752163,0.768288,0.400850,0.755877,0.688731,0.630005,0.741388,0.823765,0.656791,0.748446,0.474491,0.811522,0.777401,0.797175,0.707818,0.859251,0.664250,0.341700,0.832474,0.606347,0.723492,0.856219,0.678670,0.562538,0.870199,0.622584,0.734733,0.748209,0.628897,0.804334,0.671629,0.783458,0.563929,0.681768,0.720263,0.662032,0.570713,0.713236,0.545075,0.674998,0.869588,0.626297,0.593261,0.711123,0.820320,0.575057,0.562134,0.593419,0.790289,0.737145,0.609025,0.611265,0.701262,0.775484,0.782604,0.622397,0.580922,0.804215,0.867418,0.716833,0.604647,0.451352,0.554700,0.747983,0.596689,0.477993,0.758174,0.654418,0.717042,0.708581,0.682970,0.673638,0.636044,0.762202,0.838488,0.581224,0.648036,0.753249,0.651546,0.112903,0.563930,0.767975,0.702387,0.624791,0.595498,0.795175,0.503542,0.666123,0.629563,0.702360,0.521230,0.696355,0.786850,0.621523,0.797330,0.516964,0.685627,0.733142,0.768748,0.490861,0.820718,0.771976,0.571313,0.555734,0.757731,0.733682,0.000000,0.544165
0.604628,0.547315,0.595049,0.684218,0.596045,0.609192,0.686727,0.611586,0.551508,0.620007,0.703706,0.595521,0.505887,0.632701,0.501181,0.542313,0.463820,0.667797,0.458812,0.646603,0.401928,0.589802,0.485192,0.602855,0.562217,0.649874,0.493707,0.602658,0.553483,0.537637,0.655192,0.431560,0.653184,0.562669,0.472647,0.651412,0.459363,0.594313,0.689925,0.634386,0.465569,0.777139,0.686669,0.632104,0.619911,0.431856,0.521020,0.514005,0.476605,0.713776,0.662837,0.725371,0.593123,0.744080,0.602259,0.341084,0.592694,0.545185,0.571134,0.573043,0.598606,0.624397,0.684104,0.783703,0.631361,0.475454,0.530354,0.595085,0.542860,0.617518,0.585626,0.625059,0.594506,0.636478,0.603970,0.568108,0.691199,0.473665,0.612413,0.702130,0.758429,0.671494,0.591929,0.717061,0.519119,0.679067,0.716042,0.527977,0.624111,0.708932,0.644842,0.601421,0.672718,0.485889,0.610127,0.693007,0.737951,0.594127,0.729873,0.557577,0.431776,0.418873,0.577198,0.662315,0.565061,0.599893,0.688421,0.594277,0.511517,0.715565,0.786267,0.477579,0.734425,0.673897,0.643925,0.621743,0.776615,0.556535,0.689465,0.601402,0.677574,0.534419,0.488070,0.568055,0.491456,0.659930,0.646958,0.400714,0.525929,0.627503,0.562561,0.717600,0.670913,0.622641,0.458029,0.491499,0.551464,0.653746,0.644982,0.490254,0.639926,0.653646,0.667239,0.571077,0.685230,0.571196,0.661021,0.436675,0.684824,0.471712,0.556489,0.602902,0.577498,0.477060,0.632719,0.571663,0.686215,0.629591,0.424078,0.632135,0.641626,0.739237,0.605667,0.534032,0.713097,0.470213,0.443770,0.611577,0.555606,0.542734,0.581778,0.495846,0.739391,0.761964,0.568640,0.745518,0.696160,0.567204,0.401757,0.666808,0.623541,0.506475,0.742788,0.563475,0.544373,0.730266,0.597286,0.676236,0.748116,0.710569,0.533441,0.709558,0.592262,0.691502,0.614139,0.480669,0.574150,0.466681,0.792919,0.572274,0.673630,0.651630,0.598106,0.509867,0.769645,0.756205,0.645234,0.634707,0.455490,0.692957,0.657254,0.510780,0.534095,0.619503,0.768599,0.517144,0.543622,0.805566,0.673884,0.713200,0.574825,0.495892,0.582930,0.652023,0.651875,0.448832,0.598781,0.733295,0.577251,0.602148,0.699328,0.587400,0.540891,0.618194,0.655183,0.601118,0.700147,0.698116,0.753627,0.654588,0.565397,0.408612,0.600181,0.531684,0.645865,0.498489,0.743372,0.579423,0.561859,0.725545,0.575330,0.447495,0.704215,0.725651,0.549972,0.491015,0.612764,0.572756,0.644638,0.606522,0.725053,0.617192,0.673858,0.650961,0.725832,0.566149,0.675521,0.643338,0.426569,0.588929,0.699586,0.550728,0.705736,0.676444,0.583871,0.685149,0.702056,0.428024,0.546343,0.602514,0.624947,0.614617,0.468024,0.556616,0.566541,0.669104,0.533330,0.679111,0.550380,0.561720,0.608416,0.772763,0.521054,0.650712,0.678422,0.575079,0.474577,0.573190,0.684032,0.642451,0.422978,0.499348,0.474054,0.698218,0.617002,0.513248,0.474586,0.547650,0.551251,0.614930,0.563970,0.686420,0.501646,0.593316,0.436528,0.621115,0.597688,0.709716,0.455971,0.572352,0.608374,0.454777,0.765000,0.562911,0.485472,0.771802,0.292975,0.637534,0.753706,0.492955,0.520287,0.557680,0.652175,0.611423,0.617648,0.719911,0.755489,0.625542,0.768972,0.645614,0.588312,0.867688,0.722704,0.581481,0.774630,0.690554,0.687920,0.731307,0.453993,0.758388,0.794544,0.757015,0.657261,0.730200,0.580191,0.616517,0.742965,0.715683,0.626859,0.700010,0.619719,0.542727,0.642027,0.743033,0.668255,0.564090,0.533125,0.644301,0.834595,0.606297,0.664721,0.780760,0.647949,0.555660,0.748889,0.650162,0.706557,0.569508,0.686164,0.627214,0.576363,0.672979,0.523187,0.709711,0.721848,0.536062,0.696828,0.569086,0.563168,0.589434,0.693037,0.680763,0.688603,0.705837,0.750839,0.512550,0.560470,0.714125,0.541396,0.595254,0.684304,0.721628,0.596959,0.548343,0.610568,0.769001,0.609607,0.578430,0.848511,0.668795,0.591507,0.770312,0.603853,0.677187,0.832090,0.626636,0.545927,0.761822,0.731153,0.680141,0.811857,0.492150,0.757714,0.625103,0.596687,0.453065,0.678065,0.381549,0.503961,0.733040,0.528159,0.469436,0.761979,0.727297,0.525497,0.734175,0.698420,0.710226,0.578887,0.616500,0.526747,0.634975,0.565436,0.634474,0.595961,0.621953,0.663850,0.660966,0.517258,0.666581,0.652338,0.750168,0.751529,0.758012,0.472295,0.455123,0.532621,0.819911,0.580772,0.618411,0.568059,0.479218,0.580543,0.626031,0.759753,0.658531,0.663487,0.685588,0.467940,0.471503,0.592616,0.732434,0.534239,0.672918,0.623362,0.763663,0.591042,0.690482,0.586310,0.411056,0.623166,0.736195,0.650911,0.459473,0.620641,0.552870,0.386399,0.618993,0.522051,0.558402,0.577885,0.646822,0.418790,0.680077,0.661955,0.530855,0.524363,0.600197,0.430558,0.544165,0.000000
