0.000000,0.399811,0.406430,0.411798,0.423119,0.431501,0.445474,0.449438,0.455561,0.458066,0.458653,0.462947,0.464113,0.464939,0.465488,0.465512,0.473971,0.475167,0.475559,0.477340,0.477527,0.477698,0.485204,0.485494,0.490161,0.491902,0.495062,0.495544,0.497690,0.497698,0.498512,0.499759,0.501132,0.504611,0.507829,0.507867,0.510269,0.511830,0.512494,0.512638,0.512888,0.513530,0.513863,0.514674,0.515399,0.516054,0.516946,0.517287,0.517940,0.518383,0.518957,0.519620,0.519726,0.521643,0.522272,0.522431,0.523148,0.523956,0.525472,0.525902,0.526643,0.528536,0.529306,0.529407,0.529438,0.529888,0.530073,0.530075,0.530109,0.530440,0.530616,0.531218,0.532086,0.532881,0.533042,0.533339,0.533648,0.534512,0.537439,0.537443,0.537468,0.537545,0.537746,0.538596,0.538842,0.538966,0.539223,0.539729,0.540337,0.542115,0.542415,0.542675,0.543898,0.543975,0.544004,0.544240,0.544408,0.544444,0.544859,0.545473,0.545524
0.399811,0.000000,0.471447,0.538045,0.538479,0.461648,0.702931,0.502745,0.552412,0.538799,0.567790,0.652249,0.471832,0.515456,0.503516,0.552203,0.398488,0.587576,0.505880,0.539076,0.521045,0.505628,0.567129,0.564722,0.584526,0.563942,0.477587,0.586394,0.616479,0.571504,0.519950,0.441318,0.407314,0.617820,0.584515,0.637661,0.562375,0.555878,0.633300,0.680095,0.731907,0.736001,0.724093,0.736679,0.425509,0.552386,0.465703,0.495712,0.623955,0.649933,0.566931,0.543314,0.500729,0.514817,0.534185,0.401684,0.709015,0.593405,0.464080,0.504981,0.558095,0.540923,0.464329,0.694079,0.478157,0.748096,0.710404,0.648218,0.486626,0.517452,0.421537,0.506400,0.695604,0.636360,0.632488,0.543126,0.590820,0.679380,0.683385,0.653200,0.556932,0.590005,0.387563,0.563262,0.520047,0.622621,0.536243,0.716916,0.625440,0.557662,0.645023,0.578359,0.664723,0.721889,0.558192,0.573564,0.579824,0.647978,0.395722,0.699855,0.532576
0.406430,0.471447,0.000000,0.419263,0.513741,0.498291,0.706577,0.354792,0.134849,0.480529,0.576848,0.606344,0.336377,0.451058,0.405896,0.550884,0.325299,0.414356,0.313164,0.569745,0.417548,0.369430,0.412213,0.377315,0.392863,0.622579,0.391096,0.308618,0.298802,0.416323,0.412972,0.536534,0.583533,0.449946,0.604287,0.405992,0.337829,0.500693,0.704487,0.623321,0.407861,0.459053,0.677158,0.444557,0.626699,0.555734,0.471945,0.608655,0.476894,0.480736,0.363615,0.343371,0.466415,0.594024,0.512263,0.608657,0.313803,0.374673,0.532224,0.496226,0.665902,0.365283,0.728341,0.614584,0.547898,0.434893,0.453624,0.646341,0.654135,0.643914,0.386621,0.385966,0.508221,0.504153,0.646481,0.497681,0.481769,0.360740,0.588326,0.646487,0.687430,0.656681,0.608487,0.605332,0.571716,0.529119,0.581510,0.763304,0.571037,0.523508,0.612581,0.633346,0.456958,0.543670,0.281613,0.494860,0.553848,0.589091,0.509090,0.676739,0.612797
0.411798,0.538045,0.419263,0.000000,0.494218,0.372757,0.613948,0.388789,0.431344,0.464189,0.452667,0.436293,0.361243,0.584323,0.632517,0.537608,0.431705,0.302172,0.404781,0.555470,0.440304,0.427670,0.460696,0.517029,0.444057,0.562963,0.542224,0.400922,0.392941,0.528434,0.437380,0.603072,0.519487,0.435259,0.530688,0.622365,0.386625,0.609503,0.682586,0.604473,0.537043,0.497922,0.555789,0.508397,0.643829,0.518934,0.491089,0.584621,0.466070,0.514798,0.457776,0.424229,0.572264,0.487211,0.702808,0.552801,0.453798,0.559042,0.655302,0.496261,0.495809,0.471279,0.653330,0.570379,0.552912,0.461006,0.470493,0.580496,0.540916,0.606388,0.577448,0.528397,0.575764,0.553307,0.542160,0.599464,0.471408,0.485865,0.517567,0.520812,0.593301,0.540826,0.672187,0.607536,0.612408,0.720399,0.593237,0.629322,0.714142,0.490569,0.485909,0.633762,0.493295,0.493318,0.391674,0.501880,0.526394,0.546421,0.653893,0.629064,0.737572
0.423119,0.538479,0.513741,0.494218,0.000000,0.554039,0.532113,0.521251,0.585327,0.600245,0.519427,0.522722,0.588018,0.471840,0.477189,0.576319,0.498387,0.476024,0.583870,0.499586,0.548716,0.536536,0.489427,0.517125,0.526194,0.613855,0.588017,0.484089,0.488594,0.440644,0.537786,0.588482,0.638066,0.582409,0.486544,0.444916,0.525992,0.407906,0.681635,0.499980,0.407762,0.412046,0.554395,0.407435,0.567641,0.579866,0.524914,0.613497,0.514280,0.530292,0.575407,0.547101,0.618619,0.666650,0.613504,0.593982,0.425898,0.637403,0.631003,0.608574,0.622394,0.541866,0.710052,0.578030,0.638209,0.546159,0.514677,0.685995,0.636060,0.562401,0.606796,0.591467,0.421029,0.568414,0.413770,0.476536,0.562140,0.534151,0.439171,0.528494,0.692507,0.617409,0.527709,0.542519,0.570414,0.609949,0.554982,0.637715,0.615772,0.555446,0.492082,0.600749,0.605976,0.561026,0.546011,0.605361,0.530624,0.527881,0.540167,0.481405,0.660029
0.431501,0.461648,0.498291,0.372757,0.554039,0.000000,0.598247,0.355040,0.465733,0.478613,0.458795,0.509443,0.437657,0.731993,0.749737,0.548746,0.564891,0.301308,0.482809,0.547538,0.516186,0.542297,0.602895,0.646395,0.444747,0.562332,0.630119,0.516177,0.529465,0.709095,0.543176,0.590924,0.425158,0.598572,0.591683,0.791775,0.439513,0.677427,0.641020,0.688856,0.596674,0.588688,0.649743,0.585046,0.534517,0.549193,0.586378,0.461367,0.606026,0.610396,0.548390,0.549808,0.614550,0.475421,0.710253,0.475126,0.578772,0.615979,0.718661,0.541092,0.418343,0.602165,0.546320,0.552666,0.603578,0.612050,0.579164,0.569749,0.502653,0.568268,0.589536,0.640823,0.726778,0.622215,0.617845,0.783617,0.637967,0.680072,0.577611,0.655320,0.610148,0.551895,0.578788,0.529660,0.509257,0.746181,0.542770,0.634237,0.767067,0.640553,0.430490,0.514473,0.626475,0.597742,0.457373,0.587338,0.650677,0.551516,0.605977,0.644671,0.806515
0.445474,0.702931,0.706577,0.613948,0.532113,0.598247,0.000000,0.609341,0.690740,0.639015,0.518269,0.480915,0.664816,0.736050,0.775749,0.571142,0.689502,0.615269,0.663175,0.660101,0.636917,0.643138,0.628609,0.698915,0.696852,0.574450,0.730060,0.686725,0.695871,0.624353,0.651277,0.634552,0.652979,0.644351,0.483271,0.679405,0.697340,0.719172,0.510301,0.515796,0.648066,0.607756,0.535782,0.615612,0.618937,0.758262,0.767375,0.666234,0.640744,0.650791,0.676964,0.759739,0.743334,0.675645,0.760972,0.687845,0.632525,0.790786,0.825752,0.681628,0.646119,0.678040,0.685171,0.610830,0.711632,0.652776,0.603292,0.573889,0.666988,0.631135,0.747268,0.738567,0.497435,0.613641,0.559933,0.765915,0.686908,0.701248,0.521943,0.610948,0.715905,0.515272,0.757766,0.673796,0.681035,0.764593,0.696359,0.580385,0.681682,0.689929,0.575251,0.806630,0.641854,0.581968,0.745828,0.710640,0.682568,0.588203,0.750992,0.472420,0.763672
0.449438,0.502745,0.354792,0.388789,0.521251,0.355040,0.609341,0.000000,0.366130,0.495846,0.554862,0.544810,0.225930,0.535135,0.559925,0.565053,0.379371,0.231920,0.233716,0.607797,0.338695,0.327237,0.429549,0.473415,0.253875,0.556835,0.394473,0.389475,0.393320,0.539208,0.351745,0.581299,0.458898,0.355668,0.548125,0.564628,0.280229,0.599530,0.682689,0.651327,0.427883,0.424561,0.636769,0.417744,0.608148,0.553509,0.515864,0.545066,0.467649,0.428872,0.366940,0.310598,0.444162,0.422665,0.594950,0.566758,0.344468,0.492215,0.629669,0.478556,0.523168,0.377354,0.590490,0.551288,0.545731,0.435208,0.391665,0.611680,0.562208,0.619644,0.448712,0.447575,0.615705,0.537869,0.553344,0.613561,0.395984,0.446054,0.527903,0.622207,0.681737,0.526756,0.630999,0.545638,0.552380,0.637617,0.661771,0.689775,0.641236,0.441691,0.489369,0.563551,0.433887,0.481595,0.270711,0.419278,0.539296,0.502572,0.592646,0.639372,0.674225
0.455561,0.552412,0.134849,0.431344,0.585327,0.465733,0.690740,0.366130,0.000000,0.481944,0.632690,0.578473,0.352770,0.560812,0.523195,0.519294,0.334904,0.428469,0.341593,0.628515,0.463572,0.416283,0.471569,0.431887,0.370524,0.646317,0.473991,0.368701,0.363684,0.544369,0.464069,0.557474,0.548792,0.516102,0.648437,0.527365,0.373801,0.584275,0.733497,0.681036,0.470246,0.487412,0.634054,0.487210,0.668727,0.583119,0.557426,0.615039,0.530389,0.495210,0.392387,0.390571,0.540642,0.572141,0.561042,0.608951,0.380831,0.447233,0.615461,0.588171,0.672032,0.433467,0.770805,0.555278,0.606522,0.394085,0.448573,0.581041,0.667571,0.693790,0.452227,0.350313,0.660229,0.530532,0.690205,0.642054,0.482138,0.468867,0.619353,0.679828,0.719595,0.629827,0.656470,0.600381,0.598424,0.572786,0.635929,0.735042,0.625530,0.538354,0.600305,0.620188,0.462103,0.544636,0.340258,0.529339,0.580468,0.579411,0.619151,0.751257,0.719898
0.458066,0.538799,0.480529,0.464189,0.600245,0.478613,0.639015,0.495846,0.481944,0.000000,0.590132,0.642533,0.529351,0.682826,0.663956,0.589125,0.664370,0.449856,0.543930,0.751492,0.634361,0.613844,0.572576,0.714697,0.587463,0.597595,0.555458,0.526675,0.499675,0.603971,0.627172,0.631055,0.533968,0.666045,0.601362,0.685135,0.517534,0.727479,0.696787,0.795125,0.534920,0.599710,0.676281,0.578655,0.562360,0.580758,0.636333,0.591436,0.586283,0.611549,0.582772,0.588676,0.542300,0.550876,0.677286,0.472789,0.540283,0.634375,0.688140,0.591370,0.674823,0.598090,0.650639,0.699332,0.659512,0.676286,0.602639,0.628562,0.672165,0.584416,0.491070,0.697886,0.665894,0.668218,0.659022,0.751234,0.687875,0.648009,0.592006,0.800843,0.692461,0.681671,0.549969,0.668807,0.657713,0.700720,0.752273,0.786908,0.694093,0.626548,0.639162,0.714427,0.629291,0.647277,0.550969,0.683843,0.704291,0.654505,0.534168,0.737229,0.761415
0.458653,0.567790,0.576848,0.452667,0.519427,0.458795,0.518269,0.554862,0.632690,0.590132,0.000000,0.388135,0.578590,0.718149,0.688151,0.586610,0.629896,0.457118,0.613221,0.546210,0.631310,0.595633,0.613228,0.635939,0.581882,0.553560,0.654202,0.591989,0.641425,0.503720,0.593016,0.575853,0.561980,0.616916,0.488297,0.603504,0.560394,0.593271,0.629843,0.557790,0.687983,0.661819,0.657460,0.650818,0.555664,0.613753,0.545495,0.640674,0.642202,0.665171,0.601291,0.659347,0.665924,0.613134,0.758020,0.567727,0.640405,0.709962,0.770068,0.622136,0.405442,0.645092,0.606769,0.646158,0.655104,0.600819,0.579449,0.573695,0.609567,0.536331,0.652068,0.706986,0.577261,0.650143,0.513746,0.684708,0.519671,0.543915,0.498214,0.567629,0.618075,0.556498,0.613454,0.590877,0.583372,0.748936,0.572045,0.586437,0.607534,0.532001,0.490316,0.653891,0.594798,0.598452,0.604187,0.645990,0.653916,0.597609,0.618601,0.550513,0.672329
0.462947,0.652249,0.606344,0.436293,0.522722,0.509443,0.480915,0.544810,0.578473,0.642533,0.388135,0.000000,0.535009,0.741267,0.774728,0.540582,0.585382,0.501078,0.570713,0.629103,0.527618,0.537610,0.534399,0.627154,0.584613,0.572697,0.697568,0.572824,0.585044,0.568279,0.537216,0.606941,0.587108,0.585670,0.464159,0.641405,0.617205,0.711610,0.605704,0.526451,0.623856,0.568550,0.606734,0.585393,0.625085,0.707396,0.689035,0.688451,0.578067,0.549441,0.544041,0.639438,0.696745,0.630343,0.762506,0.650014,0.577289,0.744033,0.834882,0.622699,0.516086,0.572337,0.688186,0.537436,0.675699,0.486217,0.499663,0.537724,0.651979,0.618534,0.722490,0.655778,0.555856,0.547014,0.575085,0.737180,0.542231,0.539781,0.495735,0.491252,0.666966,0.504558,0.733448,0.607680,0.672302,0.789644,0.669590,0.503081,0.729160,0.545293,0.507703,0.751839,0.565444,0.508255,0.643398,0.526751,0.612276,0.568214,0.732237,0.496661,0.753897
0.464113,0.471832,0.336377,0.361243,0.588018,0.437657,0.664816,0.225930,0.352770,0.529351,0.578590,0.535009,0.000000,0.460376,0.529325,0.578369,0.318514,0.332354,0.117275,0.596990,0.277740,0.243087,0.375840,0.456374,0.295736,0.551733,0.379676,0.370474,0.358512,0.502315,0.275426,0.545973,0.499298,0.352215,0.555277,0.535988,0.255801,0.566328,0.711232,0.644429,0.484621,0.471205,0.657976,0.473381,0.626065,0.567383,0.517538,0.564553,0.479890,0.423406,0.255180,0.241057,0.445367,0.501509,0.533324,0.557102,0.377889,0.458461,0.595652,0.448252,0.522858,0.270613,0.638734,0.581104,0.520489,0.432482,0.368466,0.606294,0.564732,0.614658,0.438851,0.359114,0.614765,0.562397,0.584189,0.544603,0.355569,0.404893,0.510213,0.634468,0.642109,0.548341,0.627543,0.584531,0.616750,0.599418,0.630569,0.719087,0.633944,0.425805,0.568039,0.574049,0.412869,0.503670,0.237444,0.351609,0.461365,0.573898,0.586248,0.676930,0.624836
0.464939,0.515456,0.451058,0.584323,0.471840,0.731993,0.736050,0.535135,0.560812,0.682826,0.718149,0.741267,0.460376,0.000000,0.276175,0.706413,0.444473,0.656139,0.437858,0.561225,0.474511,0.453355,0.555316,0.414564,0.479975,0.661224,0.371793,0.505591,0.470030,0.508580,0.473668,0.594288,0.712844,0.560817,0.710036,0.423229,0.442980,0.365694,0.612708,0.738809,0.585525,0.608024,0.691169,0.620719,0.752106,0.623112,0.532890,0.662093,0.529767,0.522804,0.485165,0.349619,0.495343,0.586203,0.326900,0.705451,0.561008,0.445180,0.259632,0.610447,0.765779,0.461217,0.676422,0.680130,0.536382,0.552975,0.556697,0.711386,0.634853,0.711190,0.499542,0.453629,0.613313,0.601276,0.584143,0.291641,0.545692,0.510389,0.600005,0.652810,0.627348,0.787429,0.652704,0.627696,0.614725,0.384210,0.619159,0.756784,0.534125,0.575313,0.695579,0.559942,0.589677,0.688760,0.457622,0.553002,0.440012,0.654105,0.582980,0.727798,0.397671
0.465488,0.503516,0.405896,0.632517,0.477189,0.749737,0.775749,0.559925,0.523195,0.663956,0.688151,0.774728,0.529325,0.276175,0.000000,0.678962,0.515400,0.667158,0.506702,0.576461,0.572585,0.560055,0.665888,0.447078,0.537533,0.698854,0.420867,0.545731,0.540308,0.485437,0.582674,0.611020,0.684169,0.605804,0.711976,0.379405,0.518272,0.414382,0.689781,0.753447,0.588600,0.636326,0.688555,0.637734,0.732008,0.622803,0.537228,0.656398,0.587243,0.619518,0.605201,0.438232,0.510989,0.603478,0.340297,0.686896,0.583226,0.433561,0.317255,0.592974,0.754675,0.562902,0.673982,0.729500,0.540335,0.675109,0.676351,0.719013,0.655355,0.686239,0.471639,0.521397,0.663497,0.616709,0.620174,0.409298,0.567616,0.543881,0.652401,0.652369,0.631736,0.788895,0.562135,0.616333,0.519551,0.306287,0.623515,0.765060,0.429865,0.601376,0.735718,0.543787,0.640861,0.743430,0.510057,0.633990,0.585664,0.709623,0.546756,0.735853,0.361314
0.465512,0.552203,0.550884,0.537608,0.576319,0.548746,0.571142,0.565053,0.519294,0.589125,0.586610,0.540582,0.578369,0.706413,0.678962,0.000000,0.542952,0.546699,0.595053,0.626758,0.544002,0.486920,0.544615,0.678291,0.597529,0.536240,0.657623,0.562454,0.594814,0.544304,0.543815,0.650670,0.626635,0.594948,0.592731,0.638693,0.627930,0.659955,0.585144,0.641958,0.572586,0.557634,0.540362,0.521169,0.619690,0.678635,0.633088,0.581951,0.453549,0.553915,0.519812,0.645510,0.676724,0.579715,0.711938,0.590103,0.588473,0.606450,0.727039,0.615956,0.654635,0.556404,0.738753,0.483288,0.471683,0.514505,0.539805,0.598550,0.487414,0.614656,0.669792,0.619860,0.590704,0.453482,0.576185,0.703493,0.620600,0.629701,0.484827,0.573261,0.592729,0.539629,0.600694,0.558947,0.654152,0.724357,0.647872,0.576421,0.709285,0.625733,0.572416,0.600758,0.502571,0.464230,0.647099,0.582058,0.572436,0.515666,0.602238,0.687998,0.769509
0.473971,0.398488,0.325299,0.431705,0.498387,0.564891,0.689502,0.379371,0.334904,0.664370,0.629896,0.585382,0.318514,0.444473,0.515400,0.542952,0.000000,0.472849,0.333585,0.495998,0.347446,0.312618,0.408579,0.239489,0.398082,0.632133,0.491890,0.317906,0.323862,0.512610,0.328111,0.405730,0.535376,0.387252,0.517879,0.538572,0.369181,0.495368,0.724639,0.584707,0.537816,0.493930,0.599312,0.497819,0.616248,0.623148,0.481629,0.574528,0.437501,0.515948,0.339595,0.352814,0.543897,0.519399,0.581496,0.557739,0.391151,0.491517,0.558097,0.472296,0.624879,0.339428,0.678791,0.533015,0.538644,0.420439,0.472764,0.622070,0.560057,0.638814,0.505138,0.080854,0.622076,0.458755,0.528194,0.490826,0.394185,0.430371,0.581155,0.500930,0.667423,0.520827,0.594568,0.577403,0.569891,0.642923,0.553402,0.641939,0.687135,0.458224,0.645509,0.617120,0.412171,0.576301,0.381776,0.424392,0.422215,0.474993,0.539891,0.670366,0.605234
0.475167,0.587576,0.414356,0.302172,0.476024,0.301308,0.615269,0.231920,0.428469,0.449856,0.457118,0.501078,0.332354,0.656139,0.667158,0.546699,0.472849,0.000000,0.390895,0.607048,0.423553,0.404355,0.494171,0.602184,0.337214,0.545462,0.499902,0.404316,0.431989,0.558385,0.419073,0.647528,0.520164,0.436614,0.521160,0.677622,0.281518,0.671610,0.716249,0.677689,0.438637,0.424542,0.574864,0.404671,0.612830,0.597784,0.527950,0.521968,0.482251,0.472072,0.425974,0.399514,0.525779,0.502791,0.703719,0.534050,0.390635,0.579830,0.714691,0.528832,0.487256,0.480947,0.637522,0.529326,0.589793,0.495009,0.427329,0.582206,0.551491,0.584268,0.563022,0.571235,0.646072,0.603869,0.507946,0.707257,0.449442,0.494200,0.430866,0.588083,0.637738,0.519371,0.619073,0.535615,0.537608,0.743636,0.685386,0.685096,0.711037,0.522099,0.397712,0.570818,0.503133,0.464772,0.317583,0.482340,0.602363,0.471961,0.600090,0.612247,0.788373
0.475559,0.505880,0.313164,0.404781,0.583870,0.482809,0.663175,0.233716,0.341593,0.543930,0.613221,0.570713,0.117275,0.437858,0.506702,0.595053,0.333585,0.390895,0.000000,0.602363,0.291771,0.257063,0.347357,0.436979,0.281972,0.587968,0.372858,0.358897,0.354567,0.501035,0.286033,0.568279,0.535415,0.365690,0.612964,0.509594,0.286889,0.546988,0.707103,0.659609,0.491050,0.497450,0.691879,0.502273,0.642706,0.540399,0.501230,0.562745,0.483890,0.443263,0.267862,0.241202,0.456759,0.544209,0.518868,0.615054,0.369171,0.452112,0.602906,0.473917,0.580326,0.273236,0.651765,0.597387,0.516505,0.406487,0.377105,0.640679,0.596893,0.641015,0.411196,0.350708,0.627921,0.554806,0.615503,0.540043,0.373164,0.401908,0.555890,0.692615,0.688157,0.582499,0.648708,0.598612,0.585202,0.578749,0.647043,0.758539,0.606674,0.434730,0.600746,0.586916,0.413088,0.514743,0.241221,0.358532,0.461597,0.592056,0.579451,0.719651,0.617674
0.477340,0.539076,0.569745,0.555470,0.499586,0.547538,0.660101,0.607797,0.628515,0.751492,0.546210,0.629103,0.596990,0.561225,0.576461,0.626758,0.495998,0.607048,0.602363,0.000000,0.560585,0.559444,0.596287,0.473802,0.502300,0.580223,0.663903,0.524682,0.591247,0.570355,0.520770,0.582605,0.634763,0.511541,0.600974,0.583916,0.578720,0.570207,0.606284,0.606667,0.616964,0.569269,0.577838,0.585905,0.703141,0.668633,0.618456,0.549010,0.588760,0.681735,0.631269,0.585123,0.664642,0.566269,0.588031,0.602574,0.632444,0.586400,0.603618,0.555674,0.575449,0.603347,0.601475,0.674859,0.568151,0.600032,0.688336,0.634978,0.557853,0.645847,0.704032,0.525116,0.589980,0.564650,0.564883,0.564181,0.556253,0.602179,0.549958,0.507578,0.607363,0.595547,0.631023,0.593597,0.513833,0.647908,0.114092,0.587193,0.686545,0.580554,0.527773,0.600501,0.597620,0.639860,0.636440,0.627092,0.558325,0.658383,0.635858,0.706636,0.647610
0.477527,0.521045,0.417548,0.440304,0.548716,0.516186,0.636917,0.338695,0.463572,0.634361,0.631310,0.527618,0.277740,0.474511,0.572585,0.544002,0.347446,0.423553,0.291771,0.560585,0.000000,0.085776,0.316960,0.477435,0.307242,0.496113,0.468284,0.415628,0.398993,0.487917,0.080474,0.564006,0.587953,0.354778,0.497628,0.533099,0.336911,0.553565,0.671962,0.614795,0.479208,0.401408,0.658087,0.435445,0.603459,0.654555,0.561632,0.603143,0.468580,0.436688,0.153053,0.336406,0.490968,0.553445,0.586625,0.634206,0.405577,0.511305,0.624471,0.461667,0.572438,0.138354,0.668015,0.617938,0.552046,0.423108,0.410299,0.605550,0.582897,0.626146,0.491512,0.418900,0.563002,0.506090,0.514183,0.438239,0.318220,0.435955,0.491664,0.573294,0.575589,0.482500,0.645840,0.553178,0.626111,0.686842,0.592245,0.608128,0.631395,0.293334,0.552628,0.626281,0.442495,0.459476,0.376699,0.120855,0.384570,0.603402,0.575369,0.600721,0.668307
0.477698,0.505628,0.369430,0.427670,0.536536,0.542297,0.643138,0.327237,0.416283,0.613844,0.595633,0.537610,0.243087,0.453355,0.560055,0.486920,0.312618,0.404355,0.257063,0.559444,0.085776,0.000000,0.290723,0.450860,0.300394,0.463731,0.443525,0.383949,0.388466,0.417513,0.101038,0.577359,0.552490,0.352934,0.478209,0.499085,0.318744,0.519742,0.679842,0.592681,0.437138,0.416488,0.670888,0.371289,0.593874,0.642172,0.528296,0.594461,0.462656,0.431783,0.101838,0.313909,0.492252,0.569695,0.561941,0.581181,0.372335,0.498690,0.615699,0.447272,0.574234,0.079459,0.675578,0.636579,0.505166,0.388511,0.385990,0.590580,0.579962,0.626100,0.495512,0.380920,0.532050,0.502017,0.518885,0.401263,0.294038,0.389618,0.441958,0.581286,0.636995,0.444306,0.632167,0.569306,0.617234,0.637726,0.614951,0.614285,0.598703,0.323407,0.532244,0.647182,0.382772,0.422762,0.346166,0.133653,0.385615,0.614523,0.566117,0.618484,0.648632
0.485204,0.567129,0.412213,0.460696,0.489427,0.602895,0.628609,0.429549,0.471569,0.572576,0.613228,0.534399,0.375840,0.555316,0.665888,0.544615,0.408579,0.494171,0.347357,0.596287,0.316960,0.290723,0.000000,0.509885,0.472081,0.516920,0.527697,0.375865,0.409914,0.377809,0.293586,0.631927,0.582845,0.405976,0.529896,0.501972,0.454247,0.579898,0.712430,0.566592,0.445901,0.437788,0.602076,0.426224,0.501512,0.663343,0.591622,0.617256,0.429034,0.422065,0.272869,0.438216,0.541969,0.685975,0.710042,0.550068,0.337607,0.538284,0.780057,0.437897,0.647962,0.255096,0.705971,0.564445,0.594819,0.382937,0.434725,0.689292,0.669858,0.533488,0.608511,0.468062,0.417020,0.438462,0.484703,0.543492,0.462720,0.419038,0.489937,0.622452,0.718858,0.526075,0.540791,0.622404,0.758414,0.783757,0.640552,0.611510,0.710199,0.406390,0.582763,0.728737,0.389666,0.473525,0.441228,0.374397,0.455147,0.545494,0.436980,0.616045,0.750693
0.485494,0.564722,0.377315,0.517029,0.517125,0.646395,0.698915,0.473415,0.431887,0.714697,0.635939,0.627154,0.456374,0.414564,0.447078,0.678291,0.239489,0.602184,0.436979,0.473802,0.477435,0.450860,0.509885,0.000000,0.490206,0.723259,0.486246,0.286712,0.278648,0.513073,0.466103,0.520768,0.706368,0.376122,0.587760,0.490549,0.426156,0.503329,0.739484,0.595817,0.530650,0.527778,0.666544,0.546028,0.750168,0.703258,0.574869,0.661762,0.550749,0.592245,0.485507,0.388608,0.568975,0.607894,0.494071,0.700155,0.405492,0.523501,0.516870,0.611075,0.700893,0.467637,0.738697,0.650503,0.636411,0.469802,0.568996,0.689806,0.719366,0.725245,0.596516,0.273266,0.623013,0.532044,0.615025,0.444915,0.484508,0.423180,0.597705,0.503689,0.732648,0.666407,0.699532,0.664709,0.603041,0.549800,0.523929,0.657621,0.669285,0.577095,0.694592,0.682609,0.502624,0.646348,0.406621,0.555583,0.469820,0.600185,0.638981,0.718819,0.574920
0.490161,0.584526,0.392863,0.444057,0.526194,0.444747,0.696852,0.253875,0.370524,0.587463,0.581882,0.584613,0.295736,0.479975,0.537533,0.597529,0.398082,0.337214,0.281972,0.502300,0.307242,0.300394,0.472081,0.490206,0.000000,0.555583,0.454597,0.421807,0.446739,0.571529,0.299485,0.620594,0.555564,0.438531,0.649135,0.511281,0.288048,0.546270,0.701533,0.692775,0.482321,0.422841,0.636259,0.422974,0.708191,0.604811,0.579810,0.603441,0.545483,0.438848,0.365440,0.311207,0.510342,0.531576,0.511660,0.662741,0.441282,0.521171,0.623352,0.540303,0.552956,0.392488,0.654951,0.610465,0.597485,0.442247,0.430587,0.611779,0.597687,0.658752,0.444534,0.421052,0.639460,0.593133,0.556445,0.540973,0.317544,0.469245,0.490966,0.631641,0.683051,0.570519,0.610795,0.557753,0.482093,0.582326,0.584810,0.696483,0.560338,0.400119,0.475219,0.549324,0.504926,0.513221,0.323888,0.336384,0.487608,0.587384,0.611980,0.726936,0.630581
0.491902,0.563942,0.622579,0.562963,0.613855,0.562332,0.574450,0.556835,0.646317,0.597595,0.553560,0.572697,0.551733,0.661224,0.698854,0.536240,0.632133,0.545462,0.587968,0.580223,0.496113,0.463731,0.516920,0.723259,0.555583,0.000000,0.553252,0.593107,0.672396,0.544713,0.468596,0.578937,0.536651,0.665309,0.544010,0.676458,0.601939,0.695323,0.579826,0.625054,0.634641,0.612677,0.598727,0.572806,0.491532,0.685460,0.621274,0.563974,0.556031,0.627543,0.538488,0.642861,0.532543,0.554184,0.709054,0.566929,0.676764,0.625006,0.777332,0.490903,0.509692,0.517803,0.528755,0.574213,0.515455,0.649574,0.640985,0.540810,0.572604,0.547462,0.610668,0.702230,0.595300,0.570904,0.583381,0.677303,0.545447,0.714127,0.525206,0.658886,0.612904,0.430400,0.518725,0.559624,0.566062,0.714259,0.611790,0.646218,0.657083,0.530393,0.420128,0.589317,0.551200,0.559794,0.644419,0.517412,0.601379,0.524238,0.499514,0.624735,0.719333
0.495062,0.477587,0.391096,0.542224,0.588017,0.630119,0.730060,0.394473,0.473991,0.555458,0.654202,0.697568,0.379676,0.371793,0.420867,0.657623,0.491890,0.499902,0.372858,0.663903,0.468284,0.443525,0.527697,0.486246,0.454597,0.553252,0.000000,0.401612,0.398451,0.508172,0.475383,0.589265,0.638075,0.539726,0.671247,0.427377,0.337682,0.531942,0.691897,0.735614,0.558575,0.570332,0.700051,0.582483,0.698275,0.602574,0.507913,0.588891,0.622835,0.422372,0.459085,0.342931,0.154822,0.511382,0.417554,0.653877,0.494933,0.469020,0.413914,0.512603,0.644119,0.478909,0.622869,0.708225,0.552363,0.533324,0.511205,0.648283,0.587502,0.674943,0.356189,0.523000,0.645024,0.702606,0.641204,0.508528,0.498189,0.518478,0.596706,0.692434,0.612227,0.663687,0.666606,0.608945,0.580692,0.417279,0.687208,0.763798,0.508401,0.544023,0.592852,0.566390,0.577888,0.623390,0.319435,0.559055,0.458279,0.670747,0.577958,0.743321,0.449401
0.495544,0.586394,0.308618,0.400922,0.484089,0.516177,0.686725,0.389475,0.368701,0.526675,0.591989,0.572824,0.370474,0.505591,0.545731,0.562454,0.317906,0.404316,0.358897,0.524682,0.415628,0.383949,0.375865,0.286712,0.421807,0.593107,0.401612,0.000000,0.069460,0.415247,0.347555,0.570278,0.640752,0.365286,0.556038,0.427971,0.284386,0.530367,0.755307,0.582152,0.384494,0.397212,0.585943,0.386131,0.696292,0.581028,0.491647,0.603367,0.447469,0.485511,0.362488,0.330938,0.469496,0.605429,0.593473,0.629255,0.276426,0.502929,0.605095,0.510892,0.628770,0.385682,0.730144,0.584071,0.569828,0.399294,0.411258,0.653131,0.634233,0.655427,0.543380,0.368490,0.530881,0.488579,0.555131,0.513095,0.450989,0.361084,0.470156,0.515456,0.731548,0.569325,0.681434,0.655842,0.650363,0.622002,0.602707,0.704052,0.658969,0.545139,0.577006,0.645037,0.453877,0.486668,0.290264,0.476377,0.437243,0.549227,0.603563,0.642401,0.704825
0.497690,0.616479,0.298802,0.392941,0.488594,0.529465,0.695871,0.393320,0.363684,0.499675,0.641425,0.585044,0.358512,0.470030,0.540308,0.594814,0.323862,0.431989,0.354567,0.591247,0.398993,0.388466,0.409914,0.278648,0.446739,0.672396,0.398451,0.069460,0.000000,0.445580,0.401627,0.612650,0.655439,0.359575,0.601064,0.442224,0.297697,0.547487,0.756802,0.638855,0.367802,0.392380,0.638281,0.398654,0.710793,0.607011,0.532274,0.630875,0.456692,0.497547,0.345913,0.302534,0.489773,0.595126,0.583994,0.640982,0.254805,0.489360,0.575248,0.530727,0.678387,0.377389,0.761811,0.595481,0.597860,0.415283,0.392664,0.676509,0.650896,0.673700,0.555554,0.373419,0.549726,0.499706,0.602338,0.498645,0.477091,0.350066,0.524605,0.572713,0.732811,0.640613,0.710544,0.666139,0.694950,0.620091,0.626966,0.756618,0.704762,0.557597,0.633432,0.683707,0.481247,0.521171,0.279297,0.478438,0.459822,0.580149,0.630716,0.676638,0.725076
0.497698,0.571504,0.416323,0.528434,0.440644,0.709095,0.624353,0.539208,0.544369,0.603971,0.503720,0.568279,0.502315,0.508580,0.485437,0.544304,0.512610,0.558385,0.501035,0.570355,0.487917,0.417513,0.377809,0.513073,0.571529,0.544713,0.508172,0.415247,0.445580,0.000000,0.462193,0.630959,0.635589,0.410338,0.526144,0.276314,0.522216,0.476753,0.751928,0.488116,0.468176,0.534891,0.537040,0.507134,0.589434,0.687866,0.558213,0.636002,0.385221,0.530584,0.421251,0.500902,0.552493,0.690408,0.623145,0.586927,0.436811,0.565831,0.647231,0.527305,0.689033,0.378836,0.712730,0.581951,0.457898,0.528091,0.551387,0.661196,0.596430,0.552830,0.590938,0.574684,0.352279,0.415817,0.368827,0.426743,0.366287,0.300382,0.327360,0.543292,0.681383,0.602144,0.546937,0.679714,0.703446,0.648857,0.626928,0.667896,0.565339,0.397482,0.579882,0.694350,0.419379,0.542365,0.507569,0.513895,0.478569,0.549055,0.479389,0.578085,0.636766
0.498512,0.519950,0.412972,0.437380,0.537786,0.543176,0.651277,0.351745,0.464069,0.627172,0.593016,0.537216,0.275426,0.473668,0.582674,0.543815,0.328111,0.419073,0.286033,0.520770,0.080474,0.101038,0.293586,0.466103,0.299485,0.468596,0.475383,0.347555,0.401627,0.462193,0.000000,0.543194,0.576109,0.369685,0.493674,0.517485,0.326960,0.520755,0.691898,0.585606,0.494866,0.444221,0.618083,0.443959,0.617673,0.630728,0.530504,0.607679,0.445735,0.450437,0.171335,0.348632,0.505137,0.560575,0.602315,0.616476,0.405061,0.514217,0.637703,0.441826,0.564526,0.142136,0.641070,0.606838,0.527150,0.410081,0.421820,0.598281,0.575195,0.602335,0.499980,0.396350,0.539204,0.493023,0.500780,0.444668,0.319106,0.427733,0.496116,0.539951,0.627967,0.449494,0.627494,0.540414,0.648516,0.690040,0.605580,0.561388,0.628119,0.333460,0.523646,0.641077,0.408449,0.460993,0.378900,0.152554,0.374992,0.562782,0.559692,0.611876,0.666504
0.499759,0.441318,0.536534,0.603072,0.588482,0.590924,0.634552,0.581299,0.557474,0.631055,0.575853,0.606941,0.545973,0.594288,0.611020,0.650670,0.405730,0.647528,0.568279,0.582605,0.564006,0.577359,0.631927,0.520768,0.620594,0.578937,0.589265,0.570278,0.612650,0.630959,0.543194,0.000000,0.591407,0.682826,0.547091,0.636124,0.592604,0.608978,0.596563,0.602142,0.738435,0.711954,0.547080,0.743376,0.473827,0.616863,0.583181,0.598763,0.596575,0.695696,0.602584,0.660341,0.634214,0.537128,0.694715,0.603801,0.672382,0.607764,0.626424,0.538326,0.607406,0.586331,0.642345,0.640443,0.619917,0.665861,0.674861,0.638423,0.617101,0.610903,0.545788,0.420723,0.638578,0.604961,0.604824,0.656173,0.654701,0.663804,0.688048,0.596932,0.606735,0.594862,0.603369,0.550173,0.578722,0.717341,0.613749,0.655782,0.626241,0.568587,0.702381,0.651778,0.619125,0.708285,0.644239,0.647915,0.637090,0.567798,0.589801,0.656573,0.592555
0.501132,0.407314,0.583533,0.519487,0.638066,0.425158,0.652979,0.458898,0.548792,0.533968,0.561980,0.587108,0.499298,0.712844,0.684169,0.626635,0.535376,0.520164,0.535415,0.634763,0.587953,0.552490,0.582845,0.706368,0.555564,0.536651,0.638075,0.640752,0.655439,0.635589,0.576109,0.591407,0.000000,0.676416,0.594084,0.724047,0.653498,0.734147,0.647735,0.656828,0.717776,0.681847,0.680796,0.664174,0.411424,0.614597,0.659403,0.541753,0.652444,0.596322,0.594989,0.597971,0.647240,0.464787,0.660610,0.342285,0.682538,0.678853,0.699187,0.499536,0.555244,0.596884,0.371597,0.635176,0.551998,0.647021,0.649030,0.620357,0.512466,0.475870,0.595041,0.600003,0.722762,0.615889,0.641685,0.771656,0.575969,0.652215,0.617392,0.764736,0.642246,0.532151,0.515422,0.609953,0.585166,0.714027,0.657226,0.727394,0.623806,0.567820,0.577999,0.654349,0.640838,0.677054,0.651574,0.627648,0.669883,0.628913,0.561217,0.665162,0.680600
0.504611,0.617820,0.449946,0.435259,0.582409,0.598572,0.644351,0.355668,0.516102,0.666045,0.616916,0.585670,0.352215,0.560817,0.605804,0.594948,0.387252,0.436614,0.365690,0.511541,0.354778,0.352934,0.405976,0.376122,0.438531,0.665309,0.539726,0.365286,0.359575,0.410338,0.369685,0.682826,0.676416,0.000000,0.580247,0.518692,0.420596,0.631318,0.777126,0.562344,0.365184,0.364354,0.590218,0.373193,0.724944,0.731213,0.620528,0.617858,0.378180,0.571578,0.390229,0.353842,0.608851,0.603651,0.657352,0.695714,0.279346,0.513040,0.652332,0.569201,0.657876,0.344649,0.708209,0.614331,0.571983,0.457564,0.495359,0.657168,0.617177,0.707279,0.663834,0.456377,0.525131,0.452883,0.531676,0.547961,0.324259,0.324423,0.470916,0.535427,0.685759,0.588640,0.781565,0.686545,0.695101,0.749123,0.605374,0.630810,0.756240,0.436583,0.623679,0.743032,0.407791,0.492030,0.396439,0.406537,0.496367,0.597495,0.696292,0.680444,0.714505
0.507829,0.584515,0.604287,0.530688,0.486544,0.591683,0.483271,0.548125,0.648437,0.601362,0.488297,0.464159,0.555277,0.710036,0.711976,0.592731,0.517879,0.521160,0.612964,0.600974,0.497628,0.478209,0.529896,0.587760,0.649135,0.544010,0.671247,0.556038,0.601064,0.526144,0.493674,0.547091,0.594084,0.580247,0.000000,0.607525,0.549648,0.640013,0.602186,0.464377,0.590807,0.518597,0.567275,0.542167,0.526966,0.716163,0.664546,0.653188,0.579192,0.571584,0.515518,0.642876,0.704378,0.622031,0.739573,0.577415,0.532540,0.720958,0.746493,0.612081,0.588656,0.485941,0.651502,0.634053,0.674628,0.586013,0.556790,0.542269,0.607175,0.565764,0.674726,0.615543,0.515889,0.599833,0.456787,0.705801,0.550194,0.594870,0.475693,0.534680,0.698135,0.467581,0.642255,0.583460,0.615005,0.734461,0.638245,0.556643,0.601268,0.496580,0.570982,0.754494,0.507999,0.567786,0.625732,0.575975,0.604403,0.594897,0.607166,0.411148,0.744646
0.507867,0.637661,0.405992,0.622365,0.444916,0.791775,0.679405,0.564628,0.527365,0.685135,0.603504,0.641405,0.535988,0.423229,0.379405,0.638693,0.538572,0.677622,0.509594,0.583916,0.533099,0.499085,0.501972,0.490549,0.511281,0.676458,0.427377,0.427971,0.442224,0.276314,0.517485,0.636124,0.724047,0.518692,0.607525,0.000000,0.508666,0.365667,0.766356,0.555416,0.501759,0.531469,0.624701,0.544024,0.693807,0.644623,0.563247,0.691857,0.529186,0.491664,0.486166,0.485016,0.492265,0.691719,0.536042,0.684933,0.479190,0.498796,0.551898,0.579787,0.740278,0.486205,0.719028,0.679804,0.574154,0.527053,0.540572,0.691861,0.647260,0.655556,0.516992,0.547103,0.419985,0.511358,0.525560,0.455116,0.415271,0.333641,0.543626,0.594024,0.715555,0.717060,0.619246,0.680785,0.663744,0.480091,0.617074,0.701870,0.388030,0.440510,0.684077,0.664780,0.571835,0.632926,0.513523,0.583402,0.519700,0.688929,0.575138,0.643217,0.504265
0.510269,0.562375,0.337829,0.386625,0.525992,0.439513,0.697340,0.280229,0.373801,0.517534,0.560394,0.617205,0.255801,0.442980,0.518272,0.627930,0.369181,0.281518,0.286889,0.578720,0.336911,0.318744,0.454247,0.426156,0.288048,0.601939,0.337682,0.284386,0.297697,0.522216,0.326960,0.592604,0.653498,0.420596,0.549648,0.508666,0.000000,0.512989,0.703351,0.719594,0.482561,0.457579,0.689549,0.462573,0.724705,0.555766,0.456436,0.612515,0.530895,0.448138,0.316522,0.241582,0.412387,0.552383,0.518053,0.671933,0.362331,0.503470,0.525793,0.518902,0.553931,0.350789,0.720536,0.607292,0.605032,0.456930,0.364741,0.609859,0.661949,0.682503,0.422670,0.416884,0.605742,0.646035,0.577057,0.512153,0.413006,0.484412,0.493185,0.585160,0.692893,0.630428,0.683444,0.624265,0.545170,0.561475,0.628967,0.731777,0.632348,0.452289,0.533065,0.533556,0.509232,0.541450,0.107789,0.444233,0.482678,0.565448,0.617249,0.684854,0.617267
0.511830,0.555878,0.500693,0.609503,0.407906,0.677427,0.719172,0.599530,0.584275,0.727479,0.593271,0.711610,0.566328,0.365694,0.414382,0.659955,0.495368,0.671610,0.546988,0.570207,0.553565,0.519742,0.579898,0.503329,0.546270,0.695323,0.531942,0.530367,0.547487,0.476753,0.520755,0.608978,0.734147,0.631318,0.640013,0.365667,0.512989,0.000000,0.654273,0.639229,0.632352,0.671122,0.676092,0.655422,0.698513,0.584009,0.502534,0.623056,0.569488,0.577327,0.535887,0.541299,0.590931,0.715659,0.604438,0.740781,0.612564,0.557196,0.462569,0.657924,0.697997,0.539512,0.762093,0.709556,0.603549,0.599073,0.629045,0.706046,0.676095,0.685119,0.523802,0.525216,0.578686,0.606747,0.580502,0.406663,0.524658,0.490795,0.620764,0.656832,0.686275,0.718078,0.610788,0.572000,0.633115,0.581106,0.616477,0.776075,0.553850,0.563871,0.651208,0.582599,0.628841,0.720005,0.535046,0.618671,0.508316,0.653034,0.575504,0.658280,0.514103
0.512494,0.633300,0.704487,0.682586,0.681635,0.641020,0.510301,0.682689,0.733497,0.696787,0.629843,0.605704,0.711232,0.612708,0.689781,0.585144,0.724639,0.716249,0.707103,0.606284,0.671962,0.679842,0.712430,0.739484,0.701533,0.579826,0.691897,0.755307,0.756802,0.751928,0.691898,0.596563,0.647735,0.777126,0.602186,0.766356,0.703351,0.654273,0.000000,0.730039,0.791571,0.764377,0.641542,0.765562,0.650435,0.705818,0.744017,0.650946,0.720719,0.657865,0.722218,0.722119,0.743509,0.668052,0.668456,0.721582,0.814104,0.715160,0.650070,0.721776,0.707663,0.740606,0.696750,0.676363,0.710702,0.754255,0.718534,0.696440,0.627028,0.622506,0.698604,0.744391,0.709895,0.691208,0.710798,0.730352,0.768380,0.775453,0.661284,0.684267,0.667353,0.688085,0.745853,0.655394,0.686080,0.729475,0.686302,0.668491,0.669269,0.733903,0.639816,0.753585,0.771327,0.697870,0.752810,0.712556,0.700984,0.670427,0.718637,0.622035,0.690867
0.512638,0.680095,0.623321,0.604473,0.499980,0.688856,0.515796,0.651327,0.681036,0.795125,0.557790,0.526451,0.644429,0.738809,0.753447,0.641958,0.584707,0.677689,0.659609,0.606667,0.614795,0.592681,0.566592,0.595817,0.692775,0.625054,0.735614,0.582152,0.638855,0.488116,0.585606,0.602142,0.656828,0.562344,0.464377,0.555416,0.719594,0.639229,0.730039,0.000000,0.619847,0.583749,0.625476,0.590838,0.643078,0.695941,0.644163,0.724371,0.631547,0.674962,0.613827,0.712763,0.760878,0.703283,0.788137,0.611730,0.595077,0.773073,0.851836,0.646605,0.655832,0.564204,0.701114,0.623682,0.718439,0.611317,0.594480,0.642904,0.725719,0.663414,0.755513,0.642541,0.442729,0.583205,0.563906,0.632603,0.537365,0.488382,0.495587,0.593080,0.769271,0.568406,0.726101,0.703354,0.686145,0.798876,0.659459,0.625737,0.683517,0.603351,0.671357,0.833963,0.584314,0.641968,0.747182,0.652361,0.629243,0.649407,0.723674,0.395820,0.753597
0.512888,0.731907,0.407861,0.537043,0.407762,0.596674,0.648066,0.427883,0.470246,0.534920,0.687983,0.623856,0.484621,0.585525,0.588600,0.572586,0.537816,0.438637,0.491050,0.616964,0.479208,0.437138,0.445901,0.530650,0.482321,0.634641,0.558575,0.384494,0.367802,0.468176,0.494866,0.738435,0.717776,0.365184,0.590807,0.501759,0.482561,0.632352,0.791571,0.619847,0.000000,0.115383,0.601914,0.092139,0.665655,0.657623,0.615716,0.675406,0.444277,0.527810,0.466631,0.448921,0.575895,0.680725,0.687935,0.697425,0.135226,0.527471,0.741965,0.595673,0.697968,0.402640,0.784898,0.594124,0.668450,0.518630,0.491846,0.656690,0.716831,0.713614,0.662913,0.567563,0.471285,0.502844,0.575228,0.595903,0.518566,0.491519,0.452263,0.677213,0.799856,0.615880,0.704899,0.650004,0.732639,0.671125,0.650414,0.713477,0.667467,0.559376,0.564925,0.669311,0.506713,0.526175,0.461891,0.516350,0.582770,0.600887,0.658573,0.651222,0.771351
0.513530,0.736001,0.459053,0.497922,0.412046,0.588688,0.607756,0.424561,0.487412,0.599710,0.661819,0.568550,0.471205,0.608024,0.636326,0.557634,0.493930,0.424542,0.497450,0.569269,0.401408,0.416488,0.437788,0.527778,0.422841,0.612677,0.570332,0.397212,0.392380,0.534891,0.444221,0.711954,0.681847,0.364354,0.518597,0.531469,0.457579,0.671122,0.764377,0.583749,0.115383,0.000000,0.587226,0.061813,0.672822,0.688062,0.640703,0.699883,0.472153,0.483669,0.464163,0.439096,0.586020,0.652385,0.693703,0.719694,0.162371,0.576469,0.746929,0.582144,0.656869,0.445123,0.752436,0.553949,0.688164,0.481435,0.466617,0.607395,0.660171,0.709931,0.687517,0.553469,0.489464,0.480861,0.554028,0.639483,0.464962,0.499164,0.448090,0.602009,0.674976,0.550360,0.742792,0.617515,0.690629,0.704343,0.583108,0.646173,0.662908,0.482593,0.548677,0.684342,0.507622,0.493358,0.478795,0.505362,0.540467,0.582220,0.702961,0.599095,0.757089
0.513863,0.724093,0.677158,0.555789,0.554395,0.649743,0.535782,0.636769,0.634054,0.676281,0.657460,0.606734,0.657976,0.691169,0.688555,0.540362,0.599312,0.574864,0.691879,0.577838,0.658087,0.670888,0.602076,0.666544,0.636259,0.598727,0.700051,0.585943,0.638281,0.537040,0.618083,0.547080,0.680796,0.590218,0.567275,0.624701,0.689549,0.676092,0.641542,0.625476,0.601914,0.587226,0.000000,0.602609,0.702896,0.763288,0.736936,0.537080,0.405956,0.632815,0.682800,0.737242,0.763388,0.609425,0.811774,0.640592,0.615622,0.604029,0.714516,0.682894,0.686321,0.682940,0.729595,0.509121,0.577613,0.599345,0.648937,0.534843,0.577976,0.596707,0.742119,0.629523,0.604795,0.564628,0.430107,0.716384,0.634256,0.660910,0.486908,0.509971,0.617476,0.532009,0.718469,0.620578,0.698326,0.821960,0.656598,0.538009,0.705589,0.604402,0.556072,0.635578,0.548210,0.489095,0.769260,0.712416,0.634889,0.456307,0.732153,0.642660,0.769730
0.514674,0.736679,0.444557,0.508397,0.407435,0.585046,0.615612,0.417744,0.487210,0.578655,0.650818,0.585393,0.473381,0.620719,0.637734,0.521169,0.497819,0.404671,0.502273,0.585905,0.435445,0.371289,0.426224,0.546028,0.422974,0.572806,0.582483,0.386131,0.398654,0.507134,0.443959,0.743376,0.664174,0.373193,0.542167,0.544024,0.462573,0.655422,0.765562,0.590838,0.092139,0.061813,0.602609,0.000000,0.672168,0.679438,0.620649,0.695079,0.473886,0.480741,0.455779,0.433370,0.583348,0.676698,0.691036,0.698622,0.155683,0.577011,0.762569,0.589926,0.663849,0.422016,0.766383,0.588418,0.667888,0.482869,0.466399,0.618197,0.660552,0.703768,0.690425,0.555878,0.483393,0.484512,0.570679,0.635679,0.465296,0.499561,0.417285,0.626273,0.746604,0.511619,0.703131,0.618314,0.706851,0.694089,0.621785,0.653285,0.658271,0.533047,0.512469,0.698191,0.484758,0.454954,0.468489,0.471891,0.565581,0.594890,0.680272,0.598230,0.763482
