0.000000,0.279026,0.311718,0.328654,0.349267,0.351584,0.358583,0.360887,0.373175,0.377936,0.382865,0.384881,0.387544,0.388254,0.403541,0.408649,0.409486,0.411766,0.413113,0.415365,0.416283,0.420885,0.422722,0.434659,0.434697,0.437289,0.440902,0.441346,0.443107,0.443606,0.444085,0.446552,0.447155,0.447938,0.450052,0.452728,0.453366,0.454134,0.455287,0.456351,0.460310,0.461152,0.461553,0.462645,0.463383,0.464170,0.466593,0.470808,0.471493,0.471979,0.472852,0.475774,0.476694,0.477369,0.479486,0.480092,0.481235,0.481914,0.483396,0.485648,0.487712,0.487843,0.488662,0.490721,0.491550,0.491760,0.494005,0.495265,0.496192,0.498407,0.498587,0.500676,0.501634,0.501664,0.502158,0.502353,0.502601,0.503167,0.503169,0.504134,0.504237,0.504476,0.504729,0.505551,0.508697,0.509872,0.510394,0.510951,0.511029,0.511924,0.515039,0.515670,0.516400,0.516701,0.516892,0.517357,0.517426,0.518085,0.518207,0.518560,0.519712
0.279026,0.000000,0.453630,0.394350,0.323656,0.349504,0.289418,0.194772,0.452986,0.373542,0.427798,0.331777,0.479724,0.403065,0.371945,0.471853,0.367735,0.428751,0.318776,0.398600,0.539406,0.408293,0.484694,0.445463,0.384108,0.484691,0.543780,0.467855,0.556296,0.527172,0.403922,0.562599,0.407301,0.518702,0.369334,0.567252,0.421269,0.460246,0.455145,0.551627,0.375793,0.390842,0.546707,0.438730,0.459066,0.290169,0.526928,0.525621,0.358073,0.492388,0.488028,0.444056,0.524046,0.425971,0.572639,0.605604,0.603080,0.493029,0.555468,0.471927,0.426217,0.403041,0.405602,0.563936,0.564610,0.613390,0.529459,0.377219,0.534273,0.592622,0.561666,0.458658,0.508100,0.625900,0.371163,0.537361,0.549306,0.528701,0.564500,0.496510,0.600481,0.546018,0.372048,0.469589,0.475465,0.318865,0.495103,0.557570,0.446641,0.404414,0.613081,0.392496,0.509582,0.551136,0.643810,0.629512,0.563297,0.614543,0.488673,0.404730,0.533625
0.311718,0.453630,0.000000,0.460309,0.475652,0.473888,0.536849,0.444038,0.444465,0.505466,0.540261,0.478630,0.541636,0.552375,0.506807,0.498323,0.509573,0.592536,0.576786,0.490968,0.644306,0.555415,0.643201,0.594912,0.556564,0.375995,0.633677,0.607609,0.613289,0.586114,0.580804,0.500444,0.522413,0.593526,0.562248,0.592058,0.529375,0.540172,0.596722,0.542784,0.534150,0.546796,0.663354,0.599583,0.563672,0.506799,0.554738,0.608273,0.554735,0.385437,0.462471,0.584858,0.609999,0.600935,0.646779,0.620816,0.574183,0.420682,0.539354,0.534694,0.586767,0.618483,0.501146,0.700415,0.601626,0.664271,0.618667,0.570505,0.440631,0.652261,0.642660,0.446768,0.599752,0.557293,0.597288,0.618405,0.612244,0.625239,0.670015,0.458249,0.601700,0.554140,0.588494,0.591143,0.537935,0.642370,0.453520,0.614922,0.545532,0.576651,0.490718,0.634034,0.463565,0.423342,0.637097,0.588721,0.544521,0.593261,0.659726,0.569665,0.595717
0.328654,0.394350,0.460309,0.000000,0.382522,0.434570,0.456181,0.444695,0.570329,0.368086,0.369095,0.400561,0.441802,0.447842,0.419243,0.500502,0.434030,0.517554,0.416798,0.361153,0.644569,0.338615,0.435984,0.276534,0.436623,0.536558,0.600394,0.424246,0.649897,0.619625,0.422845,0.577959,0.409359,0.553747,0.495503,0.578458,0.259991,0.429865,0.381369,0.388030,0.462057,0.549060,0.438356,0.377287,0.434223,0.507022,0.464754,0.628408,0.500011,0.473211,0.489806,0.550414,0.637747,0.480714,0.591142,0.632120,0.555116,0.562334,0.472307,0.515943,0.450911,0.521453,0.481057,0.550497,0.535174,0.593841,0.568204,0.534119,0.476885,0.549439,0.466448,0.535148,0.596510,0.566260,0.551723,0.467829,0.576048,0.613279,0.411031,0.518811,0.587065,0.639318,0.516950,0.519075,0.547321,0.555689,0.441496,0.586093,0.534125,0.440547,0.573616,0.577125,0.528093,0.377596,0.585568,0.668014,0.578418,0.628312,0.465341,0.528587,0.508401
0.349267,0.323656,0.475652,0.382522,0.000000,0.498033,0.299350,0.238494,0.549175,0.209851,0.408276,0.365296,0.328341,0.374542,0.312109,0.429119,0.327210,0.397811,0.476137,0.392512,0.546969,0.442156,0.499655,0.410033,0.347954,0.543067,0.441463,0.371035,0.567360,0.578722,0.360636,0.633335,0.459317,0.383709,0.371855,0.421397,0.516073,0.285309,0.455985,0.451797,0.457225,0.440234,0.401860,0.366313,0.454255,0.509280,0.440357,0.587273,0.448723,0.611716,0.623814,0.352280,0.601528,0.415681,0.536696,0.601807,0.509986,0.554298,0.441624,0.499178,0.445963,0.388844,0.549434,0.583436,0.451969,0.459480,0.390973,0.309901,0.636983,0.463523,0.549617,0.599833,0.422576,0.607366,0.347997,0.426618,0.422543,0.414755,0.422493,0.474482,0.514571,0.583711,0.325837,0.412410,0.623983,0.463027,0.615185,0.614167,0.332014,0.600150,0.563359,0.472082,0.652903,0.622639,0.469189,0.452215,0.572805,0.556554,0.480899,0.377852,0.425324
0.351584,0.349504,0.473888,0.434570,0.498033,0.000000,0.500342,0.425329,0.545192,0.433811,0.491421,0.418077,0.528901,0.549170,0.465085,0.498103,0.450317,0.554756,0.394682,0.376980,0.521622,0.480532,0.553786,0.528512,0.493773,0.476744,0.581794,0.551307,0.654908,0.460317,0.532407,0.455943,0.331026,0.599650,0.507352,0.616785,0.304718,0.567822,0.560555,0.628492,0.361314,0.571606,0.659518,0.605847,0.505813,0.393934,0.625846,0.488341,0.432504,0.566900,0.437031,0.577050,0.449047,0.586848,0.618107,0.487537,0.678018,0.465161,0.611628,0.474106,0.537526,0.631327,0.359509,0.512140,0.556748,0.649914,0.598031,0.565585,0.480403,0.632490,0.608802,0.444102,0.572098,0.649655,0.608952,0.636312,0.638130,0.643082,0.655706,0.480394,0.560671,0.405554,0.565893,0.590432,0.495704,0.501969,0.488356,0.584533,0.595296,0.338211,0.548157,0.545985,0.433432,0.518878,0.641870,0.662743,0.543849,0.619266,0.635244,0.583949,0.582823
0.358583,0.289418,0.536849,0.456181,0.299350,0.500342,0.000000,0.248118,0.565689,0.300339,0.393716,0.412631,0.319866,0.159371,0.313037,0.501044,0.344696,0.205876,0.370959,0.463466,0.569529,0.435608,0.473081,0.468786,0.322884,0.627018,0.466330,0.257847,0.454839,0.670002,0.362180,0.674871,0.497366,0.349620,0.391427,0.410465,0.546387,0.296828,0.397624,0.470605,0.397898,0.360127,0.445547,0.380004,0.436619,0.492298,0.452868,0.692684,0.464615,0.596427,0.658655,0.195008,0.672862,0.358750,0.483756,0.649937,0.538338,0.568446,0.468867,0.548665,0.392393,0.329024,0.527152,0.482500,0.295389,0.349795,0.330115,0.253577,0.653459,0.422319,0.548019,0.600419,0.301177,0.599901,0.271697,0.327237,0.463743,0.358527,0.374663,0.435668,0.503544,0.647780,0.241764,0.419013,0.608202,0.367142,0.632421,0.607577,0.289831,0.583294,0.666565,0.453073,0.636888,0.671983,0.354246,0.501855,0.499231,0.647126,0.483876,0.333195,0.444297
0.360887,0.194772,0.444038,0.444695,0.238494,0.425329,0.248118,0.000000,0.494439,0.347090,0.447079,0.378412,0.403324,0.379485,0.240880,0.458592,0.357457,0.412813,0.446006,0.426664,0.507927,0.431799,0.501698,0.466127,0.325279,0.522211,0.451359,0.436176,0.542951,0.597182,0.378174,0.596462,0.430820,0.419072,0.382485,0.465293,0.455511,0.360652,0.431181,0.537900,0.365959,0.361974,0.486893,0.377994,0.461942,0.436485,0.498317,0.587240,0.462358,0.589329,0.606075,0.321681,0.608276,0.379917,0.549009,0.577536,0.578912,0.438551,0.481950,0.513650,0.448100,0.383479,0.442729,0.584889,0.481067,0.576329,0.435837,0.206580,0.612859,0.541370,0.604178,0.542920,0.405704,0.649771,0.319068,0.471814,0.496487,0.409685,0.545058,0.499377,0.534049,0.495746,0.265403,0.416741,0.589059,0.378821,0.610092,0.602576,0.340412,0.541501,0.580764,0.460531,0.597479,0.653717,0.571057,0.511730,0.582575,0.589460,0.484586,0.295505,0.448404
0.373175,0.452986,0.444465,0.570329,0.549175,0.545192,0.565689,0.494439,0.000000,0.562176,0.650723,0.531802,0.565160,0.627316,0.607119,0.381397,0.494988,0.616865,0.515388,0.522166,0.559253,0.635803,0.694173,0.756564,0.658172,0.214142,0.560720,0.657419,0.695249,0.570174,0.655282,0.565151,0.509203,0.570342,0.468679,0.582950,0.599280,0.619010,0.707782,0.703214,0.510779,0.599505,0.743630,0.715930,0.668073,0.486196,0.659843,0.600340,0.473718,0.546968,0.535878,0.618509,0.557469,0.694695,0.606543,0.579314,0.656305,0.201209,0.703305,0.501078,0.667507,0.655916,0.571926,0.597177,0.732293,0.738650,0.553480,0.609514,0.504803,0.679481,0.654671,0.471345,0.539047,0.698744,0.625139,0.737868,0.664196,0.697908,0.785984,0.450369,0.494378,0.513677,0.595487,0.633557,0.549833,0.566825,0.585490,0.638325,0.587934,0.531617,0.596854,0.490001,0.564630,0.521552,0.718097,0.418651,0.471060,0.703783,0.702999,0.658565,0.670431
0.377936,0.373542,0.505466,0.368086,0.209851,0.433811,0.300339,0.347090,0.562176,0.000000,0.404006,0.349196,0.298627,0.345475,0.413889,0.420247,0.200542,0.352075,0.343329,0.330513,0.595831,0.373001,0.509840,0.408358,0.425148,0.524211,0.529251,0.262398,0.567584,0.600238,0.411276,0.635841,0.371703,0.462878,0.345913,0.532652,0.443139,0.306287,0.448535,0.480091,0.327042,0.483361,0.454409,0.457981,0.461429,0.480176,0.558651,0.598320,0.321858,0.551609,0.548928,0.405202,0.600145,0.464699,0.532607,0.609952,0.552780,0.513262,0.491911,0.483370,0.503530,0.474284,0.519037,0.491294,0.384031,0.414422,0.428023,0.391687,0.590567,0.398407,0.447321,0.541057,0.446983,0.655877,0.416914,0.382503,0.459083,0.524556,0.359505,0.396292,0.491358,0.590419,0.391656,0.452551,0.587257,0.439064,0.598042,0.647430,0.384210,0.496880,0.589374,0.491373,0.606207,0.583622,0.404216,0.524200,0.513642,0.575674,0.520028,0.454174,0.417279
0.382865,0.427798,0.540261,0.369095,0.408276,0.491421,0.393716,0.447079,0.650723,0.404006,0.000000,0.485310,0.476648,0.408844,0.342222,0.565819,0.507025,0.408804,0.478249,0.517019,0.601701,0.453436,0.378026,0.380697,0.299829,0.622708,0.560629,0.363589,0.595701,0.692366,0.440411,0.622850,0.520946,0.537237,0.529039,0.558171,0.492438,0.424229,0.355283,0.488972,0.493185,0.616158,0.401618,0.349220,0.210087,0.535661,0.411680,0.674145,0.556004,0.603633,0.547371,0.451828,0.710040,0.391964,0.538813,0.679530,0.644272,0.613214,0.536464,0.566336,0.394617,0.462401,0.611801,0.577371,0.475809,0.529809,0.525858,0.491529,0.560741,0.566624,0.590815,0.593683,0.536812,0.661431,0.504441,0.391399,0.607418,0.502176,0.407591,0.531516,0.559745,0.678701,0.498283,0.537868,0.542573,0.498225,0.624771,0.526208,0.536653,0.552751,0.631385,0.601692,0.599399,0.554595,0.516170,0.659760,0.539310,0.675273,0.468535,0.453065,0.561078
0.384881,0.331777,0.478630,0.400561,0.365296,0.418077,0.412631,0.378412,0.531802,0.349196,0.485310,0.000000,0.496644,0.473711,0.465569,0.530299,0.388496,0.510448,0.371272,0.373739,0.613451,0.425206,0.569264,0.429407,0.515468,0.468590,0.605438,0.429474,0.666979,0.455644,0.496745,0.494718,0.404637,0.477939,0.480852,0.551537,0.402127,0.509914,0.509380,0.474707,0.358729,0.380342,0.551210,0.510025,0.508395,0.374394,0.561712,0.476340,0.494331,0.559276,0.485663,0.532720,0.460450,0.550459,0.579989,0.585550,0.586125,0.487472,0.580026,0.443184,0.542772,0.529765,0.323689,0.548333,0.568158,0.550532,0.577819,0.476511,0.509570,0.596255,0.556694,0.467573,0.564596,0.634135,0.508200,0.524748,0.544243,0.640820,0.508774,0.460363,0.571593,0.476538,0.463294,0.376179,0.493025,0.462926,0.500630,0.562003,0.536923,0.424457,0.595284,0.567434,0.495591,0.532735,0.573838,0.567692,0.565215,0.609463,0.534208,0.515741,0.511377
0.387544,0.479724,0.541636,0.441802,0.328341,0.528901,0.319866,0.403324,0.565160,0.298627,0.476648,0.496644,0.000000,0.361356,0.374159,0.468022,0.377854,0.363855,0.508073,0.484103,0.581095,0.464058,0.523034,0.498464,0.391805,0.568955,0.519522,0.342775,0.420329,0.639638,0.386839,0.602791,0.543775,0.449745,0.477869,0.475805,0.594503,0.294069,0.417981,0.383159,0.504941,0.484393,0.496414,0.364044,0.500894,0.598160,0.417976,0.682769,0.538555,0.569013,0.609151,0.340438,0.681041,0.414856,0.452864,0.645980,0.314145,0.561706,0.437827,0.538020,0.488498,0.476276,0.558529,0.492063,0.453717,0.419450,0.269913,0.394504,0.604437,0.215439,0.364629,0.601969,0.300276,0.504034,0.442852,0.418447,0.415293,0.425942,0.374598,0.402712,0.414818,0.638648,0.414546,0.454174,0.626994,0.589194,0.647399,0.640758,0.284368,0.688278,0.604407,0.572654,0.649695,0.637018,0.383611,0.451713,0.452994,0.531161,0.555517,0.478270,0.350374
0.388254,0.403065,0.552375,0.447842,0.374542,0.549170,0.159371,0.379485,0.627316,0.345475,0.408844,0.473711,0.361356,0.000000,0.333377,0.580402,0.431217,0.190464,0.407342,0.533434,0.588123,0.452968,0.425638,0.402870,0.356624,0.681687,0.524332,0.194713,0.456593,0.677715,0.410448,0.646994,0.559608,0.363113,0.504121,0.420098,0.560978,0.370777,0.417334,0.503314,0.437409,0.427174,0.375887,0.403919,0.454819,0.547455,0.457310,0.673650,0.588754,0.590050,0.671344,0.244381,0.713126,0.385574,0.595021,0.669745,0.566988,0.637830,0.477173,0.601265,0.430701,0.415358,0.614013,0.483532,0.315311,0.321545,0.476373,0.387409,0.672064,0.463734,0.523768,0.630513,0.421315,0.629588,0.403757,0.291526,0.483352,0.402275,0.273704,0.517751,0.555917,0.693684,0.373086,0.497690,0.641521,0.467591,0.662046,0.619197,0.394644,0.681379,0.697525,0.542584,0.671000,0.680059,0.328137,0.565970,0.591628,0.651872,0.487204,0.434453,0.489810
0.403541,0.371945,0.506807,0.419243,0.312109,0.465085,0.313037,0.240880,0.607119,0.413889,0.342222,0.465569,0.374159,0.333377,0.000000,0.559507,0.445316,0.358084,0.525034,0.541798,0.504048,0.434507,0.268372,0.413198,0.256063,0.606376,0.463853,0.410967,0.507092,0.670909,0.399422,0.560142,0.522825,0.404330,0.514470,0.462807,0.510352,0.361314,0.315797,0.504265,0.450258,0.447568,0.377290,0.307531,0.405232,0.557195,0.370534,0.665308,0.564691,0.625631,0.645826,0.304102,0.692557,0.339199,0.529489,0.601672,0.565189,0.532347,0.484459,0.518051,0.338740,0.421617,0.564854,0.555870,0.425041,0.517629,0.453441,0.344804,0.679661,0.546520,0.568769,0.633811,0.425846,0.567400,0.426264,0.371699,0.470457,0.391542,0.468499,0.540549,0.539409,0.610916,0.362101,0.502564,0.625873,0.489154,0.691192,0.601261,0.397671,0.651213,0.590455,0.540654,0.654228,0.676580,0.516091,0.536000,0.618130,0.579902,0.427742,0.346503,0.449401
0.408649,0.471853,0.498323,0.500502,0.429119,0.498103,0.501044,0.458592,0.381397,0.420247,0.565819,0.530299,0.468022,0.580402,0.559507,0.000000,0.400339,0.597962,0.508453,0.416673,0.457445,0.542262,0.601783,0.617920,0.550475,0.367183,0.402944,0.600072,0.709789,0.550408,0.549112,0.553508,0.456148,0.548774,0.399950,0.588360,0.524795,0.465963,0.588636,0.609051,0.526273,0.651159,0.617781,0.582679,0.593521,0.578413,0.654080,0.538102,0.364627,0.516097,0.495901,0.603672,0.593325,0.568932,0.534159,0.478874,0.639330,0.440002,0.590145,0.588099,0.572573,0.646639,0.555178,0.562444,0.621835,0.687944,0.466858,0.577901,0.457976,0.511671,0.560610,0.445255,0.512980,0.631444,0.595896,0.631633,0.565702,0.602578,0.638011,0.388903,0.470166,0.485529,0.567189,0.630497,0.624261,0.616450,0.524419,0.664535,0.527140,0.542454,0.480302,0.518131,0.532204,0.545919,0.696797,0.369334,0.446786,0.684518,0.630010,0.632214,0.539613
0.409486,0.367735,0.509573,0.434030,0.327210,0.450317,0.344696,0.357457,0.494988,0.200542,0.507025,0.388496,0.377854,0.431217,0.445316,0.400339,0.000000,0.439401,0.358559,0.349346,0.608067,0.433384,0.595629,0.533470,0.507484,0.489575,0.539499,0.424669,0.636864,0.583384,0.442724,0.561345,0.389814,0.541747,0.261438,0.614763,0.460636,0.340297,0.524063,0.536042,0.319100,0.478569,0.600593,0.518397,0.551432,0.397600,0.613457,0.574720,0.259862,0.496853,0.531101,0.467185,0.582685,0.547309,0.555010,0.623256,0.587744,0.475391,0.520909,0.486654,0.542694,0.529187,0.448314,0.510352,0.513488,0.557313,0.435521,0.430077,0.567700,0.484806,0.464847,0.503245,0.415910,0.630639,0.447583,0.472977,0.500526,0.587790,0.519436,0.378154,0.494584,0.565623,0.400000,0.485668,0.540724,0.384985,0.555942,0.653930,0.326900,0.448864,0.533036,0.384871,0.558716,0.566639,0.544712,0.519784,0.508075,0.563122,0.618680,0.491415,0.417554
0.411766,0.428751,0.592536,0.517554,0.397811,0.554756,0.205876,0.412813,0.616865,0.352075,0.408804,0.510448,0.363855,0.190464,0.358084,0.597962,0.439401,0.000000,0.424657,0.587961,0.607635,0.483376,0.427289,0.485839,0.350555,0.666606,0.525689,0.220150,0.410663,0.736097,0.421739,0.703674,0.607954,0.331538,0.513936,0.416491,0.626559,0.402040,0.446585,0.524468,0.473729,0.472302,0.453905,0.421645,0.479068,0.608906,0.462074,0.744206,0.572771,0.658344,0.683917,0.136092,0.731907,0.406296,0.487986,0.657970,0.552272,0.621995,0.573497,0.578875,0.401395,0.435318,0.629275,0.461767,0.303054,0.256368,0.408094,0.432934,0.679851,0.450592,0.507185,0.669243,0.381315,0.599254,0.454594,0.304941,0.525435,0.362592,0.336356,0.508549,0.554366,0.739615,0.452604,0.517550,0.646547,0.525778,0.714870,0.649579,0.427578,0.682761,0.710381,0.583099,0.736315,0.713494,0.244576,0.574581,0.557036,0.684021,0.514779,0.432449,0.464014
0.413113,0.318776,0.576786,0.416798,0.476137,0.394682,0.370959,0.446006,0.515388,0.343329,0.478249,0.371272,0.508073,0.407342,0.525034,0.508453,0.358559,0.424657,0.000000,0.429761,0.582748,0.472681,0.546476,0.497694,0.540993,0.476424,0.560452,0.317779,0.656472,0.588929,0.534857,0.600144,0.404327,0.552384,0.410798,0.606555,0.372997,0.512956,0.533868,0.604901,0.141869,0.539768,0.593827,0.576137,0.507438,0.354435,0.627615,0.596709,0.389055,0.509747,0.477238,0.504504,0.603279,0.529130,0.563770,0.611542,0.673593,0.468092,0.608299,0.496820,0.510987,0.522823,0.458835,0.470358,0.541175,0.559223,0.539433,0.580420,0.507302,0.615505,0.540501,0.475807,0.533329,0.709354,0.590808,0.468926,0.582168,0.633155,0.475062,0.456125,0.559760,0.586366,0.557818,0.572261,0.462586,0.486855,0.463940,0.604725,0.573633,0.332781,0.650865,0.457585,0.511286,0.524269,0.537586,0.651277,0.479311,0.698777,0.617336,0.511116,0.599544
0.415365,0.398600,0.490968,0.361153,0.392512,0.376980,0.463466,0.426664,0.522166,0.330513,0.517019,0.373739,0.484103,0.533434,0.541798,0.416673,0.349346,0.587961,0.429761,0.000000,0.627812,0.394270,0.597252,0.473801,0.538975,0.463113,0.572160,0.492029,0.724183,0.493227,0.521726,0.541133,0.050339,0.584040,0.478158,0.616050,0.376752,0.459870,0.540823,0.555089,0.404372,0.530523,0.585513,0.522727,0.530476,0.449764,0.600532,0.523801,0.403039,0.478818,0.507318,0.583060,0.530203,0.593973,0.651368,0.549829,0.675373,0.471915,0.492280,0.507408,0.604228,0.578953,0.355174,0.592990,0.580425,0.640701,0.571742,0.475655,0.533898,0.553582,0.595570,0.500815,0.587903,0.681656,0.494015,0.546771,0.591625,0.664084,0.585933,0.460535,0.551621,0.421634,0.434854,0.479312,0.576010,0.532653,0.433451,0.595134,0.532724,0.288117,0.560457,0.550701,0.462442,0.498999,0.627893,0.551458,0.547925,0.632848,0.579066,0.567369,0.567213
0.416283,0.539406,0.644306,0.644569,0.546969,0.521622,0.569529,0.507927,0.559253,0.595831,0.601701,0.613451,0.581095,0.588123,0.504048,0.457445,0.608067,0.607635,0.582748,0.627812,0.000000,0.595516,0.536246,0.637490,0.540676,0.568170,0.321936,0.651135,0.603974,0.466808,0.585733,0.498019,0.582380,0.528502,0.583782,0.561429,0.628599,0.583694,0.602776,0.736580,0.588199,0.628674,0.648340,0.593260,0.574513,0.624894,0.587606,0.431717,0.603477,0.710702,0.562900,0.592616,0.545845,0.560397,0.609935,0.357321,0.670386,0.581264,0.705338,0.634257,0.554697,0.717817,0.650383,0.602031,0.641550,0.655362,0.627398,0.628154,0.566548,0.639233,0.612519,0.593065,0.608401,0.730609,0.654564,0.685732,0.683118,0.555614,0.672759,0.660979,0.491191,0.461670,0.642141,0.670204,0.694141,0.642781,0.723423,0.561196,0.652137,0.689987,0.595707,0.631420,0.686757,0.724997,0.687446,0.501112,0.690880,0.619605,0.589457,0.691230,0.631603
0.420885,0.408293,0.555415,0.338615,0.442156,0.480532,0.435608,0.431799,0.635803,0.373001,0.453436,0.425206,0.464058,0.452968,0.434507,0.542262,0.433384,0.483376,0.472681,0.394270,0.595516,0.000000,0.463496,0.445094,0.437984,0.623235,0.584307,0.468888,0.596963,0.614859,0.421914,0.576596,0.423222,0.532230,0.459672,0.606770,0.417961,0.496525,0.382202,0.479550,0.490521,0.520598,0.496733,0.450898,0.480334,0.562305,0.528349,0.609446,0.468128,0.597508,0.535097,0.497374,0.644177,0.494353,0.581470,0.613055,0.552665,0.598653,0.593679,0.573298,0.500086,0.515737,0.490299,0.542235,0.601899,0.611209,0.548923,0.521415,0.561210,0.552403,0.511780,0.590333,0.534524,0.576153,0.556852,0.489427,0.594070,0.568649,0.519590,0.550170,0.526741,0.575205,0.518909,0.538850,0.611342,0.547910,0.542158,0.570365,0.522579,0.483322,0.589675,0.603813,0.599031,0.602169,0.609243,0.632140,0.598160,0.650798,0.382903,0.519381,0.486360
0.422722,0.484694,0.643201,0.435984,0.499655,0.553786,0.473081,0.501698,0.694173,0.509840,0.378026,0.569264,0.523034,0.425638,0.268372,0.601783,0.595629,0.427289,0.546476,0.597252,0.536246,0.463496,0.000000,0.404366,0.388775,0.712623,0.509242,0.452910,0.516651,0.696813,0.568289,0.632988,0.590400,0.520362,0.606617,0.578911,0.566228,0.499315,0.438496,0.564471,0.591942,0.638634,0.265360,0.467790,0.454684,0.666548,0.513345,0.678854,0.636192,0.689069,0.709790,0.482190,0.714568,0.403537,0.539770,0.645256,0.668365,0.695564,0.631282,0.652513,0.449911,0.531562,0.711075,0.559576,0.561300,0.592415,0.578429,0.612078,0.720374,0.609732,0.543929,0.686929,0.589006,0.674873,0.622998,0.434084,0.496789,0.484645,0.486594,0.624072,0.620068,0.710462,0.592609,0.666596,0.702196,0.620692,0.729876,0.607606,0.615615,0.690848,0.684516,0.668846,0.711499,0.681045,0.578186,0.667428,0.673461,0.644994,0.429012,0.545366,0.607658
0.434659,0.445463,0.594912,0.276534,0.410033,0.528512,0.468786,0.466127,0.756564,0.408358,0.380697,0.429407,0.498464,0.402870,0.413198,0.617920,0.533470,0.485839,0.497694,0.473801,0.637490,0.445094,0.404366,0.000000,0.407655,0.725804,0.634097,0.380522,0.580015,0.644920,0.484677,0.660819,0.491397,0.567320,0.590857,0.607894,0.426012,0.483975,0.378685,0.460388,0.517201,0.615274,0.414454,0.383085,0.432193,0.640583,0.506237,0.652917,0.602441,0.649051,0.675608,0.525263,0.660104,0.341181,0.616971,0.685605,0.645806,0.715875,0.529805,0.668398,0.437076,0.512458,0.593580,0.596688,0.489652,0.526109,0.641831,0.542108,0.699535,0.572761,0.530293,0.664721,0.659819,0.620564,0.559814,0.426694,0.585812,0.577259,0.344858,0.638042,0.693779,0.728862,0.546349,0.557293,0.658046,0.616363,0.688035,0.671217,0.617693,0.624066,0.674406,0.652835,0.717209,0.622144,0.555135,0.745102,0.706725,0.648988,0.357894,0.499182,0.522503
0.434697,0.384108,0.556564,0.436623,0.347954,0.493773,0.322884,0.325279,0.658172,0.425148,0.299829,0.515468,0.391805,0.356624,0.256063,0.550475,0.507484,0.350555,0.540993,0.538975,0.540676,0.437984,0.388775,0.407655,0.000000,0.697678,0.492302,0.417560,0.488179,0.667970,0.401657,0.694782,0.535932,0.409905,0.509472,0.488459,0.530290,0.388547,0.320046,0.518185,0.533310,0.525302,0.448093,0.307444,0.342379,0.583101,0.361866,0.655866,0.586711,0.596708,0.630669,0.337593,0.714461,0.309204,0.579567,0.647104,0.585179,0.629399,0.506659,0.605730,0.289929,0.407866,0.611328,0.599626,0.433358,0.494640,0.472300,0.399749,0.644566,0.527295,0.557242,0.611466,0.461357,0.611720,0.449647,0.401355,0.568980,0.376343,0.470077,0.519086,0.529693,0.665055,0.418610,0.551150,0.664846,0.474200,0.657775,0.567157,0.444784,0.673088,0.600392,0.584040,0.655207,0.677116,0.496957,0.599060,0.549413,0.615585,0.405906,0.384135,0.510150
0.437289,0.484691,0.375995,0.536558,0.543067,0.476744,0.627018,0.522211,0.214142,0.524211,0.622708,0.468590,0.568955,0.681687,0.606376,0.367183,0.489575,0.666606,0.476424,0.463113,0.568170,0.623235,0.712623,0.725804,0.697678,0.000000,0.619887,0.660263,0.773814,0.534840,0.628592,0.460686,0.461592,0.627239,0.517548,0.645051,0.507316,0.635366,0.700540,0.690091,0.459635,0.614456,0.756601,0.700442,0.620798,0.427963,0.643059,0.561041,0.462244,0.466330,0.382013,0.640198,0.561152,0.731152,0.626586,0.585114,0.655901,0.163996,0.713609,0.430609,0.672831,0.681041,0.499194,0.635680,0.756348,0.765932,0.587659,0.660377,0.344642,0.670528,0.665158,0.352723,0.583128,0.715274,0.675426,0.702322,0.710138,0.724781,0.765759,0.434018,0.484213,0.470874,0.653520,0.649479,0.452825,0.595196,0.456827,0.590331,0.628740,0.481971,0.569841,0.547851,0.416725,0.414685,0.720556,0.451466,0.411586,0.727347,0.768002,0.676001,0.712131
0.440902,0.543780,0.633677,0.600394,0.441463,0.581794,0.466330,0.451359,0.560720,0.529251,0.560629,0.605438,0.519522,0.524332,0.463853,0.402944,0.539499,0.525689,0.560452,0.572160,0.321936,0.584307,0.509242,0.634097,0.492302,0.619887,0.000000,0.547875,0.511307,0.607313,0.528318,0.654670,0.552219,0.425370,0.477538,0.431208,0.663830,0.470528,0.551088,0.704263,0.572978,0.612478,0.548400,0.575828,0.541618,0.626695,0.576501,0.589579,0.573499,0.703593,0.636301,0.508913,0.681494,0.517981,0.541915,0.394956,0.690702,0.605815,0.676382,0.638774,0.551635,0.640732,0.639689,0.564616,0.590960,0.561674,0.507092,0.540471,0.595035,0.613284,0.663428,0.597721,0.496718,0.732120,0.560483,0.586010,0.562344,0.392288,0.674065,0.640852,0.505292,0.497907,0.530948,0.650995,0.713019,0.590243,0.677330,0.606987,0.553193,0.670890,0.543679,0.559117,0.648776,0.696450,0.613655,0.449613,0.588287,0.641853,0.560717,0.606091,0.607687
0.441346,0.467855,0.607609,0.424246,0.371035,0.551307,0.257847,0.436176,0.657419,0.262398,0.363589,0.429474,0.342775,0.194713,0.410967,0.600072,0.424669,0.220150,0.317779,0.492029,0.651135,0.468888,0.452910,0.380522,0.417560,0.660263,0.547875,0.000000,0.561114,0.680769,0.480856,0.727130,0.511382,0.428814,0.541336,0.491002,0.547141,0.379405,0.457773,0.455016,0.348867,0.528344,0.358339,0.420097,0.434867,0.547240,0.517053,0.707977,0.590801,0.571551,0.650002,0.324434,0.714084,0.427880,0.557894,0.686862,0.590476,0.626332,0.513330,0.587056,0.469329,0.450411,0.588195,0.475235,0.272329,0.273914,0.489260,0.431096,0.651622,0.433415,0.492524,0.617268,0.490706,0.689260,0.462263,0.237962,0.447172,0.508311,0.165158,0.503444,0.560627,0.691743,0.442426,0.480524,0.598702,0.530554,0.633064,0.645708,0.496472,0.596477,0.683218,0.586763,0.682545,0.632824,0.270985,0.633817,0.573029,0.693574,0.514370,0.460697,0.497198
0.443107,0.556296,0.613289,0.649897,0.567360,0.654908,0.454839,0.542951,0.695249,0.567584,0.595701,0.666979,0.420329,0.456593,0.507092,0.709789,0.636864,0.410663,0.656472,0.724183,0.603974,0.596963,0.516651,0.580015,0.488179,0.773814,0.511307,0.561114,0.000000,0.728103,0.545757,0.734357,0.736489,0.476772,0.581810,0.420793,0.766993,0.516519,0.567832,0.625842,0.669907,0.555755,0.564670,0.530745,0.621262,0.739117,0.479198,0.760844,0.698984,0.770596,0.819730,0.411207,0.729486,0.513999,0.549880,0.710427,0.453901,0.710592,0.637219,0.681010,0.583970,0.645378,0.694002,0.631579,0.552847,0.416645,0.493496,0.560740,0.812374,0.500035,0.545912,0.746540,0.479839,0.555548,0.550709,0.543793,0.546440,0.317023,0.590771,0.677725,0.661666,0.759040,0.589826,0.601973,0.756841,0.624139,0.791534,0.733436,0.488650,0.855032,0.786725,0.688703,0.788457,0.808627,0.425926,0.606217,0.690254,0.506598,0.590588,0.653553,0.565889
0.443606,0.527172,0.586114,0.619625,0.578722,0.460317,0.670002,0.597182,0.570174,0.600238,0.692366,0.455644,0.639638,0.677715,0.670909,0.550408,0.583384,0.736097,0.588929,0.493227,0.466808,0.614859,0.696813,0.644920,0.667970,0.534840,0.607313,0.680769,0.728103,0.000000,0.665768,0.495996,0.501892,0.594196,0.647402,0.632359,0.552557,0.629884,0.704308,0.672663,0.605167,0.624963,0.672462,0.691205,0.641928,0.560977,0.657238,0.128940,0.641034,0.631812,0.528195,0.701540,0.174013,0.691460,0.699045,0.395355,0.672973,0.563144,0.645736,0.580967,0.694517,0.712204,0.475428,0.676553,0.728644,0.696228,0.692247,0.711032,0.561502,0.721825,0.763679,0.528909,0.696063,0.734536,0.723666,0.734623,0.713479,0.728208,0.726929,0.599487,0.608756,0.301094,0.664943,0.582573,0.599397,0.633398,0.568818,0.612739,0.724036,0.584886,0.608625,0.689509,0.583860,0.660637,0.731780,0.539625,0.682749,0.638833,0.693250,0.724884,0.700927
0.444085,0.403922,0.580804,0.422845,0.360636,0.532407,0.362180,0.378174,0.655282,0.411276,0.440411,0.496745,0.386839,0.410448,0.399422,0.549112,0.442724,0.421739,0.534857,0.521726,0.585733,0.421914,0.568289,0.484677,0.401657,0.628592,0.528318,0.480856,0.545757,0.665768,0.000000,0.642730,0.563625,0.414182,0.420306,0.478435,0.542016,0.416329,0.411602,0.521193,0.564603,0.483650,0.518879,0.363534,0.473797,0.523661,0.451501,0.670806,0.505722,0.601443,0.608561,0.416399,0.683201,0.394286,0.567873,0.624027,0.542752,0.643695,0.586078,0.515223,0.439679,0.522311,0.566492,0.606481,0.540066,0.498051,0.488590,0.430780,0.613720,0.519669,0.581005,0.570820,0.470480,0.597818,0.445285,0.485332,0.569588,0.514865,0.491764,0.579996,0.593410,0.665863,0.431455,0.488103,0.558588,0.484560,0.634692,0.606879,0.393083,0.622066,0.641688,0.559230,0.628431,0.692002,0.511623,0.571512,0.599385,0.642628,0.534445,0.511806,0.468957
0.446552,0.562599,0.500444,0.577959,0.633335,0.455943,0.674871,0.596462,0.565151,0.635841,0.622850,0.494718,0.602791,0.646994,0.560142,0.553508,0.561345,0.703674,0.600144,0.541133,0.498019,0.576596,0.632988,0.660819,0.694782,0.460686,0.654670,0.727130,0.734357,0.495996,0.642730,0.000000,0.551344,0.661543,0.651107,0.650746,0.534025,0.666914,0.658179,0.616537,0.553315,0.636944,0.706866,0.631580,0.593342,0.525534,0.568677,0.501481,0.628944,0.606212,0.499789,0.700424,0.533142,0.707262,0.689086,0.556574,0.572569,0.514568,0.673172,0.583287,0.682655,0.770553,0.456160,0.634329,0.740321,0.747320,0.676987,0.722202,0.532799,0.695989,0.631653,0.516916,0.662937,0.587044,0.738413,0.741232,0.676954,0.739067,0.748932,0.583402,0.571590,0.461564,0.708595,0.656096,0.524857,0.660672,0.561679,0.599550,0.679495,0.562904,0.593339,0.701378,0.533113,0.601071,0.723227,0.612267,0.622924,0.607061,0.745667,0.734782,0.624015
0.447155,0.407301,0.522413,0.409359,0.459317,0.331026,0.497366,0.430820,0.509203,0.371703,0.520946,0.404637,0.543775,0.559608,0.522825,0.456148,0.389814,0.607954,0.404327,0.050339,0.582380,0.423222,0.590400,0.491397,0.535932,0.461592,0.552219,0.511382,0.736489,0.501892,0.563625,0.551344,0.000000,0.590522,0.493379,0.620613,0.319065,0.523220,0.553488,0.646771,0.351951,0.567737,0.625441,0.580964,0.526369,0.436448,0.630567,0.514786,0.405635,0.502779,0.487130,0.593050,0.520629,0.595736,0.674823,0.529805,0.739772,0.429267,0.548853,0.498246,0.596897,0.619152,0.375973,0.606331,0.592083,0.671206,0.614278,0.518131,0.521394,0.616685,0.635892,0.491557,0.609284,0.738037,0.555105,0.567955,0.627641,0.679850,0.634905,0.486236,0.565218,0.386387,0.477523,0.538282,0.551172,0.518255,0.450431,0.580763,0.600867,0.265802,0.598544,0.549017,0.432838,0.491912,0.658120,0.588590,0.554607,0.658708,0.585034,0.585003,0.621350
0.447938,0.518702,0.593526,0.553747,0.383709,0.599650,0.349620,0.419072,0.570342,0.462878,0.537237,0.477939,0.449745,0.363113,0.404330,0.548774,0.541747,0.331538,0.552384,0.584040,0.528502,0.532230,0.520362,0.567320,0.409905,0.627239,0.425370,0.428814,0.476772,0.594196,0.414182,0.661543,0.590522,0.000000,0.548913,0.141949,0.653241,0.409314,0.480717,0.612038,0.569496,0.501076,0.462432,0.479278,0.535983,0.659687,0.506325,0.612721,0.636893,0.666548,0.701979,0.343178,0.662877,0.437897,0.491530,0.592693,0.580362,0.593997,0.621458,0.610018,0.491311,0.518845,0.622179,0.579740,0.439160,0.378486,0.408865,0.428309,0.682021,0.560011,0.614884,0.664239,0.399559,0.674099,0.466966,0.437753,0.514541,0.358554,0.504718,0.557055,0.416605,0.655050,0.449366,0.513810,0.685727,0.578672,0.689546,0.652613,0.481517,0.725121,0.721235,0.604993,0.698715,0.769584,0.391442,0.354393,0.550796,0.727047,0.515551,0.508732,0.562238
0.450052,0.369334,0.562248,0.495503,0.371855,0.507352,0.391427,0.382485,0.468679,0.345913,0.529039,0.480852,0.477869,0.504121,0.514470,0.399950,0.261438,0.513936,0.410798,0.478158,0.583782,0.459672,0.606617,0.590857,0.509472,0.517548,0.477538,0.541336,0.581810,0.647402,0.420306,0.651107,0.493379,0.548913,0.000000,0.594338,0.553382,0.461758,0.520910,0.618199,0.406017,0.517031,0.641570,0.561891,0.520761,0.415446,0.624138,0.631771,0.248567,0.591383,0.523370,0.520037,0.623155,0.549553,0.603108,0.649257,0.645522,0.514746,0.641455,0.514325,0.572595,0.571586,0.556271,0.615366,0.597583,0.648304,0.478363,0.471245,0.519200,0.576642,0.566177,0.475247,0.450930,0.692946,0.469893,0.591807,0.580844,0.535827,0.652066,0.491504,0.614484,0.630960,0.465267,0.558364,0.521255,0.379091,0.601475,0.666810,0.417087,0.527622,0.641909,0.282599,0.549253,0.568682,0.648943,0.540280,0.526943,0.637816,0.624028,0.552301,0.580214
0.452728,0.567252,0.592058,0.578458,0.421397,0.616785,0.410465,0.465293,0.582950,0.532652,0.558171,0.551537,0.475805,0.420098,0.462807,0.588360,0.614763,0.416491,0.606555,0.616050,0.561429,0.606770,0.578911,0.607894,0.488459,0.645051,0.431208,0.491002,0.420793,0.632359,0.478435,0.650746,0.620613,0.141949,0.594338,0.000000,0.687667,0.508008,0.531476,0.607302,0.598029,0.520274,0.487403,0.527093,0.566291,0.684271,0.496431,0.654900,0.668539,0.702081,0.697689,0.397596,0.717644,0.536163,0.524208,0.613650,0.530876,0.605766,0.623877,0.618034,0.556442,0.599357,0.653369,0.612623,0.474666,0.347281,0.432753,0.485657,0.710177,0.559839,0.674149,0.706668,0.432348,0.655247,0.527450,0.504676,0.527355,0.340297,0.555837,0.617711,0.470998,0.666289,0.486762,0.511150,0.717864,0.632345,0.690625,0.682884,0.505447,0.744880,0.741630,0.643803,0.700751,0.774576,0.376909,0.346756,0.617820,0.716239,0.633177,0.581566,0.641618
0.453366,0.421269,0.529375,0.259991,0.516073,0.304718,0.546387,0.455511,0.599280,0.443139,0.492438,0.402127,0.594503,0.560978,0.510352,0.524795,0.460636,0.626559,0.372997,0.376752,0.628599,0.417961,0.566228,0.426012,0.530290,0.507316,0.663830,0.547141,0.766993,0.552557,0.542016,0.534025,0.319065,0.653241,0.553382,0.687667,0.000000,0.615166,0.495019,0.649269,0.349307,0.605228,0.644012,0.564083,0.508984,0.435959,0.615338,0.516593,0.476343,0.526943,0.430893,0.633981,0.550271,0.588834,0.649583,0.608280,0.736847,0.498689,0.629162,0.525049,0.551490,0.647580,0.405952,0.588936,0.652142,0.735450,0.641880,0.615991,0.463444,0.705034,0.613679,0.483360,0.638045,0.699618,0.665203,0.601007,0.690536,0.759847,0.613198,0.502594,0.596940,0.469426,0.604921,0.622414,0.539421,0.533468,0.440380,0.613963,0.651685,0.353475,0.625944,0.628765,0.432074,0.414460,0.722258,0.696114,0.542809,0.657618,0.551769,0.592927,0.597004
0.454134,0.460246,0.540172,0.429865,0.285309,0.567822,0.296828,0.360652,0.619010,0.306287,0.424229,0.509914,0.294069,0.370777,0.361314,0.465963,0.340297,0.402040,0.512956,0.459870,0.583694,0.496525,0.499315,0.483975,0.388547,0.635366,0.470528,0.379405,0.516519,0.629884,0.416329,0.666914,0.523220,0.409314,0.461758,0.508008,0.615166,0.000000,0.458620,0.379405,0.506788,0.495392,0.438084,0.344352,0.485017,0.631600,0.450671,0.637049,0.522933,0.615331,0.732209,0.329030,0.704797,0.417332,0.529225,0.657087,0.481059,0.607269,0.328132,0.599372,0.480027,0.334636,0.562051,0.552960,0.460878,0.502950,0.360740,0.339385,0.712356,0.400120,0.471639,0.639733,0.359954,0.541897,0.374339,0.343596,0.464031,0.411283,0.410764,0.460415,0.515848,0.673293,0.332437,0.443936,0.687191,0.542360,0.686794,0.663048,0.276175,0.687334,0.558148,0.513742,0.723028,0.635103,0.504056,0.460350,0.529459,0.617953,0.511566,0.337818,0.420867
0.455287,0.455145,0.596722,0.381369,0.455985,0.560555,0.397624,0.431181,0.707782,0.448535,0.355283,0.509380,0.417981,0.417334,0.315797,0.588636,0.524063,0.446585,0.533868,0.540823,0.602776,0.382202,0.438496,0.378685,0.320046,0.700540,0.551088,0.457773,0.567832,0.704308,0.411602,0.658179,0.553488,0.480717,0.520910,0.531476,0.495019,0.458620,0.000000,0.511290,0.558641,0.571069,0.495620,0.299665,0.393863,0.595248,0.407077,0.706922,0.570009,0.614209,0.590424,0.454707,0.726286,0.299281,0.581866,0.624968,0.543903,0.690811,0.578626,0.626450,0.342401,0.460051,0.615346,0.622180,0.525277,0.561360,0.539902,0.488505,0.614498,0.550081,0.556735,0.638099,0.504356,0.587306,0.513954,0.422517,0.561805,0.527372,0.441413,0.603250,0.607738,0.683526,0.508929,0.566973,0.623902,0.546844,0.653153,0.518919,0.506653,0.636892,0.689894,0.599778,0.643878,0.613522,0.562912,0.669408,0.602257,0.633985,0.347729,0.458043,0.530421
0.456351,0.551627,0.542784,0.388030,0.451797,0.628492,0.470605,0.537900,0.703214,0.480091,0.488972,0.474707,0.383159,0.503314,0.504265,0.609051,0.536042,0.524468,0.604901,0.555089,0.736580,0.479550,0.564471,0.460388,0.518185,0.690091,0.704263,0.455016,0.625842,0.672663,0.521193,0.616537,0.646771,0.612038,0.618199,0.607302,0.649269,0.379405,0.511290,0.000000,0.631123,0.533334,0.460707,0.410420,0.535844,0.692558,0.434360,0.731967,0.699595,0.632828,0.734129,0.516099,0.740264,0.582880,0.563606,0.778254,0.325842,0.692878,0.336637,0.661474,0.583178,0.475657,0.538839,0.571532,0.562571,0.544791,0.501278,0.508998,0.711901,0.446388,0.516992,0.684458,0.505159,0.382153,0.550090,0.503550,0.569265,0.582173,0.401513,0.560839,0.626646,0.737200,0.531183,0.490194,0.633483,0.667096,0.684185,0.697612,0.423229,0.692943,0.539909,0.687307,0.724340,0.666519,0.546376,0.646599,0.644186,0.622819,0.600953,0.484138,0.427377
0.460310,0.375793,0.534150,0.462057,0.457225,0.361314,0.397898,0.365959,0.510779,0.327042,0.493185,0.358729,0.504941,0.437409,0.450258,0.526273,0.319100,0.473729,0.141869,0.404372,0.588199,0.490521,0.591942,0.517201,0.533310,0.459635,0.572978,0.348867,0.669907,0.605167,0.564603,0.553315,0.351951,0.569496,0.406017,0.598029,0.349307,0.506788,0.558641,0.631123,0.000000,0.510503,0.628234,0.592408,0.519991,0.393374,0.671049,0.602835,0.400307,0.549004,0.505401,0.486036,0.612412,0.562327,0.597689,0.603867,0.728880,0.382138,0.585701,0.473627,0.565999,0.601594,0.398345,0.479175,0.479931,0.577227,0.555504,0.516443,0.556921,0.627049,0.567815,0.496046,0.511215,0.746552,0.588622,0.497035,0.546152,0.670356,0.532568,0.424036,0.561934,0.514484,0.517013,0.530047,0.493775,0.479594,0.527045,0.653677,0.557447,0.374106,0.613453,0.464166,0.494804,0.566020,0.547931,0.616259,0.526899,0.631634,0.627535,0.488173,0.547409
0.461152,0.390842,0.546796,0.549060,0.440234,0.571606,0.360127,0.361974,0.599505,0.483361,0.616158,0.380342,0.484393,0.427174,0.447568,0.651159,0.478569,0.472302,0.539768,0.530523,0.628674,0.520598,0.638634,0.615274,0.525302,0.614456,0.612478,0.528344,0.555755,0.624963,0.483650,0.636944,0.567737,0.501076,0.517031,0.520274,0.605228,0.495392,0.571069,0.533334,0.510503,0.000000,0.603988,0.486228,0.611752,0.500736,0.567245,0.634862,0.598435,0.633117,0.713533,0.436210,0.641636,0.568546,0.658409,0.676265,0.564723,0.592509,0.581176,0.555695,0.571181,0.542133,0.505439,0.619899,0.555937,0.538992,0.569687,0.346660,0.727213,0.584856,0.595332,0.670279,0.519633,0.626864,0.369428,0.580904,0.530086,0.575753,0.584643,0.603469,0.654089,0.603210,0.360485,0.219674,0.670093,0.465700,0.686271,0.696137,0.359811,0.655747,0.721553,0.558103,0.691882,0.713271,0.563307,0.581225,0.710730,0.606145,0.617019,0.515623,0.492272
0.461553,0.546707,0.663354,0.438356,0.401860,0.659518,0.445547,0.486893,0.743630,0.454409,0.401618,0.551210,0.496414,0.375887,0.377290,0.617781,0.600593,0.453905,0.593827,0.585513,0.648340,0.496733,0.265360,0.414454,0.448093,0.756601,0.548400,0.358339,0.564670,0.672462,0.518879,0.706866,0.625441,0.462432,0.641570,0.487403,0.644012,0.438084,0.495620,0.460707,0.628234,0.603988,0.000000,0.451934,0.482326,0.706614,0.513027,0.694588,0.710627,0.698857,0.771801,0.502019,0.747377,0.469805,0.619104,0.701550,0.611327,0.742266,0.513369,0.655749,0.564957,0.465207,0.743581,0.623517,0.505793,0.517905,0.588219,0.538998,0.756199,0.539029,0.571398,0.759353,0.626381,0.687714,0.568269,0.358639,0.436829,0.478208,0.334619,0.649503,0.635026,0.750246,0.524490,0.613982,0.729368,0.655981,0.737820,0.701428,0.571980,0.748463,0.711264,0.722295,0.773449,0.737030,0.529308,0.596153,0.728322,0.711489,0.533032,0.516836,0.597296
0.462645,0.438730,0.599583,0.377287,0.366313,0.605847,0.380004,0.377994,0.715930,0.457981,0.349220,0.510025,0.364044,0.403919,0.307531,0.582679,0.518397,0.421645,0.576137,0.522727,0.593260,0.450898,0.467790,0.383085,0.307444,0.700442,0.575828,0.420097,0.530745,0.691205,0.363534,0.631580,0.580964,0.479278,0.561891,0.527093,0.564083,0.344352,0.299665,0.410420,0.592408,0.486228,0.451934,0.000000,0.375031,0.615418,0.299946,0.693206,0.644163,0.597135,0.647706,0.395017,0.751192,0.369054,0.571370,0.694056,0.449843,0.689435,0.454500,0.638018,0.379059,0.444673,0.576226,0.598877,0.512674,0.526574,0.488094,0.374606,0.642646,0.478306,0.520521,0.651131,0.493990,0.531733,0.397074,0.365410,0.545369,0.476434,0.356928,0.594648,0.578201,0.688278,0.410737,0.435793,0.674653,0.564803,0.660878,0.580705,0.411846,0.706193,0.603976,0.585809,0.678932,0.642207,0.537558,0.607715,0.641392,0.552566,0.430856,0.439004,0.433343
