0.000000,0.279026,0.311718,0.328654,0.349267,0.351584,0.358583,0.360887,0.373175,0.377936,0.382865,0.384881,0.387544,0.388254,0.403541,0.408649,0.409486,0.411766,0.413113,0.415365,0.416283,0.420885,0.422722,0.434659,0.434697,0.437289,0.440902,0.441346,0.443107,0.443606,0.444085,0.446552,0.447155,0.447938,0.450052,0.452728,0.453366,0.454134,0.455287,0.456351,0.460310,0.461152,0.461553,0.462645,0.463383,0.464170,0.466593,0.470808,0.471493,0.471979,0.472852,0.475774,0.476694,0.477369,0.479486,0.480092,0.481235,0.481914,0.483396,0.485648,0.487712,0.487843,0.488662,0.490721,0.491550,0.491760,0.494005,0.495265,0.496192,0.498407,0.498587,0.500676,0.501634,0.501664,0.502158,0.502353,0.502601,0.503167,0.503169,0.504134,0.504237,0.504476,0.504729,0.505551,0.508697,0.509872,0.510394,0.510951,0.511029,0.511924,0.515039,0.515670,0.516400,0.516701,0.516892,0.517357,0.517426,0.518085,0.518207,0.518560,0.519712,0.519749,0.520597,0.521027,0.522874,0.523110,0.523788,0.524565,0.524627,0.524674,0.524766,0.524878,0.524927,0.525085,0.525106,0.525933,0.526406,0.526459,0.526511,0.527802,0.527815,0.528504,0.528687,0.529456,0.529578,0.530169,0.530634,0.530762,0.530911,0.531243,0.531443,0.532521,0.533275,0.533306,0.533377,0.534181,0.534734,0.534931,0.535365,0.536365,0.537142,0.537512,0.538007,0.538942,0.538975,0.539114,0.539184,0.539260,0.539286,0.539745,0.539804,0.539860,0.539933,0.540086,0.540443,0.540517,0.540672,0.541445,0.541990,0.542115,0.542177,0.542319,0.542693,0.543997,0.544489,0.545967,0.546696,0.546740,0.546843,0.547038,0.547340,0.547375,0.547703,0.547766,0.548245,0.548310,0.548377,0.548745,0.549449,0.550333,0.550834,0.551152,0.551295,0.551324,0.552204,0.552759,0.553153,0.553517,0.553704,0.554046,0.554812,0.555501,0.555562,0.555833,0.555837,0.555875,0.556094,0.556493,0.556569,0.556756,0.556904
0.279026,0.000000,0.453630,0.394350,0.323656,0.349504,0.289418,0.194772,0.452986,0.373542,0.427798,0.331777,0.479724,0.403065,0.371945,0.471853,0.367735,0.428751,0.318776,0.398600,0.539406,0.408293,0.484694,0.445463,0.384108,0.484691,0.543780,0.467855,0.556296,0.527172,0.403922,0.562599,0.407301,0.518702,0.369334,0.567252,0.421269,0.460246,0.455145,0.551627,0.375793,0.390842,0.546707,0.438730,0.459066,0.290169,0.526928,0.525621,0.358073,0.492388,0.488028,0.444056,0.524046,0.425971,0.572639,0.605604,0.603080,0.493029,0.555468,0.471927,0.426217,0.403041,0.405602,0.563936,0.564610,0.613390,0.529459,0.377219,0.534273,0.592622,0.561666,0.458658,0.508100,0.625900,0.371163,0.537361,0.549306,0.528701,0.564500,0.496510,0.600481,0.546018,0.372048,0.469589,0.475465,0.318865,0.495103,0.557570,0.446641,0.404414,0.613081,0.392496,0.509582,0.551136,0.643810,0.629512,0.563297,0.614543,0.488673,0.404730,0.533625,0.481311,0.605591,0.471889,0.466937,0.640702,0.498775,0.581568,0.514760,0.432147,0.567808,0.499472,0.451294,0.554657,0.451533,0.541719,0.427179,0.604979,0.600447,0.476296,0.478503,0.599400,0.437465,0.612175,0.575351,0.410794,0.516396,0.504236,0.435777,0.580661,0.501106,0.642869,0.620108,0.546605,0.549020,0.543283,0.513847,0.590870,0.498851,0.499277,0.535385,0.691498,0.434345,0.552658,0.643113,0.591258,0.572199,0.518177,0.632284,0.548862,0.633661,0.465998,0.450961,0.489987,0.515831,0.521006,0.552719,0.480368,0.530080,0.548166,0.660044,0.566627,0.616391,0.468102,0.595190,0.689734,0.434375,0.614076,0.538693,0.435868,0.547582,0.463654,0.531083,0.646036,0.523509,0.617830,0.628894,0.625166,0.683508,0.643799,0.452877,0.528590,0.497444,0.538002,0.504450,0.480879,0.486584,0.515995,0.583498,0.558508,0.582206,0.553795,0.688065,0.672753,0.665628,0.623931,0.599628,0.500825,0.584030,0.600182,0.584012
0.311718,0.453630,0.000000,0.460309,0.475652,0.473888,0.536849,0.444038,0.444465,0.505466,0.540261,0.478630,0.541636,0.552375,0.506807,0.498323,0.509573,0.592536,0.576786,0.490968,0.644306,0.555415,0.643201,0.594912,0.556564,0.375995,0.633677,0.607609,0.613289,0.586114,0.580804,0.500444,0.522413,0.593526,0.562248,0.592058,0.529375,0.540172,0.596722,0.542784,0.534150,0.546796,0.663354,0.599583,0.563672,0.506799,0.554738,0.608273,0.554735,0.385437,0.462471,0.584858,0.609999,0.600935,0.646779,0.620816,0.574183,0.420682,0.539354,0.534694,0.586767,0.618483,0.501146,0.700415,0.601626,0.664271,0.618667,0.570505,0.440631,0.652261,0.642660,0.446768,0.599752,0.557293,0.597288,0.618405,0.612244,0.625239,0.670015,0.458249,0.601700,0.554140,0.588494,0.591143,0.537935,0.642370,0.453520,0.614922,0.545532,0.576651,0.490718,0.634034,0.463565,0.423342,0.637097,0.588721,0.544521,0.593261,0.659726,0.569665,0.595717,0.600097,0.631113,0.532095,0.573092,0.617505,0.643513,0.672183,0.520589,0.579000,0.641718,0.452754,0.617533,0.568209,0.587043,0.636766,0.560269,0.718171,0.672250,0.534647,0.610623,0.674262,0.608011,0.587595,0.568496,0.635700,0.634707,0.577667,0.614323,0.657706,0.593787,0.627597,0.587215,0.475955,0.644799,0.478021,0.668296,0.473473,0.532823,0.573088,0.623622,0.534911,0.675437,0.637227,0.593487,0.614373,0.560743,0.654772,0.596572,0.623274,0.755624,0.642108,0.623582,0.545717,0.541589,0.684461,0.600208,0.627264,0.543325,0.601201,0.666214,0.528431,0.406856,0.695782,0.636662,0.566326,0.610466,0.629759,0.445500,0.581842,0.668119,0.567906,0.560213,0.615911,0.626892,0.585585,0.605527,0.586311,0.627674,0.675297,0.618210,0.638568,0.641380,0.449211,0.653618,0.639136,0.661355,0.562595,0.648913,0.584612,0.588670,0.508462,0.623835,0.686734,0.647199,0.614925,0.592489,0.666438,0.607859,0.644725,0.611117
0.328654,0.394350,0.460309,0.000000,0.382522,0.434570,0.456181,0.444695,0.570329,0.368086,0.369095,0.400561,0.441802,0.447842,0.419243,0.500502,0.434030,0.517554,0.416798,0.361153,0.644569,0.338615,0.435984,0.276534,0.436623,0.536558,0.600394,0.424246,0.649897,0.619625,0.422845,0.577959,0.409359,0.553747,0.495503,0.578458,0.259991,0.429865,0.381369,0.388030,0.462057,0.549060,0.438356,0.377287,0.434223,0.507022,0.464754,0.628408,0.500011,0.473211,0.489806,0.550414,0.637747,0.480714,0.591142,0.632120,0.555116,0.562334,0.472307,0.515943,0.450911,0.521453,0.481057,0.550497,0.535174,0.593841,0.568204,0.534119,0.476885,0.549439,0.466448,0.535148,0.596510,0.566260,0.551723,0.467829,0.576048,0.613279,0.411031,0.518811,0.587065,0.639318,0.516950,0.519075,0.547321,0.555689,0.441496,0.586093,0.534125,0.440547,0.573616,0.577125,0.528093,0.377596,0.585568,0.668014,0.578418,0.628312,0.465341,0.528587,0.508401,0.451793,0.590618,0.583192,0.550305,0.608888,0.580413,0.555870,0.602554,0.517833,0.547838,0.427321,0.577056,0.563448,0.522819,0.625948,0.478754,0.559982,0.637873,0.554235,0.645637,0.666042,0.546800,0.667095,0.605654,0.557341,0.606101,0.627318,0.473035,0.534860,0.477758,0.565760,0.589208,0.549063,0.588838,0.534049,0.607298,0.545934,0.600281,0.556768,0.505817,0.565339,0.498400,0.545084,0.568937,0.619995,0.536952,0.517373,0.555839,0.510878,0.715031,0.595934,0.578802,0.574476,0.594260,0.509220,0.601280,0.588071,0.599779,0.564502,0.484177,0.546268,0.510108,0.567910,0.623541,0.576930,0.610622,0.520682,0.519841,0.591651,0.604478,0.553347,0.618114,0.596218,0.559909,0.641773,0.676491,0.664100,0.697863,0.532235,0.598581,0.604910,0.611040,0.480171,0.514649,0.529957,0.629085,0.561742,0.622425,0.563856,0.558672,0.530832,0.633261,0.544184,0.611455,0.625958,0.578138,0.604679,0.508654,0.603544,0.579936
0.349267,0.323656,0.475652,0.382522,0.000000,0.498033,0.299350,0.238494,0.549175,0.209851,0.408276,0.365296,0.328341,0.374542,0.312109,0.429119,0.327210,0.397811,0.476137,0.392512,0.546969,0.442156,0.499655,0.410033,0.347954,0.543067,0.441463,0.371035,0.567360,0.578722,0.360636,0.633335,0.459317,0.383709,0.371855,0.421397,0.516073,0.285309,0.455985,0.451797,0.457225,0.440234,0.401860,0.366313,0.454255,0.509280,0.440357,0.587273,0.448723,0.611716,0.623814,0.352280,0.601528,0.415681,0.536696,0.601807,0.509986,0.554298,0.441624,0.499178,0.445963,0.388844,0.549434,0.583436,0.451969,0.459480,0.390973,0.309901,0.636983,0.463523,0.549617,0.599833,0.422576,0.607366,0.347997,0.426618,0.422543,0.414755,0.422493,0.474482,0.514571,0.583711,0.325837,0.412410,0.623983,0.463027,0.615185,0.614167,0.332014,0.600150,0.563359,0.472082,0.652903,0.622639,0.469189,0.452215,0.572805,0.556554,0.480899,0.377852,0.425324,0.495182,0.538935,0.487673,0.587035,0.438052,0.456205,0.570496,0.453497,0.384400,0.522762,0.620785,0.546007,0.697179,0.545339,0.563619,0.591576,0.561501,0.526416,0.628112,0.458377,0.609058,0.334064,0.587810,0.580270,0.429282,0.361465,0.647477,0.578133,0.566575,0.491345,0.549031,0.568715,0.603147,0.444104,0.678682,0.605509,0.621301,0.571308,0.498383,0.434030,0.582833,0.509597,0.409410,0.620567,0.415943,0.469983,0.500807,0.679239,0.362906,0.738615,0.522210,0.506973,0.434085,0.642411,0.569304,0.525420,0.418002,0.603695,0.624598,0.488000,0.653189,0.681680,0.618820,0.470869,0.546696,0.421945,0.561271,0.673293,0.603304,0.454189,0.606842,0.513521,0.532407,0.623995,0.560211,0.698415,0.640191,0.616072,0.444292,0.501445,0.662809,0.509644,0.691538,0.485020,0.641679,0.643674,0.684600,0.623835,0.586871,0.407147,0.677273,0.524767,0.461530,0.699874,0.459602,0.546912,0.530457,0.631098,0.436716,0.637104
0.351584,0.349504,0.473888,0.434570,0.498033,0.000000,0.500342,0.425329,0.545192,0.433811,0.491421,0.418077,0.528901,0.549170,0.465085,0.498103,0.450317,0.554756,0.394682,0.376980,0.521622,0.480532,0.553786,0.528512,0.493773,0.476744,0.581794,0.551307,0.654908,0.460317,0.532407,0.455943,0.331026,0.599650,0.507352,0.616785,0.304718,0.567822,0.560555,0.628492,0.361314,0.571606,0.659518,0.605847,0.505813,0.393934,0.625846,0.488341,0.432504,0.566900,0.437031,0.577050,0.449047,0.586848,0.618107,0.487537,0.678018,0.465161,0.611628,0.474106,0.537526,0.631327,0.359509,0.512140,0.556748,0.649914,0.598031,0.565585,0.480403,0.632490,0.608802,0.444102,0.572098,0.649655,0.608952,0.636312,0.638130,0.643082,0.655706,0.480394,0.560671,0.405554,0.565893,0.590432,0.495704,0.501969,0.488356,0.584533,0.595296,0.338211,0.548157,0.545985,0.433432,0.518878,0.641870,0.662743,0.543849,0.619266,0.635244,0.583949,0.582823,0.632880,0.674745,0.564846,0.377962,0.659560,0.644901,0.580298,0.647468,0.590478,0.692435,0.442966,0.500606,0.514346,0.455756,0.574400,0.307982,0.560615,0.681035,0.443827,0.607929,0.621551,0.591685,0.583811,0.617699,0.591544,0.654716,0.571266,0.515258,0.635553,0.633315,0.710972,0.656428,0.477199,0.638652,0.418388,0.549301,0.549716,0.528819,0.441975,0.639918,0.694901,0.560992,0.626818,0.658155,0.681122,0.609288,0.651815,0.531058,0.585846,0.553891,0.587943,0.477461,0.551460,0.473498,0.591381,0.636057,0.601766,0.542182,0.559551,0.673910,0.492033,0.585551,0.468431,0.660558,0.780505,0.606461,0.693161,0.527617,0.495566,0.685757,0.360260,0.626401,0.705583,0.444844,0.599050,0.621691,0.646192,0.727098,0.679611,0.627871,0.462839,0.592539,0.455224,0.666563,0.411297,0.490094,0.505246,0.548531,0.506575,0.645933,0.518232,0.609454,0.700883,0.657667,0.644375,0.596183,0.548193,0.640810,0.685518,0.576889
0.358583,0.289418,0.536849,0.456181,0.299350,0.500342,0.000000,0.248118,0.565689,0.300339,0.393716,0.412631,0.319866,0.159371,0.313037,0.501044,0.344696,0.205876,0.370959,0.463466,0.569529,0.435608,0.473081,0.468786,0.322884,0.627018,0.466330,0.257847,0.454839,0.670002,0.362180,0.674871,0.497366,0.349620,0.391427,0.410465,0.546387,0.296828,0.397624,0.470605,0.397898,0.360127,0.445547,0.380004,0.436619,0.492298,0.452868,0.692684,0.464615,0.596427,0.658655,0.195008,0.672862,0.358750,0.483756,0.649937,0.538338,0.568446,0.468867,0.548665,0.392393,0.329024,0.527152,0.482500,0.295389,0.349795,0.330115,0.253577,0.653459,0.422319,0.548019,0.600419,0.301177,0.599901,0.271697,0.327237,0.463743,0.358527,0.374663,0.435668,0.503544,0.647780,0.241764,0.419013,0.608202,0.367142,0.632421,0.607577,0.289831,0.583294,0.666565,0.453073,0.636888,0.671983,0.354246,0.501855,0.499231,0.647126,0.483876,0.333195,0.444297,0.493634,0.505034,0.475736,0.592369,0.501352,0.332617,0.562752,0.369329,0.305030,0.549307,0.640055,0.452549,0.575000,0.570055,0.590711,0.577258,0.476049,0.428914,0.650949,0.308179,0.586422,0.337565,0.593747,0.627126,0.321333,0.388729,0.541385,0.478179,0.525676,0.533633,0.497584,0.498767,0.674560,0.312831,0.692278,0.587878,0.659140,0.637375,0.483779,0.458457,0.649302,0.454159,0.402010,0.693298,0.417105,0.572906,0.473885,0.719607,0.503987,0.730925,0.430443,0.445835,0.357149,0.634527,0.640910,0.507094,0.398542,0.654362,0.605477,0.558172,0.667480,0.741301,0.479887,0.442481,0.562051,0.312394,0.573305,0.667386,0.588307,0.392060,0.624917,0.532739,0.544623,0.626156,0.495899,0.699203,0.565411,0.562758,0.458781,0.374078,0.697505,0.388442,0.732926,0.439773,0.594516,0.584038,0.648609,0.664441,0.563680,0.479229,0.670344,0.658312,0.541186,0.657182,0.488384,0.507064,0.436341,0.621361,0.514173,0.632146
0.360887,0.194772,0.444038,0.444695,0.238494,0.425329,0.248118,0.000000,0.494439,0.347090,0.447079,0.378412,0.403324,0.379485,0.240880,0.458592,0.357457,0.412813,0.446006,0.426664,0.507927,0.431799,0.501698,0.466127,0.325279,0.522211,0.451359,0.436176,0.542951,0.597182,0.378174,0.596462,0.430820,0.419072,0.382485,0.465293,0.455511,0.360652,0.431181,0.537900,0.365959,0.361974,0.486893,0.377994,0.461942,0.436485,0.498317,0.587240,0.462358,0.589329,0.606075,0.321681,0.608276,0.379917,0.549009,0.577536,0.578912,0.438551,0.481950,0.513650,0.448100,0.383479,0.442729,0.584889,0.481067,0.576329,0.435837,0.206580,0.612859,0.541370,0.604178,0.542920,0.405704,0.649771,0.319068,0.471814,0.496487,0.409685,0.545058,0.499377,0.534049,0.495746,0.265403,0.416741,0.589059,0.378821,0.610092,0.602576,0.340412,0.541501,0.580764,0.460531,0.597479,0.653717,0.571057,0.511730,0.582575,0.589460,0.484586,0.295505,0.448404,0.498670,0.557925,0.499290,0.513895,0.557334,0.434612,0.592446,0.425689,0.346218,0.547177,0.620872,0.502072,0.645655,0.518325,0.554274,0.500296,0.581054,0.586697,0.583050,0.426134,0.559805,0.361112,0.584669,0.606493,0.391587,0.423090,0.530246,0.555838,0.600346,0.593498,0.602643,0.603536,0.566530,0.490534,0.634846,0.575107,0.676227,0.495930,0.449758,0.504125,0.649844,0.510387,0.521639,0.671232,0.450188,0.529741,0.507557,0.658764,0.519520,0.672649,0.445107,0.469218,0.451321,0.594534,0.611007,0.571759,0.419978,0.606305,0.616863,0.624857,0.664276,0.704428,0.572994,0.472979,0.628214,0.364426,0.626515,0.626663,0.581380,0.471730,0.523969,0.552788,0.624625,0.568271,0.610722,0.633976,0.614067,0.626200,0.571198,0.441796,0.591887,0.470289,0.657430,0.476703,0.567550,0.547743,0.607546,0.633799,0.563571,0.439054,0.677800,0.572452,0.620306,0.654100,0.434325,0.522264,0.494617,0.629884,0.509344,0.637844
0.373175,0.452986,0.444465,0.570329,0.549175,0.545192,0.565689,0.494439,0.000000,0.562176,0.650723,0.531802,0.565160,0.627316,0.607119,0.381397,0.494988,0.616865,0.515388,0.522166,0.559253,0.635803,0.694173,0.756564,0.658172,0.214142,0.560720,0.657419,0.695249,0.570174,0.655282,0.565151,0.509203,0.570342,0.468679,0.582950,0.599280,0.619010,0.707782,0.703214,0.510779,0.599505,0.743630,0.715930,0.668073,0.486196,0.659843,0.600340,0.473718,0.546968,0.535878,0.618509,0.557469,0.694695,0.606543,0.579314,0.656305,0.201209,0.703305,0.501078,0.667507,0.655916,0.571926,0.597177,0.732293,0.738650,0.553480,0.609514,0.504803,0.679481,0.654671,0.471345,0.539047,0.698744,0.625139,0.737868,0.664196,0.697908,0.785984,0.450369,0.494378,0.513677,0.595487,0.633557,0.549833,0.566825,0.585490,0.638325,0.587934,0.531617,0.596854,0.490001,0.564630,0.521552,0.718097,0.418651,0.471060,0.703783,0.702999,0.658565,0.670431,0.684119,0.718352,0.479327,0.495034,0.730502,0.674881,0.625334,0.618179,0.599923,0.720890,0.535714,0.465497,0.548654,0.590741,0.480465,0.554690,0.634956,0.674552,0.417708,0.593087,0.629094,0.530606,0.521084,0.614077,0.601805,0.562414,0.666524,0.615856,0.696141,0.664042,0.700403,0.678703,0.509504,0.697109,0.568024,0.615054,0.581341,0.430461,0.439746,0.683915,0.771253,0.640370,0.565684,0.673521,0.639386,0.605352,0.662974,0.644613,0.663418,0.642834,0.580800,0.512967,0.483230,0.529988,0.694333,0.584956,0.611155,0.546107,0.564888,0.717326,0.571520,0.564474,0.644055,0.706603,0.685991,0.641231,0.732753,0.596317,0.538899,0.704105,0.569773,0.606973,0.711148,0.556504,0.626713,0.612700,0.661939,0.658385,0.733305,0.573600,0.580288,0.699293,0.513611,0.721252,0.584048,0.643782,0.581053,0.694020,0.525076,0.667495,0.576981,0.671404,0.751740,0.780675,0.638982,0.717281,0.628226,0.709712,0.595754,0.660999
0.377936,0.373542,0.505466,0.368086,0.209851,0.433811,0.300339,0.347090,0.562176,0.000000,0.404006,0.349196,0.298627,0.345475,0.413889,0.420247,0.200542,0.352075,0.343329,0.330513,0.595831,0.373001,0.509840,0.408358,0.425148,0.524211,0.529251,0.262398,0.567584,0.600238,0.411276,0.635841,0.371703,0.462878,0.345913,0.532652,0.443139,0.306287,0.448535,0.480091,0.327042,0.483361,0.454409,0.457981,0.461429,0.480176,0.558651,0.598320,0.321858,0.551609,0.548928,0.405202,0.600145,0.464699,0.532607,0.609952,0.552780,0.513262,0.491911,0.483370,0.503530,0.474284,0.519037,0.491294,0.384031,0.414422,0.428023,0.391687,0.590567,0.398407,0.447321,0.541057,0.446983,0.655877,0.416914,0.382503,0.459083,0.524556,0.359505,0.396292,0.491358,0.590419,0.391656,0.452551,0.587257,0.439064,0.598042,0.647430,0.384210,0.496880,0.589374,0.491373,0.606207,0.583622,0.404216,0.524200,0.513642,0.575674,0.520028,0.454174,0.417279,0.557065,0.575610,0.484838,0.572339,0.487449,0.513385,0.590621,0.519733,0.458477,0.598792,0.587151,0.448939,0.606515,0.480043,0.565088,0.477052,0.471821,0.497827,0.624876,0.523442,0.630903,0.376262,0.658315,0.619580,0.465979,0.445244,0.618287,0.438586,0.460230,0.527294,0.517193,0.570109,0.598968,0.408233,0.590104,0.579766,0.606771,0.522298,0.432959,0.479842,0.648857,0.462907,0.458387,0.653364,0.502801,0.529009,0.586211,0.626172,0.388157,0.720744,0.559421,0.391085,0.467239,0.595635,0.599169,0.592721,0.490981,0.606185,0.608576,0.417959,0.627865,0.661809,0.480402,0.584929,0.651370,0.535339,0.595726,0.652155,0.599570,0.528451,0.555226,0.574385,0.618578,0.594846,0.536337,0.704921,0.644234,0.608181,0.426802,0.550434,0.620123,0.547950,0.651409,0.569171,0.573396,0.558509,0.630792,0.649399,0.494291,0.495094,0.631528,0.558389,0.464585,0.689385,0.543838,0.500744,0.599059,0.645756,0.574546,0.631646
0.382865,0.427798,0.540261,0.369095,0.408276,0.491421,0.393716,0.447079,0.650723,0.404006,0.000000,0.485310,0.476648,0.408844,0.342222,0.565819,0.507025,0.408804,0.478249,0.517019,0.601701,0.453436,0.378026,0.380697,0.299829,0.622708,0.560629,0.363589,0.595701,0.692366,0.440411,0.622850,0.520946,0.537237,0.529039,0.558171,0.492438,0.424229,0.355283,0.488972,0.493185,0.616158,0.401618,0.349220,0.210087,0.535661,0.411680,0.674145,0.556004,0.603633,0.547371,0.451828,0.710040,0.391964,0.538813,0.679530,0.644272,0.613214,0.536464,0.566336,0.394617,0.462401,0.611801,0.577371,0.475809,0.529809,0.525858,0.491529,0.560741,0.566624,0.590815,0.593683,0.536812,0.661431,0.504441,0.391399,0.607418,0.502176,0.407591,0.531516,0.559745,0.678701,0.498283,0.537868,0.542573,0.498225,0.624771,0.526208,0.536653,0.552751,0.631385,0.601692,0.599399,0.554595,0.516170,0.659760,0.539310,0.675273,0.468535,0.453065,0.561078,0.428412,0.638139,0.552271,0.651385,0.624492,0.471411,0.494577,0.568916,0.478357,0.454854,0.560556,0.572428,0.602810,0.571482,0.612195,0.539830,0.530859,0.544826,0.622423,0.564439,0.697421,0.532287,0.642048,0.611241,0.543284,0.627170,0.697813,0.465181,0.596035,0.403504,0.618538,0.605415,0.577928,0.496561,0.564484,0.598238,0.589377,0.687135,0.591862,0.414178,0.644934,0.464337,0.508866,0.635231,0.579681,0.574349,0.405479,0.577673,0.544372,0.710662,0.580694,0.548897,0.537333,0.562984,0.504803,0.544729,0.589079,0.599236,0.586189,0.611319,0.646719,0.600553,0.524062,0.573379,0.676235,0.581521,0.603806,0.645471,0.606826,0.545373,0.599200,0.645228,0.520949,0.563078,0.696359,0.704921,0.702940,0.673873,0.557647,0.527968,0.552650,0.439406,0.669595,0.465637,0.611007,0.631441,0.574280,0.573033,0.585370,0.594022,0.623599,0.670029,0.604962,0.708387,0.524686,0.565702,0.434835,0.528455,0.619693,0.474942
0.384881,0.331777,0.478630,0.400561,0.365296,0.418077,0.412631,0.378412,0.531802,0.349196,0.485310,0.000000,0.496644,0.473711,0.465569,0.530299,0.388496,0.510448,0.371272,0.373739,0.613451,0.425206,0.569264,0.429407,0.515468,0.468590,0.605438,0.429474,0.666979,0.455644,0.496745,0.494718,0.404637,0.477939,0.480852,0.551537,0.402127,0.509914,0.509380,0.474707,0.358729,0.380342,0.551210,0.510025,0.508395,0.374394,0.561712,0.476340,0.494331,0.559276,0.485663,0.532720,0.460450,0.550459,0.579989,0.585550,0.586125,0.487472,0.580026,0.443184,0.542772,0.529765,0.323689,0.548333,0.568158,0.550532,0.577819,0.476511,0.509570,0.596255,0.556694,0.467573,0.564596,0.634135,0.508200,0.524748,0.544243,0.640820,0.508774,0.460363,0.571593,0.476538,0.463294,0.376179,0.493025,0.462926,0.500630,0.562003,0.536923,0.424457,0.595284,0.567434,0.495591,0.532735,0.573838,0.567692,0.565215,0.609463,0.534208,0.515741,0.511377,0.503895,0.608120,0.573525,0.396905,0.666831,0.575594,0.586422,0.605208,0.522335,0.637396,0.516990,0.452584,0.527389,0.407235,0.551344,0.459939,0.542416,0.636827,0.564766,0.597397,0.682777,0.515191,0.623770,0.542673,0.489955,0.610730,0.446517,0.431521,0.562490,0.540339,0.620234,0.605038,0.481146,0.585966,0.475685,0.582160,0.517850,0.504373,0.432785,0.580542,0.578131,0.545039,0.580200,0.628873,0.658724,0.591220,0.570558,0.560686,0.410440,0.706338,0.590015,0.445848,0.559932,0.531779,0.552575,0.602973,0.541703,0.511880,0.488218,0.580392,0.487629,0.600110,0.487615,0.673469,0.660077,0.574804,0.659573,0.581685,0.495432,0.613338,0.465342,0.559672,0.630323,0.561388,0.591220,0.560119,0.613036,0.713523,0.648625,0.549444,0.590090,0.562446,0.582437,0.556473,0.462875,0.523019,0.512880,0.610605,0.455903,0.616119,0.549293,0.687256,0.604553,0.626102,0.608756,0.666262,0.591791,0.613502,0.535048,0.609862
0.387544,0.479724,0.541636,0.441802,0.328341,0.528901,0.319866,0.403324,0.565160,0.298627,0.476648,0.496644,0.000000,0.361356,0.374159,0.468022,0.377854,0.363855,0.508073,0.484103,0.581095,0.464058,0.523034,0.498464,0.391805,0.568955,0.519522,0.342775,0.420329,0.639638,0.386839,0.602791,0.543775,0.449745,0.477869,0.475805,0.594503,0.294069,0.417981,0.383159,0.504941,0.484393,0.496414,0.364044,0.500894,0.598160,0.417976,0.682769,0.538555,0.569013,0.609151,0.340438,0.681041,0.414856,0.452864,0.645980,0.314145,0.561706,0.437827,0.538020,0.488498,0.476276,0.558529,0.492063,0.453717,0.419450,0.269913,0.394504,0.604437,0.215439,0.364629,0.601969,0.300276,0.504034,0.442852,0.418447,0.415293,0.425942,0.374598,0.402712,0.414818,0.638648,0.414546,0.454174,0.626994,0.589194,0.647399,0.640758,0.284368,0.688278,0.604407,0.572654,0.649695,0.637018,0.383611,0.451713,0.452994,0.531161,0.555517,0.478270,0.350374,0.508445,0.426630,0.518750,0.661491,0.290141,0.441219,0.620486,0.393986,0.424881,0.465834,0.620574,0.501745,0.631826,0.638348,0.623763,0.670141,0.458368,0.468464,0.653773,0.434416,0.593509,0.393114,0.572853,0.554866,0.493773,0.423964,0.615098,0.589418,0.419370,0.554195,0.301691,0.450520,0.643067,0.417051,0.670282,0.610763,0.650215,0.678592,0.473219,0.484448,0.513795,0.531625,0.431242,0.517385,0.365990,0.466214,0.581876,0.638262,0.467133,0.751435,0.558073,0.510538,0.379924,0.592104,0.552793,0.611291,0.394423,0.668012,0.604671,0.353285,0.677915,0.739747,0.571669,0.505233,0.413796,0.481076,0.521817,0.622674,0.671438,0.510983,0.665093,0.575190,0.468079,0.650898,0.398896,0.730959,0.537938,0.462851,0.298491,0.537540,0.677856,0.510836,0.686886,0.466763,0.649317,0.694248,0.604952,0.680686,0.553414,0.378063,0.669910,0.414544,0.392667,0.570353,0.518566,0.519162,0.605621,0.606548,0.535871,0.635653
0.388254,0.403065,0.552375,0.447842,0.374542,0.549170,0.159371,0.379485,0.627316,0.345475,0.408844,0.473711,0.361356,0.000000,0.333377,0.580402,0.431217,0.190464,0.407342,0.533434,0.588123,0.452968,0.425638,0.402870,0.356624,0.681687,0.524332,0.194713,0.456593,0.677715,0.410448,0.646994,0.559608,0.363113,0.504121,0.420098,0.560978,0.370777,0.417334,0.503314,0.437409,0.427174,0.375887,0.403919,0.454819,0.547455,0.457310,0.673650,0.588754,0.590050,0.671344,0.244381,0.713126,0.385574,0.595021,0.669745,0.566988,0.637830,0.477173,0.601265,0.430701,0.415358,0.614013,0.483532,0.315311,0.321545,0.476373,0.387409,0.672064,0.463734,0.523768,0.630513,0.421315,0.629588,0.403757,0.291526,0.483352,0.402275,0.273704,0.517751,0.555917,0.693684,0.373086,0.497690,0.641521,0.467591,0.662046,0.619197,0.394644,0.681379,0.697525,0.542584,0.671000,0.680059,0.328137,0.565970,0.591628,0.651872,0.487204,0.434453,0.489810,0.538733,0.569111,0.555727,0.652774,0.570636,0.376380,0.612287,0.468062,0.398470,0.545418,0.672732,0.558289,0.600321,0.614271,0.556750,0.659429,0.476718,0.391048,0.715535,0.415093,0.626538,0.489608,0.614293,0.655475,0.401026,0.481327,0.592849,0.511791,0.535629,0.499288,0.510549,0.539045,0.684915,0.343887,0.720905,0.638238,0.695952,0.688358,0.593957,0.420453,0.695442,0.448640,0.453357,0.723039,0.474071,0.599075,0.512386,0.740954,0.523690,0.722075,0.504167,0.508839,0.472549,0.674858,0.631155,0.597101,0.486508,0.697161,0.642140,0.558236,0.693647,0.739642,0.488959,0.493486,0.604835,0.438943,0.564579,0.703702,0.653041,0.431255,0.636574,0.606477,0.553248,0.646682,0.586460,0.677930,0.600593,0.596533,0.513940,0.455884,0.748191,0.456828,0.747273,0.540411,0.641811,0.647164,0.685897,0.702241,0.659953,0.529591,0.709894,0.710229,0.572551,0.697352,0.484025,0.552263,0.536111,0.648499,0.525288,0.641539
0.403541,0.371945,0.506807,0.419243,0.312109,0.465085,0.313037,0.240880,0.607119,0.413889,0.342222,0.465569,0.374159,0.333377,0.000000,0.559507,0.445316,0.358084,0.525034,0.541798,0.504048,0.434507,0.268372,0.413198,0.256063,0.606376,0.463853,0.410967,0.507092,0.670909,0.399422,0.560142,0.522825,0.404330,0.514470,0.462807,0.510352,0.361314,0.315797,0.504265,0.450258,0.447568,0.377290,0.307531,0.405232,0.557195,0.370534,0.665308,0.564691,0.625631,0.645826,0.304102,0.692557,0.339199,0.529489,0.601672,0.565189,0.532347,0.484459,0.518051,0.338740,0.421617,0.564854,0.555870,0.425041,0.517629,0.453441,0.344804,0.679661,0.546520,0.568769,0.633811,0.425846,0.567400,0.426264,0.371699,0.470457,0.391542,0.468499,0.540549,0.539409,0.610916,0.362101,0.502564,0.625873,0.489154,0.691192,0.601261,0.397671,0.651213,0.590455,0.540654,0.654228,0.676580,0.516091,0.536000,0.618130,0.579902,0.427742,0.346503,0.449401,0.419941,0.556148,0.548832,0.629181,0.566389,0.374176,0.534779,0.458976,0.360884,0.478659,0.708758,0.563398,0.642963,0.575505,0.583398,0.591455,0.572499,0.492059,0.622602,0.439045,0.546675,0.476467,0.568904,0.585641,0.455480,0.462784,0.608346,0.575642,0.578044,0.506224,0.559969,0.565898,0.592591,0.483343,0.663678,0.568079,0.676077,0.539577,0.497940,0.408365,0.636766,0.474462,0.501028,0.642134,0.440896,0.515898,0.412507,0.619744,0.532492,0.663756,0.465375,0.533320,0.480775,0.639793,0.550697,0.611138,0.429306,0.599502,0.668410,0.602955,0.672527,0.715463,0.588663,0.441728,0.602762,0.448940,0.608313,0.710100,0.625182,0.465894,0.587990,0.587485,0.492752,0.549820,0.686954,0.638984,0.579113,0.595793,0.542702,0.457234,0.573873,0.423795,0.702394,0.428464,0.636406,0.655567,0.665201,0.580281,0.616994,0.419479,0.726745,0.599506,0.617843,0.629203,0.393274,0.502651,0.481867,0.492802,0.489615,0.581679
0.408649,0.471853,0.498323,0.500502,0.429119,0.498103,0.501044,0.458592,0.381397,0.420247,0.565819,0.530299,0.468022,0.580402,0.559507,0.000000,0.400339,0.597962,0.508453,0.416673,0.457445,0.542262,0.601783,0.617920,0.550475,0.367183,0.402944,0.600072,0.709789,0.550408,0.549112,0.553508,0.456148,0.548774,0.399950,0.588360,0.524795,0.465963,0.588636,0.609051,0.526273,0.651159,0.617781,0.582679,0.593521,0.578413,0.654080,0.538102,0.364627,0.516097,0.495901,0.603672,0.593325,0.568932,0.534159,0.478874,0.639330,0.440002,0.590145,0.588099,0.572573,0.646639,0.555178,0.562444,0.621835,0.687944,0.466858,0.577901,0.457976,0.511671,0.560610,0.445255,0.512980,0.631444,0.595896,0.631633,0.565702,0.602578,0.638011,0.388903,0.470166,0.485529,0.567189,0.630497,0.624261,0.616450,0.524419,0.664535,0.527140,0.542454,0.480302,0.518131,0.532204,0.545919,0.696797,0.369334,0.446786,0.684518,0.630010,0.632214,0.539613,0.629024,0.632368,0.417461,0.493099,0.534901,0.633218,0.566528,0.554245,0.566407,0.687964,0.509209,0.521683,0.545749,0.626646,0.438979,0.562128,0.558435,0.670334,0.520264,0.598655,0.569155,0.402974,0.408675,0.644218,0.611891,0.477855,0.750468,0.609843,0.586246,0.610652,0.621961,0.553958,0.496711,0.647544,0.572627,0.586723,0.606834,0.538446,0.507176,0.657128,0.690464,0.655747,0.504058,0.661593,0.541488,0.509724,0.637410,0.585926,0.584146,0.530497,0.530890,0.511573,0.452159,0.582361,0.636714,0.546216,0.562508,0.605687,0.633092,0.556906,0.558606,0.558810,0.559115,0.576555,0.647393,0.623903,0.651409,0.528962,0.609687,0.605833,0.604370,0.544411,0.682013,0.575012,0.478445,0.751578,0.767435,0.565043,0.492256,0.588529,0.541522,0.659755,0.537677,0.631278,0.590107,0.742841,0.618484,0.577022,0.465618,0.519016,0.552145,0.511758,0.574219,0.660366,0.624480,0.549049,0.654503,0.722403,0.543940,0.619439
0.409486,0.367735,0.509573,0.434030,0.327210,0.450317,0.344696,0.357457,0.494988,0.200542,0.507025,0.388496,0.377854,0.431217,0.445316,0.400339,0.000000,0.439401,0.358559,0.349346,0.608067,0.433384,0.595629,0.533470,0.507484,0.489575,0.539499,0.424669,0.636864,0.583384,0.442724,0.561345,0.389814,0.541747,0.261438,0.614763,0.460636,0.340297,0.524063,0.536042,0.319100,0.478569,0.600593,0.518397,0.551432,0.397600,0.613457,0.574720,0.259862,0.496853,0.531101,0.467185,0.582685,0.547309,0.555010,0.623256,0.587744,0.475391,0.520909,0.486654,0.542694,0.529187,0.448314,0.510352,0.513488,0.557313,0.435521,0.430077,0.567700,0.484806,0.464847,0.503245,0.415910,0.630639,0.447583,0.472977,0.500526,0.587790,0.519436,0.378154,0.494584,0.565623,0.400000,0.485668,0.540724,0.384985,0.555942,0.653930,0.326900,0.448864,0.533036,0.384871,0.558716,0.566639,0.544712,0.519784,0.508075,0.563122,0.618680,0.491415,0.417554,0.614885,0.591063,0.432144,0.501447,0.614763,0.522730,0.564487,0.453655,0.480174,0.646360,0.547477,0.359348,0.562512,0.434694,0.598543,0.471235,0.531517,0.569828,0.592232,0.451336,0.619133,0.316074,0.571752,0.603539,0.437904,0.366453,0.581057,0.500341,0.482015,0.582842,0.503450,0.544560,0.623026,0.467962,0.582931,0.523530,0.631231,0.505018,0.371688,0.597987,0.623145,0.446355,0.475166,0.600025,0.584848,0.555155,0.581300,0.585601,0.524657,0.702412,0.426060,0.338409,0.428995,0.535674,0.616601,0.574174,0.443347,0.570965,0.569889,0.464404,0.541533,0.655119,0.469182,0.620945,0.652730,0.503465,0.625891,0.596678,0.559596,0.529171,0.526612,0.533998,0.650577,0.571484,0.533084,0.690451,0.681661,0.572952,0.508014,0.465244,0.623690,0.559423,0.631489,0.557548,0.555877,0.519537,0.584908,0.641063,0.461460,0.531922,0.577114,0.643710,0.499255,0.638096,0.602276,0.527107,0.601068,0.633572,0.629983,0.647803
0.411766,0.428751,0.592536,0.517554,0.397811,0.554756,0.205876,0.412813,0.616865,0.352075,0.408804,0.510448,0.363855,0.190464,0.358084,0.597962,0.439401,0.000000,0.424657,0.587961,0.607635,0.483376,0.427289,0.485839,0.350555,0.666606,0.525689,0.220150,0.410663,0.736097,0.421739,0.703674,0.607954,0.331538,0.513936,0.416491,0.626559,0.402040,0.446585,0.524468,0.473729,0.472302,0.453905,0.421645,0.479068,0.608906,0.462074,0.744206,0.572771,0.658344,0.683917,0.136092,0.731907,0.406296,0.487986,0.657970,0.552272,0.621995,0.573497,0.578875,0.401395,0.435318,0.629275,0.461767,0.303054,0.256368,0.408094,0.432934,0.679851,0.450592,0.507185,0.669243,0.381315,0.599254,0.454594,0.304941,0.525435,0.362592,0.336356,0.508549,0.554366,0.739615,0.452604,0.517550,0.646547,0.525778,0.714870,0.649579,0.427578,0.682761,0.710381,0.583099,0.736315,0.713494,0.244576,0.574581,0.557036,0.684021,0.514779,0.432449,0.464014,0.549980,0.548325,0.566729,0.717218,0.547342,0.307735,0.659411,0.498729,0.424695,0.551158,0.695139,0.516264,0.666521,0.636161,0.601769,0.665242,0.434257,0.252987,0.696227,0.445139,0.657962,0.501356,0.660791,0.622931,0.473360,0.501614,0.641482,0.541866,0.511070,0.511297,0.491749,0.524142,0.711591,0.200011,0.733488,0.640013,0.686434,0.690501,0.542676,0.439832,0.703852,0.484373,0.467531,0.679352,0.417836,0.607540,0.498663,0.758522,0.591891,0.725298,0.554266,0.463753,0.490842,0.647386,0.617321,0.531934,0.469348,0.730042,0.618261,0.539727,0.740550,0.741833,0.515471,0.467497,0.601360,0.460183,0.664613,0.734888,0.672315,0.434254,0.680206,0.679659,0.572836,0.649528,0.579860,0.742671,0.602735,0.578681,0.546665,0.474103,0.749964,0.391431,0.753463,0.498752,0.703681,0.706774,0.661572,0.752795,0.629865,0.538418,0.764262,0.682586,0.540323,0.690281,0.521489,0.600887,0.521261,0.654674,0.568444,0.661953
0.413113,0.318776,0.576786,0.416798,0.476137,0.394682,0.370959,0.446006,0.515388,0.343329,0.478249,0.371272,0.508073,0.407342,0.525034,0.508453,0.358559,0.424657,0.000000,0.429761,0.582748,0.472681,0.546476,0.497694,0.540993,0.476424,0.560452,0.317779,0.656472,0.588929,0.534857,0.600144,0.404327,0.552384,0.410798,0.606555,0.372997,0.512956,0.533868,0.604901,0.141869,0.539768,0.593827,0.576137,0.507438,0.354435,0.627615,0.596709,0.389055,0.509747,0.477238,0.504504,0.603279,0.529130,0.563770,0.611542,0.673593,0.468092,0.608299,0.496820,0.510987,0.522823,0.458835,0.470358,0.541175,0.559223,0.539433,0.580420,0.507302,0.615505,0.540501,0.475807,0.533329,0.709354,0.590808,0.468926,0.582168,0.633155,0.475062,0.456125,0.559760,0.586366,0.557818,0.572261,0.462586,0.486855,0.463940,0.604725,0.573633,0.332781,0.650865,0.457585,0.511286,0.524269,0.537586,0.651277,0.479311,0.698777,0.617336,0.511116,0.599544,0.607060,0.737712,0.501171,0.452449,0.719958,0.581161,0.562275,0.675144,0.527792,0.690807,0.455057,0.351301,0.395759,0.453439,0.527315,0.336127,0.486076,0.615915,0.518571,0.556643,0.609728,0.547692,0.671185,0.642546,0.598573,0.610477,0.581395,0.391150,0.622280,0.543589,0.708580,0.698696,0.555240,0.505120,0.539923,0.533059,0.613178,0.528303,0.416673,0.571477,0.778730,0.383232,0.548301,0.691625,0.618810,0.659980,0.598701,0.590199,0.596471,0.598238,0.544305,0.286812,0.496347,0.513158,0.574687,0.586225,0.578166,0.558544,0.491708,0.628054,0.541469,0.616394,0.285663,0.698824,0.763543,0.656780,0.616356,0.516352,0.511885,0.665987,0.481243,0.617362,0.734162,0.536533,0.614527,0.714705,0.678158,0.680640,0.663218,0.541180,0.529775,0.573434,0.529392,0.671389,0.421918,0.597007,0.505529,0.625618,0.399655,0.706515,0.523560,0.723031,0.677726,0.705703,0.697970,0.601699,0.596255,0.643131,0.682913,0.558891
0.415365,0.398600,0.490968,0.361153,0.392512,0.376980,0.463466,0.426664,0.522166,0.330513,0.517019,0.373739,0.484103,0.533434,0.541798,0.416673,0.349346,0.587961,0.429761,0.000000,0.627812,0.394270,0.597252,0.473801,0.538975,0.463113,0.572160,0.492029,0.724183,0.493227,0.521726,0.541133,0.050339,0.584040,0.478158,0.616050,0.376752,0.459870,0.540823,0.555089,0.404372,0.530523,0.585513,0.522727,0.530476,0.449764,0.600532,0.523801,0.403039,0.478818,0.507318,0.583060,0.530203,0.593973,0.651368,0.549829,0.675373,0.471915,0.492280,0.507408,0.604228,0.578953,0.355174,0.592990,0.580425,0.640701,0.571742,0.475655,0.533898,0.553582,0.595570,0.500815,0.587903,0.681656,0.494015,0.546771,0.591625,0.664084,0.585933,0.460535,0.551621,0.421634,0.434854,0.479312,0.576010,0.532653,0.433451,0.595134,0.532724,0.288117,0.560457,0.550701,0.462442,0.498999,0.627893,0.551458,0.547925,0.632848,0.579066,0.567369,0.567213,0.619152,0.681944,0.524845,0.388538,0.596967,0.653493,0.621793,0.602248,0.539451,0.684869,0.471124,0.476313,0.520941,0.536074,0.584818,0.321398,0.598965,0.714430,0.514493,0.612734,0.719509,0.439815,0.563241,0.648813,0.560440,0.604245,0.590170,0.504665,0.604002,0.606238,0.615094,0.639170,0.554406,0.639961,0.484060,0.619936,0.613125,0.553209,0.464648,0.663980,0.648321,0.573544,0.609409,0.661064,0.678994,0.571307,0.619892,0.564414,0.416168,0.676872,0.557984,0.487053,0.517448,0.559567,0.628033,0.646960,0.606475,0.593431,0.597331,0.589667,0.505756,0.600904,0.527186,0.659512,0.684564,0.549514,0.555188,0.523832,0.546589,0.598023,0.395914,0.583674,0.662617,0.548862,0.551815,0.593306,0.676961,0.679915,0.580949,0.602596,0.578602,0.680568,0.548396,0.605119,0.401453,0.604310,0.607625,0.653296,0.446799,0.592031,0.516114,0.562849,0.605099,0.712712,0.610207,0.587691,0.646998,0.659327,0.636269,0.651235
0.416283,0.539406,0.644306,0.644569,0.546969,0.521622,0.569529,0.507927,0.559253,0.595831,0.601701,0.613451,0.581095,0.588123,0.504048,0.457445,0.608067,0.607635,0.582748,0.627812,0.000000,0.595516,0.536246,0.637490,0.540676,0.568170,0.321936,0.651135,0.603974,0.466808,0.585733,0.498019,0.582380,0.528502,0.583782,0.561429,0.628599,0.583694,0.602776,0.736580,0.588199,0.628674,0.648340,0.593260,0.574513,0.624894,0.587606,0.431717,0.603477,0.710702,0.562900,0.592616,0.545845,0.560397,0.609935,0.357321,0.670386,0.581264,0.705338,0.634257,0.554697,0.717817,0.650383,0.602031,0.641550,0.655362,0.627398,0.628154,0.566548,0.639233,0.612519,0.593065,0.608401,0.730609,0.654564,0.685732,0.683118,0.555614,0.672759,0.660979,0.491191,0.461670,0.642141,0.670204,0.694141,0.642781,0.723423,0.561196,0.652137,0.689987,0.595707,0.631420,0.686757,0.724997,0.687446,0.501112,0.690880,0.619605,0.589457,0.691230,0.631603,0.620528,0.666175,0.621109,0.576534,0.717783,0.626291,0.483443,0.634017,0.630813,0.588253,0.719728,0.631183,0.649561,0.747686,0.514614,0.664808,0.617397,0.655582,0.671712,0.602021,0.296015,0.607171,0.505064,0.618366,0.615092,0.600756,0.720499,0.734855,0.688639,0.684393,0.677064,0.647584,0.521947,0.700314,0.647174,0.623312,0.705493,0.558223,0.598240,0.636126,0.733561,0.709801,0.620972,0.696120,0.572240,0.682521,0.557480,0.567743,0.700173,0.223544,0.565570,0.584397,0.631424,0.643556,0.594558,0.642002,0.624873,0.568765,0.679721,0.652985,0.690747,0.744211,0.640043,0.559628,0.743796,0.671546,0.779780,0.748918,0.632722,0.572627,0.621100,0.609762,0.633560,0.587525,0.771058,0.628044,0.739553,0.562705,0.659488,0.613190,0.450799,0.654993,0.709144,0.690609,0.659011,0.677989,0.688187,0.474994,0.673043,0.583984,0.750138,0.676797,0.693302,0.661179,0.550043,0.606962,0.567900,0.680136,0.528783,0.471858
0.420885,0.408293,0.555415,0.338615,0.442156,0.480532,0.435608,0.431799,0.635803,0.373001,0.453436,0.425206,0.464058,0.452968,0.434507,0.542262,0.433384,0.483376,0.472681,0.394270,0.595516,0.000000,0.463496,0.445094,0.437984,0.623235,0.584307,0.468888,0.596963,0.614859,0.421914,0.576596,0.423222,0.532230,0.459672,0.606770,0.417961,0.496525,0.382202,0.479550,0.490521,0.520598,0.496733,0.450898,0.480334,0.562305,0.528349,0.609446,0.468128,0.597508,0.535097,0.497374,0.644177,0.494353,0.581470,0.613055,0.552665,0.598653,0.593679,0.573298,0.500086,0.515737,0.490299,0.542235,0.601899,0.611209,0.548923,0.521415,0.561210,0.552403,0.511780,0.590333,0.534524,0.576153,0.556852,0.489427,0.594070,0.568649,0.519590,0.550170,0.526741,0.575205,0.518909,0.538850,0.611342,0.547910,0.542158,0.570365,0.522579,0.483322,0.589675,0.603813,0.599031,0.602169,0.609243,0.632140,0.598160,0.650798,0.382903,0.519381,0.486360,0.481242,0.567794,0.613184,0.561440,0.629952,0.546925,0.596221,0.563671,0.517014,0.586518,0.593573,0.557853,0.577713,0.493002,0.662885,0.504064,0.548755,0.575482,0.653127,0.575681,0.658943,0.518648,0.600733,0.599315,0.555197,0.633242,0.613713,0.525129,0.509054,0.627515,0.583063,0.574793,0.582766,0.568746,0.594559,0.604948,0.688197,0.607848,0.561358,0.631607,0.635710,0.557133,0.597667,0.636278,0.545431,0.551804,0.540486,0.601144,0.588021,0.691984,0.529610,0.545550,0.575759,0.650675,0.590968,0.676286,0.572672,0.672394,0.571189,0.537995,0.617460,0.690179,0.556165,0.594230,0.626195,0.580452,0.673778,0.630921,0.565436,0.565157,0.527064,0.615568,0.598446,0.565902,0.566541,0.638725,0.649896,0.633476,0.586834,0.550219,0.575044,0.580479,0.646245,0.500173,0.507070,0.644891,0.625518,0.616830,0.552492,0.521390,0.630092,0.598608,0.552142,0.639388,0.603434,0.603625,0.614240,0.561055,0.613355,0.643016
