0.000000,0.312139,0.331290,0.340907,0.342018,0.344847,0.345622,0.352354,0.352557,0.362616,0.380909,0.388025,0.393442,0.393719,0.403714,0.407456,0.409134,0.412332,0.413441,0.417065,0.418880,0.419775,0.425089,0.429859,0.430152,0.433112,0.433306,0.435796,0.439518,0.439705,0.440445,0.445192,0.445240,0.447504,0.447800,0.447957,0.450683,0.458926,0.459303,0.460470,0.463136,0.464055,0.464817,0.466832,0.466931,0.467894,0.468366,0.470084,0.470556,0.470977,0.471176,0.471411,0.471872,0.472256,0.472307,0.474502,0.475814,0.475816,0.476503,0.477342,0.478282,0.478444,0.479538,0.480643,0.482747,0.484156,0.484202,0.484474,0.486542,0.487651,0.489777,0.490919,0.491532,0.491793,0.492565,0.492666,0.494781,0.495044,0.495510,0.496665,0.497335,0.498956,0.501026,0.501126,0.502244,0.503134,0.504209,0.505771,0.506489,0.506705,0.506972,0.507116,0.508697,0.509019,0.511067,0.511317,0.511433,0.511816,0.512254,0.513132,0.516389
0.312139,0.000000,0.288742,0.170130,0.472554,0.319682,0.361437,0.338757,0.174149,0.348697,0.229701,0.282915,0.399395,0.229797,0.429177,0.359920,0.263603,0.364792,0.396048,0.326115,0.428598,0.336240,0.592376,0.389173,0.324526,0.350309,0.630099,0.476462,0.387271,0.322190,0.351690,0.516335,0.485912,0.315539,0.482771,0.385988,0.327011,0.590950,0.674862,0.269834,0.365366,0.447213,0.334813,0.399483,0.180067,0.330283,0.496138,0.595328,0.313877,0.374023,0.276931,0.424235,0.199021,0.373651,0.415166,0.298367,0.412922,0.526824,0.360099,0.291971,0.531595,0.343160,0.436690,0.500168,0.447566,0.298939,0.447741,0.345829,0.355011,0.555071,0.402505,0.409113,0.503382,0.547752,0.447215,0.518103,0.461511,0.557327,0.364990,0.404344,0.442724,0.490416,0.516457,0.401096,0.390685,0.352779,0.497342,0.335322,0.581811,0.512866,0.365607,0.501128,0.425069,0.531677,0.468084,0.403116,0.374775,0.481846,0.478619,0.434682,0.487977
0.331290,0.288742,0.000000,0.317009,0.493690,0.407561,0.356091,0.376611,0.322058,0.441275,0.272883,0.228054,0.441233,0.311020,0.520663,0.386654,0.265983,0.354142,0.398974,0.405617,0.281347,0.313017,0.563723,0.375024,0.328235,0.471858,0.644565,0.611762,0.428068,0.336699,0.388040,0.435228,0.544710,0.337824,0.499310,0.470963,0.374689,0.570285,0.711617,0.482166,0.399922,0.466342,0.543730,0.485962,0.434494,0.546666,0.464948,0.406912,0.379572,0.471921,0.431775,0.435827,0.353226,0.537303,0.486620,0.476022,0.359710,0.618075,0.545117,0.472073,0.598363,0.343129,0.396846,0.458390,0.403366,0.368879,0.486579,0.358933,0.344648,0.594240,0.396538,0.426224,0.481154,0.520774,0.369507,0.584729,0.514988,0.591035,0.334583,0.499470,0.473383,0.541598,0.659475,0.510854,0.584875,0.472062,0.410518,0.331974,0.561901,0.526741,0.580546,0.488656,0.480355,0.529436,0.505121,0.548084,0.529965,0.480765,0.646696,0.424321,0.470652
0.340907,0.170130,0.317009,0.000000,0.405282,0.343808,0.330103,0.335023,0.084999,0.410571,0.235829,0.341909,0.437257,0.242126,0.372984,0.312367,0.304616,0.333860,0.349384,0.281608,0.375251,0.313587,0.638076,0.388076,0.279545,0.379427,0.622396,0.521509,0.426725,0.319117,0.371538,0.537929,0.484031,0.352080,0.446270,0.380311,0.282960,0.634971,0.611158,0.305909,0.369986,0.379289,0.447260,0.299618,0.251747,0.371708,0.455534,0.544014,0.318774,0.307561,0.378232,0.368174,0.232817,0.464566,0.420649,0.304877,0.345933,0.522225,0.441829,0.283922,0.456589,0.448102,0.361378,0.485429,0.406366,0.291830,0.370559,0.336605,0.361839,0.482090,0.329267,0.355091,0.424542,0.493517,0.425963,0.472383,0.399438,0.504955,0.362905,0.372168,0.449794,0.380340,0.536820,0.303952,0.381307,0.352158,0.455601,0.351827,0.523018,0.491264,0.432709,0.432916,0.401857,0.497427,0.444119,0.370566,0.300275,0.438263,0.497627,0.373533,0.504493
0.342018,0.472554,0.493690,0.405282,0.000000,0.461089,0.202122,0.487436,0.394006,0.451692,0.414942,0.455727,0.496505,0.385368,0.351267,0.384579,0.547356,0.459137,0.320405,0.513490,0.519052,0.428256,0.523154,0.494754,0.445352,0.491664,0.400397,0.612361,0.495041,0.501365,0.518667,0.565016,0.482316,0.539355,0.417765,0.513058,0.468618,0.690030,0.379180,0.546907,0.470911,0.421647,0.587864,0.463626,0.549403,0.573480,0.442964,0.594940,0.447844,0.425629,0.652976,0.406573,0.546003,0.605706,0.529207,0.569793,0.461375,0.543242,0.593550,0.482807,0.303056,0.618973,0.517696,0.492153,0.562837,0.522628,0.385301,0.461826,0.544608,0.249677,0.498495,0.416071,0.422985,0.527437,0.596752,0.448194,0.409758,0.459821,0.471627,0.499063,0.593189,0.628597,0.629171,0.575276,0.619305,0.670974,0.497799,0.565974,0.466299,0.534508,0.684132,0.460459,0.526212,0.492411,0.384379,0.660981,0.573932,0.453150,0.619122,0.437341,0.641961
0.344847,0.319682,0.407561,0.343808,0.461089,0.000000,0.422860,0.162561,0.274364,0.314930,0.394924,0.371201,0.350124,0.364588,0.508876,0.470277,0.452954,0.423049,0.392771,0.410772,0.480355,0.513438,0.573251,0.372055,0.458423,0.277835,0.660714,0.364816,0.254905,0.496516,0.309905,0.395454,0.426130,0.442291,0.463077,0.303769,0.454204,0.577413,0.666064,0.388939,0.495942,0.519115,0.432143,0.488509,0.429673,0.277437,0.572540,0.510757,0.424707,0.399012,0.520469,0.452249,0.465125,0.454106,0.339758,0.400275,0.456105,0.530176,0.448964,0.360062,0.549131,0.521196,0.455390,0.499820,0.487535,0.444873,0.464785,0.462053,0.471738,0.541599,0.551409,0.554182,0.468892,0.596875,0.489858,0.506341,0.404325,0.608674,0.535764,0.424178,0.466703,0.612356,0.430532,0.563102,0.374510,0.442094,0.561790,0.485031,0.623315,0.569304,0.418529,0.524172,0.431014,0.557072,0.462569,0.547016,0.510507,0.525456,0.448761,0.566511,0.509586
0.345622,0.361437,0.356091,0.330103,0.202122,0.422860,0.000000,0.411657,0.308961,0.439153,0.338418,0.327224,0.470014,0.325063,0.396132,0.386339,0.391038,0.314842,0.264658,0.446101,0.473166,0.353076,0.578511,0.449744,0.321315,0.474355,0.538521,0.621882,0.386476,0.441634,0.393738,0.534054,0.495619,0.386802,0.458709,0.489809,0.361906,0.707034,0.492486,0.484857,0.449908,0.372757,0.508050,0.465589,0.431209,0.557744,0.460274,0.559774,0.296407,0.437536,0.549371,0.394293,0.412525,0.528914,0.486453,0.498520,0.387555,0.539794,0.525791,0.381121,0.401869,0.436633,0.421558,0.461466,0.445017,0.386817,0.421917,0.282235,0.420379,0.294371,0.481510,0.392693,0.384905,0.516979,0.538596,0.494112,0.364788,0.462507,0.336006,0.511707,0.430956,0.575415,0.618924,0.529867,0.594449,0.585842,0.455270,0.447358,0.430323,0.465722,0.620864,0.439355,0.485503,0.497125,0.370943,0.565405,0.521464,0.482097,0.592728,0.386022,0.421016
0.352354,0.338757,0.376611,0.335023,0.487436,0.162561,0.411657,0.000000,0.386397,0.437384,0.459051,0.487941,0.412767,0.455017,0.571042,0.521943,0.479933,0.361068,0.398161,0.457483,0.524545,0.533427,0.585330,0.484820,0.434144,0.406477,0.646324,0.441048,0.293293,0.495233,0.199800,0.508579,0.490359,0.526251,0.492733,0.363225,0.488309,0.580331,0.646694,0.464856,0.523467,0.522137,0.396376,0.542202,0.471108,0.383418,0.624808,0.489484,0.400260,0.449131,0.459565,0.528178,0.496067,0.403545,0.421038,0.429471,0.479707,0.572655,0.381414,0.400807,0.591383,0.482009,0.488367,0.511849,0.513886,0.486593,0.491898,0.403417,0.425572,0.555546,0.624006,0.622214,0.507322,0.645732,0.564103,0.555470,0.444993,0.632410,0.497442,0.474223,0.373435,0.636124,0.523601,0.596219,0.346290,0.447333,0.625257,0.525831,0.708381,0.645408,0.430781,0.487375,0.546139,0.685742,0.460839,0.569879,0.554111,0.596823,0.535113,0.609566,0.428617
0.352557,0.174149,0.322058,0.084999,0.394006,0.274364,0.308961,0.386397,0.000000,0.363754,0.208427,0.276937,0.448932,0.195345,0.371057,0.291640,0.280653,0.313310,0.330189,0.275090,0.386945,0.305482,0.620287,0.377010,0.270454,0.321774,0.682672,0.516048,0.331926,0.345696,0.391077,0.484372,0.464723,0.296396,0.454447,0.381611,0.254684,0.644731,0.665544,0.281558,0.370877,0.408169,0.452946,0.320003,0.232205,0.309205,0.472343,0.587104,0.282605,0.337118,0.401823,0.338090,0.227862,0.470621,0.379210,0.326561,0.353639,0.501997,0.473660,0.267511,0.440301,0.422038,0.375867,0.487426,0.420853,0.263898,0.389301,0.324870,0.363383,0.493622,0.334059,0.336111,0.418133,0.482249,0.408763,0.465436,0.382624,0.489824,0.357013,0.367606,0.432845,0.419995,0.514283,0.353870,0.432626,0.369800,0.446684,0.337347,0.494681,0.441618,0.439194,0.426084,0.348387,0.451878,0.429068,0.399990,0.308609,0.406850,0.466749,0.353326,0.487992
0.362616,0.348697,0.441275,0.410571,0.451692,0.314930,0.439153,0.437384,0.363754,0.000000,0.390272,0.421924,0.124449,0.361188,0.517054,0.460419,0.464425,0.512540,0.416978,0.495036,0.490725,0.492189,0.585167,0.399986,0.506496,0.235039,0.598822,0.409816,0.442697,0.492286,0.494907,0.425836,0.472759,0.419210,0.501131,0.353486,0.491186,0.462938,0.641665,0.427959,0.476999,0.503923,0.398361,0.504717,0.495464,0.401638,0.603558,0.496474,0.498653,0.547324,0.603019,0.544782,0.479031,0.479851,0.386436,0.515529,0.517871,0.536360,0.469780,0.401266,0.527591,0.540708,0.493396,0.573231,0.534730,0.495305,0.513542,0.542027,0.590002,0.522633,0.562103,0.501563,0.533764,0.617468,0.512115,0.483543,0.534065,0.621755,0.560492,0.578532,0.587132,0.633313,0.474811,0.597255,0.537963,0.577050,0.578043,0.563699,0.590389,0.583765,0.579842,0.611120,0.459976,0.612472,0.520523,0.655183,0.584457,0.584065,0.495047,0.560052,0.575820
0.380909,0.229701,0.272883,0.235829,0.414942,0.394924,0.338418,0.459051,0.208427,0.390272,0.000000,0.293511,0.430873,0.042985,0.406966,0.279306,0.295819,0.368278,0.367695,0.355386,0.404430,0.260711,0.598209,0.297895,0.302341,0.365586,0.634106,0.611501,0.456900,0.336791,0.462411,0.437233,0.546042,0.305642,0.425827,0.406052,0.275656,0.637247,0.698126,0.403358,0.344423,0.444627,0.551084,0.397862,0.294951,0.440320,0.468413,0.480463,0.337174,0.328019,0.442871,0.346938,0.246151,0.557091,0.423813,0.425096,0.361492,0.551920,0.554620,0.384102,0.484278,0.434342,0.358342,0.522676,0.392255,0.249124,0.368570,0.355209,0.390460,0.524171,0.335394,0.302444,0.470389,0.505628,0.442118,0.534842,0.429818,0.528342,0.323712,0.366513,0.512582,0.477621,0.642000,0.420187,0.499375,0.481905,0.423727,0.329339,0.519884,0.482958,0.522515,0.468636,0.466548,0.516581,0.458252,0.426579,0.358823,0.424282,0.587790,0.338506,0.531745
0.388025,0.282915,0.228054,0.341909,0.455727,0.371201,0.327224,0.487941,0.276937,0.421924,0.293511,0.000000,0.463039,0.302103,0.484886,0.379388,0.254887,0.426139,0.400734,0.397456,0.325390,0.319014,0.628225,0.376131,0.375946,0.452067,0.692772,0.601602,0.412303,0.406310,0.488351,0.401623,0.494216,0.321494,0.505470,0.487881,0.407093,0.649873,0.731917,0.448707,0.456537,0.512741,0.542069,0.472483,0.410422,0.466089,0.441079,0.539142,0.411480,0.445537,0.500550,0.369664,0.382511,0.559286,0.489600,0.469139,0.396605,0.591613,0.558533,0.466082,0.538283,0.357383,0.470238,0.483809,0.459126,0.348871,0.489667,0.398864,0.436354,0.541097,0.372515,0.417544,0.481538,0.530517,0.399668,0.554374,0.490435,0.550109,0.398533,0.433575,0.554347,0.561186,0.596382,0.522807,0.585988,0.512944,0.439743,0.327016,0.542571,0.496139,0.592829,0.541202,0.459129,0.445010,0.517639,0.548591,0.520603,0.454171,0.573327,0.418087,0.571481
0.393442,0.399395,0.441233,0.437257,0.496505,0.350124,0.470014,0.412767,0.448932,0.124449,0.430873,0.463039,0.000000,0.449059,0.579757,0.514087,0.543047,0.530375,0.457002,0.523110,0.494524,0.542107,0.583435,0.405339,0.527371,0.349349,0.619335,0.427194,0.494318,0.537206,0.503607,0.442356,0.503975,0.497946,0.522727,0.263399,0.547106,0.498460,0.638657,0.545114,0.546655,0.553947,0.474123,0.560898,0.568359,0.474697,0.640373,0.482582,0.522428,0.582762,0.599030,0.581138,0.532659,0.493528,0.410344,0.447930,0.546075,0.546991,0.406196,0.480980,0.580897,0.545907,0.508084,0.587487,0.539977,0.538426,0.546377,0.524977,0.611208,0.562100,0.577888,0.544374,0.548037,0.643226,0.538608,0.565711,0.568452,0.642557,0.587409,0.594558,0.602598,0.687801,0.502905,0.666243,0.554109,0.618355,0.580322,0.592289,0.656645,0.601669,0.611822,0.593339,0.542626,0.693529,0.552197,0.677771,0.646321,0.598901,0.540626,0.590804,0.603873
0.393719,0.229797,0.311020,0.242126,0.385368,0.364588,0.325063,0.455017,0.195345,0.361188,0.042985,0.302103,0.449059,0.000000,0.368952,0.282010,0.272151,0.363685,0.337690,0.350341,0.413791,0.290411,0.587740,0.299808,0.314676,0.313620,0.626575,0.612732,0.419308,0.361470,0.449552,0.439326,0.518821,0.328519,0.415189,0.393653,0.253319,0.628823,0.678355,0.374974,0.321772,0.406012,0.524111,0.366687,0.278613,0.432830,0.482610,0.503015,0.307455,0.315883,0.473355,0.335798,0.267629,0.553146,0.395435,0.429620,0.350930,0.535503,0.551692,0.321922,0.445857,0.458751,0.371555,0.528064,0.401836,0.252704,0.343552,0.363673,0.409610,0.491575,0.345746,0.306349,0.438362,0.504581,0.422924,0.470027,0.394325,0.522150,0.342474,0.350940,0.496127,0.466828,0.633778,0.410606,0.513363,0.482788,0.427340,0.353928,0.484958,0.487994,0.530554,0.451485,0.416044,0.504006,0.430064,0.444286,0.344494,0.431533,0.544645,0.343175,0.528308
0.403714,0.429177,0.520663,0.372984,0.351267,0.508876,0.396132,0.571042,0.371057,0.517054,0.406966,0.484886,0.579757,0.368952,0.000000,0.366152,0.455051,0.496027,0.463186,0.454966,0.569686,0.381792,0.510930,0.495274,0.433555,0.499490,0.558662,0.683857,0.610798,0.499791,0.617717,0.645209,0.508870,0.503867,0.427267,0.525727,0.398774,0.691348,0.421240,0.490559,0.488066,0.394785,0.663345,0.290834,0.420959,0.574310,0.516892,0.671720,0.498235,0.410759,0.588883,0.425373,0.430152,0.675173,0.530968,0.517275,0.473140,0.554155,0.669595,0.454284,0.347209,0.625427,0.563081,0.531616,0.589583,0.453913,0.396026,0.533651,0.562728,0.427625,0.476639,0.412840,0.531273,0.540329,0.589276,0.461400,0.494594,0.433477,0.476245,0.440840,0.623281,0.477141,0.710448,0.423688,0.631461,0.602503,0.616844,0.491000,0.453855,0.628536,0.676879,0.554150,0.517213,0.550323,0.530079,0.571393,0.469738,0.482795,0.651794,0.434607,0.645233
0.407456,0.359920,0.386654,0.312367,0.384579,0.470277,0.386339,0.521943,0.291640,0.460419,0.279306,0.379388,0.514087,0.282010,0.366152,0.000000,0.392974,0.369360,0.390680,0.433894,0.483235,0.374155,0.616732,0.443069,0.304749,0.446476,0.617813,0.624090,0.531050,0.434381,0.543812,0.596838,0.548187,0.453906,0.440438,0.478775,0.311305,0.671946,0.603531,0.448207,0.453410,0.511992,0.604328,0.369583,0.401746,0.525366,0.427959,0.637372,0.416847,0.358191,0.528540,0.330817,0.318530,0.621392,0.509356,0.475510,0.434967,0.589948,0.607179,0.443968,0.453817,0.557587,0.485741,0.503194,0.527793,0.324959,0.352585,0.404299,0.431511,0.497661,0.327805,0.268585,0.515981,0.521986,0.559769,0.531389,0.491111,0.538138,0.361294,0.411664,0.522440,0.468597,0.649159,0.459668,0.586494,0.533343,0.499576,0.430523,0.535746,0.529852,0.581527,0.495712,0.529019,0.482844,0.508635,0.505069,0.453670,0.324038,0.622215,0.276782,0.562953
0.409134,0.263603,0.265983,0.304616,0.547356,0.452954,0.391038,0.479933,0.280653,0.464425,0.295819,0.254887,0.543047,0.272151,0.455051,0.392974,0.000000,0.394118,0.457089,0.373949,0.405863,0.352151,0.609427,0.443367,0.339551,0.467958,0.691763,0.658103,0.473461,0.377820,0.465888,0.543594,0.498808,0.328509,0.538016,0.534855,0.287255,0.623559,0.705840,0.447174,0.374765,0.434229,0.550032,0.409160,0.327276,0.513178,0.513526,0.551763,0.305039,0.454586,0.466761,0.466367,0.348698,0.573985,0.522905,0.501469,0.396498,0.571602,0.580563,0.377343,0.557217,0.360689,0.479217,0.536041,0.470547,0.349006,0.500274,0.397049,0.426286,0.580553,0.460247,0.429769,0.494058,0.549993,0.398132,0.487734,0.496044,0.603343,0.406157,0.478450,0.522172,0.516593,0.669103,0.482646,0.567392,0.484384,0.501324,0.334968,0.510706,0.535992,0.585123,0.547688,0.431876,0.530812,0.509649,0.532100,0.433487,0.534359,0.583672,0.440713,0.499919
0.412332,0.364792,0.354142,0.333860,0.459137,0.423049,0.314842,0.361068,0.313310,0.512540,0.368278,0.426139,0.530375,0.363685,0.496027,0.369360,0.394118,0.000000,0.257386,0.504753,0.539938,0.412727,0.620708,0.549322,0.102577,0.486933,0.610922,0.646826,0.319380,0.415215,0.331905,0.626087,0.571179,0.426282,0.492800,0.484632,0.200806,0.767357,0.665592,0.475095,0.452519,0.501301,0.537971,0.486820,0.380321,0.564980,0.463840,0.640896,0.213325,0.426666,0.533541,0.364724,0.368275,0.561172,0.520368,0.473061,0.402958,0.648009,0.539155,0.407124,0.532231,0.428646,0.510632,0.479652,0.550402,0.385802,0.413839,0.197323,0.204956,0.496976,0.442627,0.390880,0.484545,0.541618,0.611668,0.548441,0.459373,0.575754,0.294075,0.470499,0.254378,0.544740,0.622329,0.498084,0.633048,0.497454,0.610583,0.458451,0.572028,0.537540,0.587592,0.221545,0.468792,0.519720,0.366840,0.522701,0.523286,0.458614,0.609100,0.294731,0.330254
0.413441,0.396048,0.398974,0.349384,0.320405,0.392771,0.264658,0.398161,0.330189,0.416978,0.367695,0.400734,0.457002,0.337690,0.463186,0.390680,0.457089,0.257386,0.000000,0.481147,0.471004,0.432233,0.596893,0.525949,0.326830,0.365937,0.512725,0.600140,0.327612,0.492223,0.328676,0.564789,0.383382,0.473864,0.463522,0.383664,0.374771,0.704891,0.561608,0.459513,0.506469,0.379988,0.549112,0.407884,0.415386,0.517118,0.488604,0.561993,0.295937,0.381733,0.560436,0.353141,0.426703,0.556494,0.393036,0.475434,0.298443,0.602131,0.553328,0.319318,0.377936,0.493618,0.437824,0.514812,0.545504,0.387136,0.370652,0.281205,0.387708,0.358003,0.518399,0.456487,0.319890,0.534733,0.545154,0.371374,0.311912,0.530993,0.335593,0.427165,0.405884,0.543376,0.588156,0.511450,0.586477,0.546218,0.541202,0.479991,0.517577,0.515170,0.612165,0.397304,0.408227,0.536583,0.179305,0.555919,0.468894,0.548957,0.569573,0.423169,0.444835
0.417065,0.326115,0.405617,0.281608,0.513490,0.410772,0.446101,0.457483,0.275090,0.495036,0.355386,0.397456,0.523110,0.350341,0.454966,0.433894,0.373949,0.504753,0.481147,0.000000,0.382483,0.409916,0.681705,0.454894,0.455147,0.416966,0.688416,0.597681,0.519441,0.405800,0.481545,0.505546,0.499697,0.448894,0.544565,0.429825,0.454122,0.687927,0.711506,0.266723,0.442590,0.465794,0.544706,0.315835,0.342288,0.387161,0.500948,0.509054,0.492104,0.393863,0.462310,0.467100,0.357440,0.547232,0.453271,0.274573,0.434538,0.592920,0.542455,0.312304,0.558171,0.530661,0.388402,0.494580,0.411668,0.391804,0.468297,0.496733,0.546921,0.582973,0.397744,0.451301,0.443578,0.538710,0.463142,0.544838,0.416672,0.537259,0.468481,0.417158,0.591408,0.352491,0.620495,0.297184,0.417715,0.352848,0.490875,0.402686,0.551486,0.537371,0.399598,0.569552,0.451393,0.513276,0.526049,0.314506,0.264460,0.492247,0.590057,0.499120,0.618760
0.418880,0.428598,0.281347,0.375251,0.519052,0.480355,0.473166,0.524545,0.386945,0.490725,0.404430,0.325390,0.494524,0.413791,0.569686,0.483235,0.405863,0.539938,0.471004,0.382483,0.000000,0.512858,0.655341,0.376134,0.488334,0.469132,0.645138,0.651135,0.585304,0.454176,0.557974,0.399935,0.581812,0.440170,0.507522,0.471207,0.498203,0.626771,0.723704,0.475569,0.487951,0.532103,0.664815,0.387044,0.527122,0.575763,0.453395,0.379650,0.565101,0.495873,0.554010,0.460803,0.514188,0.673046,0.505086,0.473056,0.306014,0.660877,0.665783,0.484031,0.646380,0.508407,0.348284,0.532480,0.341471,0.466179,0.577711,0.559872,0.576231,0.602789,0.360589,0.480261,0.295642,0.490312,0.182879,0.623334,0.450520,0.650653,0.487970,0.489020,0.646537,0.540279,0.657254,0.506320,0.633275,0.467257,0.262644,0.458783,0.506773,0.569248,0.645321,0.595522,0.405510,0.517848,0.556414,0.571334,0.532749,0.479598,0.675971,0.512477,0.672944
0.419775,0.336240,0.313017,0.313587,0.428256,0.513438,0.353076,0.533427,0.305482,0.492189,0.260711,0.319014,0.542107,0.290411,0.381792,0.374155,0.352151,0.412727,0.432233,0.409916,0.512858,0.000000,0.563106,0.444724,0.367042,0.489801,0.658971,0.666955,0.516813,0.406041,0.531492,0.588588,0.534064,0.417649,0.507190,0.525077,0.374230,0.697666,0.652429,0.441048,0.463033,0.439771,0.595819,0.464844,0.364370,0.534105,0.437873,0.641451,0.410549,0.412059,0.490113,0.397436,0.332504,0.592162,0.526413,0.466568,0.442305,0.540159,0.593295,0.449668,0.420522,0.457615,0.502638,0.453961,0.539814,0.395449,0.382014,0.412952,0.444538,0.493295,0.425788,0.382500,0.539725,0.499263,0.554655,0.524064,0.503767,0.469937,0.398562,0.440006,0.572552,0.485714,0.695330,0.475490,0.562729,0.503603,0.566091,0.376824,0.550098,0.484083,0.552844,0.502311,0.514572,0.460987,0.482137,0.508348,0.429135,0.455393,0.642523,0.391381,0.569306
0.425089,0.592376,0.563723,0.638076,0.523154,0.573251,0.578511,0.585330,0.620287,0.585167,0.598209,0.628225,0.583435,0.587740,0.510930,0.616732,0.609427,0.620708,0.596893,0.681705,0.655341,0.563106,0.000000,0.605309,0.637718,0.630538,0.573108,0.663869,0.611322,0.656076,0.600195,0.592007,0.646521,0.634358,0.676296,0.620211,0.609559,0.600057,0.488671,0.674086,0.654489,0.561118,0.679503,0.672745,0.655724,0.686846,0.693929,0.644961,0.645032,0.636278,0.700285,0.661297,0.676272,0.674587,0.652704,0.670762,0.617768,0.640982,0.663691,0.639814,0.602696,0.629594,0.631374,0.630352,0.602744,0.659500,0.614620,0.686939,0.675305,0.668058,0.722015,0.679411,0.642181,0.667087,0.558165,0.660908,0.667833,0.671665,0.702830,0.669762,0.651393,0.716315,0.715864,0.688487,0.673216,0.753591,0.659267,0.713710,0.692551,0.721255,0.730956,0.657474,0.603546,0.692992,0.705677,0.738362,0.688254,0.648494,0.685218,0.687600,0.665200
0.429859,0.389173,0.375024,0.388076,0.494754,0.372055,0.449744,0.484820,0.377010,0.399986,0.297895,0.376131,0.405339,0.299808,0.495274,0.443069,0.443367,0.549322,0.525949,0.454894,0.376134,0.444724,0.605309,0.000000,0.505780,0.380367,0.651857,0.566788,0.547882,0.440860,0.577613,0.390170,0.548197,0.405053,0.487534,0.407551,0.452144,0.674755,0.707067,0.494582,0.388025,0.538183,0.644763,0.509619,0.460403,0.509350,0.487321,0.447318,0.500257,0.460235,0.628689,0.442468,0.445042,0.651858,0.432818,0.497848,0.428814,0.537273,0.650147,0.500307,0.601171,0.583738,0.352807,0.554954,0.345908,0.377838,0.475564,0.533196,0.583916,0.588124,0.392144,0.443896,0.475696,0.534456,0.378829,0.565144,0.512623,0.617063,0.474486,0.488890,0.675702,0.555208,0.615563,0.526253,0.589043,0.552686,0.422287,0.482091,0.547030,0.557139,0.606125,0.594488,0.502004,0.525760,0.573244,0.548870,0.487011,0.468848,0.595739,0.488193,0.636960
0.430152,0.324526,0.328235,0.279545,0.445352,0.458423,0.321315,0.434144,0.270454,0.506496,0.302341,0.375946,0.527371,0.314676,0.433555,0.304749,0.339551,0.102577,0.326830,0.455147,0.488334,0.367042,0.637718,0.505780,0.000000,0.510655,0.644493,0.700983,0.416819,0.331312,0.424165,0.647147,0.601876,0.354873,0.446370,0.507516,0.100490,0.772410,0.677862,0.445444,0.384842,0.494008,0.598569,0.381777,0.356146,0.559321,0.429357,0.653893,0.275573,0.381613,0.498029,0.339993,0.302520,0.617270,0.547574,0.446452,0.396947,0.655011,0.595301,0.405001,0.526410,0.445186,0.504237,0.496572,0.507229,0.372155,0.385963,0.251055,0.215136,0.495126,0.349491,0.263586,0.501498,0.519476,0.566318,0.580119,0.464956,0.571998,0.283124,0.436047,0.379416,0.476515,0.675883,0.418770,0.624849,0.458712,0.542242,0.389599,0.507160,0.525458,0.578309,0.256730,0.512572,0.502187,0.429704,0.495048,0.471008,0.413583,0.664956,0.203459,0.461974
0.433112,0.350309,0.471858,0.379427,0.491664,0.277835,0.474355,0.406477,0.321774,0.235039,0.365586,0.452067,0.349349,0.313620,0.499490,0.446476,0.467958,0.486933,0.365937,0.416966,0.469132,0.489801,0.630538,0.380367,0.510655,0.000000,0.635779,0.456073,0.411523,0.484096,0.445688,0.472442,0.498337,0.429883,0.496833,0.106501,0.485199,0.627301,0.682076,0.337744,0.461031,0.477838,0.437708,0.413114,0.414672,0.325654,0.627423,0.543326,0.450666,0.393640,0.582467,0.468920,0.440656,0.500042,0.146055,0.424257,0.397000,0.581517,0.503896,0.296690,0.465532,0.569146,0.459789,0.569409,0.497420,0.443543,0.440156,0.499949,0.545554,0.552610,0.559070,0.524821,0.405985,0.601916,0.482164,0.502052,0.329323,0.635685,0.497663,0.397209,0.566045,0.547577,0.488669,0.506999,0.467643,0.466381,0.543908,0.527587,0.626568,0.579561,0.532075,0.583458,0.374576,0.630009,0.438205,0.542988,0.443657,0.536047,0.473882,0.567182,0.576841
0.433306,0.630099,0.644565,0.622396,0.400397,0.660714,0.538521,0.646324,0.682672,0.598822,0.634106,0.692772,0.619335,0.626575,0.558662,0.617813,0.691763,0.610922,0.512725,0.688416,0.645138,0.658971,0.573108,0.651857,0.644493,0.635779,0.000000,0.713099,0.699469,0.584433,0.654560,0.687754,0.697229,0.704768,0.617308,0.661003,0.638074,0.728077,0.324716,0.652374,0.539210,0.579868,0.670785,0.591439,0.688307,0.796275,0.616495,0.610934,0.656859,0.616029,0.763217,0.696797,0.740567,0.712931,0.684263,0.689391,0.588047,0.763810,0.712392,0.656454,0.616830,0.740821,0.630285,0.736656,0.685210,0.684286,0.622820,0.676851,0.669706,0.488263,0.692184,0.593697,0.564078,0.663547,0.628879,0.647875,0.597818,0.710968,0.608136,0.688925,0.719608,0.667401,0.693474,0.661730,0.777409,0.786225,0.583417,0.772132,0.556830,0.723037,0.766626,0.638286,0.659453,0.634898,0.564600,0.717533,0.667917,0.665654,0.715338,0.645019,0.725924
0.435796,0.476462,0.611762,0.521509,0.612361,0.364816,0.621882,0.441048,0.516048,0.409816,0.611501,0.601602,0.427194,0.612732,0.683857,0.624090,0.658103,0.646826,0.600140,0.597681,0.651135,0.666955,0.663869,0.566788,0.700983,0.456073,0.713099,0.000000,0.504070,0.665295,0.530593,0.591407,0.578460,0.641692,0.647497,0.466917,0.747013,0.574608,0.699244,0.578636,0.704867,0.705764,0.442878,0.651888,0.594979,0.435364,0.737613,0.647874,0.609820,0.699671,0.621848,0.677658,0.621022,0.468028,0.518319,0.568372,0.696795,0.574914,0.447517,0.608181,0.662844,0.660543,0.615977,0.645495,0.663088,0.662262,0.720005,0.655540,0.709105,0.689616,0.722525,0.756769,0.665600,0.699423,0.698921,0.631851,0.652722,0.657815,0.722366,0.701247,0.652082,0.731057,0.299874,0.708544,0.501984,0.614735,0.703760,0.678985,0.767127,0.686185,0.490191,0.747781,0.647416,0.762754,0.666244,0.689126,0.716471,0.672005,0.346682,0.769304,0.642081
0.439518,0.387271,0.428068,0.426725,0.495041,0.254905,0.386476,0.293293,0.331926,0.442697,0.456900,0.412303,0.494318,0.419308,0.610798,0.531050,0.473461,0.319380,0.327612,0.519441,0.585304,0.516813,0.611322,0.547882,0.416819,0.411523,0.699469,0.504070,0.000000,0.525916,0.127700,0.561077,0.482223,0.492674,0.556361,0.448619,0.438241,0.726492,0.702738,0.416856,0.532515,0.561080,0.432426,0.577316,0.470489,0.428984,0.612237,0.653737,0.294289,0.472201,0.539778,0.484971,0.492121,0.463529,0.455005,0.437686,0.471775,0.603163,0.453660,0.370520,0.593681,0.498882,0.546844,0.524049,0.597475,0.491498,0.510004,0.324597,0.382694,0.543161,0.669962,0.613399,0.493676,0.662218,0.600894,0.525365,0.442019,0.591352,0.460996,0.501193,0.272262,0.695034,0.475550,0.648184,0.526689,0.558158,0.668951,0.536028,0.678688,0.565195,0.512171,0.418176,0.464383,0.594799,0.417121,0.611974,0.566164,0.617190,0.448587,0.563974,0.338901
0.439705,0.322190,0.336699,0.319117,0.501365,0.496516,0.441634,0.495233,0.345696,0.492286,0.336791,0.406310,0.537206,0.361470,0.499791,0.434381,0.377820,0.415215,0.492223,0.405800,0.454176,0.406041,0.656076,0.440860,0.331312,0.484096,0.584433,0.665295,0.525916,0.000000,0.497779,0.607221,0.644996,0.376330,0.585112,0.525862,0.365239,0.740455,0.679514,0.393106,0.144832,0.509515,0.554681,0.356869,0.338576,0.574131,0.480855,0.574267,0.425087,0.460985,0.452966,0.461255,0.352935,0.597992,0.553200,0.429862,0.453726,0.713564,0.588287,0.443320,0.624060,0.491899,0.423859,0.544584,0.471070,0.433669,0.515852,0.416562,0.388333,0.584541,0.375589,0.377037,0.562929,0.568718,0.517252,0.617893,0.528880,0.604741,0.353183,0.544556,0.552150,0.420938,0.647232,0.325998,0.630702,0.429157,0.505065,0.383932,0.505551,0.575406,0.597058,0.467178,0.517390,0.523277,0.532846,0.511583,0.450623,0.505782,0.632354,0.389865,0.570725
0.440445,0.351690,0.388040,0.371538,0.518667,0.309905,0.393738,0.199800,0.391077,0.494907,0.462411,0.488351,0.503607,0.449552,0.617717,0.543812,0.465888,0.331905,0.328676,0.481545,0.557974,0.531492,0.600195,0.577613,0.424165,0.445688,0.654560,0.530593,0.127700,0.497779,0.000000,0.632332,0.488669,0.540002,0.516278,0.426294,0.458169,0.710433,0.692028,0.413778,0.527277,0.527726,0.384804,0.552181,0.468839,0.470085,0.603034,0.588805,0.324499,0.447169,0.459896,0.507008,0.469859,0.395236,0.446027,0.399977,0.455484,0.604304,0.388060,0.351143,0.628797,0.465344,0.523864,0.494802,0.548312,0.495871,0.493975,0.335089,0.360054,0.558925,0.674345,0.630865,0.492061,0.664129,0.578337,0.546475,0.434454,0.627123,0.436356,0.480532,0.266295,0.657969,0.520386,0.617786,0.431012,0.521301,0.675723,0.527395,0.711046,0.623659,0.467905,0.447506,0.505101,0.662844,0.412087,0.570809,0.541567,0.646597,0.497234,0.577910,0.317269
0.445192,0.516335,0.435228,0.537929,0.565016,0.395454,0.534054,0.508579,0.484372,0.425836,0.437233,0.401623,0.442356,0.439326,0.645209,0.596838,0.543594,0.626087,0.564789,0.505546,0.399935,0.588588,0.592007,0.390170,0.647147,0.472442,0.687754,0.591407,0.561077,0.607221,0.632332,0.000000,0.648114,0.474652,0.607588,0.494870,0.640727,0.509533,0.744557,0.592583,0.579001,0.655360,0.604724,0.593660,0.582192,0.491084,0.641936,0.253392,0.631817,0.615823,0.658251,0.612314,0.632293,0.607078,0.518271,0.596904,0.541518,0.675371,0.613881,0.591457,0.698257,0.610687,0.371707,0.646930,0.385364,0.515547,0.662291,0.630439,0.690496,0.701151,0.543944,0.599270,0.530770,0.669520,0.433705,0.718855,0.556470,0.719715,0.626874,0.609716,0.706837,0.672158,0.677612,0.607727,0.637652,0.603439,0.440732,0.595254,0.648366,0.662713,0.612401,0.682608,0.549756,0.613522,0.627456,0.615673,0.618827,0.592282,0.697651,0.644570,0.678742
0.445240,0.485912,0.544710,0.484031,0.482316,0.426130,0.495619,0.490359,0.464723,0.472759,0.546042,0.494216,0.503975,0.518821,0.508870,0.548187,0.498808,0.571179,0.383382,0.499697,0.581812,0.534064,0.646521,0.548197,0.601876,0.498337,0.697229,0.578460,0.482223,0.644996,0.488669,0.648114,0.000000,0.627681,0.570995,0.493387,0.547699,0.687782,0.665010,0.569271,0.619643,0.441433,0.627641,0.564982,0.540878,0.563579,0.478114,0.667139,0.545357,0.531592,0.624245,0.489124,0.572558,0.619876,0.518178,0.561719,0.502733,0.376465,0.603209,0.500137,0.412001,0.608900,0.596951,0.482583,0.632923,0.565266,0.539502,0.582787,0.634846,0.361234,0.599565,0.675702,0.499790,0.507995,0.600103,0.118136,0.533537,0.437196,0.644477,0.519981,0.643513,0.663019,0.587461,0.654287,0.599493,0.593147,0.693086,0.547037,0.620275,0.518268,0.601937,0.567489,0.474494,0.473456,0.418888,0.616230,0.558557,0.613751,0.547329,0.667117,0.645770
0.447504,0.315539,0.337824,0.352080,0.539355,0.442291,0.386802,0.526251,0.296396,0.419210,0.305642,0.321494,0.497946,0.328519,0.503867,0.453906,0.328509,0.426282,0.473864,0.448894,0.440170,0.417649,0.634358,0.405053,0.354873,0.429883,0.704768,0.641692,0.492674,0.376330,0.540002,0.474652,0.627681,0.000000,0.534431,0.497583,0.364434,0.674337,0.668979,0.422045,0.403640,0.454676,0.554651,0.450310,0.366962,0.496462,0.558083,0.556834,0.412114,0.470365,0.489755,0.471706,0.327051,0.596150,0.499082,0.478680,0.418087,0.673753,0.607416,0.450099,0.563823,0.358414,0.473444,0.558478,0.468961,0.363621,0.543789,0.398800,0.407002,0.584922,0.453620,0.405156,0.554291,0.590678,0.496128,0.616361,0.542204,0.622377,0.376743,0.499735,0.587358,0.564045,0.653965,0.490988,0.609911,0.485529,0.465730,0.325345,0.547498,0.543176,0.605279,0.546539,0.498747,0.502165,0.531196,0.509662,0.477008,0.547195,0.654745,0.410967,0.547631
0.447800,0.482771,0.499310,0.446270,0.417765,0.463077,0.458709,0.492733,0.454447,0.501131,0.425827,0.505470,0.522727,0.415189,0.427267,0.440438,0.538016,0.492800,0.463522,0.544565,0.507522,0.507190,0.676296,0.487534,0.446370,0.496833,0.617308,0.647497,0.556361,0.585112,0.516278,0.607588,0.570995,0.534431,0.000000,0.483874,0.445978,0.719493,0.558562,0.544157,0.541362,0.452268,0.618874,0.477600,0.582037,0.535559,0.495390,0.613768,0.557448,0.298098,0.628367,0.352825,0.559899,0.621593,0.512318,0.540841,0.442844,0.639255,0.623907,0.473849,0.488317,0.623248,0.600615,0.562249,0.595496,0.567674,0.318899,0.559629,0.548147,0.476339,0.486004,0.415835,0.507263,0.602781,0.581626,0.579900,0.505011,0.604428,0.542820,0.300712,0.569997,0.631653,0.671338,0.621453,0.561304,0.616832,0.540646,0.585641,0.620416,0.645656,0.613147,0.529793,0.562944,0.579055,0.489539,0.610097,0.576215,0.429783,0.707288,0.419866,0.565797
0.447957,0.385988,0.470963,0.380311,0.513058,0.303769,0.489809,0.363225,0.381611,0.353486,0.406052,0.487881,0.263399,0.393653,0.525727,0.478775,0.534855,0.484632,0.383664,0.429825,0.471207,0.525077,0.620211,0.407551,0.507516,0.106501,0.661003,0.466917,0.448619,0.525862,0.426294,0.494870,0.493387,0.497583,0.483874,0.000000,0.512230,0.658898,0.666689,0.430153,0.522970,0.501138,0.496752,0.435135,0.458732,0.374119,0.636278,0.534940,0.463244,0.408305,0.559127,0.472327,0.474314,0.502309,0.160278,0.344162,0.392919,0.561216,0.429907,0.348787,0.485625,0.568086,0.473727,0.558834,0.501636,0.487407,0.452152,0.477474,0.540691,0.556466,0.568078,0.553806,0.401693,0.620497,0.502970,0.542694,0.344682,0.628083,0.516028,0.387336,0.571806,0.582062,0.507306,0.548841,0.452010,0.476462,0.543075,0.543929,0.682731,0.602024,0.531009,0.543152,0.451798,0.673715,0.442398,0.549480,0.484187,0.530933,0.508177,0.575196,0.579960
0.450683,0.327011,0.374689,0.282960,0.468618,0.454204,0.361906,0.488309,0.254684,0.491186,0.275656,0.407093,0.547106,0.253319,0.398774,0.311305,0.287255,0.200806,0.374771,0.454122,0.498203,0.374230,0.609559,0.452144,0.100490,0.485199,0.638074,0.747013,0.438241,0.365239,0.458169,0.640727,0.547699,0.364434,0.445978,0.512230,0.000000,0.747371,0.674836,0.404236,0.331893,0.465518,0.629954,0.373442,0.336781,0.566101,0.451983,0.656525,0.291517,0.361783,0.533665,0.360261,0.311354,0.652803,0.537511,0.432231,0.407874,0.596715,0.636125,0.383714,0.515835,0.478831,0.479193,0.539150,0.492980,0.377460,0.372616,0.350564,0.307004,0.514676,0.368618,0.245818,0.507999,0.502756,0.503377,0.521313,0.476489,0.590452,0.372890,0.433085,0.459768,0.493876,0.685995,0.432548,0.629666,0.491492,0.543563,0.414163,0.472552,0.512860,0.611389,0.303269,0.472016,0.491496,0.448936,0.506886,0.434400,0.456889,0.607095,0.259160,0.464539
0.458926,0.590950,0.570285,0.634971,0.690030,0.577413,0.707034,0.580331,0.644731,0.462938,0.637247,0.649873,0.498460,0.628823,0.691348,0.671946,0.623559,0.767357,0.704891,0.687927,0.626771,0.697666,0.600057,0.674755,0.772410,0.627301,0.728077,0.574608,0.726492,0.740455,0.710433,0.509533,0.687782,0.674337,0.719493,0.658898,0.747371,0.000000,0.645017,0.716231,0.737750,0.685499,0.658710,0.702478,0.695279,0.680652,0.828905,0.545727,0.758921,0.766994,0.679413,0.806888,0.714291,0.648339,0.649224,0.727098,0.742143,0.756310,0.665548,0.684740,0.647298,0.669400,0.709303,0.788569,0.719084,0.678719,0.777669,0.804263,0.773945,0.796806,0.778652,0.756774,0.722172,0.841676,0.659145,0.744655,0.737751,0.811557,0.817272,0.780634,0.764874,0.770600,0.683596,0.759289,0.670087,0.766832,0.693872,0.700207,0.784290,0.810055,0.704849,0.817728,0.689675,0.854020,0.785314,0.789275,0.749385,0.824469,0.684262,0.779287,0.791516
0.459303,0.674862,0.711617,0.611158,0.379180,0.666064,0.492486,0.646694,0.665544,0.641665,0.698126,0.731917,0.638657,0.678355,0.421240,0.603531,0.705840,0.665592,0.561608,0.711506,0.723704,0.652429,0.488671,0.707067,0.677862,0.682076,0.324716,0.699244,0.702738,0.679514,0.692028,0.744557,0.665010,0.668979,0.558562,0.666689,0.674836,0.645017,0.000000,0.731457,0.647694,0.453924,0.667401,0.587087,0.709586,0.789479,0.727529,0.710111,0.630147,0.599360,0.818309,0.682551,0.735993,0.694056,0.697501,0.740474,0.628902,0.760337,0.673625,0.661116,0.472896,0.738871,0.698648,0.734167,0.747456,0.707972,0.630605,0.651200,0.711325,0.446038,0.729000,0.641310,0.569918,0.710713,0.727506,0.620470,0.590900,0.632746,0.670969,0.669111,0.702467,0.699039,0.728534,0.703989,0.789343,0.831992,0.627743,0.755062,0.597991,0.761823,0.859308,0.681589,0.643235,0.727239,0.625995,0.753447,0.688709,0.676825,0.740764,0.678929,0.679825
0.460470,0.269834,0.482166,0.305909,0.546907,0.388939,0.484857,0.464856,0.281558,0.427959,0.403358,0.448707,0.545114,0.374974,0.490559,0.448207,0.447174,0.475095,0.459513,0.266723,0.475569,0.441048,0.674086,0.494582,0.445444,0.337744,0.652374,0.578636,0.416856,0.393106,0.413778,0.592583,0.569271,0.422045,0.544157,0.430153,0.404236,0.716231,0.731457,0.000000,0.414625,0.517787,0.425785,0.341625,0.309710,0.350057,0.524495,0.635704,0.474635,0.369805,0.472869,0.444010,0.386523,0.489088,0.430962,0.080839,0.451818,0.602971,0.494866,0.222751,0.558412,0.547808,0.452407,0.505664,0.490347,0.427537,0.453535,0.519138,0.478390,0.603923,0.444878,0.447821,0.521151,0.588862,0.525313,0.581567,0.429324,0.599502,0.507802,0.429286,0.538586,0.422737,0.559340,0.338637,0.424889,0.337036,0.585031,0.452790,0.550233,0.550132,0.330502,0.538437,0.433237,0.520058,0.518262,0.342208,0.281821,0.524062,0.507976,0.509990,0.590121
0.463136,0.365366,0.399922,0.369986,0.470911,0.495942,0.449908,0.523467,0.370877,0.476999,0.344423,0.456537,0.546655,0.321772,0.488066,0.453410,0.374765,0.452519,0.506469,0.442590,0.487951,0.463033,0.654489,0.388025,0.384842,0.461031,0.539210,0.704867,0.532515,0.144832,0.527277,0.579001,0.619643,0.403640,0.541362,0.522970,0.331893,0.737750,0.647694,0.414625,0.000000,0.497314,0.563725,0.384736,0.387666,0.594253,0.495004,0.570129,0.408564,0.469735,0.570920,0.471550,0.431656,0.619021,0.539981,0.470662,0.445430,0.628836,0.612967,0.429363,0.605467,0.553496,0.442321,0.569567,0.491196,0.443396,0.499678,0.468335,0.440352,0.567971,0.443282,0.400951,0.556123,0.558228,0.493320,0.562871,0.538259,0.638831,0.397085,0.548090,0.597459,0.493904,0.683716,0.409342,0.667282,0.507231,0.509951,0.433477,0.522709,0.556903,0.621811,0.472442,0.533628,0.516766,0.505610,0.568793,0.466890,0.531292,0.598262,0.416715,0.568818
0.464055,0.447213,0.466342,0.379289,0.421647,0.519115,0.372757,0.522137,0.408169,0.503923,0.444627,0.512741,0.553947,0.406012,0.394785,0.511992,0.434229,0.501301,0.379988,0.465794,0.532103,0.439771,0.561118,0.538183,0.494008,0.477838,0.579868,0.705764,0.561080,0.509515,0.527726,0.655360,0.441433,0.454676,0.452268,0.501138,0.465518,0.685499,0.453924,0.517787,0.497314,0.000000,0.596586,0.395273,0.431630,0.579870,0.556215,0.631582,0.469458,0.424782,0.599472,0.510364,0.470946,0.598506,0.494784,0.539699,0.380773,0.586727,0.598819,0.358650,0.348267,0.525486,0.546761,0.556540,0.579440,0.479986,0.462121,0.492207,0.542269,0.416509,0.580989,0.537412,0.415272,0.537584,0.528203,0.382480,0.435178,0.461283,0.501900,0.448660,0.584865,0.552905,0.672275,0.504064,0.571979,0.555678,0.538261,0.496314,0.466478,0.588760,0.672847,0.566911,0.416964,0.538345,0.392654,0.550468,0.454479,0.598220,0.642532,0.517057,0.540281
0.464817,0.334813,0.543730,0.447260,0.587864,0.432143,0.508050,0.396376,0.452946,0.398361,0.551084,0.542069,0.474123,0.524111,0.663345,0.604328,0.550032,0.537971,0.549112,0.544706,0.664815,0.595819,0.679503,0.644763,0.598569,0.437708,0.670785,0.442878,0.432426,0.554681,0.384804,0.604724,0.627641,0.554651,0.618874,0.496752,0.629954,0.658710,0.667401,0.425785,0.563725,0.596586,0.000000,0.613994,0.476611,0.451605,0.747984,0.685326,0.481413,0.593127,0.532958,0.659601,0.501744,0.097662,0.522737,0.479594,0.616451,0.678813,0.059507,0.420918,0.706308,0.500841,0.566216,0.628941,0.637795,0.538327,0.650924,0.505804,0.601872,0.640763,0.716542,0.680931,0.632698,0.746787,0.639061,0.642176,0.544512,0.737059,0.555795,0.603348,0.488925,0.664438,0.445168,0.634045,0.473333,0.494001,0.670095,0.596717,0.751092,0.715878,0.429493,0.647511,0.600470,0.727501,0.593616,0.586334,0.617284,0.658851,0.431840,0.679569,0.490477
0.466832,0.399483,0.485962,0.299618,0.463626,0.488509,0.465589,0.542202,0.320003,0.504717,0.397862,0.472483,0.560898,0.366687,0.290834,0.369583,0.409160,0.486820,0.407884,0.315835,0.387044,0.464844,0.672745,0.509619,0.381777,0.413114,0.591439,0.651888,0.577316,0.356869,0.552181,0.593660,0.564982,0.450310,0.477600,0.435135,0.373442,0.702478,0.587087,0.341625,0.384736,0.395273,0.613994,0.000000,0.332024,0.458316,0.531360,0.576758,0.486562,0.347740,0.545377,0.455205,0.378495,0.643471,0.473802,0.370208,0.351685,0.641824,0.617715,0.308885,0.463250,0.652048,0.416588,0.602996,0.460054,0.419432,0.421069,0.504576,0.506421,0.533763,0.394720,0.375695,0.378302,0.553656,0.413635,0.533354,0.344651,0.551689,0.463304,0.386391,0.622129,0.328098,0.651311,0.234602,0.530051,0.365754,0.466212,0.448777,0.444961,0.599299,0.566417,0.538846,0.413117,0.544875,0.435188,0.392568,0.287949,0.514267,0.602004,0.410982,0.631238
