0.000000,0.312139,0.331290,0.340907,0.342018,0.344847,0.345622,0.352354,0.352557,0.362616,0.380909,0.388025,0.393442,0.393719,0.403714,0.407456,0.409134,0.412332,0.413441,0.417065,0.418880,0.419775,0.425089,0.429859,0.430152,0.433112,0.433306,0.435796,0.439518,0.439705,0.440445,0.445192,0.445240,0.447504,0.447800,0.447957,0.450683,0.458926,0.459303,0.460470,0.463136,0.464055,0.464817,0.466832,0.466931,0.467894,0.468366,0.470084,0.470556,0.470977,0.471176,0.471411,0.471872,0.472256,0.472307,0.474502,0.475814,0.475816,0.476503,0.477342,0.478282,0.478444,0.479538,0.480643,0.482747,0.484156,0.484202,0.484474,0.486542,0.487651,0.489777,0.490919,0.491532,0.491793,0.492565,0.492666,0.494781,0.495044,0.495510,0.496665,0.497335,0.498956,0.501026,0.501126,0.502244,0.503134,0.504209,0.505771,0.506489,0.506705,0.506972,0.507116,0.508697,0.509019,0.511067,0.511317,0.511433,0.511816,0.512254,0.513132,0.516389,0.517229,0.517450,0.518271,0.518526,0.519310,0.519867,0.520406,0.521532,0.522727,0.523431,0.523466,0.523589,0.523696,0.524012,0.524243,0.525126,0.526216,0.526562,0.527150,0.527297,0.527480,0.528244,0.529123,0.530109,0.530372,0.531396,0.531738,0.531791,0.531806,0.532619,0.532652,0.532855,0.533994,0.534015,0.535880,0.536681,0.536995,0.537090,0.539199,0.540580,0.541390,0.541538,0.541793,0.542193,0.542823,0.542867,0.543131,0.543482,0.543807,0.544273,0.544474,0.544645,0.544808,0.545014,0.545065,0.545527,0.545559,0.545881,0.545891,0.546495,0.547031,0.547144,0.547790,0.548048,0.548346,0.548562,0.548905,0.549233,0.549379,0.549594,0.549795,0.550106,0.550768,0.551200,0.551385,0.551645,0.551945,0.552289,0.552930,0.553751,0.554657,0.554789,0.555107,0.555514,0.555623,0.555836,0.555951,0.555986,0.556027,0.556430,0.556433,0.556583,0.556649,0.556710,0.556729,0.556774,0.556804,0.556930,0.557097,0.557105
0.312139,0.000000,0.288742,0.170130,0.472554,0.319682,0.361437,0.338757,0.174149,0.348697,0.229701,0.282915,0.399395,0.229797,0.429177,0.359920,0.263603,0.364792,0.396048,0.326115,0.428598,0.336240,0.592376,0.389173,0.324526,0.350309,0.630099,0.476462,0.387271,0.322190,0.351690,0.516335,0.485912,0.315539,0.482771,0.385988,0.327011,0.590950,0.674862,0.269834,0.365366,0.447213,0.334813,0.399483,0.180067,0.330283,0.496138,0.595328,0.313877,0.374023,0.276931,0.424235,0.199021,0.373651,0.415166,0.298367,0.412922,0.526824,0.360099,0.291971,0.531595,0.343160,0.436690,0.500168,0.447566,0.298939,0.447741,0.345829,0.355011,0.555071,0.402505,0.409113,0.503382,0.547752,0.447215,0.518103,0.461511,0.557327,0.364990,0.404344,0.442724,0.490416,0.516457,0.401096,0.390685,0.352779,0.497342,0.335322,0.581811,0.512866,0.365607,0.501128,0.425069,0.531677,0.468084,0.403116,0.374775,0.481846,0.478619,0.434682,0.487977,0.623376,0.357831,0.536868,0.313257,0.405815,0.534646,0.368584,0.515844,0.459481,0.527639,0.451241,0.378820,0.428438,0.373747,0.478869,0.586535,0.652440,0.520600,0.460770,0.427425,0.545445,0.467899,0.383377,0.499503,0.512426,0.450114,0.401455,0.621553,0.560369,0.651641,0.539427,0.523467,0.442096,0.428484,0.394727,0.606504,0.519032,0.398528,0.470234,0.568203,0.466584,0.463084,0.544497,0.461772,0.574250,0.473629,0.470833,0.416592,0.533303,0.474162,0.435763,0.456247,0.573314,0.577798,0.536874,0.557380,0.588041,0.589263,0.557960,0.493420,0.474739,0.605502,0.423504,0.574258,0.453070,0.528228,0.576590,0.612050,0.446934,0.540485,0.440410,0.648214,0.508065,0.612182,0.324975,0.530785,0.547668,0.564747,0.460890,0.672511,0.593801,0.473542,0.658103,0.428617,0.760896,0.688264,0.438429,0.540683,0.585590,0.450945,0.487071,0.554791,0.473949,0.565320,0.603538,0.579300,0.645266,0.412645,0.636951,0.529889
0.331290,0.288742,0.000000,0.317009,0.493690,0.407561,0.356091,0.376611,0.322058,0.441275,0.272883,0.228054,0.441233,0.311020,0.520663,0.386654,0.265983,0.354142,0.398974,0.405617,0.281347,0.313017,0.563723,0.375024,0.328235,0.471858,0.644565,0.611762,0.428068,0.336699,0.388040,0.435228,0.544710,0.337824,0.499310,0.470963,0.374689,0.570285,0.711617,0.482166,0.399922,0.466342,0.543730,0.485962,0.434494,0.546666,0.464948,0.406912,0.379572,0.471921,0.431775,0.435827,0.353226,0.537303,0.486620,0.476022,0.359710,0.618075,0.545117,0.472073,0.598363,0.343129,0.396846,0.458390,0.403366,0.368879,0.486579,0.358933,0.344648,0.594240,0.396538,0.426224,0.481154,0.520774,0.369507,0.584729,0.514988,0.591035,0.334583,0.499470,0.473383,0.541598,0.659475,0.510854,0.584875,0.472062,0.410518,0.331974,0.561901,0.526741,0.580546,0.488656,0.480355,0.529436,0.505121,0.548084,0.529965,0.480765,0.646696,0.424321,0.470652,0.560343,0.337862,0.529401,0.464287,0.426235,0.638375,0.498270,0.520577,0.464625,0.454608,0.427677,0.465359,0.422185,0.425979,0.544378,0.641721,0.718363,0.427306,0.433363,0.547084,0.638779,0.575654,0.550211,0.506423,0.558308,0.432067,0.495844,0.633980,0.660387,0.673022,0.608764,0.492692,0.533295,0.524775,0.483124,0.651237,0.531219,0.499850,0.504223,0.572954,0.515413,0.494668,0.463091,0.471391,0.571945,0.576400,0.590018,0.437477,0.648684,0.549236,0.491460,0.454903,0.592712,0.579765,0.628011,0.588145,0.695021,0.569326,0.606783,0.574906,0.486691,0.657506,0.394231,0.462964,0.528052,0.548805,0.623138,0.442693,0.472625,0.480159,0.454651,0.701437,0.691069,0.701450,0.501523,0.581644,0.465771,0.578675,0.532586,0.678102,0.594826,0.644424,0.677193,0.544710,0.728459,0.663857,0.426079,0.532420,0.609458,0.399251,0.422553,0.581690,0.640037,0.515079,0.675322,0.434932,0.726239,0.377165,0.535555,0.602626
0.340907,0.170130,0.317009,0.000000,0.405282,0.343808,0.330103,0.335023,0.084999,0.410571,0.235829,0.341909,0.437257,0.242126,0.372984,0.312367,0.304616,0.333860,0.349384,0.281608,0.375251,0.313587,0.638076,0.388076,0.279545,0.379427,0.622396,0.521509,0.426725,0.319117,0.371538,0.537929,0.484031,0.352080,0.446270,0.380311,0.282960,0.634971,0.611158,0.305909,0.369986,0.379289,0.447260,0.299618,0.251747,0.371708,0.455534,0.544014,0.318774,0.307561,0.378232,0.368174,0.232817,0.464566,0.420649,0.304877,0.345933,0.522225,0.441829,0.283922,0.456589,0.448102,0.361378,0.485429,0.406366,0.291830,0.370559,0.336605,0.361839,0.482090,0.329267,0.355091,0.424542,0.493517,0.425963,0.472383,0.399438,0.504955,0.362905,0.372168,0.449794,0.380340,0.536820,0.303952,0.381307,0.352158,0.455601,0.351827,0.523018,0.491264,0.432709,0.432916,0.401857,0.497427,0.444119,0.370566,0.300275,0.438263,0.497627,0.373533,0.504493,0.567142,0.420485,0.432893,0.389649,0.325791,0.463576,0.419388,0.449724,0.449735,0.480541,0.444302,0.403573,0.352119,0.382574,0.451795,0.566448,0.638844,0.411195,0.365209,0.378489,0.576270,0.525395,0.321126,0.423296,0.440774,0.378972,0.316217,0.598347,0.571269,0.627997,0.619612,0.530948,0.346659,0.455950,0.454996,0.561321,0.481792,0.468265,0.422911,0.505510,0.422073,0.425756,0.531752,0.417152,0.512359,0.450313,0.508001,0.452757,0.548055,0.431395,0.460947,0.423017,0.625768,0.543542,0.551473,0.494610,0.588395,0.554176,0.512018,0.445017,0.478201,0.551820,0.422143,0.517191,0.417689,0.566841,0.576331,0.559983,0.352598,0.518068,0.385468,0.611293,0.494532,0.593973,0.343161,0.535081,0.546027,0.538632,0.543066,0.584284,0.510874,0.431837,0.669756,0.422082,0.758706,0.641328,0.470584,0.603974,0.594304,0.496384,0.434645,0.628512,0.552329,0.488569,0.583642,0.561856,0.635876,0.447216,0.583980,0.476868
0.342018,0.472554,0.493690,0.405282,0.000000,0.461089,0.202122,0.487436,0.394006,0.451692,0.414942,0.455727,0.496505,0.385368,0.351267,0.384579,0.547356,0.459137,0.320405,0.513490,0.519052,0.428256,0.523154,0.494754,0.445352,0.491664,0.400397,0.612361,0.495041,0.501365,0.518667,0.565016,0.482316,0.539355,0.417765,0.513058,0.468618,0.690030,0.379180,0.546907,0.470911,0.421647,0.587864,0.463626,0.549403,0.573480,0.442964,0.594940,0.447844,0.425629,0.652976,0.406573,0.546003,0.605706,0.529207,0.569793,0.461375,0.543242,0.593550,0.482807,0.303056,0.618973,0.517696,0.492153,0.562837,0.522628,0.385301,0.461826,0.544608,0.249677,0.498495,0.416071,0.422985,0.527437,0.596752,0.448194,0.409758,0.459821,0.471627,0.499063,0.593189,0.628597,0.629171,0.575276,0.619305,0.670974,0.497799,0.565974,0.466299,0.534508,0.684132,0.460459,0.526212,0.492411,0.384379,0.660981,0.573932,0.453150,0.619122,0.437341,0.641961,0.540101,0.646439,0.335223,0.633998,0.550557,0.441631,0.619004,0.529477,0.487263,0.480806,0.482342,0.624885,0.493459,0.538185,0.386695,0.636406,0.735817,0.443407,0.470206,0.453753,0.576048,0.670618,0.597983,0.415761,0.353543,0.476674,0.565665,0.460261,0.409486,0.566795,0.686887,0.626082,0.648722,0.583347,0.594426,0.370195,0.486989,0.585413,0.470726,0.498962,0.632423,0.535116,0.600527,0.496844,0.422089,0.434158,0.725148,0.688826,0.580116,0.494663,0.516415,0.553702,0.610732,0.603399,0.560306,0.477243,0.611640,0.552271,0.431815,0.477495,0.626363,0.338450,0.514684,0.587318,0.496553,0.561147,0.532905,0.588438,0.486335,0.529115,0.535312,0.477734,0.528945,0.634352,0.625764,0.508525,0.667177,0.517984,0.704900,0.593086,0.447769,0.573561,0.561209,0.586361,0.503116,0.510575,0.606018,0.679809,0.675276,0.619299,0.596384,0.740300,0.705638,0.459090,0.427888,0.551245,0.522812,0.652813,0.505443,0.477249
0.344847,0.319682,0.407561,0.343808,0.461089,0.000000,0.422860,0.162561,0.274364,0.314930,0.394924,0.371201,0.350124,0.364588,0.508876,0.470277,0.452954,0.423049,0.392771,0.410772,0.480355,0.513438,0.573251,0.372055,0.458423,0.277835,0.660714,0.364816,0.254905,0.496516,0.309905,0.395454,0.426130,0.442291,0.463077,0.303769,0.454204,0.577413,0.666064,0.388939,0.495942,0.519115,0.432143,0.488509,0.429673,0.277437,0.572540,0.510757,0.424707,0.399012,0.520469,0.452249,0.465125,0.454106,0.339758,0.400275,0.456105,0.530176,0.448964,0.360062,0.549131,0.521196,0.455390,0.499820,0.487535,0.444873,0.464785,0.462053,0.471738,0.541599,0.551409,0.554182,0.468892,0.596875,0.489858,0.506341,0.404325,0.608674,0.535764,0.424178,0.466703,0.612356,0.430532,0.563102,0.374510,0.442094,0.561790,0.485031,0.623315,0.569304,0.418529,0.524172,0.431014,0.557072,0.462569,0.547016,0.510507,0.525456,0.448761,0.566511,0.509586,0.596072,0.550117,0.518973,0.484390,0.429172,0.597955,0.436848,0.624832,0.496295,0.488469,0.558686,0.463952,0.542416,0.439867,0.450421,0.592135,0.531461,0.542182,0.571335,0.435026,0.589763,0.492028,0.498770,0.564851,0.575434,0.522865,0.527464,0.593426,0.565945,0.589697,0.501428,0.479174,0.598181,0.432972,0.408519,0.612189,0.452471,0.395686,0.582373,0.526633,0.593882,0.419705,0.479854,0.467484,0.572938,0.466128,0.596557,0.574705,0.603632,0.461967,0.542686,0.515341,0.529810,0.568610,0.477295,0.558515,0.526003,0.612030,0.520659,0.430174,0.508803,0.681126,0.507688,0.502418,0.554254,0.582198,0.507889,0.584555,0.536932,0.524926,0.503407,0.667843,0.511264,0.639602,0.554268,0.589738,0.558818,0.518751,0.543263,0.557552,0.514086,0.445880,0.690187,0.522289,0.789791,0.733717,0.546272,0.475723,0.542953,0.598340,0.518715,0.548164,0.462434,0.566980,0.592252,0.548375,0.590880,0.563048,0.625055,0.480619
0.345622,0.361437,0.356091,0.330103,0.202122,0.422860,0.000000,0.411657,0.308961,0.439153,0.338418,0.327224,0.470014,0.325063,0.396132,0.386339,0.391038,0.314842,0.264658,0.446101,0.473166,0.353076,0.578511,0.449744,0.321315,0.474355,0.538521,0.621882,0.386476,0.441634,0.393738,0.534054,0.495619,0.386802,0.458709,0.489809,0.361906,0.707034,0.492486,0.484857,0.449908,0.372757,0.508050,0.465589,0.431209,0.557744,0.460274,0.559774,0.296407,0.437536,0.549371,0.394293,0.412525,0.528914,0.486453,0.498520,0.387555,0.539794,0.525791,0.381121,0.401869,0.436633,0.421558,0.461466,0.445017,0.386817,0.421917,0.282235,0.420379,0.294371,0.481510,0.392693,0.384905,0.516979,0.538596,0.494112,0.364788,0.462507,0.336006,0.511707,0.430956,0.575415,0.618924,0.529867,0.594449,0.585842,0.455270,0.447358,0.430323,0.465722,0.620864,0.439355,0.485503,0.497125,0.370943,0.565405,0.521464,0.482097,0.592728,0.386022,0.421016,0.517499,0.501066,0.378451,0.512579,0.370396,0.528262,0.483397,0.492533,0.429548,0.419769,0.323624,0.482071,0.428528,0.431959,0.370631,0.646553,0.743933,0.455159,0.436470,0.477945,0.575079,0.643364,0.519297,0.412545,0.371163,0.388185,0.506104,0.529583,0.489048,0.591826,0.684954,0.572481,0.593773,0.558968,0.422908,0.452568,0.387312,0.425989,0.376566,0.529186,0.519528,0.530263,0.403507,0.475954,0.475223,0.439529,0.633958,0.530557,0.569962,0.447439,0.402263,0.515802,0.628897,0.616202,0.584021,0.518774,0.618269,0.539167,0.502545,0.513983,0.476763,0.308700,0.316126,0.543893,0.462492,0.530376,0.542908,0.575611,0.401187,0.509117,0.426209,0.585082,0.610301,0.651026,0.517790,0.488369,0.622522,0.496557,0.629111,0.658084,0.452416,0.568643,0.555045,0.561012,0.550621,0.519877,0.493896,0.671052,0.724439,0.466747,0.493387,0.699368,0.699871,0.421495,0.512421,0.503740,0.558617,0.550108,0.548947,0.453690
0.352354,0.338757,0.376611,0.335023,0.487436,0.162561,0.411657,0.000000,0.386397,0.437384,0.459051,0.487941,0.412767,0.455017,0.571042,0.521943,0.479933,0.361068,0.398161,0.457483,0.524545,0.533427,0.585330,0.484820,0.434144,0.406477,0.646324,0.441048,0.293293,0.495233,0.199800,0.508579,0.490359,0.526251,0.492733,0.363225,0.488309,0.580331,0.646694,0.464856,0.523467,0.522137,0.396376,0.542202,0.471108,0.383418,0.624808,0.489484,0.400260,0.449131,0.459565,0.528178,0.496067,0.403545,0.421038,0.429471,0.479707,0.572655,0.381414,0.400807,0.591383,0.482009,0.488367,0.511849,0.513886,0.486593,0.491898,0.403417,0.425572,0.555546,0.624006,0.622214,0.507322,0.645732,0.564103,0.555470,0.444993,0.632410,0.497442,0.474223,0.373435,0.636124,0.523601,0.596219,0.346290,0.447333,0.625257,0.525831,0.708381,0.645408,0.430781,0.487375,0.546139,0.685742,0.460839,0.569879,0.554111,0.596823,0.535113,0.609566,0.428617,0.664918,0.560495,0.564213,0.463132,0.426614,0.617037,0.342364,0.632303,0.457395,0.539774,0.515765,0.309899,0.603829,0.493563,0.516838,0.603188,0.561368,0.615845,0.590935,0.501273,0.586241,0.480673,0.556093,0.629165,0.668401,0.529571,0.559061,0.574965,0.612623,0.648178,0.574685,0.533617,0.616277,0.537242,0.361343,0.594868,0.449767,0.365680,0.657528,0.560865,0.617442,0.555535,0.427746,0.605630,0.609387,0.606738,0.554070,0.601726,0.612177,0.458667,0.523679,0.554965,0.600494,0.627437,0.546720,0.618282,0.654782,0.670219,0.581278,0.523291,0.412651,0.718085,0.466653,0.489268,0.540533,0.532591,0.608458,0.655417,0.552181,0.514850,0.603503,0.697008,0.524181,0.653115,0.545856,0.649055,0.645176,0.549742,0.552232,0.645078,0.554717,0.489524,0.639554,0.543108,0.717375,0.775410,0.585580,0.597297,0.614589,0.579126,0.585335,0.612182,0.502922,0.580874,0.603211,0.547794,0.617631,0.534043,0.636986,0.492630
0.352557,0.174149,0.322058,0.084999,0.394006,0.274364,0.308961,0.386397,0.000000,0.363754,0.208427,0.276937,0.448932,0.195345,0.371057,0.291640,0.280653,0.313310,0.330189,0.275090,0.386945,0.305482,0.620287,0.377010,0.270454,0.321774,0.682672,0.516048,0.331926,0.345696,0.391077,0.484372,0.464723,0.296396,0.454447,0.381611,0.254684,0.644731,0.665544,0.281558,0.370877,0.408169,0.452946,0.320003,0.232205,0.309205,0.472343,0.587104,0.282605,0.337118,0.401823,0.338090,0.227862,0.470621,0.379210,0.326561,0.353639,0.501997,0.473660,0.267511,0.440301,0.422038,0.375867,0.487426,0.420853,0.263898,0.389301,0.324870,0.363383,0.493622,0.334059,0.336111,0.418133,0.482249,0.408763,0.465436,0.382624,0.489824,0.357013,0.367606,0.432845,0.419995,0.514283,0.353870,0.432626,0.369800,0.446684,0.337347,0.494681,0.441618,0.439194,0.426084,0.348387,0.451878,0.429068,0.399990,0.308609,0.406850,0.466749,0.353326,0.487992,0.561776,0.401880,0.424460,0.372038,0.317378,0.490144,0.411133,0.484150,0.417969,0.469274,0.436214,0.456694,0.353024,0.329420,0.411797,0.596491,0.636397,0.416661,0.379807,0.367712,0.590257,0.542894,0.325143,0.404357,0.424144,0.391388,0.321987,0.633198,0.504748,0.631956,0.617144,0.541595,0.401548,0.421748,0.401392,0.591155,0.457325,0.410141,0.429710,0.510844,0.436865,0.364167,0.508096,0.382166,0.532625,0.382049,0.527830,0.434917,0.562844,0.433199,0.427986,0.416580,0.598455,0.553016,0.532955,0.508250,0.515554,0.528365,0.507077,0.442051,0.479683,0.549314,0.408421,0.530695,0.381413,0.546933,0.518495,0.550631,0.365190,0.528654,0.366348,0.633244,0.496396,0.592409,0.341850,0.519054,0.537112,0.520353,0.538538,0.609863,0.514393,0.446468,0.673978,0.410046,0.800135,0.634845,0.463376,0.556720,0.616761,0.487589,0.440711,0.606233,0.546684,0.533687,0.556025,0.565475,0.661373,0.430639,0.591204,0.482020
0.362616,0.348697,0.441275,0.410571,0.451692,0.314930,0.439153,0.437384,0.363754,0.000000,0.390272,0.421924,0.124449,0.361188,0.517054,0.460419,0.464425,0.512540,0.416978,0.495036,0.490725,0.492189,0.585167,0.399986,0.506496,0.235039,0.598822,0.409816,0.442697,0.492286,0.494907,0.425836,0.472759,0.419210,0.501131,0.353486,0.491186,0.462938,0.641665,0.427959,0.476999,0.503923,0.398361,0.504717,0.495464,0.401638,0.603558,0.496474,0.498653,0.547324,0.603019,0.544782,0.479031,0.479851,0.386436,0.515529,0.517871,0.536360,0.469780,0.401266,0.527591,0.540708,0.493396,0.573231,0.534730,0.495305,0.513542,0.542027,0.590002,0.522633,0.562103,0.501563,0.533764,0.617468,0.512115,0.483543,0.534065,0.621755,0.560492,0.578532,0.587132,0.633313,0.474811,0.597255,0.537963,0.577050,0.578043,0.563699,0.590389,0.583765,0.579842,0.611120,0.459976,0.612472,0.520523,0.655183,0.584457,0.584065,0.495047,0.560052,0.575820,0.671148,0.541720,0.497726,0.603517,0.579010,0.501705,0.573059,0.661889,0.584473,0.508455,0.635926,0.588909,0.575521,0.588641,0.528477,0.620713,0.589993,0.565465,0.570108,0.614675,0.623678,0.544289,0.606827,0.633622,0.566331,0.561338,0.638940,0.611849,0.505545,0.558708,0.401099,0.493356,0.642602,0.454001,0.539295,0.584869,0.478134,0.527656,0.530937,0.604081,0.611668,0.556527,0.634018,0.566725,0.588731,0.554329,0.637483,0.631647,0.618084,0.552067,0.605123,0.557695,0.530340,0.638907,0.504009,0.593143,0.565537,0.618314,0.566850,0.546400,0.604944,0.607218,0.609044,0.596998,0.529734,0.644639,0.503655,0.586534,0.572827,0.628007,0.575726,0.635809,0.436629,0.584636,0.644617,0.614961,0.499243,0.596680,0.524350,0.566957,0.603996,0.511162,0.670372,0.595790,0.699762,0.597500,0.521637,0.305714,0.499954,0.572047,0.568180,0.475369,0.527998,0.525619,0.593033,0.556785,0.531663,0.642542,0.625605,0.556315
0.380909,0.229701,0.272883,0.235829,0.414942,0.394924,0.338418,0.459051,0.208427,0.390272,0.000000,0.293511,0.430873,0.042985,0.406966,0.279306,0.295819,0.368278,0.367695,0.355386,0.404430,0.260711,0.598209,0.297895,0.302341,0.365586,0.634106,0.611501,0.456900,0.336791,0.462411,0.437233,0.546042,0.305642,0.425827,0.406052,0.275656,0.637247,0.698126,0.403358,0.344423,0.444627,0.551084,0.397862,0.294951,0.440320,0.468413,0.480463,0.337174,0.328019,0.442871,0.346938,0.246151,0.557091,0.423813,0.425096,0.361492,0.551920,0.554620,0.384102,0.484278,0.434342,0.358342,0.522676,0.392255,0.249124,0.368570,0.355209,0.390460,0.524171,0.335394,0.302444,0.470389,0.505628,0.442118,0.534842,0.429818,0.528342,0.323712,0.366513,0.512582,0.477621,0.642000,0.420187,0.499375,0.481905,0.423727,0.329339,0.519884,0.482958,0.522515,0.468636,0.466548,0.516581,0.458252,0.426579,0.358823,0.424282,0.587790,0.338506,0.531745,0.555412,0.377613,0.458897,0.454644,0.380120,0.561233,0.488587,0.476342,0.430804,0.493893,0.444677,0.526832,0.364913,0.391322,0.440618,0.616312,0.675382,0.416797,0.392180,0.375851,0.651438,0.618887,0.373294,0.399687,0.484518,0.430879,0.359561,0.632752,0.584434,0.671416,0.590022,0.555060,0.473006,0.409708,0.503124,0.603499,0.522129,0.524587,0.415394,0.572867,0.454047,0.343279,0.554412,0.348279,0.552103,0.441006,0.528757,0.465347,0.661437,0.482660,0.460170,0.445832,0.656284,0.593177,0.634784,0.457940,0.638772,0.555946,0.483971,0.449932,0.520629,0.578317,0.418971,0.507247,0.424380,0.542463,0.612626,0.512101,0.403528,0.569865,0.378087,0.648228,0.557729,0.641353,0.408856,0.501278,0.481697,0.542226,0.538434,0.673092,0.527990,0.442704,0.660593,0.513737,0.741879,0.665011,0.424936,0.510093,0.596152,0.458354,0.439016,0.549255,0.601053,0.522265,0.612762,0.509403,0.645788,0.464309,0.551645,0.520631
0.388025,0.282915,0.228054,0.341909,0.455727,0.371201,0.327224,0.487941,0.276937,0.421924,0.293511,0.000000,0.463039,0.302103,0.484886,0.379388,0.254887,0.426139,0.400734,0.397456,0.325390,0.319014,0.628225,0.376131,0.375946,0.452067,0.692772,0.601602,0.412303,0.406310,0.488351,0.401623,0.494216,0.321494,0.505470,0.487881,0.407093,0.649873,0.731917,0.448707,0.456537,0.512741,0.542069,0.472483,0.410422,0.466089,0.441079,0.539142,0.411480,0.445537,0.500550,0.369664,0.382511,0.559286,0.489600,0.469139,0.396605,0.591613,0.558533,0.466082,0.538283,0.357383,0.470238,0.483809,0.459126,0.348871,0.489667,0.398864,0.436354,0.541097,0.372515,0.417544,0.481538,0.530517,0.399668,0.554374,0.490435,0.550109,0.398533,0.433575,0.554347,0.561186,0.596382,0.522807,0.585988,0.512944,0.439743,0.327016,0.542571,0.496139,0.592829,0.541202,0.459129,0.445010,0.517639,0.548591,0.520603,0.454171,0.573327,0.418087,0.571481,0.574687,0.399850,0.533239,0.482325,0.459361,0.598043,0.563449,0.539691,0.515699,0.477020,0.458016,0.565418,0.399111,0.420322,0.514927,0.688374,0.738018,0.426655,0.451344,0.489870,0.649289,0.635779,0.540098,0.456862,0.478354,0.434179,0.521062,0.647880,0.637957,0.684480,0.619330,0.466043,0.554410,0.526967,0.502147,0.650627,0.552798,0.504756,0.439769,0.573065,0.534987,0.456221,0.551253,0.407210,0.604910,0.443210,0.599321,0.304398,0.678759,0.539838,0.514839,0.491492,0.580785,0.506188,0.615925,0.547644,0.593278,0.559811,0.555596,0.555209,0.589943,0.599840,0.430094,0.569639,0.499612,0.550044,0.515804,0.474518,0.480442,0.539607,0.411405,0.686306,0.691523,0.723116,0.512048,0.573059,0.520841,0.618495,0.539144,0.664294,0.570055,0.593546,0.699848,0.506378,0.807317,0.674851,0.454482,0.550505,0.649080,0.425893,0.392114,0.604266,0.617187,0.505230,0.675077,0.521932,0.724416,0.453260,0.609551,0.589951
0.393442,0.399395,0.441233,0.437257,0.496505,0.350124,0.470014,0.412767,0.448932,0.124449,0.430873,0.463039,0.000000,0.449059,0.579757,0.514087,0.543047,0.530375,0.457002,0.523110,0.494524,0.542107,0.583435,0.405339,0.527371,0.349349,0.619335,0.427194,0.494318,0.537206,0.503607,0.442356,0.503975,0.497946,0.522727,0.263399,0.547106,0.498460,0.638657,0.545114,0.546655,0.553947,0.474123,0.560898,0.568359,0.474697,0.640373,0.482582,0.522428,0.582762,0.599030,0.581138,0.532659,0.493528,0.410344,0.447930,0.546075,0.546991,0.406196,0.480980,0.580897,0.545907,0.508084,0.587487,0.539977,0.538426,0.546377,0.524977,0.611208,0.562100,0.577888,0.544374,0.548037,0.643226,0.538608,0.565711,0.568452,0.642557,0.587409,0.594558,0.602598,0.687801,0.502905,0.666243,0.554109,0.618355,0.580322,0.592289,0.656645,0.601669,0.611822,0.593339,0.542626,0.693529,0.552197,0.677771,0.646321,0.598901,0.540626,0.590804,0.603873,0.682120,0.570149,0.556292,0.604986,0.589628,0.549906,0.589726,0.683694,0.604652,0.512917,0.623355,0.591264,0.603602,0.625911,0.550941,0.636245,0.609001,0.603178,0.596811,0.651967,0.629237,0.567247,0.662984,0.665534,0.619763,0.577938,0.681134,0.644173,0.617405,0.577449,0.425523,0.487534,0.685281,0.482042,0.603887,0.639086,0.504348,0.594565,0.570806,0.618473,0.645684,0.585293,0.636284,0.593984,0.626170,0.628724,0.640107,0.634032,0.633438,0.593427,0.645903,0.602809,0.548158,0.659164,0.533097,0.611319,0.636657,0.666994,0.606445,0.582290,0.604841,0.638944,0.618473,0.588622,0.592531,0.662616,0.581925,0.581542,0.611181,0.632789,0.593600,0.662570,0.488612,0.648572,0.687249,0.715843,0.500157,0.637799,0.577504,0.567517,0.628616,0.548431,0.682789,0.637141,0.713379,0.715338,0.526617,0.360669,0.504473,0.553945,0.565026,0.481675,0.530375,0.534435,0.551765,0.561028,0.548776,0.640616,0.659063,0.577595
0.393719,0.229797,0.311020,0.242126,0.385368,0.364588,0.325063,0.455017,0.195345,0.361188,0.042985,0.302103,0.449059,0.000000,0.368952,0.282010,0.272151,0.363685,0.337690,0.350341,0.413791,0.290411,0.587740,0.299808,0.314676,0.313620,0.626575,0.612732,0.419308,0.361470,0.449552,0.439326,0.518821,0.328519,0.415189,0.393653,0.253319,0.628823,0.678355,0.374974,0.321772,0.406012,0.524111,0.366687,0.278613,0.432830,0.482610,0.503015,0.307455,0.315883,0.473355,0.335798,0.267629,0.553146,0.395435,0.429620,0.350930,0.535503,0.551692,0.321922,0.445857,0.458751,0.371555,0.528064,0.401836,0.252704,0.343552,0.363673,0.409610,0.491575,0.345746,0.306349,0.438362,0.504581,0.422924,0.470027,0.394325,0.522150,0.342474,0.350940,0.496127,0.466828,0.633778,0.410606,0.513363,0.482788,0.427340,0.353928,0.484958,0.487994,0.530554,0.451485,0.416044,0.504006,0.430064,0.444286,0.344494,0.431533,0.544645,0.343175,0.528308,0.563428,0.406317,0.434642,0.457413,0.363407,0.544997,0.459177,0.486458,0.403477,0.469487,0.462835,0.526383,0.380113,0.377113,0.417184,0.629341,0.693703,0.417223,0.404847,0.335874,0.652059,0.617631,0.342968,0.396871,0.445116,0.445695,0.348620,0.616536,0.519116,0.655061,0.594974,0.578899,0.484553,0.388059,0.477007,0.575103,0.479695,0.500061,0.398280,0.543968,0.477215,0.314257,0.553683,0.339892,0.505288,0.395984,0.550476,0.478950,0.658256,0.433324,0.426618,0.429657,0.637857,0.581170,0.615779,0.442558,0.621883,0.550414,0.461512,0.430441,0.527329,0.556325,0.429717,0.520443,0.403909,0.537348,0.577545,0.525968,0.379531,0.574660,0.364834,0.627163,0.511492,0.593417,0.415038,0.447215,0.515739,0.491087,0.539417,0.647902,0.493630,0.411316,0.653953,0.520122,0.740877,0.616186,0.452958,0.495151,0.645450,0.480847,0.457688,0.561217,0.590718,0.498328,0.574393,0.481696,0.632040,0.476196,0.578633,0.477945
0.403714,0.429177,0.520663,0.372984,0.351267,0.508876,0.396132,0.571042,0.371057,0.517054,0.406966,0.484886,0.579757,0.368952,0.000000,0.366152,0.455051,0.496027,0.463186,0.454966,0.569686,0.381792,0.510930,0.495274,0.433555,0.499490,0.558662,0.683857,0.610798,0.499791,0.617717,0.645209,0.508870,0.503867,0.427267,0.525727,0.398774,0.691348,0.421240,0.490559,0.488066,0.394785,0.663345,0.290834,0.420959,0.574310,0.516892,0.671720,0.498235,0.410759,0.588883,0.425373,0.430152,0.675173,0.530968,0.517275,0.473140,0.554155,0.669595,0.454284,0.347209,0.625427,0.563081,0.531616,0.589583,0.453913,0.396026,0.533651,0.562728,0.427625,0.476639,0.412840,0.531273,0.540329,0.589276,0.461400,0.494594,0.433477,0.476245,0.440840,0.623281,0.477141,0.710448,0.423688,0.631461,0.602503,0.616844,0.491000,0.453855,0.628536,0.676879,0.554150,0.517213,0.550323,0.530079,0.571393,0.469738,0.482795,0.651794,0.434607,0.645233,0.589969,0.582653,0.365037,0.601504,0.517958,0.422354,0.570855,0.552528,0.562821,0.604522,0.582930,0.652845,0.451044,0.517671,0.565830,0.669816,0.762964,0.563520,0.462019,0.407258,0.523909,0.675561,0.486790,0.452432,0.431770,0.474332,0.440305,0.521431,0.589782,0.565358,0.692006,0.677003,0.495372,0.630820,0.613507,0.496587,0.584029,0.619291,0.484359,0.571619,0.490403,0.549716,0.635584,0.487053,0.462341,0.478062,0.638974,0.623649,0.521302,0.499186,0.549377,0.504091,0.618388,0.548619,0.575648,0.474482,0.629128,0.610634,0.407269,0.531366,0.672000,0.520699,0.550943,0.656869,0.489180,0.669400,0.581594,0.630584,0.418510,0.586910,0.527908,0.341338,0.635831,0.636540,0.499723,0.524921,0.704892,0.622904,0.681751,0.570047,0.563001,0.537648,0.470865,0.572547,0.678399,0.482945,0.612116,0.677532,0.736198,0.664526,0.604310,0.741193,0.702529,0.625407,0.613888,0.657881,0.699520,0.615662,0.657854,0.559767
0.407456,0.359920,0.386654,0.312367,0.384579,0.470277,0.386339,0.521943,0.291640,0.460419,0.279306,0.379388,0.514087,0.282010,0.366152,0.000000,0.392974,0.369360,0.390680,0.433894,0.483235,0.374155,0.616732,0.443069,0.304749,0.446476,0.617813,0.624090,0.531050,0.434381,0.543812,0.596838,0.548187,0.453906,0.440438,0.478775,0.311305,0.671946,0.603531,0.448207,0.453410,0.511992,0.604328,0.369583,0.401746,0.525366,0.427959,0.637372,0.416847,0.358191,0.528540,0.330817,0.318530,0.621392,0.509356,0.475510,0.434967,0.589948,0.607179,0.443968,0.453817,0.557587,0.485741,0.503194,0.527793,0.324959,0.352585,0.404299,0.431511,0.497661,0.327805,0.268585,0.515981,0.521986,0.559769,0.531389,0.491111,0.538138,0.361294,0.411664,0.522440,0.468597,0.649159,0.459668,0.586494,0.533343,0.499576,0.430523,0.535746,0.529852,0.581527,0.495712,0.529019,0.482844,0.508635,0.505069,0.453670,0.324038,0.622215,0.276782,0.562953,0.581181,0.514649,0.447140,0.544820,0.424192,0.485441,0.530754,0.474192,0.469261,0.557794,0.459862,0.558837,0.304158,0.382975,0.467132,0.666921,0.747427,0.458038,0.356209,0.405302,0.662777,0.691821,0.456331,0.383250,0.469894,0.398387,0.454957,0.631627,0.554974,0.668568,0.701177,0.602952,0.511454,0.557158,0.541851,0.587756,0.520291,0.560408,0.454935,0.591513,0.492370,0.419902,0.571358,0.335864,0.571875,0.460374,0.603896,0.542923,0.679369,0.519478,0.522454,0.456033,0.681836,0.556415,0.623706,0.449946,0.664770,0.584194,0.452069,0.448492,0.552077,0.588729,0.471058,0.623761,0.499074,0.586382,0.624987,0.547284,0.385401,0.531828,0.437160,0.592570,0.592538,0.676502,0.478698,0.517551,0.599635,0.540497,0.677402,0.671147,0.599247,0.559036,0.700778,0.531292,0.725539,0.671062,0.523673,0.664395,0.666242,0.543849,0.487277,0.715550,0.687319,0.622058,0.579152,0.623521,0.723654,0.565472,0.591384,0.568074
0.409134,0.263603,0.265983,0.304616,0.547356,0.452954,0.391038,0.479933,0.280653,0.464425,0.295819,0.254887,0.543047,0.272151,0.455051,0.392974,0.000000,0.394118,0.457089,0.373949,0.405863,0.352151,0.609427,0.443367,0.339551,0.467958,0.691763,0.658103,0.473461,0.377820,0.465888,0.543594,0.498808,0.328509,0.538016,0.534855,0.287255,0.623559,0.705840,0.447174,0.374765,0.434229,0.550032,0.409160,0.327276,0.513178,0.513526,0.551763,0.305039,0.454586,0.466761,0.466367,0.348698,0.573985,0.522905,0.501469,0.396498,0.571602,0.580563,0.377343,0.557217,0.360689,0.479217,0.536041,0.470547,0.349006,0.500274,0.397049,0.426286,0.580553,0.460247,0.429769,0.494058,0.549993,0.398132,0.487734,0.496044,0.603343,0.406157,0.478450,0.522172,0.516593,0.669103,0.482646,0.567392,0.484384,0.501324,0.334968,0.510706,0.535992,0.585123,0.547688,0.431876,0.530812,0.509649,0.532100,0.433487,0.534359,0.583672,0.440713,0.499919,0.593837,0.383718,0.518318,0.449117,0.418149,0.588172,0.484285,0.536678,0.489450,0.492628,0.481219,0.559274,0.406833,0.391872,0.525799,0.672019,0.728449,0.501358,0.465672,0.461615,0.624042,0.616184,0.433765,0.486849,0.471128,0.494014,0.447886,0.643297,0.617131,0.706850,0.613510,0.566673,0.524682,0.484904,0.524420,0.648879,0.552089,0.540428,0.446185,0.584196,0.437993,0.505575,0.558080,0.487522,0.573447,0.488978,0.595379,0.337005,0.613844,0.495520,0.356695,0.475660,0.585164,0.534574,0.613432,0.604163,0.667899,0.580444,0.620071,0.573450,0.533802,0.581517,0.454203,0.550469,0.523068,0.580878,0.608572,0.565182,0.467903,0.581901,0.433793,0.683555,0.636512,0.604397,0.423034,0.535135,0.567128,0.568729,0.506481,0.693972,0.580188,0.556948,0.688165,0.534693,0.784563,0.595519,0.437613,0.639777,0.698411,0.439409,0.499991,0.593084,0.569788,0.532286,0.677319,0.507146,0.714021,0.406809,0.669189,0.559206
0.412332,0.364792,0.354142,0.333860,0.459137,0.423049,0.314842,0.361068,0.313310,0.512540,0.368278,0.426139,0.530375,0.363685,0.496027,0.369360,0.394118,0.000000,0.257386,0.504753,0.539938,0.412727,0.620708,0.549322,0.102577,0.486933,0.610922,0.646826,0.319380,0.415215,0.331905,0.626087,0.571179,0.426282,0.492800,0.484632,0.200806,0.767357,0.665592,0.475095,0.452519,0.501301,0.537971,0.486820,0.380321,0.564980,0.463840,0.640896,0.213325,0.426666,0.533541,0.364724,0.368275,0.561172,0.520368,0.473061,0.402958,0.648009,0.539155,0.407124,0.532231,0.428646,0.510632,0.479652,0.550402,0.385802,0.413839,0.197323,0.204956,0.496976,0.442627,0.390880,0.484545,0.541618,0.611668,0.548441,0.459373,0.575754,0.294075,0.470499,0.254378,0.544740,0.622329,0.498084,0.633048,0.497454,0.610583,0.458451,0.572028,0.537540,0.587592,0.221545,0.468792,0.519720,0.366840,0.522701,0.523286,0.458614,0.609100,0.294731,0.330254,0.627461,0.451816,0.495759,0.485201,0.295742,0.606339,0.337385,0.519927,0.246741,0.566905,0.280101,0.319591,0.367993,0.289300,0.369490,0.662255,0.768722,0.552035,0.300736,0.449614,0.602711,0.689530,0.522867,0.476049,0.506465,0.291464,0.516296,0.652348,0.542364,0.780888,0.790057,0.660711,0.548689,0.572296,0.282360,0.594524,0.339403,0.319921,0.514793,0.576873,0.546648,0.514433,0.347357,0.449865,0.584673,0.473538,0.608769,0.545132,0.620307,0.457939,0.348194,0.498092,0.699011,0.688795,0.640013,0.521901,0.703043,0.568244,0.471204,0.569071,0.350198,0.650697,0.250065,0.580639,0.530858,0.532952,0.616931,0.592194,0.360703,0.495384,0.510276,0.682180,0.629061,0.694917,0.451960,0.562631,0.636412,0.528234,0.652631,0.733337,0.573789,0.640622,0.643760,0.556305,0.715599,0.725347,0.565131,0.700253,0.713449,0.537305,0.527909,0.730891,0.726138,0.621330,0.554036,0.573807,0.738824,0.446246,0.690475,0.533975
0.413441,0.396048,0.398974,0.349384,0.320405,0.392771,0.264658,0.398161,0.330189,0.416978,0.367695,0.400734,0.457002,0.337690,0.463186,0.390680,0.457089,0.257386,0.000000,0.481147,0.471004,0.432233,0.596893,0.525949,0.326830,0.365937,0.512725,0.600140,0.327612,0.492223,0.328676,0.564789,0.383382,0.473864,0.463522,0.383664,0.374771,0.704891,0.561608,0.459513,0.506469,0.379988,0.549112,0.407884,0.415386,0.517118,0.488604,0.561993,0.295937,0.381733,0.560436,0.353141,0.426703,0.556494,0.393036,0.475434,0.298443,0.602131,0.553328,0.319318,0.377936,0.493618,0.437824,0.514812,0.545504,0.387136,0.370652,0.281205,0.387708,0.358003,0.518399,0.456487,0.319890,0.534733,0.545154,0.371374,0.311912,0.530993,0.335593,0.427165,0.405884,0.543376,0.588156,0.511450,0.586477,0.546218,0.541202,0.479991,0.517577,0.515170,0.612165,0.397304,0.408227,0.536583,0.179305,0.555919,0.468894,0.548957,0.569573,0.423169,0.444835,0.599717,0.543770,0.320684,0.539588,0.351121,0.523760,0.451685,0.566656,0.389157,0.437402,0.345928,0.453020,0.460107,0.410332,0.241382,0.693028,0.780915,0.458560,0.402653,0.389044,0.600852,0.660367,0.486324,0.504808,0.382049,0.402868,0.493474,0.566138,0.472708,0.737270,0.757477,0.600579,0.580267,0.576709,0.398626,0.450041,0.350001,0.435743,0.426597,0.436806,0.544352,0.488277,0.426366,0.475128,0.343061,0.418584,0.665273,0.595686,0.585072,0.305907,0.420653,0.527597,0.547629,0.563224,0.510446,0.490495,0.675312,0.545729,0.433928,0.515892,0.454084,0.559209,0.335171,0.480025,0.428998,0.548082,0.496646,0.600968,0.367946,0.551834,0.407932,0.545191,0.524935,0.685895,0.483573,0.542100,0.675388,0.431204,0.691840,0.676479,0.367496,0.502719,0.577969,0.509733,0.590645,0.650646,0.610938,0.657998,0.704642,0.579566,0.496344,0.779246,0.714863,0.429891,0.491840,0.437718,0.554844,0.574588,0.564823,0.334779
0.417065,0.326115,0.405617,0.281608,0.513490,0.410772,0.446101,0.457483,0.275090,0.495036,0.355386,0.397456,0.523110,0.350341,0.454966,0.433894,0.373949,0.504753,0.481147,0.000000,0.382483,0.409916,0.681705,0.454894,0.455147,0.416966,0.688416,0.597681,0.519441,0.405800,0.481545,0.505546,0.499697,0.448894,0.544565,0.429825,0.454122,0.687927,0.711506,0.266723,0.442590,0.465794,0.544706,0.315835,0.342288,0.387161,0.500948,0.509054,0.492104,0.393863,0.462310,0.467100,0.357440,0.547232,0.453271,0.274573,0.434538,0.592920,0.542455,0.312304,0.558171,0.530661,0.388402,0.494580,0.411668,0.391804,0.468297,0.496733,0.546921,0.582973,0.397744,0.451301,0.443578,0.538710,0.463142,0.544838,0.416672,0.537259,0.468481,0.417158,0.591408,0.352491,0.620495,0.297184,0.417715,0.352848,0.490875,0.402686,0.551486,0.537371,0.399598,0.569552,0.451393,0.513276,0.526049,0.314506,0.264460,0.492247,0.590057,0.499120,0.618760,0.598782,0.516664,0.539202,0.488730,0.402746,0.591060,0.539953,0.519303,0.570216,0.470759,0.534113,0.556718,0.455247,0.496150,0.520561,0.690727,0.679075,0.488578,0.519432,0.404418,0.663633,0.556810,0.282395,0.471832,0.482453,0.536921,0.289468,0.665149,0.619038,0.695907,0.625094,0.521696,0.319948,0.528788,0.570507,0.673793,0.586734,0.579721,0.483633,0.550386,0.429177,0.507036,0.639972,0.503150,0.560595,0.483615,0.468999,0.491987,0.646180,0.462955,0.565050,0.412517,0.609996,0.606909,0.611206,0.567480,0.649115,0.599145,0.599395,0.479612,0.607427,0.619887,0.574687,0.457146,0.534408,0.640943,0.583116,0.584319,0.419647,0.537096,0.407022,0.673227,0.596045,0.666840,0.396964,0.570940,0.615801,0.533439,0.577003,0.667096,0.521590,0.439598,0.706442,0.396047,0.845822,0.689938,0.508532,0.613551,0.632105,0.584186,0.491522,0.647158,0.543108,0.518831,0.636376,0.512722,0.658649,0.525493,0.599823,0.497156
0.418880,0.428598,0.281347,0.375251,0.519052,0.480355,0.473166,0.524545,0.386945,0.490725,0.404430,0.325390,0.494524,0.413791,0.569686,0.483235,0.405863,0.539938,0.471004,0.382483,0.000000,0.512858,0.655341,0.376134,0.488334,0.469132,0.645138,0.651135,0.585304,0.454176,0.557974,0.399935,0.581812,0.440170,0.507522,0.471207,0.498203,0.626771,0.723704,0.475569,0.487951,0.532103,0.664815,0.387044,0.527122,0.575763,0.453395,0.379650,0.565101,0.495873,0.554010,0.460803,0.514188,0.673046,0.505086,0.473056,0.306014,0.660877,0.665783,0.484031,0.646380,0.508407,0.348284,0.532480,0.341471,0.466179,0.577711,0.559872,0.576231,0.602789,0.360589,0.480261,0.295642,0.490312,0.182879,0.623334,0.450520,0.650653,0.487970,0.489020,0.646537,0.540279,0.657254,0.506320,0.633275,0.467257,0.262644,0.458783,0.506773,0.569248,0.645321,0.595522,0.405510,0.517848,0.556414,0.571334,0.532749,0.479598,0.675971,0.512477,0.672944,0.525538,0.450348,0.596411,0.597912,0.538518,0.661176,0.658824,0.534500,0.631745,0.276380,0.615072,0.650889,0.486843,0.569812,0.573774,0.765637,0.736565,0.287297,0.487803,0.532092,0.711077,0.676579,0.554279,0.498992,0.454824,0.544312,0.478161,0.708934,0.693984,0.736439,0.645879,0.433370,0.518256,0.595139,0.661345,0.726628,0.605199,0.671968,0.470457,0.417407,0.564034,0.543227,0.644295,0.470472,0.529571,0.545396,0.631398,0.563846,0.676687,0.485441,0.651543,0.413397,0.621580,0.578023,0.671424,0.550280,0.739493,0.529340,0.608328,0.614509,0.673725,0.644852,0.606160,0.444244,0.641316,0.655412,0.641467,0.357770,0.512323,0.562049,0.383709,0.669991,0.741923,0.763536,0.579727,0.574706,0.419832,0.561434,0.589606,0.706568,0.463495,0.589237,0.736701,0.513553,0.757221,0.623757,0.547852,0.544853,0.612968,0.472832,0.437552,0.612644,0.692301,0.322716,0.702455,0.410985,0.694538,0.514898,0.499297,0.471934
0.419775,0.336240,0.313017,0.313587,0.428256,0.513438,0.353076,0.533427,0.305482,0.492189,0.260711,0.319014,0.542107,0.290411,0.381792,0.374155,0.352151,0.412727,0.432233,0.409916,0.512858,0.000000,0.563106,0.444724,0.367042,0.489801,0.658971,0.666955,0.516813,0.406041,0.531492,0.588588,0.534064,0.417649,0.507190,0.525077,0.374230,0.697666,0.652429,0.441048,0.463033,0.439771,0.595819,0.464844,0.364370,0.534105,0.437873,0.641451,0.410549,0.412059,0.490113,0.397436,0.332504,0.592162,0.526413,0.466568,0.442305,0.540159,0.593295,0.449668,0.420522,0.457615,0.502638,0.453961,0.539814,0.395449,0.382014,0.412952,0.444538,0.493295,0.425788,0.382500,0.539725,0.499263,0.554655,0.524064,0.503767,0.469937,0.398562,0.440006,0.572552,0.485714,0.695330,0.475490,0.562729,0.503603,0.566091,0.376824,0.550098,0.484083,0.552844,0.502311,0.514572,0.460987,0.482137,0.508348,0.429135,0.455393,0.642523,0.391381,0.569306,0.552993,0.476006,0.416271,0.472007,0.414110,0.499969,0.561274,0.502426,0.502362,0.575993,0.472303,0.571573,0.428817,0.458907,0.468474,0.583868,0.755589,0.522564,0.418269,0.430342,0.661469,0.589366,0.470732,0.455215,0.521680,0.415932,0.426377,0.599667,0.568365,0.693247,0.684570,0.601745,0.524488,0.543912,0.546300,0.547955,0.586210,0.569815,0.420821,0.604712,0.515235,0.451452,0.544854,0.434973,0.591176,0.485082,0.563688,0.496804,0.650832,0.524220,0.508359,0.478362,0.602621,0.606363,0.607919,0.535009,0.582300,0.539648,0.538337,0.538134,0.553123,0.591095,0.421990,0.607334,0.499578,0.545164,0.567512,0.571480,0.432270,0.514293,0.427910,0.652606,0.656052,0.622297,0.427728,0.551333,0.606545,0.586955,0.628175,0.678826,0.588077,0.576407,0.725111,0.566278,0.752865,0.617948,0.476337,0.664182,0.702881,0.511606,0.481009,0.689497,0.689801,0.627124,0.603252,0.604095,0.712255,0.525071,0.605077,0.604956
