0.000000,0.267699,0.312410,0.357285,0.366763,0.378157,0.392572,0.410213,0.412136,0.412926,0.417304,0.428103,0.428634,0.446581,0.447231,0.450023,0.451583,0.451651,0.452488,0.453143,0.453264,0.459827,0.460986,0.465232,0.465585,0.466684,0.470620,0.471244,0.475438,0.477172,0.480935,0.481234,0.481396,0.481641,0.483785,0.486624,0.493981,0.494344,0.495549,0.499297,0.503012,0.503027,0.503373,0.503555,0.503849,0.504020,0.505606,0.506208,0.507752,0.511682,0.513063,0.513933,0.516539,0.516956,0.517339,0.518146,0.519263,0.519348,0.522122,0.522532,0.523946,0.524438,0.526235,0.526356,0.526508,0.528132,0.528445,0.530052,0.530398,0.530734,0.532062,0.532733,0.533167,0.533674,0.534340,0.535202,0.535924,0.536768,0.536788,0.537046,0.537454,0.537548,0.538188,0.539476,0.539794,0.540281,0.540902,0.541186,0.541929,0.542413,0.542933,0.542996,0.543610,0.543761,0.544336,0.546150,0.546191,0.546607,0.547144,0.547388,0.547479
0.267699,0.000000,0.341873,0.241318,0.367708,0.290953,0.507977,0.494634,0.498796,0.461331,0.519992,0.391738,0.577836,0.575727,0.349109,0.461833,0.430749,0.535793,0.516215,0.423735,0.474375,0.348071,0.437509,0.512571,0.564770,0.536928,0.545800,0.558491,0.574934,0.325476,0.494058,0.498094,0.492400,0.490654,0.345905,0.492694,0.519542,0.542881,0.479903,0.314985,0.442725,0.516943,0.594970,0.511586,0.517396,0.597728,0.525728,0.437839,0.355546,0.621329,0.677052,0.620664,0.488711,0.567508,0.655870,0.432359,0.367860,0.493927,0.464221,0.500704,0.438201,0.550290,0.467771,0.578145,0.548189,0.518481,0.518599,0.543711,0.604445,0.580455,0.568833,0.613239,0.406654,0.337076,0.665357,0.499348,0.504580,0.445293,0.450769,0.428596,0.633202,0.615047,0.604174,0.623962,0.500398,0.593154,0.503264,0.440303,0.563669,0.486062,0.537587,0.492281,0.565079,0.547157,0.614857,0.537992,0.586503,0.554735,0.634739,0.530774,0.557081
0.312410,0.341873,0.000000,0.305198,0.346610,0.199442,0.428473,0.413054,0.459029,0.462524,0.450717,0.408709,0.447754,0.439603,0.448252,0.575786,0.500581,0.486419,0.573983,0.502298,0.567327,0.449513,0.437392,0.501226,0.412634,0.491142,0.519137,0.512413,0.482089,0.457507,0.462355,0.431192,0.496559,0.563751,0.439819,0.416731,0.401026,0.685596,0.540542,0.483216,0.517441,0.499476,0.552376,0.573047,0.599344,0.531710,0.540631,0.444117,0.454041,0.543759,0.627680,0.577229,0.516175,0.516566,0.643432,0.526337,0.459621,0.524885,0.440509,0.591174,0.427930,0.539557,0.601537,0.550716,0.457622,0.568959,0.483539,0.506564,0.543906,0.531394,0.488345,0.651462,0.587054,0.427322,0.610944,0.586217,0.530010,0.461045,0.442058,0.561581,0.655252,0.591555,0.505546,0.565143,0.534417,0.662721,0.531218,0.500774,0.576121,0.433343,0.426301,0.614867,0.578304,0.481036,0.575243,0.609520,0.461612,0.569094,0.625182,0.612820,0.559591
0.357285,0.241318,0.305198,0.000000,0.124743,0.319740,0.370836,0.388671,0.385185,0.409304,0.395749,0.292325,0.415240,0.389692,0.355281,0.513748,0.480683,0.501068,0.633279,0.424418,0.547777,0.248244,0.376780,0.458426,0.490951,0.510195,0.503413,0.463067,0.435430,0.345993,0.475102,0.359219,0.463739,0.608270,0.265654,0.533358,0.320145,0.601974,0.430529,0.353502,0.541193,0.363369,0.465815,0.536212,0.549491,0.464281,0.573760,0.319451,0.335668,0.606882,0.563846,0.512468,0.529883,0.639710,0.603066,0.473345,0.352933,0.422192,0.317893,0.587461,0.407518,0.523594,0.581464,0.392014,0.389961,0.602546,0.540641,0.489531,0.532267,0.563523,0.444230,0.525043,0.597372,0.292350,0.594660,0.520179,0.460430,0.367058,0.429096,0.475473,0.590204,0.610877,0.431961,0.542194,0.345955,0.647846,0.518652,0.512937,0.543562,0.384979,0.396045,0.523189,0.572624,0.410358,0.533872,0.615692,0.473358,0.530404,0.631753,0.555385,0.504833
0.366763,0.367708,0.346610,0.124743,0.000000,0.409637,0.331568,0.406957,0.363092,0.439010,0.375132,0.315497,0.370451,0.373899,0.395163,0.562950,0.541531,0.514703,0.677837,0.363848,0.620441,0.271430,0.393441,0.478008,0.528543,0.502821,0.504390,0.437664,0.449184,0.386626,0.521724,0.378738,0.506635,0.655621,0.359310,0.536283,0.301562,0.632735,0.448099,0.448095,0.584175,0.379277,0.458550,0.582536,0.559691,0.427125,0.632901,0.374238,0.431300,0.622283,0.527820,0.480296,0.554620,0.664398,0.602680,0.554684,0.448384,0.503059,0.392800,0.643250,0.435159,0.516273,0.655119,0.391861,0.392100,0.663736,0.583963,0.500443,0.536713,0.610191,0.432945,0.541384,0.634555,0.398741,0.588984,0.602236,0.465527,0.447141,0.479437,0.536810,0.613678,0.602389,0.430364,0.521102,0.393475,0.655368,0.598291,0.589195,0.594153,0.416186,0.406264,0.581108,0.616280,0.454110,0.510864,0.679840,0.443514,0.534162,0.624277,0.580528,0.526222
0.378157,0.290953,0.199442,0.319740,0.409637,0.000000,0.550009,0.514267,0.531969,0.527375,0.534329,0.436258,0.533922,0.565571,0.473411,0.552962,0.531241,0.512865,0.552889,0.510113,0.528841,0.395837,0.471231,0.558600,0.470264,0.511978,0.551269,0.547786,0.609914,0.395765,0.471537,0.502102,0.501188,0.635631,0.407480,0.515636,0.489329,0.615601,0.570762,0.424793,0.537997,0.533560,0.657497,0.541774,0.651166,0.654451,0.506949,0.508449,0.448602,0.583881,0.719813,0.662637,0.501986,0.552871,0.704002,0.490433,0.358532,0.512585,0.433834,0.559349,0.412924,0.585137,0.602552,0.592155,0.538770,0.567658,0.479612,0.550550,0.585315,0.572348,0.565893,0.674211,0.589705,0.449843,0.656406,0.551654,0.560226,0.440944,0.424765,0.572842,0.674218,0.603832,0.586285,0.619629,0.574350,0.779599,0.510330,0.476743,0.543487,0.437699,0.433490,0.610824,0.601781,0.568171,0.671259,0.561585,0.564390,0.583613,0.647273,0.564425,0.628140
0.392572,0.507977,0.428473,0.370836,0.331568,0.550009,0.000000,0.355780,0.270013,0.550381,0.376371,0.443036,0.220588,0.293251,0.620733,0.552944,0.567501,0.321862,0.674048,0.589024,0.651339,0.550408,0.558895,0.410452,0.524986,0.461538,0.409352,0.403107,0.311368,0.626462,0.566467,0.440698,0.558330,0.567650,0.531972,0.554136,0.374228,0.677094,0.602908,0.648063,0.726252,0.441315,0.324750,0.591394,0.495095,0.333674,0.571155,0.536813,0.634378,0.541806,0.362167,0.440823,0.569715,0.662989,0.400611,0.638761,0.663955,0.630925,0.569292,0.694017,0.658540,0.437917,0.654589,0.348544,0.471821,0.634414,0.587178,0.682942,0.484405,0.478084,0.499374,0.572538,0.722051,0.662099,0.550925,0.663754,0.651121,0.644429,0.653035,0.602760,0.424518,0.522519,0.363506,0.438508,0.386149,0.664433,0.629823,0.693727,0.508799,0.542696,0.537657,0.627557,0.582966,0.400818,0.462356,0.715005,0.495128,0.601536,0.533380,0.675193,0.637788
0.410213,0.494634,0.413054,0.388671,0.406957,0.514267,0.355780,0.000000,0.409369,0.557966,0.304900,0.523562,0.345522,0.327097,0.613637,0.520185,0.573725,0.411901,0.676011,0.627903,0.618929,0.562510,0.592845,0.355123,0.425649,0.435148,0.421678,0.471952,0.153685,0.615594,0.505408,0.480561,0.559493,0.556661,0.558461,0.607696,0.420656,0.748126,0.723613,0.624157,0.687930,0.522045,0.364862,0.571122,0.499215,0.382438,0.553388,0.517323,0.627948,0.445178,0.494751,0.516837,0.574450,0.599424,0.506104,0.599962,0.664723,0.679094,0.521156,0.650390,0.628945,0.471258,0.666851,0.492216,0.477313,0.641799,0.498736,0.653032,0.474265,0.469454,0.539488,0.600559,0.741261,0.674406,0.634564,0.688746,0.696667,0.678321,0.600626,0.598211,0.523498,0.507183,0.482827,0.440992,0.412829,0.577255,0.592859,0.664038,0.455497,0.597418,0.577534,0.613045,0.527516,0.419901,0.380644,0.695636,0.527283,0.690221,0.615207,0.625893,0.688445
0.412136,0.498796,0.459029,0.385185,0.363092,0.531969,0.270013,0.409369,0.000000,0.564165,0.415070,0.497401,0.321239,0.355828,0.592325,0.495903,0.521710,0.375871,0.628160,0.590088,0.604339,0.519497,0.595232,0.462598,0.537973,0.493440,0.395657,0.283856,0.366263,0.573472,0.541929,0.462879,0.495275,0.543856,0.571049,0.561189,0.479451,0.627193,0.650518,0.611847,0.645704,0.444088,0.370923,0.597521,0.403399,0.295762,0.582775,0.587687,0.620894,0.585325,0.406182,0.435328,0.472432,0.663421,0.381870,0.586029,0.661767,0.636890,0.508217,0.683877,0.612921,0.358330,0.679070,0.356270,0.442263,0.653652,0.635398,0.650774,0.472580,0.522526,0.520978,0.549343,0.665053,0.646341,0.594421,0.628815,0.650923,0.670876,0.663475,0.666781,0.372501,0.551276,0.273479,0.443143,0.455121,0.653605,0.657485,0.681431,0.556919,0.540979,0.480469,0.683407,0.578395,0.531573,0.484963,0.709867,0.506272,0.652534,0.451350,0.680477,0.692618
0.412926,0.461331,0.462524,0.409304,0.439010,0.527375,0.550381,0.557966,0.564165,0.000000,0.518417,0.408922,0.566931,0.556007,0.424131,0.620326,0.653785,0.616430,0.649903,0.470017,0.595355,0.481649,0.398981,0.565272,0.627062,0.609326,0.614716,0.630541,0.596076,0.469992,0.614179,0.453915,0.570427,0.663906,0.443310,0.562480,0.503272,0.682931,0.413226,0.242628,0.573611,0.587630,0.649033,0.679654,0.662581,0.616590,0.683818,0.477625,0.494409,0.663931,0.623704,0.647050,0.729310,0.720180,0.697094,0.617408,0.500497,0.518638,0.502286,0.711066,0.441909,0.708268,0.704532,0.584266,0.505621,0.715924,0.633752,0.527388,0.671960,0.707605,0.528641,0.728824,0.655298,0.458104,0.714721,0.616623,0.489204,0.421551,0.438844,0.649962,0.707959,0.707984,0.606563,0.661194,0.608734,0.706358,0.619934,0.655399,0.680376,0.557315,0.560297,0.722127,0.651708,0.531273,0.628876,0.738514,0.532167,0.474886,0.675456,0.612058,0.459283
0.417304,0.519992,0.450717,0.395749,0.375132,0.534329,0.376371,0.304900,0.415070,0.518417,0.000000,0.494843,0.330916,0.188333,0.599551,0.587903,0.615505,0.523399,0.703965,0.613032,0.671224,0.524232,0.581308,0.436359,0.478706,0.473009,0.520336,0.427714,0.334178,0.593648,0.615450,0.536773,0.546645,0.625274,0.540677,0.651279,0.373340,0.726262,0.620153,0.645257,0.718064,0.483271,0.453117,0.626658,0.561936,0.361547,0.659088,0.496421,0.612248,0.459797,0.458317,0.471181,0.585779,0.657779,0.496876,0.625555,0.659712,0.653552,0.470520,0.701690,0.637596,0.490979,0.704091,0.457028,0.427995,0.649288,0.587652,0.592857,0.435849,0.546634,0.538142,0.625034,0.791247,0.618044,0.654091,0.653521,0.639780,0.585992,0.604988,0.612888,0.515418,0.457752,0.530668,0.356133,0.456847,0.581537,0.658027,0.758696,0.480036,0.529646,0.609240,0.647755,0.500314,0.496145,0.402517,0.732474,0.552880,0.663140,0.589907,0.658737,0.650673
0.428103,0.391738,0.408709,0.292325,0.315497,0.436258,0.443036,0.523562,0.497401,0.408922,0.494843,0.000000,0.485533,0.559413,0.356431,0.599603,0.604034,0.527988,0.696901,0.451001,0.639603,0.421529,0.387592,0.439882,0.543002,0.508588,0.589960,0.582897,0.583468,0.463258,0.541141,0.493548,0.566136,0.733897,0.137937,0.576254,0.339976,0.678099,0.398068,0.398738,0.672663,0.482308,0.592594,0.684564,0.695023,0.579383,0.616184,0.480126,0.409491,0.680443,0.656185,0.682412,0.643843,0.739407,0.736199,0.627338,0.441302,0.385835,0.499177,0.651794,0.465305,0.631721,0.660876,0.523370,0.553421,0.700414,0.604769,0.563961,0.631901,0.639021,0.476628,0.593127,0.664261,0.434167,0.592983,0.650306,0.461174,0.482757,0.527763,0.558241,0.708251,0.663095,0.509322,0.643966,0.489678,0.779691,0.607265,0.596720,0.643377,0.440601,0.490846,0.622863,0.619507,0.419850,0.577481,0.699371,0.510365,0.482652,0.670930,0.641502,0.434440
0.428634,0.577836,0.447754,0.415240,0.370451,0.533922,0.220588,0.345522,0.321239,0.566931,0.330916,0.485533,0.000000,0.252049,0.646699,0.581350,0.648897,0.371770,0.732695,0.632073,0.672751,0.560201,0.593752,0.489272,0.450110,0.417375,0.417795,0.384776,0.329001,0.624888,0.596108,0.512678,0.503750,0.610499,0.531286,0.622456,0.388746,0.693270,0.638779,0.660756,0.741785,0.470051,0.391165,0.626981,0.540056,0.275789,0.567681,0.545070,0.676147,0.471079,0.331150,0.410834,0.561399,0.670578,0.418235,0.579871,0.670241,0.674072,0.560551,0.714120,0.649255,0.426431,0.747166,0.394420,0.447011,0.690998,0.573765,0.703937,0.435102,0.525423,0.542258,0.595209,0.857192,0.668984,0.605727,0.651484,0.672691,0.666776,0.644820,0.698051,0.410784,0.461571,0.420197,0.366534,0.466918,0.644859,0.592307,0.777611,0.432534,0.579371,0.551226,0.634923,0.571612,0.452241,0.487904,0.719935,0.530404,0.625110,0.533074,0.686389,0.669170
0.446581,0.575727,0.439603,0.389692,0.373899,0.565571,0.293251,0.327097,0.355828,0.556007,0.188333,0.559413,0.252049,0.000000,0.612675,0.578570,0.649111,0.469074,0.757123,0.613788,0.682477,0.513915,0.597653,0.478980,0.491658,0.505028,0.462350,0.364043,0.260020,0.598544,0.617391,0.476453,0.538266,0.612727,0.576723,0.637787,0.412229,0.748884,0.616257,0.679679,0.733984,0.414956,0.354026,0.631900,0.495430,0.287749,0.671332,0.458197,0.609496,0.493669,0.402152,0.381095,0.577931,0.684150,0.429570,0.613391,0.702518,0.697641,0.471626,0.748117,0.649313,0.417298,0.735951,0.386624,0.339097,0.665342,0.620953,0.588003,0.426732,0.520612,0.538875,0.602418,0.808303,0.638240,0.587905,0.680006,0.653123,0.582857,0.618951,0.655778,0.438779,0.472817,0.474463,0.343388,0.384154,0.661254,0.623198,0.790841,0.479426,0.530423,0.574237,0.652365,0.535243,0.471389,0.477038,0.764462,0.557038,0.664993,0.558510,0.647704,0.641324
0.447231,0.349109,0.448252,0.355281,0.395163,0.473411,0.620733,0.613637,0.592325,0.424131,0.599551,0.356431,0.646699,0.612675,0.000000,0.587588,0.580618,0.669587,0.621245,0.341980,0.607744,0.338789,0.371914,0.618701,0.662796,0.613703,0.662149,0.638100,0.679609,0.312489,0.576693,0.402537,0.539390,0.674702,0.352757,0.598695,0.511756,0.708390,0.346816,0.333985,0.550958,0.470747,0.650923,0.600092,0.671035,0.698415,0.654514,0.435915,0.308942,0.740329,0.758219,0.720514,0.669977,0.662755,0.751103,0.538447,0.443848,0.420978,0.453809,0.589449,0.408211,0.710804,0.556122,0.631012,0.456405,0.618913,0.573481,0.463780,0.654485,0.631639,0.480422,0.627561,0.620930,0.373683,0.628602,0.606443,0.418999,0.385063,0.430918,0.559056,0.745364,0.675481,0.676641,0.659813,0.499297,0.708384,0.570180,0.525744,0.676477,0.436409,0.498234,0.576154,0.589760,0.545500,0.659538,0.651655,0.538388,0.328251,0.757467,0.535166,0.342649
0.450023,0.461833,0.575786,0.513748,0.562950,0.552962,0.552944,0.520185,0.495903,0.620326,0.587903,0.599603,0.581350,0.578570,0.587588,0.000000,0.622153,0.492271,0.718727,0.655810,0.490542,0.583690,0.574542,0.622382,0.627904,0.603150,0.437397,0.520766,0.550803,0.606083,0.582206,0.600139,0.535244,0.521710,0.571139,0.592085,0.687966,0.665641,0.638391,0.602655,0.699553,0.606736,0.567484,0.563672,0.419068,0.527104,0.553919,0.667854,0.682042,0.641207,0.625451,0.608718,0.560516,0.723776,0.608206,0.566866,0.633629,0.609128,0.627749,0.628106,0.631851,0.518800,0.691900,0.611184,0.545776,0.550857,0.610696,0.640016,0.598080,0.636046,0.629962,0.679833,0.701918,0.689774,0.690404,0.617505,0.759735,0.632674,0.624689,0.611112,0.610519,0.612335,0.586554,0.610902,0.553145,0.729853,0.558326,0.637327,0.575255,0.656589,0.623747,0.662383,0.674384,0.686726,0.720031,0.675486,0.617967,0.668681,0.585399,0.632451,0.689007
0.451583,0.430749,0.500581,0.480683,0.541531,0.531241,0.567501,0.573725,0.521710,0.653785,0.615505,0.604034,0.648897,0.649111,0.580618,0.622153,0.000000,0.486698,0.581424,0.635563,0.465327,0.593972,0.666385,0.525620,0.606635,0.578660,0.525919,0.571359,0.616865,0.547416,0.499809,0.550941,0.656752,0.481897,0.630050,0.625836,0.638673,0.570484,0.701759,0.609473,0.605303,0.579919,0.689704,0.552689,0.541467,0.677310,0.558476,0.661427,0.605091,0.643405,0.732442,0.682043,0.523700,0.536704,0.715551,0.645295,0.638939,0.675313,0.643218,0.606034,0.628385,0.556147,0.618372,0.665928,0.623441,0.591267,0.583210,0.710786,0.597041,0.605575,0.647877,0.726901,0.628138,0.593454,0.757705,0.615910,0.696446,0.624974,0.613371,0.572112,0.697098,0.660486,0.452123,0.680032,0.645617,0.711410,0.655302,0.448712,0.686824,0.631125,0.552238,0.691331,0.570455,0.630503,0.645183,0.627807,0.600116,0.687424,0.752065,0.669669,0.755733
0.451651,0.535793,0.486419,0.501068,0.514703,0.512865,0.321862,0.411901,0.375871,0.616430,0.523399,0.527988,0.371770,0.469074,0.669587,0.492271,0.486698,0.000000,0.692007,0.693229,0.490746,0.620811,0.607880,0.424277,0.414055,0.317796,0.344361,0.402645,0.429221,0.680935,0.518247,0.506816,0.448903,0.484667,0.583536,0.558928,0.529153,0.650899,0.725413,0.646218,0.734347,0.618690,0.556603,0.535922,0.556194,0.478411,0.208471,0.725540,0.684744,0.409927,0.557608,0.545524,0.545607,0.586137,0.561615,0.541786,0.665308,0.650595,0.681488,0.597758,0.682827,0.434509,0.653176,0.549579,0.612395,0.610918,0.467695,0.753192,0.425005,0.437359,0.638423,0.657095,0.711376,0.742462,0.626909,0.581650,0.724232,0.717745,0.686270,0.618615,0.537786,0.432161,0.413840,0.460080,0.515363,0.742732,0.504856,0.593109,0.383598,0.637756,0.594260,0.647231,0.539033,0.501222,0.643399,0.678112,0.557322,0.731222,0.549920,0.672885,0.715208
0.452488,0.516215,0.573983,0.633279,0.677837,0.552889,0.674048,0.676011,0.628160,0.649903,0.703965,0.696901,0.732695,0.757123,0.621245,0.718727,0.581424,0.692007,0.000000,0.615675,0.564667,0.667209,0.712910,0.684508,0.690302,0.668185,0.659778,0.680724,0.691895,0.615491,0.612514,0.690597,0.699942,0.602441,0.726680,0.631428,0.727853,0.626034,0.747933,0.639739,0.614194,0.623135,0.704737,0.622512,0.685831,0.738907,0.676031,0.681121,0.690470,0.762541,0.773790,0.733291,0.554157,0.614722,0.732406,0.681790,0.665591,0.740289,0.652231,0.603340,0.703428,0.647166,0.610379,0.709421,0.705568,0.598801,0.639018,0.688606,0.634198,0.603033,0.744958,0.740097,0.602828,0.688846,0.787236,0.695491,0.695751,0.698469,0.688660,0.614870,0.753572,0.677858,0.706604,0.670927,0.718748,0.766724,0.712601,0.561563,0.777234,0.678228,0.618765,0.718437,0.604914,0.648913,0.696619,0.657075,0.698566,0.732136,0.723689,0.576376,0.755777
0.453143,0.423735,0.502298,0.424418,0.363848,0.510113,0.589024,0.627903,0.590088,0.470017,0.613032,0.451001,0.632073,0.613788,0.341980,0.655810,0.635563,0.693229,0.615675,0.000000,0.628473,0.377476,0.445557,0.672107,0.660109,0.646693,0.668245,0.612536,0.683986,0.198343,0.576921,0.468585,0.556566,0.736616,0.508904,0.559115,0.570641,0.742433,0.497125,0.443775,0.569057,0.538365,0.654180,0.636429,0.653802,0.656456,0.690904,0.507517,0.408211,0.725075,0.732137,0.684878,0.631802,0.680083,0.756398,0.598863,0.491466,0.531048,0.488331,0.635475,0.523309,0.648814,0.622252,0.673126,0.534701,0.711064,0.680669,0.580892,0.684346,0.677019,0.557742,0.635406,0.589023,0.496457,0.611116,0.601519,0.442256,0.546479,0.559881,0.645089,0.757085,0.734048,0.652146,0.673881,0.570893,0.696423,0.653154,0.597274,0.692045,0.540576,0.532688,0.566259,0.668509,0.652498,0.692115,0.655917,0.628657,0.550234,0.700932,0.583112,0.531245
0.453264,0.474375,0.567327,0.547777,0.620441,0.528841,0.651339,0.618929,0.604339,0.595355,0.671224,0.639603,0.672751,0.682477,0.607744,0.490542,0.465327,0.490746,0.564667,0.628473,0.000000,0.643369,0.544920,0.593117,0.588100,0.484906,0.517229,0.584778,0.697038,0.635585,0.494645,0.668638,0.552130,0.484668,0.638277,0.603748,0.726893,0.603107,0.718427,0.586596,0.622507,0.682988,0.715157,0.464920,0.589655,0.693732,0.395678,0.720202,0.685788,0.563841,0.739661,0.657475,0.590423,0.521130,0.740852,0.583579,0.579575,0.686660,0.672850,0.592026,0.658923,0.638214,0.604803,0.756173,0.682181,0.507669,0.544839,0.688798,0.567129,0.610623,0.676596,0.751072,0.656363,0.660683,0.761941,0.572531,0.714080,0.687476,0.636866,0.566568,0.747789,0.571530,0.621948,0.660403,0.711464,0.739833,0.550598,0.467173,0.571664,0.648565,0.639531,0.621817,0.560094,0.714843,0.733444,0.649776,0.695105,0.699241,0.717865,0.620888,0.744090
0.459827,0.348071,0.449513,0.248244,0.271430,0.395837,0.550408,0.562510,0.519497,0.481649,0.524232,0.421529,0.560201,0.513915,0.338789,0.583690,0.593972,0.620811,0.667209,0.377476,0.643369,0.000000,0.441581,0.619924,0.576319,0.576959,0.602178,0.530799,0.601204,0.255437,0.531710,0.413846,0.424592,0.678392,0.397015,0.619215,0.504669,0.637801,0.456626,0.373711,0.524669,0.426448,0.555825,0.559021,0.615092,0.549097,0.624680,0.359696,0.376107,0.663159,0.676399,0.604259,0.555432,0.633407,0.715248,0.475029,0.404918,0.481257,0.336603,0.554258,0.463594,0.584968,0.556600,0.471622,0.391819,0.648909,0.573778,0.520338,0.605711,0.591881,0.527522,0.595310,0.605442,0.368939,0.618950,0.514986,0.494382,0.342853,0.464091,0.544529,0.686806,0.641255,0.572995,0.576690,0.408698,0.672004,0.517891,0.566800,0.577349,0.460122,0.463479,0.504821,0.632965,0.573722,0.630019,0.586971,0.596072,0.540501,0.703332,0.506320,0.531900
0.460986,0.437509,0.437392,0.376780,0.393441,0.471231,0.558895,0.592845,0.595232,0.398981,0.581308,0.387592,0.593752,0.597653,0.371914,0.574542,0.666385,0.607880,0.712910,0.445557,0.544920,0.441581,0.000000,0.683971,0.640715,0.579156,0.675845,0.645409,0.638802,0.442974,0.588545,0.496358,0.557765,0.714962,0.389969,0.582986,0.512216,0.714128,0.399164,0.343356,0.597624,0.582525,0.649230,0.578204,0.693458,0.657191,0.635079,0.432088,0.385721,0.666813,0.715976,0.668562,0.700927,0.683492,0.732235,0.562528,0.259306,0.460841,0.492956,0.667503,0.456043,0.735301,0.649598,0.613983,0.523507,0.689233,0.650052,0.523986,0.671134,0.694698,0.516494,0.740003,0.676932,0.401844,0.687108,0.624327,0.447093,0.469016,0.486986,0.630827,0.746199,0.673170,0.637813,0.678474,0.608461,0.764628,0.533750,0.607871,0.654513,0.434952,0.533291,0.633369,0.686067,0.629207,0.712815,0.709739,0.588080,0.508160,0.728260,0.517617,0.455228
0.465232,0.512571,0.501226,0.458426,0.478008,0.558600,0.410452,0.355123,0.462598,0.565272,0.436359,0.439882,0.489272,0.478980,0.618701,0.622382,0.525620,0.424277,0.684508,0.672107,0.593117,0.619924,0.683971,0.000000,0.496518,0.449237,0.415942,0.467662,0.437342,0.667642,0.595158,0.569095,0.705134,0.597630,0.519270,0.596526,0.375332,0.747224,0.677177,0.613356,0.740203,0.513682,0.502369,0.627722,0.610923,0.525216,0.573181,0.627616,0.653704,0.572151,0.601382,0.622941,0.591825,0.669953,0.654959,0.734995,0.719588,0.585113,0.581259,0.669188,0.645314,0.523775,0.662664,0.535630,0.579442,0.673841,0.549376,0.676663,0.488866,0.492883,0.538495,0.536914,0.693316,0.677730,0.633759,0.711467,0.661324,0.672875,0.610362,0.572845,0.642571,0.520995,0.481898,0.501122,0.488656,0.674897,0.731646,0.634759,0.567672,0.580161,0.604482,0.694959,0.512522,0.468009,0.404405,0.725614,0.582360,0.718951,0.682741,0.704888,0.710283
0.465585,0.564770,0.412634,0.490951,0.528543,0.470264,0.524986,0.425649,0.537973,0.627062,0.478706,0.543002,0.450110,0.491658,0.662796,0.627904,0.606635,0.414055,0.690302,0.660109,0.588100,0.576319,0.640715,0.496518,0.000000,0.312354,0.552127,0.436191,0.498667,0.656216,0.494879,0.622723,0.470473,0.612059,0.563022,0.561524,0.598404,0.775186,0.694244,0.686444,0.672165,0.588444,0.574169,0.489624,0.673939,0.551041,0.425840,0.654727,0.681657,0.374787,0.633505,0.620016,0.576252,0.518314,0.663787,0.484597,0.682767,0.635825,0.548104,0.555159,0.657809,0.577514,0.645587,0.616318,0.588364,0.585485,0.358735,0.713332,0.380746,0.386566,0.688744,0.677694,0.754557,0.686933,0.565680,0.592891,0.731435,0.644751,0.617737,0.544574,0.631544,0.389636,0.590993,0.426975,0.597065,0.653580,0.533805,0.580927,0.394491,0.602620,0.693609,0.539591,0.453705,0.603170,0.535722,0.565877,0.713359,0.688482,0.621027,0.611719,0.728238
0.466684,0.536928,0.491142,0.510195,0.502821,0.511978,0.461538,0.435148,0.493440,0.609326,0.473009,0.508588,0.417375,0.505028,0.613703,0.603150,0.578660,0.317796,0.668185,0.646693,0.484906,0.576959,0.579156,0.449237,0.312354,0.000000,0.505181,0.392208,0.516394,0.643613,0.547597,0.613499,0.409181,0.581605,0.553894,0.623896,0.525012,0.752466,0.699068,0.636984,0.720589,0.659785,0.627175,0.505940,0.696436,0.547827,0.307176,0.694927,0.706372,0.329681,0.563951,0.612481,0.586392,0.518058,0.643741,0.459986,0.672309,0.615813,0.623051,0.582315,0.668159,0.570403,0.633654,0.649119,0.644637,0.671945,0.346916,0.789487,0.376629,0.388477,0.653609,0.680109,0.792768,0.743552,0.643032,0.516504,0.727164,0.685047,0.639167,0.576275,0.615468,0.311240,0.547341,0.400582,0.602378,0.719067,0.464949,0.637259,0.295680,0.589642,0.713955,0.561685,0.425351,0.635682,0.577078,0.617564,0.611403,0.671266,0.579234,0.630540,0.669200
0.470620,0.545800,0.519137,0.503413,0.504390,0.551269,0.409352,0.421678,0.395657,0.614716,0.520336,0.589960,0.417795,0.462350,0.662149,0.437397,0.525919,0.344361,0.659778,0.668245,0.517229,0.602178,0.675845,0.415942,0.552127,0.505181,0.000000,0.437773,0.406187,0.625890,0.522485,0.486102,0.570620,0.435081,0.604250,0.637815,0.557285,0.668313,0.742772,0.631765,0.668069,0.475091,0.499824,0.554182,0.416267,0.472259,0.510535,0.644429,0.723617,0.587521,0.565222,0.554640,0.491484,0.693531,0.551130,0.630338,0.659871,0.690199,0.597516,0.633373,0.700258,0.428626,0.677389,0.545367,0.509919,0.588909,0.554156,0.666670,0.462615,0.542165,0.614739,0.657901,0.732841,0.693146,0.653749,0.601593,0.731954,0.679095,0.657121,0.619924,0.541814,0.543239,0.427151,0.458788,0.484462,0.736380,0.581749,0.609957,0.541066,0.633042,0.588518,0.677110,0.562937,0.598652,0.604891,0.673062,0.589861,0.745087,0.585418,0.654502,0.799954
0.471244,0.558491,0.512413,0.463067,0.437664,0.547786,0.403107,0.471952,0.283856,0.630541,0.427714,0.582897,0.384776,0.364043,0.638100,0.520766,0.571359,0.402645,0.680724,0.612536,0.584778,0.530799,0.645409,0.467662,0.436191,0.392208,0.437773,0.000000,0.450951,0.597916,0.574349,0.559252,0.430423,0.594246,0.646002,0.577920,0.545572,0.750393,0.704651,0.677263,0.688604,0.479979,0.460466,0.547456,0.498085,0.371766,0.503594,0.631438,0.676101,0.424380,0.487481,0.463070,0.430842,0.571251,0.501955,0.491905,0.678873,0.680900,0.522947,0.639568,0.674006,0.372355,0.674376,0.474710,0.507903,0.625293,0.514210,0.691084,0.340394,0.445015,0.598904,0.534285,0.719267,0.701736,0.616874,0.567730,0.704488,0.631863,0.656207,0.645763,0.441762,0.374969,0.447976,0.336625,0.466893,0.686735,0.601552,0.672804,0.377175,0.532445,0.625307,0.633558,0.457994,0.599774,0.538876,0.664338,0.613332,0.733698,0.523483,0.634714,0.754373
0.475438,0.574934,0.482089,0.435430,0.449184,0.609914,0.311368,0.153685,0.366263,0.596076,0.334178,0.583468,0.329001,0.260020,0.679609,0.550803,0.616865,0.429221,0.691895,0.683986,0.697038,0.601204,0.638802,0.437342,0.498667,0.516394,0.406187,0.450951,0.000000,0.662734,0.529846,0.504951,0.606066,0.580405,0.621854,0.630528,0.438155,0.721885,0.746068,0.687252,0.753197,0.508553,0.297698,0.619825,0.437357,0.308371,0.628747,0.566799,0.698712,0.565272,0.441538,0.460446,0.531977,0.679697,0.454286,0.652788,0.700004,0.738030,0.548245,0.684492,0.719856,0.443825,0.696723,0.447799,0.420699,0.635168,0.571823,0.668113,0.475730,0.509915,0.587154,0.586746,0.731936,0.742208,0.606789,0.695295,0.752289,0.719255,0.705146,0.616125,0.469570,0.524130,0.424914,0.415419,0.393407,0.631169,0.632727,0.705899,0.569821,0.619828,0.578899,0.675005,0.550623,0.427328,0.423907,0.713552,0.548131,0.744926,0.593799,0.631956,0.744381
0.477172,0.325476,0.457507,0.345993,0.386626,0.395765,0.626462,0.615594,0.573472,0.469992,0.593648,0.463258,0.624888,0.598544,0.312489,0.606083,0.547416,0.680935,0.615491,0.198343,0.635585,0.255437,0.442974,0.667642,0.656216,0.643613,0.625890,0.597916,0.662734,0.000000,0.546043,0.382751,0.483567,0.691013,0.438205,0.590437,0.587292,0.688222,0.524173,0.329133,0.522244,0.493207,0.649230,0.588835,0.627370,0.646513,0.662738,0.435056,0.340627,0.704152,0.736150,0.675938,0.547593,0.690707,0.757344,0.515757,0.378925,0.510127,0.391148,0.544325,0.479802,0.586415,0.549056,0.630425,0.499802,0.683289,0.651140,0.593387,0.692726,0.639712,0.631937,0.662534,0.580286,0.387004,0.681414,0.542597,0.511911,0.441040,0.511536,0.596499,0.731614,0.713853,0.648367,0.664237,0.513259,0.698809,0.606665,0.541988,0.624454,0.482743,0.526164,0.532971,0.650165,0.653722,0.712694,0.576677,0.673374,0.588098,0.721171,0.516896,0.541812
0.480935,0.494058,0.462355,0.475102,0.521724,0.471537,0.566467,0.505408,0.541929,0.614179,0.615450,0.541141,0.596108,0.617391,0.576693,0.582206,0.499809,0.518247,0.612514,0.576921,0.494645,0.531710,0.588545,0.595158,0.494879,0.547597,0.522485,0.574349,0.529846,0.546043,0.000000,0.555782,0.560323,0.589846,0.573359,0.554433,0.635317,0.669918,0.659624,0.576410,0.594116,0.501083,0.586604,0.418068,0.531072,0.653221,0.503529,0.623374,0.614221,0.598984,0.746545,0.672539,0.562581,0.566136,0.743165,0.532437,0.585330,0.639963,0.561552,0.504142,0.575903,0.592218,0.501352,0.591775,0.550150,0.445999,0.406047,0.635543,0.549057,0.493048,0.670850,0.689910,0.630028,0.560767,0.600145,0.561711,0.676628,0.602657,0.555645,0.463708,0.728251,0.581367,0.486115,0.603973,0.559373,0.720872,0.534499,0.382667,0.578196,0.538738,0.367891,0.501455,0.546831,0.645661,0.631009,0.531386,0.638073,0.667343,0.736998,0.480512,0.699016
0.481234,0.498094,0.431192,0.359219,0.378738,0.502102,0.440698,0.480561,0.462879,0.453915,0.536773,0.493548,0.512678,0.476453,0.402537,0.600139,0.550941,0.506816,0.690597,0.468585,0.668638,0.413846,0.496358,0.569095,0.622723,0.613499,0.486102,0.559252,0.504951,0.382751,0.555782,0.000000,0.524534,0.623625,0.494398,0.576157,0.470994,0.734212,0.509306,0.460799,0.546917,0.440617,0.528732,0.653065,0.585891,0.566358,0.633687,0.431561,0.427696,0.699587,0.573983,0.604855,0.602543,0.720479,0.657465,0.587904,0.480562,0.532699,0.429305,0.673779,0.558770,0.611343,0.676777,0.505774,0.394257,0.705308,0.664326,0.532304,0.644339,0.567758,0.504502,0.655704,0.696621,0.497392,0.595067,0.598166,0.508007,0.490448,0.549741,0.650094,0.621862,0.712173,0.500396,0.603366,0.429142,0.674475,0.588184,0.611727,0.624110,0.445192,0.456245,0.624408,0.685418,0.535486,0.628784,0.705906,0.493232,0.523186,0.688681,0.592923,0.491328
0.481396,0.492400,0.496559,0.463739,0.506635,0.501188,0.558330,0.559493,0.495275,0.570427,0.546645,0.566136,0.503750,0.538266,0.539390,0.535244,0.656752,0.448903,0.699942,0.556566,0.552130,0.424592,0.557765,0.705134,0.470473,0.409181,0.570620,0.430423,0.606066,0.483567,0.560323,0.524534,0.000000,0.575124,0.587595,0.561478,0.677070,0.701639,0.701198,0.550150,0.584988,0.634788,0.670836,0.542490,0.595129,0.557236,0.382946,0.625252,0.601773,0.490181,0.570809,0.588206,0.538759,0.556226,0.618876,0.180711,0.551444,0.650953,0.521313,0.656903,0.623177,0.495799,0.672074,0.627875,0.618755,0.697264,0.448559,0.729610,0.565613,0.567526,0.694543,0.691998,0.731350,0.590790,0.732763,0.356470,0.683220,0.573779,0.625939,0.659244,0.607108,0.525289,0.633503,0.531424,0.593954,0.747341,0.332693,0.634167,0.371476,0.560004,0.670114,0.517644,0.642342,0.692252,0.754528,0.657498,0.757143,0.646692,0.487486,0.658750,0.660275
0.481641,0.490654,0.563751,0.608270,0.655621,0.635631,0.567650,0.556661,0.543856,0.663906,0.625274,0.733897,0.610499,0.612727,0.674702,0.521710,0.481897,0.484667,0.602441,0.736616,0.484668,0.678392,0.714962,0.597630,0.612059,0.581605,0.435081,0.594246,0.580405,0.691013,0.589846,0.623625,0.575124,0.000000,0.743612,0.587356,0.699124,0.712526,0.732843,0.650674,0.597109,0.654051,0.607232,0.552628,0.421253,0.612195,0.586735,0.723718,0.756774,0.560840,0.624749,0.603008,0.568279,0.586287,0.621827,0.625494,0.726029,0.761954,0.729580,0.644649,0.784876,0.523764,0.591777,0.693288,0.643704,0.538924,0.597756,0.775065,0.606438,0.548240,0.696074,0.744338,0.674319,0.688527,0.742651,0.555486,0.790842,0.799200,0.709174,0.604694,0.633424,0.630449,0.606668,0.625542,0.656009,0.712932,0.531715,0.627476,0.592787,0.724604,0.689906,0.649726,0.602178,0.685211,0.654532,0.663537,0.676504,0.719332,0.655304,0.664482,0.810057
0.483785,0.345905,0.439819,0.265654,0.359310,0.407480,0.531972,0.558461,0.571049,0.443310,0.540677,0.137937,0.531286,0.576723,0.352757,0.571139,0.630050,0.583536,0.726680,0.508904,0.638277,0.397015,0.389969,0.519270,0.563022,0.553894,0.604250,0.646002,0.621854,0.438205,0.573359,0.494398,0.587595,0.743612,0.000000,0.613553,0.359336,0.681763,0.413541,0.341876,0.677663,0.491454,0.631665,0.662628,0.704369,0.618047,0.655994,0.469818,0.360076,0.704359,0.713851,0.709237,0.666594,0.785954,0.772381,0.597265,0.378851,0.364489,0.480960,0.646472,0.487239,0.673526,0.656701,0.541120,0.541069,0.696626,0.611715,0.578354,0.652824,0.654328,0.521284,0.616101,0.660401,0.381036,0.634681,0.659002,0.484595,0.457126,0.520452,0.553173,0.739730,0.690171,0.592153,0.677115,0.497077,0.790354,0.556042,0.610357,0.641160,0.440453,0.490932,0.631905,0.637069,0.480838,0.669049,0.700919,0.569880,0.520316,0.753586,0.615026,0.468443
0.486624,0.492694,0.416731,0.533358,0.536283,0.515636,0.554136,0.607696,0.561189,0.562480,0.651279,0.576254,0.622456,0.637787,0.598695,0.592085,0.625836,0.558928,0.631428,0.559115,0.603748,0.619215,0.582986,0.596526,0.561524,0.623896,0.637815,0.577920,0.630528,0.590437,0.554433,0.576157,0.561478,0.587356,0.613553,0.000000,0.614819,0.717707,0.636056,0.539251,0.637178,0.646910,0.630672,0.601414,0.637244,0.625560,0.601996,0.627720,0.565879,0.639811,0.699032,0.644697,0.598324,0.648456,0.731398,0.570676,0.567133,0.600425,0.576784,0.664525,0.585693,0.597391,0.652720,0.700370,0.630621,0.640249,0.568939,0.613643,0.629770,0.587667,0.613440,0.711606,0.551315,0.619775,0.704572,0.667830,0.650082,0.625503,0.641449,0.595960,0.722203,0.656151,0.616667,0.658848,0.621670,0.737254,0.602834,0.551914,0.660672,0.529531,0.570201,0.678805,0.628013,0.626187,0.666703,0.647974,0.603887,0.657220,0.644400,0.663098,0.677930
0.493981,0.519542,0.401026,0.320145,0.301562,0.489329,0.374228,0.420656,0.479451,0.503272,0.373340,0.339976,0.388746,0.412229,0.511756,0.687966,0.638673,0.529153,0.727853,0.570641,0.726893,0.504669,0.512216,0.375332,0.598404,0.525012,0.557285,0.545572,0.438155,0.587292,0.635317,0.470994,0.677070,0.699124,0.359336,0.614819,0.000000,0.754442,0.530794,0.560266,0.726797,0.481793,0.515817,0.714477,0.677971,0.478005,0.705943,0.517932,0.531623,0.637755,0.493645,0.536923,0.652224,0.731572,0.613031,0.721706,0.586095,0.502236,0.518122,0.755449,0.588432,0.588948,0.757806,0.461439,0.462314,0.732459,0.625313,0.624522,0.584552,0.637387,0.423359,0.567716,0.782471,0.507776,0.634334,0.709533,0.517153,0.556793,0.624323,0.624220,0.643366,0.625581,0.473554,0.559168,0.467830,0.715927,0.714607,0.727367,0.639518,0.455835,0.501041,0.718073,0.612134,0.362404,0.497176,0.786005,0.467916,0.614737,0.717973,0.681637,0.544359
0.494344,0.542881,0.685596,0.601974,0.632735,0.615601,0.677094,0.748126,0.627193,0.682931,0.726262,0.678099,0.693270,0.748884,0.708390,0.665641,0.570484,0.650899,0.626034,0.742433,0.603107,0.637801,0.714128,0.747224,0.775186,0.752466,0.668313,0.750393,0.721885,0.688222,0.669918,0.734212,0.701639,0.712526,0.681763,0.717707,0.754442,0.000000,0.746844,0.647206,0.676669,0.703936,0.701471,0.668219,0.764766,0.748642,0.655725,0.753993,0.689355,0.808492,0.686132,0.716759,0.592096,0.769661,0.707954,0.728455,0.624787,0.730592,0.724467,0.660976,0.710119,0.722694,0.681569,0.676165,0.722696,0.666783,0.705106,0.762918,0.801455,0.822378,0.779402,0.696341,0.700884,0.724011,0.769893,0.689094,0.763425,0.696143,0.731071,0.658025,0.662765,0.778489,0.664339,0.801230,0.758286,0.809242,0.716313,0.581720,0.799460,0.733940,0.651749,0.784313,0.760663,0.745066,0.757924,0.699731,0.768677,0.712261,0.682782,0.646364,0.801654
0.495549,0.479903,0.540542,0.430529,0.448099,0.570762,0.602908,0.723613,0.650518,0.413226,0.620153,0.398068,0.638779,0.616257,0.346816,0.638391,0.701759,0.725413,0.747933,0.497125,0.718427,0.456626,0.399164,0.677177,0.694244,0.699068,0.742772,0.704651,0.746068,0.524173,0.659624,0.509306,0.701198,0.732843,0.413541,0.636056,0.530794,0.746844,0.000000,0.448746,0.641516,0.510786,0.614347,0.652803,0.693946,0.638589,0.745172,0.441943,0.395739,0.792268,0.705983,0.697864,0.775101,0.782617,0.742225,0.696578,0.527934,0.451242,0.539522,0.706437,0.503242,0.773468,0.631217,0.554131,0.493427,0.634202,0.720207,0.457854,0.715945,0.702832,0.497574,0.676392,0.695695,0.403267,0.595392,0.689376,0.457166,0.414411,0.517323,0.553515,0.739762,0.733635,0.690366,0.684926,0.583323,0.727586,0.633323,0.605144,0.770016,0.528122,0.503792,0.641523,0.692908,0.596394,0.650607,0.714648,0.623468,0.310541,0.753517,0.600726,0.339111
0.499297,0.314985,0.483216,0.353502,0.448095,0.424793,0.648063,0.624157,0.611847,0.242628,0.645257,0.398738,0.660756,0.679679,0.333985,0.602655,0.609473,0.646218,0.639739,0.443775,0.586596,0.373711,0.343356,0.613356,0.686444,0.636984,0.631765,0.677263,0.687252,0.329133,0.576410,0.460799,0.550150,0.650674,0.341876,0.539251,0.560266,0.647206,0.448746,0.000000,0.540244,0.588968,0.722818,0.637780,0.670919,0.720736,0.627566,0.469783,0.350642,0.739611,0.769856,0.735601,0.649393,0.729326,0.819668,0.550746,0.297910,0.421581,0.439374,0.628597,0.415438,0.688253,0.638113,0.628417,0.579997,0.683893,0.634081,0.586523,0.742695,0.700322,0.562657,0.720255,0.565871,0.354583,0.689516,0.543973,0.482503,0.415279,0.438616,0.600064,0.772986,0.758353,0.649196,0.760029,0.580851,0.779762,0.547205,0.555549,0.675824,0.475718,0.514414,0.659902,0.695036,0.606903,0.713248,0.666698,0.584641,0.518295,0.746030,0.547772,0.501032
0.503012,0.442725,0.517441,0.541193,0.584175,0.537997,0.726252,0.687930,0.645704,0.573611,0.718064,0.672663,0.741785,0.733984,0.550958,0.699553,0.605303,0.734347,0.614194,0.569057,0.622507,0.524669,0.597624,0.740203,0.672165,0.720589,0.668069,0.688604,0.753197,0.522244,0.594116,0.546917,0.584988,0.597109,0.677663,0.637178,0.726797,0.676669,0.641516,0.540244,0.000000,0.629012,0.749374,0.641873,0.675232,0.735355,0.670331,0.634138,0.544842,0.751878,0.782756,0.710134,0.621740,0.626386,0.760789,0.562270,0.618540,0.694822,0.572749,0.621130,0.587788,0.698782,0.595463,0.712861,0.689251,0.722806,0.638625,0.603277,0.732080,0.691574,0.674547,0.754904,0.609318,0.478987,0.800622,0.635155,0.525412,0.619020,0.600627,0.679257,0.774934,0.749009,0.723339,0.720265,0.775058,0.701692,0.666221,0.502268,0.722823,0.683686,0.650541,0.668372,0.695151,0.753893,0.805083,0.563033,0.724417,0.690952,0.685087,0.625916,0.689961
0.503027,0.516943,0.499476,0.363369,0.379277,0.533560,0.441315,0.522045,0.444088,0.587630,0.483271,0.482308,0.470051,0.414956,0.470747,0.606736,0.579919,0.618690,0.623135,0.538365,0.682988,0.426448,0.582525,0.513682,0.588444,0.659785,0.475091,0.479979,0.508553,0.493207,0.501083,0.440617,0.634788,0.654051,0.491454,0.646910,0.481793,0.703936,0.510786,0.588968,0.629012,0.000000,0.452710,0.536698,0.458823,0.476051,0.736263,0.352638,0.503558,0.694984,0.591944,0.599693,0.579503,0.738906,0.650164,0.637111,0.607246,0.595032,0.426575,0.587615,0.597671,0.521853,0.578204,0.278394,0.351171,0.604488,0.594915,0.430054,0.503047,0.510933,0.596972,0.568796,0.720027,0.526004,0.568584,0.687765,0.573659,0.508689,0.571438,0.533062,0.641367,0.637131,0.461614,0.504975,0.338304,0.711589,0.637436,0.613614,0.650353,0.469928,0.417086,0.558629,0.531931,0.559121,0.534598,0.600413,0.580433,0.570286,0.724115,0.482981,0.606975
0.503373,0.594970,0.552376,0.465815,0.458550,0.657497,0.324750,0.364862,0.370923,0.649033,0.453117,0.592594,0.391165,0.354026,0.650923,0.567484,0.689704,0.556603,0.704737,0.654180,0.715157,0.555825,0.649230,0.502369,0.574169,0.627175,0.499824,0.460466,0.297698,0.649230,0.586604,0.528732,0.670836,0.607232,0.631665,0.630672,0.515817,0.701471,0.614347,0.722818,0.749374,0.452710,0.000000,0.634290,0.470582,0.343079,0.749443,0.540139,0.634508,0.625268,0.487287,0.473255,0.536405,0.733271,0.510548,0.699347,0.722003,0.718996,0.537971,0.695739,0.708267,0.448845,0.611820,0.395683,0.429519,0.649733,0.687833,0.651670,0.578149,0.511955,0.572640,0.555822,0.675579,0.674028,0.509852,0.719262,0.723864,0.688095,0.731163,0.587792,0.543634,0.609902,0.444568,0.478005,0.369758,0.658892,0.702592,0.726711,0.634270,0.530072,0.538535,0.623349,0.662635,0.505185,0.263357,0.709784,0.602646,0.666559,0.651427,0.600643,0.732146
0.503555,0.511586,0.573047,0.536212,0.582536,0.541774,0.591394,0.571122,0.597521,0.679654,0.626658,0.684564,0.626981,0.631900,0.600092,0.563672,0.552689,0.535922,0.622512,0.636429,0.464920,0.559021,0.578204,0.627722,0.489624,0.505940,0.554182,0.547456,0.619825,0.588835,0.418068,0.653065,0.542490,0.552628,0.662628,0.601414,0.714477,0.668219,0.652803,0.637780,0.641873,0.536698,0.634290,0.000000,0.598812,0.698186,0.481534,0.614157,0.611114,0.552759,0.780965,0.686776,0.608348,0.529842,0.787916,0.498624,0.638709,0.690539,0.554228,0.419808,0.729187,0.619306,0.455683,0.627051,0.601381,0.407624,0.469057,0.692287,0.480971,0.422421,0.728081,0.707939,0.726985,0.669909,0.637866,0.544566,0.706301,0.648573,0.652062,0.410557,0.779107,0.477501,0.652285,0.565945,0.584984,0.715285,0.457603,0.455000,0.507259,0.629288,0.635880,0.419455,0.450800,0.799044,0.684020,0.428487,0.713222,0.703326,0.788944,0.451722,0.730303
