0.000000,0.212551,0.482465,0.485735,0.487358,0.493320,0.516698,0.524106,0.527227,0.528385,0.528544,0.534792,0.535241,0.537590,0.537776,0.538185,0.538537,0.539637,0.542244,0.542923,0.545155,0.545366,0.545837,0.545936,0.546673,0.546970,0.548364,0.549867,0.550372,0.552233,0.552515,0.553686,0.555625,0.557459,0.557548,0.559763,0.564716,0.565409,0.567005,0.567965,0.568742,0.571383,0.571603,0.571985,0.572168,0.573114,0.574700,0.575688,0.575748,0.576209,0.576265,0.576893,0.577365,0.578166,0.578367,0.578827,0.579195,0.579615,0.580266,0.580277,0.580482,0.580531,0.581134,0.581972,0.582399,0.583115,0.583573,0.584645,0.585037,0.585093,0.585684,0.586535,0.589285,0.589450,0.590327,0.590738,0.591156,0.591722,0.592509,0.592562,0.592610,0.592655,0.592684,0.593212,0.593260,0.593616,0.595139,0.595445,0.595864,0.596117,0.596454,0.596584,0.596945,0.597831,0.598432,0.599153,0.599278,0.599284,0.599798,0.599811,0.600421,0.600545,0.600821,0.600878,0.602474,0.602684,0.602744,0.602793,0.602942,0.602982,0.603165,0.604505,0.605175,0.605686,0.605893,0.606291,0.606541,0.606755,0.606934,0.606955,0.607522,0.607935,0.608233,0.608354,0.608396,0.608417,0.608692,0.609771,0.609915,0.610432,0.610693,0.611302,0.612907,0.612979,0.613512,0.614082,0.614316,0.614536,0.614802,0.615216,0.615270,0.615344,0.615366,0.615528,0.615891,0.615955,0.616763,0.616841,0.616933,0.617120,0.617120,0.617267,0.617276,0.617381,0.619187,0.619387,0.619428,0.619852,0.620367,0.620505,0.620513,0.620686,0.620824,0.621023,0.621185,0.621554,0.621710,0.622027,0.622072,0.622518,0.622636,0.622986,0.623329,0.623496,0.623686,0.623731,0.624081,0.624146,0.624452,0.624657,0.624920,0.625018,0.625064,0.625551,0.626216,0.626255,0.626267,0.626357,0.626621,0.626703,0.626750,0.627085,0.627090,0.627356,0.627442,0.627702,0.627917,0.627972,0.628049,0.628345,0.628610
0.212551,0.000000,0.494093,0.654262,0.569214,0.659463,0.656865,0.649848,0.666800,0.479160,0.674373,0.694479,0.669606,0.690631,0.680846,0.666938,0.632157,0.711252,0.691922,0.710297,0.700122,0.640510,0.673042,0.671309,0.713075,0.725464,0.732752,0.749680,0.697662,0.583485,0.697983,0.677434,0.643937,0.689120,0.544924,0.687896,0.678276,0.567921,0.690701,0.678872,0.726268,0.584065,0.734067,0.727551,0.725600,0.681112,0.699841,0.620501,0.687184,0.746447,0.643153,0.678163,0.723012,0.736522,0.722597,0.473437,0.746627,0.618929,0.566959,0.736971,0.702867,0.741409,0.691955,0.657316,0.733216,0.723143,0.715036,0.649352,0.727927,0.690567,0.706900,0.569316,0.624791,0.704075,0.603222,0.691056,0.727037,0.728091,0.692653,0.592233,0.655355,0.654820,0.727192,0.580846,0.682283,0.554231,0.745776,0.644845,0.724875,0.653179,0.738739,0.728606,0.692405,0.713604,0.741934,0.691832,0.740855,0.669503,0.682943,0.676939,0.684857,0.715116,0.715830,0.639707,0.591677,0.734277,0.626033,0.720697,0.675153,0.681674,0.597398,0.680339,0.706952,0.654269,0.713541,0.710217,0.658426,0.686264,0.766416,0.564800,0.658005,0.696645,0.547217,0.713487,0.672037,0.718048,0.709176,0.655709,0.710004,0.606864,0.563414,0.729917,0.712228,0.702572,0.589570,0.680612,0.779615,0.623893,0.668759,0.762284,0.764327,0.726335,0.730250,0.706738,0.752878,0.735703,0.769425,0.720291,0.754854,0.592438,0.746941,0.720686,0.739310,0.661665,0.692397,0.575395,0.690384,0.594376,0.754588,0.764047,0.759965,0.655291,0.605334,0.744890,0.566164,0.661773,0.690751,0.713519,0.595176,0.718090,0.751442,0.637890,0.717389,0.708250,0.719417,0.696095,0.720879,0.679599,0.746724,0.749500,0.676376,0.698755,0.685702,0.678446,0.723908,0.729088,0.590255,0.574679,0.690375,0.729259,0.663261,0.721435,0.758522,0.738798,0.748971,0.650593,0.604553,0.729958,0.583423,0.677561,0.754033
0.482465,0.494093,0.000000,0.692898,0.723056,0.714531,0.754079,0.644996,0.643153,0.671197,0.620182,0.659349,0.663459,0.674439,0.671649,0.651924,0.714213,0.671174,0.764747,0.692772,0.754257,0.708441,0.736519,0.596477,0.572368,0.715950,0.688325,0.664089,0.719667,0.519342,0.688350,0.747051,0.679728,0.706950,0.673227,0.717029,0.705397,0.566803,0.702341,0.543883,0.627572,0.570357,0.751742,0.691435,0.766502,0.642291,0.688189,0.737237,0.569363,0.595296,0.547526,0.730718,0.692283,0.722512,0.755411,0.733062,0.612471,0.734365,0.598458,0.726466,0.718985,0.738443,0.793931,0.774453,0.716534,0.767351,0.685254,0.752010,0.738444,0.654738,0.611102,0.726926,0.657669,0.729642,0.645375,0.793455,0.755445,0.617653,0.576797,0.739156,0.664538,0.570993,0.626450,0.706693,0.752311,0.589467,0.778757,0.672759,0.764732,0.621810,0.639798,0.745697,0.685540,0.695831,0.743211,0.816703,0.763461,0.762429,0.609417,0.699664,0.713103,0.791808,0.721236,0.592860,0.717676,0.734557,0.715296,0.728219,0.725240,0.764661,0.713944,0.705897,0.798450,0.734353,0.664374,0.656947,0.737643,0.710620,0.648762,0.574237,0.730122,0.687884,0.705079,0.696702,0.646488,0.705839,0.641367,0.725633,0.772218,0.618732,0.682676,0.654979,0.678817,0.715382,0.657232,0.658899,0.670263,0.579452,0.707754,0.689598,0.656488,0.666334,0.734535,0.708620,0.720709,0.687575,0.634249,0.563014,0.713505,0.680112,0.701172,0.685958,0.748654,0.620408,0.732503,0.691926,0.733988,0.707084,0.674429,0.742796,0.709986,0.733062,0.659678,0.777058,0.655730,0.825789,0.618253,0.769106,0.679427,0.627119,0.694357,0.725571,0.725049,0.681937,0.666565,0.669400,0.603841,0.799064,0.712364,0.734997,0.831318,0.713932,0.587661,0.630418,0.835784,0.760371,0.544754,0.745803,0.693678,0.756963,0.598838,0.782251,0.734707,0.707672,0.727167,0.690819,0.703946,0.729949,0.702539,0.781614,0.714101
0.485735,0.654262,0.692898,0.000000,0.677822,0.764807,0.789680,0.367559,0.297983,0.790013,0.360254,0.271193,0.345867,0.332406,0.302075,0.414492,0.388820,0.315833,0.778369,0.364078,0.803056,0.571785,0.355067,0.344418,0.386299,0.412873,0.286409,0.346113,0.767890,0.530143,0.319603,0.468651,0.330677,0.688451,0.796555,0.402622,0.377707,0.611170,0.241530,0.370643,0.702510,0.623625,0.771612,0.395142,0.830000,0.371281,0.701496,0.717764,0.394149,0.511670,0.555704,0.315444,0.373984,0.310399,0.733887,0.758493,0.404977,0.537788,0.665800,0.735120,0.521180,0.750764,0.497666,0.741348,0.729884,0.759001,0.723344,0.371365,0.766922,0.395963,0.398949,0.820207,0.541162,0.361363,0.652425,0.550482,0.744647,0.429030,0.453435,0.788988,0.461832,0.400545,0.480293,0.566377,0.480654,0.760701,0.774923,0.473954,0.485928,0.564811,0.395914,0.721674,0.423252,0.491890,0.790461,0.696958,0.698643,0.498198,0.355564,0.454165,0.502445,0.460677,0.732782,0.593813,0.811760,0.747726,0.547214,0.668165,0.541904,0.391620,0.821539,0.425667,0.546207,0.588726,0.452278,0.461497,0.513839,0.807256,0.319686,0.842446,0.766548,0.515550,0.800168,0.462065,0.480611,0.390828,0.559368,0.592235,0.559601,0.760776,0.785028,0.475044,0.450216,0.466409,0.739331,0.511725,0.757030,0.785471,0.477358,0.366611,0.419796,0.398617,0.548936,0.740204,0.764243,0.462495,0.455177,0.432983,0.439315,0.840830,0.777184,0.569714,0.365148,0.584153,0.561249,0.790453,0.564929,0.817196,0.439801,0.442270,0.457702,0.789054,0.721339,0.875510,0.851021,0.558837,0.593798,0.729461,0.800561,0.521803,0.367215,0.496676,0.781672,0.419246,0.462806,0.501925,0.456563,0.525148,0.427111,0.736751,0.526021,0.494837,0.485590,0.500601,0.741708,0.785140,0.611866,0.485541,0.514179,0.773545,0.565876,0.500104,0.714853,0.443118,0.377291,0.759200,0.714398,0.396281,0.821340,0.428431,0.407802
0.487358,0.569214,0.723056,0.677822,0.000000,0.669370,0.691916,0.686217,0.776782,0.609268,0.760633,0.723179,0.800454,0.686050,0.796241,0.712623,0.632601,0.734197,0.688814,0.713367,0.696181,0.670612,0.646643,0.730969,0.737557,0.607649,0.732670,0.755634,0.722067,0.626663,0.747993,0.663502,0.767671,0.672459,0.711820,0.789960,0.803110,0.658133,0.717718,0.800990,0.597083,0.639302,0.717060,0.792704,0.706500,0.776093,0.742178,0.364416,0.757433,0.717975,0.663267,0.801573,0.707382,0.725497,0.738539,0.251697,0.716932,0.796964,0.660164,0.745662,0.823410,0.726857,0.689623,0.534336,0.712379,0.721596,0.746148,0.804237,0.739423,0.738524,0.728987,0.714727,0.654317,0.766150,0.579173,0.678635,0.734536,0.752189,0.673752,0.652616,0.737799,0.741800,0.740513,0.690912,0.882047,0.709130,0.714031,0.757362,0.641109,0.665965,0.683813,0.748630,0.748474,0.600239,0.754340,0.726175,0.756884,0.767543,0.706827,0.689377,0.697719,0.664635,0.766131,0.716660,0.727435,0.719181,0.720024,0.776325,0.693864,0.815033,0.746994,0.751030,0.722613,0.717562,0.788460,0.761486,0.671041,0.792657,0.757854,0.670560,0.758617,0.684059,0.741528,0.763470,0.735086,0.754360,0.735472,0.712736,0.675423,0.740103,0.727306,0.823948,0.781439,0.725278,0.701342,0.834942,0.726364,0.464973,0.631204,0.720481,0.764346,0.753447,0.758749,0.748833,0.768380,0.691220,0.841147,0.732751,0.773741,0.698251,0.726254,0.776803,0.795182,0.785084,0.759300,0.730750,0.684815,0.730598,0.765003,0.732657,0.799409,0.761837,0.657273,0.761725,0.523487,0.707612,0.631434,0.830795,0.762888,0.653569,0.762118,0.818807,0.807141,0.764798,0.752042,0.743560,0.744852,0.680401,0.756126,0.704294,0.759521,0.687510,0.757551,0.718936,0.747624,0.715691,0.680599,0.669927,0.705732,0.761332,0.735249,0.795063,0.691468,0.822353,0.756469,0.653492,0.548510,0.836274,0.754516,0.757697,0.755200
0.493320,0.659463,0.714531,0.764807,0.669370,0.000000,0.136538,0.768155,0.841595,0.785862,0.853767,0.802771,0.817200,0.812736,0.805541,0.734216,0.848098,0.867913,0.144903,0.817859,0.127378,0.780066,0.856062,0.785715,0.812991,0.790496,0.850435,0.844281,0.306110,0.816672,0.829890,0.755258,0.827562,0.398720,0.790016,0.842958,0.828812,0.808430,0.858227,0.903088,0.395118,0.824795,0.281865,0.853051,0.261185,0.873565,0.342232,0.761540,0.828468,0.717866,0.758394,0.861443,0.799020,0.860525,0.353680,0.698291,0.813960,0.843201,0.847696,0.322229,0.756725,0.288910,0.819163,0.636160,0.321880,0.302921,0.416645,0.861727,0.312534,0.818511,0.826663,0.814515,0.699376,0.851930,0.839949,0.849724,0.341726,0.731801,0.753263,0.776581,0.828744,0.805878,0.834881,0.809206,0.817535,0.800638,0.278713,0.781055,0.804941,0.792764,0.827185,0.368251,0.832813,0.682743,0.349051,0.526368,0.368231,0.864261,0.746891,0.865733,0.785731,0.786365,0.419862,0.848035,0.780305,0.307386,0.826259,0.399132,0.826025,0.861808,0.779587,0.827325,0.883865,0.854048,0.889200,0.806495,0.891461,0.474298,0.841322,0.816114,0.767690,0.839485,0.800326,0.851235,0.833667,0.882819,0.781187,0.752601,0.854756,0.808648,0.773039,0.854881,0.810834,0.824143,0.843211,0.858107,0.372233,0.756944,0.839061,0.868001,0.908555,0.884446,0.751566,0.582440,0.365919,0.853168,0.843308,0.723824,0.858343,0.764015,0.495393,0.834040,0.880350,0.732243,0.798425,0.825962,0.858652,0.813796,0.835515,0.854448,0.897164,0.806390,0.806575,0.471551,0.843758,0.873027,0.728020,0.800623,0.838792,0.817378,0.786229,0.858452,0.459925,0.786960,0.819977,0.865893,0.810281,0.885887,0.838857,0.423571,0.894495,0.793266,0.785103,0.773465,0.488982,0.421759,0.848023,0.905226,0.805251,0.359613,0.691971,0.889566,0.534322,0.890613,0.900797,0.788947,0.811371,0.864018,0.851354,0.863185,0.809686
0.516698,0.656865,0.754079,0.789680,0.691916,0.136538,0.000000,0.784947,0.864213,0.818559,0.890236,0.841832,0.870652,0.831200,0.857723,0.724107,0.853681,0.890708,0.141738,0.840490,0.100879,0.795256,0.887720,0.791720,0.871115,0.790042,0.876078,0.848283,0.284548,0.861655,0.848556,0.749066,0.841078,0.376975,0.767414,0.877096,0.875882,0.854383,0.871134,0.940132,0.415550,0.850408,0.260598,0.862990,0.249121,0.877812,0.316559,0.779401,0.879897,0.717975,0.812688,0.916231,0.807584,0.866732,0.346788,0.706076,0.846760,0.872703,0.890295,0.317945,0.770108,0.278197,0.816128,0.639870,0.308256,0.289777,0.400946,0.913708,0.293487,0.813524,0.840652,0.793052,0.740080,0.883939,0.825575,0.841156,0.326424,0.764066,0.799866,0.754899,0.843775,0.847069,0.863034,0.808956,0.850444,0.779145,0.289812,0.823675,0.802542,0.784283,0.841821,0.350869,0.794522,0.731443,0.353663,0.494438,0.347215,0.873007,0.764076,0.855046,0.784850,0.809474,0.408497,0.882211,0.770798,0.294624,0.804947,0.378803,0.804641,0.909628,0.738533,0.855384,0.913976,0.856493,0.914518,0.826298,0.893044,0.464702,0.849735,0.754850,0.729791,0.880269,0.760428,0.836470,0.861223,0.907677,0.808748,0.754811,0.874566,0.759856,0.731884,0.901521,0.827176,0.868587,0.837342,0.857182,0.378172,0.775098,0.784530,0.869375,0.909797,0.886259,0.792443,0.639992,0.352956,0.884513,0.854840,0.760952,0.852022,0.743154,0.493502,0.823514,0.904160,0.713937,0.796822,0.790064,0.814537,0.769526,0.874465,0.903946,0.916519,0.751694,0.823255,0.406011,0.860012,0.893228,0.751262,0.745400,0.804639,0.873708,0.834216,0.857254,0.437713,0.821916,0.836716,0.899447,0.827196,0.910672,0.839407,0.465863,0.882014,0.836127,0.826219,0.796177,0.450154,0.405826,0.888905,0.925083,0.816291,0.349353,0.728519,0.905798,0.520163,0.903246,0.922724,0.769756,0.821152,0.903247,0.827862,0.860772,0.838428
0.524106,0.649848,0.644996,0.367559,0.686217,0.768155,0.784947,0.000000,0.329770,0.794032,0.388214,0.427233,0.383637,0.466316,0.320853,0.361868,0.411369,0.382379,0.824981,0.445542,0.823256,0.494037,0.534594,0.436539,0.444995,0.504500,0.398754,0.471452,0.797559,0.492167,0.407211,0.493055,0.380256,0.722171,0.774332,0.509301,0.480803,0.563360,0.427369,0.427389,0.688668,0.552632,0.752821,0.447957,0.803201,0.494745,0.748064,0.690934,0.399985,0.591283,0.518332,0.486406,0.477671,0.433370,0.749049,0.738910,0.357970,0.667965,0.689882,0.740974,0.533901,0.755467,0.519060,0.734412,0.771170,0.782446,0.739831,0.517555,0.770456,0.515875,0.398777,0.811629,0.414672,0.485707,0.489861,0.575756,0.756546,0.481705,0.565522,0.811715,0.524888,0.477251,0.535771,0.573467,0.545646,0.735633,0.779348,0.383814,0.487381,0.595843,0.434913,0.731134,0.378910,0.548038,0.807535,0.728898,0.702918,0.436806,0.488627,0.542440,0.473751,0.538278,0.759384,0.592639,0.793325,0.750113,0.528334,0.704178,0.370579,0.525079,0.788955,0.462445,0.612835,0.573312,0.478620,0.375308,0.515205,0.736279,0.459411,0.752320,0.786015,0.513116,0.798179,0.394486,0.475965,0.532199,0.606816,0.447717,0.588793,0.770840,0.791790,0.499180,0.522750,0.587536,0.719543,0.571931,0.695244,0.776157,0.407626,0.342362,0.513667,0.518282,0.493193,0.713900,0.760376,0.530773,0.540499,0.518425,0.389718,0.804298,0.824421,0.622473,0.467636,0.617297,0.528402,0.820788,0.569132,0.803044,0.439138,0.550565,0.542310,0.777254,0.687202,0.841569,0.793311,0.574286,0.586738,0.712475,0.809122,0.533137,0.516203,0.672481,0.727456,0.569594,0.458117,0.463254,0.620291,0.571328,0.552004,0.758890,0.574615,0.589311,0.477439,0.532245,0.764744,0.733694,0.655486,0.617350,0.599183,0.759447,0.631742,0.593522,0.759582,0.427717,0.483051,0.767678,0.801187,0.500147,0.828739,0.369866,0.402457
0.527227,0.666800,0.643153,0.297983,0.776782,0.841595,0.864213,0.329770,0.000000,0.761081,0.155279,0.328233,0.266371,0.371298,0.279042,0.316039,0.479771,0.312207,0.833259,0.368364,0.895021,0.564905,0.407177,0.364205,0.341384,0.507919,0.280230,0.333074,0.822973,0.482603,0.308670,0.610640,0.372850,0.830236,0.812938,0.383505,0.404158,0.535714,0.371206,0.352389,0.791512,0.530653,0.787553,0.289953,0.860626,0.405277,0.765131,0.712499,0.297085,0.518831,0.490328,0.342126,0.410367,0.370656,0.787704,0.806141,0.353416,0.547586,0.667869,0.787801,0.468246,0.792690,0.557302,0.729403,0.826723,0.808400,0.773940,0.340937,0.809818,0.409338,0.427273,0.800547,0.518324,0.319235,0.556082,0.603330,0.805636,0.468056,0.509390,0.795773,0.460299,0.380347,0.522901,0.624573,0.418651,0.778658,0.863638,0.357975,0.579220,0.478923,0.385277,0.774236,0.366205,0.627418,0.858491,0.790075,0.769442,0.378187,0.450116,0.483118,0.579684,0.603473,0.773670,0.549456,0.800987,0.861181,0.482880,0.741760,0.454555,0.377198,0.839218,0.400787,0.586796,0.529275,0.374686,0.277651,0.457379,0.750455,0.426048,0.833127,0.816562,0.518420,0.828639,0.404358,0.425952,0.408920,0.538928,0.559986,0.589040,0.804070,0.827254,0.475134,0.390038,0.517844,0.800255,0.458568,0.760585,0.760655,0.483299,0.373148,0.432862,0.419585,0.585997,0.737850,0.813386,0.531875,0.453195,0.467804,0.323040,0.826505,0.868789,0.621899,0.372155,0.589194,0.532702,0.833393,0.562461,0.840712,0.357310,0.456029,0.436333,0.756038,0.698204,0.923760,0.859244,0.609529,0.651195,0.758426,0.832848,0.494391,0.451748,0.552139,0.791591,0.500429,0.488993,0.396919,0.568852,0.644120,0.505205,0.773992,0.594926,0.510615,0.481735,0.517718,0.818946,0.830967,0.661083,0.473541,0.573739,0.807094,0.606723,0.547536,0.813612,0.320512,0.430900,0.788002,0.751161,0.408391,0.829898,0.468629,0.383099
0.528385,0.479160,0.671197,0.790013,0.609268,0.785862,0.818559,0.794032,0.761081,0.000000,0.737124,0.782190,0.797849,0.837912,0.812875,0.798325,0.839778,0.787572,0.848900,0.861713,0.825030,0.785209,0.758718,0.777692,0.797744,0.790372,0.838360,0.822831,0.814130,0.566764,0.852555,0.822899,0.775687,0.764537,0.572626,0.833612,0.825503,0.544700,0.825973,0.776800,0.853412,0.513377,0.823794,0.815835,0.817979,0.823012,0.835648,0.745015,0.773480,0.856790,0.651474,0.858212,0.815321,0.836009,0.803074,0.638838,0.830704,0.687505,0.370466,0.827734,0.769318,0.802950,0.853103,0.777859,0.834728,0.801101,0.810497,0.835261,0.819763,0.788704,0.830420,0.607636,0.688976,0.819639,0.666500,0.754720,0.812456,0.828724,0.723637,0.666879,0.777205,0.795207,0.760780,0.809101,0.858336,0.595220,0.861522,0.808730,0.818008,0.834874,0.844664,0.827167,0.783473,0.853696,0.824347,0.788904,0.837938,0.768587,0.792468,0.810721,0.899858,0.851665,0.798482,0.693491,0.635990,0.815407,0.725601,0.862821,0.751732,0.855695,0.660685,0.759798,0.829786,0.763539,0.790853,0.814449,0.795335,0.830949,0.855742,0.589333,0.705104,0.691838,0.648658,0.796689,0.776650,0.860553,0.824091,0.826907,0.812449,0.585544,0.565995,0.779480,0.846984,0.732231,0.631333,0.792668,0.898023,0.571205,0.745937,0.838359,0.828862,0.808407,0.837618,0.811125,0.840874,0.849447,0.872720,0.797762,0.880756,0.629594,0.862464,0.718994,0.863118,0.735384,0.844198,0.521238,0.718939,0.623175,0.822824,0.860610,0.867581,0.657332,0.619247,0.844101,0.451040,0.801644,0.765351,0.808289,0.614432,0.797609,0.791418,0.729201,0.849996,0.856907,0.802713,0.780839,0.811147,0.794987,0.839046,0.813851,0.857833,0.781978,0.815131,0.788651,0.836558,0.801299,0.672983,0.733764,0.770189,0.844604,0.732119,0.859818,0.858577,0.853176,0.866006,0.513226,0.632281,0.876070,0.671206,0.853299,0.829722
0.528544,0.674373,0.620182,0.360254,0.760633,0.853767,0.890236,0.388214,0.155279,0.737124,0.000000,0.372107,0.368726,0.370963,0.339937,0.387158,0.501567,0.291592,0.873249,0.356940,0.916063,0.565532,0.425830,0.397489,0.293225,0.425784,0.301043,0.349515,0.836704,0.559959,0.342882,0.576022,0.446221,0.804607,0.837451,0.389397,0.470610,0.614413,0.405797,0.419766,0.757148,0.609221,0.839101,0.345363,0.889638,0.435311,0.795340,0.740921,0.317637,0.473042,0.558857,0.386250,0.426463,0.397808,0.827238,0.821131,0.353781,0.629700,0.710855,0.833370,0.522101,0.840883,0.536539,0.783791,0.844236,0.853780,0.817896,0.449124,0.858992,0.464575,0.408358,0.832491,0.579773,0.395110,0.589693,0.604984,0.847507,0.491686,0.530546,0.786882,0.429717,0.437132,0.485666,0.594221,0.489992,0.792844,0.870425,0.433009,0.647716,0.526448,0.368203,0.830152,0.467518,0.599674,0.868048,0.792003,0.828024,0.453051,0.491326,0.553514,0.559257,0.576094,0.833158,0.593042,0.808028,0.867278,0.588293,0.784175,0.540483,0.453143,0.855206,0.471262,0.643386,0.559807,0.397618,0.323695,0.607996,0.823647,0.426370,0.852821,0.830247,0.580370,0.876149,0.479670,0.433918,0.425995,0.522760,0.612979,0.622696,0.797492,0.846369,0.511228,0.445128,0.582430,0.790126,0.533423,0.812042,0.796932,0.563200,0.389520,0.414033,0.477232,0.619593,0.712991,0.839566,0.521144,0.447532,0.499141,0.434948,0.826923,0.855322,0.627440,0.490688,0.606746,0.617013,0.837224,0.574196,0.886259,0.406083,0.433711,0.415655,0.799886,0.789784,0.921625,0.857757,0.676536,0.627095,0.721785,0.830953,0.518942,0.451234,0.681536,0.855660,0.507988,0.514125,0.522046,0.556134,0.638858,0.516060,0.784859,0.656504,0.500819,0.457293,0.534895,0.857576,0.829819,0.660713,0.495761,0.616407,0.854289,0.626531,0.606211,0.835591,0.386745,0.464265,0.828780,0.833443,0.475469,0.854642,0.556961,0.407019
0.534792,0.694479,0.659349,0.271193,0.723179,0.802771,0.841832,0.427233,0.328233,0.782190,0.372107,0.000000,0.323319,0.374081,0.287141,0.433171,0.433961,0.341809,0.834165,0.382738,0.842006,0.611139,0.421781,0.374963,0.359813,0.460112,0.325021,0.388542,0.813373,0.517318,0.350228,0.535927,0.347407,0.778411,0.807675,0.444852,0.411056,0.610808,0.383463,0.388852,0.735146,0.605179,0.810082,0.392957,0.861447,0.427126,0.787127,0.737824,0.416698,0.517093,0.529060,0.380773,0.430073,0.402718,0.795659,0.797070,0.427339,0.586841,0.721069,0.816957,0.505506,0.812815,0.567591,0.780191,0.785960,0.819720,0.790524,0.425384,0.820807,0.414351,0.442739,0.830395,0.563500,0.377465,0.668752,0.571194,0.815254,0.413742,0.454786,0.826991,0.477929,0.421841,0.464085,0.616831,0.504542,0.745667,0.803481,0.464857,0.528057,0.567962,0.423592,0.780826,0.488711,0.516448,0.883319,0.766949,0.769907,0.479124,0.459877,0.470500,0.517324,0.505844,0.812465,0.633176,0.832030,0.800529,0.584291,0.763941,0.520366,0.444703,0.828152,0.503123,0.645227,0.615554,0.451545,0.424921,0.541965,0.805647,0.385722,0.861923,0.819884,0.532273,0.798222,0.494446,0.496275,0.449995,0.570403,0.661712,0.644341,0.770158,0.833246,0.452196,0.465548,0.455958,0.689656,0.533026,0.753008,0.800051,0.573503,0.388563,0.421470,0.481814,0.632925,0.789430,0.819615,0.516590,0.449932,0.439233,0.439144,0.849512,0.818850,0.640326,0.411551,0.570304,0.583842,0.812975,0.626412,0.841712,0.418822,0.453047,0.481951,0.803636,0.768201,0.912631,0.866847,0.659581,0.615974,0.693433,0.786501,0.516904,0.424266,0.589490,0.813320,0.415229,0.504537,0.502437,0.486037,0.649087,0.533881,0.783954,0.552079,0.515038,0.521826,0.507419,0.807283,0.839054,0.638359,0.537817,0.563810,0.830782,0.582851,0.571568,0.733565,0.441977,0.448209,0.755633,0.668133,0.444524,0.826076,0.522845,0.415554
0.535241,0.669606,0.663459,0.345867,0.800454,0.817200,0.870652,0.383637,0.266371,0.797849,0.368726,0.323319,0.000000,0.353830,0.070006,0.330489,0.440808,0.387244,0.836401,0.333767,0.875180,0.532400,0.482349,0.418777,0.374714,0.514305,0.351874,0.374955,0.837258,0.582997,0.324162,0.614456,0.363246,0.800542,0.788013,0.436002,0.291869,0.645224,0.403233,0.369415,0.769803,0.661704,0.806959,0.310774,0.855864,0.387752,0.795260,0.696884,0.378258,0.572553,0.598175,0.287974,0.438610,0.419663,0.806746,0.833580,0.380810,0.498308,0.750241,0.814958,0.413922,0.820438,0.554716,0.753350,0.815189,0.832425,0.799942,0.254622,0.832283,0.496894,0.490942,0.805786,0.580342,0.307171,0.653575,0.563639,0.821823,0.453809,0.558669,0.819691,0.537366,0.452916,0.509543,0.623044,0.339917,0.789194,0.845386,0.359797,0.602117,0.526775,0.433890,0.800832,0.433970,0.602136,0.862305,0.796655,0.793978,0.422848,0.485801,0.512037,0.582970,0.547080,0.794241,0.628293,0.835993,0.811091,0.502504,0.791074,0.558675,0.262101,0.869456,0.423075,0.492878,0.541429,0.381588,0.326115,0.518809,0.758738,0.389469,0.852274,0.859246,0.601437,0.804069,0.427219,0.515372,0.407944,0.651752,0.577829,0.554460,0.805020,0.885910,0.402625,0.353009,0.493947,0.800821,0.392138,0.769982,0.836237,0.587118,0.320549,0.470897,0.445109,0.494941,0.756501,0.833663,0.495038,0.396109,0.503000,0.264438,0.848990,0.812689,0.643428,0.319873,0.608925,0.501279,0.842623,0.623712,0.866423,0.387901,0.420208,0.424154,0.814822,0.730004,0.926431,0.839160,0.469879,0.651069,0.736760,0.836823,0.497050,0.442617,0.535519,0.826717,0.462879,0.595947,0.438930,0.607300,0.577443,0.483518,0.787161,0.462604,0.584078,0.576077,0.568899,0.864035,0.850191,0.671006,0.572436,0.586402,0.834775,0.627134,0.410918,0.786811,0.360168,0.364177,0.782638,0.745830,0.351916,0.851999,0.394963,0.375627
0.537590,0.690631,0.674439,0.332406,0.686050,0.812736,0.831200,0.466316,0.371298,0.837912,0.370963,0.374081,0.353830,0.000000,0.386943,0.443664,0.455950,0.324038,0.793877,0.075568,0.844603,0.555187,0.461273,0.390158,0.327782,0.191808,0.340481,0.328791,0.787120,0.555769,0.239576,0.576829,0.487493,0.673494,0.824983,0.369704,0.300699,0.646641,0.426937,0.409315,0.670729,0.666387,0.769016,0.281278,0.813610,0.388806,0.737458,0.645235,0.434522,0.411828,0.617339,0.347314,0.383512,0.424184,0.761036,0.764984,0.364330,0.623291,0.724425,0.783393,0.318100,0.788982,0.480423,0.664390,0.724762,0.801799,0.723692,0.285493,0.801995,0.493874,0.398652,0.844388,0.567225,0.331038,0.673550,0.578273,0.781610,0.398253,0.473497,0.802527,0.435413,0.428962,0.388554,0.617651,0.344158,0.776107,0.770941,0.479433,0.576651,0.473061,0.328349,0.752767,0.499167,0.504724,0.816924,0.756133,0.751813,0.511542,0.421280,0.431236,0.538949,0.560128,0.775197,0.646351,0.818050,0.769979,0.604460,0.690787,0.650056,0.319793,0.878192,0.488825,0.550692,0.613412,0.309272,0.424752,0.497976,0.740576,0.428974,0.853773,0.799900,0.652976,0.844550,0.531830,0.481688,0.159345,0.490923,0.588886,0.580328,0.836788,0.883253,0.549506,0.342738,0.545083,0.802587,0.397871,0.777779,0.757863,0.625754,0.457355,0.385727,0.424010,0.510621,0.659346,0.800483,0.560838,0.340808,0.485237,0.435512,0.820631,0.721941,0.589170,0.320168,0.584997,0.505617,0.848433,0.648363,0.877961,0.384367,0.379613,0.274197,0.826585,0.782087,0.812878,0.873082,0.565730,0.467506,0.705199,0.861544,0.413163,0.528194,0.616060,0.779064,0.445327,0.507939,0.517384,0.570692,0.600643,0.501077,0.666232,0.609461,0.473808,0.452095,0.455093,0.805337,0.808092,0.635706,0.547091,0.604501,0.788308,0.597849,0.367997,0.763329,0.358188,0.365652,0.788962,0.739988,0.435806,0.838007,0.556864,0.479537
0.537776,0.680846,0.671649,0.302075,0.796241,0.805541,0.857723,0.320853,0.279042,0.812875,0.339937,0.287141,0.070006,0.386943,0.000000,0.297581,0.419968,0.339113,0.842705,0.362870,0.864773,0.557780,0.463200,0.407958,0.349171,0.490669,0.302549,0.386911,0.814198,0.591650,0.347137,0.562609,0.323652,0.783618,0.785921,0.453159,0.310314,0.649202,0.376329,0.375213,0.758946,0.653009,0.799655,0.371645,0.862616,0.413089,0.777969,0.747684,0.373171,0.572591,0.611516,0.290048,0.406153,0.388682,0.793360,0.832829,0.361638,0.536444,0.769823,0.796017,0.423646,0.808827,0.516512,0.775673,0.812815,0.821769,0.795275,0.348991,0.820042,0.439551,0.449645,0.809349,0.566254,0.338553,0.624614,0.546942,0.813773,0.449959,0.554126,0.825970,0.502043,0.461706,0.526717,0.589261,0.364499,0.794725,0.830969,0.356890,0.566546,0.593901,0.385880,0.791245,0.421733,0.556682,0.858954,0.754930,0.776127,0.417859,0.463280,0.516438,0.515488,0.521371,0.795407,0.637177,0.836575,0.817820,0.550317,0.784681,0.529129,0.352956,0.876382,0.449956,0.548768,0.582563,0.434331,0.318892,0.568618,0.795823,0.361787,0.863415,0.849350,0.588314,0.814969,0.403581,0.468100,0.467266,0.645223,0.602277,0.621974,0.821590,0.875862,0.381124,0.404456,0.498602,0.788656,0.512633,0.778045,0.838295,0.534870,0.248756,0.459446,0.479144,0.485458,0.745656,0.814243,0.484376,0.435682,0.487190,0.287166,0.857613,0.837099,0.613161,0.390671,0.573830,0.552216,0.839609,0.595201,0.853467,0.412141,0.434238,0.477259,0.828103,0.776445,0.917211,0.860749,0.550006,0.642306,0.752401,0.847115,0.513816,0.418113,0.569559,0.818519,0.475608,0.558197,0.467520,0.558210,0.564594,0.489169,0.792090,0.511375,0.569777,0.545785,0.549250,0.850113,0.836715,0.663010,0.562160,0.581523,0.863579,0.620532,0.491782,0.788390,0.411376,0.423434,0.798659,0.780302,0.390613,0.861399,0.393747,0.319622
0.538185,0.666938,0.651924,0.414492,0.712623,0.734216,0.724107,0.361868,0.316039,0.798325,0.387158,0.433171,0.330489,0.443664,0.297581,0.000000,0.507799,0.388276,0.742090,0.445033,0.763519,0.504240,0.483022,0.482896,0.408476,0.494047,0.407251,0.463884,0.692599,0.494098,0.383328,0.511250,0.442071,0.738827,0.778312,0.501896,0.476307,0.571407,0.458512,0.435620,0.695970,0.565684,0.667062,0.408778,0.755276,0.515497,0.662299,0.685091,0.337122,0.634016,0.530392,0.442542,0.434197,0.457729,0.699082,0.780373,0.402559,0.704225,0.706311,0.702374,0.520535,0.697605,0.526851,0.694709,0.699994,0.722081,0.715029,0.468781,0.707613,0.496272,0.487378,0.775756,0.483646,0.428748,0.567111,0.559649,0.718297,0.568369,0.582238,0.791025,0.514815,0.497741,0.553139,0.578298,0.508147,0.790084,0.746692,0.383796,0.525547,0.550112,0.386136,0.719444,0.368623,0.595991,0.775258,0.684324,0.712058,0.486956,0.514100,0.596059,0.475414,0.510479,0.707635,0.567868,0.798162,0.772382,0.468562,0.676949,0.437974,0.498528,0.813465,0.469892,0.557890,0.511544,0.506367,0.278980,0.565286,0.681258,0.475050,0.784727,0.755274,0.559665,0.800445,0.385246,0.486125,0.527650,0.557009,0.458214,0.607943,0.775273,0.819816,0.530470,0.495441,0.518934,0.790839,0.540359,0.676345,0.743063,0.487694,0.365265,0.531672,0.561561,0.430095,0.630206,0.752181,0.539265,0.543567,0.507103,0.372420,0.802047,0.788740,0.548635,0.477027,0.564268,0.468737,0.798000,0.531907,0.782621,0.416224,0.482865,0.543746,0.801497,0.713145,0.779158,0.855159,0.599761,0.631663,0.761679,0.781277,0.516856,0.515276,0.647741,0.702355,0.619973,0.568207,0.456456,0.587524,0.609048,0.498401,0.710069,0.602842,0.602730,0.564201,0.563864,0.744610,0.727659,0.663354,0.563818,0.546788,0.767463,0.584832,0.603741,0.773994,0.454947,0.513743,0.745131,0.780591,0.549736,0.824861,0.428459,0.336868
0.538537,0.632157,0.714213,0.388820,0.632601,0.848098,0.853681,0.411369,0.479771,0.839778,0.501567,0.433961,0.440808,0.455950,0.419968,0.507799,0.000000,0.430862,0.851052,0.432965,0.889993,0.484355,0.543796,0.496230,0.509876,0.496366,0.450148,0.472846,0.819904,0.622103,0.451566,0.474411,0.427903,0.761240,0.782328,0.505664,0.421291,0.651507,0.459302,0.494876,0.745296,0.662137,0.847180,0.517602,0.860117,0.438239,0.823784,0.622638,0.488713,0.613521,0.579545,0.388434,0.554935,0.392162,0.835684,0.686819,0.423192,0.613689,0.755814,0.840594,0.604695,0.831002,0.311750,0.736006,0.839936,0.870678,0.830301,0.396871,0.867533,0.463403,0.493425,0.802388,0.522511,0.476941,0.546293,0.601507,0.845791,0.497342,0.575797,0.823115,0.565921,0.502595,0.358261,0.529837,0.525403,0.724265,0.838516,0.519909,0.452087,0.534977,0.506347,0.836894,0.592338,0.551667,0.919180,0.784857,0.805754,0.538662,0.521187,0.437229,0.544718,0.422786,0.883345,0.655860,0.796654,0.807603,0.549477,0.746915,0.552328,0.399909,0.817020,0.542852,0.385080,0.520920,0.506309,0.583129,0.508859,0.850328,0.388060,0.819193,0.816101,0.636009,0.790129,0.596132,0.543350,0.491162,0.669301,0.523003,0.388851,0.844977,0.814426,0.459449,0.570269,0.493620,0.782883,0.492902,0.767950,0.770343,0.494481,0.475125,0.452046,0.467380,0.573018,0.774457,0.876393,0.579359,0.476952,0.563425,0.522538,0.805167,0.747475,0.657537,0.424911,0.654704,0.576447,0.794087,0.601753,0.794368,0.547019,0.548307,0.474755,0.784077,0.748012,0.895542,0.788524,0.316104,0.623335,0.688990,0.812275,0.517523,0.505508,0.645204,0.817473,0.492819,0.519793,0.567411,0.528403,0.322222,0.554964,0.773396,0.361306,0.583136,0.575435,0.547866,0.805521,0.846136,0.613323,0.569847,0.655905,0.827029,0.580741,0.448107,0.813634,0.520097,0.446874,0.840151,0.700408,0.495571,0.815420,0.453916,0.562960
0.539637,0.711252,0.671174,0.315833,0.734197,0.867913,0.890708,0.382379,0.312207,0.787572,0.291592,0.341809,0.387244,0.324038,0.339113,0.388276,0.430862,0.000000,0.867131,0.294544,0.913619,0.626929,0.428310,0.431241,0.200102,0.335653,0.225701,0.244010,0.853411,0.527278,0.322235,0.608886,0.486040,0.721033,0.802942,0.348923,0.326341,0.590889,0.438844,0.360178,0.784269,0.589041,0.829677,0.216151,0.884454,0.473279,0.795900,0.731446,0.311439,0.460610,0.538434,0.323118,0.285950,0.327226,0.823948,0.835613,0.256071,0.651086,0.661489,0.818637,0.430211,0.821512,0.496456,0.795707,0.776001,0.855635,0.806755,0.364644,0.847212,0.469970,0.420183,0.818135,0.551664,0.349648,0.613777,0.572529,0.842801,0.339203,0.517588,0.801971,0.468466,0.508178,0.347278,0.658099,0.418086,0.767267,0.812978,0.443803,0.544345,0.501260,0.265282,0.817754,0.420059,0.464662,0.874935,0.815007,0.802608,0.475895,0.523712,0.513121,0.604412,0.537637,0.832943,0.571114,0.817524,0.805262,0.627619,0.795736,0.555820,0.351028,0.850745,0.498492,0.572818,0.617304,0.361274,0.401501,0.589716,0.776646,0.338371,0.872007,0.830339,0.553708,0.859686,0.400714,0.442305,0.379850,0.543888,0.688768,0.634019,0.797841,0.837995,0.498201,0.371690,0.550901,0.773410,0.512931,0.814457,0.796990,0.575482,0.301159,0.364355,0.472836,0.568826,0.717031,0.830540,0.521421,0.357200,0.527370,0.402656,0.842990,0.781198,0.616867,0.393468,0.618271,0.673160,0.867100,0.597882,0.860832,0.323070,0.362781,0.336090,0.830302,0.856270,0.882189,0.843425,0.601592,0.526265,0.634717,0.818848,0.510525,0.410875,0.693948,0.765825,0.456255,0.486284,0.510290,0.528042,0.572596,0.448798,0.747654,0.643546,0.478376,0.526901,0.522339,0.857602,0.789597,0.675983,0.527107,0.633187,0.832130,0.639268,0.501712,0.773007,0.341058,0.341835,0.814621,0.864894,0.457436,0.841482,0.556029,0.418649
0.542244,0.691922,0.764747,0.778369,0.688814,0.144903,0.141738,0.824981,0.833259,0.848900,0.873249,0.834165,0.836401,0.793877,0.842705,0.742090,0.851052,0.867131,0.000000,0.796743,0.146397,0.816173,0.852190,0.795581,0.828157,0.789551,0.835531,0.814738,0.279939,0.845257,0.807332,0.768499,0.862793,0.400225,0.823411,0.835183,0.855033,0.832358,0.854511,0.912424,0.424159,0.872410,0.291501,0.830008,0.293824,0.819633,0.326959,0.748847,0.851560,0.690914,0.810401,0.853379,0.791702,0.861993,0.350802,0.701207,0.823735,0.862187,0.891618,0.331322,0.783335,0.291805,0.808199,0.640041,0.328942,0.303867,0.415523,0.849732,0.326610,0.820393,0.843662,0.824299,0.716030,0.846322,0.864360,0.820835,0.340056,0.730398,0.790264,0.721447,0.845369,0.823979,0.837065,0.817192,0.816015,0.840946,0.305448,0.803463,0.814566,0.765621,0.838888,0.365572,0.818244,0.658366,0.372442,0.526904,0.373073,0.861493,0.778502,0.846310,0.818580,0.799606,0.420292,0.883008,0.830885,0.317648,0.822139,0.383888,0.825811,0.854321,0.802269,0.848774,0.888023,0.879964,0.879582,0.809114,0.883076,0.467503,0.834464,0.850832,0.828938,0.882965,0.838352,0.845973,0.873896,0.853349,0.789094,0.782467,0.855339,0.813329,0.803646,0.886994,0.789944,0.852649,0.854324,0.815100,0.381917,0.798484,0.841477,0.872812,0.892052,0.877702,0.768311,0.593947,0.362019,0.886378,0.826441,0.735581,0.832751,0.809365,0.448610,0.832450,0.870100,0.718381,0.816344,0.867406,0.880069,0.853121,0.843740,0.848482,0.859439,0.810666,0.848329,0.458669,0.877098,0.884919,0.718573,0.767901,0.882724,0.830946,0.810214,0.856015,0.449563,0.809828,0.847697,0.866932,0.813389,0.898916,0.842045,0.441643,0.879906,0.773462,0.821470,0.787461,0.475173,0.407509,0.870741,0.908706,0.815906,0.355149,0.743537,0.859192,0.529927,0.874252,0.898211,0.797062,0.819875,0.891824,0.875133,0.844875,0.842477
0.542923,0.710297,0.692772,0.364078,0.713367,0.817859,0.840490,0.445542,0.368364,0.861713,0.356940,0.382738,0.333767,0.075568,0.362870,0.445033,0.432965,0.294544,0.796743,0.000000,0.858387,0.524604,0.464735,0.415705,0.325759,0.181810,0.313596,0.322639,0.798952,0.578694,0.252845,0.571159,0.499406,0.707764,0.840000,0.348527,0.292569,0.690919,0.475278,0.385219,0.694882,0.702511,0.780777,0.259348,0.806952,0.383654,0.756973,0.628870,0.416569,0.420283,0.620190,0.329653,0.395267,0.426422,0.769440,0.795574,0.334004,0.640635,0.782266,0.799167,0.305401,0.791093,0.479306,0.697265,0.750177,0.816593,0.756926,0.295009,0.825441,0.499303,0.404774,0.857836,0.570955,0.308289,0.657391,0.617598,0.797366,0.402332,0.472787,0.833085,0.439040,0.449694,0.378822,0.609200,0.338131,0.797221,0.767450,0.444738,0.556790,0.476175,0.316428,0.782281,0.503040,0.486772,0.854235,0.778847,0.777212,0.517015,0.471366,0.439453,0.523635,0.546072,0.804917,0.675204,0.822602,0.779284,0.618129,0.729806,0.627520,0.280447,0.906016,0.507216,0.530062,0.602468,0.262210,0.408638,0.552263,0.742449,0.417189,0.891090,0.812625,0.657245,0.875036,0.491932,0.477832,0.262798,0.534065,0.597363,0.574427,0.872304,0.911325,0.545541,0.321531,0.550491,0.807304,0.382803,0.759610,0.792115,0.633418,0.425977,0.385802,0.445393,0.503115,0.678459,0.824448,0.560460,0.307500,0.492300,0.401880,0.835721,0.751896,0.643120,0.362629,0.601037,0.525158,0.877621,0.673640,0.903361,0.372325,0.327714,0.194831,0.843131,0.849575,0.812174,0.892374,0.513372,0.483584,0.703330,0.876262,0.428382,0.542521,0.692620,0.789565,0.425948,0.508916,0.511773,0.573690,0.573493,0.504650,0.683747,0.569110,0.455086,0.463385,0.448254,0.829821,0.814200,0.648024,0.540276,0.624976,0.797410,0.600208,0.370796,0.763761,0.333806,0.336163,0.806711,0.812393,0.430816,0.872798,0.543341,0.463896
0.545155,0.700122,0.754257,0.803056,0.696181,0.127378,0.100879,0.823256,0.895021,0.825030,0.916063,0.842006,0.875180,0.844603,0.864773,0.763519,0.889993,0.913619,0.146397,0.858387,0.000000,0.825356,0.891384,0.829716,0.877655,0.802361,0.905724,0.862084,0.284948,0.863785,0.885797,0.794207,0.865201,0.407383,0.793893,0.896691,0.893536,0.875058,0.893456,0.935518,0.411830,0.886339,0.278498,0.888395,0.265204,0.883514,0.311686,0.777151,0.918639,0.722445,0.831180,0.929485,0.826869,0.901640,0.345412,0.729602,0.856602,0.925527,0.890155,0.334565,0.804491,0.277404,0.821359,0.665093,0.304329,0.297602,0.412987,0.924880,0.310499,0.853501,0.881606,0.815200,0.763899,0.926447,0.877504,0.840632,0.328198,0.756944,0.812401,0.731594,0.863039,0.848468,0.855715,0.841551,0.881462,0.820940,0.283931,0.826357,0.818288,0.811714,0.862542,0.355156,0.832807,0.684165,0.361339,0.531753,0.355222,0.918391,0.784364,0.881192,0.822467,0.809017,0.424381,0.911693,0.793497,0.288091,0.855394,0.377578,0.835498,0.922230,0.771071,0.871377,0.922120,0.911321,0.935638,0.845018,0.940323,0.454725,0.865406,0.796399,0.761535,0.899924,0.804816,0.868109,0.894143,0.936645,0.815896,0.787061,0.913290,0.811374,0.778244,0.918646,0.848642,0.856916,0.851359,0.867040,0.361714,0.767025,0.834229,0.913592,0.923368,0.910824,0.795834,0.619470,0.362500,0.914536,0.869901,0.765187,0.890606,0.770750,0.465036,0.858047,0.930166,0.767477,0.849530,0.834486,0.892121,0.783076,0.893793,0.915905,0.942728,0.807590,0.842813,0.433083,0.881150,0.895059,0.770459,0.777932,0.826823,0.858850,0.817704,0.903736,0.436359,0.810192,0.878837,0.921158,0.828790,0.904626,0.849849,0.463488,0.889896,0.829562,0.837040,0.815285,0.494590,0.404814,0.895812,0.931268,0.826406,0.350583,0.736147,0.910586,0.474861,0.919826,0.946219,0.803927,0.822835,0.920926,0.854032,0.874193,0.856109
0.545366,0.640510,0.708441,0.571785,0.670612,0.780066,0.795256,0.494037,0.564905,0.785209,0.565532,0.611139,0.532400,0.555187,0.557780,0.504240,0.484355,0.626929,0.816173,0.524604,0.825356,0.000000,0.703319,0.598329,0.694903,0.528770,0.705325,0.688276,0.746556,0.738427,0.529829,0.245930,0.613709,0.790256,0.833611,0.661008,0.617631,0.742716,0.629552,0.630361,0.700267,0.736345,0.751145,0.606811,0.784741,0.540128,0.727322,0.561985,0.628880,0.702961,0.691221,0.661848,0.761167,0.693808,0.753417,0.709044,0.671299,0.772471,0.846192,0.754906,0.674725,0.777078,0.584648,0.666653,0.766707,0.770686,0.735519,0.621794,0.782868,0.634477,0.523050,0.870566,0.544940,0.633735,0.552058,0.699432,0.793594,0.724815,0.641097,0.834731,0.595309,0.638394,0.667157,0.273010,0.666581,0.889624,0.802017,0.476530,0.592249,0.535621,0.609911,0.752062,0.695037,0.656047,0.793648,0.669373,0.740032,0.648606,0.636519,0.557329,0.419977,0.361073,0.752823,0.758045,0.832503,0.781631,0.437823,0.727715,0.592466,0.608680,0.853262,0.559274,0.587808,0.393807,0.627923,0.545143,0.636338,0.719530,0.687019,0.828650,0.760351,0.715389,0.855559,0.706329,0.602555,0.652333,0.643988,0.200770,0.512093,0.871711,0.852030,0.690689,0.710692,0.675841,0.848665,0.638014,0.727872,0.805382,0.521665,0.605876,0.666094,0.627898,0.468425,0.648697,0.792933,0.633602,0.691239,0.669824,0.606406,0.814836,0.810693,0.591941,0.710308,0.637469,0.366867,0.853569,0.566354,0.842267,0.696494,0.609086,0.616797,0.849398,0.665090,0.792347,0.851137,0.487194,0.562258,0.691705,0.870116,0.515613,0.740693,0.757631,0.774990,0.701886,0.645279,0.619475,0.701372,0.592065,0.723537,0.775864,0.491162,0.664533,0.614255,0.608703,0.713417,0.788210,0.650853,0.732078,0.633153,0.764615,0.700140,0.553769,0.852292,0.653503,0.661174,0.765302,0.744123,0.685165,0.885572,0.435483,0.677883
