0.000000,0.212551,0.482465,0.485735,0.487358,0.493320,0.516698,0.524106,0.527227,0.528385,0.528544,0.534792,0.535241,0.537590,0.537776,0.538185,0.538537,0.539637,0.542244,0.542923,0.545155,0.545366,0.545837,0.545936,0.546673,0.546970,0.548364,0.549867,0.550372,0.552233,0.552515,0.553686,0.555625,0.557459,0.557548,0.559763,0.564716,0.565409,0.567005,0.567965,0.568742,0.571383,0.571603,0.571985,0.572168,0.573114,0.574700,0.575688,0.575748,0.576209,0.576265,0.576893,0.577365,0.578166,0.578367,0.578827,0.579195,0.579615,0.580266,0.580277,0.580482,0.580531,0.581134,0.581972,0.582399,0.583115,0.583573,0.584645,0.585037,0.585093,0.585684,0.586535,0.589285,0.589450,0.590327,0.590738,0.591156,0.591722,0.592509,0.592562,0.592610,0.592655,0.592684,0.593212,0.593260,0.593616,0.595139,0.595445,0.595864,0.596117,0.596454,0.596584,0.596945,0.597831,0.598432,0.599153,0.599278,0.599284,0.599798,0.599811,0.600421
0.212551,0.000000,0.494093,0.654262,0.569214,0.659463,0.656865,0.649848,0.666800,0.479160,0.674373,0.694479,0.669606,0.690631,0.680846,0.666938,0.632157,0.711252,0.691922,0.710297,0.700122,0.640510,0.673042,0.671309,0.713075,0.725464,0.732752,0.749680,0.697662,0.583485,0.697983,0.677434,0.643937,0.689120,0.544924,0.687896,0.678276,0.567921,0.690701,0.678872,0.726268,0.584065,0.734067,0.727551,0.725600,0.681112,0.699841,0.620501,0.687184,0.746447,0.643153,0.678163,0.723012,0.736522,0.722597,0.473437,0.746627,0.618929,0.566959,0.736971,0.702867,0.741409,0.691955,0.657316,0.733216,0.723143,0.715036,0.649352,0.727927,0.690567,0.706900,0.569316,0.624791,0.704075,0.603222,0.691056,0.727037,0.728091,0.692653,0.592233,0.655355,0.654820,0.727192,0.580846,0.682283,0.554231,0.745776,0.644845,0.724875,0.653179,0.738739,0.728606,0.692405,0.713604,0.741934,0.691832,0.740855,0.669503,0.682943,0.676939,0.684857
0.482465,0.494093,0.000000,0.692898,0.723056,0.714531,0.754079,0.644996,0.643153,0.671197,0.620182,0.659349,0.663459,0.674439,0.671649,0.651924,0.714213,0.671174,0.764747,0.692772,0.754257,0.708441,0.736519,0.596477,0.572368,0.715950,0.688325,0.664089,0.719667,0.519342,0.688350,0.747051,0.679728,0.706950,0.673227,0.717029,0.705397,0.566803,0.702341,0.543883,0.627572,0.570357,0.751742,0.691435,0.766502,0.642291,0.688189,0.737237,0.569363,0.595296,0.547526,0.730718,0.692283,0.722512,0.755411,0.733062,0.612471,0.734365,0.598458,0.726466,0.718985,0.738443,0.793931,0.774453,0.716534,0.767351,0.685254,0.752010,0.738444,0.654738,0.611102,0.726926,0.657669,0.729642,0.645375,0.793455,0.755445,0.617653,0.576797,0.739156,0.664538,0.570993,0.626450,0.706693,0.752311,0.589467,0.778757,0.672759,0.764732,0.621810,0.639798,0.745697,0.685540,0.695831,0.743211,0.816703,0.763461,0.762429,0.609417,0.699664,0.713103
0.485735,0.654262,0.692898,0.000000,0.677822,0.764807,0.789680,0.367559,0.297983,0.790013,0.360254,0.271193,0.345867,0.332406,0.302075,0.414492,0.388820,0.315833,0.778369,0.364078,0.803056,0.571785,0.355067,0.344418,0.386299,0.412873,0.286409,0.346113,0.767890,0.530143,0.319603,0.468651,0.330677,0.688451,0.796555,0.402622,0.377707,0.611170,0.241530,0.370643,0.702510,0.623625,0.771612,0.395142,0.830000,0.371281,0.701496,0.717764,0.394149,0.511670,0.555704,0.315444,0.373984,0.310399,0.733887,0.758493,0.404977,0.537788,0.665800,0.735120,0.521180,0.750764,0.497666,0.741348,0.729884,0.759001,0.723344,0.371365,0.766922,0.395963,0.398949,0.820207,0.541162,0.361363,0.652425,0.550482,0.744647,0.429030,0.453435,0.788988,0.461832,0.400545,0.480293,0.566377,0.480654,0.760701,0.774923,0.473954,0.485928,0.564811,0.395914,0.721674,0.423252,0.491890,0.790461,0.696958,0.698643,0.498198,0.355564,0.454165,0.502445
0.487358,0.569214,0.723056,0.677822,0.000000,0.669370,0.691916,0.686217,0.776782,0.609268,0.760633,0.723179,0.800454,0.686050,0.796241,0.712623,0.632601,0.734197,0.688814,0.713367,0.696181,0.670612,0.646643,0.730969,0.737557,0.607649,0.732670,0.755634,0.722067,0.626663,0.747993,0.663502,0.767671,0.672459,0.711820,0.789960,0.803110,0.658133,0.717718,0.800990,0.597083,0.639302,0.717060,0.792704,0.706500,0.776093,0.742178,0.364416,0.757433,0.717975,0.663267,0.801573,0.707382,0.725497,0.738539,0.251697,0.716932,0.796964,0.660164,0.745662,0.823410,0.726857,0.689623,0.534336,0.712379,0.721596,0.746148,0.804237,0.739423,0.738524,0.728987,0.714727,0.654317,0.766150,0.579173,0.678635,0.734536,0.752189,0.673752,0.652616,0.737799,0.741800,0.740513,0.690912,0.882047,0.709130,0.714031,0.757362,0.641109,0.665965,0.683813,0.748630,0.748474,0.600239,0.754340,0.726175,0.756884,0.767543,0.706827,0.689377,0.697719
0.493320,0.659463,0.714531,0.764807,0.669370,0.000000,0.136538,0.768155,0.841595,0.785862,0.853767,0.802771,0.817200,0.812736,0.805541,0.734216,0.848098,0.867913,0.144903,0.817859,0.127378,0.780066,0.856062,0.785715,0.812991,0.790496,0.850435,0.844281,0.306110,0.816672,0.829890,0.755258,0.827562,0.398720,0.790016,0.842958,0.828812,0.808430,0.858227,0.903088,0.395118,0.824795,0.281865,0.853051,0.261185,0.873565,0.342232,0.761540,0.828468,0.717866,0.758394,0.861443,0.799020,0.860525,0.353680,0.698291,0.813960,0.843201,0.847696,0.322229,0.756725,0.288910,0.819163,0.636160,0.321880,0.302921,0.416645,0.861727,0.312534,0.818511,0.826663,0.814515,0.699376,0.851930,0.839949,0.849724,0.341726,0.731801,0.753263,0.776581,0.828744,0.805878,0.834881,0.809206,0.817535,0.800638,0.278713,0.781055,0.804941,0.792764,0.827185,0.368251,0.832813,0.682743,0.349051,0.526368,0.368231,0.864261,0.746891,0.865733,0.785731
0.516698,0.656865,0.754079,0.789680,0.691916,0.136538,0.000000,0.784947,0.864213,0.818559,0.890236,0.841832,0.870652,0.831200,0.857723,0.724107,0.853681,0.890708,0.141738,0.840490,0.100879,0.795256,0.887720,0.791720,0.871115,0.790042,0.876078,0.848283,0.284548,0.861655,0.848556,0.749066,0.841078,0.376975,0.767414,0.877096,0.875882,0.854383,0.871134,0.940132,0.415550,0.850408,0.260598,0.862990,0.249121,0.877812,0.316559,0.779401,0.879897,0.717975,0.812688,0.916231,0.807584,0.866732,0.346788,0.706076,0.846760,0.872703,0.890295,0.317945,0.770108,0.278197,0.816128,0.639870,0.308256,0.289777,0.400946,0.913708,0.293487,0.813524,0.840652,0.793052,0.740080,0.883939,0.825575,0.841156,0.326424,0.764066,0.799866,0.754899,0.843775,0.847069,0.863034,0.808956,0.850444,0.779145,0.289812,0.823675,0.802542,0.784283,0.841821,0.350869,0.794522,0.731443,0.353663,0.494438,0.347215,0.873007,0.764076,0.855046,0.784850
0.524106,0.649848,0.644996,0.367559,0.686217,0.768155,0.784947,0.000000,0.329770,0.794032,0.388214,0.427233,0.383637,0.466316,0.320853,0.361868,0.411369,0.382379,0.824981,0.445542,0.823256,0.494037,0.534594,0.436539,0.444995,0.504500,0.398754,0.471452,0.797559,0.492167,0.407211,0.493055,0.380256,0.722171,0.774332,0.509301,0.480803,0.563360,0.427369,0.427389,0.688668,0.552632,0.752821,0.447957,0.803201,0.494745,0.748064,0.690934,0.399985,0.591283,0.518332,0.486406,0.477671,0.433370,0.749049,0.738910,0.357970,0.667965,0.689882,0.740974,0.533901,0.755467,0.519060,0.734412,0.771170,0.782446,0.739831,0.517555,0.770456,0.515875,0.398777,0.811629,0.414672,0.485707,0.489861,0.575756,0.756546,0.481705,0.565522,0.811715,0.524888,0.477251,0.535771,0.573467,0.545646,0.735633,0.779348,0.383814,0.487381,0.595843,0.434913,0.731134,0.378910,0.548038,0.807535,0.728898,0.702918,0.436806,0.488627,0.542440,0.473751
0.527227,0.666800,0.643153,0.297983,0.776782,0.841595,0.864213,0.329770,0.000000,0.761081,0.155279,0.328233,0.266371,0.371298,0.279042,0.316039,0.479771,0.312207,0.833259,0.368364,0.895021,0.564905,0.407177,0.364205,0.341384,0.507919,0.280230,0.333074,0.822973,0.482603,0.308670,0.610640,0.372850,0.830236,0.812938,0.383505,0.404158,0.535714,0.371206,0.352389,0.791512,0.530653,0.787553,0.289953,0.860626,0.405277,0.765131,0.712499,0.297085,0.518831,0.490328,0.342126,0.410367,0.370656,0.787704,0.806141,0.353416,0.547586,0.667869,0.787801,0.468246,0.792690,0.557302,0.729403,0.826723,0.808400,0.773940,0.340937,0.809818,0.409338,0.427273,0.800547,0.518324,0.319235,0.556082,0.603330,0.805636,0.468056,0.509390,0.795773,0.460299,0.380347,0.522901,0.624573,0.418651,0.778658,0.863638,0.357975,0.579220,0.478923,0.385277,0.774236,0.366205,0.627418,0.858491,0.790075,0.769442,0.378187,0.450116,0.483118,0.579684
0.528385,0.479160,0.671197,0.790013,0.609268,0.785862,0.818559,0.794032,0.761081,0.000000,0.737124,0.782190,0.797849,0.837912,0.812875,0.798325,0.839778,0.787572,0.848900,0.861713,0.825030,0.785209,0.758718,0.777692,0.797744,0.790372,0.838360,0.822831,0.814130,0.566764,0.852555,0.822899,0.775687,0.764537,0.572626,0.833612,0.825503,0.544700,0.825973,0.776800,0.853412,0.513377,0.823794,0.815835,0.817979,0.823012,0.835648,0.745015,0.773480,0.856790,0.651474,0.858212,0.815321,0.836009,0.803074,0.638838,0.830704,0.687505,0.370466,0.827734,0.769318,0.802950,0.853103,0.777859,0.834728,0.801101,0.810497,0.835261,0.819763,0.788704,0.830420,0.607636,0.688976,0.819639,0.666500,0.754720,0.812456,0.828724,0.723637,0.666879,0.777205,0.795207,0.760780,0.809101,0.858336,0.595220,0.861522,0.808730,0.818008,0.834874,0.844664,0.827167,0.783473,0.853696,0.824347,0.788904,0.837938,0.768587,0.792468,0.810721,0.899858
0.528544,0.674373,0.620182,0.360254,0.760633,0.853767,0.890236,0.388214,0.155279,0.737124,0.000000,0.372107,0.368726,0.370963,0.339937,0.387158,0.501567,0.291592,0.873249,0.356940,0.916063,0.565532,0.425830,0.397489,0.293225,0.425784,0.301043,0.349515,0.836704,0.559959,0.342882,0.576022,0.446221,0.804607,0.837451,0.389397,0.470610,0.614413,0.405797,0.419766,0.757148,0.609221,0.839101,0.345363,0.889638,0.435311,0.795340,0.740921,0.317637,0.473042,0.558857,0.386250,0.426463,0.397808,0.827238,0.821131,0.353781,0.629700,0.710855,0.833370,0.522101,0.840883,0.536539,0.783791,0.844236,0.853780,0.817896,0.449124,0.858992,0.464575,0.408358,0.832491,0.579773,0.395110,0.589693,0.604984,0.847507,0.491686,0.530546,0.786882,0.429717,0.437132,0.485666,0.594221,0.489992,0.792844,0.870425,0.433009,0.647716,0.526448,0.368203,0.830152,0.467518,0.599674,0.868048,0.792003,0.828024,0.453051,0.491326,0.553514,0.559257
0.534792,0.694479,0.659349,0.271193,0.723179,0.802771,0.841832,0.427233,0.328233,0.782190,0.372107,0.000000,0.323319,0.374081,0.287141,0.433171,0.433961,0.341809,0.834165,0.382738,0.842006,0.611139,0.421781,0.374963,0.359813,0.460112,0.325021,0.388542,0.813373,0.517318,0.350228,0.535927,0.347407,0.778411,0.807675,0.444852,0.411056,0.610808,0.383463,0.388852,0.735146,0.605179,0.810082,0.392957,0.861447,0.427126,0.787127,0.737824,0.416698,0.517093,0.529060,0.380773,0.430073,0.402718,0.795659,0.797070,0.427339,0.586841,0.721069,0.816957,0.505506,0.812815,0.567591,0.780191,0.785960,0.819720,0.790524,0.425384,0.820807,0.414351,0.442739,0.830395,0.563500,0.377465,0.668752,0.571194,0.815254,0.413742,0.454786,0.826991,0.477929,0.421841,0.464085,0.616831,0.504542,0.745667,0.803481,0.464857,0.528057,0.567962,0.423592,0.780826,0.488711,0.516448,0.883319,0.766949,0.769907,0.479124,0.459877,0.470500,0.517324
0.535241,0.669606,0.663459,0.345867,0.800454,0.817200,0.870652,0.383637,0.266371,0.797849,0.368726,0.323319,0.000000,0.353830,0.070006,0.330489,0.440808,0.387244,0.836401,0.333767,0.875180,0.532400,0.482349,0.418777,0.374714,0.514305,0.351874,0.374955,0.837258,0.582997,0.324162,0.614456,0.363246,0.800542,0.788013,0.436002,0.291869,0.645224,0.403233,0.369415,0.769803,0.661704,0.806959,0.310774,0.855864,0.387752,0.795260,0.696884,0.378258,0.572553,0.598175,0.287974,0.438610,0.419663,0.806746,0.833580,0.380810,0.498308,0.750241,0.814958,0.413922,0.820438,0.554716,0.753350,0.815189,0.832425,0.799942,0.254622,0.832283,0.496894,0.490942,0.805786,0.580342,0.307171,0.653575,0.563639,0.821823,0.453809,0.558669,0.819691,0.537366,0.452916,0.509543,0.623044,0.339917,0.789194,0.845386,0.359797,0.602117,0.526775,0.433890,0.800832,0.433970,0.602136,0.862305,0.796655,0.793978,0.422848,0.485801,0.512037,0.582970
0.537590,0.690631,0.674439,0.332406,0.686050,0.812736,0.831200,0.466316,0.371298,0.837912,0.370963,0.374081,0.353830,0.000000,0.386943,0.443664,0.455950,0.324038,0.793877,0.075568,0.844603,0.555187,0.461273,0.390158,0.327782,0.191808,0.340481,0.328791,0.787120,0.555769,0.239576,0.576829,0.487493,0.673494,0.824983,0.369704,0.300699,0.646641,0.426937,0.409315,0.670729,0.666387,0.769016,0.281278,0.813610,0.388806,0.737458,0.645235,0.434522,0.411828,0.617339,0.347314,0.383512,0.424184,0.761036,0.764984,0.364330,0.623291,0.724425,0.783393,0.318100,0.788982,0.480423,0.664390,0.724762,0.801799,0.723692,0.285493,0.801995,0.493874,0.398652,0.844388,0.567225,0.331038,0.673550,0.578273,0.781610,0.398253,0.473497,0.802527,0.435413,0.428962,0.388554,0.617651,0.344158,0.776107,0.770941,0.479433,0.576651,0.473061,0.328349,0.752767,0.499167,0.504724,0.816924,0.756133,0.751813,0.511542,0.421280,0.431236,0.538949
0.537776,0.680846,0.671649,0.302075,0.796241,0.805541,0.857723,0.320853,0.279042,0.812875,0.339937,0.287141,0.070006,0.386943,0.000000,0.297581,0.419968,0.339113,0.842705,0.362870,0.864773,0.557780,0.463200,0.407958,0.349171,0.490669,0.302549,0.386911,0.814198,0.591650,0.347137,0.562609,0.323652,0.783618,0.785921,0.453159,0.310314,0.649202,0.376329,0.375213,0.758946,0.653009,0.799655,0.371645,0.862616,0.413089,0.777969,0.747684,0.373171,0.572591,0.611516,0.290048,0.406153,0.388682,0.793360,0.832829,0.361638,0.536444,0.769823,0.796017,0.423646,0.808827,0.516512,0.775673,0.812815,0.821769,0.795275,0.348991,0.820042,0.439551,0.449645,0.809349,0.566254,0.338553,0.624614,0.546942,0.813773,0.449959,0.554126,0.825970,0.502043,0.461706,0.526717,0.589261,0.364499,0.794725,0.830969,0.356890,0.566546,0.593901,0.385880,0.791245,0.421733,0.556682,0.858954,0.754930,0.776127,0.417859,0.463280,0.516438,0.515488
0.538185,0.666938,0.651924,0.414492,0.712623,0.734216,0.724107,0.361868,0.316039,0.798325,0.387158,0.433171,0.330489,0.443664,0.297581,0.000000,0.507799,0.388276,0.742090,0.445033,0.763519,0.504240,0.483022,0.482896,0.408476,0.494047,0.407251,0.463884,0.692599,0.494098,0.383328,0.511250,0.442071,0.738827,0.778312,0.501896,0.476307,0.571407,0.458512,0.435620,0.695970,0.565684,0.667062,0.408778,0.755276,0.515497,0.662299,0.685091,0.337122,0.634016,0.530392,0.442542,0.434197,0.457729,0.699082,0.780373,0.402559,0.704225,0.706311,0.702374,0.520535,0.697605,0.526851,0.694709,0.699994,0.722081,0.715029,0.468781,0.707613,0.496272,0.487378,0.775756,0.483646,0.428748,0.567111,0.559649,0.718297,0.568369,0.582238,0.791025,0.514815,0.497741,0.553139,0.578298,0.508147,0.790084,0.746692,0.383796,0.525547,0.550112,0.386136,0.719444,0.368623,0.595991,0.775258,0.684324,0.712058,0.486956,0.514100,0.596059,0.475414
0.538537,0.632157,0.714213,0.388820,0.632601,0.848098,0.853681,0.411369,0.479771,0.839778,0.501567,0.433961,0.440808,0.455950,0.419968,0.507799,0.000000,0.430862,0.851052,0.432965,0.889993,0.484355,0.543796,0.496230,0.509876,0.496366,0.450148,0.472846,0.819904,0.622103,0.451566,0.474411,0.427903,0.761240,0.782328,0.505664,0.421291,0.651507,0.459302,0.494876,0.745296,0.662137,0.847180,0.517602,0.860117,0.438239,0.823784,0.622638,0.488713,0.613521,0.579545,0.388434,0.554935,0.392162,0.835684,0.686819,0.423192,0.613689,0.755814,0.840594,0.604695,0.831002,0.311750,0.736006,0.839936,0.870678,0.830301,0.396871,0.867533,0.463403,0.493425,0.802388,0.522511,0.476941,0.546293,0.601507,0.845791,0.497342,0.575797,0.823115,0.565921,0.502595,0.358261,0.529837,0.525403,0.724265,0.838516,0.519909,0.452087,0.534977,0.506347,0.836894,0.592338,0.551667,0.919180,0.784857,0.805754,0.538662,0.521187,0.437229,0.544718
0.539637,0.711252,0.671174,0.315833,0.734197,0.867913,0.890708,0.382379,0.312207,0.787572,0.291592,0.341809,0.387244,0.324038,0.339113,0.388276,0.430862,0.000000,0.867131,0.294544,0.913619,0.626929,0.428310,0.431241,0.200102,0.335653,0.225701,0.244010,0.853411,0.527278,0.322235,0.608886,0.486040,0.721033,0.802942,0.348923,0.326341,0.590889,0.438844,0.360178,0.784269,0.589041,0.829677,0.216151,0.884454,0.473279,0.795900,0.731446,0.311439,0.460610,0.538434,0.323118,0.285950,0.327226,0.823948,0.835613,0.256071,0.651086,0.661489,0.818637,0.430211,0.821512,0.496456,0.795707,0.776001,0.855635,0.806755,0.364644,0.847212,0.469970,0.420183,0.818135,0.551664,0.349648,0.613777,0.572529,0.842801,0.339203,0.517588,0.801971,0.468466,0.508178,0.347278,0.658099,0.418086,0.767267,0.812978,0.443803,0.544345,0.501260,0.265282,0.817754,0.420059,0.464662,0.874935,0.815007,0.802608,0.475895,0.523712,0.513121,0.604412
0.542244,0.691922,0.764747,0.778369,0.688814,0.144903,0.141738,0.824981,0.833259,0.848900,0.873249,0.834165,0.836401,0.793877,0.842705,0.742090,0.851052,0.867131,0.000000,0.796743,0.146397,0.816173,0.852190,0.795581,0.828157,0.789551,0.835531,0.814738,0.279939,0.845257,0.807332,0.768499,0.862793,0.400225,0.823411,0.835183,0.855033,0.832358,0.854511,0.912424,0.424159,0.872410,0.291501,0.830008,0.293824,0.819633,0.326959,0.748847,0.851560,0.690914,0.810401,0.853379,0.791702,0.861993,0.350802,0.701207,0.823735,0.862187,0.891618,0.331322,0.783335,0.291805,0.808199,0.640041,0.328942,0.303867,0.415523,0.849732,0.326610,0.820393,0.843662,0.824299,0.716030,0.846322,0.864360,0.820835,0.340056,0.730398,0.790264,0.721447,0.845369,0.823979,0.837065,0.817192,0.816015,0.840946,0.305448,0.803463,0.814566,0.765621,0.838888,0.365572,0.818244,0.658366,0.372442,0.526904,0.373073,0.861493,0.778502,0.846310,0.818580
0.542923,0.710297,0.692772,0.364078,0.713367,0.817859,0.840490,0.445542,0.368364,0.861713,0.356940,0.382738,0.333767,0.075568,0.362870,0.445033,0.432965,0.294544,0.796743,0.000000,0.858387,0.524604,0.464735,0.415705,0.325759,0.181810,0.313596,0.322639,0.798952,0.578694,0.252845,0.571159,0.499406,0.707764,0.840000,0.348527,0.292569,0.690919,0.475278,0.385219,0.694882,0.702511,0.780777,0.259348,0.806952,0.383654,0.756973,0.628870,0.416569,0.420283,0.620190,0.329653,0.395267,0.426422,0.769440,0.795574,0.334004,0.640635,0.782266,0.799167,0.305401,0.791093,0.479306,0.697265,0.750177,0.816593,0.756926,0.295009,0.825441,0.499303,0.404774,0.857836,0.570955,0.308289,0.657391,0.617598,0.797366,0.402332,0.472787,0.833085,0.439040,0.449694,0.378822,0.609200,0.338131,0.797221,0.767450,0.444738,0.556790,0.476175,0.316428,0.782281,0.503040,0.486772,0.854235,0.778847,0.777212,0.517015,0.471366,0.439453,0.523635
0.545155,0.700122,0.754257,0.803056,0.696181,0.127378,0.100879,0.823256,0.895021,0.825030,0.916063,0.842006,0.875180,0.844603,0.864773,0.763519,0.889993,0.913619,0.146397,0.858387,0.000000,0.825356,0.891384,0.829716,0.877655,0.802361,0.905724,0.862084,0.284948,0.863785,0.885797,0.794207,0.865201,0.407383,0.793893,0.896691,0.893536,0.875058,0.893456,0.935518,0.411830,0.886339,0.278498,0.888395,0.265204,0.883514,0.311686,0.777151,0.918639,0.722445,0.831180,0.929485,0.826869,0.901640,0.345412,0.729602,0.856602,0.925527,0.890155,0.334565,0.804491,0.277404,0.821359,0.665093,0.304329,0.297602,0.412987,0.924880,0.310499,0.853501,0.881606,0.815200,0.763899,0.926447,0.877504,0.840632,0.328198,0.756944,0.812401,0.731594,0.863039,0.848468,0.855715,0.841551,0.881462,0.820940,0.283931,0.826357,0.818288,0.811714,0.862542,0.355156,0.832807,0.684165,0.361339,0.531753,0.355222,0.918391,0.784364,0.881192,0.822467
0.545366,0.640510,0.708441,0.571785,0.670612,0.780066,0.795256,0.494037,0.564905,0.785209,0.565532,0.611139,0.532400,0.555187,0.557780,0.504240,0.484355,0.626929,0.816173,0.524604,0.825356,0.000000,0.703319,0.598329,0.694903,0.528770,0.705325,0.688276,0.746556,0.738427,0.529829,0.245930,0.613709,0.790256,0.833611,0.661008,0.617631,0.742716,0.629552,0.630361,0.700267,0.736345,0.751145,0.606811,0.784741,0.540128,0.727322,0.561985,0.628880,0.702961,0.691221,0.661848,0.761167,0.693808,0.753417,0.709044,0.671299,0.772471,0.846192,0.754906,0.674725,0.777078,0.584648,0.666653,0.766707,0.770686,0.735519,0.621794,0.782868,0.634477,0.523050,0.870566,0.544940,0.633735,0.552058,0.699432,0.793594,0.724815,0.641097,0.834731,0.595309,0.638394,0.667157,0.273010,0.666581,0.889624,0.802017,0.476530,0.592249,0.535621,0.609911,0.752062,0.695037,0.656047,0.793648,0.669373,0.740032,0.648606,0.636519,0.557329,0.419977
0.545837,0.673042,0.736519,0.355067,0.646643,0.856062,0.887720,0.534594,0.407177,0.758718,0.425830,0.421781,0.482349,0.461273,0.463200,0.483022,0.543796,0.428310,0.852190,0.464735,0.891384,0.703319,0.000000,0.443475,0.437852,0.479224,0.391834,0.435701,0.856630,0.606043,0.460799,0.608876,0.468934,0.822222,0.831696,0.548871,0.525350,0.652531,0.389433,0.476566,0.823628,0.633668,0.797576,0.517622,0.884602,0.542981,0.807625,0.667630,0.416893,0.626338,0.587235,0.459972,0.460446,0.441970,0.752670,0.721604,0.487234,0.605380,0.700177,0.770711,0.621231,0.776490,0.602963,0.728181,0.782743,0.786045,0.748553,0.488637,0.798819,0.447713,0.532820,0.864841,0.613028,0.409650,0.669893,0.634258,0.768907,0.584305,0.512052,0.800226,0.553042,0.537581,0.544945,0.701320,0.563749,0.794171,0.836578,0.599361,0.499170,0.616601,0.466328,0.772900,0.527698,0.546125,0.783443,0.801873,0.776222,0.554279,0.495723,0.559338,0.595341
0.545936,0.671309,0.596477,0.344418,0.730969,0.785715,0.791720,0.436539,0.364205,0.777692,0.397489,0.374963,0.418777,0.390158,0.407958,0.482896,0.496230,0.431241,0.795581,0.415705,0.829716,0.598329,0.443475,0.000000,0.388163,0.468862,0.421889,0.460474,0.730543,0.478536,0.391746,0.545590,0.473881,0.697040,0.728606,0.453858,0.506695,0.621835,0.389717,0.455388,0.624456,0.554299,0.736449,0.445851,0.791092,0.448574,0.704230,0.665130,0.392369,0.523091,0.467214,0.514901,0.490167,0.413194,0.690502,0.754389,0.484617,0.498106,0.673505,0.705537,0.601985,0.729532,0.635148,0.653716,0.702435,0.721741,0.651075,0.525236,0.709234,0.414494,0.171960,0.798475,0.413268,0.473243,0.670300,0.564902,0.708410,0.493538,0.277615,0.784416,0.323060,0.214122,0.521774,0.623718,0.566821,0.702378,0.791221,0.493074,0.535450,0.529114,0.477640,0.695267,0.485227,0.533568,0.715502,0.663773,0.679926,0.420909,0.274454,0.510672,0.551471
0.546673,0.713075,0.572368,0.386299,0.737557,0.812991,0.871115,0.444995,0.341384,0.797744,0.293225,0.359813,0.374714,0.327782,0.349171,0.408476,0.509876,0.200102,0.828157,0.325759,0.877655,0.694903,0.437852,0.388163,0.000000,0.371588,0.223482,0.290589,0.808495,0.518862,0.312030,0.663662,0.481720,0.719453,0.807905,0.393152,0.366763,0.597567,0.417585,0.393932,0.758763,0.616623,0.824243,0.325608,0.847059,0.446717,0.783434,0.753608,0.302357,0.424483,0.541739,0.361245,0.339194,0.346184,0.792821,0.842643,0.287409,0.614127,0.689441,0.799732,0.506827,0.799859,0.571089,0.775150,0.746123,0.826059,0.785396,0.400394,0.837531,0.520027,0.414666,0.815415,0.594026,0.388742,0.706445,0.568619,0.815599,0.405337,0.460617,0.797936,0.503285,0.424304,0.422660,0.732219,0.442392,0.757733,0.782260,0.502651,0.609994,0.552787,0.311534,0.799699,0.475180,0.467221,0.834898,0.794529,0.792390,0.472786,0.492988,0.558709,0.609578
0.546970,0.725464,0.715950,0.412873,0.607649,0.790496,0.790042,0.504500,0.507919,0.790372,0.425784,0.460112,0.514305,0.191808,0.490669,0.494047,0.496366,0.335653,0.789551,0.181810,0.802361,0.528770,0.479224,0.468862,0.371588,0.000000,0.407217,0.452786,0.751654,0.630881,0.380839,0.496145,0.570490,0.646300,0.768239,0.439246,0.470995,0.723376,0.483038,0.471866,0.625798,0.755256,0.769386,0.453551,0.790220,0.503177,0.712569,0.636364,0.519897,0.421558,0.659445,0.465714,0.473033,0.482853,0.757825,0.742313,0.442574,0.740971,0.772926,0.792729,0.487185,0.775281,0.507830,0.711486,0.722283,0.793560,0.754349,0.479560,0.802178,0.536351,0.398488,0.786755,0.537539,0.496007,0.644913,0.573211,0.789160,0.468470,0.459043,0.833780,0.407766,0.528990,0.422180,0.583692,0.555625,0.750996,0.757486,0.557656,0.571134,0.571061,0.366561,0.770105,0.584672,0.448666,0.832118,0.723267,0.769836,0.639684,0.485048,0.532947,0.492035
0.548364,0.732752,0.688325,0.286409,0.732670,0.850435,0.876078,0.398754,0.280230,0.838360,0.301043,0.325021,0.351874,0.340481,0.302549,0.407251,0.450148,0.225701,0.835531,0.313596,0.905724,0.705325,0.391834,0.421889,0.223482,0.407217,0.000000,0.252354,0.822865,0.544957,0.302075,0.623104,0.416929,0.726177,0.777155,0.351915,0.328141,0.597172,0.342496,0.353970,0.769164,0.621539,0.810606,0.328329,0.845923,0.462153,0.777872,0.773009,0.358576,0.423425,0.561609,0.269935,0.290789,0.266031,0.805197,0.820817,0.252564,0.639846,0.689714,0.814134,0.453919,0.811855,0.487052,0.761461,0.800412,0.839808,0.789259,0.357021,0.834331,0.456808,0.462307,0.788363,0.582060,0.327554,0.660905,0.551436,0.837084,0.373120,0.530573,0.815985,0.515953,0.477928,0.428021,0.667743,0.404625,0.739526,0.802019,0.478186,0.585498,0.585663,0.330215,0.808203,0.413003,0.518466,0.869743,0.786999,0.792885,0.455281,0.493614,0.516887,0.608070
0.549867,0.749680,0.664089,0.346113,0.755634,0.844281,0.848283,0.471452,0.333074,0.822831,0.349515,0.388542,0.374955,0.328791,0.386911,0.463884,0.472846,0.244010,0.814738,0.322639,0.862084,0.688276,0.435701,0.460474,0.290589,0.452786,0.252354,0.000000,0.817993,0.580339,0.306542,0.726723,0.491612,0.722963,0.833793,0.376698,0.324734,0.617155,0.456076,0.359552,0.770498,0.641264,0.830516,0.233497,0.832975,0.408523,0.778543,0.718669,0.382994,0.462691,0.574014,0.315399,0.307812,0.317974,0.813818,0.855578,0.286925,0.625470,0.702017,0.828477,0.433008,0.825290,0.511407,0.793286,0.773799,0.856811,0.786683,0.329544,0.857590,0.484778,0.535133,0.865171,0.630681,0.320877,0.688184,0.627862,0.841012,0.353155,0.564194,0.729209,0.561880,0.521624,0.383236,0.739615,0.362681,0.747657,0.789939,0.518431,0.614464,0.530563,0.376913,0.817521,0.433435,0.559819,0.854051,0.827752,0.807669,0.504063,0.539815,0.532884,0.705675
0.550372,0.697662,0.719667,0.767890,0.722067,0.306110,0.284548,0.797559,0.822973,0.814130,0.836704,0.813373,0.837258,0.787120,0.814198,0.692599,0.819904,0.853411,0.279939,0.798952,0.284948,0.746556,0.856630,0.730543,0.808495,0.751654,0.822865,0.817993,0.000000,0.810647,0.826913,0.677392,0.847875,0.297428,0.837566,0.811137,0.879656,0.850774,0.835852,0.879694,0.316989,0.845324,0.323334,0.856973,0.257838,0.847143,0.197287,0.764644,0.827899,0.628857,0.804094,0.874473,0.736500,0.813628,0.400168,0.754265,0.805634,0.892203,0.831523,0.376503,0.829606,0.322393,0.785915,0.635872,0.380498,0.354130,0.473016,0.899827,0.359550,0.778748,0.743194,0.861540,0.701273,0.907285,0.835230,0.861002,0.376667,0.772695,0.763289,0.782802,0.743074,0.758810,0.792844,0.735177,0.888656,0.832622,0.374180,0.822556,0.822241,0.776684,0.814361,0.400827,0.812070,0.708492,0.446074,0.331418,0.392719,0.877949,0.693799,0.799294,0.735310
0.552233,0.583485,0.519342,0.530143,0.626663,0.816672,0.861655,0.492167,0.482603,0.566764,0.559959,0.517318,0.582997,0.555769,0.591650,0.494098,0.622103,0.527278,0.845257,0.578694,0.863785,0.738427,0.606043,0.478536,0.518862,0.630881,0.544957,0.580339,0.810647,0.000000,0.574691,0.736463,0.559969,0.801778,0.672011,0.623427,0.641692,0.215312,0.587875,0.505499,0.755152,0.193176,0.825689,0.526571,0.845587,0.587856,0.749328,0.668205,0.479187,0.734864,0.155629,0.625209,0.603383,0.593496,0.806475,0.667792,0.546303,0.575408,0.257112,0.822830,0.618687,0.812408,0.713534,0.734634,0.802553,0.826428,0.801828,0.601027,0.814045,0.541679,0.550947,0.718866,0.489656,0.560421,0.485610,0.690671,0.819022,0.552491,0.453848,0.761560,0.552259,0.470960,0.628262,0.769709,0.712050,0.606142,0.847918,0.527767,0.514080,0.627879,0.531648,0.811451,0.384286,0.674295,0.874648,0.809698,0.795514,0.620595,0.557757,0.598155,0.705217
0.552515,0.697983,0.688350,0.319603,0.747993,0.829890,0.848556,0.407211,0.308670,0.852555,0.342882,0.350228,0.324162,0.239576,0.347137,0.383328,0.451566,0.322235,0.807332,0.252845,0.885797,0.529829,0.460799,0.391746,0.312030,0.380839,0.302075,0.306542,0.826913,0.574691,0.000000,0.549284,0.472391,0.729800,0.837085,0.421073,0.355289,0.590939,0.400819,0.399602,0.759026,0.653369,0.821745,0.271128,0.836916,0.334279,0.798742,0.697951,0.381292,0.515621,0.631063,0.363938,0.387354,0.409530,0.821997,0.804024,0.352356,0.639143,0.732317,0.828544,0.410667,0.828651,0.542323,0.722932,0.745116,0.850443,0.799558,0.331424,0.851419,0.508102,0.425164,0.859314,0.566490,0.317134,0.696456,0.511988,0.835142,0.420131,0.486284,0.810897,0.515974,0.435884,0.470355,0.592250,0.359495,0.780125,0.782469,0.446525,0.561479,0.471122,0.379964,0.808860,0.483999,0.551800,0.867410,0.708465,0.806042,0.477061,0.478017,0.506837,0.571532
0.553686,0.677434,0.747051,0.468651,0.663502,0.755258,0.749066,0.493055,0.610640,0.822899,0.576022,0.535927,0.614456,0.576829,0.562609,0.511250,0.474411,0.608886,0.768499,0.571159,0.794207,0.245930,0.608876,0.545590,0.663662,0.496145,0.623104,0.726723,0.677392,0.736463,0.549284,0.000000,0.563186,0.701915,0.878388,0.680420,0.670853,0.764106,0.466798,0.642815,0.639849,0.793409,0.734830,0.716641,0.772294,0.554416,0.689803,0.645925,0.640244,0.639173,0.722797,0.610388,0.703575,0.579813,0.715021,0.702290,0.683739,0.776677,0.858038,0.729690,0.710008,0.760102,0.552760,0.646707,0.732916,0.743389,0.694200,0.677492,0.740619,0.552736,0.486814,0.894024,0.563549,0.699761,0.644488,0.659427,0.753863,0.704043,0.630048,0.833166,0.518119,0.616650,0.628585,0.222124,0.756148,0.901020,0.755333,0.552026,0.495165,0.617617,0.612529,0.706904,0.732948,0.592677,0.756593,0.561655,0.700912,0.661988,0.516260,0.553762,0.296438
0.555625,0.643937,0.679728,0.330677,0.767671,0.827562,0.841078,0.380256,0.372850,0.775687,0.446221,0.347407,0.363246,0.487493,0.323652,0.442071,0.427903,0.486040,0.862793,0.499406,0.865201,0.613709,0.468934,0.473881,0.481720,0.570490,0.416929,0.491612,0.847875,0.559969,0.472391,0.563186,0.000000,0.806176,0.767526,0.498008,0.425476,0.651024,0.341322,0.422740,0.783626,0.596367,0.782783,0.547698,0.876076,0.415698,0.805939,0.759947,0.472835,0.616841,0.574430,0.399612,0.570253,0.395066,0.762743,0.765232,0.488752,0.545714,0.725927,0.790661,0.565481,0.789638,0.558132,0.772852,0.811150,0.797382,0.766744,0.445117,0.792580,0.467054,0.522168,0.784020,0.605933,0.466339,0.655263,0.544626,0.785026,0.598881,0.619278,0.833852,0.538246,0.458679,0.554855,0.642611,0.453002,0.684217,0.802851,0.502220,0.595531,0.647618,0.547867,0.773848,0.465536,0.594947,0.838528,0.799997,0.757288,0.506204,0.474086,0.493302,0.508193
0.557459,0.689120,0.706950,0.688451,0.672459,0.398720,0.376975,0.722171,0.830236,0.764537,0.804607,0.778411,0.800542,0.673494,0.783618,0.738827,0.761240,0.721033,0.400225,0.707764,0.407383,0.790256,0.822222,0.697040,0.719453,0.646300,0.726177,0.722963,0.297428,0.801778,0.729800,0.701915,0.806176,0.000000,0.825683,0.737113,0.763927,0.844290,0.775647,0.811005,0.349533,0.826061,0.436785,0.758957,0.339335,0.764255,0.335131,0.763495,0.813791,0.617077,0.817958,0.762879,0.640758,0.732261,0.491087,0.709904,0.658497,0.888908,0.783512,0.441583,0.731595,0.415454,0.710134,0.636894,0.344034,0.439931,0.476448,0.779586,0.457335,0.767104,0.717899,0.849468,0.716766,0.828341,0.848470,0.793948,0.484499,0.608169,0.728354,0.763774,0.687666,0.744310,0.664397,0.749981,0.807485,0.748736,0.350728,0.822190,0.773151,0.736334,0.738006,0.478596,0.792532,0.637892,0.461866,0.374301,0.484741,0.875522,0.626284,0.769457,0.722156
0.557548,0.544924,0.673227,0.796555,0.711820,0.790016,0.767414,0.774332,0.812938,0.572626,0.837451,0.807675,0.788013,0.824983,0.785921,0.778312,0.782328,0.802942,0.823411,0.840000,0.793893,0.833611,0.831696,0.728606,0.807905,0.768239,0.777155,0.833793,0.837566,0.672011,0.837085,0.878388,0.767526,0.825683,0.000000,0.845363,0.802185,0.744232,0.784179,0.775816,0.809171,0.664720,0.807702,0.866448,0.819703,0.852140,0.808221,0.830521,0.855271,0.835547,0.728575,0.832819,0.818724,0.798576,0.791421,0.687796,0.820153,0.807445,0.572865,0.793171,0.818105,0.815264,0.867884,0.778937,0.833603,0.805772,0.761530,0.837232,0.783146,0.788546,0.771276,0.075749,0.747509,0.794968,0.765465,0.695112,0.791273,0.814871,0.787446,0.784433,0.791424,0.790927,0.802319,0.843970,0.816576,0.260770,0.851537,0.808662,0.848565,0.899540,0.899637,0.803637,0.796283,0.842634,0.816135,0.854148,0.818134,0.797667,0.772057,0.830170,0.891654
0.559763,0.687896,0.717029,0.402622,0.789960,0.842958,0.877096,0.509301,0.383505,0.833612,0.389397,0.444852,0.436002,0.369704,0.453159,0.501896,0.505664,0.348923,0.835183,0.348527,0.896691,0.661008,0.548871,0.453858,0.393152,0.439246,0.351915,0.376698,0.811137,0.623427,0.421073,0.680420,0.498008,0.737113,0.845363,0.000000,0.424492,0.641581,0.496528,0.454146,0.704864,0.695880,0.834997,0.383401,0.850994,0.495604,0.790275,0.745658,0.408783,0.503976,0.614647,0.355611,0.477645,0.438153,0.826145,0.842251,0.424393,0.604263,0.740187,0.853589,0.485470,0.833076,0.562826,0.768646,0.807824,0.852077,0.859524,0.371820,0.853379,0.520826,0.439847,0.839774,0.565798,0.389779,0.682867,0.653940,0.841867,0.554691,0.566329,0.792712,0.427195,0.432527,0.465243,0.719569,0.468404,0.734795,0.827987,0.496770,0.669438,0.472010,0.476006,0.804321,0.567485,0.613751,0.910918,0.842258,0.791426,0.503149,0.531976,0.356047,0.655803
0.564716,0.678276,0.705397,0.377707,0.803110,0.828812,0.875882,0.480803,0.404158,0.825503,0.470610,0.411056,0.291869,0.300699,0.310314,0.476307,0.421291,0.326341,0.855033,0.292569,0.893536,0.617631,0.525350,0.506695,0.366763,0.470995,0.328141,0.324734,0.879656,0.641692,0.355289,0.670853,0.425476,0.763927,0.802185,0.424492,0.000000,0.679949,0.395598,0.389310,0.795524,0.703600,0.829059,0.294268,0.879420,0.457183,0.820025,0.745683,0.484113,0.567069,0.656462,0.219311,0.392790,0.331801,0.810399,0.842270,0.365755,0.611805,0.732859,0.833047,0.319980,0.817654,0.504418,0.819958,0.798058,0.847451,0.799157,0.185857,0.858151,0.560091,0.567330,0.823660,0.671646,0.275836,0.740871,0.625337,0.840595,0.408504,0.633734,0.868316,0.597005,0.517446,0.404604,0.666562,0.153114,0.751664,0.811387,0.432510,0.642740,0.572678,0.449200,0.811896,0.561152,0.550271,0.853729,0.802076,0.808844,0.506588,0.495522,0.555361,0.699395
0.565409,0.567921,0.566803,0.611170,0.658133,0.808430,0.854383,0.563360,0.535714,0.544700,0.614413,0.610808,0.645224,0.646641,0.649202,0.571407,0.651507,0.590889,0.832358,0.690919,0.875058,0.742716,0.652531,0.621835,0.597567,0.723376,0.597172,0.617155,0.850774,0.215312,0.590939,0.764106,0.651024,0.844290,0.744232,0.641581,0.679949,0.000000,0.672062,0.599609,0.838014,0.290126,0.816712,0.574608,0.851858,0.625502,0.810140,0.701686,0.534296,0.742945,0.293104,0.676458,0.687649,0.695629,0.816864,0.678022,0.646075,0.555026,0.280403,0.811246,0.639286,0.799799,0.738163,0.757182,0.825485,0.831630,0.804095,0.633041,0.819298,0.639706,0.644340,0.780154,0.554827,0.603626,0.497110,0.753681,0.833794,0.625919,0.622975,0.714347,0.655764,0.620499,0.679549,0.754630,0.748270,0.689373,0.838005,0.607327,0.576917,0.645831,0.576615,0.818764,0.472815,0.701450,0.853216,0.802779,0.812687,0.663882,0.661147,0.615270,0.736054
0.567005,0.690701,0.702341,0.241530,0.717718,0.858227,0.871134,0.427369,0.371206,0.825973,0.405797,0.383463,0.403233,0.426937,0.376329,0.458512,0.459302,0.438844,0.854511,0.475278,0.893456,0.629552,0.389433,0.389717,0.417585,0.483038,0.342496,0.456076,0.835852,0.587875,0.400819,0.466798,0.341322,0.775647,0.784179,0.496528,0.395598,0.672062,0.000000,0.416720,0.779869,0.647822,0.829390,0.486800,0.887153,0.406999,0.787736,0.752760,0.466781,0.560151,0.598565,0.321538,0.461712,0.253693,0.799996,0.770719,0.443267,0.612656,0.719143,0.787349,0.629558,0.817092,0.579554,0.742868,0.808204,0.805194,0.755450,0.410073,0.807917,0.433316,0.466330,0.800137,0.544138,0.421668,0.692560,0.541820,0.806151,0.521173,0.537811,0.872927,0.538942,0.433426,0.557854,0.569546,0.468550,0.719455,0.880881,0.511050,0.515585,0.602388,0.495130,0.792684,0.516960,0.519452,0.792096,0.760973,0.806046,0.482005,0.416454,0.553091,0.527095
0.567965,0.678872,0.543883,0.370643,0.800990,0.903088,0.940132,0.427389,0.352389,0.776800,0.419766,0.388852,0.369415,0.409315,0.375213,0.435620,0.494876,0.360178,0.912424,0.385219,0.935518,0.630361,0.476566,0.455388,0.393932,0.471866,0.353970,0.359552,0.879694,0.505499,0.399602,0.642815,0.422740,0.811005,0.775816,0.454146,0.389310,0.599609,0.416720,0.000000,0.781728,0.619828,0.855002,0.393473,0.918904,0.495128,0.808450,0.766481,0.406067,0.555165,0.545198,0.403347,0.429909,0.365622,0.833797,0.841289,0.371991,0.591719,0.667730,0.849298,0.456494,0.857305,0.549229,0.840656,0.834319,0.887888,0.797529,0.422211,0.866659,0.418874,0.481627,0.798924,0.580875,0.383588,0.654816,0.653532,0.869926,0.465795,0.492520,0.799262,0.548507,0.453845,0.430466,0.655970,0.462552,0.707968,0.907166,0.474841,0.597554,0.520203,0.391872,0.838738,0.431535,0.567330,0.904510,0.861886,0.850301,0.545878,0.491889,0.493776,0.644917
0.568742,0.726268,0.627572,0.702510,0.597083,0.395118,0.415550,0.688668,0.791512,0.853412,0.757148,0.735146,0.769803,0.670729,0.758946,0.695970,0.745296,0.784269,0.424159,0.694882,0.411830,0.700267,0.823628,0.624456,0.758763,0.625798,0.769164,0.770498,0.316989,0.755152,0.759026,0.639849,0.783626,0.349533,0.809171,0.704864,0.795524,0.838014,0.779869,0.781728,0.000000,0.875642,0.428692,0.785470,0.396462,0.781699,0.363626,0.694278,0.772708,0.548970,0.760470,0.838553,0.739742,0.799887,0.510522,0.651080,0.711916,0.825559,0.840712,0.505540,0.708609,0.467793,0.733409,0.586713,0.422297,0.483714,0.546020,0.847327,0.475663,0.736177,0.586212,0.833728,0.645218,0.851225,0.884699,0.804217,0.503638,0.661774,0.656053,0.808513,0.594866,0.683493,0.739606,0.682834,0.836483,0.794304,0.408297,0.769926,0.780978,0.683666,0.759441,0.494153,0.840671,0.658448,0.544379,0.522673,0.479064,0.856357,0.585712,0.723787,0.670272
0.571383,0.584065,0.570357,0.623625,0.639302,0.824795,0.850408,0.552632,0.530653,0.513377,0.609221,0.605179,0.661704,0.666387,0.653009,0.565684,0.662137,0.589041,0.872410,0.702511,0.886339,0.736345,0.633668,0.554299,0.616623,0.755256,0.621539,0.641264,0.845324,0.193176,0.653369,0.793409,0.596367,0.826061,0.664720,0.695880,0.703600,0.290126,0.647822,0.619828,0.875642,0.000000,0.779455,0.588614,0.849237,0.681722,0.837204,0.693047,0.533813,0.796997,0.221094,0.676527,0.660424,0.651941,0.783004,0.692266,0.597623,0.605634,0.238603,0.770771,0.690623,0.772518,0.729466,0.716991,0.785871,0.786779,0.765608,0.665496,0.774872,0.588129,0.645418,0.727487,0.567688,0.602265,0.403259,0.675565,0.778611,0.633545,0.567527,0.767094,0.639812,0.569275,0.700339,0.818603,0.741037,0.624920,0.858135,0.583973,0.598694,0.665241,0.615359,0.778907,0.443015,0.760084,0.822025,0.854004,0.758445,0.616301,0.664242,0.619733,0.746587
0.571603,0.734067,0.751742,0.771612,0.717060,0.281865,0.260598,0.752821,0.787553,0.823794,0.839101,0.810082,0.806959,0.769016,0.799655,0.667062,0.847180,0.829677,0.291501,0.780777,0.278498,0.751145,0.797576,0.736449,0.824243,0.769386,0.810606,0.830516,0.323334,0.825689,0.821745,0.734830,0.782783,0.436785,0.807702,0.834997,0.829059,0.816712,0.829390,0.855002,0.428692,0.779455,0.000000,0.796917,0.225602,0.839878,0.340945,0.714901,0.833148,0.678527,0.782251,0.832824,0.776588,0.837270,0.085440,0.701877,0.811590,0.869726,0.841023,0.086199,0.761384,0.063832,0.801281,0.486774,0.169972,0.067877,0.162672,0.848853,0.042610,0.778746,0.783602,0.820963,0.698540,0.819220,0.807354,0.851932,0.090192,0.786700,0.758951,0.747293,0.793703,0.795547,0.777207,0.796231,0.805827,0.813336,0.266600,0.793848,0.805675,0.789101,0.801954,0.113077,0.781779,0.717281,0.149819,0.529589,0.123955,0.872558,0.730045,0.798177,0.783288
0.571985,0.727551,0.691435,0.395142,0.792704,0.853051,0.862990,0.447957,0.289953,0.815835,0.345363,0.392957,0.310774,0.281278,0.371645,0.408778,0.517602,0.216151,0.830008,0.259348,0.888395,0.606811,0.517622,0.445851,0.325608,0.453551,0.328329,0.233497,0.856973,0.526571,0.271128,0.716641,0.547698,0.758957,0.866448,0.383401,0.294268,0.574608,0.486800,0.393473,0.785470,0.588614,0.796917,0.000000,0.846834,0.405762,0.808411,0.705034,0.361615,0.509878,0.548552,0.305190,0.385545,0.428277,0.799035,0.861589,0.316494,0.614449,0.689069,0.812995,0.373107,0.800347,0.554215,0.747211,0.775211,0.831376,0.783026,0.248315,0.828399,0.510405,0.531670,0.894213,0.611609,0.243784,0.627530,0.601904,0.817157,0.417314,0.531936,0.741574,0.582660,0.514144,0.439996,0.704126,0.322015,0.814806,0.802610,0.430961,0.634225,0.398866,0.360755,0.797388,0.425163,0.591014,0.847092,0.854262,0.785486,0.476791,0.586142,0.502565,0.702590
