0.000000,0.389631,0.434434,0.464459,0.497856,0.506008,0.523681,0.525205,0.527819,0.531081,0.534123,0.542602,0.543787,0.550131,0.550818,0.554822,0.556419,0.559412,0.560856,0.563468,0.563897,0.564713,0.565112,0.567925,0.568034,0.568242,0.570072,0.575377,0.577436,0.578312,0.579636,0.580355,0.580424,0.581081,0.581230,0.584048,0.586207,0.587023,0.587961,0.588527,0.588861,0.593885,0.594993,0.595787,0.596866,0.598028,0.598563,0.599081,0.599394,0.599975,0.600816,0.600822,0.602408,0.602568,0.602699,0.604798,0.604828,0.605709,0.606222,0.607072,0.609380,0.609841,0.610625,0.611224,0.611431,0.612809,0.615159,0.615241,0.615381,0.617747,0.618499,0.619970,0.620032,0.620098,0.620579,0.621007,0.621516,0.621709,0.622477,0.622502,0.622842,0.622857,0.623200,0.623486,0.624343,0.625540,0.627124,0.627747,0.627924,0.627993,0.628614,0.629313,0.629514,0.629835,0.629908,0.630253,0.631094,0.631370,0.631742,0.632023,0.632059
0.389631,0.000000,0.788440,0.760721,0.679515,0.531622,0.783383,0.652962,0.669662,0.557756,0.745850,0.719065,0.658637,0.739991,0.826508,0.748228,0.763362,0.873753,0.611129,0.797013,0.823456,0.581100,0.687030,0.793966,0.733977,0.710079,0.690870,0.746780,0.616460,0.783123,0.547333,0.797309,0.650669,0.727340,0.636851,0.690303,0.646291,0.770897,0.692739,0.709823,0.769337,0.621676,0.685854,0.785642,0.695878,0.806181,0.659713,0.819989,0.714679,0.764714,0.718425,0.676918,0.802077,0.774659,0.682533,0.661010,0.661233,0.770751,0.671150,0.761655,0.687015,0.785951,0.710176,0.804616,0.701286,0.828836,0.749568,0.755028,0.757231,0.766351,0.730582,0.729106,0.746329,0.734248,0.797710,0.781323,0.762811,0.750489,0.761164,0.778732,0.618869,0.658514,0.711111,0.683234,0.828416,0.853745,0.757244,0.719640,0.709297,0.803615,0.731594,0.656014,0.670720,0.743895,0.671851,0.711573,0.727408,0.643179,0.849187,0.665484,0.708903
0.434434,0.788440,0.000000,0.408993,0.582093,0.807536,0.451183,0.788314,0.839464,0.791579,0.576515,0.825740,0.773108,0.684688,0.205197,0.727539,0.525775,0.319361,0.787692,0.511788,0.564317,0.735915,0.784299,0.559669,0.784290,0.834983,0.810909,0.651261,0.780892,0.486232,0.848069,0.165979,0.843832,0.666413,0.552950,0.811393,0.766559,0.667084,0.792601,0.602129,0.652144,0.904571,0.832140,0.607495,0.823429,0.613524,0.818409,0.564215,0.645749,0.226711,0.803453,0.816593,0.533867,0.681127,0.845767,0.784935,0.742385,0.634341,0.834260,0.524109,0.839677,0.586771,0.824600,0.624662,0.796734,0.728698,0.799045,0.681646,0.666349,0.825459,0.771960,0.819934,0.782212,0.689022,0.620237,0.725674,0.718776,0.841363,0.726404,0.589376,0.904142,0.751540,0.600055,0.842242,0.532627,0.583576,0.656909,0.773342,0.802446,0.804206,0.864431,0.839661,0.815846,0.850000,0.867499,0.818230,0.674914,0.857123,0.378330,0.833651,0.856975
0.464459,0.760721,0.408993,0.000000,0.639373,0.688289,0.369610,0.891135,0.874083,0.769898,0.582924,0.867643,0.835127,0.554202,0.483420,0.461608,0.539113,0.540265,0.843690,0.378623,0.461806,0.780706,0.871365,0.341070,0.829703,0.855178,0.856614,0.691446,0.802169,0.490197,0.903832,0.471892,0.800420,0.390420,0.714539,0.801472,0.820992,0.381418,0.769638,0.325887,0.372961,0.850604,0.854620,0.528182,0.838346,0.384797,0.822460,0.472703,0.504870,0.618452,0.713597,0.864170,0.465159,0.393825,0.824462,0.852386,0.735497,0.632611,0.888550,0.314257,0.846241,0.487090,0.904935,0.465706,0.895201,0.639589,0.830186,0.604639,0.518908,0.858966,0.761154,0.839137,0.710354,0.768156,0.435575,0.587087,0.738967,0.889341,0.577314,0.557174,0.883210,0.667404,0.694026,0.850834,0.490253,0.515031,0.485448,0.810387,0.912030,0.885745,0.851720,0.833719,0.917220,0.855919,0.807959,0.813341,0.543277,0.817100,0.631084,0.873403,0.876858
0.497856,0.679515,0.582093,0.639373,0.000000,0.675913,0.661872,0.675277,0.732312,0.660824,0.485987,0.787121,0.735281,0.657923,0.537330,0.686647,0.656291,0.678586,0.554970,0.629017,0.578460,0.705872,0.760887,0.686361,0.594752,0.704149,0.695402,0.516558,0.687528,0.609270,0.716140,0.637573,0.531305,0.711751,0.566603,0.691328,0.720342,0.659149,0.589040,0.665381,0.670272,0.723021,0.763236,0.665735,0.709095,0.609852,0.715309,0.664364,0.649415,0.698615,0.668633,0.840243,0.576661,0.726527,0.654178,0.596314,0.790147,0.764975,0.627411,0.730387,0.729520,0.583290,0.620348,0.735987,0.632110,0.601997,0.660958,0.603560,0.683161,0.768750,0.802263,0.803220,0.678156,0.671246,0.608061,0.678649,0.600231,0.646529,0.720096,0.572555,0.745292,0.681804,0.576405,0.620554,0.648173,0.556539,0.662565,0.765353,0.601986,0.678975,0.753321,0.693722,0.741007,0.739895,0.673121,0.708933,0.538124,0.697260,0.648506,0.605248,0.699191
0.506008,0.531622,0.807536,0.688289,0.675913,0.000000,0.700201,0.848924,0.781327,0.779618,0.664569,0.822114,0.779758,0.689963,0.809541,0.612984,0.735778,0.820729,0.744377,0.670349,0.704801,0.697829,0.819864,0.681967,0.814055,0.802536,0.839139,0.559623,0.726537,0.728667,0.784501,0.760125,0.722466,0.598827,0.806249,0.857043,0.802836,0.656572,0.650452,0.715150,0.631138,0.767543,0.822501,0.618673,0.705831,0.590305,0.746353,0.749142,0.656093,0.823444,0.766387,0.802579,0.733236,0.688943,0.883453,0.724930,0.874170,0.755512,0.776742,0.759655,0.788731,0.629682,0.830391,0.711612,0.781509,0.757641,0.823493,0.674267,0.638252,0.837664,0.850947,0.786194,0.793156,0.827736,0.686715,0.761173,0.765550,0.849110,0.770202,0.716860,0.713310,0.724155,0.755094,0.810281,0.770942,0.679570,0.714872,0.920772,0.779983,0.877266,0.936178,0.790750,0.697925,0.864232,0.778259,0.837525,0.589693,0.790560,0.850293,0.769713,0.729277
0.523681,0.783383,0.451183,0.369610,0.661872,0.700201,0.000000,0.909246,0.926248,0.873480,0.657633,0.896816,0.876798,0.553899,0.502399,0.643071,0.623864,0.591656,0.858634,0.501243,0.591494,0.803048,0.864168,0.390693,0.842187,0.898078,0.931572,0.622673,0.886103,0.488152,0.927004,0.541827,0.860595,0.497868,0.626162,0.837241,0.905492,0.480439,0.825248,0.550965,0.494610,0.946399,0.897196,0.565170,0.851435,0.582874,0.927009,0.565722,0.519240,0.606040,0.758420,0.864676,0.656858,0.553353,0.882246,0.878529,0.782745,0.721348,0.894462,0.452108,0.877304,0.600190,0.891840,0.221675,0.961690,0.666508,0.908945,0.698837,0.565366,0.913419,0.855444,0.861612,0.840832,0.764599,0.635467,0.749957,0.802980,0.936894,0.649879,0.640205,0.923971,0.807947,0.632491,0.921035,0.581222,0.629758,0.593903,0.933078,0.927329,0.924303,0.944081,0.904150,0.976714,0.867291,0.946940,0.878061,0.639491,0.901995,0.613237,0.921865,0.888086
0.525205,0.652962,0.788314,0.891135,0.675277,0.848924,0.909246,0.000000,0.342649,0.558955,0.744829,0.339111,0.462369,0.740493,0.802364,0.888064,0.778039,0.833470,0.393922,0.886620,0.837994,0.632993,0.455228,0.924054,0.361031,0.323440,0.378193,0.753993,0.603614,0.933067,0.467071,0.829316,0.567557,0.899270,0.669140,0.668215,0.581667,0.917261,0.762793,0.866238,0.920944,0.501032,0.537127,0.890815,0.460396,0.927360,0.547881,0.842357,0.909421,0.829057,0.648536,0.580825,0.909388,0.876547,0.435854,0.495449,0.752059,0.815837,0.522984,0.913217,0.586874,0.830517,0.438609,0.944856,0.428299,0.794738,0.510936,0.902066,0.913826,0.402427,0.539027,0.505359,0.669185,0.647970,0.868953,0.766908,0.818276,0.356231,0.865673,0.902467,0.447334,0.738211,0.649580,0.489392,0.842468,0.903991,0.877731,0.606425,0.454825,0.334043,0.486517,0.584529,0.546645,0.422348,0.570575,0.602832,0.863352,0.592279,0.814469,0.495199,0.573129
0.527819,0.669662,0.839464,0.874083,0.732312,0.781327,0.926248,0.342649,0.000000,0.563132,0.762434,0.346816,0.308942,0.770901,0.858536,0.815174,0.734917,0.827461,0.360272,0.871189,0.882976,0.623928,0.371914,0.896741,0.359568,0.328251,0.387507,0.736801,0.568971,0.968356,0.129503,0.886495,0.490694,0.889955,0.664601,0.604946,0.450539,0.865007,0.692043,0.782387,0.852508,0.333985,0.562611,0.897519,0.392605,0.937267,0.435135,0.879771,0.897770,0.894837,0.679410,0.479687,0.857910,0.838626,0.519223,0.433755,0.706153,0.732271,0.426251,0.943553,0.521203,0.886743,0.407350,0.885656,0.448214,0.815905,0.462769,0.854409,0.894489,0.362988,0.600810,0.468201,0.647964,0.631063,0.884784,0.675842,0.780714,0.300897,0.830486,0.892876,0.420978,0.664709,0.690114,0.366770,0.813954,0.935849,0.845631,0.498002,0.427150,0.348682,0.424435,0.606135,0.434185,0.382137,0.519723,0.480899,0.865290,0.489942,0.842083,0.449172,0.574965
0.531081,0.557756,0.791579,0.769898,0.660824,0.779618,0.873480,0.558955,0.563132,0.000000,0.764438,0.630033,0.675550,0.726875,0.841389,0.771979,0.756802,0.822246,0.639439,0.771875,0.789816,0.693207,0.635336,0.795094,0.597941,0.609200,0.553773,0.750616,0.391885,0.791544,0.618149,0.812316,0.559615,0.748537,0.789294,0.744051,0.587482,0.765972,0.669434,0.802324,0.745716,0.639386,0.595634,0.739426,0.728931,0.781548,0.684285,0.846050,0.749774,0.856057,0.751769,0.678019,0.794694,0.808661,0.473522,0.588993,0.736221,0.731365,0.510690,0.897412,0.627063,0.738321,0.601890,0.873815,0.615478,0.836806,0.685875,0.815746,0.785495,0.639229,0.577050,0.692574,0.657432,0.786919,0.804293,0.691885,0.767926,0.587360,0.874565,0.755556,0.657209,0.651650,0.686575,0.604691,0.716608,0.756404,0.812169,0.659396,0.652915,0.543476,0.594857,0.221839,0.629204,0.613526,0.414662,0.727046,0.794975,0.676822,0.840053,0.687110,0.694205
0.534123,0.745850,0.576515,0.582924,0.485987,0.664569,0.657633,0.744829,0.762434,0.764438,0.000000,0.727192,0.791598,0.712264,0.594037,0.645900,0.708988,0.664729,0.689313,0.581165,0.569680,0.794026,0.812309,0.626305,0.685649,0.695724,0.809185,0.604091,0.750726,0.603857,0.784695,0.606381,0.729757,0.686723,0.721552,0.761715,0.856009,0.666335,0.578486,0.683607,0.673022,0.792149,0.832446,0.697230,0.748724,0.650033,0.797020,0.699514,0.627556,0.741281,0.755202,0.790794,0.585267,0.677126,0.719117,0.729605,0.804604,0.679775,0.705040,0.733305,0.675750,0.635030,0.763100,0.724656,0.779982,0.703354,0.732427,0.646383,0.691671,0.807466,0.739905,0.827527,0.727179,0.736520,0.649448,0.668853,0.673336,0.788488,0.782727,0.672863,0.733543,0.724639,0.666668,0.774374,0.620127,0.629844,0.659880,0.899600,0.757903,0.778517,0.858669,0.805041,0.721793,0.775216,0.708676,0.698520,0.646474,0.766311,0.672012,0.747803,0.783023
0.542602,0.719065,0.825740,0.867643,0.787121,0.822114,0.896816,0.339111,0.346816,0.630033,0.727192,0.000000,0.395739,0.762577,0.837814,0.822094,0.725522,0.845362,0.511140,0.816028,0.813558,0.665438,0.399164,0.842402,0.456479,0.310541,0.497965,0.763327,0.583647,0.934731,0.454273,0.876332,0.606843,0.862687,0.707237,0.651935,0.558031,0.900513,0.845933,0.837411,0.869503,0.448746,0.595714,0.906139,0.459212,0.908986,0.588175,0.816380,0.895753,0.877193,0.721485,0.567837,0.930688,0.831128,0.452099,0.585605,0.727114,0.725009,0.513715,0.898738,0.574867,0.849303,0.511860,0.895108,0.518910,0.834540,0.553006,0.843733,0.894939,0.326903,0.474365,0.489053,0.647757,0.720891,0.849662,0.767217,0.836220,0.392599,0.856598,0.857678,0.451242,0.753667,0.724643,0.560661,0.772914,0.856562,0.812783,0.539954,0.523310,0.452086,0.538875,0.645647,0.558940,0.382481,0.587658,0.613725,0.880198,0.669817,0.831339,0.555529,0.597074
0.543787,0.658637,0.773108,0.835127,0.735281,0.779758,0.876798,0.462369,0.308942,0.675550,0.791598,0.395739,0.000000,0.801350,0.849013,0.839497,0.716941,0.794319,0.442560,0.833997,0.836966,0.573162,0.385721,0.900350,0.500666,0.507677,0.500933,0.751758,0.655697,0.900580,0.346251,0.811769,0.571439,0.879113,0.567628,0.571084,0.502329,0.920735,0.787152,0.773623,0.908233,0.350642,0.663617,0.892041,0.410428,0.919561,0.452336,0.840428,0.890200,0.796235,0.640729,0.518827,0.901324,0.856815,0.657311,0.506558,0.649077,0.767355,0.486725,0.840378,0.670106,0.855465,0.454105,0.940742,0.445675,0.832613,0.567421,0.808948,0.862410,0.418549,0.704358,0.486172,0.723147,0.609116,0.902356,0.779607,0.845687,0.352683,0.807056,0.894369,0.444822,0.771102,0.679559,0.511847,0.767033,0.898390,0.843222,0.535204,0.481313,0.482102,0.522079,0.715045,0.419820,0.465435,0.669401,0.483499,0.895241,0.610742,0.774707,0.433477,0.502053
0.550131,0.739991,0.684688,0.554202,0.657923,0.689963,0.553899,0.740493,0.770901,0.726875,0.712264,0.762577,0.801350,0.000000,0.749894,0.661590,0.720958,0.772289,0.696233,0.715109,0.648452,0.795603,0.785001,0.519789,0.717123,0.708789,0.741922,0.617067,0.758857,0.645435,0.824148,0.758558,0.655567,0.505704,0.705863,0.724884,0.781633,0.504308,0.691059,0.686202,0.532149,0.807023,0.671921,0.352588,0.766546,0.520406,0.771739,0.547170,0.501480,0.777951,0.628609,0.724366,0.731884,0.536359,0.768421,0.705324,0.790697,0.820135,0.715880,0.697954,0.758891,0.560272,0.674927,0.537042,0.738072,0.635675,0.679525,0.647368,0.472559,0.835359,0.787143,0.834361,0.725522,0.777736,0.539608,0.790079,0.738529,0.752398,0.701370,0.637277,0.838409,0.804703,0.643279,0.744665,0.701181,0.624344,0.692468,0.821064,0.791400,0.793449,0.866676,0.795144,0.742455,0.747451,0.739856,0.770189,0.629448,0.785684,0.782755,0.779028,0.802094
0.550818,0.826508,0.205197,0.483420,0.537330,0.809541,0.502399,0.802364,0.858536,0.841389,0.594037,0.837814,0.849013,0.749894,0.000000,0.759124,0.561674,0.465817,0.801592,0.578771,0.496737,0.722704,0.831624,0.670603,0.776605,0.854316,0.889257,0.634301,0.865099,0.556063,0.856219,0.263383,0.791849,0.755756,0.612051,0.878732,0.791058,0.686984,0.821112,0.583077,0.681378,0.927439,0.872290,0.698656,0.816834,0.652356,0.855661,0.523603,0.653663,0.313343,0.803119,0.865427,0.571640,0.697232,0.808503,0.811569,0.799589,0.721232,0.816401,0.587880,0.883597,0.636236,0.812718,0.609382,0.822302,0.689871,0.840032,0.714886,0.748590,0.871243,0.840153,0.884030,0.842929,0.733723,0.551992,0.806923,0.692339,0.856783,0.698829,0.622129,0.891391,0.835755,0.572542,0.901792,0.582962,0.568081,0.550644,0.740369,0.780312,0.831744,0.876212,0.853867,0.824680,0.912585,0.906307,0.865007,0.610071,0.875536,0.406745,0.858943,0.883673
0.554822,0.748228,0.727539,0.461608,0.686647,0.612984,0.643071,0.888064,0.815174,0.771979,0.645900,0.822094,0.839497,0.661590,0.759124,0.000000,0.650703,0.734469,0.843066,0.581786,0.576399,0.845913,0.841390,0.492087,0.836281,0.816734,0.867868,0.652406,0.729952,0.619503,0.866080,0.773544,0.802046,0.300722,0.827974,0.844212,0.816122,0.444915,0.656006,0.597662,0.423983,0.800678,0.891370,0.453237,0.808381,0.442563,0.771810,0.649925,0.437490,0.830485,0.703908,0.837759,0.668371,0.527320,0.829346,0.849688,0.780745,0.682797,0.834248,0.626032,0.745582,0.499563,0.906551,0.618796,0.941759,0.715133,0.836665,0.587766,0.475626,0.888191,0.772976,0.875691,0.670258,0.901195,0.482133,0.652623,0.767462,0.901755,0.586182,0.588935,0.843972,0.664705,0.786908,0.785673,0.659081,0.584940,0.438484,0.869902,0.834818,0.903131,0.750930,0.774068,0.894021,0.874280,0.750009,0.789925,0.483968,0.710389,0.779976,0.867753,0.852551
0.556419,0.763362,0.525775,0.539113,0.656291,0.735778,0.623864,0.778039,0.734917,0.756802,0.708988,0.725522,0.716941,0.720958,0.561674,0.650703,0.000000,0.505620,0.710761,0.620614,0.627452,0.715352,0.744952,0.630406,0.741376,0.763102,0.729216,0.680475,0.746346,0.624973,0.759403,0.588230,0.797512,0.591085,0.667746,0.796987,0.746228,0.649805,0.773387,0.679053,0.626958,0.797606,0.799393,0.654366,0.647616,0.638404,0.737504,0.629860,0.639932,0.626548,0.748064,0.839592,0.672298,0.703843,0.774826,0.690634,0.683046,0.669640,0.738364,0.521583,0.779342,0.624193,0.785223,0.664988,0.769519,0.727314,0.775994,0.747958,0.657881,0.664505,0.727164,0.600646,0.807108,0.738391,0.695287,0.715600,0.742788,0.726688,0.312767,0.674470,0.720486,0.749545,0.771910,0.788998,0.625852,0.693387,0.664232,0.738385,0.705714,0.761520,0.782396,0.781764,0.741498,0.781787,0.794495,0.806053,0.651305,0.779015,0.581207,0.762380,0.788141
0.559412,0.873753,0.319361,0.540265,0.678586,0.820729,0.591656,0.833470,0.827461,0.822246,0.664729,0.845362,0.794319,0.772289,0.465817,0.734469,0.505620,0.000000,0.834568,0.662893,0.697058,0.770495,0.846829,0.619815,0.841162,0.870080,0.843501,0.738224,0.723144,0.599223,0.828249,0.373151,0.859239,0.651131,0.687014,0.869637,0.782023,0.681528,0.784686,0.649572,0.676276,0.889011,0.902318,0.671250,0.866567,0.670639,0.833369,0.712995,0.703051,0.487222,0.865751,0.852459,0.625085,0.707856,0.904067,0.761778,0.840567,0.746611,0.842250,0.581546,0.810873,0.641894,0.846544,0.697552,0.829262,0.803295,0.818978,0.737540,0.730537,0.827429,0.807629,0.802437,0.811661,0.757825,0.710346,0.722197,0.685779,0.857138,0.659053,0.666338,0.855126,0.751749,0.764454,0.867420,0.690619,0.688609,0.762741,0.818120,0.828159,0.817073,0.911494,0.865845,0.802520,0.883077,0.821544,0.859908,0.717684,0.814827,0.555553,0.804748,0.878142
0.560856,0.611129,0.787692,0.843690,0.554970,0.744377,0.858634,0.393922,0.360272,0.639439,0.689313,0.511140,0.442560,0.696233,0.801592,0.843066,0.710761,0.834568,0.000000,0.821562,0.776697,0.575345,0.496240,0.908415,0.221251,0.383397,0.334602,0.670307,0.644065,0.887403,0.366617,0.800787,0.478672,0.889671,0.517617,0.674583,0.532903,0.882321,0.714158,0.740026,0.857590,0.448503,0.564145,0.872634,0.507260,0.862277,0.477498,0.779058,0.872751,0.762871,0.706421,0.530571,0.873101,0.869162,0.622663,0.374245,0.765922,0.802469,0.402297,0.819445,0.604885,0.834578,0.307629,0.875455,0.380334,0.738373,0.482120,0.817503,0.890441,0.438495,0.728911,0.472086,0.688548,0.521843,0.831883,0.719539,0.783784,0.277859,0.838573,0.880252,0.506377,0.670632,0.575160,0.455916,0.815948,0.895812,0.802169,0.633345,0.403095,0.396025,0.556594,0.635575,0.445622,0.408626,0.617282,0.580114,0.773860,0.483437,0.817093,0.461087,0.593762
0.563468,0.797013,0.511788,0.378623,0.629017,0.670349,0.501243,0.886620,0.871189,0.771875,0.581165,0.816028,0.833997,0.715109,0.578771,0.581786,0.620614,0.662893,0.821562,0.000000,0.550497,0.792836,0.861917,0.513418,0.857026,0.842781,0.832920,0.564134,0.711162,0.595637,0.841784,0.517092,0.787810,0.610321,0.719310,0.850993,0.732594,0.527086,0.726528,0.459490,0.546073,0.884856,0.872309,0.621242,0.875629,0.462357,0.780883,0.540373,0.524684,0.636447,0.800139,0.834633,0.654767,0.549694,0.784056,0.875957,0.735785,0.492975,0.853405,0.633426,0.816615,0.559665,0.935828,0.625167,0.884969,0.735789,0.866265,0.676128,0.650370,0.835629,0.718267,0.847957,0.737563,0.767231,0.613241,0.600339,0.790614,0.871483,0.736391,0.631190,0.911216,0.608234,0.724362,0.859564,0.286213,0.524351,0.540358,0.782654,0.846808,0.872597,0.841518,0.839241,0.844921,0.856251,0.803783,0.784909,0.579500,0.829420,0.635167,0.854949,0.951348
0.563897,0.823456,0.564317,0.461806,0.578460,0.704801,0.591494,0.837994,0.882976,0.789816,0.569680,0.813558,0.836966,0.648452,0.496737,0.576399,0.627452,0.697058,0.776697,0.550497,0.000000,0.793270,0.848761,0.588263,0.781001,0.853401,0.867172,0.613849,0.851882,0.475656,0.908870,0.572838,0.751754,0.575649,0.777358,0.839216,0.797904,0.517839,0.679112,0.595143,0.533131,0.861397,0.882412,0.596795,0.811893,0.449332,0.836734,0.331529,0.560546,0.673226,0.687031,0.876333,0.623534,0.567385,0.825921,0.863413,0.766491,0.667104,0.812387,0.638046,0.833040,0.417237,0.840733,0.692554,0.866617,0.614723,0.868098,0.507961,0.619735,0.847843,0.790066,0.846377,0.812841,0.738941,0.341271,0.731813,0.617470,0.837125,0.618964,0.571919,0.845184,0.749767,0.634505,0.843242,0.492127,0.445990,0.537972,0.789773,0.883708,0.862549,0.872961,0.791437,0.880154,0.889787,0.869452,0.830051,0.465983,0.826265,0.539342,0.849273,0.834240
0.564713,0.581100,0.735915,0.780706,0.705872,0.697829,0.803048,0.632993,0.623928,0.693207,0.794026,0.665438,0.573162,0.795603,0.722704,0.845913,0.715352,0.770495,0.575345,0.792836,0.793270,0.000000,0.578346,0.854825,0.587803,0.686909,0.625993,0.657548,0.669309,0.797216,0.610596,0.744768,0.647160,0.841317,0.601626,0.529646,0.641752,0.846193,0.805732,0.743878,0.833979,0.593469,0.728375,0.838064,0.687953,0.855513,0.643353,0.754112,0.885255,0.775514,0.786386,0.602769,0.782291,0.817616,0.739972,0.599286,0.603634,0.704259,0.568742,0.792934,0.714164,0.797134,0.605174,0.843581,0.663180,0.766075,0.732737,0.784429,0.783439,0.687566,0.749207,0.701211,0.751814,0.689968,0.804646,0.765559,0.813045,0.639381,0.841260,0.790202,0.613817,0.718392,0.561365,0.727600,0.746784,0.778755,0.799349,0.591409,0.625849,0.624339,0.688149,0.627305,0.633551,0.655947,0.704703,0.728932,0.703838,0.751222,0.765184,0.620629,0.732149
0.565112,0.687030,0.784299,0.871365,0.760887,0.819864,0.864168,0.455228,0.371914,0.635336,0.812309,0.399164,0.385721,0.785001,0.831624,0.841390,0.744952,0.846829,0.496240,0.861917,0.848761,0.578346,0.000000,0.888677,0.462720,0.508160,0.480956,0.730727,0.688135,0.884416,0.465229,0.862432,0.598092,0.911543,0.603040,0.576512,0.531747,0.946699,0.821527,0.837598,0.917288,0.343356,0.657881,0.906189,0.554675,0.965479,0.599444,0.836796,0.928954,0.794705,0.715534,0.564840,0.889657,0.897539,0.605482,0.520371,0.708654,0.753876,0.532052,0.890143,0.630043,0.927534,0.494232,0.893040,0.524715,0.731553,0.596504,0.881115,0.944105,0.521589,0.688889,0.574539,0.770266,0.653579,0.893742,0.809756,0.836659,0.497189,0.867907,0.908979,0.460841,0.798027,0.662334,0.545506,0.838341,0.912488,0.835769,0.524043,0.521294,0.513182,0.520503,0.685761,0.457685,0.461438,0.673170,0.568111,0.917164,0.615986,0.767363,0.493536,0.660690
0.567925,0.793966,0.559669,0.341070,0.686361,0.681967,0.390693,0.924054,0.896741,0.795094,0.626305,0.842402,0.900350,0.519789,0.670603,0.492087,0.630406,0.619815,0.908415,0.513418,0.588263,0.854825,0.888677,0.000000,0.903681,0.853791,0.905115,0.657574,0.830623,0.582149,0.940428,0.654484,0.860113,0.411447,0.798005,0.839247,0.843863,0.382111,0.767527,0.612192,0.371519,0.879038,0.867639,0.386952,0.888894,0.515876,0.838949,0.619119,0.369619,0.763832,0.802974,0.870210,0.636750,0.443950,0.872643,0.879743,0.790317,0.717113,0.902734,0.583123,0.853496,0.569415,0.957204,0.422933,0.938651,0.754822,0.861534,0.643541,0.495670,0.934058,0.830484,0.891879,0.744996,0.840897,0.560808,0.688600,0.797524,0.949350,0.618693,0.609398,0.886376,0.783724,0.784360,0.883356,0.610720,0.583626,0.552986,0.886147,0.940405,0.954642,0.889705,0.857473,0.922556,0.914700,0.871127,0.811423,0.655721,0.860989,0.753531,0.895783,0.931463
0.568034,0.733977,0.784290,0.829703,0.594752,0.814055,0.842187,0.361031,0.359568,0.597941,0.685649,0.456479,0.500666,0.717123,0.776605,0.836281,0.741376,0.841162,0.221251,0.857026,0.781001,0.587803,0.462720,0.903681,0.000000,0.322604,0.368906,0.645976,0.652340,0.836801,0.464193,0.814842,0.552021,0.844590,0.586695,0.595771,0.569009,0.863900,0.773551,0.774184,0.851550,0.529197,0.616045,0.863528,0.546009,0.861764,0.584617,0.809659,0.859440,0.820115,0.655564,0.552773,0.851706,0.891209,0.476985,0.436694,0.728674,0.704462,0.418509,0.889061,0.573114,0.799687,0.300387,0.844662,0.412502,0.717595,0.506183,0.846702,0.878160,0.428154,0.567880,0.522063,0.706031,0.590075,0.790047,0.697548,0.807505,0.329786,0.860004,0.815352,0.520984,0.693096,0.531329,0.435249,0.769247,0.805492,0.724151,0.641955,0.443392,0.239124,0.537161,0.595287,0.506276,0.413896,0.580529,0.627861,0.834207,0.508930,0.813385,0.521443,0.618513
0.568242,0.710079,0.834983,0.855178,0.704149,0.802536,0.898078,0.323440,0.328251,0.609200,0.695724,0.310541,0.507677,0.708789,0.854316,0.816734,0.763102,0.870080,0.383397,0.842781,0.853401,0.686909,0.508160,0.853791,0.322604,0.000000,0.345159,0.723477,0.570856,0.908894,0.435899,0.892350,0.509694,0.865400,0.629168,0.643818,0.649368,0.892083,0.725180,0.758496,0.866173,0.518295,0.509019,0.858924,0.540959,0.884001,0.613155,0.897369,0.868613,0.840928,0.720729,0.607323,0.865410,0.852924,0.390139,0.468968,0.696774,0.718026,0.445471,0.878998,0.529888,0.857411,0.414610,0.868978,0.463687,0.784677,0.502908,0.836858,0.883985,0.331553,0.467047,0.479508,0.664394,0.642303,0.845584,0.715221,0.822450,0.387172,0.869619,0.828299,0.506405,0.674716,0.642992,0.448740,0.837071,0.869683,0.779366,0.652585,0.496852,0.352232,0.469850,0.637933,0.558160,0.374272,0.528111,0.621598,0.857150,0.569645,0.854675,0.550491,0.658726
0.570072,0.690870,0.810909,0.856614,0.695402,0.839139,0.931572,0.378193,0.387507,0.553773,0.809185,0.497965,0.500933,0.741922,0.889257,0.867868,0.729216,0.843501,0.334602,0.832920,0.867172,0.625993,0.480956,0.905115,0.368906,0.345159,0.000000,0.801215,0.473905,0.891041,0.471107,0.851001,0.524576,0.892810,0.658489,0.665681,0.572826,0.888373,0.712412,0.779684,0.887345,0.536999,0.457180,0.920109,0.521104,0.918727,0.531269,0.843945,0.926785,0.816917,0.694064,0.593977,0.916267,0.889172,0.535976,0.437693,0.722199,0.736788,0.460541,0.891143,0.526493,0.887713,0.399547,0.934389,0.365716,0.777064,0.533700,0.840805,0.899195,0.357540,0.560885,0.438060,0.615095,0.614080,0.931145,0.691205,0.809944,0.276102,0.857666,0.882009,0.487922,0.659479,0.737174,0.448593,0.849950,0.953445,0.853270,0.628198,0.399443,0.316831,0.489238,0.599271,0.515831,0.438148,0.520766,0.671159,0.897329,0.536662,0.847650,0.512127,0.622660
0.575377,0.746780,0.651261,0.691446,0.516558,0.559623,0.622673,0.753993,0.736801,0.750616,0.604091,0.763327,0.751758,0.617067,0.634301,0.652406,0.680475,0.738224,0.670307,0.564134,0.613849,0.657548,0.730727,0.657574,0.645976,0.723477,0.801215,0.000000,0.737863,0.568866,0.797457,0.647828,0.725813,0.631942,0.606453,0.793993,0.725048,0.652047,0.639601,0.735862,0.654616,0.772028,0.815311,0.569385,0.720132,0.575872,0.766430,0.719509,0.587720,0.773850,0.700119,0.676763,0.655289,0.720199,0.746264,0.615014,0.857379,0.581151,0.655212,0.801660,0.760391,0.520965,0.667240,0.667289,0.768101,0.611142,0.812970,0.545823,0.645439,0.817975,0.764907,0.830825,0.771742,0.733069,0.616186,0.749282,0.770530,0.804219,0.742551,0.530264,0.821660,0.733130,0.543328,0.771116,0.572909,0.457653,0.730303,0.822098,0.768782,0.756401,0.848709,0.765641,0.652527,0.842286,0.744655,0.808142,0.569687,0.801231,0.724060,0.791018,0.802748
0.577436,0.616460,0.780892,0.802169,0.687528,0.726537,0.886103,0.603614,0.568971,0.391885,0.750726,0.583647,0.655697,0.758857,0.865099,0.729952,0.746346,0.723144,0.644065,0.711162,0.851882,0.669309,0.688135,0.830623,0.652340,0.570856,0.473905,0.737863,0.000000,0.834301,0.576311,0.764033,0.549850,0.739969,0.737182,0.710978,0.567270,0.798016,0.634867,0.723088,0.813819,0.683479,0.622000,0.828183,0.721234,0.786238,0.620999,0.844922,0.849335,0.820306,0.723927,0.671866,0.755977,0.819682,0.565354,0.575053,0.684310,0.647677,0.562168,0.891719,0.509160,0.748593,0.611029,0.894172,0.639208,0.854955,0.699492,0.774171,0.828705,0.589493,0.449537,0.700408,0.424811,0.746101,0.861527,0.604385,0.790547,0.589037,0.845805,0.767781,0.619334,0.514177,0.727649,0.599384,0.722078,0.820876,0.793172,0.682203,0.636564,0.581272,0.636510,0.521141,0.612692,0.644842,0.265047,0.747435,0.764384,0.628912,0.823916,0.644208,0.726488
0.578312,0.783123,0.486232,0.490197,0.609270,0.728667,0.488152,0.933067,0.968356,0.791544,0.603857,0.934731,0.900580,0.645435,0.556063,0.619503,0.624973,0.599223,0.887403,0.595637,0.475656,0.797216,0.884416,0.582149,0.836801,0.908894,0.891041,0.568866,0.834301,0.000000,0.988969,0.619331,0.885005,0.527532,0.748856,0.871541,0.867561,0.570888,0.681350,0.668397,0.557284,0.946160,0.828175,0.557237,0.843026,0.466760,0.882065,0.599617,0.533664,0.658705,0.785002,0.844029,0.494926,0.624083,0.852532,0.909403,0.830203,0.637367,0.895836,0.615244,0.863101,0.414903,0.869800,0.601948,0.923907,0.685253,0.882579,0.544624,0.599634,0.904523,0.814965,0.869328,0.831109,0.824743,0.462950,0.762114,0.732510,0.950045,0.652489,0.467255,0.928684,0.792479,0.687390,0.887272,0.556873,0.438923,0.652622,0.913560,0.931153,0.894469,0.909689,0.840726,0.953281,0.975429,0.926617,0.861109,0.471630,0.874172,0.682895,0.944508,0.766394
0.579636,0.547333,0.848069,0.903832,0.716140,0.784501,0.927004,0.467071,0.129503,0.618149,0.784695,0.454273,0.346251,0.824148,0.856219,0.866080,0.759403,0.828249,0.366617,0.841784,0.908870,0.610596,0.465229,0.940428,0.464193,0.435899,0.471107,0.797457,0.576311,0.988969,0.000000,0.870773,0.470628,0.945412,0.580981,0.642889,0.458029,0.922588,0.709880,0.715341,0.909962,0.364412,0.618312,0.940768,0.464996,0.938562,0.436102,0.881532,0.915683,0.830882,0.722036,0.529464,0.897552,0.836739,0.595493,0.426287,0.684474,0.771426,0.461580,0.911534,0.572258,0.915325,0.418357,0.933036,0.470049,0.864035,0.496792,0.865879,0.924382,0.454986,0.703302,0.529638,0.693074,0.591981,0.907983,0.756119,0.790693,0.359091,0.832195,0.939440,0.446283,0.651468,0.691766,0.415220,0.823918,0.966764,0.829201,0.502901,0.454061,0.492879,0.506592,0.640926,0.444043,0.468184,0.552017,0.514306,0.821272,0.483368,0.834759,0.430410,0.610231
0.580355,0.797309,0.165979,0.471892,0.637573,0.760125,0.541827,0.829316,0.886495,0.812316,0.606381,0.876332,0.811769,0.758558,0.263383,0.773544,0.588230,0.373151,0.800787,0.517092,0.572838,0.744768,0.862432,0.654484,0.814842,0.892350,0.851001,0.647828,0.764033,0.619331,0.870773,0.000000,0.843857,0.690007,0.646156,0.882570,0.753236,0.694745,0.826839,0.621998,0.681814,0.920442,0.918891,0.655045,0.828585,0.595764,0.838912,0.547411,0.714429,0.307791,0.820827,0.876303,0.626228,0.701893,0.879880,0.781343,0.798596,0.678005,0.841081,0.540765,0.857295,0.563126,0.843948,0.687287,0.803243,0.786444,0.846916,0.667151,0.692694,0.853423,0.810702,0.836937,0.837137,0.711970,0.683530,0.797273,0.703719,0.846374,0.782442,0.658087,0.887676,0.788770,0.621098,0.891912,0.567631,0.614606,0.695362,0.819568,0.848753,0.841905,0.904677,0.892239,0.820028,0.905393,0.839741,0.857159,0.698792,0.844211,0.339806,0.862650,0.882129
0.580424,0.650669,0.843832,0.800420,0.531305,0.722466,0.860595,0.567557,0.490694,0.559615,0.729757,0.606843,0.571439,0.655567,0.791849,0.802046,0.797512,0.859239,0.478672,0.787810,0.751754,0.647160,0.598092,0.860113,0.552021,0.509694,0.524576,0.725813,0.549850,0.885005,0.470628,0.843857,0.000000,0.823807,0.646068,0.663438,0.623321,0.779210,0.647822,0.632281,0.787602,0.508500,0.637687,0.782509,0.709738,0.809721,0.571543,0.825601,0.819041,0.824721,0.660636,0.530374,0.810089,0.861156,0.560185,0.499233,0.735289,0.781821,0.419162,0.863333,0.600343,0.826751,0.377019,0.837272,0.526798,0.711114,0.559662,0.739946,0.833792,0.647848,0.690231,0.737515,0.590247,0.616245,0.791925,0.693563,0.708318,0.486561,0.866853,0.801138,0.624572,0.653974,0.650463,0.579999,0.810188,0.832241,0.747702,0.635271,0.629486,0.593080,0.608482,0.603380,0.599376,0.566202,0.547742,0.679030,0.717173,0.679762,0.849359,0.544065,0.670041
0.581081,0.727340,0.666413,0.390420,0.711751,0.598827,0.497868,0.899270,0.889955,0.748537,0.686723,0.862687,0.879113,0.505704,0.755756,0.300722,0.591085,0.651131,0.889671,0.610321,0.575649,0.841317,0.911543,0.411447,0.844590,0.865400,0.892810,0.631942,0.739969,0.527532,0.945412,0.690007,0.823807,0.000000,0.829531,0.821505,0.852985,0.357366,0.642941,0.626564,0.317113,0.860169,0.897716,0.328847,0.809706,0.313438,0.823514,0.636817,0.424724,0.868894,0.618455,0.879921,0.594984,0.520334,0.851726,0.876269,0.790170,0.672922,0.858685,0.595194,0.821952,0.317860,0.934174,0.512166,0.924897,0.680931,0.851723,0.507319,0.376433,0.884014,0.704006,0.851351,0.683567,0.883436,0.428413,0.609349,0.742679,0.910659,0.550880,0.456097,0.860793,0.629998,0.749404,0.856681,0.656931,0.448211,0.541882,0.935023,0.924347,0.877864,0.885379,0.782114,0.907064,0.869377,0.794524,0.866079,0.451054,0.798875,0.793643,0.919845,0.751584
0.581230,0.636851,0.552950,0.714539,0.566603,0.806249,0.626162,0.669140,0.664601,0.789294,0.721552,0.707237,0.567628,0.705863,0.612051,0.827974,0.667746,0.687014,0.517617,0.719310,0.777358,0.601626,0.603040,0.798005,0.586695,0.629168,0.658489,0.606453,0.737182,0.748856,0.580981,0.646156,0.646068,0.829531,0.000000,0.691181,0.729255,0.830580,0.852191,0.648482,0.810556,0.695033,0.744194,0.841364,0.646995,0.837500,0.687021,0.681509,0.798815,0.545515,0.739719,0.642744,0.759816,0.821833,0.732442,0.530321,0.720277,0.695830,0.676096,0.702561,0.746953,0.798348,0.580951,0.734932,0.588919,0.647028,0.687621,0.794763,0.790787,0.666565,0.783292,0.692113,0.829057,0.576981,0.811871,0.769091,0.843546,0.587392,0.831780,0.719714,0.680584,0.709609,0.499378,0.661567,0.721746,0.784097,0.714269,0.722779,0.563881,0.668632,0.739519,0.791768,0.637853,0.687658,0.747822,0.697159,0.764312,0.742508,0.642029,0.616948,0.699629
0.584048,0.690303,0.811393,0.801472,0.691328,0.857043,0.837241,0.668215,0.604946,0.744051,0.761715,0.651935,0.571084,0.724884,0.878732,0.844212,0.796987,0.869637,0.674583,0.850993,0.839216,0.529646,0.576512,0.839247,0.595771,0.643818,0.665681,0.793993,0.710978,0.871541,0.642889,0.882570,0.663438,0.821505,0.691181,0.000000,0.702227,0.863166,0.726218,0.806419,0.863891,0.621505,0.742239,0.825183,0.704647,0.867218,0.672857,0.806243,0.862769,0.870759,0.692474,0.668865,0.760534,0.843576,0.691477,0.708737,0.398789,0.720471,0.585942,0.788931,0.699453,0.834947,0.619191,0.843609,0.691612,0.786097,0.675135,0.833956,0.768938,0.716075,0.687105,0.773264,0.689527,0.657612,0.828434,0.797473,0.803841,0.645600,0.840929,0.830293,0.683966,0.797778,0.669169,0.640672,0.770581,0.868256,0.785676,0.633184,0.699259,0.616858,0.679518,0.774049,0.672171,0.570707,0.669987,0.598063,0.831899,0.757891,0.847163,0.631042,0.728421
0.586207,0.646291,0.766559,0.820992,0.720342,0.802836,0.905492,0.581667,0.450539,0.587482,0.856009,0.558031,0.502329,0.781633,0.791058,0.816122,0.746228,0.782023,0.532903,0.732594,0.797904,0.641752,0.531747,0.843863,0.569009,0.649368,0.572826,0.725048,0.567270,0.867561,0.458029,0.753236,0.623321,0.852985,0.729255,0.702227,0.000000,0.824736,0.720956,0.763164,0.849308,0.488201,0.720678,0.881174,0.628922,0.840948,0.259236,0.757708,0.854438,0.825253,0.721452,0.545327,0.848266,0.838463,0.650577,0.633536,0.732863,0.743793,0.554877,0.946598,0.656787,0.784756,0.559568,0.938425,0.604782,0.873726,0.555496,0.827387,0.889341,0.648632,0.725173,0.718878,0.663840,0.612437,0.819888,0.644727,0.760472,0.508916,0.886862,0.821366,0.640808,0.627466,0.667029,0.479925,0.656458,0.803886,0.809376,0.319948,0.599450,0.561810,0.500027,0.714951,0.629542,0.582065,0.641511,0.443775,0.822300,0.509452,0.778846,0.607575,0.673306
0.587023,0.770897,0.667084,0.381418,0.659149,0.656572,0.480439,0.917261,0.865007,0.765972,0.666335,0.900513,0.920735,0.504308,0.686984,0.444915,0.649805,0.681528,0.882321,0.527086,0.517839,0.846193,0.946699,0.382111,0.863900,0.892083,0.888373,0.652047,0.798016,0.570888,0.922588,0.694745,0.779210,0.357366,0.830580,0.863166,0.824736,0.000000,0.618020,0.565398,0.074723,0.898055,0.887900,0.393407,0.837425,0.400522,0.834837,0.574552,0.436999,0.840458,0.749991,0.839288,0.635142,0.425304,0.859853,0.931774,0.838031,0.775229,0.917975,0.662181,0.803860,0.458508,0.922641,0.505180,0.969392,0.681807,0.770610,0.585908,0.426088,0.935963,0.822048,0.905547,0.733669,0.854578,0.440190,0.494674,0.749270,0.874519,0.609583,0.507530,0.916359,0.560579,0.709817,0.825589,0.658164,0.554346,0.529855,0.860018,0.907703,0.907736,0.909611,0.801319,0.959897,0.900977,0.868511,0.808220,0.470765,0.793195,0.782494,0.923421,0.864663
0.587961,0.692739,0.792601,0.769638,0.589040,0.650452,0.825248,0.762793,0.692043,0.669434,0.578486,0.845933,0.787152,0.691059,0.821112,0.656006,0.773387,0.784686,0.714158,0.726528,0.679112,0.805732,0.821527,0.767527,0.773551,0.725180,0.712412,0.639601,0.634867,0.681350,0.709880,0.826839,0.647822,0.642941,0.852191,0.726218,0.720956,0.618020,0.000000,0.744786,0.617663,0.761557,0.696616,0.651191,0.757095,0.634226,0.637425,0.748270,0.636534,0.868834,0.744568,0.765159,0.630200,0.759843,0.802873,0.690637,0.802082,0.759147,0.661450,0.883275,0.705377,0.624425,0.744922,0.840385,0.820191,0.709698,0.710177,0.658974,0.656726,0.862165,0.791730,0.851361,0.634868,0.802438,0.649459,0.580479,0.629095,0.803336,0.728419,0.636812,0.722836,0.576541,0.740107,0.650138,0.785967,0.676892,0.704330,0.816057,0.726198,0.824193,0.789302,0.743592,0.719950,0.800405,0.681814,0.670185,0.537808,0.606433,0.795264,0.795088,0.653156
0.588527,0.709823,0.602129,0.325887,0.665381,0.715150,0.550965,0.866238,0.782387,0.802324,0.683607,0.837411,0.773623,0.686202,0.583077,0.597662,0.679053,0.649572,0.740026,0.459490,0.595143,0.743878,0.837598,0.612192,0.774184,0.758496,0.779684,0.735862,0.723088,0.668397,0.715341,0.621998,0.632281,0.626564,0.648482,0.806419,0.763164,0.565398,0.744786,0.000000,0.580832,0.762439,0.792394,0.709546,0.811203,0.579718,0.744411,0.588011,0.618309,0.604092,0.809592,0.789098,0.568700,0.550336,0.821397,0.774646,0.732364,0.678112,0.822370,0.597080,0.827490,0.661703,0.776418,0.596577,0.821667,0.724844,0.786467,0.683784,0.688850,0.765159,0.767349,0.807264,0.672989,0.750563,0.551986,0.569809,0.706265,0.795827,0.679363,0.707014,0.836484,0.503165,0.695907,0.774746,0.554993,0.660721,0.425856,0.727580,0.837335,0.825541,0.781180,0.820963,0.863116,0.792868,0.801061,0.800292,0.530759,0.798008,0.723556,0.811350,0.849917
0.588861,0.769337,0.652144,0.372961,0.670272,0.631138,0.494610,0.920944,0.852508,0.745716,0.673022,0.869503,0.908233,0.532149,0.681378,0.423983,0.626958,0.676276,0.857590,0.546073,0.533131,0.833979,0.917288,0.371519,0.851550,0.866173,0.887345,0.654616,0.813819,0.557284,0.909962,0.681814,0.787602,0.317113,0.810556,0.863891,0.849308,0.074723,0.617663,0.580832,0.000000,0.888722,0.868207,0.378950,0.819361,0.365189,0.846113,0.623849,0.463482,0.828218,0.730032,0.831431,0.593380,0.456293,0.851831,0.897832,0.855757,0.755348,0.911351,0.651386,0.803815,0.410549,0.891938,0.493382,0.928042,0.670814,0.779813,0.580944,0.457746,0.897132,0.819272,0.865793,0.717313,0.870686,0.414412,0.491665,0.710020,0.867148,0.599771,0.510864,0.901222,0.543653,0.687156,0.858569,0.670665,0.537800,0.531911,0.865982,0.887767,0.882179,0.913921,0.771038,0.933192,0.902770,0.873162,0.829738,0.432612,0.778299,0.790551,0.914888,0.830808
0.593885,0.621676,0.904571,0.850604,0.723021,0.767543,0.946399,0.501032,0.333985,0.639386,0.792149,0.448746,0.350642,0.807023,0.927439,0.800678,0.797606,0.889011,0.448503,0.884856,0.861397,0.593469,0.343356,0.879038,0.529197,0.518295,0.536999,0.772028,0.683479,0.946160,0.364412,0.920442,0.508500,0.860169,0.695033,0.621505,0.488201,0.898055,0.761557,0.762439,0.888722,0.000000,0.668176,0.920249,0.515725,0.920115,0.472300,0.846470,0.929827,0.881808,0.661508,0.524405,0.909706,0.838306,0.636080,0.501243,0.714709,0.850386,0.479768,0.897721,0.637879,0.882591,0.472056,0.965497,0.479472,0.838323,0.567628,0.854610,0.927964,0.537169,0.741346,0.556798,0.686318,0.635574,0.868844,0.781420,0.896940,0.407391,0.836154,0.921597,0.421581,0.755793,0.693943,0.468103,0.866880,0.908774,0.819064,0.556868,0.433281,0.534795,0.464752,0.708801,0.507169,0.472675,0.664118,0.464929,0.875564,0.527682,0.871184,0.344350,0.546505
0.594993,0.685854,0.832140,0.854620,0.763236,0.822501,0.897196,0.537127,0.562611,0.595634,0.832446,0.595714,0.663617,0.671921,0.872290,0.891370,0.799393,0.902318,0.564145,0.872309,0.882412,0.728375,0.657881,0.867639,0.616045,0.509019,0.457180,0.815311,0.622000,0.828175,0.618312,0.918891,0.637687,0.897716,0.744194,0.742239,0.720678,0.887900,0.696616,0.792394,0.868207,0.668176,0.000000,0.808636,0.651007,0.860682,0.681274,0.896497,0.735701,0.787599,0.808808,0.694821,0.831375,0.820204,0.600840,0.681969,0.770447,0.877741,0.682782,0.880070,0.715323,0.891104,0.620193,0.868490,0.571774,0.779005,0.672174,0.827209,0.845139,0.522333,0.641091,0.614638,0.716676,0.762936,0.857128,0.774523,0.790728,0.510052,0.833489,0.896443,0.662012,0.744940,0.766769,0.645966,0.890952,0.915921,0.827948,0.745184,0.587378,0.583119,0.661250,0.651314,0.680259,0.613100,0.669599,0.707469,0.822365,0.702428,0.867686,0.674937,0.677769
0.595787,0.785642,0.607495,0.528182,0.665735,0.618673,0.565170,0.890815,0.897519,0.739426,0.697230,0.906139,0.892041,0.352588,0.698656,0.453237,0.654366,0.671250,0.872634,0.621242,0.596795,0.838064,0.906189,0.386952,0.863528,0.858924,0.920109,0.569385,0.828183,0.557237,0.940768,0.655045,0.782509,0.328847,0.841364,0.825183,0.881174,0.393407,0.651191,0.709546,0.378950,0.920249,0.808636,0.000000,0.864618,0.381474,0.866390,0.678189,0.276996,0.763073,0.738601,0.894232,0.623426,0.549186,0.840250,0.877900,0.835631,0.766055,0.827082,0.673710,0.876928,0.401751,0.887173,0.543385,0.905599,0.733308,0.846431,0.536554,0.302007,0.938469,0.816117,0.923554,0.801161,0.919992,0.486083,0.735139,0.726148,0.936325,0.651661,0.506386,0.924640,0.752743,0.708813,0.888450,0.654806,0.459091,0.621073,0.891976,0.927137,0.938251,0.911616,0.761383,0.860120,0.958076,0.828990,0.847656,0.487584,0.904653,0.749120,0.902964,0.849292
