0.000000,0.389631,0.434434,0.464459,0.497856,0.506008,0.523681,0.525205,0.527819,0.531081,0.534123,0.542602,0.543787,0.550131,0.550818,0.554822,0.556419,0.559412,0.560856,0.563468,0.563897,0.564713,0.565112,0.567925,0.568034,0.568242,0.570072,0.575377,0.577436,0.578312,0.579636,0.580355,0.580424,0.581081,0.581230,0.584048,0.586207,0.587023,0.587961,0.588527,0.588861,0.593885,0.594993,0.595787,0.596866,0.598028,0.598563,0.599081,0.599394,0.599975,0.600816,0.600822,0.602408,0.602568,0.602699,0.604798,0.604828,0.605709,0.606222,0.607072,0.609380,0.609841,0.610625,0.611224,0.611431,0.612809,0.615159,0.615241,0.615381,0.617747,0.618499,0.619970,0.620032,0.620098,0.620579,0.621007,0.621516,0.621709,0.622477,0.622502,0.622842,0.622857,0.623200,0.623486,0.624343,0.625540,0.627124,0.627747,0.627924,0.627993,0.628614,0.629313,0.629514,0.629835,0.629908,0.630253,0.631094,0.631370,0.631742,0.632023,0.632059,0.632691,0.633577,0.633856,0.634541,0.635616,0.635690,0.635691,0.636751,0.636922,0.636978,0.637767,0.638110,0.638474,0.638996,0.639257,0.639291,0.639796,0.639822,0.639865,0.639990,0.640471,0.640607,0.641430,0.641614,0.641714,0.642323,0.642336,0.642717,0.642758,0.643047,0.643052,0.643169,0.643191,0.643235,0.643494,0.643673,0.644163,0.644673,0.644933,0.645031,0.645060,0.645335,0.645795,0.647112,0.647202,0.648057,0.648207,0.648639,0.648733,0.648848,0.649413,0.649478,0.649498,0.650196,0.650299,0.650305,0.650307,0.650315,0.650391,0.650852,0.651061,0.651106,0.651393,0.651718,0.651995,0.651997,0.652274,0.652737,0.652904,0.653018,0.653335,0.653345,0.653686,0.654157,0.654346,0.654627,0.654799,0.654814,0.654929,0.655029,0.655352,0.655784,0.655827,0.656147,0.656268,0.656282,0.656514,0.656532,0.656991,0.657116,0.657128,0.657224,0.657296,0.657417,0.657475,0.657524,0.657586,0.657665,0.657677,0.657921
0.389631,0.000000,0.788440,0.760721,0.679515,0.531622,0.783383,0.652962,0.669662,0.557756,0.745850,0.719065,0.658637,0.739991,0.826508,0.748228,0.763362,0.873753,0.611129,0.797013,0.823456,0.581100,0.687030,0.793966,0.733977,0.710079,0.690870,0.746780,0.616460,0.783123,0.547333,0.797309,0.650669,0.727340,0.636851,0.690303,0.646291,0.770897,0.692739,0.709823,0.769337,0.621676,0.685854,0.785642,0.695878,0.806181,0.659713,0.819989,0.714679,0.764714,0.718425,0.676918,0.802077,0.774659,0.682533,0.661010,0.661233,0.770751,0.671150,0.761655,0.687015,0.785951,0.710176,0.804616,0.701286,0.828836,0.749568,0.755028,0.757231,0.766351,0.730582,0.729106,0.746329,0.734248,0.797710,0.781323,0.762811,0.750489,0.761164,0.778732,0.618869,0.658514,0.711111,0.683234,0.828416,0.853745,0.757244,0.719640,0.709297,0.803615,0.731594,0.656014,0.670720,0.743895,0.671851,0.711573,0.727408,0.643179,0.849187,0.665484,0.708903,0.808671,0.584547,0.545069,0.693344,0.831681,0.653609,0.722486,0.754533,0.687415,0.690409,0.830908,0.648788,0.741171,0.604341,0.722307,0.661643,0.694806,0.870936,0.796875,0.771577,0.689033,0.758807,0.674748,0.751883,0.675440,0.752052,0.800783,0.798203,0.806082,0.864806,0.787475,0.711121,0.689143,0.779014,0.741041,0.660913,0.657945,0.763123,0.697002,0.831527,0.689398,0.765814,0.779871,0.723492,0.605823,0.847483,0.673274,0.805401,0.628612,0.747576,0.706884,0.651236,0.659825,0.774477,0.787637,0.844253,0.773368,0.711117,0.734123,0.793160,0.656028,0.822317,0.712827,0.788039,0.790453,0.807774,0.757735,0.697507,0.762148,0.790091,0.732553,0.815979,0.696279,0.640087,0.823798,0.761063,0.793572,0.717315,0.718652,0.804045,0.787112,0.684174,0.696989,0.726925,0.652144,0.621316,0.670825,0.830274,0.714639,0.812751,0.787224,0.853396,0.663957,0.724334,0.788989,0.661045,0.719621,0.670628,0.768401,0.766995
0.434434,0.788440,0.000000,0.408993,0.582093,0.807536,0.451183,0.788314,0.839464,0.791579,0.576515,0.825740,0.773108,0.684688,0.205197,0.727539,0.525775,0.319361,0.787692,0.511788,0.564317,0.735915,0.784299,0.559669,0.784290,0.834983,0.810909,0.651261,0.780892,0.486232,0.848069,0.165979,0.843832,0.666413,0.552950,0.811393,0.766559,0.667084,0.792601,0.602129,0.652144,0.904571,0.832140,0.607495,0.823429,0.613524,0.818409,0.564215,0.645749,0.226711,0.803453,0.816593,0.533867,0.681127,0.845767,0.784935,0.742385,0.634341,0.834260,0.524109,0.839677,0.586771,0.824600,0.624662,0.796734,0.728698,0.799045,0.681646,0.666349,0.825459,0.771960,0.819934,0.782212,0.689022,0.620237,0.725674,0.718776,0.841363,0.726404,0.589376,0.904142,0.751540,0.600055,0.842242,0.532627,0.583576,0.656909,0.773342,0.802446,0.804206,0.864431,0.839661,0.815846,0.850000,0.867499,0.818230,0.674914,0.857123,0.378330,0.833651,0.856975,0.545962,0.856613,0.893129,0.876475,0.608375,0.877165,0.735722,0.659254,0.801361,0.729238,0.609980,0.759905,0.698320,0.871342,0.813067,0.858963,0.796410,0.394889,0.653046,0.863926,0.766401,0.795848,0.803652,0.786771,0.770365,0.926937,0.593101,0.710022,0.521440,0.648415,0.689178,0.778417,0.775151,0.578089,0.851231,0.694909,0.907284,0.734309,0.830761,0.593072,0.860865,0.800675,0.692859,0.833345,0.846890,0.430478,0.825663,0.642316,0.854777,0.870968,0.774053,0.801351,0.796446,0.717418,0.679611,0.578519,0.662972,0.837360,0.735854,0.870011,0.792526,0.755691,0.844791,0.798305,0.642219,0.809623,0.673898,0.872636,0.626922,0.745720,0.549918,0.769709,0.850453,0.888037,0.824195,0.850601,0.671015,0.839622,0.578510,0.678661,0.886131,0.873342,0.899340,0.846481,0.864375,0.844029,0.861979,0.649184,0.838593,0.451440,0.626758,0.619872,0.822944,0.862434,0.598864,0.844546,0.798564,0.875823,0.833303,0.705053
0.464459,0.760721,0.408993,0.000000,0.639373,0.688289,0.369610,0.891135,0.874083,0.769898,0.582924,0.867643,0.835127,0.554202,0.483420,0.461608,0.539113,0.540265,0.843690,0.378623,0.461806,0.780706,0.871365,0.341070,0.829703,0.855178,0.856614,0.691446,0.802169,0.490197,0.903832,0.471892,0.800420,0.390420,0.714539,0.801472,0.820992,0.381418,0.769638,0.325887,0.372961,0.850604,0.854620,0.528182,0.838346,0.384797,0.822460,0.472703,0.504870,0.618452,0.713597,0.864170,0.465159,0.393825,0.824462,0.852386,0.735497,0.632611,0.888550,0.314257,0.846241,0.487090,0.904935,0.465706,0.895201,0.639589,0.830186,0.604639,0.518908,0.858966,0.761154,0.839137,0.710354,0.768156,0.435575,0.587087,0.738967,0.889341,0.577314,0.557174,0.883210,0.667404,0.694026,0.850834,0.490253,0.515031,0.485448,0.810387,0.912030,0.885745,0.851720,0.833719,0.917220,0.855919,0.807959,0.813341,0.543277,0.817100,0.631084,0.873403,0.876858,0.670008,0.879583,0.912974,0.885136,0.499557,0.897879,0.768791,0.769232,0.815433,0.809237,0.447163,0.727111,0.660412,0.890073,0.765347,0.731771,0.881179,0.447941,0.517560,0.882451,0.716580,0.873623,0.778069,0.622691,0.798307,0.862534,0.553564,0.675983,0.733995,0.651813,0.385315,0.821750,0.846046,0.586931,0.879435,0.545929,0.894953,0.533040,0.843597,0.595426,0.697251,0.868047,0.704968,0.920706,0.872032,0.676624,0.857321,0.366067,0.864677,0.835853,0.825147,0.847668,0.856229,0.788289,0.546918,0.612964,0.563780,0.869729,0.707202,0.907179,0.804225,0.769770,0.848479,0.899958,0.556756,0.910163,0.726148,0.839811,0.608927,0.790265,0.666695,0.852221,0.855456,0.824494,0.867945,0.878880,0.635331,0.859710,0.693354,0.468181,0.888419,0.907756,0.853239,0.871043,0.903966,0.748836,0.847695,0.530430,0.835641,0.629340,0.563470,0.564082,0.858341,0.848458,0.702702,0.909307,0.790021,0.904143,0.892818,0.746736
0.497856,0.679515,0.582093,0.639373,0.000000,0.675913,0.661872,0.675277,0.732312,0.660824,0.485987,0.787121,0.735281,0.657923,0.537330,0.686647,0.656291,0.678586,0.554970,0.629017,0.578460,0.705872,0.760887,0.686361,0.594752,0.704149,0.695402,0.516558,0.687528,0.609270,0.716140,0.637573,0.531305,0.711751,0.566603,0.691328,0.720342,0.659149,0.589040,0.665381,0.670272,0.723021,0.763236,0.665735,0.709095,0.609852,0.715309,0.664364,0.649415,0.698615,0.668633,0.840243,0.576661,0.726527,0.654178,0.596314,0.790147,0.764975,0.627411,0.730387,0.729520,0.583290,0.620348,0.735987,0.632110,0.601997,0.660958,0.603560,0.683161,0.768750,0.802263,0.803220,0.678156,0.671246,0.608061,0.678649,0.600231,0.646529,0.720096,0.572555,0.745292,0.681804,0.576405,0.620554,0.648173,0.556539,0.662565,0.765353,0.601986,0.678975,0.753321,0.693722,0.741007,0.739895,0.673121,0.708933,0.538124,0.697260,0.648506,0.605248,0.699191,0.663835,0.771683,0.765214,0.724759,0.556147,0.769210,0.554335,0.619170,0.738968,0.735285,0.792940,0.713738,0.706051,0.822221,0.732040,0.801102,0.613316,0.626859,0.600896,0.735976,0.760107,0.603693,0.768066,0.669939,0.702157,0.801046,0.651247,0.719705,0.709721,0.594825,0.780468,0.671512,0.711870,0.721958,0.681469,0.605775,0.776226,0.767476,0.743199,0.578979,0.712688,0.730478,0.553256,0.663062,0.700006,0.687331,0.653893,0.731876,0.742294,0.771619,0.754531,0.646209,0.670137,0.818876,0.749304,0.592626,0.624143,0.722723,0.720871,0.645022,0.700346,0.729009,0.723133,0.716063,0.653577,0.694010,0.607664,0.668171,0.680656,0.632222,0.721001,0.745341,0.718578,0.671448,0.762372,0.854513,0.557766,0.831910,0.727853,0.721682,0.772475,0.667806,0.761930,0.704415,0.649043,0.620396,0.672658,0.675618,0.646002,0.705120,0.602103,0.807020,0.671877,0.685307,0.795525,0.661385,0.647442,0.684510,0.710900,0.572288
0.506008,0.531622,0.807536,0.688289,0.675913,0.000000,0.700201,0.848924,0.781327,0.779618,0.664569,0.822114,0.779758,0.689963,0.809541,0.612984,0.735778,0.820729,0.744377,0.670349,0.704801,0.697829,0.819864,0.681967,0.814055,0.802536,0.839139,0.559623,0.726537,0.728667,0.784501,0.760125,0.722466,0.598827,0.806249,0.857043,0.802836,0.656572,0.650452,0.715150,0.631138,0.767543,0.822501,0.618673,0.705831,0.590305,0.746353,0.749142,0.656093,0.823444,0.766387,0.802579,0.733236,0.688943,0.883453,0.724930,0.874170,0.755512,0.776742,0.759655,0.788731,0.629682,0.830391,0.711612,0.781509,0.757641,0.823493,0.674267,0.638252,0.837664,0.850947,0.786194,0.793156,0.827736,0.686715,0.761173,0.765550,0.849110,0.770202,0.716860,0.713310,0.724155,0.755094,0.810281,0.770942,0.679570,0.714872,0.920772,0.779983,0.877266,0.936178,0.790750,0.697925,0.864232,0.778259,0.837525,0.589693,0.790560,0.850293,0.769713,0.729277,0.827899,0.764359,0.768126,0.787359,0.710390,0.787422,0.686749,0.809539,0.901149,0.750430,0.769641,0.835122,0.747061,0.809980,0.847502,0.737688,0.863109,0.781895,0.669596,0.910429,0.712714,0.903214,0.837702,0.636231,0.726208,0.853496,0.714596,0.653560,0.874918,0.726619,0.759751,0.798380,0.757852,0.776282,0.868327,0.645387,0.767029,0.734982,0.635060,0.710188,0.581718,0.767463,0.562390,0.865910,0.815472,0.922196,0.701515,0.721482,0.775231,0.870460,0.699805,0.742285,0.788984,0.774523,0.822481,0.714589,0.672796,0.888239,0.774692,0.840701,0.783463,0.792405,0.808785,0.867238,0.692014,0.909361,0.691668,0.789398,0.700836,0.757921,0.856138,0.884350,0.772783,0.757139,0.889991,0.904629,0.618773,0.853770,0.831612,0.713695,0.817260,0.879930,0.918098,0.901585,0.698051,0.832931,0.806465,0.793397,0.861136,0.876636,0.758971,0.755301,0.838368,0.797267,0.830849,0.879605,0.793862,0.840860,0.843696,0.616482
0.523681,0.783383,0.451183,0.369610,0.661872,0.700201,0.000000,0.909246,0.926248,0.873480,0.657633,0.896816,0.876798,0.553899,0.502399,0.643071,0.623864,0.591656,0.858634,0.501243,0.591494,0.803048,0.864168,0.390693,0.842187,0.898078,0.931572,0.622673,0.886103,0.488152,0.927004,0.541827,0.860595,0.497868,0.626162,0.837241,0.905492,0.480439,0.825248,0.550965,0.494610,0.946399,0.897196,0.565170,0.851435,0.582874,0.927009,0.565722,0.519240,0.606040,0.758420,0.864676,0.656858,0.553353,0.882246,0.878529,0.782745,0.721348,0.894462,0.452108,0.877304,0.600190,0.891840,0.221675,0.961690,0.666508,0.908945,0.698837,0.565366,0.913419,0.855444,0.861612,0.840832,0.764599,0.635467,0.749957,0.802980,0.936894,0.649879,0.640205,0.923971,0.807947,0.632491,0.921035,0.581222,0.629758,0.593903,0.933078,0.927329,0.924303,0.944081,0.904150,0.976714,0.867291,0.946940,0.878061,0.639491,0.901995,0.613237,0.921865,0.888086,0.659451,0.950926,0.938068,0.905189,0.629845,0.890312,0.693622,0.816513,0.905092,0.882054,0.588257,0.873486,0.731768,0.897906,0.807765,0.809226,0.923216,0.529406,0.594953,0.925736,0.788303,0.905459,0.845231,0.759747,0.849351,0.912338,0.666165,0.654956,0.615838,0.711620,0.495307,0.905346,0.888918,0.727686,0.844699,0.626222,0.911313,0.614699,0.864962,0.672808,0.762698,0.894077,0.767131,0.922020,0.884705,0.620465,0.894963,0.438361,0.939143,0.947877,0.917511,0.895748,0.884170,0.829037,0.688105,0.672315,0.628967,0.943589,0.847251,0.915505,0.886837,0.803741,0.926765,0.893394,0.703057,0.914027,0.843418,0.903601,0.630777,0.862915,0.694886,0.792811,0.917459,0.877251,0.927504,0.896189,0.630985,0.904950,0.681300,0.618256,0.909750,0.914800,0.904201,0.887175,0.941949,0.824918,0.920079,0.590790,0.898983,0.462229,0.691352,0.550864,0.920707,0.879102,0.704797,0.903934,0.859207,0.945926,0.884541,0.782102
0.525205,0.652962,0.788314,0.891135,0.675277,0.848924,0.909246,0.000000,0.342649,0.558955,0.744829,0.339111,0.462369,0.740493,0.802364,0.888064,0.778039,0.833470,0.393922,0.886620,0.837994,0.632993,0.455228,0.924054,0.361031,0.323440,0.378193,0.753993,0.603614,0.933067,0.467071,0.829316,0.567557,0.899270,0.669140,0.668215,0.581667,0.917261,0.762793,0.866238,0.920944,0.501032,0.537127,0.890815,0.460396,0.927360,0.547881,0.842357,0.909421,0.829057,0.648536,0.580825,0.909388,0.876547,0.435854,0.495449,0.752059,0.815837,0.522984,0.913217,0.586874,0.830517,0.438609,0.944856,0.428299,0.794738,0.510936,0.902066,0.913826,0.402427,0.539027,0.505359,0.669185,0.647970,0.868953,0.766908,0.818276,0.356231,0.865673,0.902467,0.447334,0.738211,0.649580,0.489392,0.842468,0.903991,0.877731,0.606425,0.454825,0.334043,0.486517,0.584529,0.546645,0.422348,0.570575,0.602832,0.863352,0.592279,0.814469,0.495199,0.573129,0.731305,0.469815,0.543447,0.541812,0.888656,0.645107,0.720196,0.583574,0.639022,0.651118,0.902858,0.610922,0.767131,0.505159,0.676450,0.757687,0.453796,0.914139,0.886227,0.465396,0.799767,0.325514,0.708464,0.813826,0.625478,0.459283,0.778900,0.906629,0.747026,0.909762,0.881471,0.546685,0.662841,0.850088,0.525874,0.875379,0.557081,0.911489,0.634742,0.897760,0.914089,0.455846,0.898923,0.407142,0.557709,0.770134,0.545251,0.874214,0.615255,0.548337,0.669871,0.591018,0.588531,0.820336,0.848658,0.904766,0.916825,0.538482,0.631259,0.479640,0.598477,0.658776,0.537011,0.479499,0.846995,0.372839,0.768615,0.599131,0.870984,0.618617,0.727820,0.512818,0.592033,0.706033,0.432993,0.491328,0.885853,0.638782,0.770974,0.825738,0.535123,0.466282,0.548883,0.535180,0.613989,0.633884,0.600886,0.848254,0.707947,0.771172,0.873308,0.833119,0.540651,0.557919,0.790058,0.592111,0.615980,0.447792,0.590255,0.875748
0.527819,0.669662,0.839464,0.874083,0.732312,0.781327,0.926248,0.342649,0.000000,0.563132,0.762434,0.346816,0.308942,0.770901,0.858536,0.815174,0.734917,0.827461,0.360272,0.871189,0.882976,0.623928,0.371914,0.896741,0.359568,0.328251,0.387507,0.736801,0.568971,0.968356,0.129503,0.886495,0.490694,0.889955,0.664601,0.604946,0.450539,0.865007,0.692043,0.782387,0.852508,0.333985,0.562611,0.897519,0.392605,0.937267,0.435135,0.879771,0.897770,0.894837,0.679410,0.479687,0.857910,0.838626,0.519223,0.433755,0.706153,0.732271,0.426251,0.943553,0.521203,0.886743,0.407350,0.885656,0.448214,0.815905,0.462769,0.854409,0.894489,0.362988,0.600810,0.468201,0.647964,0.631063,0.884784,0.675842,0.780714,0.300897,0.830486,0.892876,0.420978,0.664709,0.690114,0.366770,0.813954,0.935849,0.845631,0.498002,0.427150,0.348682,0.424435,0.606135,0.434185,0.382137,0.519723,0.480899,0.865290,0.489942,0.842083,0.449172,0.574965,0.790472,0.416470,0.443848,0.312489,0.914605,0.612551,0.722948,0.669924,0.541230,0.622369,0.836490,0.656796,0.747180,0.456825,0.679809,0.853883,0.421542,0.912090,0.901555,0.349540,0.708296,0.389109,0.587720,0.770316,0.609041,0.424131,0.822439,0.845219,0.797091,0.880437,0.895085,0.487519,0.613693,0.772701,0.592664,0.879095,0.349109,0.838893,0.557342,0.893985,0.892360,0.432456,0.891180,0.307330,0.553471,0.774687,0.574288,0.857047,0.540269,0.372633,0.612981,0.566022,0.575473,0.772588,0.823372,0.879962,0.912639,0.483877,0.593693,0.523730,0.598268,0.646247,0.467841,0.522588,0.758851,0.352350,0.737346,0.510292,0.894244,0.588333,0.821917,0.536780,0.561067,0.590910,0.482493,0.402537,0.870163,0.545557,0.800298,0.789905,0.533518,0.408211,0.458830,0.430918,0.611954,0.680920,0.518705,0.817649,0.676117,0.813838,0.916361,0.803817,0.471535,0.459309,0.837411,0.578916,0.629253,0.431844,0.534031,0.877891
0.531081,0.557756,0.791579,0.769898,0.660824,0.779618,0.873480,0.558955,0.563132,0.000000,0.764438,0.630033,0.675550,0.726875,0.841389,0.771979,0.756802,0.822246,0.639439,0.771875,0.789816,0.693207,0.635336,0.795094,0.597941,0.609200,0.553773,0.750616,0.391885,0.791544,0.618149,0.812316,0.559615,0.748537,0.789294,0.744051,0.587482,0.765972,0.669434,0.802324,0.745716,0.639386,0.595634,0.739426,0.728931,0.781548,0.684285,0.846050,0.749774,0.856057,0.751769,0.678019,0.794694,0.808661,0.473522,0.588993,0.736221,0.731365,0.510690,0.897412,0.627063,0.738321,0.601890,0.873815,0.615478,0.836806,0.685875,0.815746,0.785495,0.639229,0.577050,0.692574,0.657432,0.786919,0.804293,0.691885,0.767926,0.587360,0.874565,0.755556,0.657209,0.651650,0.686575,0.604691,0.716608,0.756404,0.812169,0.659396,0.652915,0.543476,0.594857,0.221839,0.629204,0.613526,0.414662,0.727046,0.794975,0.676822,0.840053,0.687110,0.694205,0.808271,0.615328,0.671590,0.706310,0.753189,0.615521,0.758514,0.534729,0.701211,0.691664,0.849595,0.329254,0.792222,0.667335,0.676856,0.645186,0.642793,0.874773,0.818615,0.608298,0.765491,0.579498,0.505947,0.637633,0.620630,0.663094,0.763783,0.754604,0.802322,0.743254,0.838591,0.451150,0.715173,0.792115,0.544484,0.778980,0.697388,0.790971,0.705566,0.779899,0.784201,0.682420,0.659118,0.574798,0.697048,0.796358,0.662836,0.790029,0.600941,0.678004,0.486082,0.682472,0.708190,0.821927,0.855430,0.721052,0.837743,0.592521,0.743947,0.722592,0.666612,0.716827,0.656555,0.620146,0.829234,0.538483,0.586423,0.581715,0.733378,0.584608,0.815173,0.663015,0.738191,0.606658,0.623550,0.680872,0.775007,0.700414,0.831104,0.769869,0.703255,0.606879,0.552282,0.657414,0.564453,0.704357,0.609945,0.891093,0.598121,0.894417,0.856128,0.833546,0.703462,0.671047,0.831274,0.581551,0.805180,0.530449,0.685986,0.690126
0.534123,0.745850,0.576515,0.582924,0.485987,0.664569,0.657633,0.744829,0.762434,0.764438,0.000000,0.727192,0.791598,0.712264,0.594037,0.645900,0.708988,0.664729,0.689313,0.581165,0.569680,0.794026,0.812309,0.626305,0.685649,0.695724,0.809185,0.604091,0.750726,0.603857,0.784695,0.606381,0.729757,0.686723,0.721552,0.761715,0.856009,0.666335,0.578486,0.683607,0.673022,0.792149,0.832446,0.697230,0.748724,0.650033,0.797020,0.699514,0.627556,0.741281,0.755202,0.790794,0.585267,0.677126,0.719117,0.729605,0.804604,0.679775,0.705040,0.733305,0.675750,0.635030,0.763100,0.724656,0.779982,0.703354,0.732427,0.646383,0.691671,0.807466,0.739905,0.827527,0.727179,0.736520,0.649448,0.668853,0.673336,0.788488,0.782727,0.672863,0.733543,0.724639,0.666668,0.774374,0.620127,0.629844,0.659880,0.899600,0.757903,0.778517,0.858669,0.805041,0.721793,0.775216,0.708676,0.698520,0.646474,0.766311,0.672012,0.747803,0.783023,0.663749,0.817984,0.868830,0.825610,0.634136,0.788453,0.695137,0.697903,0.839672,0.754816,0.757089,0.769503,0.694833,0.788838,0.649164,0.855970,0.825353,0.562259,0.680588,0.909080,0.806406,0.746495,0.764324,0.681942,0.760972,0.809088,0.679252,0.688473,0.686613,0.698454,0.754300,0.753125,0.592155,0.726882,0.784582,0.724858,0.810344,0.740347,0.814760,0.670902,0.802323,0.781733,0.643242,0.785986,0.739687,0.696810,0.665846,0.668166,0.783585,0.892330,0.748117,0.745546,0.782156,0.871316,0.742192,0.669722,0.694032,0.857459,0.736485,0.732852,0.773274,0.826035,0.755399,0.816785,0.705888,0.796590,0.599491,0.798865,0.658172,0.739780,0.603567,0.834788,0.639946,0.674609,0.833959,0.894657,0.682853,0.872725,0.707466,0.725739,0.820466,0.803259,0.941028,0.808814,0.734737,0.806998,0.784346,0.725299,0.724828,0.729428,0.652180,0.717657,0.859112,0.675665,0.674766,0.777254,0.695637,0.838232,0.691405,0.659760
0.542602,0.719065,0.825740,0.867643,0.787121,0.822114,0.896816,0.339111,0.346816,0.630033,0.727192,0.000000,0.395739,0.762577,0.837814,0.822094,0.725522,0.845362,0.511140,0.816028,0.813558,0.665438,0.399164,0.842402,0.456479,0.310541,0.497965,0.763327,0.583647,0.934731,0.454273,0.876332,0.606843,0.862687,0.707237,0.651935,0.558031,0.900513,0.845933,0.837411,0.869503,0.448746,0.595714,0.906139,0.459212,0.908986,0.588175,0.816380,0.895753,0.877193,0.721485,0.567837,0.930688,0.831128,0.452099,0.585605,0.727114,0.725009,0.513715,0.898738,0.574867,0.849303,0.511860,0.895108,0.518910,0.834540,0.553006,0.843733,0.894939,0.326903,0.474365,0.489053,0.647757,0.720891,0.849662,0.767217,0.836220,0.392599,0.856598,0.857678,0.451242,0.753667,0.724643,0.560661,0.772914,0.856562,0.812783,0.539954,0.523310,0.452086,0.538875,0.645647,0.558940,0.382481,0.587658,0.613725,0.880198,0.669817,0.831339,0.555529,0.597074,0.750916,0.520790,0.527934,0.524173,0.848194,0.619196,0.744828,0.710035,0.575716,0.663388,0.818199,0.661552,0.765356,0.239106,0.649378,0.826944,0.548884,0.899624,0.876711,0.474345,0.749306,0.462546,0.687722,0.781874,0.602792,0.413226,0.758310,0.918022,0.792335,0.899368,0.870588,0.521318,0.717517,0.839356,0.650504,0.890723,0.479903,0.859843,0.596803,0.806033,0.869618,0.471834,0.874765,0.493566,0.624369,0.735965,0.620014,0.819327,0.574323,0.542658,0.688290,0.666771,0.599886,0.791742,0.771178,0.904840,0.926278,0.488598,0.654774,0.565876,0.659388,0.694069,0.551517,0.578004,0.799751,0.485764,0.775662,0.610587,0.899289,0.630373,0.785989,0.586944,0.720995,0.761720,0.304601,0.509306,0.893146,0.649103,0.775532,0.860538,0.557679,0.503242,0.481090,0.517323,0.691778,0.730390,0.632205,0.793998,0.709352,0.784430,0.893486,0.863430,0.587232,0.639836,0.779746,0.639036,0.667893,0.563410,0.639025,0.866922
0.543787,0.658637,0.773108,0.835127,0.735281,0.779758,0.876798,0.462369,0.308942,0.675550,0.791598,0.395739,0.000000,0.801350,0.849013,0.839497,0.716941,0.794319,0.442560,0.833997,0.836966,0.573162,0.385721,0.900350,0.500666,0.507677,0.500933,0.751758,0.655697,0.900580,0.346251,0.811769,0.571439,0.879113,0.567628,0.571084,0.502329,0.920735,0.787152,0.773623,0.908233,0.350642,0.663617,0.892041,0.410428,0.919561,0.452336,0.840428,0.890200,0.796235,0.640729,0.518827,0.901324,0.856815,0.657311,0.506558,0.649077,0.767355,0.486725,0.840378,0.670106,0.855465,0.454105,0.940742,0.445675,0.832613,0.567421,0.808948,0.862410,0.418549,0.704358,0.486172,0.723147,0.609116,0.902356,0.779607,0.845687,0.352683,0.807056,0.894369,0.444822,0.771102,0.679559,0.511847,0.767033,0.898390,0.843222,0.535204,0.481313,0.482102,0.522079,0.715045,0.419820,0.465435,0.669401,0.483499,0.895241,0.610742,0.774707,0.433477,0.502053,0.697936,0.444541,0.377527,0.340627,0.919573,0.667101,0.738615,0.664508,0.534921,0.547468,0.860506,0.691611,0.732046,0.416768,0.689965,0.890762,0.476660,0.902295,0.851645,0.388991,0.790959,0.437894,0.649705,0.870978,0.602074,0.494409,0.772689,0.897665,0.749231,0.896648,0.879667,0.561799,0.641765,0.828671,0.746905,0.906461,0.355546,0.895272,0.602102,0.856569,0.878610,0.481630,0.839707,0.433511,0.523249,0.670639,0.613503,0.895640,0.630344,0.441956,0.685521,0.611003,0.546404,0.777455,0.804222,0.876051,0.889642,0.497841,0.552870,0.561239,0.651655,0.690939,0.438256,0.616555,0.739439,0.531950,0.724059,0.650348,0.908292,0.655339,0.698811,0.488684,0.654795,0.751842,0.525484,0.427696,0.882575,0.541200,0.725960,0.809065,0.573673,0.437993,0.457622,0.506754,0.640724,0.664806,0.580035,0.823936,0.665876,0.727745,0.878405,0.836808,0.452677,0.616263,0.726891,0.624966,0.575558,0.468513,0.637099,0.828458
0.550131,0.739991,0.684688,0.554202,0.657923,0.689963,0.553899,0.740493,0.770901,0.726875,0.712264,0.762577,0.801350,0.000000,0.749894,0.661590,0.720958,0.772289,0.696233,0.715109,0.648452,0.795603,0.785001,0.519789,0.717123,0.708789,0.741922,0.617067,0.758857,0.645435,0.824148,0.758558,0.655567,0.505704,0.705863,0.724884,0.781633,0.504308,0.691059,0.686202,0.532149,0.807023,0.671921,0.352588,0.766546,0.520406,0.771739,0.547170,0.501480,0.777951,0.628609,0.724366,0.731884,0.536359,0.768421,0.705324,0.790697,0.820135,0.715880,0.697954,0.758891,0.560272,0.674927,0.537042,0.738072,0.635675,0.679525,0.647368,0.472559,0.835359,0.787143,0.834361,0.725522,0.777736,0.539608,0.790079,0.738529,0.752398,0.701370,0.637277,0.838409,0.804703,0.643279,0.744665,0.701181,0.624344,0.692468,0.821064,0.791400,0.793449,0.866676,0.795144,0.742455,0.747451,0.739856,0.770189,0.629448,0.785684,0.782755,0.779028,0.802094,0.741720,0.803885,0.838480,0.821824,0.625562,0.800879,0.605457,0.784667,0.821147,0.845434,0.415519,0.788517,0.791883,0.860078,0.826648,0.746269,0.726247,0.692853,0.505112,0.711046,0.791305,0.676840,0.734711,0.756659,0.743810,0.828274,0.600472,0.699654,0.856101,0.677528,0.627570,0.710573,0.695646,0.686948,0.705963,0.599629,0.857796,0.630484,0.835299,0.639388,0.751854,0.837879,0.749416,0.784481,0.835953,0.751231,0.759987,0.514074,0.775741,0.804466,0.778094,0.778010,0.773892,0.824971,0.700324,0.808377,0.597866,0.820847,0.769183,0.804987,0.645634,0.670857,0.814901,0.748153,0.754087,0.751516,0.846589,0.706594,0.555810,0.720887,0.743787,0.828392,0.833493,0.761109,0.791745,0.854568,0.388649,0.884329,0.762849,0.644335,0.795838,0.746476,0.800123,0.742862,0.631515,0.666425,0.735557,0.777111,0.848770,0.782155,0.770075,0.767574,0.739743,0.774017,0.844334,0.725546,0.805425,0.770977,0.839340,0.749414
0.550818,0.826508,0.205197,0.483420,0.537330,0.809541,0.502399,0.802364,0.858536,0.841389,0.594037,0.837814,0.849013,0.749894,0.000000,0.759124,0.561674,0.465817,0.801592,0.578771,0.496737,0.722704,0.831624,0.670603,0.776605,0.854316,0.889257,0.634301,0.865099,0.556063,0.856219,0.263383,0.791849,0.755756,0.612051,0.878732,0.791058,0.686984,0.821112,0.583077,0.681378,0.927439,0.872290,0.698656,0.816834,0.652356,0.855661,0.523603,0.653663,0.313343,0.803119,0.865427,0.571640,0.697232,0.808503,0.811569,0.799589,0.721232,0.816401,0.587880,0.883597,0.636236,0.812718,0.609382,0.822302,0.689871,0.840032,0.714886,0.748590,0.871243,0.840153,0.884030,0.842929,0.733723,0.551992,0.806923,0.692339,0.856783,0.698829,0.622129,0.891391,0.835755,0.572542,0.901792,0.582962,0.568081,0.550644,0.740369,0.780312,0.831744,0.876212,0.853867,0.824680,0.912585,0.906307,0.865007,0.610071,0.875536,0.406745,0.858943,0.883673,0.597825,0.904451,0.932786,0.868824,0.518946,0.930610,0.639827,0.664899,0.845297,0.773382,0.696381,0.861555,0.767855,0.886030,0.799143,0.864719,0.804439,0.487363,0.693232,0.907588,0.815137,0.798749,0.845303,0.800492,0.777150,0.906735,0.600419,0.802889,0.586951,0.782518,0.712418,0.842200,0.842845,0.612086,0.866932,0.712340,0.930161,0.707570,0.836459,0.613147,0.833278,0.792718,0.739436,0.840104,0.917198,0.491956,0.809766,0.611402,0.907144,0.871696,0.834012,0.766984,0.792962,0.695190,0.727885,0.636753,0.720980,0.872735,0.759181,0.868584,0.851563,0.833389,0.881034,0.792222,0.708171,0.827859,0.674629,0.845021,0.713412,0.765130,0.605711,0.767988,0.815772,0.887498,0.832589,0.841934,0.653516,0.895302,0.634831,0.717773,0.873369,0.874088,0.917041,0.825260,0.855548,0.823318,0.834628,0.523477,0.841448,0.542695,0.551894,0.590212,0.837660,0.880484,0.695456,0.855134,0.806798,0.852470,0.864328,0.740917
0.554822,0.748228,0.727539,0.461608,0.686647,0.612984,0.643071,0.888064,0.815174,0.771979,0.645900,0.822094,0.839497,0.661590,0.759124,0.000000,0.650703,0.734469,0.843066,0.581786,0.576399,0.845913,0.841390,0.492087,0.836281,0.816734,0.867868,0.652406,0.729952,0.619503,0.866080,0.773544,0.802046,0.300722,0.827974,0.844212,0.816122,0.444915,0.656006,0.597662,0.423983,0.800678,0.891370,0.453237,0.808381,0.442563,0.771810,0.649925,0.437490,0.830485,0.703908,0.837759,0.668371,0.527320,0.829346,0.849688,0.780745,0.682797,0.834248,0.626032,0.745582,0.499563,0.906551,0.618796,0.941759,0.715133,0.836665,0.587766,0.475626,0.888191,0.772976,0.875691,0.670258,0.901195,0.482133,0.652623,0.767462,0.901755,0.586182,0.588935,0.843972,0.664705,0.786908,0.785673,0.659081,0.584940,0.438484,0.869902,0.834818,0.903131,0.750930,0.774068,0.894021,0.874280,0.750009,0.789925,0.483968,0.710389,0.779976,0.867753,0.852551,0.765552,0.872436,0.857213,0.824747,0.563324,0.838173,0.744611,0.880532,0.832466,0.844779,0.641775,0.815990,0.659413,0.841389,0.760943,0.647990,0.921332,0.604889,0.480825,0.881038,0.529077,0.897397,0.842898,0.620138,0.830872,0.880881,0.570039,0.508210,0.819587,0.616485,0.557190,0.811004,0.767980,0.669649,0.818544,0.508917,0.860245,0.561755,0.818086,0.601617,0.629302,0.931328,0.600807,0.923840,0.836132,0.780888,0.793880,0.528794,0.831555,0.822451,0.831129,0.853159,0.895369,0.808567,0.660708,0.643852,0.535674,0.880047,0.737699,0.865925,0.840686,0.836957,0.910017,0.915817,0.594373,0.953496,0.727043,0.799832,0.548809,0.812694,0.815298,0.924603,0.769594,0.736181,0.846382,0.846917,0.557803,0.916775,0.860800,0.532278,0.871770,0.948747,0.908045,0.931311,0.894999,0.780517,0.847366,0.693181,0.825311,0.828889,0.645386,0.684034,0.916791,0.748699,0.809180,0.911323,0.886764,0.914674,0.825468,0.681041
0.556419,0.763362,0.525775,0.539113,0.656291,0.735778,0.623864,0.778039,0.734917,0.756802,0.708988,0.725522,0.716941,0.720958,0.561674,0.650703,0.000000,0.505620,0.710761,0.620614,0.627452,0.715352,0.744952,0.630406,0.741376,0.763102,0.729216,0.680475,0.746346,0.624973,0.759403,0.588230,0.797512,0.591085,0.667746,0.796987,0.746228,0.649805,0.773387,0.679053,0.626958,0.797606,0.799393,0.654366,0.647616,0.638404,0.737504,0.629860,0.639932,0.626548,0.748064,0.839592,0.672298,0.703843,0.774826,0.690634,0.683046,0.669640,0.738364,0.521583,0.779342,0.624193,0.785223,0.664988,0.769519,0.727314,0.775994,0.747958,0.657881,0.664505,0.727164,0.600646,0.807108,0.738391,0.695287,0.715600,0.742788,0.726688,0.312767,0.674470,0.720486,0.749545,0.771910,0.788998,0.625852,0.693387,0.664232,0.738385,0.705714,0.761520,0.782396,0.781764,0.741498,0.781787,0.794495,0.806053,0.651305,0.779015,0.581207,0.762380,0.788141,0.612894,0.716587,0.796034,0.756273,0.686056,0.818454,0.727728,0.727965,0.771138,0.783800,0.754072,0.765578,0.765204,0.792430,0.803004,0.803045,0.763164,0.574936,0.692585,0.751240,0.737729,0.762439,0.782722,0.775767,0.712946,0.811137,0.668607,0.762520,0.622059,0.797416,0.699478,0.746034,0.765330,0.720711,0.818350,0.614570,0.820344,0.734080,0.712143,0.678265,0.686168,0.662138,0.706429,0.716087,0.822987,0.574164,0.772261,0.677691,0.778160,0.762677,0.799522,0.806689,0.748661,0.398719,0.706674,0.674079,0.639761,0.771050,0.723576,0.806973,0.755891,0.800532,0.759271,0.839610,0.724762,0.757744,0.784303,0.694480,0.736785,0.699813,0.693090,0.737782,0.827746,0.824768,0.730352,0.737767,0.713891,0.677721,0.660473,0.698701,0.771021,0.776960,0.749843,0.782963,0.771727,0.757787,0.787352,0.691876,0.782257,0.606727,0.654641,0.717966,0.749202,0.800791,0.735583,0.745782,0.793646,0.761818,0.823156,0.721019
0.559412,0.873753,0.319361,0.540265,0.678586,0.820729,0.591656,0.833470,0.827461,0.822246,0.664729,0.845362,0.794319,0.772289,0.465817,0.734469,0.505620,0.000000,0.834568,0.662893,0.697058,0.770495,0.846829,0.619815,0.841162,0.870080,0.843501,0.738224,0.723144,0.599223,0.828249,0.373151,0.859239,0.651131,0.687014,0.869637,0.782023,0.681528,0.784686,0.649572,0.676276,0.889011,0.902318,0.671250,0.866567,0.670639,0.833369,0.712995,0.703051,0.487222,0.865751,0.852459,0.625085,0.707856,0.904067,0.761778,0.840567,0.746611,0.842250,0.581546,0.810873,0.641894,0.846544,0.697552,0.829262,0.803295,0.818978,0.737540,0.730537,0.827429,0.807629,0.802437,0.811661,0.757825,0.710346,0.722197,0.685779,0.857138,0.659053,0.666338,0.855126,0.751749,0.764454,0.867420,0.690619,0.688609,0.762741,0.818120,0.828159,0.817073,0.911494,0.865845,0.802520,0.883077,0.821544,0.859908,0.717684,0.814827,0.555553,0.804748,0.878142,0.686962,0.851113,0.901846,0.825253,0.729049,0.903852,0.831130,0.784858,0.787707,0.813797,0.675387,0.771033,0.763841,0.883693,0.799321,0.877823,0.809561,0.581489,0.702348,0.830997,0.796003,0.836263,0.817949,0.779371,0.818720,0.898226,0.688352,0.747935,0.612152,0.634563,0.715581,0.778957,0.781819,0.719816,0.909553,0.714752,0.912073,0.789916,0.831059,0.674896,0.878836,0.804051,0.705555,0.811058,0.839868,0.591295,0.816697,0.745241,0.857680,0.845528,0.820141,0.806448,0.842784,0.670982,0.721491,0.657939,0.657971,0.891447,0.796059,0.829690,0.826810,0.792812,0.861323,0.877258,0.663517,0.812240,0.695301,0.814782,0.722748,0.795850,0.680571,0.826204,0.895457,0.844451,0.870234,0.877404,0.720310,0.846614,0.746181,0.722481,0.838006,0.870459,0.855912,0.897797,0.880968,0.847288,0.888695,0.789344,0.826585,0.621418,0.728476,0.723673,0.815680,0.832948,0.644304,0.867048,0.808210,0.909614,0.865003,0.709116
0.560856,0.611129,0.787692,0.843690,0.554970,0.744377,0.858634,0.393922,0.360272,0.639439,0.689313,0.511140,0.442560,0.696233,0.801592,0.843066,0.710761,0.834568,0.000000,0.821562,0.776697,0.575345,0.496240,0.908415,0.221251,0.383397,0.334602,0.670307,0.644065,0.887403,0.366617,0.800787,0.478672,0.889671,0.517617,0.674583,0.532903,0.882321,0.714158,0.740026,0.857590,0.448503,0.564145,0.872634,0.507260,0.862277,0.477498,0.779058,0.872751,0.762871,0.706421,0.530571,0.873101,0.869162,0.622663,0.374245,0.765922,0.802469,0.402297,0.819445,0.604885,0.834578,0.307629,0.875455,0.380334,0.738373,0.482120,0.817503,0.890441,0.438495,0.728911,0.472086,0.688548,0.521843,0.831883,0.719539,0.783784,0.277859,0.838573,0.880252,0.506377,0.670632,0.575160,0.455916,0.815948,0.895812,0.802169,0.633345,0.403095,0.396025,0.556594,0.635575,0.445622,0.408626,0.617282,0.580114,0.773860,0.483437,0.817093,0.461087,0.593762,0.787313,0.480940,0.478463,0.469902,0.872398,0.689128,0.605701,0.623145,0.636304,0.601988,0.904011,0.759239,0.770011,0.544490,0.693735,0.850573,0.376982,0.887967,0.842673,0.409124,0.837325,0.292350,0.671897,0.808582,0.595690,0.596128,0.790070,0.877337,0.707291,0.858663,0.929587,0.528879,0.569939,0.893345,0.552118,0.818551,0.488519,0.882169,0.590318,0.858847,0.819757,0.461689,0.886561,0.348693,0.572093,0.751574,0.625470,0.882578,0.611721,0.517136,0.645697,0.551516,0.524424,0.800362,0.853283,0.887115,0.895648,0.573017,0.624966,0.538821,0.571646,0.610146,0.506045,0.518911,0.739487,0.393515,0.709533,0.538451,0.883423,0.583027,0.830669,0.578346,0.580217,0.679056,0.577242,0.552356,0.819899,0.577083,0.724819,0.834342,0.636170,0.475556,0.551703,0.480930,0.463064,0.633303,0.498290,0.794169,0.656706,0.712637,0.791659,0.869692,0.466144,0.492522,0.841797,0.577426,0.585108,0.444605,0.489584,0.865491
0.563468,0.797013,0.511788,0.378623,0.629017,0.670349,0.501243,0.886620,0.871189,0.771875,0.581165,0.816028,0.833997,0.715109,0.578771,0.581786,0.620614,0.662893,0.821562,0.000000,0.550497,0.792836,0.861917,0.513418,0.857026,0.842781,0.832920,0.564134,0.711162,0.595637,0.841784,0.517092,0.787810,0.610321,0.719310,0.850993,0.732594,0.527086,0.726528,0.459490,0.546073,0.884856,0.872309,0.621242,0.875629,0.462357,0.780883,0.540373,0.524684,0.636447,0.800139,0.834633,0.654767,0.549694,0.784056,0.875957,0.735785,0.492975,0.853405,0.633426,0.816615,0.559665,0.935828,0.625167,0.884969,0.735789,0.866265,0.676128,0.650370,0.835629,0.718267,0.847957,0.737563,0.767231,0.613241,0.600339,0.790614,0.871483,0.736391,0.631190,0.911216,0.608234,0.724362,0.859564,0.286213,0.524351,0.540358,0.782654,0.846808,0.872597,0.841518,0.839241,0.844921,0.856251,0.803783,0.784909,0.579500,0.829420,0.635167,0.854949,0.951348,0.616579,0.866800,0.877539,0.834295,0.571729,0.814578,0.718775,0.700868,0.766482,0.828823,0.652343,0.791968,0.632123,0.829745,0.685727,0.871111,0.911582,0.519300,0.605967,0.866393,0.768918,0.874097,0.773830,0.548338,0.722131,0.879589,0.660821,0.738126,0.728838,0.684638,0.501920,0.764213,0.781501,0.685639,0.857016,0.610924,0.875834,0.711112,0.736728,0.662565,0.737883,0.911566,0.599513,0.873494,0.815118,0.645753,0.823231,0.439327,0.817599,0.844755,0.750358,0.868821,0.866017,0.833617,0.600625,0.574680,0.684785,0.855782,0.692862,0.847638,0.834555,0.830870,0.819769,0.914148,0.571399,0.883299,0.606461,0.880757,0.656246,0.719812,0.641224,0.843542,0.890479,0.804806,0.868735,0.828433,0.714200,0.855663,0.690819,0.621314,0.881176,0.895190,0.847961,0.845142,0.823025,0.808752,0.882347,0.491062,0.785480,0.653252,0.630737,0.582858,0.862171,0.845668,0.704919,0.904378,0.772398,0.900708,0.849115,0.714879
0.563897,0.823456,0.564317,0.461806,0.578460,0.704801,0.591494,0.837994,0.882976,0.789816,0.569680,0.813558,0.836966,0.648452,0.496737,0.576399,0.627452,0.697058,0.776697,0.550497,0.000000,0.793270,0.848761,0.588263,0.781001,0.853401,0.867172,0.613849,0.851882,0.475656,0.908870,0.572838,0.751754,0.575649,0.777358,0.839216,0.797904,0.517839,0.679112,0.595143,0.533131,0.861397,0.882412,0.596795,0.811893,0.449332,0.836734,0.331529,0.560546,0.673226,0.687031,0.876333,0.623534,0.567385,0.825921,0.863413,0.766491,0.667104,0.812387,0.638046,0.833040,0.417237,0.840733,0.692554,0.866617,0.614723,0.868098,0.507961,0.619735,0.847843,0.790066,0.846377,0.812841,0.738941,0.341271,0.731813,0.617470,0.837125,0.618964,0.571919,0.845184,0.749767,0.634505,0.843242,0.492127,0.445990,0.537972,0.789773,0.883708,0.862549,0.872961,0.791437,0.880154,0.889787,0.869452,0.830051,0.465983,0.826265,0.539342,0.849273,0.834240,0.620116,0.875289,0.890820,0.841685,0.419815,0.870505,0.701645,0.749590,0.826813,0.759799,0.636366,0.889172,0.741575,0.866937,0.798960,0.814056,0.855962,0.586711,0.463505,0.903453,0.715923,0.823277,0.859560,0.564069,0.786241,0.872543,0.412404,0.669480,0.666922,0.576376,0.648253,0.859100,0.843448,0.642408,0.897246,0.598348,0.892621,0.655528,0.835912,0.446772,0.671177,0.791052,0.594069,0.869688,0.846521,0.625037,0.799990,0.593074,0.862341,0.871791,0.853685,0.804628,0.870942,0.830607,0.763230,0.602918,0.530402,0.916031,0.810264,0.870805,0.862654,0.723919,0.798640,0.814238,0.619546,0.870010,0.684428,0.900055,0.607343,0.801631,0.686033,0.755087,0.845537,0.826589,0.852233,0.917221,0.496546,0.838906,0.665196,0.634999,0.909292,0.874842,0.918224,0.870153,0.870620,0.760016,0.824439,0.610495,0.816179,0.696352,0.209940,0.695273,0.850576,0.862548,0.776756,0.915449,0.783197,0.862720,0.858064,0.570751
0.564713,0.581100,0.735915,0.780706,0.705872,0.697829,0.803048,0.632993,0.623928,0.693207,0.794026,0.665438,0.573162,0.795603,0.722704,0.845913,0.715352,0.770495,0.575345,0.792836,0.793270,0.000000,0.578346,0.854825,0.587803,0.686909,0.625993,0.657548,0.669309,0.797216,0.610596,0.744768,0.647160,0.841317,0.601626,0.529646,0.641752,0.846193,0.805732,0.743878,0.833979,0.593469,0.728375,0.838064,0.687953,0.855513,0.643353,0.754112,0.885255,0.775514,0.786386,0.602769,0.782291,0.817616,0.739972,0.599286,0.603634,0.704259,0.568742,0.792934,0.714164,0.797134,0.605174,0.843581,0.663180,0.766075,0.732737,0.784429,0.783439,0.687566,0.749207,0.701211,0.751814,0.689968,0.804646,0.765559,0.813045,0.639381,0.841260,0.790202,0.613817,0.718392,0.561365,0.727600,0.746784,0.778755,0.799349,0.591409,0.625849,0.624339,0.688149,0.627305,0.633551,0.655947,0.704703,0.728932,0.703838,0.751222,0.765184,0.620629,0.732149,0.749873,0.579842,0.560884,0.619413,0.724255,0.621640,0.602617,0.630551,0.697655,0.594906,0.828004,0.735658,0.684981,0.585020,0.675072,0.970130,0.539586,0.828592,0.829732,0.571157,0.778427,0.652638,0.694792,0.797597,0.505576,0.671087,0.780862,0.881499,0.723653,0.910424,0.812709,0.611163,0.684680,0.754527,0.752790,0.853618,0.675634,0.869670,0.697339,0.772181,0.718143,0.705497,0.793217,0.591831,0.571611,0.708158,0.659763,0.870355,0.566389,0.717431,0.595834,0.568476,0.547754,0.720272,0.757891,0.734072,0.876251,0.557607,0.622338,0.677614,0.695861,0.627838,0.695469,0.653535,0.788900,0.634981,0.773962,0.633491,0.820531,0.599906,0.787603,0.657202,0.754440,0.835051,0.643662,0.679675,0.828299,0.705459,0.759019,0.806554,0.715214,0.645168,0.542630,0.702953,0.617823,0.721651,0.560835,0.724461,0.675238,0.744892,0.815843,0.830419,0.662870,0.713217,0.678289,0.611021,0.717092,0.679430,0.716140,0.703451
