0.000000,0.253392,0.272116,0.316039,0.333627,0.377733,0.379650,0.397315,0.406912,0.416909,0.426663,0.428579,0.430823,0.431520,0.433073,0.440937,0.441593,0.444592,0.446081,0.447318,0.449324,0.450325,0.454691,0.455487,0.457356,0.458367,0.462063,0.462374,0.462643,0.464102,0.464506,0.465735,0.465768,0.470084,0.472937,0.473706,0.475673,0.478920,0.479630,0.479901,0.480463,0.481108,0.482582,0.486954,0.489484,0.491781,0.491897,0.492011,0.494516,0.496474,0.496498,0.496612,0.497579,0.498236,0.498268,0.499572,0.500093,0.500557,0.501521,0.502881,0.503015,0.503090,0.503126,0.504689,0.504850,0.504956,0.505195,0.505971,0.506731,0.506826,0.506869,0.507528,0.508944,0.509054,0.509326,0.510365,0.510488,0.510757,0.510859,0.511159,0.511925,0.512477,0.512888,0.514215,0.514428,0.515368,0.516296,0.516942,0.517139,0.517466,0.519357,0.519520,0.519618,0.521386,0.521870,0.522531,0.522871,0.523137,0.523840,0.524826,0.525411,0.526021,0.526129,0.526202,0.526640,0.526682,0.527268,0.527298,0.527475,0.527963,0.528840,0.529325,0.529644,0.529774,0.530727,0.531443,0.532142,0.532934,0.533087,0.533403,0.533560,0.534929,0.534940,0.535779,0.535815,0.535949,0.536098,0.536342,0.536429,0.536526,0.536553,0.537113,0.537658,0.537739,0.538117,0.538271,0.538672,0.539142,0.539307,0.539404,0.539515,0.540739,0.540830,0.540880,0.541719,0.541891,0.542037,0.542933,0.542986,0.543326,0.543474,0.544014,0.544233,0.545102,0.545611,0.545675,0.545727,0.545897,0.546101,0.546625,0.546924,0.547756,0.548457,0.548731,0.548972,0.550091,0.550441,0.550593,0.550722,0.550834,0.551095,0.551499,0.551588,0.551763,0.552011,0.552072,0.552088,0.552263,0.552953,0.553886,0.554076,0.554585,0.554732,0.554833,0.555193,0.555861,0.555909,0.556201,0.556780,0.556834,0.556852,0.556919,0.556965,0.557188,0.557554,0.557834,0.557981,0.558029,0.558104,0.558124,0.558155
0.253392,0.000000,0.395564,0.371707,0.385364,0.469485,0.399935,0.321481,0.435228,0.364488,0.537091,0.468896,0.502526,0.447765,0.546174,0.575231,0.494313,0.562041,0.537103,0.390170,0.534971,0.516919,0.440732,0.433705,0.492208,0.471832,0.442925,0.571762,0.547238,0.549082,0.548640,0.552801,0.549522,0.445192,0.580799,0.540102,0.510792,0.528216,0.391236,0.547945,0.437233,0.604257,0.442356,0.603734,0.508579,0.516306,0.428050,0.561964,0.623666,0.425836,0.495834,0.628860,0.507298,0.547206,0.479840,0.649685,0.577067,0.523150,0.544818,0.631793,0.439326,0.497964,0.521427,0.603184,0.618014,0.468121,0.645950,0.616995,0.535028,0.572962,0.416102,0.600655,0.589656,0.505546,0.601039,0.476722,0.583282,0.395454,0.601110,0.647136,0.556779,0.519333,0.639234,0.455451,0.553912,0.543484,0.561463,0.552247,0.595057,0.679790,0.622852,0.468839,0.579951,0.673286,0.550836,0.577972,0.633387,0.569799,0.593320,0.571357,0.568670,0.541806,0.544393,0.583254,0.496221,0.553409,0.601976,0.530770,0.439913,0.546067,0.645001,0.564312,0.626825,0.570771,0.582116,0.655571,0.541518,0.493782,0.584820,0.598243,0.656610,0.562998,0.494870,0.660741,0.516077,0.532771,0.659960,0.606553,0.554819,0.523132,0.592865,0.538118,0.631629,0.576840,0.595888,0.637571,0.587564,0.401623,0.624490,0.557578,0.587413,0.639837,0.648243,0.559342,0.473750,0.595627,0.577415,0.586690,0.636962,0.472442,0.458689,0.537929,0.573005,0.545738,0.649575,0.627190,0.509533,0.674714,0.628629,0.622818,0.657994,0.514844,0.653632,0.518541,0.588253,0.539037,0.638549,0.561669,0.632329,0.670603,0.639014,0.637616,0.499061,0.543594,0.621284,0.573062,0.582066,0.631116,0.657148,0.639687,0.618404,0.546698,0.725857,0.663014,0.651106,0.553896,0.609197,0.606245,0.556470,0.474652,0.614533,0.617971,0.540372,0.538940,0.631925,0.597783,0.625235,0.518271,0.592224,0.569211,0.654225
0.272116,0.395564,0.000000,0.388367,0.417046,0.235342,0.410985,0.543696,0.434932,0.555246,0.456886,0.558703,0.469111,0.638648,0.504456,0.468053,0.425141,0.485304,0.483476,0.476472,0.502866,0.492943,0.464359,0.427466,0.463944,0.398615,0.525419,0.428704,0.477950,0.525956,0.454054,0.570280,0.523601,0.556774,0.482958,0.591985,0.488365,0.447051,0.499394,0.499116,0.509403,0.409745,0.561028,0.513516,0.547794,0.492541,0.687059,0.573148,0.528095,0.556785,0.523344,0.524672,0.484880,0.582936,0.532292,0.535512,0.356713,0.504020,0.501333,0.434011,0.481696,0.662032,0.559817,0.557234,0.525999,0.624495,0.502635,0.575381,0.473627,0.683398,0.492174,0.617562,0.608210,0.512722,0.454382,0.598132,0.602135,0.548375,0.563447,0.618635,0.580918,0.513411,0.527363,0.649051,0.502520,0.599522,0.524897,0.560376,0.555792,0.430129,0.388493,0.673354,0.597799,0.546528,0.679168,0.615945,0.583552,0.667007,0.659876,0.582196,0.640714,0.517529,0.438695,0.641237,0.673378,0.673610,0.687758,0.432060,0.615954,0.557787,0.646903,0.603888,0.571926,0.652410,0.719698,0.595408,0.403738,0.619474,0.586453,0.576965,0.726208,0.521991,0.499575,0.508073,0.698409,0.572931,0.607149,0.657272,0.561534,0.579644,0.490214,0.644471,0.570939,0.551992,0.585665,0.535433,0.678763,0.521932,0.580106,0.606188,0.493739,0.551007,0.555275,0.697634,0.647669,0.665148,0.686831,0.648675,0.588441,0.505124,0.661695,0.561856,0.600931,0.563149,0.482321,0.569455,0.656430,0.680474,0.667446,0.602746,0.589656,0.579694,0.605891,0.578272,0.616193,0.577610,0.616025,0.644101,0.652313,0.575900,0.586672,0.556155,0.550644,0.507146,0.622811,0.610376,0.517808,0.608247,0.666079,0.635328,0.712280,0.587726,0.498505,0.530922,0.587607,0.638800,0.474914,0.618719,0.500259,0.564571,0.575720,0.600456,0.553247,0.663141,0.655098,0.578458,0.369554,0.541253,0.570959,0.572689,0.618977
0.316039,0.371707,0.388367,0.000000,0.210376,0.435230,0.348284,0.517974,0.396846,0.564211,0.430991,0.457498,0.426854,0.613217,0.452870,0.452569,0.361510,0.381753,0.451422,0.352807,0.370155,0.518851,0.365775,0.364657,0.331657,0.353553,0.442902,0.464928,0.501049,0.401940,0.479070,0.412113,0.657774,0.479538,0.446528,0.659945,0.371131,0.441321,0.436786,0.420971,0.358342,0.410334,0.508084,0.400405,0.488367,0.458374,0.655632,0.621301,0.496790,0.493396,0.495762,0.404645,0.440109,0.569684,0.483481,0.581774,0.410981,0.386325,0.470026,0.563391,0.371555,0.643542,0.420776,0.434964,0.591415,0.544231,0.570917,0.551620,0.407750,0.683697,0.447985,0.641350,0.674791,0.388402,0.568807,0.495039,0.548966,0.455390,0.535841,0.676069,0.624185,0.427341,0.589040,0.631501,0.672035,0.599083,0.426447,0.396504,0.441879,0.641137,0.511076,0.657441,0.546860,0.567854,0.679614,0.646473,0.667784,0.654866,0.691720,0.457508,0.700473,0.452473,0.392502,0.642724,0.666028,0.683738,0.688937,0.360593,0.500234,0.311257,0.436382,0.366911,0.445153,0.634580,0.695027,0.507237,0.403235,0.633395,0.469201,0.626007,0.697300,0.583520,0.473727,0.642541,0.692814,0.615145,0.614840,0.659440,0.463410,0.361775,0.611365,0.654492,0.411312,0.416025,0.558375,0.455736,0.639522,0.470238,0.562899,0.373690,0.486721,0.484747,0.561225,0.700317,0.632119,0.646157,0.679711,0.662602,0.518996,0.459789,0.644598,0.361378,0.446870,0.528050,0.608729,0.588085,0.709303,0.673671,0.623892,0.526798,0.641908,0.488794,0.592159,0.396644,0.444860,0.488253,0.661686,0.697392,0.600001,0.543781,0.497183,0.510135,0.552077,0.479217,0.542751,0.578993,0.524112,0.659472,0.559049,0.552742,0.712520,0.542013,0.569835,0.613387,0.602762,0.672448,0.574875,0.668177,0.395861,0.473444,0.549771,0.565414,0.376544,0.671345,0.643991,0.440033,0.496174,0.508996,0.354479,0.499782,0.530437
0.333627,0.385364,0.417046,0.210376,0.000000,0.481382,0.341471,0.478729,0.403366,0.505984,0.506853,0.491495,0.473623,0.641731,0.497362,0.505582,0.437884,0.428651,0.530971,0.345908,0.409791,0.564973,0.332968,0.340149,0.371319,0.408998,0.492550,0.593403,0.536185,0.520733,0.492601,0.445655,0.603570,0.482747,0.476055,0.686045,0.454219,0.528972,0.499862,0.482954,0.392255,0.528377,0.539977,0.478503,0.513886,0.568029,0.660245,0.520453,0.549536,0.534730,0.511018,0.483453,0.542987,0.607786,0.510788,0.605829,0.553108,0.445286,0.569406,0.565095,0.401836,0.660883,0.445957,0.587129,0.634615,0.564426,0.548937,0.603084,0.472494,0.645156,0.504057,0.639188,0.680493,0.411668,0.660778,0.536395,0.531439,0.487535,0.557843,0.723067,0.614881,0.376302,0.644475,0.650602,0.538672,0.591347,0.475460,0.480974,0.533021,0.640298,0.585032,0.647917,0.614065,0.620159,0.648824,0.658293,0.626054,0.583881,0.624897,0.527319,0.613484,0.373684,0.490496,0.594664,0.701726,0.652293,0.665681,0.447051,0.538384,0.374055,0.506025,0.480694,0.505226,0.678945,0.695302,0.549467,0.444940,0.570957,0.536052,0.611135,0.708004,0.560710,0.501636,0.644622,0.669582,0.621477,0.578930,0.601820,0.509324,0.313460,0.656541,0.728161,0.517810,0.455286,0.559330,0.472188,0.624178,0.459126,0.502105,0.467510,0.561485,0.590687,0.531564,0.721385,0.646633,0.636209,0.655437,0.601644,0.622932,0.497420,0.650220,0.406366,0.472411,0.543729,0.677191,0.531225,0.719084,0.665236,0.682369,0.603012,0.701772,0.544647,0.625331,0.443279,0.560072,0.463746,0.686230,0.708814,0.635493,0.604079,0.468333,0.577152,0.638015,0.470547,0.575789,0.613855,0.487739,0.681776,0.613858,0.631339,0.733818,0.611710,0.638686,0.680684,0.616595,0.685067,0.637697,0.682540,0.479586,0.468961,0.591230,0.589926,0.423766,0.640657,0.616671,0.484431,0.591986,0.519863,0.385203,0.597334,0.585243
0.377733,0.469485,0.235342,0.435230,0.481382,0.000000,0.444244,0.594006,0.462964,0.601957,0.541293,0.570085,0.562318,0.628715,0.557615,0.583108,0.556599,0.629690,0.523358,0.531244,0.604724,0.617754,0.492422,0.519293,0.553785,0.467798,0.567027,0.500219,0.571595,0.606466,0.565548,0.637165,0.565750,0.548048,0.589014,0.662646,0.494313,0.463624,0.540348,0.553353,0.507247,0.458587,0.588622,0.684136,0.489268,0.474600,0.659154,0.576815,0.670779,0.596998,0.639124,0.687342,0.516510,0.645965,0.610932,0.625767,0.518573,0.541148,0.530242,0.501683,0.520443,0.712123,0.640938,0.573159,0.626363,0.655677,0.515564,0.600814,0.544560,0.660945,0.549354,0.595601,0.674636,0.457146,0.578541,0.594930,0.648592,0.502418,0.559721,0.665345,0.674150,0.509828,0.605803,0.631263,0.575730,0.705106,0.551029,0.613958,0.664254,0.578537,0.495257,0.664844,0.616284,0.655331,0.694615,0.667567,0.625299,0.683909,0.664788,0.562324,0.759925,0.519233,0.437374,0.633758,0.658579,0.683295,0.726629,0.475620,0.606687,0.583776,0.689258,0.557566,0.729011,0.640483,0.752859,0.750062,0.405877,0.714122,0.628434,0.633322,0.800786,0.565834,0.486403,0.554275,0.651799,0.622621,0.644932,0.740055,0.531528,0.566075,0.623859,0.679926,0.674750,0.516053,0.545937,0.647368,0.691548,0.569639,0.531054,0.542029,0.554334,0.675170,0.715366,0.672297,0.693258,0.668060,0.682636,0.645461,0.660413,0.510248,0.665526,0.517191,0.658600,0.596629,0.520751,0.664286,0.700269,0.698313,0.671165,0.640706,0.574897,0.578319,0.625372,0.622204,0.606979,0.586144,0.651783,0.687299,0.683192,0.487277,0.636155,0.656106,0.549598,0.550469,0.652415,0.626661,0.505678,0.550726,0.637888,0.704632,0.726877,0.577760,0.610151,0.512357,0.651422,0.668729,0.480293,0.703168,0.493891,0.511669,0.617406,0.592124,0.612167,0.676478,0.660863,0.681893,0.509996,0.542660,0.491255,0.678181,0.721893
0.379650,0.399935,0.410985,0.348284,0.341471,0.444244,0.000000,0.544853,0.281347,0.589110,0.528543,0.525903,0.440872,0.588494,0.499297,0.525143,0.322716,0.412806,0.540095,0.376134,0.373431,0.481695,0.262644,0.182879,0.287297,0.276380,0.433370,0.538803,0.527462,0.510857,0.379005,0.386927,0.626912,0.418880,0.548156,0.616123,0.489189,0.523838,0.445207,0.465601,0.404430,0.538387,0.494524,0.578225,0.524545,0.438358,0.620402,0.624459,0.623446,0.490725,0.546578,0.586979,0.461383,0.565041,0.523502,0.633264,0.497807,0.510569,0.481934,0.602472,0.413791,0.644212,0.357770,0.546523,0.635898,0.583590,0.582495,0.651879,0.440767,0.685354,0.491595,0.668355,0.699264,0.382483,0.545586,0.419832,0.658002,0.480355,0.562612,0.653330,0.683355,0.351224,0.641913,0.609171,0.649251,0.676327,0.490143,0.525018,0.481565,0.596788,0.583653,0.639888,0.629309,0.642616,0.649495,0.599642,0.642199,0.656944,0.669287,0.491286,0.683034,0.412901,0.471024,0.642494,0.639861,0.572706,0.691107,0.295642,0.437820,0.451086,0.665481,0.496191,0.546098,0.643904,0.685381,0.649750,0.306014,0.600332,0.598142,0.626638,0.709757,0.642258,0.471207,0.631814,0.655516,0.646670,0.693383,0.702054,0.523686,0.502164,0.577627,0.635754,0.494281,0.496741,0.608426,0.557357,0.672753,0.325390,0.551737,0.478809,0.594596,0.530292,0.674981,0.680268,0.612644,0.699503,0.705953,0.697244,0.537697,0.469132,0.626631,0.375251,0.403684,0.457653,0.567410,0.681798,0.626771,0.630720,0.667656,0.626429,0.632044,0.582542,0.652309,0.437552,0.596314,0.475912,0.645265,0.681431,0.622277,0.576480,0.637034,0.648706,0.575307,0.405863,0.571886,0.599038,0.571225,0.657372,0.618709,0.581534,0.687804,0.598043,0.645961,0.584374,0.708246,0.680952,0.540506,0.660443,0.450520,0.440170,0.583161,0.630242,0.443103,0.692138,0.680795,0.601757,0.561712,0.505086,0.510957,0.655191,0.673095
0.397315,0.321481,0.543696,0.517974,0.478729,0.594006,0.544853,0.000000,0.532420,0.137610,0.597712,0.431113,0.632204,0.380536,0.688625,0.704075,0.635328,0.638128,0.591904,0.440733,0.593114,0.656300,0.549418,0.552268,0.636213,0.577819,0.512981,0.677304,0.578508,0.582069,0.689892,0.603511,0.457981,0.555986,0.559903,0.504929,0.575846,0.613987,0.512192,0.637482,0.510093,0.764360,0.360669,0.743248,0.597297,0.572153,0.353285,0.437488,0.765508,0.305714,0.486007,0.724271,0.514850,0.643971,0.514916,0.685449,0.730098,0.517340,0.594717,0.578579,0.495151,0.523301,0.595979,0.642715,0.636478,0.418644,0.571572,0.607392,0.625324,0.447404,0.526103,0.538739,0.621605,0.613551,0.694498,0.473432,0.597772,0.475723,0.640286,0.711927,0.541943,0.619278,0.708149,0.334057,0.394101,0.433453,0.632385,0.612932,0.683187,0.796495,0.719647,0.345677,0.714415,0.716622,0.391267,0.529071,0.579527,0.438284,0.512692,0.644224,0.503557,0.594961,0.691902,0.444037,0.418553,0.506699,0.569526,0.691658,0.438771,0.691220,0.569088,0.680185,0.701753,0.634498,0.505391,0.800713,0.663488,0.420939,0.556584,0.598730,0.497600,0.524616,0.482920,0.748305,0.445306,0.479660,0.658550,0.489421,0.630381,0.597974,0.619515,0.535924,0.671503,0.663783,0.602421,0.699251,0.493925,0.550505,0.557290,0.675436,0.663583,0.685147,0.721086,0.493965,0.414618,0.449715,0.467230,0.399166,0.719970,0.384985,0.278287,0.603974,0.592625,0.514488,0.676550,0.707677,0.527012,0.603901,0.580128,0.680181,0.655696,0.505849,0.757941,0.614238,0.720616,0.545885,0.711605,0.503415,0.670675,0.693954,0.567799,0.655395,0.523378,0.639777,0.595799,0.588630,0.509440,0.632554,0.630850,0.683578,0.580783,0.644337,0.754551,0.662048,0.674700,0.482970,0.740232,0.560401,0.695604,0.517549,0.634798,0.606959,0.653383,0.418634,0.531541,0.705298,0.709619,0.496742,0.699827,0.568746,0.763668
0.406912,0.435228,0.434932,0.396846,0.403366,0.462964,0.281347,0.532420,0.000000,0.560856,0.640143,0.612682,0.605648,0.584357,0.535555,0.610915,0.515079,0.477574,0.532819,0.375024,0.462435,0.616030,0.410518,0.369507,0.427306,0.454608,0.492692,0.596164,0.466876,0.610538,0.518677,0.374052,0.631721,0.331290,0.658932,0.654937,0.602484,0.564975,0.555874,0.553640,0.272883,0.620225,0.441233,0.697738,0.376611,0.551460,0.670698,0.629108,0.689725,0.441275,0.596054,0.697969,0.577799,0.580810,0.580153,0.681655,0.587106,0.634165,0.587056,0.572914,0.311020,0.698913,0.442693,0.609121,0.687915,0.685107,0.576099,0.677752,0.568878,0.688714,0.623585,0.655858,0.749135,0.405617,0.619654,0.465771,0.692540,0.407561,0.590401,0.673037,0.737895,0.484093,0.696771,0.606277,0.661041,0.732937,0.639496,0.613291,0.571340,0.638532,0.620957,0.609778,0.673222,0.683715,0.668019,0.670798,0.635568,0.716780,0.711720,0.610109,0.704680,0.509937,0.541183,0.594563,0.658184,0.639064,0.665224,0.481154,0.507214,0.552559,0.687866,0.556300,0.654217,0.698230,0.733922,0.679396,0.359710,0.664649,0.634427,0.629050,0.730053,0.596932,0.470963,0.541566,0.672634,0.645802,0.717161,0.688830,0.647962,0.499403,0.639954,0.620698,0.570935,0.472978,0.554988,0.710654,0.638304,0.228054,0.581721,0.529808,0.663156,0.636098,0.739254,0.707243,0.581690,0.706580,0.734759,0.711680,0.608421,0.471858,0.649165,0.317009,0.401553,0.602386,0.684749,0.765961,0.570285,0.620769,0.711035,0.672543,0.656394,0.573015,0.691304,0.422553,0.661823,0.449963,0.640257,0.769458,0.647868,0.566404,0.658815,0.727359,0.613882,0.265983,0.519499,0.694635,0.641551,0.640761,0.648519,0.589703,0.699165,0.598127,0.638888,0.653655,0.753226,0.702724,0.589997,0.597170,0.514988,0.337824,0.687916,0.682320,0.480893,0.733263,0.681894,0.704074,0.622034,0.486620,0.524753,0.706318,0.677517
0.416909,0.364488,0.555246,0.564211,0.505984,0.601957,0.589110,0.137610,0.560856,0.000000,0.593782,0.497671,0.645272,0.466454,0.717067,0.691035,0.674763,0.674358,0.601481,0.528441,0.658301,0.677848,0.606008,0.625411,0.711060,0.625132,0.515682,0.640627,0.559376,0.636998,0.673176,0.627798,0.429495,0.610350,0.668965,0.501420,0.550633,0.660624,0.591745,0.674102,0.579069,0.762783,0.328966,0.771189,0.571058,0.555601,0.440137,0.490113,0.766874,0.458834,0.588839,0.810132,0.617738,0.621857,0.601749,0.713611,0.758779,0.646687,0.620723,0.626443,0.595736,0.530521,0.639266,0.683764,0.744555,0.480168,0.605543,0.621199,0.662136,0.496134,0.639814,0.598916,0.623686,0.638422,0.737132,0.574011,0.585617,0.534245,0.642205,0.635179,0.473354,0.619725,0.669147,0.339356,0.457913,0.561743,0.666917,0.708387,0.696134,0.808423,0.733882,0.392199,0.697555,0.740410,0.447428,0.568967,0.553814,0.479804,0.528666,0.695583,0.462425,0.637317,0.747442,0.473560,0.485098,0.517149,0.490884,0.715349,0.546032,0.723222,0.679523,0.775889,0.724797,0.640687,0.503828,0.828494,0.701448,0.483985,0.610213,0.636369,0.532676,0.604967,0.437466,0.718484,0.478077,0.508310,0.684810,0.508084,0.637172,0.637951,0.627606,0.540426,0.700521,0.693056,0.615410,0.746830,0.525533,0.616503,0.603403,0.695569,0.717266,0.749500,0.725196,0.581397,0.498553,0.512417,0.530485,0.504244,0.715044,0.521337,0.423474,0.637072,0.654509,0.668352,0.706347,0.712211,0.558175,0.621099,0.628854,0.665076,0.663440,0.610852,0.741338,0.665249,0.684791,0.610654,0.681912,0.530876,0.683249,0.705030,0.638116,0.687080,0.614663,0.708351,0.631521,0.651246,0.562536,0.624273,0.706094,0.681001,0.609776,0.550029,0.768101,0.614279,0.644872,0.521633,0.758237,0.591247,0.706389,0.608435,0.673562,0.620673,0.685378,0.511715,0.575285,0.728955,0.768490,0.542516,0.736377,0.629530,0.818574
0.426663,0.537091,0.456886,0.430991,0.506853,0.541293,0.528543,0.597712,0.640143,0.593782,0.000000,0.413503,0.325795,0.708625,0.572911,0.391347,0.413194,0.462986,0.488843,0.627045,0.535023,0.422169,0.548611,0.518427,0.566381,0.433492,0.557941,0.495768,0.547125,0.402335,0.442013,0.567179,0.626660,0.692500,0.225816,0.654396,0.389280,0.485681,0.406785,0.450160,0.699963,0.466619,0.683722,0.399613,0.691065,0.478212,0.700843,0.736823,0.463003,0.701650,0.629758,0.429303,0.464204,0.584640,0.652634,0.576775,0.537955,0.421783,0.488840,0.604012,0.704421,0.718093,0.656863,0.538005,0.534234,0.503761,0.664997,0.582168,0.435846,0.729191,0.399753,0.733354,0.616594,0.659236,0.612785,0.720522,0.568382,0.715353,0.523606,0.629269,0.576967,0.612054,0.532422,0.717844,0.741046,0.599735,0.335531,0.482786,0.465322,0.586754,0.523062,0.699063,0.632739,0.575909,0.711338,0.650879,0.665631,0.754452,0.727274,0.417311,0.631735,0.653919,0.528112,0.728737,0.754321,0.687894,0.691929,0.501208,0.699017,0.493006,0.562639,0.583240,0.455604,0.627779,0.722294,0.573005,0.618079,0.589837,0.560183,0.561752,0.676155,0.725824,0.687156,0.717498,0.763710,0.606979,0.595743,0.760567,0.390887,0.672427,0.626594,0.676103,0.481282,0.643038,0.700135,0.429378,0.709212,0.704108,0.746516,0.589884,0.506040,0.541533,0.480525,0.773818,0.727129,0.741026,0.677314,0.711121,0.503391,0.700305,0.753391,0.761173,0.604761,0.604681,0.530245,0.571435,0.695611,0.684315,0.656913,0.547195,0.526529,0.615034,0.665237,0.667923,0.530175,0.688725,0.645885,0.658230,0.612874,0.645945,0.594936,0.577069,0.543216,0.720508,0.653191,0.525770,0.618937,0.624611,0.616746,0.588433,0.736462,0.581287,0.587535,0.506802,0.542589,0.715270,0.602681,0.687542,0.578899,0.752767,0.393381,0.529493,0.632203,0.768099,0.715218,0.407531,0.567447,0.665160,0.651006,0.579838,0.561275
0.428579,0.468896,0.558703,0.457498,0.491495,0.570085,0.525903,0.431113,0.612682,0.497671,0.413503,0.000000,0.379795,0.554556,0.649085,0.500405,0.440166,0.527921,0.528593,0.526278,0.519051,0.542363,0.519840,0.535883,0.598022,0.485069,0.506009,0.605540,0.643240,0.397468,0.578598,0.538484,0.636721,0.633629,0.396761,0.543157,0.363957,0.509820,0.442207,0.486523,0.662126,0.694388,0.546440,0.572564,0.606295,0.507956,0.517589,0.536481,0.524060,0.545032,0.522491,0.577918,0.486978,0.545566,0.540962,0.645520,0.674929,0.372911,0.495167,0.517108,0.663308,0.619594,0.575754,0.429952,0.593425,0.189745,0.535544,0.597105,0.501566,0.531531,0.438227,0.635301,0.618385,0.634153,0.638563,0.570207,0.521071,0.571292,0.600426,0.685953,0.591085,0.664794,0.619620,0.503011,0.562374,0.568440,0.338992,0.511199,0.559704,0.727141,0.676332,0.548869,0.625033,0.633893,0.487066,0.610909,0.662800,0.567773,0.621870,0.315858,0.610689,0.627605,0.662255,0.578382,0.537752,0.549416,0.656835,0.577630,0.542556,0.536636,0.547461,0.630709,0.450915,0.603288,0.641695,0.689529,0.635126,0.515459,0.435768,0.566133,0.629332,0.599367,0.557171,0.736571,0.549527,0.506168,0.556313,0.640075,0.364301,0.662943,0.597965,0.574586,0.592784,0.618260,0.631917,0.496033,0.547329,0.669231,0.568593,0.609731,0.531875,0.599134,0.553927,0.578158,0.621028,0.552218,0.471955,0.538324,0.579592,0.544743,0.495881,0.635456,0.589026,0.461579,0.524839,0.671898,0.633841,0.575097,0.594174,0.553280,0.575071,0.534958,0.665038,0.649209,0.600163,0.618730,0.685999,0.612618,0.646579,0.621248,0.541036,0.498121,0.504220,0.701418,0.606695,0.463570,0.551226,0.608431,0.533288,0.637324,0.679193,0.582516,0.650512,0.533054,0.553609,0.614199,0.696238,0.649254,0.591794,0.693947,0.565086,0.515116,0.628477,0.549879,0.605553,0.460002,0.699359,0.580813,0.701058,0.485270,0.628555
0.430823,0.502526,0.469111,0.426854,0.473623,0.562318,0.440872,0.632204,0.605648,0.645272,0.325795,0.379795,0.000000,0.651705,0.555141,0.299244,0.204575,0.544555,0.514867,0.551045,0.561408,0.406290,0.484171,0.474983,0.507532,0.317465,0.556883,0.489451,0.636086,0.404416,0.458725,0.607241,0.672422,0.642171,0.319986,0.704732,0.348240,0.449174,0.269930,0.273818,0.638176,0.539958,0.587127,0.371553,0.604442,0.379411,0.639769,0.681623,0.463777,0.599125,0.622507,0.369042,0.384454,0.597689,0.614215,0.621189,0.567834,0.369630,0.410483,0.528100,0.623518,0.706523,0.614521,0.470670,0.633086,0.425205,0.646256,0.580609,0.259172,0.712332,0.218136,0.720628,0.642785,0.601885,0.659059,0.645789,0.603168,0.586571,0.543304,0.701545,0.653728,0.643467,0.639828,0.637220,0.677104,0.660740,0.261770,0.468786,0.516376,0.652017,0.549104,0.672942,0.601821,0.611272,0.642811,0.671520,0.738065,0.686807,0.679692,0.360025,0.660276,0.637432,0.550040,0.675629,0.684972,0.661426,0.711570,0.342369,0.632070,0.451042,0.625071,0.584732,0.250889,0.604915,0.721520,0.522899,0.491619,0.617968,0.568960,0.591359,0.751071,0.748453,0.558806,0.731109,0.667989,0.660645,0.600634,0.715128,0.326320,0.732560,0.670391,0.730157,0.591272,0.654302,0.742697,0.275328,0.682737,0.629510,0.744642,0.589180,0.470101,0.619911,0.424126,0.734245,0.747899,0.702263,0.642614,0.693423,0.573202,0.561043,0.648815,0.612504,0.618071,0.625816,0.581900,0.542179,0.644096,0.702153,0.638140,0.427116,0.612378,0.552750,0.619451,0.634224,0.558336,0.703324,0.713809,0.669987,0.670931,0.656494,0.519863,0.596399,0.608333,0.634902,0.658780,0.386460,0.568808,0.677343,0.549780,0.710222,0.758503,0.558216,0.700650,0.590452,0.595508,0.730084,0.582756,0.773935,0.410108,0.695970,0.461477,0.545260,0.599516,0.684688,0.622383,0.357163,0.573467,0.569694,0.683882,0.584244,0.558595
0.431520,0.447765,0.638648,0.613217,0.641731,0.628715,0.588494,0.380536,0.584357,0.466454,0.708625,0.554556,0.651705,0.000000,0.634227,0.799018,0.689655,0.670966,0.636519,0.513139,0.614572,0.734961,0.579770,0.631866,0.675991,0.656502,0.541990,0.777523,0.662531,0.610745,0.666617,0.658708,0.481401,0.582696,0.693752,0.609568,0.696426,0.604118,0.640921,0.702135,0.572582,0.773329,0.444784,0.765129,0.624440,0.633025,0.172313,0.420995,0.823626,0.430038,0.596060,0.768128,0.636846,0.610692,0.603657,0.773026,0.795837,0.700904,0.644769,0.692918,0.597864,0.522485,0.624209,0.673883,0.724866,0.528915,0.623088,0.676168,0.703447,0.388498,0.622829,0.545416,0.536405,0.671559,0.655194,0.344678,0.622878,0.542121,0.629827,0.624330,0.567031,0.749444,0.755627,0.254151,0.494423,0.536062,0.716053,0.755851,0.726036,0.787070,0.668051,0.303241,0.799817,0.836041,0.361317,0.483910,0.638809,0.449626,0.404880,0.671505,0.618738,0.727195,0.774995,0.447486,0.265057,0.423855,0.669792,0.734196,0.380446,0.744492,0.616775,0.741294,0.750641,0.674971,0.365542,0.799201,0.723112,0.542957,0.582088,0.604256,0.387390,0.660857,0.539154,0.712183,0.347516,0.485352,0.719047,0.471143,0.666054,0.667707,0.642515,0.490451,0.723263,0.734232,0.678182,0.794302,0.484547,0.645328,0.628745,0.692317,0.672258,0.705905,0.827478,0.221547,0.306041,0.444976,0.418566,0.427030,0.686674,0.504372,0.273851,0.632816,0.646835,0.678314,0.719134,0.736969,0.478365,0.520584,0.522468,0.676144,0.674238,0.593298,0.719079,0.664389,0.794603,0.619054,0.638171,0.461905,0.577453,0.776831,0.651752,0.695605,0.586755,0.674349,0.528900,0.634351,0.581846,0.598963,0.570070,0.724260,0.365700,0.695208,0.749017,0.704170,0.697991,0.442085,0.787642,0.575314,0.731657,0.576505,0.699049,0.597005,0.691776,0.449640,0.522026,0.814581,0.714385,0.563043,0.775156,0.567173,0.782327
0.433073,0.546174,0.504456,0.452870,0.497362,0.557615,0.499297,0.688625,0.535555,0.717067,0.572911,0.649085,0.555141,0.634227,0.000000,0.545759,0.556848,0.550082,0.508012,0.556108,0.560622,0.520983,0.499650,0.600961,0.480265,0.563082,0.638456,0.605911,0.628414,0.607507,0.546387,0.598000,0.747059,0.557097,0.651803,0.746812,0.657015,0.677407,0.626232,0.555434,0.551645,0.558566,0.659063,0.538395,0.636986,0.655664,0.687625,0.705705,0.592777,0.625605,0.632153,0.546541,0.641517,0.686591,0.600542,0.562615,0.553815,0.665482,0.662436,0.658918,0.578633,0.684580,0.581416,0.629613,0.628899,0.716696,0.682151,0.644612,0.585150,0.717445,0.609872,0.690161,0.699099,0.599823,0.724002,0.645999,0.734916,0.625055,0.600649,0.699037,0.700079,0.629045,0.638433,0.734274,0.784084,0.689480,0.671296,0.619087,0.600208,0.725533,0.662341,0.757507,0.720447,0.573689,0.731644,0.722590,0.689587,0.720828,0.737926,0.666571,0.742245,0.639663,0.574540,0.714391,0.734040,0.682179,0.761642,0.592007,0.671588,0.594772,0.694876,0.636073,0.600709,0.687177,0.773289,0.558676,0.554081,0.712961,0.578666,0.755539,0.810407,0.753123,0.654159,0.697329,0.708516,0.771298,0.663832,0.732331,0.689357,0.641582,0.734479,0.766976,0.620432,0.632280,0.712545,0.614315,0.757306,0.609551,0.681980,0.653743,0.718934,0.702445,0.673389,0.733246,0.783112,0.735484,0.757726,0.715523,0.668953,0.648752,0.741550,0.583980,0.586033,0.595281,0.714813,0.604469,0.710308,0.709011,0.699257,0.683272,0.726205,0.642865,0.807492,0.620576,0.687032,0.637419,0.642105,0.719345,0.669820,0.711364,0.584698,0.584875,0.691430,0.669189,0.613416,0.669876,0.720476,0.760717,0.626433,0.693397,0.822674,0.656211,0.726295,0.717679,0.613643,0.787579,0.673136,0.754703,0.550668,0.652260,0.601574,0.662373,0.617875,0.769662,0.664223,0.617271,0.641104,0.679156,0.602862,0.608674,0.649494
0.440937,0.575231,0.468053,0.452569,0.505582,0.583108,0.525143,0.704075,0.610915,0.691035,0.391347,0.500405,0.299244,0.799018,0.545759,0.000000,0.297824,0.470678,0.512567,0.649281,0.540938,0.384715,0.534208,0.601991,0.520475,0.437818,0.670288,0.435084,0.501513,0.481870,0.486987,0.578453,0.724436,0.732760,0.429959,0.735784,0.419066,0.516507,0.474557,0.403395,0.668372,0.529101,0.691485,0.339876,0.709753,0.489675,0.796047,0.717546,0.309648,0.720869,0.667075,0.360370,0.473046,0.636471,0.638679,0.427592,0.512380,0.433285,0.479216,0.546591,0.671177,0.769193,0.666655,0.459684,0.435157,0.569346,0.619204,0.571075,0.407015,0.749039,0.463819,0.681614,0.706665,0.659234,0.672160,0.787292,0.557525,0.744522,0.557727,0.676978,0.685728,0.737995,0.439451,0.777935,0.758292,0.707263,0.431544,0.462108,0.520154,0.575280,0.519987,0.789326,0.552006,0.408807,0.723194,0.740727,0.628166,0.743419,0.790361,0.454228,0.694238,0.732988,0.543172,0.715977,0.815993,0.780556,0.765191,0.488001,0.770085,0.481661,0.553564,0.658361,0.372985,0.575880,0.781701,0.386915,0.558571,0.716415,0.595356,0.613763,0.813279,0.727570,0.699656,0.687475,0.746115,0.726031,0.594991,0.721461,0.496893,0.743228,0.675445,0.762417,0.530291,0.618059,0.731113,0.336882,0.746651,0.622766,0.675021,0.654145,0.503278,0.607733,0.419138,0.870981,0.885439,0.715101,0.749512,0.742456,0.586743,0.719681,0.808182,0.694703,0.645897,0.647432,0.620498,0.431259,0.763516,0.654111,0.656126,0.387167,0.613306,0.611189,0.650097,0.665184,0.559542,0.636686,0.636751,0.801071,0.684524,0.644962,0.464995,0.579893,0.699498,0.688485,0.660749,0.568013,0.611687,0.696282,0.534014,0.635250,0.801492,0.572489,0.570376,0.576085,0.530033,0.815886,0.608480,0.771477,0.523556,0.741294,0.473549,0.529886,0.641035,0.811845,0.618626,0.371051,0.546855,0.714441,0.707055,0.622980,0.422145
0.441593,0.494313,0.425141,0.361510,0.437884,0.556599,0.322716,0.635328,0.515079,0.674763,0.413194,0.440166,0.204575,0.689655,0.556848,0.297824,0.000000,0.426389,0.577641,0.487273,0.458753,0.448894,0.386545,0.352872,0.361815,0.199458,0.535836,0.429033,0.583528,0.388138,0.415661,0.482084,0.744906,0.556710,0.383362,0.694615,0.354793,0.429236,0.334333,0.299584,0.522265,0.511142,0.534435,0.379583,0.580874,0.381869,0.694088,0.672991,0.401166,0.525619,0.594357,0.367572,0.360165,0.636394,0.595331,0.564150,0.423525,0.353554,0.390890,0.540452,0.498328,0.736542,0.521262,0.424376,0.558018,0.479731,0.655327,0.586969,0.269512,0.757013,0.297312,0.711273,0.706664,0.518831,0.606700,0.574431,0.661876,0.566980,0.562583,0.729498,0.671504,0.576632,0.575611,0.652442,0.699978,0.662260,0.328912,0.414716,0.476292,0.563751,0.510581,0.706688,0.583022,0.544788,0.642700,0.729161,0.688584,0.714897,0.781378,0.423520,0.707206,0.591777,0.487260,0.680252,0.684370,0.705542,0.739382,0.186591,0.568120,0.386686,0.561874,0.541697,0.264977,0.598300,0.711924,0.482843,0.380430,0.650811,0.554208,0.647442,0.770499,0.686049,0.528659,0.769458,0.679619,0.670635,0.671424,0.705777,0.415462,0.661066,0.622345,0.713120,0.518880,0.552109,0.716300,0.268548,0.720103,0.505230,0.655517,0.559215,0.443753,0.535384,0.411810,0.782686,0.710095,0.702751,0.702398,0.709015,0.574260,0.513673,0.664340,0.488569,0.516639,0.573989,0.554288,0.564055,0.659752,0.713019,0.706823,0.396909,0.571250,0.541513,0.578977,0.545648,0.536907,0.608525,0.755888,0.726759,0.701995,0.557440,0.526957,0.590738,0.542958,0.532286,0.633263,0.485474,0.558552,0.673677,0.617640,0.666074,0.793634,0.561732,0.606235,0.540963,0.646884,0.722343,0.506763,0.744324,0.339904,0.594591,0.500902,0.640708,0.513938,0.740771,0.691497,0.371752,0.460438,0.536524,0.587631,0.584487,0.516603
0.444592,0.562041,0.485304,0.381753,0.428651,0.629690,0.412806,0.638128,0.477574,0.674358,0.462986,0.527921,0.544555,0.670966,0.550082,0.470678,0.426389,0.000000,0.545464,0.512559,0.123386,0.573254,0.454135,0.423703,0.378865,0.472868,0.462085,0.576075,0.445403,0.414460,0.417050,0.346081,0.706931,0.668549,0.517261,0.646815,0.533757,0.596513,0.546361,0.532509,0.611800,0.573628,0.634188,0.469458,0.685179,0.586547,0.731561,0.726111,0.559776,0.634445,0.561149,0.472877,0.565978,0.625253,0.547354,0.589951,0.435500,0.540837,0.573235,0.671175,0.616542,0.653858,0.354590,0.554652,0.569238,0.569208,0.699244,0.664326,0.571769,0.666784,0.578520,0.709994,0.695639,0.641328,0.577158,0.532050,0.646990,0.695206,0.593291,0.657887,0.630489,0.596977,0.579253,0.690107,0.742707,0.614543,0.587016,0.586509,0.317003,0.605620,0.480747,0.702759,0.682419,0.532109,0.618188,0.724462,0.608755,0.608059,0.736414,0.572035,0.592967,0.665015,0.545894,0.651329,0.716574,0.653340,0.693567,0.499457,0.540690,0.523821,0.550467,0.609886,0.480242,0.711303,0.671997,0.599092,0.528358,0.582348,0.557840,0.666547,0.702776,0.679154,0.660439,0.666972,0.740654,0.648562,0.665011,0.643353,0.617452,0.615254,0.626657,0.688532,0.240222,0.619827,0.674670,0.535398,0.665391,0.533963,0.699382,0.610900,0.608635,0.433315,0.631175,0.767192,0.693235,0.633438,0.646964,0.683195,0.397052,0.651443,0.708214,0.630306,0.395329,0.581771,0.602697,0.616222,0.782058,0.632301,0.693209,0.635490,0.643017,0.704264,0.706510,0.436970,0.694615,0.543681,0.643188,0.699933,0.656360,0.620085,0.632268,0.592816,0.555696,0.633508,0.452270,0.665151,0.694542,0.721691,0.585643,0.366136,0.716480,0.713979,0.463690,0.577285,0.651504,0.709712,0.715831,0.661715,0.611835,0.634155,0.518893,0.566580,0.420416,0.701735,0.719914,0.540707,0.474217,0.667342,0.651687,0.591925,0.574028
0.446081,0.537103,0.483476,0.451422,0.530971,0.523358,0.540095,0.591904,0.532819,0.601481,0.488843,0.528593,0.514867,0.636519,0.508012,0.512567,0.577641,0.545464,0.000000,0.508966,0.543523,0.424785,0.628348,0.610734,0.607726,0.572825,0.557401,0.596901,0.532164,0.515280,0.652191,0.634856,0.701928,0.588711,0.576126,0.688434,0.506764,0.547518,0.578154,0.550503,0.615758,0.593879,0.559030,0.580976,0.573613,0.500948,0.661362,0.732207,0.602404,0.613339,0.547160,0.624961,0.526159,0.547193,0.556888,0.608042,0.581790,0.555981,0.528051,0.571007,0.649297,0.636078,0.626353,0.545018,0.634034,0.613055,0.584464,0.625024,0.552214,0.665720,0.584439,0.648040,0.611746,0.599217,0.659728,0.649137,0.540189,0.583526,0.618702,0.636710,0.533713,0.650613,0.616597,0.671163,0.720624,0.586706,0.565820,0.589269,0.546089,0.670731,0.572848,0.676297,0.713656,0.576926,0.666328,0.531576,0.641669,0.731328,0.660975,0.538963,0.654964,0.697290,0.556575,0.680625,0.719495,0.645329,0.692373,0.625393,0.631728,0.579131,0.494598,0.670561,0.606543,0.649749,0.726827,0.612851,0.611444,0.621608,0.440392,0.555517,0.726821,0.675589,0.623076,0.656184,0.609201,0.599084,0.546731,0.748547,0.570788,0.678219,0.642061,0.584197,0.531326,0.597130,0.702712,0.628469,0.618043,0.631767,0.695465,0.654971,0.619549,0.596084,0.688565,0.711349,0.673327,0.642838,0.632911,0.692410,0.571550,0.660674,0.723548,0.633051,0.632093,0.607094,0.651739,0.592109,0.714062,0.579424,0.562418,0.582559,0.634921,0.529325,0.735880,0.648024,0.601458,0.679361,0.614050,0.618172,0.552859,0.650205,0.478950,0.437752,0.663165,0.681299,0.630434,0.638754,0.689660,0.625193,0.521615,0.606759,0.712087,0.511969,0.574131,0.611252,0.426559,0.649229,0.674197,0.691391,0.625183,0.666234,0.548816,0.465266,0.597533,0.660282,0.613362,0.596569,0.624764,0.652303,0.655760,0.498321,0.646606
0.447318,0.390170,0.476472,0.352807,0.345908,0.531244,0.376134,0.440733,0.375024,0.528441,0.627045,0.526278,0.551045,0.513139,0.556108,0.649281,0.487273,0.512559,0.508966,0.000000,0.481286,0.615539,0.422287,0.378829,0.403279,0.433366,0.463572,0.616515,0.602462,0.562658,0.594570,0.477933,0.692136,0.429859,0.569244,0.749251,0.521373,0.528626,0.465868,0.513576,0.297895,0.633763,0.405339,0.579730,0.484820,0.520709,0.561829,0.561298,0.686958,0.399986,0.456593,0.582582,0.520278,0.619599,0.462728,0.711877,0.541176,0.530801,0.571450,0.578930,0.299808,0.701706,0.422106,0.575350,0.657538,0.552957,0.600069,0.664909,0.452454,0.640352,0.458655,0.649685,0.722824,0.454894,0.663581,0.425419,0.676860,0.372055,0.652091,0.732303,0.659079,0.500586,0.682579,0.474181,0.615472,0.633271,0.594333,0.590651,0.567085,0.702024,0.612391,0.507594,0.746987,0.693871,0.607574,0.547470,0.676226,0.616152,0.649854,0.553537,0.727393,0.488480,0.497555,0.552651,0.541654,0.592580,0.773565,0.475696,0.437328,0.457571,0.621565,0.496473,0.608773,0.720197,0.632217,0.628014,0.428814,0.610176,0.560482,0.644000,0.676633,0.649176,0.407551,0.705773,0.539917,0.534623,0.734551,0.619221,0.584421,0.387169,0.595972,0.662091,0.556382,0.515753,0.682795,0.610426,0.651015,0.376131,0.548636,0.506768,0.606150,0.603699,0.673272,0.608835,0.490679,0.641188,0.552303,0.618860,0.693835,0.380367,0.497007,0.388076,0.433173,0.541257,0.745190,0.666507,0.674755,0.716793,0.672074,0.669555,0.737065,0.537721,0.701222,0.429774,0.665319,0.528664,0.692048,0.634861,0.691095,0.671290,0.542458,0.636726,0.565070,0.443367,0.592603,0.628792,0.601674,0.699638,0.617352,0.655125,0.649236,0.624409,0.708844,0.720615,0.665154,0.538450,0.635344,0.687634,0.512623,0.405053,0.665357,0.604704,0.449217,0.597298,0.612901,0.606564,0.566440,0.432818,0.471369,0.575201,0.647350
0.449324,0.534971,0.502866,0.370155,0.409791,0.604724,0.373431,0.593114,0.462435,0.658301,0.535023,0.519051,0.561408,0.614572,0.560622,0.540938,0.458753,0.123386,0.543523,0.481286,0.000000,0.604508,0.429891,0.401810,0.350123,0.473038,0.453820,0.626233,0.496196,0.403646,0.442579,0.347743,0.676177,0.636944,0.566751,0.652021,0.532166,0.583732,0.553346,0.561293,0.595752,0.602579,0.578231,0.519373,0.648285,0.580972,0.678438,0.665808,0.626756,0.576509,0.514385,0.523839,0.579384,0.624527,0.496907,0.649389,0.440185,0.538799,0.580336,0.664945,0.608493,0.650821,0.295881,0.553031,0.651807,0.569394,0.684390,0.677086,0.594591,0.623697,0.566080,0.675861,0.733723,0.627820,0.555769,0.461111,0.662553,0.639708,0.620497,0.703850,0.663048,0.592981,0.660879,0.646363,0.711379,0.647427,0.594057,0.591336,0.312517,0.571270,0.475095,0.682135,0.703508,0.598306,0.598370,0.654249,0.635004,0.559686,0.705505,0.587944,0.621066,0.638834,0.550094,0.632464,0.688135,0.619648,0.677589,0.507940,0.466633,0.544215,0.579465,0.624870,0.509018,0.737009,0.677060,0.649614,0.495548,0.578844,0.575174,0.641732,0.690396,0.622078,0.629829,0.681769,0.680624,0.611727,0.660979,0.635636,0.608969,0.598787,0.590575,0.674171,0.246841,0.566045,0.620565,0.563341,0.648469,0.517317,0.693505,0.615298,0.620788,0.426732,0.652028,0.693810,0.646881,0.583764,0.619276,0.633732,0.423206,0.619605,0.656966,0.604274,0.340650,0.555712,0.622225,0.642577,0.764514,0.618287,0.666244,0.685744,0.672001,0.700844,0.709789,0.415099,0.699919,0.506605,0.656866,0.703935,0.683621,0.616969,0.636058,0.612326,0.532746,0.644083,0.475438,0.643817,0.659131,0.733541,0.558098,0.370387,0.695095,0.723631,0.434532,0.597209,0.682042,0.666082,0.748516,0.666465,0.641249,0.642572,0.545148,0.574062,0.417769,0.639507,0.721659,0.580153,0.479867,0.656501,0.651304,0.615833,0.645530
0.450325,0.516919,0.492943,0.518851,0.564973,0.617754,0.481695,0.656300,0.616030,0.677848,0.422169,0.542363,0.406290,0.734961,0.520983,0.384715,0.448894,0.573254,0.424785,0.615539,0.604508,0.000000,0.557797,0.536741,0.572209,0.495319,0.540632,0.493897,0.541970,0.493331,0.521425,0.615977,0.650837,0.655973,0.516918,0.643855,0.527087,0.596002,0.490068,0.536195,0.676880,0.521926,0.704288,0.487002,0.702902,0.593645,0.707389,0.766109,0.475011,0.697461,0.704547,0.523221,0.581369,0.549386,0.702320,0.540458,0.643902,0.553135,0.592724,0.623741,0.701701,0.727297,0.630394,0.563014,0.536242,0.580105,0.677274,0.539801,0.549514,0.704611,0.539607,0.637441,0.654534,0.675294,0.663981,0.679694,0.632712,0.670224,0.609174,0.637150,0.653652,0.671514,0.557503,0.735121,0.745949,0.656987,0.549652,0.552777,0.509296,0.585189,0.639739,0.752884,0.605072,0.545178,0.660343,0.710994,0.690094,0.724953,0.691058,0.585499,0.652369,0.744408,0.579141,0.653117,0.750759,0.645056,0.720394,0.570436,0.647540,0.585526,0.568802,0.596768,0.564134,0.561710,0.714162,0.533249,0.621347,0.592253,0.583801,0.582026,0.735982,0.651073,0.705316,0.701399,0.685428,0.610895,0.560624,0.726415,0.585943,0.731500,0.585500,0.553000,0.576630,0.701447,0.665215,0.533855,0.765488,0.610070,0.711612,0.621167,0.583588,0.619397,0.584140,0.789445,0.735553,0.676986,0.743376,0.727152,0.572452,0.699410,0.761821,0.709948,0.682177,0.620093,0.589883,0.521763,0.750978,0.620278,0.505509,0.513801,0.625054,0.503588,0.649458,0.676966,0.633716,0.680023,0.704727,0.688284,0.705000,0.650297,0.556409,0.581196,0.649718,0.687920,0.659012,0.629626,0.699625,0.637496,0.539874,0.696184,0.812833,0.473881,0.628410,0.585096,0.550020,0.721301,0.594346,0.657599,0.613670,0.738833,0.496431,0.501585,0.644152,0.728706,0.614005,0.526722,0.670077,0.733062,0.712418,0.616999,0.586298
