0.000000,0.253392,0.272116,0.316039,0.333627,0.377733,0.379650,0.397315,0.406912,0.416909,0.426663,0.428579,0.430823,0.431520,0.433073,0.440937,0.441593,0.444592,0.446081,0.447318,0.449324,0.450325,0.454691,0.455487,0.457356,0.458367,0.462063,0.462374,0.462643,0.464102,0.464506,0.465735,0.465768,0.470084,0.472937,0.473706,0.475673,0.478920,0.479630,0.479901,0.480463,0.481108,0.482582,0.486954,0.489484,0.491781,0.491897,0.492011,0.494516,0.496474,0.496498,0.496612,0.497579,0.498236,0.498268,0.499572,0.500093,0.500557,0.501521,0.502881,0.503015,0.503090,0.503126,0.504689,0.504850,0.504956,0.505195,0.505971,0.506731,0.506826,0.506869,0.507528,0.508944,0.509054,0.509326,0.510365,0.510488,0.510757,0.510859,0.511159,0.511925,0.512477,0.512888,0.514215,0.514428,0.515368,0.516296,0.516942,0.517139,0.517466,0.519357,0.519520,0.519618,0.521386,0.521870,0.522531,0.522871,0.523137,0.523840,0.524826,0.525411
0.253392,0.000000,0.395564,0.371707,0.385364,0.469485,0.399935,0.321481,0.435228,0.364488,0.537091,0.468896,0.502526,0.447765,0.546174,0.575231,0.494313,0.562041,0.537103,0.390170,0.534971,0.516919,0.440732,0.433705,0.492208,0.471832,0.442925,0.571762,0.547238,0.549082,0.548640,0.552801,0.549522,0.445192,0.580799,0.540102,0.510792,0.528216,0.391236,0.547945,0.437233,0.604257,0.442356,0.603734,0.508579,0.516306,0.428050,0.561964,0.623666,0.425836,0.495834,0.628860,0.507298,0.547206,0.479840,0.649685,0.577067,0.523150,0.544818,0.631793,0.439326,0.497964,0.521427,0.603184,0.618014,0.468121,0.645950,0.616995,0.535028,0.572962,0.416102,0.600655,0.589656,0.505546,0.601039,0.476722,0.583282,0.395454,0.601110,0.647136,0.556779,0.519333,0.639234,0.455451,0.553912,0.543484,0.561463,0.552247,0.595057,0.679790,0.622852,0.468839,0.579951,0.673286,0.550836,0.577972,0.633387,0.569799,0.593320,0.571357,0.568670
0.272116,0.395564,0.000000,0.388367,0.417046,0.235342,0.410985,0.543696,0.434932,0.555246,0.456886,0.558703,0.469111,0.638648,0.504456,0.468053,0.425141,0.485304,0.483476,0.476472,0.502866,0.492943,0.464359,0.427466,0.463944,0.398615,0.525419,0.428704,0.477950,0.525956,0.454054,0.570280,0.523601,0.556774,0.482958,0.591985,0.488365,0.447051,0.499394,0.499116,0.509403,0.409745,0.561028,0.513516,0.547794,0.492541,0.687059,0.573148,0.528095,0.556785,0.523344,0.524672,0.484880,0.582936,0.532292,0.535512,0.356713,0.504020,0.501333,0.434011,0.481696,0.662032,0.559817,0.557234,0.525999,0.624495,0.502635,0.575381,0.473627,0.683398,0.492174,0.617562,0.608210,0.512722,0.454382,0.598132,0.602135,0.548375,0.563447,0.618635,0.580918,0.513411,0.527363,0.649051,0.502520,0.599522,0.524897,0.560376,0.555792,0.430129,0.388493,0.673354,0.597799,0.546528,0.679168,0.615945,0.583552,0.667007,0.659876,0.582196,0.640714
0.316039,0.371707,0.388367,0.000000,0.210376,0.435230,0.348284,0.517974,0.396846,0.564211,0.430991,0.457498,0.426854,0.613217,0.452870,0.452569,0.361510,0.381753,0.451422,0.352807,0.370155,0.518851,0.365775,0.364657,0.331657,0.353553,0.442902,0.464928,0.501049,0.401940,0.479070,0.412113,0.657774,0.479538,0.446528,0.659945,0.371131,0.441321,0.436786,0.420971,0.358342,0.410334,0.508084,0.400405,0.488367,0.458374,0.655632,0.621301,0.496790,0.493396,0.495762,0.404645,0.440109,0.569684,0.483481,0.581774,0.410981,0.386325,0.470026,0.563391,0.371555,0.643542,0.420776,0.434964,0.591415,0.544231,0.570917,0.551620,0.407750,0.683697,0.447985,0.641350,0.674791,0.388402,0.568807,0.495039,0.548966,0.455390,0.535841,0.676069,0.624185,0.427341,0.589040,0.631501,0.672035,0.599083,0.426447,0.396504,0.441879,0.641137,0.511076,0.657441,0.546860,0.567854,0.679614,0.646473,0.667784,0.654866,0.691720,0.457508,0.700473
0.333627,0.385364,0.417046,0.210376,0.000000,0.481382,0.341471,0.478729,0.403366,0.505984,0.506853,0.491495,0.473623,0.641731,0.497362,0.505582,0.437884,0.428651,0.530971,0.345908,0.409791,0.564973,0.332968,0.340149,0.371319,0.408998,0.492550,0.593403,0.536185,0.520733,0.492601,0.445655,0.603570,0.482747,0.476055,0.686045,0.454219,0.528972,0.499862,0.482954,0.392255,0.528377,0.539977,0.478503,0.513886,0.568029,0.660245,0.520453,0.549536,0.534730,0.511018,0.483453,0.542987,0.607786,0.510788,0.605829,0.553108,0.445286,0.569406,0.565095,0.401836,0.660883,0.445957,0.587129,0.634615,0.564426,0.548937,0.603084,0.472494,0.645156,0.504057,0.639188,0.680493,0.411668,0.660778,0.536395,0.531439,0.487535,0.557843,0.723067,0.614881,0.376302,0.644475,0.650602,0.538672,0.591347,0.475460,0.480974,0.533021,0.640298,0.585032,0.647917,0.614065,0.620159,0.648824,0.658293,0.626054,0.583881,0.624897,0.527319,0.613484
0.377733,0.469485,0.235342,0.435230,0.481382,0.000000,0.444244,0.594006,0.462964,0.601957,0.541293,0.570085,0.562318,0.628715,0.557615,0.583108,0.556599,0.629690,0.523358,0.531244,0.604724,0.617754,0.492422,0.519293,0.553785,0.467798,0.567027,0.500219,0.571595,0.606466,0.565548,0.637165,0.565750,0.548048,0.589014,0.662646,0.494313,0.463624,0.540348,0.553353,0.507247,0.458587,0.588622,0.684136,0.489268,0.474600,0.659154,0.576815,0.670779,0.596998,0.639124,0.687342,0.516510,0.645965,0.610932,0.625767,0.518573,0.541148,0.530242,0.501683,0.520443,0.712123,0.640938,0.573159,0.626363,0.655677,0.515564,0.600814,0.544560,0.660945,0.549354,0.595601,0.674636,0.457146,0.578541,0.594930,0.648592,0.502418,0.559721,0.665345,0.674150,0.509828,0.605803,0.631263,0.575730,0.705106,0.551029,0.613958,0.664254,0.578537,0.495257,0.664844,0.616284,0.655331,0.694615,0.667567,0.625299,0.683909,0.664788,0.562324,0.759925
0.379650,0.399935,0.410985,0.348284,0.341471,0.444244,0.000000,0.544853,0.281347,0.589110,0.528543,0.525903,0.440872,0.588494,0.499297,0.525143,0.322716,0.412806,0.540095,0.376134,0.373431,0.481695,0.262644,0.182879,0.287297,0.276380,0.433370,0.538803,0.527462,0.510857,0.379005,0.386927,0.626912,0.418880,0.548156,0.616123,0.489189,0.523838,0.445207,0.465601,0.404430,0.538387,0.494524,0.578225,0.524545,0.438358,0.620402,0.624459,0.623446,0.490725,0.546578,0.586979,0.461383,0.565041,0.523502,0.633264,0.497807,0.510569,0.481934,0.602472,0.413791,0.644212,0.357770,0.546523,0.635898,0.583590,0.582495,0.651879,0.440767,0.685354,0.491595,0.668355,0.699264,0.382483,0.545586,0.419832,0.658002,0.480355,0.562612,0.653330,0.683355,0.351224,0.641913,0.609171,0.649251,0.676327,0.490143,0.525018,0.481565,0.596788,0.583653,0.639888,0.629309,0.642616,0.649495,0.599642,0.642199,0.656944,0.669287,0.491286,0.683034
0.397315,0.321481,0.543696,0.517974,0.478729,0.594006,0.544853,0.000000,0.532420,0.137610,0.597712,0.431113,0.632204,0.380536,0.688625,0.704075,0.635328,0.638128,0.591904,0.440733,0.593114,0.656300,0.549418,0.552268,0.636213,0.577819,0.512981,0.677304,0.578508,0.582069,0.689892,0.603511,0.457981,0.555986,0.559903,0.504929,0.575846,0.613987,0.512192,0.637482,0.510093,0.764360,0.360669,0.743248,0.597297,0.572153,0.353285,0.437488,0.765508,0.305714,0.486007,0.724271,0.514850,0.643971,0.514916,0.685449,0.730098,0.517340,0.594717,0.578579,0.495151,0.523301,0.595979,0.642715,0.636478,0.418644,0.571572,0.607392,0.625324,0.447404,0.526103,0.538739,0.621605,0.613551,0.694498,0.473432,0.597772,0.475723,0.640286,0.711927,0.541943,0.619278,0.708149,0.334057,0.394101,0.433453,0.632385,0.612932,0.683187,0.796495,0.719647,0.345677,0.714415,0.716622,0.391267,0.529071,0.579527,0.438284,0.512692,0.644224,0.503557
0.406912,0.435228,0.434932,0.396846,0.403366,0.462964,0.281347,0.532420,0.000000,0.560856,0.640143,0.612682,0.605648,0.584357,0.535555,0.610915,0.515079,0.477574,0.532819,0.375024,0.462435,0.616030,0.410518,0.369507,0.427306,0.454608,0.492692,0.596164,0.466876,0.610538,0.518677,0.374052,0.631721,0.331290,0.658932,0.654937,0.602484,0.564975,0.555874,0.553640,0.272883,0.620225,0.441233,0.697738,0.376611,0.551460,0.670698,0.629108,0.689725,0.441275,0.596054,0.697969,0.577799,0.580810,0.580153,0.681655,0.587106,0.634165,0.587056,0.572914,0.311020,0.698913,0.442693,0.609121,0.687915,0.685107,0.576099,0.677752,0.568878,0.688714,0.623585,0.655858,0.749135,0.405617,0.619654,0.465771,0.692540,0.407561,0.590401,0.673037,0.737895,0.484093,0.696771,0.606277,0.661041,0.732937,0.639496,0.613291,0.571340,0.638532,0.620957,0.609778,0.673222,0.683715,0.668019,0.670798,0.635568,0.716780,0.711720,0.610109,0.704680
0.416909,0.364488,0.555246,0.564211,0.505984,0.601957,0.589110,0.137610,0.560856,0.000000,0.593782,0.497671,0.645272,0.466454,0.717067,0.691035,0.674763,0.674358,0.601481,0.528441,0.658301,0.677848,0.606008,0.625411,0.711060,0.625132,0.515682,0.640627,0.559376,0.636998,0.673176,0.627798,0.429495,0.610350,0.668965,0.501420,0.550633,0.660624,0.591745,0.674102,0.579069,0.762783,0.328966,0.771189,0.571058,0.555601,0.440137,0.490113,0.766874,0.458834,0.588839,0.810132,0.617738,0.621857,0.601749,0.713611,0.758779,0.646687,0.620723,0.626443,0.595736,0.530521,0.639266,0.683764,0.744555,0.480168,0.605543,0.621199,0.662136,0.496134,0.639814,0.598916,0.623686,0.638422,0.737132,0.574011,0.585617,0.534245,0.642205,0.635179,0.473354,0.619725,0.669147,0.339356,0.457913,0.561743,0.666917,0.708387,0.696134,0.808423,0.733882,0.392199,0.697555,0.740410,0.447428,0.568967,0.553814,0.479804,0.528666,0.695583,0.462425
0.426663,0.537091,0.456886,0.430991,0.506853,0.541293,0.528543,0.597712,0.640143,0.593782,0.000000,0.413503,0.325795,0.708625,0.572911,0.391347,0.413194,0.462986,0.488843,0.627045,0.535023,0.422169,0.548611,0.518427,0.566381,0.433492,0.557941,0.495768,0.547125,0.402335,0.442013,0.567179,0.626660,0.692500,0.225816,0.654396,0.389280,0.485681,0.406785,0.450160,0.699963,0.466619,0.683722,0.399613,0.691065,0.478212,0.700843,0.736823,0.463003,0.701650,0.629758,0.429303,0.464204,0.584640,0.652634,0.576775,0.537955,0.421783,0.488840,0.604012,0.704421,0.718093,0.656863,0.538005,0.534234,0.503761,0.664997,0.582168,0.435846,0.729191,0.399753,0.733354,0.616594,0.659236,0.612785,0.720522,0.568382,0.715353,0.523606,0.629269,0.576967,0.612054,0.532422,0.717844,0.741046,0.599735,0.335531,0.482786,0.465322,0.586754,0.523062,0.699063,0.632739,0.575909,0.711338,0.650879,0.665631,0.754452,0.727274,0.417311,0.631735
0.428579,0.468896,0.558703,0.457498,0.491495,0.570085,0.525903,0.431113,0.612682,0.497671,0.413503,0.000000,0.379795,0.554556,0.649085,0.500405,0.440166,0.527921,0.528593,0.526278,0.519051,0.542363,0.519840,0.535883,0.598022,0.485069,0.506009,0.605540,0.643240,0.397468,0.578598,0.538484,0.636721,0.633629,0.396761,0.543157,0.363957,0.509820,0.442207,0.486523,0.662126,0.694388,0.546440,0.572564,0.606295,0.507956,0.517589,0.536481,0.524060,0.545032,0.522491,0.577918,0.486978,0.545566,0.540962,0.645520,0.674929,0.372911,0.495167,0.517108,0.663308,0.619594,0.575754,0.429952,0.593425,0.189745,0.535544,0.597105,0.501566,0.531531,0.438227,0.635301,0.618385,0.634153,0.638563,0.570207,0.521071,0.571292,0.600426,0.685953,0.591085,0.664794,0.619620,0.503011,0.562374,0.568440,0.338992,0.511199,0.559704,0.727141,0.676332,0.548869,0.625033,0.633893,0.487066,0.610909,0.662800,0.567773,0.621870,0.315858,0.610689
0.430823,0.502526,0.469111,0.426854,0.473623,0.562318,0.440872,0.632204,0.605648,0.645272,0.325795,0.379795,0.000000,0.651705,0.555141,0.299244,0.204575,0.544555,0.514867,0.551045,0.561408,0.406290,0.484171,0.474983,0.507532,0.317465,0.556883,0.489451,0.636086,0.404416,0.458725,0.607241,0.672422,0.642171,0.319986,0.704732,0.348240,0.449174,0.269930,0.273818,0.638176,0.539958,0.587127,0.371553,0.604442,0.379411,0.639769,0.681623,0.463777,0.599125,0.622507,0.369042,0.384454,0.597689,0.614215,0.621189,0.567834,0.369630,0.410483,0.528100,0.623518,0.706523,0.614521,0.470670,0.633086,0.425205,0.646256,0.580609,0.259172,0.712332,0.218136,0.720628,0.642785,0.601885,0.659059,0.645789,0.603168,0.586571,0.543304,0.701545,0.653728,0.643467,0.639828,0.637220,0.677104,0.660740,0.261770,0.468786,0.516376,0.652017,0.549104,0.672942,0.601821,0.611272,0.642811,0.671520,0.738065,0.686807,0.679692,0.360025,0.660276
0.431520,0.447765,0.638648,0.613217,0.641731,0.628715,0.588494,0.380536,0.584357,0.466454,0.708625,0.554556,0.651705,0.000000,0.634227,0.799018,0.689655,0.670966,0.636519,0.513139,0.614572,0.734961,0.579770,0.631866,0.675991,0.656502,0.541990,0.777523,0.662531,0.610745,0.666617,0.658708,0.481401,0.582696,0.693752,0.609568,0.696426,0.604118,0.640921,0.702135,0.572582,0.773329,0.444784,0.765129,0.624440,0.633025,0.172313,0.420995,0.823626,0.430038,0.596060,0.768128,0.636846,0.610692,0.603657,0.773026,0.795837,0.700904,0.644769,0.692918,0.597864,0.522485,0.624209,0.673883,0.724866,0.528915,0.623088,0.676168,0.703447,0.388498,0.622829,0.545416,0.536405,0.671559,0.655194,0.344678,0.622878,0.542121,0.629827,0.624330,0.567031,0.749444,0.755627,0.254151,0.494423,0.536062,0.716053,0.755851,0.726036,0.787070,0.668051,0.303241,0.799817,0.836041,0.361317,0.483910,0.638809,0.449626,0.404880,0.671505,0.618738
0.433073,0.546174,0.504456,0.452870,0.497362,0.557615,0.499297,0.688625,0.535555,0.717067,0.572911,0.649085,0.555141,0.634227,0.000000,0.545759,0.556848,0.550082,0.508012,0.556108,0.560622,0.520983,0.499650,0.600961,0.480265,0.563082,0.638456,0.605911,0.628414,0.607507,0.546387,0.598000,0.747059,0.557097,0.651803,0.746812,0.657015,0.677407,0.626232,0.555434,0.551645,0.558566,0.659063,0.538395,0.636986,0.655664,0.687625,0.705705,0.592777,0.625605,0.632153,0.546541,0.641517,0.686591,0.600542,0.562615,0.553815,0.665482,0.662436,0.658918,0.578633,0.684580,0.581416,0.629613,0.628899,0.716696,0.682151,0.644612,0.585150,0.717445,0.609872,0.690161,0.699099,0.599823,0.724002,0.645999,0.734916,0.625055,0.600649,0.699037,0.700079,0.629045,0.638433,0.734274,0.784084,0.689480,0.671296,0.619087,0.600208,0.725533,0.662341,0.757507,0.720447,0.573689,0.731644,0.722590,0.689587,0.720828,0.737926,0.666571,0.742245
0.440937,0.575231,0.468053,0.452569,0.505582,0.583108,0.525143,0.704075,0.610915,0.691035,0.391347,0.500405,0.299244,0.799018,0.545759,0.000000,0.297824,0.470678,0.512567,0.649281,0.540938,0.384715,0.534208,0.601991,0.520475,0.437818,0.670288,0.435084,0.501513,0.481870,0.486987,0.578453,0.724436,0.732760,0.429959,0.735784,0.419066,0.516507,0.474557,0.403395,0.668372,0.529101,0.691485,0.339876,0.709753,0.489675,0.796047,0.717546,0.309648,0.720869,0.667075,0.360370,0.473046,0.636471,0.638679,0.427592,0.512380,0.433285,0.479216,0.546591,0.671177,0.769193,0.666655,0.459684,0.435157,0.569346,0.619204,0.571075,0.407015,0.749039,0.463819,0.681614,0.706665,0.659234,0.672160,0.787292,0.557525,0.744522,0.557727,0.676978,0.685728,0.737995,0.439451,0.777935,0.758292,0.707263,0.431544,0.462108,0.520154,0.575280,0.519987,0.789326,0.552006,0.408807,0.723194,0.740727,0.628166,0.743419,0.790361,0.454228,0.694238
0.441593,0.494313,0.425141,0.361510,0.437884,0.556599,0.322716,0.635328,0.515079,0.674763,0.413194,0.440166,0.204575,0.689655,0.556848,0.297824,0.000000,0.426389,0.577641,0.487273,0.458753,0.448894,0.386545,0.352872,0.361815,0.199458,0.535836,0.429033,0.583528,0.388138,0.415661,0.482084,0.744906,0.556710,0.383362,0.694615,0.354793,0.429236,0.334333,0.299584,0.522265,0.511142,0.534435,0.379583,0.580874,0.381869,0.694088,0.672991,0.401166,0.525619,0.594357,0.367572,0.360165,0.636394,0.595331,0.564150,0.423525,0.353554,0.390890,0.540452,0.498328,0.736542,0.521262,0.424376,0.558018,0.479731,0.655327,0.586969,0.269512,0.757013,0.297312,0.711273,0.706664,0.518831,0.606700,0.574431,0.661876,0.566980,0.562583,0.729498,0.671504,0.576632,0.575611,0.652442,0.699978,0.662260,0.328912,0.414716,0.476292,0.563751,0.510581,0.706688,0.583022,0.544788,0.642700,0.729161,0.688584,0.714897,0.781378,0.423520,0.707206
0.444592,0.562041,0.485304,0.381753,0.428651,0.629690,0.412806,0.638128,0.477574,0.674358,0.462986,0.527921,0.544555,0.670966,0.550082,0.470678,0.426389,0.000000,0.545464,0.512559,0.123386,0.573254,0.454135,0.423703,0.378865,0.472868,0.462085,0.576075,0.445403,0.414460,0.417050,0.346081,0.706931,0.668549,0.517261,0.646815,0.533757,0.596513,0.546361,0.532509,0.611800,0.573628,0.634188,0.469458,0.685179,0.586547,0.731561,0.726111,0.559776,0.634445,0.561149,0.472877,0.565978,0.625253,0.547354,0.589951,0.435500,0.540837,0.573235,0.671175,0.616542,0.653858,0.354590,0.554652,0.569238,0.569208,0.699244,0.664326,0.571769,0.666784,0.578520,0.709994,0.695639,0.641328,0.577158,0.532050,0.646990,0.695206,0.593291,0.657887,0.630489,0.596977,0.579253,0.690107,0.742707,0.614543,0.587016,0.586509,0.317003,0.605620,0.480747,0.702759,0.682419,0.532109,0.618188,0.724462,0.608755,0.608059,0.736414,0.572035,0.592967
0.446081,0.537103,0.483476,0.451422,0.530971,0.523358,0.540095,0.591904,0.532819,0.601481,0.488843,0.528593,0.514867,0.636519,0.508012,0.512567,0.577641,0.545464,0.000000,0.508966,0.543523,0.424785,0.628348,0.610734,0.607726,0.572825,0.557401,0.596901,0.532164,0.515280,0.652191,0.634856,0.701928,0.588711,0.576126,0.688434,0.506764,0.547518,0.578154,0.550503,0.615758,0.593879,0.559030,0.580976,0.573613,0.500948,0.661362,0.732207,0.602404,0.613339,0.547160,0.624961,0.526159,0.547193,0.556888,0.608042,0.581790,0.555981,0.528051,0.571007,0.649297,0.636078,0.626353,0.545018,0.634034,0.613055,0.584464,0.625024,0.552214,0.665720,0.584439,0.648040,0.611746,0.599217,0.659728,0.649137,0.540189,0.583526,0.618702,0.636710,0.533713,0.650613,0.616597,0.671163,0.720624,0.586706,0.565820,0.589269,0.546089,0.670731,0.572848,0.676297,0.713656,0.576926,0.666328,0.531576,0.641669,0.731328,0.660975,0.538963,0.654964
0.447318,0.390170,0.476472,0.352807,0.345908,0.531244,0.376134,0.440733,0.375024,0.528441,0.627045,0.526278,0.551045,0.513139,0.556108,0.649281,0.487273,0.512559,0.508966,0.000000,0.481286,0.615539,0.422287,0.378829,0.403279,0.433366,0.463572,0.616515,0.602462,0.562658,0.594570,0.477933,0.692136,0.429859,0.569244,0.749251,0.521373,0.528626,0.465868,0.513576,0.297895,0.633763,0.405339,0.579730,0.484820,0.520709,0.561829,0.561298,0.686958,0.399986,0.456593,0.582582,0.520278,0.619599,0.462728,0.711877,0.541176,0.530801,0.571450,0.578930,0.299808,0.701706,0.422106,0.575350,0.657538,0.552957,0.600069,0.664909,0.452454,0.640352,0.458655,0.649685,0.722824,0.454894,0.663581,0.425419,0.676860,0.372055,0.652091,0.732303,0.659079,0.500586,0.682579,0.474181,0.615472,0.633271,0.594333,0.590651,0.567085,0.702024,0.612391,0.507594,0.746987,0.693871,0.607574,0.547470,0.676226,0.616152,0.649854,0.553537,0.727393
0.449324,0.534971,0.502866,0.370155,0.409791,0.604724,0.373431,0.593114,0.462435,0.658301,0.535023,0.519051,0.561408,0.614572,0.560622,0.540938,0.458753,0.123386,0.543523,0.481286,0.000000,0.604508,0.429891,0.401810,0.350123,0.473038,0.453820,0.626233,0.496196,0.403646,0.442579,0.347743,0.676177,0.636944,0.566751,0.652021,0.532166,0.583732,0.553346,0.561293,0.595752,0.602579,0.578231,0.519373,0.648285,0.580972,0.678438,0.665808,0.626756,0.576509,0.514385,0.523839,0.579384,0.624527,0.496907,0.649389,0.440185,0.538799,0.580336,0.664945,0.608493,0.650821,0.295881,0.553031,0.651807,0.569394,0.684390,0.677086,0.594591,0.623697,0.566080,0.675861,0.733723,0.627820,0.555769,0.461111,0.662553,0.639708,0.620497,0.703850,0.663048,0.592981,0.660879,0.646363,0.711379,0.647427,0.594057,0.591336,0.312517,0.571270,0.475095,0.682135,0.703508,0.598306,0.598370,0.654249,0.635004,0.559686,0.705505,0.587944,0.621066
0.450325,0.516919,0.492943,0.518851,0.564973,0.617754,0.481695,0.656300,0.616030,0.677848,0.422169,0.542363,0.406290,0.734961,0.520983,0.384715,0.448894,0.573254,0.424785,0.615539,0.604508,0.000000,0.557797,0.536741,0.572209,0.495319,0.540632,0.493897,0.541970,0.493331,0.521425,0.615977,0.650837,0.655973,0.516918,0.643855,0.527087,0.596002,0.490068,0.536195,0.676880,0.521926,0.704288,0.487002,0.702902,0.593645,0.707389,0.766109,0.475011,0.697461,0.704547,0.523221,0.581369,0.549386,0.702320,0.540458,0.643902,0.553135,0.592724,0.623741,0.701701,0.727297,0.630394,0.563014,0.536242,0.580105,0.677274,0.539801,0.549514,0.704611,0.539607,0.637441,0.654534,0.675294,0.663981,0.679694,0.632712,0.670224,0.609174,0.637150,0.653652,0.671514,0.557503,0.735121,0.745949,0.656987,0.549652,0.552777,0.509296,0.585189,0.639739,0.752884,0.605072,0.545178,0.660343,0.710994,0.690094,0.724953,0.691058,0.585499,0.652369
0.454691,0.440732,0.464359,0.365775,0.332968,0.492422,0.262644,0.549418,0.410518,0.606008,0.548611,0.519840,0.484171,0.579770,0.499650,0.534208,0.386545,0.454135,0.628348,0.422287,0.429891,0.557797,0.000000,0.301371,0.295833,0.295198,0.506447,0.588276,0.624408,0.537244,0.297090,0.423842,0.613506,0.504209,0.484517,0.714559,0.486271,0.499953,0.503498,0.436145,0.423727,0.609335,0.580322,0.521541,0.625257,0.496195,0.590466,0.542229,0.532855,0.578043,0.495418,0.516390,0.497474,0.649428,0.472971,0.553312,0.530745,0.479561,0.528562,0.555434,0.427340,0.685856,0.383504,0.533064,0.612787,0.623077,0.522263,0.592539,0.432904,0.637200,0.484496,0.603613,0.727431,0.490875,0.608512,0.371459,0.624719,0.561790,0.575929,0.746379,0.710068,0.485544,0.610993,0.616415,0.575926,0.693866,0.486332,0.506004,0.546988,0.659909,0.589954,0.670080,0.668093,0.562585,0.675508,0.749651,0.689302,0.628653,0.686962,0.513532,0.730280
0.455487,0.433705,0.427466,0.364657,0.340149,0.519293,0.182879,0.552268,0.369507,0.625411,0.518427,0.535883,0.474983,0.631866,0.600961,0.601991,0.352872,0.423703,0.610734,0.378829,0.401810,0.536741,0.301371,0.000000,0.307528,0.285633,0.479247,0.564967,0.564421,0.526986,0.369886,0.439385,0.644018,0.492565,0.502799,0.708294,0.500218,0.504910,0.462524,0.555249,0.442118,0.556270,0.538608,0.565536,0.564103,0.503826,0.675955,0.670983,0.657765,0.512115,0.514789,0.557534,0.504609,0.596655,0.550695,0.731167,0.530446,0.498659,0.553942,0.575208,0.422924,0.680455,0.392891,0.620203,0.664202,0.581799,0.633052,0.638204,0.488317,0.741726,0.478126,0.756871,0.714373,0.463142,0.592896,0.437962,0.682181,0.489858,0.570398,0.806339,0.682414,0.348990,0.686576,0.643684,0.629538,0.652457,0.465291,0.502457,0.501245,0.614557,0.586256,0.638544,0.662304,0.730624,0.708137,0.689671,0.697355,0.693673,0.683257,0.521430,0.706952
0.457356,0.492208,0.463944,0.331657,0.371319,0.553785,0.287297,0.636213,0.427306,0.711060,0.566381,0.598022,0.507532,0.675991,0.480265,0.520475,0.361815,0.378865,0.607726,0.403279,0.350123,0.572209,0.295833,0.307528,0.000000,0.310900,0.561874,0.560130,0.599912,0.542379,0.347748,0.387589,0.745042,0.526562,0.562967,0.797513,0.553535,0.563577,0.542672,0.499781,0.416797,0.562607,0.603178,0.404427,0.615845,0.581307,0.709902,0.659439,0.545972,0.565465,0.478767,0.397953,0.563669,0.724558,0.463398,0.603553,0.361293,0.543091,0.586936,0.656612,0.417223,0.689426,0.364666,0.548658,0.616656,0.637837,0.637483,0.645640,0.485555,0.756560,0.502547,0.726871,0.707027,0.488578,0.604842,0.518023,0.689933,0.542182,0.661546,0.787084,0.700384,0.496178,0.630661,0.707304,0.725690,0.668310,0.555799,0.568172,0.506755,0.554182,0.532881,0.722816,0.664537,0.589975,0.730090,0.719687,0.693908,0.691032,0.733042,0.554761,0.770414
0.458367,0.471832,0.398615,0.353553,0.408998,0.467798,0.276380,0.577819,0.454608,0.625132,0.433492,0.485069,0.317465,0.656502,0.563082,0.437818,0.199458,0.472868,0.572825,0.433366,0.473038,0.495319,0.295198,0.285633,0.310900,0.000000,0.499626,0.531720,0.577591,0.497477,0.408740,0.532024,0.616790,0.523431,0.395182,0.700224,0.397015,0.418287,0.367975,0.287926,0.493893,0.568932,0.512917,0.478147,0.539774,0.266628,0.644762,0.632895,0.506489,0.508455,0.515098,0.479908,0.265814,0.613349,0.545399,0.566016,0.458719,0.401752,0.296241,0.525149,0.469487,0.726657,0.450253,0.475033,0.566446,0.549807,0.588135,0.602282,0.202590,0.698450,0.365863,0.681458,0.712712,0.470759,0.601899,0.503700,0.657453,0.488469,0.524186,0.730143,0.689858,0.495101,0.573783,0.633556,0.617278,0.680285,0.368043,0.465205,0.525302,0.609982,0.520494,0.692713,0.627623,0.570060,0.654953,0.701195,0.719067,0.651909,0.666746,0.477448,0.765292
0.462063,0.442925,0.525419,0.442902,0.492550,0.567027,0.433370,0.512981,0.492692,0.515682,0.557941,0.506009,0.556883,0.541990,0.638456,0.670288,0.535836,0.462085,0.557401,0.463572,0.453820,0.540632,0.506447,0.479247,0.561874,0.499626,0.000000,0.551156,0.529038,0.398896,0.552316,0.435276,0.577930,0.532855,0.619816,0.480801,0.536677,0.558881,0.469685,0.554410,0.555060,0.594010,0.487534,0.669671,0.533617,0.557242,0.553602,0.644195,0.694128,0.493356,0.639235,0.679822,0.589814,0.367525,0.632321,0.728985,0.563776,0.605950,0.591719,0.702099,0.578899,0.589175,0.466090,0.524561,0.704715,0.524291,0.678365,0.655809,0.557383,0.571712,0.527388,0.728504,0.717769,0.521696,0.629199,0.526071,0.682212,0.479174,0.653358,0.646536,0.669966,0.577097,0.689152,0.540374,0.651309,0.684720,0.605925,0.640963,0.437573,0.688532,0.564789,0.570641,0.740845,0.746588,0.491797,0.658696,0.624926,0.547162,0.639899,0.597935,0.577506
0.462374,0.571762,0.428704,0.464928,0.593403,0.500219,0.538803,0.677304,0.596164,0.640627,0.495768,0.605540,0.489451,0.777523,0.605911,0.435084,0.429033,0.576075,0.596901,0.616515,0.626233,0.493897,0.588276,0.564967,0.560130,0.531720,0.551156,0.000000,0.530107,0.528034,0.485503,0.576511,0.673594,0.685786,0.591448,0.686684,0.578996,0.609033,0.525969,0.576492,0.624378,0.467018,0.712560,0.533202,0.653262,0.610589,0.812833,0.766268,0.524764,0.703471,0.710549,0.537076,0.588391,0.538807,0.699030,0.650322,0.472780,0.601173,0.586033,0.642621,0.623920,0.750463,0.687750,0.554011,0.615918,0.637780,0.691288,0.547027,0.591682,0.803821,0.586943,0.766292,0.613841,0.620339,0.614535,0.779091,0.641136,0.696492,0.645792,0.653959,0.647363,0.641766,0.620147,0.722961,0.767845,0.636500,0.603186,0.524769,0.580059,0.571382,0.596805,0.712725,0.567427,0.632127,0.765132,0.780401,0.604318,0.783551,0.775074,0.633642,0.735682
0.462643,0.547238,0.477950,0.501049,0.536185,0.571595,0.527462,0.578508,0.466876,0.559376,0.547125,0.643240,0.636086,0.662531,0.628414,0.501513,0.583528,0.445403,0.532164,0.602462,0.496196,0.541970,0.624408,0.564421,0.599912,0.577591,0.529038,0.530107,0.000000,0.537034,0.458880,0.452132,0.546608,0.715663,0.657762,0.616664,0.608188,0.677704,0.639560,0.631425,0.649738,0.577962,0.692922,0.665681,0.673713,0.634645,0.724554,0.703166,0.671458,0.714625,0.685482,0.686995,0.625755,0.640220,0.682116,0.635718,0.608010,0.634094,0.600493,0.673924,0.670079,0.586053,0.617624,0.591394,0.690153,0.687068,0.724802,0.559565,0.661166,0.634741,0.678391,0.600844,0.631410,0.658048,0.646169,0.696324,0.555849,0.705009,0.570383,0.535336,0.620253,0.670600,0.690684,0.686579,0.641727,0.609301,0.673103,0.634829,0.559159,0.623017,0.589816,0.670994,0.605696,0.664558,0.691032,0.626422,0.554388,0.670337,0.603436,0.657310,0.581280
0.464102,0.549082,0.525956,0.401940,0.520733,0.606466,0.510857,0.582069,0.610538,0.636998,0.402335,0.397468,0.404416,0.610745,0.607507,0.481870,0.388138,0.414460,0.515280,0.562658,0.403646,0.493331,0.537244,0.526986,0.542379,0.497477,0.398896,0.528034,0.537034,0.000000,0.509948,0.468805,0.698227,0.631583,0.438755,0.573948,0.441474,0.481052,0.400741,0.497838,0.684218,0.456283,0.591118,0.435332,0.594263,0.578591,0.619834,0.758262,0.545401,0.583757,0.600045,0.426200,0.555875,0.559063,0.598456,0.663676,0.496019,0.450652,0.602911,0.567815,0.670174,0.724931,0.553305,0.439580,0.612992,0.435747,0.679803,0.598761,0.513137,0.662228,0.433479,0.701825,0.747547,0.656480,0.568265,0.607961,0.628540,0.589290,0.610203,0.681347,0.704496,0.683982,0.624864,0.624101,0.702729,0.673520,0.439138,0.528994,0.291219,0.579214,0.497308,0.624898,0.675697,0.662249,0.575859,0.656296,0.661844,0.654004,0.738138,0.498514,0.667366
0.464506,0.548640,0.454054,0.479070,0.492601,0.565548,0.379005,0.689892,0.518677,0.673176,0.442013,0.578598,0.458725,0.666617,0.546387,0.486987,0.415661,0.417050,0.652191,0.594570,0.442579,0.521425,0.297090,0.369886,0.347748,0.408740,0.552316,0.485503,0.458880,0.509948,0.000000,0.460720,0.566455,0.674002,0.524818,0.671674,0.535086,0.604041,0.568741,0.599970,0.642501,0.548640,0.720322,0.511126,0.688673,0.566853,0.689758,0.733135,0.569510,0.728643,0.659721,0.509500,0.568492,0.606076,0.644927,0.688590,0.502788,0.560736,0.559472,0.612654,0.658839,0.618837,0.495846,0.615374,0.677844,0.628666,0.679685,0.608359,0.596728,0.731031,0.565101,0.698567,0.595287,0.691455,0.558863,0.601339,0.555291,0.697098,0.545218,0.650914,0.629637,0.582013,0.675496,0.748596,0.673098,0.621483,0.511831,0.559129,0.505661,0.555481,0.503627,0.734716,0.622037,0.682686,0.731757,0.695753,0.612773,0.713064,0.633912,0.536029,0.647590
0.465735,0.552801,0.570280,0.412113,0.445655,0.637165,0.386927,0.603511,0.374052,0.627798,0.567179,0.538484,0.607241,0.658708,0.598000,0.578453,0.482084,0.346081,0.634856,0.477933,0.347743,0.615977,0.423842,0.439385,0.387589,0.532024,0.435276,0.576511,0.452132,0.468805,0.460720,0.000000,0.712599,0.588802,0.612077,0.727418,0.585675,0.640115,0.562713,0.569595,0.534138,0.610330,0.635578,0.593750,0.681448,0.646070,0.695559,0.697132,0.606412,0.651446,0.612710,0.600216,0.645173,0.600742,0.588792,0.661161,0.528444,0.608131,0.649782,0.694403,0.564943,0.689949,0.326225,0.565892,0.657893,0.581752,0.710634,0.641581,0.606297,0.675187,0.618141,0.652634,0.744458,0.570276,0.594331,0.502399,0.625887,0.668837,0.618796,0.662332,0.730999,0.575052,0.673779,0.670413,0.727403,0.711399,0.638394,0.583953,0.455032,0.604748,0.580467,0.672335,0.681603,0.633155,0.630244,0.750728,0.603482,0.681093,0.750869,0.626672,0.693849
0.465768,0.549522,0.523601,0.657774,0.603570,0.565750,0.626912,0.457981,0.631721,0.429495,0.626660,0.636721,0.672422,0.481401,0.747059,0.724436,0.744906,0.706931,0.701928,0.692136,0.676177,0.650837,0.613506,0.644018,0.745042,0.616790,0.577930,0.673594,0.546608,0.698227,0.566455,0.712599,0.000000,0.715806,0.681246,0.488721,0.674541,0.672968,0.675435,0.685672,0.720277,0.752468,0.598649,0.808093,0.698799,0.626065,0.485653,0.418553,0.782382,0.635024,0.675027,0.827666,0.641496,0.618345,0.692165,0.672428,0.815681,0.701244,0.635478,0.555114,0.745862,0.561133,0.739020,0.723517,0.710452,0.696698,0.536875,0.589342,0.701274,0.452512,0.740160,0.493515,0.636046,0.754860,0.666550,0.646175,0.641502,0.687076,0.600669,0.603445,0.650700,0.664026,0.695677,0.530740,0.307059,0.654898,0.688435,0.777552,0.714270,0.671409,0.665284,0.529140,0.697531,0.739331,0.550997,0.616890,0.677752,0.462808,0.434541,0.769899,0.485118
0.470084,0.445192,0.556774,0.479538,0.482747,0.548048,0.418880,0.555986,0.331290,0.610350,0.692500,0.633629,0.642171,0.582696,0.557097,0.732760,0.556710,0.668549,0.588711,0.429859,0.636944,0.655973,0.504209,0.492565,0.526562,0.523431,0.532855,0.685786,0.715663,0.631583,0.674002,0.588802,0.715806,0.000000,0.726735,0.665453,0.649306,0.572157,0.602282,0.603920,0.380909,0.629080,0.393442,0.744988,0.352354,0.604348,0.630943,0.669724,0.749592,0.362616,0.592759,0.740041,0.624917,0.673828,0.601430,0.762313,0.645105,0.664934,0.663674,0.596950,0.393719,0.710920,0.549233,0.686103,0.709649,0.696259,0.590272,0.760518,0.597768,0.665929,0.622699,0.682135,0.787099,0.417065,0.645607,0.551945,0.733136,0.344847,0.752127,0.743945,0.758715,0.604740,0.730816,0.615925,0.668238,0.730896,0.686545,0.695971,0.698335,0.629848,0.641159,0.628719,0.803693,0.758975,0.637138,0.625366,0.715845,0.679747,0.711017,0.720660,0.721247
0.472937,0.580799,0.482958,0.446528,0.476055,0.589014,0.548156,0.559903,0.658932,0.668965,0.225816,0.396761,0.319986,0.693752,0.651803,0.429959,0.383362,0.517261,0.576126,0.569244,0.566751,0.516918,0.484517,0.502799,0.562967,0.395182,0.619816,0.591448,0.657762,0.438755,0.524818,0.612077,0.681246,0.726735,0.000000,0.700543,0.396198,0.467775,0.415190,0.433456,0.652065,0.555485,0.699422,0.392502,0.728987,0.501690,0.684174,0.647094,0.451510,0.620634,0.596616,0.338501,0.404854,0.671738,0.651564,0.579301,0.608844,0.303720,0.500363,0.507905,0.581157,0.783152,0.672607,0.530943,0.505567,0.501850,0.607315,0.565387,0.401414,0.727713,0.371333,0.724552,0.684879,0.637031,0.680389,0.670257,0.580618,0.704880,0.593985,0.738232,0.664961,0.610540,0.609863,0.701873,0.542965,0.577614,0.297100,0.415899,0.550961,0.672078,0.600305,0.710717,0.670958,0.584711,0.698964,0.693025,0.686061,0.733263,0.772369,0.399511,0.730609
0.473706,0.540102,0.591985,0.659945,0.686045,0.662646,0.616123,0.504929,0.654937,0.501420,0.654396,0.543157,0.704732,0.609568,0.746812,0.735784,0.694615,0.646815,0.688434,0.749251,0.652021,0.643855,0.714559,0.708294,0.797513,0.700224,0.480801,0.686684,0.616664,0.573948,0.671674,0.727418,0.488721,0.665453,0.700543,0.000000,0.664933,0.731969,0.688958,0.731715,0.776978,0.728476,0.590433,0.763819,0.597069,0.696646,0.609413,0.685828,0.755894,0.583813,0.646907,0.772032,0.701486,0.568673,0.647280,0.768506,0.750551,0.684181,0.729184,0.645947,0.771834,0.502512,0.702804,0.669206,0.748145,0.568948,0.710615,0.688435,0.758843,0.594529,0.735888,0.676591,0.696815,0.723976,0.655365,0.715838,0.650988,0.635571,0.677173,0.521511,0.653103,0.702071,0.743029,0.598044,0.587084,0.656636,0.696950,0.761642,0.633064,0.704136,0.705294,0.600748,0.732380,0.782813,0.516326,0.657024,0.618176,0.570028,0.596671,0.719597,0.416995
0.475673,0.510792,0.488365,0.371131,0.454219,0.494313,0.489189,0.575846,0.602484,0.550633,0.389280,0.363957,0.348240,0.696426,0.657015,0.419066,0.354793,0.533757,0.506764,0.521373,0.532166,0.527087,0.486271,0.500218,0.553535,0.397015,0.536677,0.578996,0.608188,0.441474,0.535086,0.585675,0.674541,0.649306,0.396198,0.664933,0.000000,0.447274,0.405718,0.436378,0.587360,0.570329,0.516564,0.490609,0.658755,0.342208,0.674971,0.657365,0.534592,0.599581,0.635878,0.521538,0.384356,0.580171,0.642017,0.616088,0.602383,0.104036,0.365793,0.534370,0.600925,0.747788,0.588126,0.384110,0.627340,0.456858,0.597436,0.535554,0.400725,0.694590,0.400484,0.707880,0.667018,0.564251,0.647617,0.610402,0.513747,0.637180,0.545786,0.708621,0.555603,0.559197,0.567458,0.578567,0.690821,0.645624,0.192191,0.362996,0.517579,0.656554,0.605060,0.667967,0.466200,0.596989,0.646706,0.636565,0.724155,0.663073,0.717525,0.298255,0.719397
0.478920,0.528216,0.447051,0.441321,0.528972,0.463624,0.523838,0.613987,0.564975,0.660624,0.485681,0.509820,0.449174,0.604118,0.677407,0.516507,0.429236,0.596513,0.547518,0.528626,0.583732,0.596002,0.499953,0.504910,0.563577,0.418287,0.558881,0.609033,0.677704,0.481052,0.604041,0.640115,0.672968,0.572157,0.467775,0.731969,0.447274,0.000000,0.442871,0.448186,0.554531,0.541179,0.589564,0.565944,0.576993,0.470505,0.646980,0.660353,0.587628,0.590838,0.575247,0.567711,0.463976,0.606142,0.593522,0.658357,0.538241,0.459504,0.522366,0.536151,0.544182,0.804172,0.628199,0.592068,0.546622,0.548947,0.619765,0.691205,0.423921,0.707613,0.447002,0.666511,0.716226,0.587072,0.586268,0.580822,0.660419,0.578976,0.611796,0.734380,0.671526,0.595803,0.558447,0.590418,0.666342,0.693364,0.395858,0.607927,0.603080,0.621287,0.380918,0.653716,0.740570,0.670639,0.736009,0.647070,0.684557,0.758698,0.760754,0.496225,0.842843
0.479630,0.391236,0.499394,0.436786,0.499862,0.540348,0.445207,0.512192,0.555874,0.591745,0.406785,0.442207,0.269930,0.640921,0.626232,0.474557,0.334333,0.546361,0.578154,0.465868,0.553346,0.490068,0.503498,0.462524,0.542672,0.367975,0.469685,0.525969,0.639560,0.400741,0.568741,0.562713,0.675435,0.602282,0.415190,0.688958,0.405718,0.442871,0.000000,0.286506,0.515691,0.576456,0.543166,0.491932,0.595291,0.421665,0.584048,0.721727,0.576561,0.497405,0.608738,0.476199,0.388925,0.621944,0.591905,0.674851,0.565290,0.386072,0.475803,0.605232,0.488355,0.753567,0.585582,0.563146,0.629873,0.408599,0.722881,0.616705,0.256798,0.733117,0.167356,0.769225,0.722217,0.483635,0.744186,0.595598,0.689540,0.441341,0.549040,0.737105,0.717375,0.585350,0.681890,0.563348,0.655425,0.657912,0.391997,0.500337,0.514581,0.690609,0.636295,0.567029,0.654258,0.622954,0.580591,0.737101,0.826348,0.660183,0.725875,0.476567,0.680007
0.479901,0.547945,0.499116,0.420971,0.482954,0.553353,0.465601,0.637482,0.553640,0.674102,0.450160,0.486523,0.273818,0.702135,0.555434,0.403395,0.299584,0.532509,0.550503,0.513576,0.561293,0.536195,0.436145,0.555249,0.499781,0.287926,0.554410,0.576492,0.631425,0.497838,0.599970,0.569595,0.685672,0.603920,0.433456,0.731715,0.436378,0.448186,0.286506,0.000000,0.501685,0.594550,0.606398,0.472798,0.576565,0.387338,0.670886,0.658792,0.476294,0.606682,0.533301,0.459736,0.366351,0.659023,0.507605,0.518927,0.525881,0.440663,0.408716,0.538281,0.493648,0.764180,0.585090,0.528355,0.539066,0.528129,0.600674,0.648119,0.073521,0.763336,0.297953,0.682837,0.760454,0.515205,0.713936,0.646029,0.671338,0.555634,0.555316,0.707446,0.785122,0.642285,0.551695,0.661957,0.686404,0.754287,0.424531,0.516410,0.528424,0.687227,0.580739,0.703681,0.702877,0.482145,0.652388,0.763884,0.772474,0.722378,0.739149,0.494932,0.759986
0.480463,0.437233,0.509403,0.358342,0.392255,0.507247,0.404430,0.510093,0.272883,0.579069,0.699963,0.662126,0.638176,0.572582,0.551645,0.668372,0.522265,0.611800,0.615758,0.297895,0.595752,0.676880,0.423727,0.442118,0.416797,0.493893,0.555060,0.624378,0.649738,0.684218,0.642501,0.534138,0.720277,0.380909,0.652065,0.776978,0.587360,0.554531,0.515691,0.501685,0.000000,0.608998,0.430873,0.647824,0.459051,0.582878,0.649960,0.608682,0.724819,0.390272,0.567568,0.637162,0.584057,0.710311,0.567829,0.747153,0.571376,0.592910,0.616108,0.591460,0.042985,0.772308,0.512101,0.630116,0.686919,0.675790,0.617216,0.686788,0.477242,0.733868,0.539625,0.710096,0.786022,0.355386,0.697763,0.481697,0.774352,0.394924,0.685388,0.800236,0.799972,0.500238,0.698465,0.577732,0.681775,0.764855,0.642745,0.603828,0.691646,0.754176,0.674896,0.590018,0.756617,0.718541,0.699547,0.748448,0.766810,0.712295,0.744259,0.655672,0.814264
0.481108,0.604257,0.409745,0.410334,0.528377,0.458587,0.538387,0.764360,0.620225,0.762783,0.466619,0.694388,0.539958,0.773329,0.558566,0.529101,0.511142,0.573628,0.593879,0.633763,0.602579,0.521926,0.609335,0.556270,0.562607,0.568932,0.594010,0.467018,0.577962,0.456283,0.548640,0.610330,0.752468,0.629080,0.555485,0.728476,0.570329,0.541179,0.576456,0.594550,0.608998,0.000000,0.741287,0.545403,0.620001,0.661321,0.843165,0.827076,0.619633,0.733811,0.698984,0.553962,0.667588,0.620692,0.680948,0.716425,0.483344,0.601017,0.680730,0.653811,0.608319,0.744304,0.642583,0.603395,0.658953,0.741180,0.732098,0.593995,0.611717,0.836995,0.624701,0.798161,0.740171,0.564882,0.556633,0.738856,0.705560,0.665907,0.647539,0.695427,0.698148,0.578013,0.666333,0.796335,0.799210,0.715045,0.590770,0.599425,0.587968,0.497450,0.462717,0.796579,0.706562,0.725376,0.825437,0.766425,0.646269,0.849949,0.774318,0.613315,0.748604
0.482582,0.442356,0.561028,0.508084,0.539977,0.588622,0.494524,0.360669,0.441233,0.328966,0.683722,0.546440,0.587127,0.444784,0.659063,0.691485,0.534435,0.634188,0.559030,0.405339,0.578231,0.704288,0.580322,0.538608,0.603178,0.512917,0.487534,0.712560,0.692922,0.591118,0.720322,0.635578,0.598649,0.393442,0.699422,0.590433,0.516564,0.589564,0.543166,0.606398,0.430873,0.741287,0.000000,0.683938,0.412767,0.442346,0.457404,0.538693,0.764244,0.124449,0.595086,0.716416,0.518613,0.590295,0.602672,0.735440,0.670171,0.607214,0.538633,0.571119,0.449059,0.598931,0.581542,0.614722,0.738992,0.548526,0.548488,0.658478,0.570209,0.543949,0.541579,0.660912,0.692919,0.523110,0.723915,0.500157,0.685137,0.350124,0.707736,0.680240,0.550689,0.608592,0.682457,0.309709,0.584136,0.630283,0.651289,0.726855,0.675711,0.758983,0.659469,0.428234,0.784773,0.755077,0.432467,0.576492,0.701616,0.493978,0.618181,0.668748,0.574113
0.486954,0.603734,0.513516,0.400405,0.478503,0.684136,0.578225,0.743248,0.697738,0.771189,0.399613,0.572564,0.371553,0.765129,0.538395,0.339876,0.379583,0.469458,0.580976,0.579730,0.519373,0.487002,0.521541,0.565536,0.404427,0.478147,0.669671,0.533202,0.665681,0.435332,0.511126,0.593750,0.808093,0.744988,0.392502,0.763819,0.490609,0.565944,0.491932,0.472798,0.647824,0.545403,0.683938,0.000000,0.737768,0.586599,0.775231,0.753116,0.331484,0.668185,0.571911,0.038865,0.538386,0.681698,0.578722,0.531478,0.405215,0.474421,0.577656,0.601961,0.609490,0.795116,0.645667,0.522839,0.520908,0.593607,0.698755,0.673219,0.450813,0.810691,0.419284,0.814979,0.655782,0.674366,0.640795,0.739743,0.563639,0.701249,0.665486,0.730162,0.624873,0.675415,0.513812,0.760677,0.825248,0.630820,0.464913,0.499056,0.502864,0.618012,0.575178,0.789400,0.657530,0.524617,0.746487,0.736307,0.691240,0.759233,0.821901,0.501284,0.752279
