0.000000,0.303643,0.334501,0.343179,0.387156,0.395867,0.402324,0.442456,0.464042,0.485137,0.487330,0.495577,0.495704,0.495927,0.504227,0.504795,0.507214,0.507279,0.510038,0.513909,0.515800,0.516569,0.518638,0.519049,0.520562,0.520607,0.522875,0.524212,0.525756,0.525933,0.526644,0.527611,0.529201,0.529467,0.531518,0.531734,0.534352,0.534459,0.534825,0.536565,0.536594,0.536656,0.537478,0.539000,0.539004,0.539585,0.540079,0.540183,0.540849,0.540900,0.547228,0.548586,0.549042,0.549134,0.549320,0.550275,0.550352,0.551426,0.551988,0.553461,0.553615,0.553622,0.554527,0.556340,0.556712,0.556772,0.556856,0.557360,0.557752,0.558478,0.558524,0.558846,0.559959,0.560602,0.561908,0.562119,0.562282,0.564073,0.564177,0.564217,0.564722,0.564766,0.564970,0.565173,0.566194,0.566387,0.566497,0.566753,0.566817,0.567137,0.568043,0.568100,0.568211,0.568246,0.568658,0.568924,0.568996,0.569166,0.569600,0.570105,0.570107
0.303643,0.000000,0.323007,0.300267,0.415705,0.490445,0.445556,0.481718,0.522525,0.420187,0.411902,0.399785,0.471742,0.476365,0.445387,0.395197,0.493477,0.538857,0.624778,0.463621,0.532690,0.426582,0.576306,0.528875,0.501046,0.497198,0.418601,0.548727,0.485268,0.525892,0.518896,0.555782,0.590602,0.580201,0.513334,0.552861,0.532221,0.549753,0.465686,0.471718,0.548875,0.541164,0.477988,0.487156,0.506836,0.531729,0.570133,0.452812,0.556828,0.499199,0.504391,0.512237,0.514462,0.621188,0.504962,0.526397,0.502982,0.611576,0.458494,0.634730,0.552191,0.505196,0.616564,0.558818,0.577086,0.478463,0.553917,0.624364,0.491891,0.594119,0.631783,0.512276,0.459276,0.495905,0.461040,0.475943,0.507660,0.699671,0.510508,0.541572,0.529489,0.438797,0.533353,0.480900,0.596446,0.440508,0.514954,0.505647,0.487467,0.589091,0.465642,0.617992,0.523324,0.520861,0.551518,0.601338,0.521737,0.595896,0.541520,0.621099,0.547619
0.334501,0.323007,0.000000,0.297537,0.493664,0.462836,0.389564,0.562769,0.511205,0.364115,0.421397,0.418149,0.585443,0.440955,0.566969,0.612795,0.479556,0.475761,0.818220,0.531768,0.611414,0.457451,0.575375,0.569164,0.450320,0.638936,0.395057,0.555045,0.483163,0.498587,0.490161,0.406131,0.679689,0.644866,0.492689,0.700013,0.478575,0.661957,0.402255,0.419751,0.549661,0.699324,0.372925,0.417100,0.487640,0.509187,0.598893,0.504176,0.552269,0.402435,0.583456,0.527226,0.617489,0.762955,0.467360,0.605787,0.528313,0.710075,0.535398,0.591005,0.552541,0.487182,0.521283,0.423807,0.733328,0.560426,0.537908,0.675325,0.371120,0.691250,0.792007,0.601723,0.493928,0.465223,0.416681,0.439431,0.554743,0.775193,0.600240,0.707038,0.485647,0.564349,0.444150,0.441864,0.566329,0.442321,0.499839,0.484685,0.468679,0.651752,0.423959,0.680911,0.614220,0.550061,0.610885,0.677588,0.500714,0.504831,0.507345,0.551289,0.483986
0.343179,0.300267,0.297537,0.000000,0.523522,0.338879,0.301094,0.417919,0.429790,0.433867,0.220549,0.302277,0.432503,0.353858,0.610014,0.468067,0.535931,0.345967,0.711840,0.291729,0.432083,0.408650,0.695405,0.592543,0.605631,0.524008,0.553879,0.581620,0.585931,0.650989,0.589366,0.571842,0.733219,0.663471,0.648911,0.594352,0.710035,0.543880,0.535341,0.477854,0.534917,0.662276,0.636561,0.319526,0.421634,0.672909,0.494010,0.349852,0.615873,0.318074,0.610924,0.593306,0.464972,0.568692,0.647912,0.537715,0.670281,0.566248,0.425257,0.659313,0.440242,0.471784,0.671334,0.595194,0.694727,0.493454,0.533089,0.652266,0.446254,0.586977,0.669876,0.648661,0.376679,0.576729,0.267885,0.546440,0.717544,0.714829,0.593457,0.595126,0.656788,0.525802,0.404989,0.501091,0.733820,0.586258,0.540801,0.569161,0.607752,0.645184,0.521505,0.767132,0.551223,0.568362,0.453608,0.597346,0.688693,0.589351,0.681794,0.515706,0.577179
0.387156,0.415705,0.493664,0.523522,0.000000,0.662318,0.604731,0.574291,0.661124,0.169321,0.596371,0.619449,0.592792,0.576756,0.533802,0.647489,0.527622,0.630957,0.678658,0.694495,0.691164,0.662108,0.551331,0.558950,0.565474,0.583094,0.481703,0.557480,0.400784,0.492529,0.561020,0.651430,0.573429,0.416399,0.493090,0.652936,0.543921,0.685008,0.545950,0.534676,0.563170,0.642963,0.524027,0.607664,0.653860,0.402084,0.667926,0.724537,0.598087,0.591775,0.639965,0.508182,0.647518,0.725544,0.556154,0.715802,0.670604,0.696589,0.646278,0.713125,0.541450,0.549130,0.636992,0.598945,0.688538,0.616179,0.585516,0.671029,0.543084,0.745805,0.770501,0.720918,0.687907,0.601346,0.472615,0.596406,0.620745,0.763353,0.682644,0.672030,0.656244,0.661790,0.647490,0.603383,0.698498,0.542716,0.647454,0.597835,0.438093,0.502252,0.591572,0.634891,0.677787,0.722188,0.682027,0.727958,0.654341,0.648322,0.558180,0.733268,0.583513
0.395867,0.490445,0.462836,0.338879,0.662318,0.000000,0.174013,0.506262,0.528782,0.658719,0.423478,0.401196,0.519085,0.574777,0.693381,0.516365,0.692602,0.249493,0.716217,0.462381,0.228084,0.495907,0.771850,0.679683,0.656621,0.508349,0.650496,0.662491,0.710857,0.725262,0.642967,0.615554,0.680564,0.644560,0.685827,0.533646,0.756536,0.527339,0.617164,0.596687,0.591571,0.698265,0.783846,0.552428,0.530203,0.799095,0.545417,0.496526,0.632005,0.509368,0.595510,0.595119,0.441058,0.475758,0.704339,0.503583,0.693148,0.422890,0.506465,0.653049,0.553710,0.651292,0.686841,0.656642,0.628926,0.466262,0.648118,0.619511,0.625768,0.620422,0.600743,0.690204,0.527854,0.705131,0.556763,0.647978,0.700015,0.733548,0.660985,0.622182,0.656689,0.643544,0.515473,0.624193,0.722242,0.725795,0.652147,0.600662,0.676540,0.561222,0.720470,0.720139,0.492103,0.644338,0.631716,0.518250,0.754104,0.620340,0.796802,0.436395,0.724092
0.402324,0.445556,0.389564,0.301094,0.604731,0.174013,0.000000,0.570526,0.512077,0.587856,0.435092,0.412890,0.553434,0.554355,0.655876,0.481037,0.646458,0.128940,0.741114,0.457846,0.366366,0.500321,0.741704,0.641905,0.502303,0.522171,0.605990,0.624861,0.704530,0.673228,0.516813,0.560879,0.645190,0.674233,0.632746,0.580392,0.740664,0.531801,0.518491,0.526073,0.606464,0.693115,0.711538,0.538228,0.493227,0.724959,0.605266,0.488546,0.636993,0.475428,0.590325,0.627350,0.447308,0.545721,0.668559,0.461467,0.716186,0.525891,0.438374,0.661458,0.564651,0.608881,0.580010,0.564362,0.658892,0.472312,0.603883,0.608996,0.562733,0.579919,0.611906,0.646651,0.545038,0.666475,0.520891,0.613650,0.705494,0.740986,0.656439,0.618785,0.587118,0.578339,0.504672,0.573844,0.652065,0.664476,0.563091,0.502450,0.527042,0.612385,0.655944,0.743520,0.495684,0.605923,0.600672,0.532875,0.721626,0.541511,0.770140,0.378437,0.630563
0.442456,0.481718,0.562769,0.417919,0.574291,0.506262,0.570526,0.000000,0.582481,0.572307,0.505459,0.524282,0.558063,0.491805,0.694180,0.670416,0.647040,0.576750,0.644409,0.518948,0.201097,0.575551,0.717526,0.603383,0.739885,0.699931,0.699815,0.606836,0.634713,0.771769,0.705748,0.656029,0.780565,0.525113,0.720959,0.772434,0.669127,0.550372,0.704300,0.664407,0.455654,0.635071,0.759013,0.508485,0.596829,0.710293,0.407695,0.623594,0.634448,0.536358,0.645112,0.576065,0.585232,0.581235,0.661454,0.617853,0.658068,0.555592,0.630894,0.721390,0.400914,0.547077,0.660648,0.675127,0.809723,0.701521,0.546531,0.671425,0.693972,0.700773,0.701459,0.789149,0.561518,0.664621,0.504142,0.612532,0.706945,0.610492,0.739707,0.629839,0.698737,0.779642,0.211451,0.670042,0.793933,0.760724,0.696504,0.758496,0.708923,0.592501,0.656945,0.759547,0.699996,0.668744,0.558684,0.734986,0.695700,0.681639,0.791111,0.660697,0.668440
0.464042,0.522525,0.511205,0.429790,0.661124,0.528782,0.512077,0.582481,0.000000,0.641029,0.519216,0.551971,0.575344,0.560750,0.727321,0.631290,0.664931,0.560111,0.783524,0.526545,0.591044,0.576535,0.707038,0.644799,0.672989,0.541698,0.670187,0.655379,0.682464,0.743002,0.685210,0.670222,0.817835,0.703523,0.712916,0.666881,0.730776,0.577757,0.671869,0.636903,0.580777,0.670807,0.717731,0.573027,0.652743,0.765062,0.704820,0.517351,0.684812,0.580248,0.655670,0.465962,0.573675,0.579096,0.748642,0.633032,0.737688,0.602529,0.590765,0.664240,0.575069,0.621751,0.693723,0.644444,0.743373,0.604731,0.713953,0.673423,0.663285,0.654638,0.707503,0.656659,0.451752,0.684449,0.573346,0.677818,0.709672,0.788805,0.517309,0.655826,0.753275,0.668455,0.675043,0.579125,0.770534,0.674673,0.618040,0.708987,0.713333,0.574579,0.535167,0.742980,0.630159,0.700149,0.617514,0.616072,0.730192,0.687252,0.722694,0.679029,0.544491
0.485137,0.420187,0.364115,0.433867,0.169321,0.658719,0.587856,0.572307,0.641029,0.000000,0.559405,0.583077,0.601986,0.564873,0.553471,0.658083,0.473632,0.624160,0.734047,0.671515,0.682256,0.617515,0.613736,0.609828,0.534786,0.631638,0.407663,0.588555,0.452095,0.481420,0.544494,0.618781,0.635519,0.496002,0.508926,0.702817,0.578948,0.682495,0.462707,0.517211,0.565131,0.657661,0.438582,0.546093,0.646711,0.466962,0.710198,0.651336,0.597589,0.480825,0.652293,0.463552,0.655301,0.732382,0.552741,0.720671,0.670242,0.721087,0.603546,0.707473,0.529928,0.503574,0.641938,0.549877,0.770766,0.607458,0.616960,0.719005,0.422496,0.764188,0.806852,0.766262,0.612515,0.631514,0.360391,0.550779,0.641183,0.798866,0.680427,0.706354,0.645389,0.675683,0.585307,0.562558,0.733587,0.436937,0.629502,0.580129,0.416627,0.538749,0.537012,0.683406,0.693729,0.706442,0.696269,0.762857,0.669578,0.646081,0.557362,0.719005,0.558447
0.487330,0.411902,0.421397,0.220549,0.596371,0.423478,0.435092,0.505459,0.519216,0.559405,0.000000,0.179804,0.570966,0.250727,0.665397,0.563526,0.655041,0.450331,0.818071,0.362238,0.529145,0.502637,0.767605,0.612133,0.666318,0.644945,0.607523,0.657122,0.581188,0.667804,0.631144,0.612115,0.798388,0.698351,0.625914,0.712763,0.733350,0.637258,0.631378,0.495317,0.623902,0.735055,0.695367,0.294209,0.388538,0.729130,0.421138,0.354313,0.529691,0.270357,0.700498,0.649948,0.607031,0.689415,0.644601,0.666124,0.718049,0.627246,0.589232,0.758335,0.550203,0.429743,0.727228,0.683325,0.770477,0.559727,0.505830,0.674405,0.525840,0.701285,0.784622,0.637205,0.490985,0.563468,0.362415,0.539730,0.772587,0.864735,0.640518,0.689519,0.690986,0.568079,0.445127,0.544779,0.723540,0.669749,0.627297,0.601641,0.670231,0.678464,0.599881,0.797164,0.580668,0.684738,0.421419,0.722993,0.718095,0.666166,0.760921,0.575035,0.652020
0.495577,0.399785,0.418149,0.302277,0.619449,0.401196,0.412890,0.524282,0.551971,0.583077,0.179804,0.000000,0.558508,0.391517,0.615953,0.466305,0.632734,0.464731,0.751195,0.386221,0.469749,0.382413,0.706624,0.548181,0.590384,0.597904,0.551863,0.602118,0.604659,0.679530,0.572570,0.550871,0.759312,0.656389,0.590627,0.656922,0.708552,0.538974,0.544446,0.468920,0.633541,0.698851,0.647672,0.414307,0.448890,0.754627,0.445634,0.317519,0.514237,0.330889,0.685621,0.686125,0.514912,0.601153,0.599094,0.592182,0.652031,0.559432,0.535352,0.641072,0.566290,0.464975,0.647303,0.611651,0.711370,0.466484,0.520387,0.658555,0.524000,0.638119,0.680266,0.580193,0.459752,0.579129,0.465709,0.541393,0.678414,0.817215,0.575886,0.581683,0.600495,0.439043,0.456370,0.566437,0.677077,0.599846,0.582683,0.520031,0.611152,0.732215,0.578515,0.791365,0.500773,0.572175,0.472406,0.666445,0.692579,0.611280,0.689068,0.568805,0.626859
0.495704,0.471742,0.585443,0.432503,0.592792,0.519085,0.553434,0.558063,0.575344,0.601986,0.570966,0.558508,0.000000,0.663972,0.561499,0.526002,0.520609,0.560636,0.767777,0.368132,0.565700,0.452314,0.537055,0.549609,0.698649,0.559665,0.711475,0.466652,0.698520,0.740265,0.726198,0.745094,0.716557,0.661901,0.756229,0.619554,0.715043,0.456917,0.679099,0.482151,0.518982,0.641330,0.681653,0.680360,0.652966,0.680892,0.643044,0.596594,0.696521,0.623880,0.589017,0.667887,0.532518,0.541942,0.712710,0.548032,0.651167,0.560899,0.491072,0.562039,0.517826,0.673059,0.767712,0.735257,0.712521,0.595194,0.756835,0.711447,0.558503,0.601668,0.707929,0.730905,0.570683,0.686374,0.632365,0.729900,0.594502,0.764409,0.558750,0.553012,0.660149,0.554667,0.706727,0.605125,0.747167,0.709187,0.601221,0.678275,0.671951,0.713595,0.475501,0.675425,0.702646,0.518962,0.537738,0.663883,0.711128,0.704234,0.608446,0.735935,0.601337
0.495927,0.476365,0.440955,0.353858,0.576756,0.574777,0.554355,0.491805,0.560750,0.564873,0.250727,0.391517,0.663972,0.000000,0.726823,0.689794,0.666169,0.592538,0.861230,0.476946,0.620260,0.654601,0.761343,0.493827,0.593202,0.782784,0.625198,0.695798,0.483459,0.617292,0.493899,0.537493,0.823241,0.721489,0.592547,0.823688,0.642853,0.727253,0.534607,0.562559,0.619179,0.738244,0.623019,0.115265,0.401453,0.652223,0.453114,0.462768,0.595599,0.333537,0.782229,0.718996,0.770251,0.828836,0.613211,0.757122,0.686388,0.774963,0.726246,0.828293,0.454072,0.280377,0.583021,0.563699,0.820278,0.737312,0.433380,0.735738,0.583055,0.837125,0.920449,0.655467,0.597866,0.502858,0.299310,0.490993,0.770423,0.830437,0.764155,0.734074,0.671779,0.696914,0.436831,0.581251,0.668094,0.642722,0.695181,0.630186,0.666216,0.758667,0.620890,0.814910,0.647647,0.822818,0.436993,0.812475,0.698748,0.614932,0.699184,0.596112,0.565626
0.504227,0.445387,0.566969,0.610014,0.533802,0.693381,0.655876,0.694180,0.727321,0.553471,0.665397,0.615953,0.561499,0.726823,0.000000,0.487862,0.422381,0.701463,0.658044,0.735077,0.741576,0.567187,0.386552,0.587237,0.630775,0.616746,0.555669,0.442779,0.643187,0.562144,0.658728,0.665061,0.562325,0.617384,0.658052,0.681753,0.591222,0.666378,0.589260,0.436937,0.654048,0.474389,0.465604,0.723095,0.738844,0.645718,0.718200,0.693800,0.502180,0.634705,0.529828,0.652639,0.643856,0.662860,0.490886,0.509892,0.519923,0.758411,0.398879,0.687844,0.738296,0.688364,0.714920,0.675060,0.589555,0.496821,0.706207,0.706581,0.456100,0.643884,0.577720,0.638775,0.638771,0.570724,0.719963,0.521315,0.470270,0.724085,0.621599,0.521398,0.469743,0.560904,0.715094,0.507256,0.524359,0.566228,0.585670,0.458410,0.543756,0.683768,0.435603,0.453955,0.678850,0.524490,0.803806,0.662593,0.532085,0.709436,0.409238,0.749476,0.528467
0.504795,0.395197,0.612795,0.468067,0.647489,0.516365,0.481037,0.670416,0.631290,0.658083,0.563526,0.466305,0.526002,0.689794,0.487862,0.000000,0.518144,0.561313,0.544946,0.522600,0.563305,0.526558,0.561057,0.682678,0.608388,0.430467,0.624087,0.508844,0.753506,0.799584,0.647582,0.617727,0.654722,0.627031,0.665715,0.451784,0.781654,0.644568,0.631526,0.592403,0.647212,0.519887,0.690634,0.707619,0.717308,0.731013,0.698373,0.566803,0.599056,0.681685,0.681937,0.683228,0.429742,0.499234,0.655516,0.483840,0.671890,0.490614,0.407440,0.588785,0.704597,0.718506,0.752093,0.711109,0.479740,0.458314,0.724810,0.667729,0.658340,0.533589,0.447119,0.684878,0.528877,0.705937,0.693229,0.611855,0.664781,0.686540,0.606517,0.479181,0.622043,0.454052,0.696521,0.600852,0.716454,0.618292,0.574688,0.537752,0.604316,0.614485,0.606664,0.650774,0.482973,0.500562,0.611040,0.507155,0.699793,0.640229,0.668902,0.640294,0.613634
0.507214,0.493477,0.479556,0.535931,0.527622,0.692602,0.646458,0.647040,0.664931,0.473632,0.655041,0.632734,0.520609,0.666169,0.422381,0.518144,0.000000,0.701646,0.750166,0.609311,0.711187,0.660248,0.241383,0.670746,0.595337,0.652290,0.519253,0.168819,0.599176,0.638130,0.599295,0.634301,0.763328,0.579297,0.585254,0.734152,0.543131,0.645269,0.578208,0.532079,0.607941,0.455605,0.527150,0.650450,0.686753,0.512128,0.684522,0.690380,0.512068,0.610583,0.609697,0.600112,0.698235,0.760493,0.509753,0.671887,0.526112,0.744203,0.474344,0.651784,0.607914,0.676167,0.648950,0.596255,0.662359,0.672902,0.570408,0.758192,0.537290,0.731530,0.763450,0.770178,0.640055,0.517550,0.632624,0.525216,0.558664,0.805498,0.683401,0.574777,0.528899,0.654424,0.680554,0.501408,0.639196,0.559460,0.638688,0.665578,0.624164,0.737182,0.471207,0.499742,0.746956,0.604498,0.657458,0.739258,0.543249,0.663148,0.406076,0.742491,0.473830
0.507279,0.538857,0.475761,0.345967,0.630957,0.249493,0.128940,0.576750,0.560111,0.624160,0.450331,0.464731,0.560636,0.592538,0.701463,0.561313,0.701646,0.000000,0.796574,0.470075,0.391401,0.553548,0.763631,0.690481,0.608577,0.568578,0.660997,0.644429,0.712936,0.715475,0.620162,0.595444,0.732482,0.684266,0.670237,0.599088,0.783924,0.571570,0.617440,0.572992,0.616524,0.769011,0.760452,0.551658,0.523801,0.755904,0.634198,0.521595,0.662517,0.515074,0.638621,0.671233,0.464733,0.579809,0.705833,0.540166,0.760494,0.553432,0.467613,0.683871,0.532087,0.615689,0.645411,0.641903,0.710795,0.497201,0.625813,0.651114,0.605415,0.628833,0.654995,0.710280,0.580465,0.691938,0.531566,0.654328,0.745168,0.811297,0.692352,0.668478,0.640047,0.655382,0.519145,0.641771,0.688805,0.744089,0.631021,0.538981,0.620490,0.629069,0.702678,0.752299,0.536839,0.678698,0.636499,0.598677,0.741487,0.576465,0.784606,0.435917,0.695068
0.510038,0.624778,0.818220,0.711840,0.678658,0.716217,0.741114,0.644409,0.783524,0.734047,0.818071,0.751195,0.767777,0.861230,0.658044,0.544946,0.750166,0.796574,0.000000,0.799596,0.674111,0.760018,0.740066,0.858456,0.796966,0.689494,0.773707,0.750052,0.849437,0.859091,0.790924,0.822511,0.657262,0.654694,0.800391,0.690700,0.827434,0.808128,0.791237,0.877092,0.802695,0.623277,0.872047,0.838150,0.855257,0.851760,0.807077,0.862459,0.778983,0.849282,0.725831,0.652263,0.643939,0.508564,0.798546,0.637970,0.733281,0.570667,0.698573,0.764257,0.807341,0.869254,0.810554,0.812813,0.697851,0.751876,0.884105,0.804355,0.859750,0.619414,0.459540,0.814486,0.735019,0.879618,0.863619,0.787627,0.843154,0.562212,0.805258,0.657320,0.815020,0.785358,0.757174,0.855148,0.829137,0.807421,0.864380,0.847065,0.816527,0.668402,0.894141,0.798788,0.705370,0.764548,0.898810,0.719883,0.831822,0.819342,0.874388,0.788303,0.874213
0.513909,0.463621,0.531768,0.291729,0.694495,0.462381,0.457846,0.518948,0.526545,0.671515,0.362238,0.386221,0.368132,0.476946,0.735077,0.522600,0.609311,0.470075,0.799596,0.000000,0.484445,0.484930,0.680854,0.583568,0.725631,0.588324,0.721650,0.557924,0.677348,0.764457,0.700272,0.663162,0.832182,0.681035,0.741026,0.653496,0.733328,0.501015,0.696891,0.536864,0.609536,0.718232,0.724452,0.510399,0.523571,0.725882,0.570234,0.419797,0.693815,0.463297,0.643543,0.681511,0.544241,0.616432,0.780937,0.569739,0.715761,0.539883,0.550601,0.633441,0.495297,0.564205,0.769232,0.734516,0.715087,0.576899,0.618059,0.611883,0.606516,0.618103,0.722459,0.674865,0.516671,0.669445,0.495190,0.762002,0.703710,0.766406,0.576649,0.636510,0.766750,0.531835,0.542749,0.625684,0.792339,0.724775,0.572206,0.680644,0.757591,0.721160,0.558274,0.747757,0.592865,0.546845,0.366908,0.589889,0.735100,0.676493,0.725014,0.627117,0.619198
0.515800,0.532690,0.611414,0.432083,0.691164,0.228084,0.366366,0.201097,0.591044,0.682256,0.529145,0.469749,0.565700,0.620260,0.741576,0.563305,0.711187,0.391401,0.674111,0.484445,0.000000,0.528249,0.780884,0.690273,0.742971,0.572001,0.709378,0.654095,0.716285,0.820735,0.718951,0.648536,0.772782,0.535059,0.736069,0.618486,0.738722,0.476875,0.702501,0.705212,0.490700,0.671170,0.858831,0.612744,0.599211,0.791117,0.496706,0.555857,0.677422,0.585947,0.608327,0.612563,0.406563,0.487257,0.723834,0.488063,0.675562,0.393892,0.574178,0.653704,0.440429,0.664532,0.684830,0.694193,0.684810,0.540944,0.638167,0.592075,0.750489,0.642424,0.608913,0.784455,0.507290,0.733787,0.587139,0.698241,0.712132,0.653718,0.683283,0.564055,0.726229,0.684302,0.302636,0.712425,0.824712,0.774286,0.659048,0.702775,0.699048,0.556298,0.724144,0.759319,0.544591,0.599237,0.583762,0.557727,0.771302,0.633550,0.858966,0.526179,0.740388
0.516569,0.426582,0.457451,0.408650,0.662108,0.495907,0.500321,0.575551,0.576535,0.617515,0.502637,0.382413,0.452314,0.654601,0.567187,0.526558,0.660248,0.553548,0.760018,0.484930,0.528249,0.000000,0.694017,0.567384,0.658825,0.536525,0.641540,0.626987,0.615991,0.651670,0.700977,0.652210,0.716374,0.718197,0.722634,0.633826,0.626485,0.489941,0.651678,0.453768,0.541915,0.675575,0.543764,0.674543,0.638715,0.679175,0.602167,0.463386,0.615842,0.571117,0.618424,0.684152,0.455084,0.600279,0.533351,0.551259,0.508205,0.583721,0.511109,0.446268,0.575306,0.612240,0.709793,0.676988,0.734196,0.411506,0.667033,0.683052,0.518883,0.510845,0.677618,0.617024,0.260708,0.513105,0.611856,0.564747,0.467098,0.772949,0.540594,0.580759,0.519703,0.444558,0.638415,0.512663,0.654850,0.666638,0.407457,0.488485,0.593149,0.726357,0.467054,0.716523,0.629426,0.367296,0.607529,0.560670,0.588184,0.680179,0.579970,0.686131,0.597698
0.518638,0.576306,0.575375,0.695405,0.551331,0.771850,0.741704,0.717526,0.707038,0.613736,0.767605,0.706624,0.537055,0.761343,0.386552,0.561057,0.241383,0.763631,0.740066,0.680854,0.780884,0.694017,0.000000,0.586758,0.608890,0.674058,0.631279,0.181642,0.656104,0.620110,0.656261,0.666162,0.686512,0.628061,0.673726,0.696340,0.495910,0.665782,0.633004,0.532144,0.671720,0.531051,0.463095,0.773351,0.755145,0.497621,0.756726,0.775514,0.533132,0.725828,0.576631,0.688273,0.729761,0.772229,0.497688,0.653374,0.455157,0.765998,0.577130,0.625113,0.722916,0.721884,0.653735,0.643113,0.606905,0.678106,0.679779,0.740365,0.553750,0.695882,0.734821,0.648004,0.770721,0.535868,0.799730,0.581390,0.441066,0.727335,0.643927,0.616205,0.490856,0.586659,0.786634,0.547669,0.573801,0.634942,0.610632,0.604231,0.628232,0.740404,0.424152,0.388579,0.702727,0.518790,0.748247,0.716527,0.488500,0.693870,0.339083,0.795042,0.528179
0.519049,0.528875,0.569164,0.592543,0.558950,0.679683,0.641905,0.603383,0.644799,0.609828,0.612133,0.548181,0.549609,0.493827,0.587237,0.682678,0.670746,0.690481,0.858456,0.583568,0.690273,0.567384,0.586758,0.000000,0.600118,0.704389,0.650087,0.622474,0.639173,0.566193,0.594643,0.691928,0.615265,0.631787,0.685043,0.740223,0.603739,0.590847,0.592489,0.511345,0.654657,0.695955,0.514790,0.544138,0.627729,0.660139,0.639939,0.600636,0.572996,0.542368,0.698010,0.712593,0.743724,0.812147,0.573767,0.646945,0.648597,0.807135,0.673574,0.767751,0.602839,0.509271,0.640196,0.639606,0.701947,0.716830,0.621547,0.679424,0.530273,0.632901,0.834877,0.486481,0.690547,0.607839,0.607682,0.606319,0.492918,0.850664,0.594254,0.712196,0.540141,0.526676,0.630977,0.556279,0.594845,0.634773,0.455152,0.487607,0.632165,0.728917,0.437151,0.571406,0.658729,0.648455,0.587613,0.706798,0.600594,0.717202,0.591167,0.749109,0.454617
0.520562,0.501046,0.450320,0.605631,0.565474,0.656621,0.502303,0.739885,0.672989,0.534786,0.666318,0.590384,0.698649,0.593202,0.630775,0.608388,0.595337,0.608577,0.796966,0.725631,0.742971,0.658825,0.608890,0.600118,0.000000,0.733124,0.397469,0.648221,0.633405,0.494270,0.134745,0.298480,0.740571,0.732793,0.437302,0.786547,0.563721,0.697641,0.159610,0.525881,0.685474,0.672901,0.397255,0.591896,0.644565,0.624041,0.778543,0.661499,0.649770,0.557958,0.713279,0.708072,0.766297,0.808112,0.573633,0.719311,0.604170,0.793032,0.681072,0.727501,0.704478,0.522358,0.276811,0.264447,0.783174,0.642110,0.633044,0.710000,0.508569,0.773830,0.845141,0.655706,0.683368,0.576381,0.624094,0.566325,0.606307,0.800213,0.665370,0.744336,0.503599,0.611235,0.711511,0.554432,0.518325,0.406389,0.618671,0.461558,0.407091,0.764597,0.584847,0.661917,0.698005,0.699656,0.730749,0.730241,0.620333,0.299488,0.551041,0.579357,0.392312
0.520607,0.497198,0.638936,0.524008,0.583094,0.508349,0.522171,0.699931,0.541698,0.631638,0.644945,0.597904,0.559665,0.782784,0.616746,0.430467,0.652290,0.568578,0.689494,0.588324,0.572001,0.536525,0.674058,0.704389,0.733124,0.000000,0.722102,0.661453,0.760148,0.785772,0.784896,0.765722,0.523598,0.549872,0.759588,0.173110,0.729487,0.626432,0.802608,0.652479,0.653575,0.576159,0.779682,0.800942,0.724715,0.701327,0.763155,0.538593,0.626160,0.718090,0.578008,0.565062,0.283380,0.516296,0.680871,0.402851,0.701950,0.456876,0.524522,0.664565,0.760488,0.829352,0.857280,0.821168,0.373561,0.434344,0.786578,0.678646,0.673029,0.462638,0.564016,0.613952,0.583388,0.720923,0.748727,0.712435,0.598765,0.691290,0.531654,0.518039,0.684617,0.518282,0.762431,0.678459,0.757479,0.717607,0.514555,0.592783,0.630803,0.465767,0.659379,0.655204,0.496431,0.535691,0.721101,0.365337,0.669420,0.790132,0.746802,0.645601,0.753410
0.522875,0.418601,0.395057,0.553879,0.481703,0.650496,0.605990,0.699815,0.670187,0.407663,0.607523,0.551863,0.711475,0.625198,0.555669,0.624087,0.519253,0.660997,0.773707,0.721650,0.709378,0.641540,0.631279,0.650087,0.397469,0.722102,0.000000,0.650976,0.535711,0.520198,0.422247,0.479532,0.749946,0.598105,0.123000,0.748154,0.586487,0.698782,0.380996,0.588974,0.659214,0.669287,0.440675,0.612422,0.655336,0.626376,0.729566,0.628292,0.608131,0.584129,0.633895,0.605481,0.692958,0.754950,0.558175,0.703222,0.560295,0.787618,0.597844,0.740928,0.688980,0.586719,0.512459,0.455581,0.713765,0.606496,0.661465,0.696739,0.556345,0.765582,0.788217,0.633764,0.661093,0.631314,0.594563,0.560596,0.600526,0.802910,0.705901,0.679929,0.569949,0.555344,0.665614,0.536484,0.573359,0.287892,0.620818,0.528575,0.528278,0.665277,0.551456,0.667571,0.758555,0.724718,0.705923,0.732555,0.645370,0.504777,0.517193,0.732858,0.503709
0.524212,0.548727,0.555045,0.581620,0.557480,0.662491,0.624861,0.606836,0.655379,0.588555,0.657122,0.602118,0.466652,0.695798,0.442779,0.508844,0.168819,0.644429,0.750052,0.557924,0.654095,0.626987,0.181642,0.622474,0.648221,0.661453,0.650976,0.000000,0.623225,0.671533,0.662644,0.631728,0.764003,0.608930,0.636154,0.721773,0.524784,0.606944,0.676028,0.485297,0.589739,0.530826,0.588918,0.723998,0.706742,0.526827,0.664908,0.720981,0.530319,0.632151,0.613341,0.631837,0.661898,0.696797,0.543383,0.666046,0.533897,0.681102,0.471630,0.614482,0.579925,0.701198,0.685712,0.682638,0.643231,0.650333,0.575123,0.751603,0.580423,0.728594,0.750810,0.757680,0.659975,0.564475,0.691259,0.546386,0.557010,0.791256,0.695786,0.568612,0.530650,0.660608,0.670283,0.541375,0.615771,0.668180,0.666051,0.667129,0.657959,0.741252,0.487516,0.506485,0.698252,0.573577,0.644158,0.734139,0.537509,0.666153,0.413749,0.751207,0.526661
0.525756,0.485268,0.483163,0.585931,0.400784,0.710857,0.704530,0.634713,0.682464,0.452095,0.581188,0.604659,0.698520,0.483459,0.643187,0.753506,0.599176,0.712936,0.849437,0.677348,0.716285,0.615991,0.656104,0.639173,0.633405,0.760148,0.535711,0.623225,0.000000,0.422991,0.629427,0.590649,0.770522,0.531642,0.492704,0.793926,0.446319,0.655361,0.606670,0.628824,0.645666,0.679285,0.543973,0.519805,0.634292,0.430938,0.587557,0.693937,0.671020,0.644437,0.576504,0.626957,0.751035,0.797685,0.600943,0.794630,0.472848,0.780518,0.721883,0.667835,0.539678,0.473908,0.618569,0.616890,0.766863,0.680887,0.524797,0.645714,0.688850,0.902547,0.867611,0.737602,0.626703,0.506512,0.513541,0.604377,0.606552,0.873941,0.735570,0.674316,0.649746,0.720266,0.598876,0.694412,0.658527,0.537133,0.715435,0.713079,0.565351,0.641908,0.641400,0.694176,0.711297,0.767457,0.662334,0.772080,0.591932,0.679428,0.509824,0.727368,0.620014
0.525933,0.525892,0.498587,0.650989,0.492529,0.725262,0.673228,0.771769,0.743002,0.481420,0.667804,0.679530,0.740265,0.617292,0.562144,0.799584,0.638130,0.715475,0.859091,0.764457,0.820735,0.651670,0.620110,0.566193,0.494270,0.785772,0.520198,0.671533,0.422991,0.000000,0.512170,0.572071,0.654900,0.691953,0.525673,0.791706,0.462397,0.728702,0.496418,0.513749,0.714932,0.709532,0.367243,0.631256,0.609043,0.472949,0.729053,0.702549,0.692452,0.577912,0.516028,0.702790,0.848647,0.882582,0.565271,0.749797,0.527393,0.877129,0.729726,0.761066,0.729802,0.448876,0.570289,0.550640,0.721016,0.649067,0.629636,0.721456,0.507466,0.822219,0.892542,0.675444,0.725576,0.526594,0.588466,0.563278,0.540169,0.886743,0.697426,0.786078,0.566657,0.697986,0.695357,0.604037,0.553267,0.501235,0.685164,0.525637,0.551557,0.744302,0.599836,0.651297,0.742594,0.751947,0.782033,0.808187,0.564708,0.656669,0.543039,0.756245,0.568052
0.526644,0.518896,0.490161,0.589366,0.561020,0.642967,0.516813,0.705748,0.685210,0.544494,0.631144,0.572570,0.726198,0.493899,0.658728,0.647582,0.599295,0.620162,0.790924,0.700272,0.718951,0.700977,0.656261,0.594643,0.134745,0.784896,0.422247,0.662644,0.629427,0.512170,0.000000,0.326627,0.755850,0.739285,0.442644,0.822111,0.618096,0.730920,0.116765,0.571356,0.696882,0.657078,0.463378,0.495110,0.544682,0.672622,0.698679,0.626233,0.644509,0.514116,0.768486,0.770594,0.780341,0.843965,0.665492,0.732871,0.670298,0.824396,0.680641,0.810566,0.668571,0.437411,0.249593,0.253230,0.802896,0.693828,0.594811,0.748503,0.565842,0.807038,0.856309,0.662496,0.705063,0.630546,0.540029,0.618580,0.703909,0.822403,0.742769,0.714586,0.558777,0.680147,0.663789,0.616531,0.626733,0.438651,0.685518,0.477961,0.465881,0.803607,0.683616,0.732386,0.638139,0.780276,0.719184,0.772395,0.732039,0.324065,0.615896,0.535441,0.447385
0.527611,0.555782,0.406131,0.571842,0.651430,0.615554,0.560879,0.656029,0.670222,0.618781,0.612115,0.550871,0.745094,0.537493,0.665061,0.617727,0.634301,0.595444,0.822511,0.663162,0.648536,0.652210,0.666162,0.691928,0.298480,0.765722,0.479532,0.631728,0.590649,0.572071,0.326627,0.000000,0.834392,0.722710,0.513518,0.785302,0.533090,0.720304,0.326215,0.533031,0.667013,0.692050,0.472190,0.541684,0.604137,0.619650,0.705057,0.616500,0.589490,0.514737,0.735715,0.746524,0.739836,0.800674,0.542792,0.740975,0.608698,0.778815,0.661132,0.626519,0.614895,0.543673,0.347465,0.313692,0.755185,0.644750,0.595538,0.690122,0.540081,0.788585,0.803723,0.697951,0.665580,0.562147,0.639948,0.542381,0.689576,0.799523,0.723196,0.693477,0.544346,0.663524,0.582837,0.603812,0.547833,0.509169,0.596777,0.529697,0.502943,0.802745,0.652814,0.756625,0.625251,0.684685,0.702167,0.713720,0.584104,0.186620,0.607348,0.617562,0.488487
0.529201,0.590602,0.679689,0.733219,0.573429,0.680564,0.645190,0.780565,0.817835,0.635519,0.798388,0.759312,0.716557,0.823241,0.562325,0.654722,0.763328,0.732482,0.657262,0.832182,0.772782,0.716374,0.686512,0.615265,0.740571,0.523598,0.749946,0.764003,0.770522,0.654900,0.755850,0.834392,0.000000,0.691077,0.776029,0.560046,0.761771,0.751234,0.762646,0.637785,0.730568,0.659820,0.696516,0.841655,0.668762,0.735974,0.721838,0.724196,0.729436,0.714653,0.567172,0.704590,0.699036,0.729499,0.638691,0.492775,0.700813,0.757595,0.733503,0.765334,0.880768,0.807637,0.822860,0.780064,0.548167,0.695463,0.844518,0.769148,0.574855,0.654806,0.615119,0.597687,0.788669,0.782900,0.787852,0.671329,0.597748,0.662200,0.621846,0.704333,0.631801,0.611466,0.792819,0.588457,0.699700,0.760136,0.641656,0.584703,0.696898,0.580863,0.663310,0.691195,0.652460,0.633797,0.859835,0.609195,0.737303,0.842206,0.771038,0.749947,0.824777
0.529467,0.580201,0.644866,0.663471,0.416399,0.644560,0.674233,0.525113,0.703523,0.496002,0.698351,0.656389,0.661901,0.721489,0.617384,0.627031,0.579297,0.684266,0.654694,0.681035,0.535059,0.718197,0.628061,0.631787,0.732793,0.549872,0.598105,0.608930,0.531642,0.691953,0.739285,0.722710,0.691077,0.000000,0.617871,0.584880,0.659104,0.700431,0.737561,0.704565,0.611893,0.599153,0.694362,0.749727,0.733760,0.556002,0.694751,0.712399,0.573542,0.702396,0.642366,0.576887,0.559986,0.687815,0.639417,0.689006,0.654496,0.599909,0.610490,0.710340,0.587103,0.669456,0.744605,0.737489,0.553910,0.664266,0.695398,0.644919,0.740934,0.684584,0.621156,0.755729,0.715208,0.706240,0.708554,0.677441,0.596631,0.680857,0.729302,0.604274,0.742224,0.730746,0.621387,0.699702,0.755721,0.640936,0.665691,0.694464,0.615890,0.482321,0.645972,0.554710,0.619862,0.762406,0.712480,0.640311,0.697779,0.726385,0.636171,0.722211,0.673600
0.531518,0.513334,0.492689,0.648911,0.493090,0.685827,0.632746,0.720959,0.712916,0.508926,0.625914,0.590627,0.756229,0.592547,0.658052,0.665715,0.585254,0.670237,0.800391,0.741026,0.736069,0.722634,0.673726,0.685043,0.437302,0.759588,0.123000,0.636154,0.492704,0.525673,0.442644,0.513518,0.776029,0.617871,0.000000,0.766196,0.570316,0.742680,0.463509,0.635400,0.710360,0.697392,0.525484,0.651783,0.616120,0.604082,0.673436,0.693853,0.611816,0.633280,0.693789,0.677650,0.727782,0.783769,0.598752,0.766711,0.578246,0.782264,0.668754,0.753121,0.714083,0.573751,0.524907,0.537295,0.714912,0.673056,0.625445,0.702941,0.680198,0.817581,0.816280,0.689064,0.742039,0.635393,0.654444,0.596440,0.670654,0.816439,0.772952,0.702864,0.623353,0.657080,0.667448,0.610751,0.562688,0.404625,0.720042,0.605534,0.588907,0.716148,0.652263,0.714960,0.742605,0.790079,0.678084,0.763086,0.682602,0.518569,0.562596,0.736327,0.567947
0.531734,0.552861,0.700013,0.594352,0.652936,0.533646,0.580392,0.772434,0.666881,0.702817,0.712763,0.656922,0.619554,0.823688,0.681753,0.451784,0.734152,0.599088,0.690700,0.653496,0.618486,0.633826,0.696340,0.740223,0.786547,0.173110,0.748154,0.721773,0.793926,0.791706,0.822111,0.785302,0.560046,0.584880,0.766196,0.000000,0.773779,0.678335,0.819819,0.729864,0.711940,0.622633,0.817973,0.805305,0.749527,0.723605,0.765875,0.578672,0.686898,0.810582,0.622453,0.673811,0.301486,0.540664,0.776363,0.517510,0.706819,0.482120,0.572521,0.718462,0.801459,0.838184,0.896172,0.867692,0.249960,0.482719,0.799101,0.681300,0.740898,0.548350,0.580586,0.580651,0.666722,0.788045,0.772155,0.801838,0.646963,0.670892,0.638845,0.517263,0.747760,0.507721,0.814033,0.781830,0.750339,0.741933,0.619190,0.610561,0.689038,0.522470,0.760623,0.657632,0.503450,0.612929,0.739358,0.397000,0.731083,0.811203,0.784524,0.648852,0.842272
0.534352,0.532221,0.478575,0.710035,0.543921,0.756536,0.740664,0.669127,0.730776,0.578948,0.733350,0.708552,0.715043,0.642853,0.591222,0.781654,0.543131,0.783924,0.827434,0.733328,0.738722,0.626485,0.495910,0.603739,0.563721,0.729487,0.586487,0.524784,0.446319,0.462397,0.618096,0.533090,0.761771,0.659104,0.570316,0.773779,0.000000,0.649445,0.629028,0.545815,0.682485,0.710022,0.436475,0.671135,0.754983,0.289574,0.711777,0.746553,0.575982,0.695101,0.553550,0.580563,0.775785,0.833481,0.447572,0.772452,0.383827,0.770788,0.697293,0.673536,0.662490,0.622755,0.571389,0.567417,0.715815,0.692092,0.605175,0.636741,0.582211,0.810763,0.864943,0.698466,0.710091,0.443429,0.699746,0.503822,0.466976,0.835864,0.701298,0.770863,0.586891,0.750498,0.650419,0.577452,0.521463,0.615155,0.640314,0.697716,0.567145,0.717985,0.528251,0.514767,0.728111,0.648122,0.775605,0.831437,0.378310,0.623893,0.389531,0.773385,0.520945
0.534459,0.549753,0.661957,0.543880,0.685008,0.527339,0.531801,0.550372,0.577757,0.682495,0.637258,0.538974,0.456917,0.727253,0.666378,0.644568,0.645269,0.571570,0.808128,0.501015,0.476875,0.489941,0.665782,0.590847,0.697641,0.626432,0.698782,0.606944,0.655361,0.728702,0.730920,0.720304,0.751234,0.700431,0.742680,0.678335,0.649445,0.000000,0.735679,0.648278,0.558721,0.665617,0.766566,0.725834,0.738701,0.768229,0.670668,0.624854,0.732768,0.671233,0.562411,0.662770,0.529338,0.536245,0.731843,0.570535,0.597608,0.570634,0.565010,0.630844,0.554347,0.674601,0.704961,0.729240,0.710042,0.542048,0.716965,0.632045,0.703869,0.709276,0.700321,0.715679,0.567565,0.709125,0.647651,0.771446,0.617766,0.756043,0.561807,0.583313,0.700360,0.579136,0.688199,0.681255,0.766326,0.770674,0.648655,0.710626,0.729985,0.695535,0.608213,0.677226,0.674609,0.584817,0.592129,0.663357,0.747155,0.727278,0.709545,0.706818,0.662934
0.534825,0.465686,0.402255,0.535341,0.545950,0.617164,0.518491,0.704300,0.671869,0.462707,0.631378,0.544446,0.679099,0.534607,0.589260,0.631526,0.578208,0.617440,0.791237,0.696891,0.702501,0.651678,0.633004,0.592489,0.159610,0.802608,0.380996,0.676028,0.606670,0.496418,0.116765,0.326215,0.762646,0.737561,0.463509,0.819819,0.629028,0.735679,0.000000,0.543354,0.693986,0.676736,0.401060,0.483339,0.560452,0.688389,0.731791,0.591120,0.674649,0.507714,0.700850,0.722587,0.759173,0.838368,0.639029,0.693288,0.642575,0.817437,0.653814,0.778330,0.661724,0.461055,0.273693,0.211356,0.816253,0.643711,0.646048,0.757183,0.482915,0.788759,0.837650,0.642634,0.669274,0.640122,0.524971,0.613603,0.646266,0.810585,0.694864,0.719966,0.546301,0.614130,0.635577,0.613057,0.626562,0.376095,0.643211,0.432613,0.409327,0.803401,0.615660,0.719589,0.646478,0.725522,0.711629,0.752064,0.714279,0.371242,0.592044,0.511014,0.451879
0.536565,0.471718,0.419751,0.477854,0.534676,0.596687,0.526073,0.664407,0.636903,0.517211,0.495317,0.468920,0.482151,0.562559,0.436937,0.592403,0.532079,0.572992,0.877092,0.536864,0.705212,0.453768,0.532144,0.511345,0.525881,0.652479,0.588974,0.485297,0.628824,0.513749,0.571356,0.533031,0.637785,0.704565,0.635400,0.729864,0.545815,0.648278,0.543354,0.000000,0.623911,0.676783,0.375769,0.605375,0.555339,0.552718,0.622056,0.556942,0.521589,0.365717,0.557779,0.704527,0.696417,0.773047,0.413262,0.617083,0.499988,0.731820,0.558827,0.577167,0.675944,0.548425,0.650031,0.609761,0.690613,0.515464,0.590527,0.702643,0.109232,0.627827,0.817339,0.609775,0.570986,0.474593,0.561562,0.429967,0.436371,0.810535,0.523460,0.687625,0.421826,0.506710,0.647004,0.385068,0.390501,0.558757,0.446936,0.394964,0.538386,0.792587,0.345601,0.594751,0.599256,0.483142,0.670717,0.704482,0.442977,0.597760,0.510238,0.678376,0.494640
0.536594,0.548875,0.549661,0.534917,0.563170,0.591571,0.606464,0.455654,0.580777,0.565131,0.623902,0.633541,0.518982,0.619179,0.654048,0.647212,0.607941,0.616524,0.802695,0.609536,0.490700,0.541915,0.671720,0.654657,0.685474,0.653575,0.659214,0.589739,0.645666,0.714932,0.696882,0.667013,0.730568,0.611893,0.710360,0.711940,0.682485,0.558721,0.693986,0.623911,0.000000,0.634154,0.707230,0.645355,0.644144,0.710953,0.633493,0.686433,0.629861,0.616298,0.696042,0.709291,0.586060,0.710397,0.672163,0.669648,0.695149,0.662931,0.553589,0.650438,0.441301,0.650884,0.655753,0.640175,0.783800,0.639996,0.625045,0.688859,0.621272,0.687140,0.745051,0.779037,0.488921,0.622829,0.584046,0.607118,0.709226,0.758819,0.639880,0.587010,0.604693,0.725873,0.603460,0.528354,0.736413,0.696974,0.570602,0.632139,0.656813,0.659837,0.563058,0.799933,0.673825,0.654251,0.605233,0.690928,0.680276,0.627978,0.681615,0.752917,0.576755
0.536656,0.541164,0.699324,0.662276,0.642963,0.698265,0.693115,0.635071,0.670807,0.657661,0.735055,0.698851,0.641330,0.738244,0.474389,0.519887,0.455605,0.769011,0.623277,0.718232,0.671170,0.675575,0.531051,0.695955,0.672901,0.576159,0.669287,0.530826,0.679285,0.709532,0.657078,0.692050,0.659820,0.599153,0.697392,0.622633,0.710022,0.665617,0.676736,0.676783,0.634154,0.000000,0.705924,0.739413,0.711850,0.702008,0.735448,0.706169,0.641068,0.770496,0.634964,0.712398,0.635158,0.653893,0.665798,0.547383,0.571679,0.685060,0.522229,0.686132,0.712913,0.718042,0.690583,0.691343,0.577274,0.651814,0.713361,0.707850,0.694581,0.729698,0.516077,0.673985,0.655729,0.665387,0.784137,0.638034,0.598571,0.686034,0.713231,0.334425,0.573881,0.650883,0.733412,0.612636,0.692274,0.669561,0.699234,0.672785,0.721954,0.684437,0.608191,0.565502,0.613923,0.610755,0.740088,0.604981,0.700939,0.665057,0.614925,0.824420,0.569708
0.537478,0.477988,0.372925,0.636561,0.524027,0.783846,0.711538,0.759013,0.717731,0.438582,0.695367,0.647672,0.681653,0.623019,0.465604,0.690634,0.527150,0.760452,0.872047,0.724452,0.858831,0.543764,0.463095,0.514790,0.397255,0.779682,0.440675,0.588918,0.543973,0.367243,0.463378,0.472190,0.696516,0.694362,0.525484,0.817973,0.436475,0.766566,0.401060,0.375769,0.707230,0.705924,0.000000,0.634082,0.707013,0.456722,0.762102,0.692735,0.549454,0.566914,0.645320,0.727897,0.809261,0.911370,0.397422,0.737242,0.452113,0.874519,0.673754,0.612769,0.726022,0.463267,0.550360,0.501022,0.728870,0.651276,0.626030,0.717027,0.334098,0.698322,0.892528,0.613386,0.667876,0.407891,0.626024,0.494299,0.381718,0.832122,0.624025,0.774675,0.462570,0.576383,0.719143,0.444200,0.416143,0.354921,0.471818,0.426846,0.484364,0.791116,0.383445,0.541664,0.749483,0.543141,0.751233,0.779899,0.401327,0.537078,0.303994,0.760122,0.444756
0.539000,0.487156,0.417100,0.319526,0.607664,0.552428,0.538228,0.508485,0.573027,0.546093,0.294209,0.414307,0.680360,0.115265,0.723095,0.707619,0.650450,0.551658,0.838150,0.510399,0.612744,0.674543,0.773351,0.544138,0.591896,0.800942,0.612422,0.723998,0.519805,0.631256,0.495110,0.541684,0.841655,0.749727,0.651783,0.805305,0.671135,0.725834,0.483339,0.605375,0.645355,0.739413,0.634082,0.000000,0.395914,0.723451,0.497106,0.451360,0.630531,0.328468,0.762771,0.713686,0.756893,0.830467,0.654194,0.758990,0.706114,0.751281,0.703546,0.855246,0.463612,0.285577,0.581261,0.520930,0.819132,0.735634,0.477030,0.691770,0.555471,0.848879,0.905718,0.698655,0.595320,0.552135,0.253590,0.531620,0.794145,0.840744,0.817750,0.718305,0.685890,0.709249,0.418694,0.617057,0.727886,0.614780,0.724074,0.638527,0.672895,0.783918,0.635603,0.805985,0.635852,0.831789,0.522691,0.845148,0.719081,0.615748,0.699290,0.565235,0.589748
