0.000000,0.303643,0.334501,0.343179,0.387156,0.395867,0.402324,0.442456,0.464042,0.485137,0.487330,0.495577,0.495704,0.495927,0.504227,0.504795,0.507214,0.507279,0.510038,0.513909,0.515800,0.516569,0.518638,0.519049,0.520562,0.520607,0.522875,0.524212,0.525756,0.525933,0.526644,0.527611,0.529201,0.529467,0.531518,0.531734,0.534352,0.534459,0.534825,0.536565,0.536594,0.536656,0.537478,0.539000,0.539004,0.539585,0.540079,0.540183,0.540849,0.540900,0.547228,0.548586,0.549042,0.549134,0.549320,0.550275,0.550352,0.551426,0.551988,0.553461,0.553615,0.553622,0.554527,0.556340,0.556712,0.556772,0.556856,0.557360,0.557752,0.558478,0.558524,0.558846,0.559959,0.560602,0.561908,0.562119,0.562282,0.564073,0.564177,0.564217,0.564722,0.564766,0.564970,0.565173,0.566194,0.566387,0.566497,0.566753,0.566817,0.567137,0.568043,0.568100,0.568211,0.568246,0.568658,0.568924,0.568996,0.569166,0.569600,0.570105,0.570107,0.570407,0.570635,0.570677,0.571242,0.571621,0.571643,0.571645,0.571834,0.572023,0.572777,0.573210,0.573275,0.573390,0.573817,0.574082,0.574933,0.575152,0.575388,0.575576,0.575627,0.575720,0.576015,0.576099,0.576197,0.576692,0.577074,0.577130,0.578164,0.578372,0.578483,0.578708,0.579330,0.579476,0.579524,0.579678,0.579834,0.579933,0.579961,0.580003,0.580157,0.580504,0.581073,0.582255,0.582572,0.582735,0.582885,0.583018,0.583159,0.583181,0.583239,0.583591,0.583780,0.584145,0.584189,0.584505,0.584617,0.584679,0.584738,0.585199,0.585384,0.585479,0.585483,0.586096,0.586171,0.586248,0.586325,0.586341,0.586819,0.588003,0.588253,0.588647,0.588671,0.588740,0.589000,0.589073,0.589188,0.589547,0.589614,0.589870,0.589960,0.590017,0.590120,0.590219,0.590298,0.590705,0.591118,0.591639,0.591644,0.591936,0.591946,0.592014,0.592687,0.592983,0.593004,0.593016,0.593170,0.593886,0.594055,0.594123,0.594788
0.303643,0.000000,0.323007,0.300267,0.415705,0.490445,0.445556,0.481718,0.522525,0.420187,0.411902,0.399785,0.471742,0.476365,0.445387,0.395197,0.493477,0.538857,0.624778,0.463621,0.532690,0.426582,0.576306,0.528875,0.501046,0.497198,0.418601,0.548727,0.485268,0.525892,0.518896,0.555782,0.590602,0.580201,0.513334,0.552861,0.532221,0.549753,0.465686,0.471718,0.548875,0.541164,0.477988,0.487156,0.506836,0.531729,0.570133,0.452812,0.556828,0.499199,0.504391,0.512237,0.514462,0.621188,0.504962,0.526397,0.502982,0.611576,0.458494,0.634730,0.552191,0.505196,0.616564,0.558818,0.577086,0.478463,0.553917,0.624364,0.491891,0.594119,0.631783,0.512276,0.459276,0.495905,0.461040,0.475943,0.507660,0.699671,0.510508,0.541572,0.529489,0.438797,0.533353,0.480900,0.596446,0.440508,0.514954,0.505647,0.487467,0.589091,0.465642,0.617992,0.523324,0.520861,0.551518,0.601338,0.521737,0.595896,0.541520,0.621099,0.547619,0.621736,0.499527,0.688353,0.655194,0.517424,0.593957,0.499470,0.516815,0.535566,0.583385,0.499726,0.542773,0.491993,0.564887,0.480579,0.544775,0.551440,0.500548,0.512431,0.569131,0.562372,0.581657,0.537475,0.660923,0.554828,0.567021,0.578251,0.480050,0.491372,0.615196,0.532503,0.542070,0.609068,0.598956,0.530150,0.580342,0.551068,0.474338,0.612916,0.569434,0.486366,0.584657,0.616019,0.608232,0.532758,0.727949,0.524895,0.669063,0.608234,0.630044,0.555743,0.631562,0.513015,0.539150,0.525310,0.538526,0.532809,0.561415,0.518786,0.562094,0.528475,0.684802,0.570721,0.558098,0.656066,0.666379,0.588038,0.622121,0.636088,0.548769,0.598293,0.495130,0.577688,0.606213,0.647024,0.500822,0.584671,0.593254,0.613291,0.501664,0.583194,0.556303,0.552936,0.597742,0.584752,0.679745,0.615589,0.573400,0.562902,0.560319,0.586517,0.604640,0.478559,0.679867,0.640507,0.602285,0.535535,0.567721,0.536583,0.493636
0.334501,0.323007,0.000000,0.297537,0.493664,0.462836,0.389564,0.562769,0.511205,0.364115,0.421397,0.418149,0.585443,0.440955,0.566969,0.612795,0.479556,0.475761,0.818220,0.531768,0.611414,0.457451,0.575375,0.569164,0.450320,0.638936,0.395057,0.555045,0.483163,0.498587,0.490161,0.406131,0.679689,0.644866,0.492689,0.700013,0.478575,0.661957,0.402255,0.419751,0.549661,0.699324,0.372925,0.417100,0.487640,0.509187,0.598893,0.504176,0.552269,0.402435,0.583456,0.527226,0.617489,0.762955,0.467360,0.605787,0.528313,0.710075,0.535398,0.591005,0.552541,0.487182,0.521283,0.423807,0.733328,0.560426,0.537908,0.675325,0.371120,0.691250,0.792007,0.601723,0.493928,0.465223,0.416681,0.439431,0.554743,0.775193,0.600240,0.707038,0.485647,0.564349,0.444150,0.441864,0.566329,0.442321,0.499839,0.484685,0.468679,0.651752,0.423959,0.680911,0.614220,0.550061,0.610885,0.677588,0.500714,0.504831,0.507345,0.551289,0.483986,0.573840,0.428266,0.740290,0.643218,0.511055,0.613953,0.575839,0.521431,0.513277,0.514175,0.536023,0.520034,0.621777,0.665492,0.438018,0.522005,0.566910,0.493237,0.470311,0.643576,0.595977,0.598324,0.575343,0.631806,0.433363,0.613919,0.556031,0.582563,0.485591,0.544212,0.668520,0.506493,0.605346,0.495648,0.540135,0.697635,0.548399,0.523866,0.594665,0.628359,0.654735,0.576771,0.570676,0.637449,0.533023,0.823640,0.539426,0.667952,0.650235,0.622964,0.559707,0.735742,0.536396,0.518994,0.461985,0.716293,0.676951,0.619270,0.573486,0.567310,0.721944,0.769257,0.628469,0.507547,0.654967,0.760672,0.723670,0.640288,0.804107,0.492256,0.557322,0.429148,0.671367,0.667885,0.632770,0.594657,0.650109,0.546821,0.545926,0.660824,0.537348,0.510382,0.401848,0.476528,0.658319,0.608575,0.631846,0.549846,0.614974,0.654729,0.520633,0.701251,0.472631,0.581678,0.707367,0.648249,0.566553,0.624679,0.543438,0.451943
0.343179,0.300267,0.297537,0.000000,0.523522,0.338879,0.301094,0.417919,0.429790,0.433867,0.220549,0.302277,0.432503,0.353858,0.610014,0.468067,0.535931,0.345967,0.711840,0.291729,0.432083,0.408650,0.695405,0.592543,0.605631,0.524008,0.553879,0.581620,0.585931,0.650989,0.589366,0.571842,0.733219,0.663471,0.648911,0.594352,0.710035,0.543880,0.535341,0.477854,0.534917,0.662276,0.636561,0.319526,0.421634,0.672909,0.494010,0.349852,0.615873,0.318074,0.610924,0.593306,0.464972,0.568692,0.647912,0.537715,0.670281,0.566248,0.425257,0.659313,0.440242,0.471784,0.671334,0.595194,0.694727,0.493454,0.533089,0.652266,0.446254,0.586977,0.669876,0.648661,0.376679,0.576729,0.267885,0.546440,0.717544,0.714829,0.593457,0.595126,0.656788,0.525802,0.404989,0.501091,0.733820,0.586258,0.540801,0.569161,0.607752,0.645184,0.521505,0.767132,0.551223,0.568362,0.453608,0.597346,0.688693,0.589351,0.681794,0.515706,0.577179,0.569941,0.506604,0.720176,0.573610,0.530346,0.479247,0.498860,0.608969,0.679528,0.480730,0.497727,0.454534,0.548919,0.526409,0.524031,0.585438,0.722410,0.380851,0.386387,0.452731,0.451870,0.722004,0.630163,0.659419,0.621570,0.724747,0.660954,0.376368,0.413728,0.510081,0.467006,0.663211,0.529667,0.596067,0.565602,0.481483,0.569844,0.475717,0.662724,0.776649,0.516350,0.599393,0.655675,0.558314,0.604092,0.731771,0.442216,0.698320,0.652786,0.607972,0.712929,0.678828,0.506287,0.387352,0.405554,0.641860,0.492769,0.419229,0.505945,0.579715,0.546595,0.781840,0.525318,0.476538,0.626396,0.665754,0.722751,0.647518,0.700082,0.716774,0.693457,0.581648,0.712734,0.688430,0.643680,0.493286,0.733946,0.633002,0.640963,0.478123,0.676394,0.610538,0.563055,0.548386,0.620415,0.684600,0.576989,0.660226,0.698531,0.597400,0.481692,0.641817,0.575010,0.650491,0.739096,0.758328,0.451506,0.626478,0.661678,0.588087
0.387156,0.415705,0.493664,0.523522,0.000000,0.662318,0.604731,0.574291,0.661124,0.169321,0.596371,0.619449,0.592792,0.576756,0.533802,0.647489,0.527622,0.630957,0.678658,0.694495,0.691164,0.662108,0.551331,0.558950,0.565474,0.583094,0.481703,0.557480,0.400784,0.492529,0.561020,0.651430,0.573429,0.416399,0.493090,0.652936,0.543921,0.685008,0.545950,0.534676,0.563170,0.642963,0.524027,0.607664,0.653860,0.402084,0.667926,0.724537,0.598087,0.591775,0.639965,0.508182,0.647518,0.725544,0.556154,0.715802,0.670604,0.696589,0.646278,0.713125,0.541450,0.549130,0.636992,0.598945,0.688538,0.616179,0.585516,0.671029,0.543084,0.745805,0.770501,0.720918,0.687907,0.601346,0.472615,0.596406,0.620745,0.763353,0.682644,0.672030,0.656244,0.661790,0.647490,0.603383,0.698498,0.542716,0.647454,0.597835,0.438093,0.502252,0.591572,0.634891,0.677787,0.722188,0.682027,0.727958,0.654341,0.648322,0.558180,0.733268,0.583513,0.722555,0.527375,0.703820,0.726236,0.649614,0.739541,0.702911,0.594961,0.407878,0.754309,0.529603,0.681949,0.531831,0.664749,0.391250,0.572416,0.591541,0.618605,0.663201,0.668455,0.631158,0.643517,0.629581,0.613859,0.524712,0.611178,0.646605,0.753894,0.664149,0.705977,0.680899,0.642801,0.691356,0.629861,0.538139,0.700574,0.689135,0.704876,0.614138,0.665599,0.730832,0.567547,0.747463,0.767643,0.651890,0.739632,0.733693,0.730601,0.561186,0.585469,0.585019,0.729295,0.720632,0.483968,0.631756,0.649703,0.746177,0.741333,0.676330,0.604446,0.717385,0.791817,0.608112,0.712774,0.725455,0.685582,0.681712,0.805284,0.725624,0.670391,0.508940,0.494466,0.672398,0.660117,0.730482,0.648493,0.640858,0.658797,0.650463,0.717262,0.666946,0.578360,0.684584,0.639878,0.494999,0.798197,0.602566,0.684744,0.605409,0.551112,0.666188,0.623080,0.553770,0.642072,0.705682,0.705091,0.738139,0.716528,0.617470,0.410893
0.395867,0.490445,0.462836,0.338879,0.662318,0.000000,0.174013,0.506262,0.528782,0.658719,0.423478,0.401196,0.519085,0.574777,0.693381,0.516365,0.692602,0.249493,0.716217,0.462381,0.228084,0.495907,0.771850,0.679683,0.656621,0.508349,0.650496,0.662491,0.710857,0.725262,0.642967,0.615554,0.680564,0.644560,0.685827,0.533646,0.756536,0.527339,0.617164,0.596687,0.591571,0.698265,0.783846,0.552428,0.530203,0.799095,0.545417,0.496526,0.632005,0.509368,0.595510,0.595119,0.441058,0.475758,0.704339,0.503583,0.693148,0.422890,0.506465,0.653049,0.553710,0.651292,0.686841,0.656642,0.628926,0.466262,0.648118,0.619511,0.625768,0.620422,0.600743,0.690204,0.527854,0.705131,0.556763,0.647978,0.700015,0.733548,0.660985,0.622182,0.656689,0.643544,0.515473,0.624193,0.722242,0.725795,0.652147,0.600662,0.676540,0.561222,0.720470,0.720139,0.492103,0.644338,0.631716,0.518250,0.754104,0.620340,0.796802,0.436395,0.724092,0.653522,0.588063,0.670907,0.621861,0.628289,0.538360,0.485287,0.735372,0.768103,0.492990,0.635712,0.465289,0.577204,0.473690,0.751805,0.686133,0.710779,0.570140,0.520629,0.406268,0.600487,0.703014,0.728492,0.666894,0.750706,0.707120,0.798810,0.507017,0.513827,0.467274,0.460206,0.739981,0.466160,0.658862,0.672944,0.580472,0.617653,0.544567,0.714695,0.769699,0.562484,0.680480,0.644134,0.412675,0.623308,0.558912,0.548586,0.693099,0.720272,0.762824,0.770040,0.611101,0.611861,0.622189,0.449047,0.671334,0.521060,0.460259,0.567437,0.617863,0.561739,0.755822,0.556394,0.460450,0.648915,0.602473,0.750306,0.652599,0.656285,0.786962,0.748989,0.666848,0.710932,0.586955,0.668429,0.502032,0.750958,0.668984,0.697438,0.576418,0.760047,0.636538,0.655424,0.639886,0.532653,0.661227,0.699811,0.691730,0.776542,0.579260,0.590378,0.577123,0.665986,0.631304,0.724464,0.675692,0.576377,0.654578,0.773286,0.731279
0.402324,0.445556,0.389564,0.301094,0.604731,0.174013,0.000000,0.570526,0.512077,0.587856,0.435092,0.412890,0.553434,0.554355,0.655876,0.481037,0.646458,0.128940,0.741114,0.457846,0.366366,0.500321,0.741704,0.641905,0.502303,0.522171,0.605990,0.624861,0.704530,0.673228,0.516813,0.560879,0.645190,0.674233,0.632746,0.580392,0.740664,0.531801,0.518491,0.526073,0.606464,0.693115,0.711538,0.538228,0.493227,0.724959,0.605266,0.488546,0.636993,0.475428,0.590325,0.627350,0.447308,0.545721,0.668559,0.461467,0.716186,0.525891,0.438374,0.661458,0.564651,0.608881,0.580010,0.564362,0.658892,0.472312,0.603883,0.608996,0.562733,0.579919,0.611906,0.646651,0.545038,0.666475,0.520891,0.613650,0.705494,0.740986,0.656439,0.618785,0.587118,0.578339,0.504672,0.573844,0.652065,0.664476,0.563091,0.502450,0.527042,0.612385,0.655944,0.743520,0.495684,0.605923,0.600672,0.532875,0.721626,0.541511,0.770140,0.378437,0.630563,0.642247,0.553829,0.803709,0.636082,0.570750,0.550759,0.538053,0.661090,0.749329,0.416959,0.555176,0.451836,0.632915,0.495176,0.723704,0.644187,0.668620,0.588959,0.501892,0.466066,0.634275,0.664388,0.707253,0.633495,0.699750,0.684690,0.749404,0.440618,0.527714,0.481947,0.471155,0.670761,0.508954,0.678127,0.654127,0.523587,0.570226,0.547533,0.692172,0.717288,0.498596,0.633424,0.683258,0.538344,0.595260,0.654034,0.531450,0.658143,0.716246,0.696912,0.765452,0.574893,0.614489,0.567021,0.460317,0.709295,0.469628,0.477358,0.561245,0.578665,0.525674,0.800906,0.563468,0.455644,0.621159,0.749863,0.685941,0.683793,0.731602,0.757306,0.731048,0.626692,0.690845,0.578420,0.639161,0.518158,0.769219,0.606169,0.696849,0.527538,0.733237,0.605936,0.651656,0.641126,0.612240,0.704175,0.614952,0.713967,0.772900,0.670593,0.589099,0.540432,0.631766,0.571737,0.698249,0.727819,0.543536,0.593517,0.717532,0.619013
0.442456,0.481718,0.562769,0.417919,0.574291,0.506262,0.570526,0.000000,0.582481,0.572307,0.505459,0.524282,0.558063,0.491805,0.694180,0.670416,0.647040,0.576750,0.644409,0.518948,0.201097,0.575551,0.717526,0.603383,0.739885,0.699931,0.699815,0.606836,0.634713,0.771769,0.705748,0.656029,0.780565,0.525113,0.720959,0.772434,0.669127,0.550372,0.704300,0.664407,0.455654,0.635071,0.759013,0.508485,0.596829,0.710293,0.407695,0.623594,0.634448,0.536358,0.645112,0.576065,0.585232,0.581235,0.661454,0.617853,0.658068,0.555592,0.630894,0.721390,0.400914,0.547077,0.660648,0.675127,0.809723,0.701521,0.546531,0.671425,0.693972,0.700773,0.701459,0.789149,0.561518,0.664621,0.504142,0.612532,0.706945,0.610492,0.739707,0.629839,0.698737,0.779642,0.211451,0.670042,0.793933,0.760724,0.696504,0.758496,0.708923,0.592501,0.656945,0.759547,0.699996,0.668744,0.558684,0.734986,0.695700,0.681639,0.791111,0.660697,0.668440,0.701223,0.592282,0.642798,0.671546,0.624556,0.646676,0.591283,0.683082,0.712855,0.695402,0.691095,0.507146,0.499774,0.627970,0.676830,0.748312,0.725009,0.440878,0.575290,0.590442,0.393562,0.748337,0.699289,0.767298,0.772311,0.730278,0.613489,0.678642,0.531158,0.521790,0.612837,0.782510,0.413857,0.479570,0.583800,0.629311,0.744494,0.522515,0.746650,0.776908,0.685676,0.697194,0.641643,0.439560,0.570336,0.710670,0.549098,0.820047,0.617213,0.638416,0.730762,0.735121,0.618400,0.490896,0.552400,0.612794,0.647351,0.610826,0.547225,0.727945,0.666102,0.700297,0.559403,0.613746,0.732054,0.357677,0.802209,0.731881,0.655576,0.756897,0.758505,0.743807,0.813292,0.781823,0.794240,0.625694,0.670538,0.686120,0.730029,0.698519,0.615975,0.667515,0.523834,0.694856,0.441941,0.557846,0.631391,0.757644,0.714629,0.221068,0.595264,0.767236,0.750347,0.733470,0.777524,0.696825,0.553584,0.784119,0.700719,0.713045
0.464042,0.522525,0.511205,0.429790,0.661124,0.528782,0.512077,0.582481,0.000000,0.641029,0.519216,0.551971,0.575344,0.560750,0.727321,0.631290,0.664931,0.560111,0.783524,0.526545,0.591044,0.576535,0.707038,0.644799,0.672989,0.541698,0.670187,0.655379,0.682464,0.743002,0.685210,0.670222,0.817835,0.703523,0.712916,0.666881,0.730776,0.577757,0.671869,0.636903,0.580777,0.670807,0.717731,0.573027,0.652743,0.765062,0.704820,0.517351,0.684812,0.580248,0.655670,0.465962,0.573675,0.579096,0.748642,0.633032,0.737688,0.602529,0.590765,0.664240,0.575069,0.621751,0.693723,0.644444,0.743373,0.604731,0.713953,0.673423,0.663285,0.654638,0.707503,0.656659,0.451752,0.684449,0.573346,0.677818,0.709672,0.788805,0.517309,0.655826,0.753275,0.668455,0.675043,0.579125,0.770534,0.674673,0.618040,0.708987,0.713333,0.574579,0.535167,0.742980,0.630159,0.700149,0.617514,0.616072,0.730192,0.687252,0.722694,0.679029,0.544491,0.648302,0.701660,0.817841,0.666182,0.623401,0.728399,0.584612,0.663236,0.741985,0.651001,0.632269,0.483382,0.634949,0.577660,0.679353,0.731526,0.796537,0.619524,0.642790,0.576991,0.623687,0.775547,0.682864,0.687641,0.768249,0.771667,0.680721,0.597301,0.622511,0.470021,0.567841,0.788016,0.600184,0.744106,0.619600,0.647546,0.713356,0.545774,0.751786,0.745480,0.680142,0.742710,0.660992,0.662612,0.710357,0.722503,0.634902,0.724627,0.646244,0.674731,0.725802,0.791966,0.610283,0.589327,0.551692,0.691525,0.607688,0.522066,0.668270,0.786829,0.623610,0.732516,0.665632,0.660311,0.666325,0.686863,0.804687,0.685800,0.754856,0.777637,0.732782,0.648881,0.773746,0.745405,0.690128,0.553769,0.724971,0.701914,0.658573,0.638057,0.664971,0.702983,0.708534,0.567841,0.684926,0.721311,0.679077,0.757381,0.696493,0.632799,0.572720,0.756732,0.686073,0.741593,0.750868,0.786346,0.601875,0.714621,0.681010,0.685328
0.485137,0.420187,0.364115,0.433867,0.169321,0.658719,0.587856,0.572307,0.641029,0.000000,0.559405,0.583077,0.601986,0.564873,0.553471,0.658083,0.473632,0.624160,0.734047,0.671515,0.682256,0.617515,0.613736,0.609828,0.534786,0.631638,0.407663,0.588555,0.452095,0.481420,0.544494,0.618781,0.635519,0.496002,0.508926,0.702817,0.578948,0.682495,0.462707,0.517211,0.565131,0.657661,0.438582,0.546093,0.646711,0.466962,0.710198,0.651336,0.597589,0.480825,0.652293,0.463552,0.655301,0.732382,0.552741,0.720671,0.670242,0.721087,0.603546,0.707473,0.529928,0.503574,0.641938,0.549877,0.770766,0.607458,0.616960,0.719005,0.422496,0.764188,0.806852,0.766262,0.612515,0.631514,0.360391,0.550779,0.641183,0.798866,0.680427,0.706354,0.645389,0.675683,0.585307,0.562558,0.733587,0.436937,0.629502,0.580129,0.416627,0.538749,0.537012,0.683406,0.693729,0.706442,0.696269,0.762857,0.669578,0.646081,0.557362,0.719005,0.558447,0.708718,0.464025,0.727748,0.706176,0.640699,0.715322,0.655038,0.593777,0.467661,0.687600,0.536766,0.622931,0.537228,0.692095,0.325917,0.529072,0.627415,0.590939,0.614664,0.646699,0.647970,0.662048,0.593967,0.578735,0.397391,0.654855,0.648430,0.667425,0.600656,0.673709,0.670433,0.663726,0.654211,0.645249,0.490280,0.695083,0.631450,0.680500,0.639630,0.709844,0.750284,0.593471,0.743837,0.747321,0.604065,0.802928,0.679502,0.760906,0.554999,0.580445,0.606717,0.782673,0.688254,0.496640,0.572086,0.671833,0.771516,0.731049,0.706175,0.567097,0.729332,0.787000,0.603639,0.662487,0.704710,0.701703,0.717034,0.794994,0.765330,0.672942,0.489243,0.423472,0.732224,0.622203,0.716600,0.618347,0.666888,0.640068,0.678255,0.701592,0.648996,0.579306,0.641077,0.573077,0.485766,0.765524,0.598328,0.697367,0.649677,0.517709,0.607567,0.653446,0.492281,0.607826,0.727580,0.745910,0.717257,0.671128,0.615097,0.351586
0.487330,0.411902,0.421397,0.220549,0.596371,0.423478,0.435092,0.505459,0.519216,0.559405,0.000000,0.179804,0.570966,0.250727,0.665397,0.563526,0.655041,0.450331,0.818071,0.362238,0.529145,0.502637,0.767605,0.612133,0.666318,0.644945,0.607523,0.657122,0.581188,0.667804,0.631144,0.612115,0.798388,0.698351,0.625914,0.712763,0.733350,0.637258,0.631378,0.495317,0.623902,0.735055,0.695367,0.294209,0.388538,0.729130,0.421138,0.354313,0.529691,0.270357,0.700498,0.649948,0.607031,0.689415,0.644601,0.666124,0.718049,0.627246,0.589232,0.758335,0.550203,0.429743,0.727228,0.683325,0.770477,0.559727,0.505830,0.674405,0.525840,0.701285,0.784622,0.637205,0.490985,0.563468,0.362415,0.539730,0.772587,0.864735,0.640518,0.689519,0.690986,0.568079,0.445127,0.544779,0.723540,0.669749,0.627297,0.601641,0.670231,0.678464,0.599881,0.797164,0.580668,0.684738,0.421419,0.722993,0.718095,0.666166,0.760921,0.575035,0.652020,0.511071,0.562834,0.817010,0.551795,0.648881,0.587482,0.545037,0.686523,0.681945,0.581037,0.553439,0.569347,0.667779,0.662823,0.579971,0.635751,0.726688,0.322787,0.378136,0.530145,0.463889,0.771812,0.720594,0.709543,0.718134,0.767036,0.719180,0.576787,0.326476,0.590060,0.550979,0.726972,0.609808,0.515256,0.589626,0.568049,0.719701,0.443331,0.691481,0.842176,0.615474,0.634992,0.553651,0.578784,0.652937,0.780562,0.490345,0.694946,0.733736,0.639381,0.730090,0.714776,0.613999,0.397306,0.377962,0.719630,0.571267,0.486227,0.392302,0.604976,0.625402,0.873832,0.558005,0.396905,0.734623,0.749566,0.830819,0.743778,0.789447,0.753466,0.737557,0.593612,0.778161,0.762414,0.659397,0.533260,0.809484,0.625676,0.611892,0.584375,0.740584,0.579298,0.501727,0.548656,0.717127,0.755110,0.676073,0.707814,0.778408,0.703497,0.375505,0.723124,0.641433,0.704513,0.761590,0.793417,0.463285,0.722505,0.726254,0.642971
0.495577,0.399785,0.418149,0.302277,0.619449,0.401196,0.412890,0.524282,0.551971,0.583077,0.179804,0.000000,0.558508,0.391517,0.615953,0.466305,0.632734,0.464731,0.751195,0.386221,0.469749,0.382413,0.706624,0.548181,0.590384,0.597904,0.551863,0.602118,0.604659,0.679530,0.572570,0.550871,0.759312,0.656389,0.590627,0.656922,0.708552,0.538974,0.544446,0.468920,0.633541,0.698851,0.647672,0.414307,0.448890,0.754627,0.445634,0.317519,0.514237,0.330889,0.685621,0.686125,0.514912,0.601153,0.599094,0.592182,0.652031,0.559432,0.535352,0.641072,0.566290,0.464975,0.647303,0.611651,0.711370,0.466484,0.520387,0.658555,0.524000,0.638119,0.680266,0.580193,0.459752,0.579129,0.465709,0.541393,0.678414,0.817215,0.575886,0.581683,0.600495,0.439043,0.456370,0.566437,0.677077,0.599846,0.582683,0.520031,0.611152,0.732215,0.578515,0.791365,0.500773,0.572175,0.472406,0.666445,0.692579,0.611280,0.689068,0.568805,0.626859,0.533440,0.496753,0.781425,0.623559,0.558794,0.598239,0.358743,0.601414,0.655191,0.579678,0.556501,0.593872,0.615037,0.575838,0.633728,0.607094,0.656253,0.374782,0.453877,0.494556,0.425831,0.688426,0.651252,0.700181,0.675586,0.726238,0.667518,0.504275,0.369150,0.602911,0.410626,0.664647,0.537568,0.519198,0.631416,0.565551,0.675158,0.350974,0.627455,0.769487,0.513151,0.613076,0.500408,0.599688,0.571752,0.813394,0.473981,0.669435,0.703699,0.709238,0.664438,0.700391,0.580297,0.495834,0.435963,0.671959,0.462097,0.357992,0.399566,0.602691,0.602960,0.864816,0.570136,0.438913,0.723873,0.710381,0.749738,0.688888,0.750463,0.710653,0.721574,0.552020,0.705983,0.644886,0.654794,0.531081,0.720926,0.538675,0.538977,0.453064,0.626473,0.598304,0.537872,0.478830,0.659210,0.708134,0.676656,0.670521,0.706104,0.734119,0.436959,0.686478,0.580022,0.715590,0.710075,0.747889,0.374403,0.635624,0.628594,0.676891
0.495704,0.471742,0.585443,0.432503,0.592792,0.519085,0.553434,0.558063,0.575344,0.601986,0.570966,0.558508,0.000000,0.663972,0.561499,0.526002,0.520609,0.560636,0.767777,0.368132,0.565700,0.452314,0.537055,0.549609,0.698649,0.559665,0.711475,0.466652,0.698520,0.740265,0.726198,0.745094,0.716557,0.661901,0.756229,0.619554,0.715043,0.456917,0.679099,0.482151,0.518982,0.641330,0.681653,0.680360,0.652966,0.680892,0.643044,0.596594,0.696521,0.623880,0.589017,0.667887,0.532518,0.541942,0.712710,0.548032,0.651167,0.560899,0.491072,0.562039,0.517826,0.673059,0.767712,0.735257,0.712521,0.595194,0.756835,0.711447,0.558503,0.601668,0.707929,0.730905,0.570683,0.686374,0.632365,0.729900,0.594502,0.764409,0.558750,0.553012,0.660149,0.554667,0.706727,0.605125,0.747167,0.709187,0.601221,0.678275,0.671951,0.713595,0.475501,0.675425,0.702646,0.518962,0.537738,0.663883,0.711128,0.704234,0.608446,0.735935,0.601337,0.662250,0.726346,0.694846,0.688194,0.545478,0.555495,0.552458,0.446895,0.695978,0.785150,0.640179,0.679601,0.498025,0.507305,0.702461,0.637054,0.631874,0.607708,0.666394,0.565305,0.582432,0.760699,0.514414,0.714058,0.695417,0.628547,0.466473,0.532123,0.707713,0.674046,0.502824,0.655915,0.607563,0.737436,0.525085,0.581958,0.678009,0.598854,0.676330,0.691655,0.549888,0.613710,0.635703,0.673530,0.539516,0.779799,0.458391,0.769904,0.590498,0.618485,0.654192,0.675568,0.519757,0.625345,0.688011,0.440188,0.523066,0.514364,0.590030,0.605319,0.602522,0.845296,0.500343,0.711770,0.678517,0.592498,0.719608,0.615303,0.663832,0.696476,0.804059,0.751609,0.805593,0.738840,0.769019,0.582200,0.503179,0.611253,0.536000,0.504553,0.490557,0.643730,0.712482,0.624483,0.589756,0.651092,0.506483,0.613205,0.513917,0.604746,0.722981,0.748570,0.691962,0.726276,0.638300,0.686156,0.617165,0.615747,0.475428,0.728179
0.495927,0.476365,0.440955,0.353858,0.576756,0.574777,0.554355,0.491805,0.560750,0.564873,0.250727,0.391517,0.663972,0.000000,0.726823,0.689794,0.666169,0.592538,0.861230,0.476946,0.620260,0.654601,0.761343,0.493827,0.593202,0.782784,0.625198,0.695798,0.483459,0.617292,0.493899,0.537493,0.823241,0.721489,0.592547,0.823688,0.642853,0.727253,0.534607,0.562559,0.619179,0.738244,0.623019,0.115265,0.401453,0.652223,0.453114,0.462768,0.595599,0.333537,0.782229,0.718996,0.770251,0.828836,0.613211,0.757122,0.686388,0.774963,0.726246,0.828293,0.454072,0.280377,0.583021,0.563699,0.820278,0.737312,0.433380,0.735738,0.583055,0.837125,0.920449,0.655467,0.597866,0.502858,0.299310,0.490993,0.770423,0.830437,0.764155,0.734074,0.671779,0.696914,0.436831,0.581251,0.668094,0.642722,0.695181,0.630186,0.666216,0.758667,0.620890,0.814910,0.647647,0.822818,0.436993,0.812475,0.698748,0.614932,0.699184,0.596112,0.565626,0.571959,0.500512,0.864732,0.586692,0.747015,0.738987,0.663464,0.722363,0.588430,0.584885,0.533593,0.577893,0.688173,0.828143,0.474588,0.637429,0.701629,0.287298,0.383269,0.752338,0.434924,0.718615,0.741867,0.721574,0.670799,0.777336,0.671957,0.686681,0.305972,0.624865,0.694075,0.756700,0.638246,0.453656,0.654130,0.673910,0.744869,0.511986,0.693140,0.823945,0.721291,0.650804,0.606576,0.605029,0.749637,0.874210,0.585763,0.667908,0.700805,0.555013,0.764226,0.786171,0.763908,0.281974,0.411297,0.772500,0.735990,0.610694,0.330737,0.689458,0.736838,0.848173,0.720678,0.462875,0.730999,0.775550,0.846711,0.831006,0.871152,0.692167,0.637593,0.605995,0.767548,0.830698,0.627842,0.697787,0.784880,0.694374,0.639690,0.695668,0.677977,0.595569,0.420205,0.522353,0.781277,0.852401,0.698069,0.719964,0.687326,0.733346,0.317066,0.796118,0.623260,0.696856,0.834535,0.857944,0.544076,0.834894,0.731829,0.598203
0.504227,0.445387,0.566969,0.610014,0.533802,0.693381,0.655876,0.694180,0.727321,0.553471,0.665397,0.615953,0.561499,0.726823,0.000000,0.487862,0.422381,0.701463,0.658044,0.735077,0.741576,0.567187,0.386552,0.587237,0.630775,0.616746,0.555669,0.442779,0.643187,0.562144,0.658728,0.665061,0.562325,0.617384,0.658052,0.681753,0.591222,0.666378,0.589260,0.436937,0.654048,0.474389,0.465604,0.723095,0.738844,0.645718,0.718200,0.693800,0.502180,0.634705,0.529828,0.652639,0.643856,0.662860,0.490886,0.509892,0.519923,0.758411,0.398879,0.687844,0.738296,0.688364,0.714920,0.675060,0.589555,0.496821,0.706207,0.706581,0.456100,0.643884,0.577720,0.638775,0.638771,0.570724,0.719963,0.521315,0.470270,0.724085,0.621599,0.521398,0.469743,0.560904,0.715094,0.507256,0.524359,0.566228,0.585670,0.458410,0.543756,0.683768,0.435603,0.453955,0.678850,0.524490,0.803806,0.662593,0.532085,0.709436,0.409238,0.749476,0.528467,0.610087,0.684867,0.666206,0.767768,0.617038,0.728836,0.650974,0.423113,0.633491,0.748408,0.744780,0.741004,0.624428,0.657183,0.647936,0.357529,0.500643,0.728219,0.781264,0.727980,0.734842,0.494904,0.503669,0.656278,0.534996,0.530115,0.498545,0.620810,0.693076,0.789068,0.613049,0.452716,0.773734,0.631260,0.537057,0.777043,0.701099,0.631513,0.439050,0.535506,0.588110,0.381549,0.595620,0.760663,0.407992,0.729968,0.673043,0.710295,0.656824,0.713448,0.464654,0.667289,0.579900,0.752196,0.719401,0.420183,0.613110,0.698736,0.680105,0.555113,0.644178,0.801990,0.553349,0.685275,0.725187,0.763357,0.591767,0.695187,0.674731,0.580631,0.589833,0.593738,0.603447,0.552611,0.730716,0.459082,0.415165,0.519123,0.593607,0.651433,0.504592,0.563608,0.666678,0.678287,0.718745,0.689823,0.637630,0.492351,0.513596,0.677618,0.759084,0.656505,0.511920,0.679571,0.639780,0.540891,0.748185,0.572982,0.433240,0.599425
0.504795,0.395197,0.612795,0.468067,0.647489,0.516365,0.481037,0.670416,0.631290,0.658083,0.563526,0.466305,0.526002,0.689794,0.487862,0.000000,0.518144,0.561313,0.544946,0.522600,0.563305,0.526558,0.561057,0.682678,0.608388,0.430467,0.624087,0.508844,0.753506,0.799584,0.647582,0.617727,0.654722,0.627031,0.665715,0.451784,0.781654,0.644568,0.631526,0.592403,0.647212,0.519887,0.690634,0.707619,0.717308,0.731013,0.698373,0.566803,0.599056,0.681685,0.681937,0.683228,0.429742,0.499234,0.655516,0.483840,0.671890,0.490614,0.407440,0.588785,0.704597,0.718506,0.752093,0.711109,0.479740,0.458314,0.724810,0.667729,0.658340,0.533589,0.447119,0.684878,0.528877,0.705937,0.693229,0.611855,0.664781,0.686540,0.606517,0.479181,0.622043,0.454052,0.696521,0.600852,0.716454,0.618292,0.574688,0.537752,0.604316,0.614485,0.606664,0.650774,0.482973,0.500562,0.611040,0.507155,0.699793,0.640229,0.668902,0.640294,0.613634,0.727416,0.620465,0.738723,0.667696,0.612121,0.570535,0.501381,0.600797,0.768777,0.661518,0.580162,0.592919,0.551932,0.460431,0.750722,0.574452,0.666447,0.644064,0.695884,0.529509,0.617370,0.628111,0.606402,0.738906,0.703148,0.730184,0.661095,0.378495,0.608146,0.686374,0.445566,0.675294,0.672983,0.720333,0.698505,0.520057,0.605335,0.578901,0.570898,0.721059,0.388372,0.562296,0.721566,0.670962,0.659551,0.734493,0.576367,0.732929,0.731071,0.742004,0.672431,0.551019,0.548836,0.690804,0.697932,0.564314,0.373732,0.500614,0.615864,0.691481,0.438716,0.801102,0.464514,0.676587,0.695783,0.740432,0.578182,0.555324,0.553174,0.766711,0.703129,0.665822,0.632073,0.586193,0.727336,0.489005,0.618908,0.575585,0.677676,0.481916,0.618301,0.762849,0.773823,0.681701,0.671267,0.691133,0.634881,0.687481,0.678950,0.680282,0.714750,0.513434,0.598223,0.755617,0.609558,0.730379,0.576744,0.512518,0.628133,0.688895
0.507214,0.493477,0.479556,0.535931,0.527622,0.692602,0.646458,0.647040,0.664931,0.473632,0.655041,0.632734,0.520609,0.666169,0.422381,0.518144,0.000000,0.701646,0.750166,0.609311,0.711187,0.660248,0.241383,0.670746,0.595337,0.652290,0.519253,0.168819,0.599176,0.638130,0.599295,0.634301,0.763328,0.579297,0.585254,0.734152,0.543131,0.645269,0.578208,0.532079,0.607941,0.455605,0.527150,0.650450,0.686753,0.512128,0.684522,0.690380,0.512068,0.610583,0.609697,0.600112,0.698235,0.760493,0.509753,0.671887,0.526112,0.744203,0.474344,0.651784,0.607914,0.676167,0.648950,0.596255,0.662359,0.672902,0.570408,0.758192,0.537290,0.731530,0.763450,0.770178,0.640055,0.517550,0.632624,0.525216,0.558664,0.805498,0.683401,0.574777,0.528899,0.654424,0.680554,0.501408,0.639196,0.559460,0.638688,0.665578,0.624164,0.737182,0.471207,0.499742,0.746956,0.604498,0.657458,0.739258,0.543249,0.663148,0.406076,0.742491,0.473830,0.677087,0.647831,0.658425,0.796360,0.551047,0.697199,0.680860,0.558544,0.651284,0.723514,0.685719,0.755862,0.522901,0.739514,0.566019,0.279339,0.554245,0.668020,0.663114,0.751040,0.686906,0.635964,0.477895,0.794341,0.579167,0.649123,0.385576,0.575141,0.612049,0.758206,0.716818,0.502189,0.770740,0.573841,0.437575,0.781174,0.658453,0.654752,0.409337,0.607487,0.673574,0.345399,0.588319,0.706453,0.478742,0.829026,0.630611,0.712502,0.461467,0.499166,0.448049,0.713214,0.627881,0.641419,0.633444,0.539850,0.702501,0.731344,0.710469,0.744195,0.727632,0.738325,0.320478,0.753427,0.724995,0.658671,0.749049,0.712164,0.757307,0.538136,0.647251,0.526288,0.741493,0.785846,0.677747,0.630090,0.468204,0.549358,0.500204,0.720394,0.360137,0.639279,0.565052,0.544427,0.694884,0.674351,0.506977,0.499625,0.587031,0.622857,0.700140,0.778065,0.540197,0.707635,0.652481,0.544887,0.648058,0.635635,0.522853,0.602474
0.507279,0.538857,0.475761,0.345967,0.630957,0.249493,0.128940,0.576750,0.560111,0.624160,0.450331,0.464731,0.560636,0.592538,0.701463,0.561313,0.701646,0.000000,0.796574,0.470075,0.391401,0.553548,0.763631,0.690481,0.608577,0.568578,0.660997,0.644429,0.712936,0.715475,0.620162,0.595444,0.732482,0.684266,0.670237,0.599088,0.783924,0.571570,0.617440,0.572992,0.616524,0.769011,0.760452,0.551658,0.523801,0.755904,0.634198,0.521595,0.662517,0.515074,0.638621,0.671233,0.464733,0.579809,0.705833,0.540166,0.760494,0.553432,0.467613,0.683871,0.532087,0.615689,0.645411,0.641903,0.710795,0.497201,0.625813,0.651114,0.605415,0.628833,0.654995,0.710280,0.580465,0.691938,0.531566,0.654328,0.745168,0.811297,0.692352,0.668478,0.640047,0.655382,0.519145,0.641771,0.688805,0.744089,0.631021,0.538981,0.620490,0.629069,0.702678,0.752299,0.536839,0.678698,0.636499,0.598677,0.741487,0.576465,0.784606,0.435917,0.695068,0.692358,0.569074,0.835740,0.669477,0.583597,0.590444,0.605991,0.700600,0.788872,0.483689,0.630252,0.477244,0.614181,0.520783,0.744775,0.675037,0.699869,0.616972,0.514786,0.494173,0.630363,0.683867,0.745448,0.721734,0.754779,0.717762,0.751482,0.501410,0.566821,0.485121,0.513243,0.707103,0.503870,0.680635,0.636393,0.585568,0.665575,0.618447,0.707986,0.793914,0.588204,0.656428,0.706265,0.607771,0.601101,0.714486,0.567950,0.683230,0.702381,0.745406,0.801200,0.663454,0.677265,0.570578,0.488341,0.759214,0.550002,0.493891,0.579988,0.647726,0.614417,0.868716,0.556926,0.476340,0.638343,0.760627,0.746035,0.764751,0.736505,0.805941,0.763683,0.662008,0.753786,0.669331,0.658339,0.529260,0.793273,0.650005,0.689498,0.577593,0.759268,0.631995,0.645080,0.641949,0.626216,0.743127,0.679071,0.737157,0.804488,0.677073,0.607842,0.616840,0.690773,0.647826,0.769204,0.769138,0.610779,0.653170,0.745741,0.693902
0.510038,0.624778,0.818220,0.711840,0.678658,0.716217,0.741114,0.644409,0.783524,0.734047,0.818071,0.751195,0.767777,0.861230,0.658044,0.544946,0.750166,0.796574,0.000000,0.799596,0.674111,0.760018,0.740066,0.858456,0.796966,0.689494,0.773707,0.750052,0.849437,0.859091,0.790924,0.822511,0.657262,0.654694,0.800391,0.690700,0.827434,0.808128,0.791237,0.877092,0.802695,0.623277,0.872047,0.838150,0.855257,0.851760,0.807077,0.862459,0.778983,0.849282,0.725831,0.652263,0.643939,0.508564,0.798546,0.637970,0.733281,0.570667,0.698573,0.764257,0.807341,0.869254,0.810554,0.812813,0.697851,0.751876,0.884105,0.804355,0.859750,0.619414,0.459540,0.814486,0.735019,0.879618,0.863619,0.787627,0.843154,0.562212,0.805258,0.657320,0.815020,0.785358,0.757174,0.855148,0.829137,0.807421,0.864380,0.847065,0.816527,0.668402,0.894141,0.798788,0.705370,0.764548,0.898810,0.719883,0.831822,0.819342,0.874388,0.788303,0.874213,0.864248,0.766224,0.648416,0.851448,0.790194,0.815020,0.735867,0.873179,0.840072,0.794379,0.830524,0.718727,0.677936,0.667148,0.826741,0.804093,0.853862,0.851662,0.821558,0.733796,0.797534,0.817754,0.847751,0.781561,0.856929,0.838401,0.830485,0.724731,0.812986,0.753749,0.689579,0.823816,0.772366,0.814086,0.832388,0.774662,0.771092,0.817260,0.812914,0.832568,0.725537,0.821075,0.838177,0.736292,0.806107,0.589482,0.879584,0.853365,0.832216,0.864234,0.806344,0.752658,0.767298,0.888010,0.806632,0.731266,0.724311,0.796195,0.887228,0.858702,0.689939,0.633697,0.688829,0.859294,0.763069,0.653184,0.803082,0.763539,0.378956,0.849291,0.797420,0.757434,0.760834,0.708769,0.834735,0.745386,0.746536,0.845059,0.937415,0.772584,0.799797,0.893500,0.893403,0.917409,0.652553,0.746109,0.855541,0.829161,0.777464,0.613215,0.831386,0.624611,0.805555,0.809002,0.817165,0.732812,0.791512,0.734270,0.875724,0.817296
0.513909,0.463621,0.531768,0.291729,0.694495,0.462381,0.457846,0.518948,0.526545,0.671515,0.362238,0.386221,0.368132,0.476946,0.735077,0.522600,0.609311,0.470075,0.799596,0.000000,0.484445,0.484930,0.680854,0.583568,0.725631,0.588324,0.721650,0.557924,0.677348,0.764457,0.700272,0.663162,0.832182,0.681035,0.741026,0.653496,0.733328,0.501015,0.696891,0.536864,0.609536,0.718232,0.724452,0.510399,0.523571,0.725882,0.570234,0.419797,0.693815,0.463297,0.643543,0.681511,0.544241,0.616432,0.780937,0.569739,0.715761,0.539883,0.550601,0.633441,0.495297,0.564205,0.769232,0.734516,0.715087,0.576899,0.618059,0.611883,0.606516,0.618103,0.722459,0.674865,0.516671,0.669445,0.495190,0.762002,0.703710,0.766406,0.576649,0.636510,0.766750,0.531835,0.542749,0.625684,0.792339,0.724775,0.572206,0.680644,0.757591,0.721160,0.558274,0.747757,0.592865,0.546845,0.366908,0.589889,0.735100,0.676493,0.725014,0.627117,0.619198,0.663411,0.708679,0.804923,0.627961,0.594943,0.523574,0.523126,0.579352,0.768957,0.634493,0.608490,0.592506,0.602331,0.592448,0.701313,0.671048,0.723544,0.434278,0.512241,0.543598,0.523721,0.842049,0.598649,0.780015,0.725632,0.725059,0.583545,0.459173,0.512047,0.599450,0.455986,0.748141,0.576530,0.703766,0.602041,0.458895,0.654747,0.491760,0.697628,0.793875,0.522477,0.632498,0.647456,0.644170,0.656599,0.775091,0.442949,0.730808,0.635785,0.604481,0.722960,0.635436,0.505118,0.494817,0.564855,0.679693,0.490528,0.429991,0.485293,0.683413,0.530223,0.851602,0.550685,0.601188,0.696196,0.669184,0.751277,0.605615,0.738589,0.747599,0.793972,0.755567,0.781633,0.816674,0.729175,0.592373,0.712083,0.690638,0.585199,0.405731,0.624175,0.632192,0.650118,0.634078,0.694362,0.766279,0.557080,0.657758,0.648488,0.675439,0.608092,0.729822,0.743005,0.726353,0.727502,0.791716,0.480918,0.694646,0.593275,0.777109
0.515800,0.532690,0.611414,0.432083,0.691164,0.228084,0.366366,0.201097,0.591044,0.682256,0.529145,0.469749,0.565700,0.620260,0.741576,0.563305,0.711187,0.391401,0.674111,0.484445,0.000000,0.528249,0.780884,0.690273,0.742971,0.572001,0.709378,0.654095,0.716285,0.820735,0.718951,0.648536,0.772782,0.535059,0.736069,0.618486,0.738722,0.476875,0.702501,0.705212,0.490700,0.671170,0.858831,0.612744,0.599211,0.791117,0.496706,0.555857,0.677422,0.585947,0.608327,0.612563,0.406563,0.487257,0.723834,0.488063,0.675562,0.393892,0.574178,0.653704,0.440429,0.664532,0.684830,0.694193,0.684810,0.540944,0.638167,0.592075,0.750489,0.642424,0.608913,0.784455,0.507290,0.733787,0.587139,0.698241,0.712132,0.653718,0.683283,0.564055,0.726229,0.684302,0.302636,0.712425,0.824712,0.774286,0.659048,0.702775,0.699048,0.556298,0.724144,0.759319,0.544591,0.599237,0.583762,0.557727,0.771302,0.633550,0.858966,0.526179,0.740388,0.728475,0.580876,0.649908,0.678972,0.606982,0.573369,0.458943,0.715584,0.790510,0.590712,0.651204,0.452880,0.458393,0.446914,0.781911,0.791338,0.760655,0.535367,0.570534,0.428789,0.493579,0.751286,0.686577,0.784896,0.834465,0.746376,0.704031,0.524545,0.533989,0.443817,0.460049,0.802234,0.325236,0.574820,0.640673,0.571771,0.654388,0.497788,0.774264,0.760265,0.555114,0.745025,0.698432,0.348680,0.564144,0.579094,0.518983,0.775796,0.653483,0.757390,0.795136,0.596700,0.567401,0.600616,0.509024,0.616246,0.502092,0.476240,0.575235,0.739038,0.558534,0.694473,0.572455,0.582110,0.664719,0.419005,0.741938,0.691478,0.619981,0.797759,0.820822,0.737299,0.769742,0.673229,0.755206,0.536847,0.721497,0.699734,0.723302,0.585228,0.659137,0.682536,0.636743,0.674932,0.410851,0.568512,0.686244,0.771401,0.771132,0.292710,0.633388,0.619145,0.739529,0.728467,0.730928,0.658104,0.551998,0.667193,0.737403,0.772566
0.516569,0.426582,0.457451,0.408650,0.662108,0.495907,0.500321,0.575551,0.576535,0.617515,0.502637,0.382413,0.452314,0.654601,0.567187,0.526558,0.660248,0.553548,0.760018,0.484930,0.528249,0.000000,0.694017,0.567384,0.658825,0.536525,0.641540,0.626987,0.615991,0.651670,0.700977,0.652210,0.716374,0.718197,0.722634,0.633826,0.626485,0.489941,0.651678,0.453768,0.541915,0.675575,0.543764,0.674543,0.638715,0.679175,0.602167,0.463386,0.615842,0.571117,0.618424,0.684152,0.455084,0.600279,0.533351,0.551259,0.508205,0.583721,0.511109,0.446268,0.575306,0.612240,0.709793,0.676988,0.734196,0.411506,0.667033,0.683052,0.518883,0.510845,0.677618,0.617024,0.260708,0.513105,0.611856,0.564747,0.467098,0.772949,0.540594,0.580759,0.519703,0.444558,0.638415,0.512663,0.654850,0.666638,0.407457,0.488485,0.593149,0.726357,0.467054,0.716523,0.629426,0.367296,0.607529,0.560670,0.588184,0.680179,0.579970,0.686131,0.597698,0.555647,0.673455,0.750208,0.611732,0.316565,0.575910,0.387447,0.470770,0.665879,0.683828,0.608181,0.601456,0.625495,0.474895,0.694188,0.627589,0.573723,0.519367,0.664161,0.475405,0.517238,0.626997,0.543771,0.682543,0.613927,0.627530,0.536112,0.439755,0.652691,0.647139,0.363338,0.573198,0.540411,0.592720,0.606981,0.501975,0.618083,0.407771,0.604738,0.688379,0.486367,0.619941,0.553393,0.652433,0.520764,0.778910,0.437286,0.850228,0.744299,0.757295,0.555421,0.652633,0.365242,0.649582,0.629594,0.591461,0.474861,0.358988,0.579015,0.555832,0.566260,0.877341,0.610465,0.680536,0.680873,0.756592,0.649651,0.522900,0.730252,0.572113,0.804444,0.671126,0.711494,0.541725,0.852003,0.437579,0.657253,0.470804,0.574220,0.444483,0.521850,0.571139,0.551190,0.566609,0.637893,0.566967,0.690255,0.500304,0.624487,0.688344,0.695194,0.688969,0.659159,0.798146,0.683691,0.674991,0.483398,0.607960,0.498606,0.656051
