0.000000,0.280777,0.317950,0.341439,0.348486,0.355318,0.360888,0.364776,0.368241,0.371133,0.373905,0.375029,0.375332,0.376749,0.383652,0.386258,0.388422,0.397923,0.398934,0.408522,0.413772,0.414374,0.422781,0.423954,0.430267,0.430839,0.431916,0.434162,0.434905,0.438107,0.440744,0.441013,0.442129,0.444252,0.444723,0.445756,0.447835,0.448489,0.451245,0.452035,0.453705,0.456003,0.459683,0.462066,0.462491,0.464698,0.464785,0.465371,0.465461,0.468919,0.470657,0.471049,0.471663,0.472312,0.472874,0.473892,0.473975,0.474311,0.476834,0.477671,0.478079,0.481894,0.482099,0.484632,0.485805,0.487669,0.488466,0.490056,0.491042,0.491161,0.493146,0.493240,0.493658,0.494285,0.494338,0.494860,0.494860,0.495089,0.496683,0.498183,0.498426,0.498634,0.499656,0.500437,0.501515,0.502840,0.505164,0.505829,0.506006,0.508196,0.509586,0.509592,0.509657,0.510065,0.510886,0.512076,0.512296,0.512386,0.513209,0.513662,0.513868
0.280777,0.000000,0.382845,0.272881,0.254947,0.314294,0.383697,0.395753,0.396052,0.361144,0.322835,0.383576,0.365471,0.445895,0.405185,0.398951,0.276940,0.373052,0.400561,0.420136,0.327530,0.373318,0.377329,0.417757,0.358730,0.366026,0.460546,0.383072,0.377783,0.364277,0.435480,0.516550,0.410932,0.411281,0.377371,0.500620,0.424024,0.397637,0.411632,0.502143,0.484891,0.391021,0.431844,0.396605,0.375430,0.450041,0.403868,0.385682,0.489206,0.491475,0.442492,0.443095,0.409400,0.391706,0.421759,0.527318,0.464199,0.606285,0.378381,0.534777,0.399663,0.360803,0.547891,0.446796,0.424594,0.545478,0.510765,0.540578,0.469560,0.380882,0.431116,0.536094,0.457051,0.537354,0.517488,0.456426,0.506524,0.596608,0.492830,0.541051,0.383297,0.392459,0.492024,0.432167,0.521075,0.553270,0.462003,0.610980,0.501485,0.553458,0.595155,0.546960,0.414886,0.458531,0.391674,0.536665,0.478603,0.427923,0.545600,0.460440,0.566729
0.317950,0.382845,0.000000,0.358222,0.352808,0.371877,0.345917,0.340605,0.373837,0.439642,0.390243,0.413179,0.406412,0.350921,0.327416,0.431813,0.373729,0.389091,0.364867,0.323393,0.336412,0.462622,0.308508,0.462477,0.515231,0.368911,0.337828,0.429957,0.337512,0.369770,0.460067,0.462692,0.338358,0.424976,0.341160,0.440431,0.284129,0.460389,0.436648,0.464148,0.449253,0.449075,0.342604,0.317183,0.332277,0.443557,0.413867,0.315256,0.486107,0.446673,0.510791,0.394544,0.400846,0.367341,0.549505,0.492230,0.331427,0.563835,0.341488,0.448621,0.335233,0.377512,0.442005,0.538579,0.391322,0.539186,0.290507,0.404116,0.379166,0.440869,0.388659,0.528870,0.278960,0.399333,0.507138,0.424309,0.559175,0.558218,0.424251,0.603119,0.456323,0.380272,0.523343,0.363061,0.513032,0.556171,0.479588,0.542119,0.313356,0.526985,0.553460,0.571612,0.431231,0.414811,0.342726,0.460829,0.391889,0.458549,0.443317,0.357155,0.495310
0.341439,0.272881,0.358222,0.000000,0.240152,0.277615,0.316878,0.335431,0.310029,0.315990,0.265958,0.319264,0.347412,0.413265,0.328016,0.356821,0.275292,0.337309,0.321725,0.335990,0.221693,0.364363,0.364670,0.362665,0.368304,0.336335,0.368851,0.319786,0.304453,0.383589,0.432824,0.489496,0.333143,0.377350,0.325135,0.484034,0.363311,0.427682,0.388199,0.504311,0.531441,0.411206,0.415449,0.368518,0.318991,0.397964,0.425605,0.311324,0.476396,0.440603,0.373045,0.391694,0.350677,0.333301,0.480552,0.485810,0.378434,0.653143,0.312602,0.508467,0.323111,0.402686,0.502419,0.474352,0.479027,0.473445,0.448580,0.483696,0.395795,0.314934,0.453081,0.517257,0.423598,0.534281,0.468666,0.418940,0.453435,0.685828,0.508247,0.543625,0.294090,0.407669,0.500406,0.403527,0.516448,0.571634,0.443131,0.593873,0.412803,0.548265,0.657651,0.513805,0.377571,0.430110,0.401342,0.501494,0.395407,0.434725,0.519959,0.377459,0.542748
0.348486,0.254947,0.352808,0.240152,0.000000,0.266892,0.354935,0.385353,0.338351,0.374406,0.325473,0.360688,0.282604,0.398934,0.371430,0.349252,0.285849,0.337648,0.325585,0.371004,0.210056,0.406312,0.375662,0.342484,0.393564,0.349322,0.377764,0.330830,0.353724,0.335225,0.409001,0.502454,0.353610,0.369825,0.309588,0.471608,0.392083,0.364873,0.358153,0.466595,0.527533,0.411392,0.443832,0.387973,0.283187,0.466388,0.331330,0.319245,0.542193,0.440469,0.430648,0.434032,0.277316,0.308632,0.469982,0.543366,0.436786,0.598271,0.288897,0.497714,0.338004,0.335997,0.496390,0.398219,0.419724,0.475404,0.508011,0.443111,0.421010,0.300444,0.431455,0.545686,0.369175,0.492399,0.461612,0.427669,0.459432,0.614306,0.425376,0.473819,0.298330,0.353446,0.513695,0.385489,0.555737,0.588557,0.420548,0.543736,0.434483,0.542623,0.610014,0.505559,0.373754,0.347930,0.362115,0.519257,0.419417,0.349765,0.414363,0.436518,0.537316
0.355318,0.314294,0.371877,0.277615,0.266892,0.000000,0.263243,0.261320,0.232842,0.389536,0.312323,0.364585,0.360953,0.274454,0.325056,0.409880,0.388465,0.171960,0.214122,0.349355,0.257483,0.316878,0.359116,0.446958,0.376269,0.400469,0.365975,0.308756,0.281702,0.419516,0.484375,0.369849,0.311328,0.422379,0.339585,0.544905,0.425213,0.451618,0.436822,0.396266,0.479327,0.388396,0.416830,0.362691,0.372824,0.302613,0.436307,0.334942,0.431028,0.327299,0.482803,0.323060,0.379025,0.383312,0.414519,0.532479,0.371666,0.575346,0.356747,0.389221,0.387484,0.410825,0.352216,0.426694,0.393294,0.531553,0.426581,0.402670,0.377495,0.442977,0.488017,0.575800,0.456606,0.504047,0.522995,0.492194,0.344418,0.521322,0.423597,0.473920,0.399162,0.416116,0.571323,0.483249,0.495708,0.500942,0.418767,0.586060,0.404524,0.438328,0.669581,0.573810,0.380609,0.445568,0.446601,0.461105,0.482692,0.402054,0.447379,0.480205,0.433072
0.360888,0.383697,0.345917,0.316878,0.354935,0.263243,0.000000,0.151942,0.168633,0.418989,0.325733,0.299524,0.412520,0.340312,0.237775,0.415809,0.422142,0.342006,0.229415,0.205372,0.320184,0.377810,0.350360,0.358092,0.434498,0.367149,0.222921,0.378915,0.285055,0.299044,0.464563,0.453864,0.286442,0.349680,0.373071,0.465757,0.315979,0.420780,0.493847,0.491334,0.405494,0.451392,0.368940,0.314844,0.375414,0.307396,0.389398,0.298175,0.333712,0.417475,0.392584,0.365848,0.425558,0.350472,0.475754,0.441768,0.220295,0.596144,0.326128,0.386024,0.345052,0.413680,0.393543,0.505940,0.450332,0.505133,0.274561,0.420570,0.253148,0.399831,0.418493,0.484645,0.466069,0.587836,0.551056,0.448993,0.542733,0.647371,0.518103,0.412442,0.440075,0.401772,0.591986,0.424293,0.446115,0.559851,0.427598,0.688910,0.331806,0.466425,0.716648,0.516128,0.347470,0.393251,0.331647,0.438832,0.351147,0.488460,0.526579,0.406381,0.387739
0.364776,0.395753,0.340605,0.335431,0.385353,0.261320,0.151942,0.000000,0.215070,0.403790,0.333588,0.321182,0.420010,0.266727,0.177417,0.426672,0.483269,0.309806,0.236942,0.240949,0.308960,0.406557,0.291177,0.392333,0.383295,0.394320,0.255744,0.364416,0.281683,0.313783,0.471189,0.311628,0.286476,0.307917,0.411122,0.456350,0.353737,0.435305,0.481090,0.444905,0.377948,0.432463,0.303879,0.311771,0.399726,0.285585,0.445094,0.321557,0.316639,0.395740,0.443689,0.323355,0.422626,0.393981,0.427667,0.463449,0.206339,0.614905,0.368482,0.366120,0.380399,0.453097,0.321931,0.463156,0.424652,0.471605,0.246043,0.386043,0.261587,0.418359,0.448039,0.486298,0.430662,0.548729,0.498680,0.457344,0.438657,0.498484,0.405953,0.440252,0.482430,0.449898,0.565962,0.412212,0.443928,0.489957,0.454508,0.572771,0.318989,0.422956,0.646713,0.459744,0.404783,0.454125,0.377900,0.337423,0.393300,0.520490,0.472475,0.454878,0.417148
0.368241,0.396052,0.373837,0.310029,0.338351,0.232842,0.168633,0.215070,0.000000,0.416463,0.335847,0.363943,0.393429,0.324251,0.310556,0.375176,0.455484,0.315297,0.251590,0.309357,0.315093,0.364356,0.385121,0.386656,0.431178,0.434651,0.329438,0.362197,0.336123,0.427519,0.449060,0.284258,0.349284,0.447082,0.412059,0.537084,0.403984,0.389207,0.466932,0.404473,0.480547,0.454585,0.378092,0.401781,0.422668,0.338969,0.508424,0.383140,0.398780,0.435402,0.423515,0.404430,0.432499,0.429193,0.452121,0.504178,0.289969,0.580066,0.378404,0.412212,0.429020,0.496478,0.398886,0.520569,0.481103,0.519951,0.380140,0.387298,0.251570,0.446110,0.522095,0.549364,0.443659,0.541501,0.473982,0.529301,0.493599,0.593148,0.462213,0.486852,0.464500,0.499988,0.565918,0.450141,0.367031,0.479806,0.425400,0.635609,0.412772,0.492320,0.702692,0.540646,0.416291,0.506687,0.463186,0.373255,0.497918,0.514743,0.493857,0.431173,0.459765
0.371133,0.361144,0.439642,0.315990,0.374406,0.389536,0.418989,0.403790,0.416463,0.000000,0.351922,0.437981,0.437652,0.428020,0.449348,0.317503,0.442710,0.350033,0.382251,0.473114,0.350024,0.467118,0.347641,0.485838,0.428768,0.480364,0.484465,0.364084,0.379696,0.475017,0.461739,0.522248,0.397812,0.440927,0.503114,0.459709,0.486036,0.497687,0.451572,0.518430,0.555297,0.456438,0.456906,0.497727,0.486087,0.394435,0.493700,0.496112,0.480133,0.505569,0.456143,0.430499,0.424406,0.506416,0.488983,0.502249,0.431499,0.682073,0.511411,0.529393,0.471890,0.519423,0.519973,0.522147,0.485916,0.529263,0.467998,0.476311,0.485904,0.441383,0.526726,0.549669,0.461373,0.577468,0.398495,0.473968,0.467755,0.671905,0.526860,0.577484,0.426286,0.528825,0.445096,0.476019,0.511137,0.587690,0.503029,0.584874,0.500952,0.553742,0.651011,0.520257,0.483008,0.599955,0.522125,0.476914,0.437337,0.550594,0.561415,0.457932,0.559785
0.373905,0.322835,0.390243,0.265958,0.325473,0.312323,0.325733,0.333588,0.335847,0.351922,0.000000,0.360002,0.351854,0.393067,0.418730,0.390987,0.375751,0.376385,0.331701,0.437839,0.290903,0.359528,0.320649,0.397520,0.415130,0.380756,0.459669,0.258485,0.351003,0.364394,0.449344,0.518245,0.359559,0.342530,0.355657,0.528100,0.402334,0.421684,0.410026,0.494416,0.442219,0.411357,0.369291,0.380747,0.373808,0.372657,0.455784,0.315115,0.445796,0.509204,0.386365,0.425366,0.414016,0.313255,0.455805,0.427512,0.402572,0.684033,0.317202,0.523326,0.270611,0.403725,0.525860,0.495200,0.437324,0.462175,0.424168,0.495495,0.435235,0.348641,0.482979,0.496715,0.432078,0.619379,0.426646,0.482020,0.504619,0.667008,0.480423,0.503639,0.323199,0.418068,0.506030,0.417930,0.504906,0.557070,0.497516,0.632936,0.367508,0.546432,0.664242,0.522789,0.438415,0.465040,0.406736,0.490863,0.374813,0.461482,0.560386,0.417700,0.529091
0.375029,0.383576,0.413179,0.319264,0.360688,0.364585,0.299524,0.321182,0.363943,0.437981,0.360002,0.000000,0.492830,0.435528,0.226026,0.378594,0.329916,0.494407,0.372172,0.220126,0.339297,0.457093,0.442713,0.269022,0.476184,0.171376,0.231209,0.426398,0.427362,0.318950,0.475896,0.543282,0.410744,0.445727,0.327079,0.441541,0.144557,0.502764,0.512552,0.558722,0.455444,0.420959,0.414819,0.332248,0.284734,0.465123,0.378902,0.290339,0.547693,0.334077,0.298594,0.443826,0.415820,0.264638,0.525849,0.403618,0.292189,0.621863,0.264947,0.425020,0.303126,0.388840,0.453674,0.409315,0.417689,0.404051,0.518586,0.500323,0.324860,0.315805,0.396354,0.419924,0.530801,0.610559,0.561657,0.421601,0.507078,0.594558,0.522902,0.397494,0.369641,0.360923,0.592188,0.367875,0.583058,0.600068,0.425369,0.557758,0.418633,0.513281,0.682856,0.470137,0.200481,0.369366,0.394936,0.534834,0.464107,0.413440,0.572102,0.340361,0.462101
0.375332,0.365471,0.406412,0.347412,0.282604,0.360953,0.412520,0.420010,0.393429,0.437652,0.351854,0.492830,0.000000,0.377750,0.494899,0.387129,0.456396,0.410002,0.384370,0.519114,0.285864,0.457460,0.444731,0.423333,0.415614,0.500561,0.526142,0.412641,0.447354,0.481937,0.372374,0.525584,0.469711,0.447653,0.449747,0.520191,0.552719,0.323027,0.395679,0.489262,0.501267,0.451796,0.386437,0.500509,0.489488,0.485114,0.497816,0.444961,0.469401,0.585860,0.546938,0.490930,0.302060,0.465285,0.461133,0.639216,0.484434,0.570947,0.444543,0.558956,0.484373,0.494858,0.545122,0.401543,0.499401,0.503327,0.515989,0.459646,0.512765,0.384007,0.570143,0.608375,0.246794,0.596577,0.406956,0.474364,0.443953,0.568409,0.306685,0.584168,0.425881,0.512669,0.436512,0.471425,0.542617,0.565942,0.416736,0.596628,0.441827,0.549763,0.666772,0.492942,0.554081,0.503091,0.519643,0.511486,0.553998,0.541475,0.316169,0.542762,0.601262
0.376749,0.445895,0.350921,0.413265,0.398934,0.274454,0.340312,0.266727,0.324251,0.428020,0.393067,0.435528,0.377750,0.000000,0.364280,0.504048,0.470262,0.289829,0.243824,0.412248,0.333549,0.428763,0.305652,0.534022,0.412111,0.482020,0.398600,0.374254,0.294946,0.421842,0.525883,0.383374,0.341085,0.359865,0.468206,0.524599,0.498246,0.514456,0.440601,0.375312,0.313574,0.442417,0.312772,0.334670,0.468075,0.292504,0.495298,0.393736,0.386996,0.422218,0.583099,0.320468,0.463912,0.459860,0.487691,0.494775,0.373442,0.595794,0.430488,0.342202,0.458210,0.521398,0.304028,0.470356,0.408721,0.582285,0.392729,0.322639,0.444468,0.516712,0.494371,0.581693,0.446049,0.526179,0.485452,0.522753,0.355564,0.518139,0.349443,0.539546,0.514681,0.515864,0.574664,0.511315,0.537148,0.545572,0.490140,0.498472,0.333583,0.410338,0.653467,0.544823,0.517260,0.528203,0.483373,0.457249,0.551746,0.492618,0.425315,0.565910,0.385523
0.383652,0.405185,0.327416,0.328016,0.371430,0.325056,0.237775,0.177417,0.310556,0.449348,0.418730,0.226026,0.494899,0.364280,0.000000,0.434750,0.410314,0.412857,0.286423,0.031018,0.346521,0.401722,0.336329,0.313209,0.437826,0.252962,0.076451,0.440081,0.326282,0.219349,0.482600,0.416379,0.308416,0.339710,0.353997,0.401208,0.222845,0.507011,0.504399,0.475023,0.451654,0.383445,0.358487,0.273653,0.301284,0.399573,0.333596,0.278508,0.450426,0.322632,0.393402,0.409478,0.457842,0.322635,0.400047,0.433646,0.192034,0.642690,0.297757,0.337577,0.297313,0.311783,0.331233,0.498690,0.344711,0.409457,0.367033,0.432944,0.242571,0.399844,0.299222,0.358851,0.498119,0.514938,0.540763,0.357174,0.525756,0.567635,0.489586,0.417414,0.460465,0.301197,0.588757,0.310620,0.508544,0.534337,0.452890,0.544921,0.338369,0.433972,0.672589,0.432249,0.303138,0.335440,0.280020,0.421312,0.383882,0.465115,0.536626,0.369007,0.390035
0.386258,0.398951,0.431813,0.356821,0.349252,0.409880,0.415809,0.426672,0.375176,0.317503,0.390987,0.378594,0.387129,0.504048,0.434750,0.000000,0.460699,0.475999,0.423007,0.430824,0.339638,0.491937,0.408703,0.325766,0.510958,0.431363,0.439765,0.442768,0.473296,0.505827,0.292673,0.541659,0.467513,0.500975,0.442121,0.444915,0.427434,0.352749,0.455519,0.532629,0.579677,0.526010,0.504571,0.486625,0.426112,0.513542,0.502269,0.462995,0.600062,0.509815,0.450624,0.543914,0.355703,0.462037,0.481431,0.556456,0.402894,0.570725,0.477777,0.573489,0.491103,0.529393,0.570537,0.478253,0.576541,0.415197,0.562468,0.482335,0.407341,0.403680,0.556878,0.491041,0.400971,0.630453,0.358845,0.410258,0.557620,0.524960,0.444885,0.503415,0.438904,0.541972,0.326269,0.326954,0.496750,0.555520,0.430930,0.606588,0.510230,0.608239,0.711673,0.487829,0.454114,0.546960,0.537324,0.445808,0.458645,0.528807,0.514057,0.457015,0.605536
0.388422,0.276940,0.373729,0.275292,0.285849,0.388465,0.422142,0.483269,0.455484,0.442710,0.375751,0.329916,0.456396,0.470262,0.410314,0.460699,0.000000,0.455166,0.451438,0.389894,0.308933,0.437246,0.478769,0.435070,0.527051,0.260858,0.397876,0.415208,0.443181,0.350641,0.547776,0.624324,0.445464,0.501161,0.237157,0.593284,0.350180,0.493909,0.494981,0.580306,0.574100,0.473256,0.553881,0.358771,0.256521,0.569927,0.353578,0.265867,0.662392,0.431310,0.375242,0.515135,0.376238,0.240278,0.634314,0.479132,0.496412,0.652810,0.225113,0.532124,0.279297,0.326551,0.574350,0.467287,0.455849,0.611343,0.611905,0.566005,0.468727,0.253541,0.391794,0.602528,0.465569,0.559435,0.625550,0.527339,0.516207,0.694861,0.541315,0.502415,0.322008,0.322070,0.596782,0.416259,0.671432,0.667731,0.511731,0.523521,0.448942,0.621245,0.670295,0.669546,0.251884,0.354513,0.402924,0.639647,0.419522,0.347614,0.538430,0.387386,0.558969
0.397923,0.373052,0.389091,0.337309,0.337648,0.171960,0.342006,0.309806,0.315297,0.350033,0.376385,0.494407,0.410002,0.289829,0.412857,0.475999,0.455166,0.000000,0.277752,0.447654,0.307168,0.388419,0.321543,0.512849,0.375771,0.479021,0.450216,0.313069,0.200330,0.503371,0.450783,0.393411,0.263123,0.410159,0.473274,0.518651,0.511881,0.564644,0.392758,0.355576,0.581651,0.424382,0.453757,0.427054,0.473683,0.202668,0.505126,0.439926,0.286982,0.362346,0.586248,0.233502,0.423331,0.515062,0.466773,0.573464,0.431868,0.625874,0.491726,0.425780,0.469485,0.490737,0.381370,0.503910,0.425571,0.593880,0.357462,0.352153,0.427924,0.536736,0.533884,0.617558,0.459757,0.513166,0.501939,0.465896,0.398949,0.625299,0.466765,0.576502,0.461787,0.501175,0.513308,0.523530,0.437059,0.528593,0.546235,0.547384,0.401623,0.456377,0.670471,0.547703,0.497547,0.573867,0.531738,0.442693,0.502923,0.532637,0.522950,0.570142,0.475640
0.398934,0.400561,0.364867,0.321725,0.325585,0.214122,0.229415,0.236942,0.251590,0.382251,0.331701,0.372172,0.384370,0.243824,0.286423,0.423007,0.451438,0.277752,0.000000,0.285157,0.245276,0.389759,0.311813,0.423991,0.443185,0.366636,0.288002,0.331381,0.279907,0.308710,0.469506,0.434620,0.303515,0.350104,0.368693,0.505582,0.377452,0.420014,0.440152,0.433673,0.418445,0.410763,0.385323,0.295599,0.369677,0.184105,0.391337,0.300904,0.422371,0.420079,0.528265,0.327367,0.368449,0.369137,0.439387,0.513894,0.295735,0.615092,0.350379,0.385270,0.327568,0.380800,0.357500,0.475840,0.417265,0.528409,0.358763,0.374810,0.318603,0.417360,0.407683,0.520294,0.421328,0.533038,0.483116,0.427948,0.400545,0.549765,0.439168,0.454931,0.437087,0.376750,0.593027,0.389304,0.459082,0.526904,0.386683,0.619347,0.350613,0.438598,0.662109,0.569625,0.379710,0.387215,0.341657,0.397119,0.386292,0.448599,0.460155,0.500433,0.394738
0.408522,0.420136,0.323393,0.335990,0.371004,0.349355,0.205372,0.240949,0.309357,0.473114,0.437839,0.220126,0.519114,0.412248,0.031018,0.430824,0.389894,0.447654,0.285157,0.000000,0.354931,0.416787,0.355148,0.296805,0.475973,0.240234,0.051984,0.460766,0.331187,0.204681,0.490306,0.482924,0.303997,0.364736,0.329973,0.397692,0.196168,0.510897,0.521083,0.508369,0.464280,0.403099,0.391103,0.267807,0.276554,0.414852,0.293587,0.254936,0.479751,0.333164,0.397161,0.418387,0.458663,0.294279,0.445502,0.437014,0.166955,0.654006,0.273884,0.359208,0.273900,0.283530,0.373052,0.527720,0.362054,0.437617,0.373446,0.448374,0.219743,0.392348,0.276989,0.375580,0.498553,0.523242,0.572951,0.339648,0.584878,0.640826,0.531959,0.389777,0.454406,0.266356,0.616055,0.299932,0.513744,0.581271,0.434409,0.596241,0.339689,0.470988,0.711597,0.469379,0.282114,0.291809,0.244872,0.454796,0.349991,0.446516,0.550620,0.356308,0.376569
0.413772,0.327530,0.336412,0.221693,0.210056,0.257483,0.320184,0.308960,0.315093,0.350024,0.290903,0.339297,0.285864,0.333549,0.346521,0.339638,0.308933,0.307168,0.245276,0.354931,0.000000,0.404956,0.312447,0.356928,0.388596,0.335188,0.358721,0.314359,0.280539,0.352731,0.381140,0.501103,0.321497,0.388958,0.314154,0.479377,0.351535,0.406078,0.357259,0.428480,0.511672,0.416829,0.395363,0.311859,0.280373,0.351555,0.349918,0.271830,0.451729,0.396339,0.430997,0.360585,0.284572,0.303333,0.469613,0.484788,0.390742,0.656601,0.284853,0.466354,0.311020,0.332148,0.459545,0.379337,0.437332,0.478584,0.411915,0.398950,0.353316,0.298349,0.416039,0.536742,0.332154,0.541646,0.437709,0.360753,0.432983,0.640166,0.379790,0.469401,0.315503,0.324884,0.445006,0.341475,0.503953,0.567457,0.429867,0.586615,0.331752,0.503364,0.649615,0.576141,0.342119,0.347089,0.376922,0.431220,0.392873,0.399783,0.429528,0.395671,0.507014
0.414374,0.373318,0.462622,0.364363,0.406312,0.316878,0.377810,0.406557,0.364356,0.467118,0.359528,0.457093,0.457460,0.428763,0.401722,0.491937,0.437246,0.388419,0.389759,0.416787,0.404956,0.000000,0.456764,0.485337,0.524871,0.445495,0.453739,0.335940,0.394179,0.440710,0.537283,0.464597,0.398072,0.485621,0.431478,0.605313,0.485827,0.502511,0.574926,0.562614,0.545040,0.414314,0.512066,0.392984,0.418054,0.437623,0.490004,0.388958,0.488044,0.512955,0.526389,0.500315,0.498381,0.440577,0.489961,0.587336,0.492913,0.678121,0.406513,0.508264,0.390320,0.433283,0.504790,0.542889,0.466591,0.551732,0.531566,0.534365,0.471861,0.470977,0.494628,0.616909,0.563801,0.568592,0.577123,0.544294,0.526261,0.672000,0.599803,0.595509,0.514856,0.450613,0.630808,0.515795,0.602535,0.670167,0.561037,0.623068,0.478293,0.586555,0.664291,0.639632,0.484382,0.522965,0.476814,0.605269,0.535020,0.494286,0.625395,0.545409,0.518637
0.422781,0.377329,0.308508,0.364670,0.375662,0.359116,0.350360,0.291177,0.385121,0.347641,0.320649,0.442713,0.444731,0.305652,0.336329,0.408703,0.478769,0.321543,0.311813,0.355148,0.312447,0.456764,0.000000,0.475493,0.364317,0.436932,0.381379,0.286610,0.243739,0.361042,0.458358,0.489376,0.275572,0.327518,0.464359,0.344293,0.400775,0.496718,0.381952,0.460132,0.411300,0.434175,0.276061,0.307803,0.416039,0.320930,0.450471,0.369412,0.399495,0.427952,0.536233,0.307247,0.433445,0.411516,0.489933,0.431524,0.283520,0.688758,0.410531,0.466142,0.375993,0.451272,0.455287,0.560872,0.408986,0.522869,0.295847,0.367670,0.381798,0.487718,0.402990,0.502262,0.388931,0.501664,0.436267,0.352721,0.517047,0.635007,0.445236,0.546300,0.447124,0.451601,0.462123,0.380281,0.465111,0.566667,0.518117,0.635114,0.292822,0.533396,0.706738,0.469232,0.489055,0.470755,0.390393,0.406030,0.298051,0.525950,0.516881,0.457285,0.480500
0.423954,0.417757,0.462477,0.362665,0.342484,0.446958,0.358092,0.392333,0.386656,0.485838,0.397520,0.269022,0.423333,0.534022,0.313209,0.325766,0.435070,0.512849,0.423991,0.296805,0.356928,0.485337,0.475493,0.000000,0.473186,0.302419,0.304629,0.517407,0.509126,0.376414,0.308782,0.612491,0.465214,0.495748,0.393525,0.423037,0.329929,0.432343,0.490370,0.562815,0.546492,0.466029,0.503477,0.395074,0.306918,0.547333,0.363049,0.370460,0.581484,0.408559,0.409339,0.552671,0.420379,0.380006,0.482294,0.471688,0.360474,0.617866,0.389789,0.462910,0.357961,0.352362,0.487624,0.450093,0.463265,0.333838,0.564389,0.532505,0.368917,0.381243,0.422578,0.386786,0.494848,0.610791,0.450761,0.300986,0.661197,0.618224,0.528586,0.368652,0.420880,0.379285,0.549826,0.266392,0.528974,0.625130,0.487703,0.643039,0.466407,0.613700,0.685028,0.468845,0.405474,0.380463,0.422108,0.497267,0.477738,0.517499,0.561253,0.422203,0.505120
0.430267,0.358730,0.515231,0.368304,0.393564,0.376269,0.434498,0.383295,0.431178,0.428768,0.415130,0.476184,0.415614,0.412111,0.437826,0.510958,0.527051,0.375771,0.443185,0.475973,0.388596,0.524871,0.364317,0.473186,0.000000,0.499884,0.493480,0.472514,0.392696,0.501535,0.479622,0.474764,0.429349,0.424835,0.542881,0.492222,0.509081,0.517086,0.445026,0.485706,0.528381,0.468647,0.438501,0.467382,0.523008,0.445529,0.574964,0.515263,0.401118,0.460839,0.575991,0.439556,0.491219,0.559451,0.422693,0.598835,0.447922,0.649074,0.532246,0.512418,0.521402,0.535350,0.495991,0.556307,0.516794,0.511644,0.462263,0.466997,0.474164,0.558385,0.548835,0.565542,0.531110,0.610362,0.514919,0.500064,0.541827,0.635728,0.502312,0.586427,0.411473,0.537228,0.523750,0.509596,0.505556,0.551603,0.541818,0.634398,0.495476,0.472795,0.722714,0.444503,0.563711,0.618488,0.550743,0.494215,0.568691,0.583455,0.563970,0.565066,0.576675
0.430839,0.366026,0.368911,0.336335,0.349322,0.400469,0.367149,0.394320,0.434651,0.480364,0.380756,0.171376,0.500561,0.482020,0.252962,0.431363,0.260858,0.479021,0.366636,0.240234,0.335188,0.445495,0.436932,0.302419,0.499884,0.000000,0.257295,0.445581,0.435541,0.300055,0.476769,0.615310,0.417266,0.471991,0.270404,0.505695,0.156487,0.492447,0.530154,0.568168,0.513521,0.389718,0.422456,0.270202,0.205823,0.495196,0.331366,0.237150,0.614818,0.335557,0.377734,0.492221,0.386932,0.219644,0.538381,0.477999,0.361324,0.638287,0.229921,0.453737,0.212210,0.297619,0.489333,0.487106,0.376832,0.440441,0.528262,0.498514,0.351719,0.279783,0.321798,0.463731,0.487848,0.516094,0.593839,0.415347,0.537799,0.642041,0.557226,0.483081,0.327625,0.278619,0.620711,0.305869,0.613559,0.579539,0.474688,0.531309,0.388218,0.542793,0.692245,0.515807,0.192849,0.337318,0.343320,0.550962,0.408674,0.394600,0.591862,0.336648,0.479709
0.431916,0.460546,0.337828,0.368851,0.377764,0.365975,0.222921,0.255744,0.329438,0.484465,0.459669,0.231209,0.526142,0.398600,0.076451,0.439765,0.397876,0.450216,0.288002,0.051984,0.358721,0.453739,0.381379,0.304629,0.493480,0.257295,0.000000,0.484598,0.353480,0.214232,0.495076,0.474768,0.315478,0.361082,0.313422,0.427212,0.216289,0.532525,0.525426,0.502902,0.491552,0.392352,0.418113,0.278575,0.283491,0.437303,0.270579,0.263066,0.499902,0.343104,0.404187,0.429455,0.467022,0.295575,0.473821,0.457622,0.200815,0.649211,0.281977,0.333072,0.270898,0.287233,0.338667,0.548388,0.330046,0.443385,0.389252,0.440805,0.232309,0.389184,0.248741,0.377370,0.514577,0.508237,0.581480,0.360921,0.583560,0.638481,0.541098,0.405806,0.453320,0.246427,0.620476,0.302706,0.532221,0.603529,0.481243,0.546272,0.335895,0.455075,0.696093,0.489442,0.275442,0.278868,0.255509,0.471322,0.361643,0.455084,0.556067,0.370017,0.360725
0.434162,0.383072,0.429957,0.319786,0.330830,0.308756,0.378915,0.364416,0.362197,0.364084,0.258485,0.426398,0.412641,0.374254,0.440081,0.442768,0.415208,0.313069,0.331381,0.460766,0.314359,0.335940,0.286610,0.517407,0.472514,0.445581,0.484598,0.000000,0.328919,0.427882,0.495032,0.500478,0.398484,0.378220,0.430564,0.556981,0.444432,0.483801,0.448690,0.526233,0.534446,0.523187,0.459157,0.435595,0.438483,0.337273,0.502570,0.383040,0.500856,0.508454,0.456848,0.417945,0.412759,0.394191,0.566580,0.507260,0.436262,0.699662,0.399347,0.521632,0.387416,0.492496,0.506390,0.512787,0.515046,0.558251,0.455952,0.471903,0.461974,0.403950,0.546113,0.637369,0.433562,0.622612,0.454082,0.551737,0.462806,0.677238,0.518696,0.578277,0.359142,0.495338,0.533490,0.515394,0.579331,0.609874,0.502687,0.606736,0.406506,0.590739,0.712344,0.587004,0.431151,0.517882,0.456415,0.550781,0.413025,0.487757,0.531094,0.472838,0.573380
0.434905,0.377783,0.337512,0.304453,0.353724,0.281702,0.285055,0.281683,0.336123,0.379696,0.351003,0.427362,0.447354,0.294946,0.326282,0.473296,0.443181,0.200330,0.279907,0.331187,0.280539,0.394179,0.243739,0.509126,0.392696,0.435541,0.353480,0.328919,0.000000,0.412005,0.524964,0.448714,0.085279,0.347596,0.438304,0.430695,0.401152,0.553052,0.371700,0.384370,0.492986,0.436984,0.346777,0.325500,0.405938,0.235350,0.455753,0.350115,0.261834,0.408176,0.517067,0.171425,0.419494,0.425716,0.480973,0.529148,0.311652,0.692679,0.413426,0.413828,0.397812,0.416848,0.398039,0.523737,0.397947,0.564122,0.231133,0.364105,0.336351,0.463882,0.425092,0.549754,0.446801,0.546498,0.521139,0.355179,0.500601,0.685482,0.526862,0.563504,0.426638,0.425830,0.508167,0.454587,0.419962,0.586599,0.501486,0.608683,0.288237,0.437054,0.690298,0.525023,0.457108,0.488371,0.416001,0.418902,0.424313,0.489977,0.569802,0.479053,0.434817
0.438107,0.364277,0.369770,0.383589,0.335225,0.419516,0.299044,0.313783,0.427519,0.475017,0.364394,0.318950,0.481937,0.421842,0.219349,0.505827,0.350641,0.503371,0.308710,0.204681,0.352731,0.440710,0.361042,0.376414,0.501535,0.300055,0.214232,0.427882,0.412005,0.000000,0.534190,0.572482,0.367096,0.174296,0.300429,0.519316,0.303668,0.474064,0.509147,0.534733,0.398497,0.394635,0.393178,0.293695,0.261125,0.483480,0.190464,0.218575,0.572122,0.510101,0.389287,0.472134,0.485072,0.215505,0.464422,0.471173,0.319561,0.711622,0.232703,0.399338,0.200877,0.241130,0.450682,0.535773,0.381660,0.467302,0.462224,0.471118,0.342123,0.344703,0.258829,0.370336,0.511378,0.530405,0.543897,0.465352,0.526517,0.658939,0.529094,0.432463,0.412372,0.226899,0.615982,0.327556,0.557633,0.606726,0.451725,0.628011,0.334952,0.487801,0.721512,0.554172,0.320406,0.187024,0.053786,0.489122,0.243292,0.419359,0.572235,0.400387,0.421443
0.440744,0.435480,0.460067,0.432824,0.409001,0.484375,0.464563,0.471189,0.449060,0.461739,0.449344,0.475896,0.372374,0.525883,0.482600,0.292673,0.547776,0.450783,0.469506,0.490306,0.381140,0.537283,0.458358,0.308782,0.479622,0.476769,0.495076,0.495032,0.524964,0.534190,0.000000,0.571521,0.515376,0.517893,0.521279,0.525913,0.518397,0.366518,0.422078,0.534267,0.623773,0.496015,0.522218,0.530147,0.492628,0.515694,0.545566,0.537974,0.539741,0.571483,0.528667,0.570006,0.372882,0.558727,0.458552,0.513562,0.488656,0.615763,0.550988,0.592670,0.500738,0.505025,0.587210,0.490098,0.504197,0.424161,0.537472,0.504471,0.456017,0.466448,0.509965,0.491224,0.435015,0.652268,0.335271,0.386068,0.576887,0.628088,0.493780,0.572486,0.520810,0.504485,0.437230,0.304206,0.484549,0.508284,0.476371,0.669067,0.511887,0.636205,0.696577,0.524870,0.581330,0.569649,0.563914,0.480129,0.550463,0.641593,0.542975,0.516260,0.616597
0.441013,0.516550,0.462692,0.489496,0.502454,0.369849,0.453864,0.311628,0.284258,0.522248,0.518245,0.543282,0.525584,0.383374,0.416379,0.541659,0.624324,0.393411,0.434620,0.482924,0.501103,0.464597,0.489376,0.612491,0.474764,0.615310,0.474768,0.500478,0.448714,0.572482,0.571521,0.000000,0.474842,0.493102,0.559157,0.639614,0.585441,0.547098,0.556535,0.447296,0.583850,0.544442,0.507125,0.572016,0.601239,0.468261,0.675154,0.570947,0.483436,0.516796,0.577493,0.480041,0.564441,0.649394,0.455973,0.631216,0.475732,0.617606,0.586878,0.445778,0.628943,0.624852,0.380263,0.594065,0.532519,0.602024,0.477698,0.461210,0.449516,0.641125,0.623779,0.676452,0.573991,0.515571,0.557231,0.670695,0.511832,0.468886,0.510304,0.600364,0.639222,0.627008,0.643549,0.590965,0.452637,0.464802,0.593665,0.518892,0.568794,0.479658,0.666274,0.585922,0.601934,0.705449,0.615247,0.418802,0.683162,0.586343,0.562905,0.589323,0.558012
0.442129,0.410932,0.338358,0.333143,0.353610,0.311328,0.286442,0.286476,0.349284,0.397812,0.359559,0.410744,0.469711,0.341085,0.308416,0.467513,0.445464,0.263123,0.303515,0.303997,0.321497,0.398072,0.275572,0.465214,0.429349,0.417266,0.315478,0.398484,0.085279,0.367096,0.515376,0.474842,0.000000,0.350401,0.404641,0.433826,0.391211,0.562110,0.404672,0.396987,0.489817,0.392298,0.347087,0.311713,0.370770,0.306510,0.414432,0.329600,0.334445,0.390439,0.502712,0.217764,0.437136,0.400871,0.470337,0.502103,0.316717,0.689996,0.383686,0.392296,0.363624,0.373987,0.378649,0.528981,0.367170,0.557620,0.260649,0.372320,0.326882,0.450131,0.379613,0.489240,0.469445,0.533985,0.541420,0.370193,0.519091,0.666214,0.530024,0.533274,0.441632,0.393329,0.517578,0.425953,0.442653,0.576188,0.503389,0.606878,0.308371,0.433159,0.685041,0.532407,0.455315,0.432418,0.370433,0.427372,0.402019,0.436118,0.569991,0.469323,0.391088
0.444252,0.411281,0.424976,0.377350,0.369825,0.422379,0.349680,0.307917,0.447082,0.440927,0.342530,0.445727,0.447653,0.359865,0.339710,0.500975,0.501161,0.410159,0.350104,0.364736,0.388958,0.485621,0.327518,0.495748,0.424835,0.471991,0.361082,0.378220,0.347596,0.174296,0.517893,0.493102,0.350401,0.000000,0.476476,0.542928,0.450611,0.495345,0.473509,0.492364,0.414249,0.480697,0.366542,0.418292,0.461873,0.409327,0.396565,0.382341,0.479295,0.587399,0.474326,0.406411,0.496787,0.401231,0.457660,0.539374,0.367989,0.730451,0.421353,0.459255,0.387465,0.457575,0.467426,0.586261,0.489948,0.497743,0.426958,0.485330,0.423083,0.482565,0.449361,0.468247,0.500836,0.621273,0.483795,0.527850,0.518552,0.647957,0.496545,0.565742,0.456202,0.447213,0.568820,0.453691,0.560938,0.611059,0.523107,0.656287,0.371319,0.492773,0.712891,0.486102,0.478361,0.401273,0.223057,0.500682,0.342742,0.555821,0.572564,0.492055,0.517730
0.444723,0.377371,0.341160,0.325135,0.309588,0.339585,0.373071,0.411122,0.412059,0.503114,0.355657,0.327079,0.449747,0.468206,0.353997,0.442121,0.237157,0.473274,0.368693,0.329973,0.314154,0.431478,0.464359,0.393525,0.542881,0.270404,0.313422,0.430564,0.438304,0.300429,0.521279,0.559157,0.404641,0.476476,0.000000,0.573928,0.312364,0.462848,0.484166,0.584661,0.537929,0.401682,0.506931,0.323836,0.164453,0.543546,0.318108,0.134048,0.679756,0.466277,0.463549,0.531440,0.401621,0.201592,0.543936,0.500632,0.396149,0.598674,0.186688,0.490977,0.194647,0.273440,0.494626,0.511677,0.403782,0.547382,0.540948,0.511865,0.397664,0.276500,0.342344,0.587116,0.447239,0.457366,0.608725,0.489790,0.540491,0.581648,0.524817,0.515584,0.299730,0.263846,0.638451,0.339277,0.650762,0.652156,0.487066,0.549233,0.372030,0.572875,0.736089,0.654978,0.300328,0.279878,0.317449,0.571589,0.379119,0.312301,0.501877,0.426744,0.496888
0.445756,0.500620,0.440431,0.484034,0.471608,0.544905,0.465757,0.456350,0.537084,0.459709,0.528100,0.441541,0.520191,0.524599,0.401208,0.444915,0.593284,0.518651,0.505582,0.397692,0.479377,0.605313,0.344293,0.423037,0.492222,0.505695,0.427212,0.556981,0.430695,0.519316,0.525913,0.639614,0.433826,0.542928,0.573928,0.000000,0.443378,0.564800,0.496573,0.612255,0.501870,0.536978,0.430824,0.476979,0.542783,0.535538,0.516291,0.531199,0.476548,0.437092,0.577614,0.448436,0.557260,0.568676,0.591306,0.472432,0.330208,0.609634,0.563925,0.561176,0.542305,0.541397,0.561928,0.616433,0.534294,0.526609,0.451347,0.533595,0.454726,0.563113,0.520539,0.501864,0.500465,0.612187,0.546147,0.324175,0.610737,0.637442,0.565302,0.595752,0.556191,0.563419,0.533752,0.436122,0.553356,0.732358,0.580958,0.654420,0.492129,0.625895,0.744120,0.420716,0.578624,0.597153,0.558246,0.543669,0.500671,0.621377,0.539298,0.521324,0.602896
0.447835,0.424024,0.284129,0.363311,0.392083,0.425213,0.315979,0.353737,0.403984,0.486036,0.402334,0.144557,0.552719,0.498246,0.222845,0.427434,0.350180,0.511881,0.377452,0.196168,0.351535,0.485827,0.400775,0.329929,0.509081,0.156487,0.216289,0.444432,0.401152,0.303668,0.518397,0.585441,0.391211,0.450611,0.312364,0.443378,0.000000,0.528218,0.535756,0.580477,0.509212,0.450925,0.419698,0.315647,0.263404,0.483830,0.364159,0.264450,0.588739,0.386960,0.369679,0.443702,0.422668,0.268497,0.571194,0.449203,0.258359,0.649819,0.258982,0.481641,0.253582,0.370668,0.484453,0.505062,0.407271,0.472676,0.377873,0.498621,0.314980,0.350211,0.351291,0.462641,0.432379,0.564310,0.610396,0.404607,0.591567,0.643277,0.565928,0.487766,0.375143,0.334314,0.607118,0.328707,0.596072,0.615421,0.465113,0.619914,0.371956,0.551242,0.695887,0.528595,0.194807,0.344661,0.303921,0.538879,0.395681,0.428106,0.575360,0.266176,0.500263
0.448489,0.397637,0.460389,0.427682,0.364873,0.451618,0.420780,0.435305,0.389207,0.497687,0.421684,0.502764,0.323027,0.514456,0.507011,0.352749,0.493909,0.564644,0.420014,0.510897,0.406078,0.502511,0.496718,0.432343,0.517086,0.492447,0.532525,0.483801,0.553052,0.474064,0.366518,0.547098,0.562110,0.495345,0.462848,0.564800,0.528218,0.000000,0.481246,0.539932,0.511701,0.556703,0.492607,0.487645,0.452664,0.580739,0.498822,0.465818,0.616368,0.642899,0.531913,0.608632,0.322895,0.504775,0.537142,0.645936,0.472752,0.616386,0.477687,0.591392,0.490483,0.500864,0.570100,0.534901,0.601991,0.458069,0.562043,0.522674,0.480902,0.367970,0.573433,0.583599,0.380223,0.702985,0.426223,0.527969,0.606111,0.570231,0.410570,0.600294,0.497776,0.499224,0.490698,0.398721,0.509391,0.561041,0.479585,0.682040,0.487004,0.628277,0.725260,0.519301,0.534904,0.521080,0.499215,0.479593,0.534905,0.582711,0.470538,0.521639,0.632792
0.451245,0.411632,0.436648,0.388199,0.358153,0.436822,0.493847,0.481090,0.466932,0.451572,0.410026,0.512552,0.395679,0.440601,0.504399,0.455519,0.494981,0.392758,0.440152,0.521083,0.357259,0.574926,0.381952,0.490370,0.445026,0.530154,0.525426,0.448690,0.371700,0.509147,0.422078,0.556535,0.404672,0.473509,0.484166,0.496573,0.535756,0.481246,0.000000,0.428870,0.575766,0.496406,0.486244,0.468459,0.493172,0.503017,0.501881,0.500851,0.475613,0.584116,0.547373,0.423107,0.423350,0.546377,0.513964,0.614227,0.531436,0.637801,0.520855,0.515911,0.491273,0.474498,0.509300,0.517584,0.534959,0.555217,0.494011,0.426077,0.537183,0.502747,0.495926,0.551041,0.461273,0.528015,0.404359,0.445668,0.575569,0.626272,0.481741,0.577570,0.420550,0.485961,0.446267,0.442692,0.486833,0.573566,0.535476,0.630428,0.481582,0.476725,0.675746,0.543708,0.581961,0.548913,0.520126,0.497092,0.566767,0.476190,0.520322,0.541689,0.565053
0.452035,0.502143,0.464148,0.504311,0.466595,0.396266,0.491334,0.444905,0.404473,0.518430,0.494416,0.558722,0.489262,0.375312,0.475023,0.532629,0.580306,0.355576,0.433673,0.508369,0.428480,0.562614,0.460132,0.562815,0.485706,0.568168,0.502902,0.526233,0.384370,0.534733,0.534267,0.447296,0.396987,0.492364,0.584661,0.612255,0.580477,0.539932,0.428870,0.000000,0.626706,0.568717,0.491696,0.496548,0.551933,0.432637,0.576568,0.544109,0.454014,0.514074,0.575051,0.338138,0.525243,0.612541,0.450689,0.679749,0.507348,0.649601,0.570911,0.375987,0.576846,0.526412,0.339212,0.547426,0.572664,0.535410,0.492435,0.265610,0.447328,0.608410,0.550577,0.576130,0.573946,0.596747,0.442693,0.556606,0.574272,0.598553,0.424531,0.611483,0.610032,0.534625,0.485442,0.560125,0.280981,0.469911,0.635247,0.599944,0.478524,0.436723,0.608271,0.593484,0.577473,0.606919,0.565708,0.268642,0.642652,0.578132,0.565626,0.572610,0.460955
0.453705,0.484891,0.449253,0.531441,0.527533,0.479327,0.405494,0.377948,0.480547,0.555297,0.442219,0.455444,0.501267,0.313574,0.451654,0.579677,0.574100,0.581651,0.418445,0.464280,0.511672,0.545040,0.411300,0.546492,0.528381,0.513521,0.491552,0.534446,0.492986,0.398497,0.623773,0.583850,0.489817,0.414249,0.537929,0.501870,0.509212,0.511701,0.575766,0.626706,0.000000,0.568842,0.267800,0.352603,0.512992,0.512781,0.492019,0.387398,0.569835,0.593037,0.616254,0.520713,0.613689,0.417618,0.630024,0.531886,0.365460,0.672468,0.425239,0.523972,0.448762,0.563057,0.525781,0.626620,0.540875,0.584193,0.495420,0.538294,0.513059,0.541202,0.539355,0.588397,0.529311,0.632594,0.570067,0.605584,0.557353,0.630878,0.510095,0.520371,0.584889,0.561395,0.657941,0.545093,0.630619,0.654253,0.499248,0.715120,0.364264,0.569602,0.727388,0.567412,0.582234,0.539253,0.442619,0.608815,0.507509,0.552148,0.564807,0.610041,0.466423
0.456003,0.391021,0.449075,0.411206,0.411392,0.388396,0.451392,0.432463,0.454585,0.456438,0.411357,0.420959,0.451796,0.442417,0.383445,0.526010,0.473256,0.424382,0.410763,0.403099,0.416829,0.414314,0.434175,0.466029,0.468647,0.389718,0.392352,0.523187,0.436984,0.394635,0.496015,0.544442,0.392298,0.480697,0.401682,0.536978,0.450925,0.556703,0.496406,0.568717,0.568842,0.000000,0.379938,0.436838,0.425028,0.509657,0.430522,0.438524,0.528560,0.483233,0.577480,0.469654,0.492417,0.469392,0.404923,0.528173,0.484552,0.655133,0.418348,0.461163,0.387365,0.388194,0.464777,0.516393,0.218571,0.568082,0.519719,0.479785,0.476652,0.506178,0.385333,0.454228,0.551457,0.476164,0.538567,0.473479,0.456563,0.636880,0.566964,0.572597,0.459731,0.400449,0.632176,0.461734,0.593598,0.549678,0.513074,0.554780,0.471422,0.487953,0.604550,0.523851,0.498292,0.453743,0.439252,0.564592,0.517120,0.513883,0.607747,0.553128,0.473618
0.459683,0.431844,0.342604,0.415449,0.443832,0.416830,0.368940,0.303879,0.378092,0.456906,0.369291,0.414819,0.386437,0.312772,0.358487,0.504571,0.553881,0.453757,0.385323,0.391103,0.395363,0.512066,0.276061,0.503477,0.438501,0.422456,0.418113,0.459157,0.346777,0.393178,0.522218,0.507125,0.347087,0.366542,0.506931,0.430824,0.419698,0.492607,0.486244,0.491696,0.267800,0.379938,0.000000,0.326435,0.484546,0.416406,0.529766,0.388145,0.413143,0.514262,0.578547,0.370759,0.485754,0.421347,0.498107,0.563258,0.294862,0.663253,0.410651,0.466510,0.407903,0.533783,0.461081,0.561504,0.383149,0.559898,0.356588,0.390234,0.411445,0.522667,0.491554,0.507325,0.420599,0.588723,0.475908,0.483478,0.504960,0.612936,0.420233,0.627387,0.519188,0.538937,0.511650,0.490609,0.500661,0.530966,0.470323,0.630176,0.290461,0.500608,0.659290,0.432841,0.529210,0.507689,0.421529,0.413117,0.460816,0.601021,0.521640,0.512363,0.503383
0.462066,0.396605,0.317183,0.368518,0.387973,0.362691,0.314844,0.311771,0.401781,0.497727,0.380747,0.332248,0.500509,0.334670,0.273653,0.486625,0.358771,0.427054,0.295599,0.267807,0.311859,0.392984,0.307803,0.395074,0.467382,0.270202,0.278575,0.435595,0.325500,0.293695,0.530147,0.572016,0.311713,0.418292,0.323836,0.476979,0.315647,0.487645,0.468459,0.496548,0.352603,0.436838,0.326435,0.000000,0.250107,0.390942,0.335896,0.186279,0.491831,0.352269,0.503534,0.399018,0.442868,0.269381,0.566252,0.504314,0.323089,0.668688,0.260391,0.367221,0.215412,0.278525,0.399176,0.508899,0.429861,0.494115,0.396955,0.389236,0.355437,0.364934,0.287082,0.455355,0.467519,0.494816,0.576000,0.370096,0.565876,0.642478,0.504841,0.460738,0.453319,0.272941,0.578221,0.309046,0.550387,0.683341,0.452313,0.615774,0.204833,0.469430,0.664987,0.578594,0.373153,0.324588,0.318660,0.505269,0.377102,0.414695,0.549853,0.432055,0.392880
