0.000000,0.288764,0.298497,0.324878,0.338992,0.341092,0.350969,0.359182,0.363873,0.374923,0.395557,0.397759,0.400252,0.415531,0.417852,0.422282,0.422833,0.427430,0.430952,0.431973,0.437790,0.439302,0.441630,0.446433,0.449589,0.450777,0.455097,0.456909,0.458386,0.458785,0.459344,0.461695,0.467707,0.474563,0.476233,0.476852,0.478257,0.479101,0.481244,0.481249,0.481290,0.481542,0.483744,0.484028,0.484855,0.485176,0.486526,0.487088,0.488876,0.489178,0.489858,0.491362,0.491991,0.492832,0.492891,0.492912,0.495155,0.495236,0.496696,0.499984,0.500901,0.502226,0.504086,0.504530,0.505617,0.505913,0.507072,0.507331,0.507527,0.508392,0.511269,0.511303,0.512800,0.514952,0.515222,0.515836,0.516616,0.517126,0.520051,0.520240,0.520372,0.520408,0.521305,0.521307,0.521832,0.522852,0.523294,0.523518,0.523719,0.524259,0.524596,0.524709,0.524899,0.525138,0.525669,0.525892,0.526888,0.526933,0.527068,0.527248,0.528308
0.288764,0.000000,0.228090,0.297338,0.277736,0.532194,0.380821,0.288195,0.280943,0.425897,0.315478,0.471708,0.486451,0.498131,0.405196,0.501456,0.421649,0.455965,0.570529,0.425763,0.388738,0.381958,0.375023,0.512225,0.395057,0.472073,0.346851,0.453081,0.522028,0.484568,0.508969,0.516269,0.473495,0.519883,0.542664,0.428227,0.487607,0.533339,0.495006,0.509272,0.445671,0.492337,0.466567,0.494676,0.499114,0.517799,0.624263,0.495761,0.515502,0.511479,0.443395,0.517178,0.521396,0.447161,0.516125,0.562960,0.500744,0.563950,0.405516,0.440515,0.527274,0.576599,0.378341,0.505543,0.568403,0.388674,0.517861,0.515874,0.479588,0.535854,0.558929,0.557733,0.522883,0.513229,0.504284,0.560676,0.462769,0.460388,0.549145,0.550451,0.512669,0.574872,0.537438,0.575432,0.567926,0.509539,0.532877,0.389392,0.382943,0.491478,0.563820,0.539539,0.570908,0.522867,0.584514,0.572864,0.456173,0.513696,0.405744,0.518181,0.372208
0.298497,0.228090,0.000000,0.140468,0.122281,0.566508,0.367166,0.194644,0.215271,0.380668,0.438428,0.418994,0.386523,0.477464,0.460147,0.413382,0.439547,0.406059,0.582715,0.449369,0.473060,0.506489,0.494222,0.565662,0.457284,0.495799,0.395040,0.433855,0.425274,0.548946,0.536148,0.545772,0.521491,0.474480,0.517481,0.373166,0.453429,0.516559,0.481314,0.402485,0.441691,0.577124,0.493300,0.454924,0.461916,0.499535,0.672271,0.544176,0.486251,0.466189,0.539423,0.443956,0.472792,0.483113,0.504528,0.513356,0.494248,0.526958,0.540980,0.526744,0.509941,0.526538,0.502886,0.427305,0.514746,0.372519,0.473547,0.440880,0.574678,0.506351,0.497073,0.531624,0.526098,0.498739,0.541782,0.516059,0.542573,0.528150,0.512600,0.537836,0.546996,0.525651,0.521814,0.660598,0.430640,0.461266,0.653183,0.427483,0.550353,0.642695,0.667149,0.631101,0.434272,0.450672,0.583445,0.589594,0.482394,0.528400,0.606561,0.570423,0.563031
0.324878,0.297338,0.140468,0.000000,0.158645,0.614476,0.410948,0.289798,0.218831,0.420177,0.473906,0.442221,0.433468,0.502933,0.480368,0.461847,0.495393,0.431345,0.569738,0.501810,0.505474,0.532586,0.635820,0.602525,0.504043,0.570406,0.394487,0.533385,0.405993,0.591761,0.407119,0.566828,0.461742,0.445165,0.420468,0.395557,0.448046,0.521938,0.497014,0.399167,0.492003,0.524981,0.514872,0.426479,0.504657,0.467804,0.680652,0.580495,0.455524,0.467834,0.587843,0.524794,0.479087,0.515054,0.579227,0.556815,0.371404,0.552256,0.601722,0.547578,0.527648,0.526341,0.571925,0.510926,0.564380,0.427632,0.490835,0.547213,0.605264,0.378897,0.491700,0.562738,0.557400,0.548082,0.501098,0.528960,0.596704,0.592934,0.531783,0.540249,0.559093,0.479172,0.400016,0.655901,0.326620,0.497147,0.688899,0.425660,0.586240,0.682412,0.727272,0.508547,0.562414,0.417644,0.572685,0.463892,0.556338,0.581131,0.611895,0.533326,0.609441
0.338992,0.277736,0.122281,0.158645,0.000000,0.589527,0.365035,0.238514,0.211438,0.374887,0.439823,0.409449,0.347281,0.496546,0.444101,0.317063,0.415476,0.386427,0.606033,0.447395,0.441821,0.461196,0.566055,0.566129,0.449554,0.453485,0.399579,0.450165,0.296040,0.544688,0.541317,0.571106,0.467646,0.456105,0.516298,0.436035,0.457527,0.502929,0.445263,0.350689,0.418094,0.613864,0.470767,0.414891,0.440539,0.492310,0.685768,0.548185,0.479132,0.442597,0.526377,0.378128,0.428875,0.442836,0.516496,0.514279,0.462611,0.499921,0.560541,0.496899,0.431743,0.538280,0.524777,0.449986,0.478231,0.420608,0.439453,0.504373,0.579088,0.476898,0.475656,0.545300,0.476547,0.508509,0.491493,0.487650,0.536701,0.510997,0.481214,0.480992,0.519270,0.554842,0.477791,0.662492,0.404362,0.428612,0.669843,0.369159,0.557519,0.634506,0.667857,0.619308,0.510630,0.391096,0.590802,0.555913,0.415737,0.570669,0.554116,0.554054,0.475856
0.341092,0.532194,0.566508,0.614476,0.589527,0.000000,0.520911,0.612129,0.645213,0.540057,0.570870,0.545042,0.560753,0.607369,0.622727,0.603504,0.585751,0.569425,0.522283,0.642623,0.597390,0.657718,0.585595,0.597026,0.563319,0.570441,0.590005,0.625051,0.593978,0.141133,0.579285,0.545779,0.682600,0.591257,0.626598,0.601415,0.577853,0.644088,0.659832,0.572909,0.639895,0.639384,0.554142,0.527423,0.609988,0.566058,0.646888,0.633666,0.597416,0.641961,0.587977,0.665884,0.664012,0.666693,0.544702,0.578732,0.636655,0.606587,0.608570,0.600537,0.562757,0.655008,0.664834,0.592695,0.665323,0.627031,0.616480,0.639064,0.611606,0.658222,0.636184,0.631833,0.526333,0.712101,0.677994,0.586997,0.674848,0.649484,0.666002,0.632948,0.618513,0.650920,0.675926,0.672420,0.704631,0.643240,0.698516,0.631698,0.606848,0.659373,0.493134,0.776439,0.700037,0.698068,0.675619,0.649572,0.643110,0.680948,0.686101,0.711877,0.641928
0.350969,0.380821,0.367166,0.410948,0.365035,0.520911,0.000000,0.416438,0.426611,0.467568,0.349279,0.524241,0.459228,0.531129,0.613033,0.529116,0.525003,0.485208,0.637688,0.589247,0.544647,0.475472,0.572089,0.574262,0.460463,0.573943,0.473792,0.561644,0.490948,0.358621,0.597842,0.560561,0.548860,0.578486,0.663734,0.474813,0.555740,0.637447,0.597831,0.501912,0.535295,0.665823,0.467732,0.435185,0.593552,0.519876,0.646403,0.653015,0.517422,0.555330,0.632872,0.567366,0.618174,0.620001,0.663710,0.632084,0.557507,0.601336,0.616343,0.576889,0.652917,0.584956,0.601206,0.639862,0.600064,0.512425,0.615026,0.615627,0.634046,0.650846,0.500816,0.568319,0.619184,0.535140,0.610583,0.648129,0.617997,0.626843,0.546317,0.544944,0.624041,0.625281,0.567960,0.646041,0.615541,0.515875,0.688965,0.508370,0.512577,0.614982,0.634259,0.725714,0.629581,0.433560,0.634061,0.581650,0.589058,0.367408,0.635036,0.606917,0.572537
0.359182,0.288195,0.194644,0.289798,0.238514,0.612129,0.416438,0.000000,0.186337,0.447233,0.440552,0.432671,0.428591,0.487667,0.471114,0.444211,0.403158,0.441043,0.619134,0.417616,0.481725,0.456070,0.553589,0.578556,0.407542,0.530183,0.379560,0.509221,0.469636,0.595962,0.609739,0.578536,0.502914,0.534981,0.552184,0.456761,0.503464,0.537909,0.460466,0.451659,0.489753,0.610456,0.483752,0.504164,0.516029,0.564182,0.656807,0.546866,0.527148,0.490586,0.535927,0.457151,0.487716,0.500148,0.560798,0.578760,0.543632,0.560823,0.553125,0.504918,0.541025,0.580835,0.576702,0.515352,0.533903,0.417590,0.530894,0.503985,0.570766,0.553540,0.570805,0.604225,0.544484,0.546978,0.516104,0.593275,0.440173,0.573771,0.572189,0.516645,0.537603,0.579268,0.550859,0.676820,0.553008,0.503420,0.619132,0.434212,0.559310,0.630006,0.601225,0.632235,0.549040,0.513311,0.561841,0.613924,0.519234,0.469422,0.578750,0.557446,0.575645
0.363873,0.280943,0.215271,0.218831,0.211438,0.645213,0.426611,0.186337,0.000000,0.467359,0.457612,0.498564,0.453222,0.501318,0.449927,0.451137,0.484846,0.464964,0.635777,0.460788,0.471997,0.447139,0.621564,0.584869,0.497273,0.560821,0.380238,0.516566,0.480756,0.610604,0.553226,0.634193,0.470111,0.492840,0.521459,0.430448,0.505933,0.598043,0.498070,0.491591,0.520280,0.620985,0.502981,0.525110,0.508228,0.595828,0.637584,0.596016,0.527501,0.549901,0.529793,0.516485,0.501879,0.498888,0.637226,0.573987,0.494984,0.583500,0.583536,0.578018,0.583909,0.541228,0.537020,0.563493,0.573819,0.462216,0.537423,0.563606,0.628010,0.480123,0.602350,0.633850,0.581072,0.562051,0.520564,0.609918,0.547940,0.538529,0.564067,0.552695,0.586544,0.566092,0.481012,0.713044,0.442751,0.543734,0.668232,0.432589,0.580862,0.635151,0.656396,0.567438,0.581268,0.440870,0.580094,0.548680,0.532206,0.553848,0.610866,0.568604,0.561246
0.374923,0.425897,0.380668,0.420177,0.374887,0.540057,0.467568,0.447233,0.467359,0.000000,0.500710,0.557850,0.462905,0.678433,0.551697,0.501060,0.476282,0.360040,0.650345,0.476579,0.525549,0.558178,0.549949,0.472912,0.495260,0.484714,0.423439,0.477539,0.482583,0.510622,0.607757,0.521979,0.657440,0.576442,0.532134,0.481398,0.299874,0.551092,0.489351,0.548045,0.424566,0.628066,0.521727,0.530614,0.504753,0.567278,0.797391,0.526388,0.606819,0.241326,0.563751,0.590304,0.471041,0.484995,0.546783,0.389811,0.600369,0.552985,0.498385,0.487868,0.511859,0.697190,0.609497,0.518401,0.436606,0.597530,0.558486,0.495120,0.501762,0.591469,0.476212,0.514483,0.483306,0.641114,0.545825,0.530374,0.556854,0.534553,0.544324,0.611668,0.529828,0.468028,0.680974,0.593865,0.619705,0.535627,0.611148,0.583287,0.602387,0.661148,0.599677,0.637899,0.427194,0.644649,0.658852,0.586321,0.601375,0.485256,0.494904,0.576365,0.557217
0.395557,0.315478,0.438428,0.473906,0.439823,0.570870,0.349279,0.440552,0.457612,0.500710,0.000000,0.489832,0.552228,0.608346,0.433427,0.566847,0.466607,0.497906,0.594387,0.496623,0.392562,0.388116,0.439193,0.523701,0.432456,0.469019,0.367414,0.514207,0.551141,0.435534,0.568948,0.613244,0.490853,0.576493,0.573019,0.620787,0.549017,0.649225,0.436833,0.477264,0.489586,0.557506,0.388116,0.522550,0.471496,0.636437,0.603525,0.490329,0.575775,0.600150,0.475279,0.582261,0.543614,0.493296,0.591455,0.620259,0.451030,0.647583,0.574330,0.456334,0.539476,0.676897,0.541970,0.560616,0.556580,0.327093,0.460157,0.539067,0.518667,0.544783,0.524403,0.545512,0.529831,0.512978,0.426579,0.545219,0.464299,0.501825,0.625032,0.533791,0.541912,0.591165,0.485137,0.588277,0.622494,0.528848,0.504285,0.303701,0.401110,0.552057,0.509818,0.611709,0.597780,0.545967,0.562094,0.516831,0.457484,0.545519,0.489756,0.387167,0.418041
0.397759,0.471708,0.418994,0.442221,0.409449,0.545042,0.524241,0.432671,0.498564,0.557850,0.489832,0.000000,0.460614,0.514054,0.439968,0.394447,0.467260,0.530690,0.609017,0.545209,0.431381,0.571476,0.507785,0.638487,0.398330,0.552843,0.577976,0.592876,0.449523,0.580875,0.646810,0.662998,0.535352,0.585570,0.668290,0.626183,0.549928,0.438900,0.472969,0.110419,0.612848,0.646058,0.497030,0.485681,0.562117,0.511003,0.725846,0.486866,0.539300,0.581999,0.600740,0.504849,0.505981,0.532338,0.446453,0.636844,0.544676,0.546816,0.639473,0.489852,0.496990,0.548440,0.714723,0.482830,0.595708,0.476015,0.344113,0.619353,0.577477,0.555738,0.509157,0.499237,0.459158,0.553255,0.379386,0.502105,0.480330,0.560934,0.485430,0.441231,0.504610,0.690085,0.549587,0.614846,0.686818,0.573852,0.661213,0.474176,0.528650,0.646141,0.684644,0.638014,0.648702,0.537233,0.637690,0.607752,0.506379,0.659516,0.589902,0.504392,0.504931
0.400252,0.486451,0.386523,0.433468,0.347281,0.560753,0.459228,0.428591,0.453222,0.462905,0.552228,0.460614,0.000000,0.424696,0.512897,0.237062,0.385119,0.542072,0.601803,0.464220,0.516730,0.565078,0.609924,0.596128,0.606674,0.536789,0.643185,0.467639,0.120589,0.592366,0.596168,0.709693,0.578536,0.470210,0.630969,0.520838,0.531645,0.394831,0.552620,0.508148,0.477158,0.598293,0.674223,0.426921,0.498577,0.530333,0.649018,0.614715,0.505431,0.519653,0.634468,0.463188,0.530025,0.595871,0.490798,0.540656,0.607193,0.357637,0.583027,0.568881,0.523519,0.458678,0.497390,0.568762,0.536720,0.561721,0.560532,0.580700,0.578541,0.646925,0.395947,0.461947,0.536844,0.612941,0.528996,0.568816,0.597418,0.529573,0.333258,0.518980,0.658100,0.476506,0.600243,0.691126,0.462449,0.489298,0.646164,0.559291,0.638774,0.686675,0.751645,0.646327,0.488612,0.388757,0.545923,0.668623,0.555989,0.611421,0.620943,0.661555,0.612595
0.415531,0.498131,0.477464,0.502933,0.496546,0.607369,0.531129,0.487667,0.501318,0.678433,0.608346,0.514054,0.424696,0.000000,0.548250,0.562994,0.499499,0.623080,0.496436,0.498762,0.677068,0.645363,0.698373,0.677870,0.605919,0.643788,0.691693,0.507193,0.489274,0.622588,0.622538,0.679706,0.591700,0.516103,0.712847,0.472787,0.716058,0.575004,0.712436,0.614390,0.584834,0.701353,0.658589,0.458891,0.653425,0.579607,0.463785,0.693695,0.479888,0.680872,0.717046,0.616288,0.725021,0.752781,0.683870,0.680918,0.676572,0.390350,0.692144,0.681370,0.712789,0.309627,0.472632,0.707753,0.686213,0.667754,0.704406,0.698836,0.679274,0.691749,0.657259,0.673363,0.665459,0.618882,0.690424,0.769223,0.695988,0.662189,0.494402,0.627676,0.743470,0.653775,0.663437,0.788662,0.513687,0.693424,0.708841,0.677433,0.659341,0.621287,0.714221,0.741183,0.681424,0.293981,0.354670,0.782678,0.651796,0.628615,0.697423,0.762845,0.727574
0.417852,0.405196,0.460147,0.480368,0.444101,0.622727,0.613033,0.471114,0.449927,0.551697,0.433427,0.439968,0.512897,0.548250,0.000000,0.435041,0.434842,0.572702,0.529230,0.464680,0.332508,0.436840,0.477677,0.566096,0.521472,0.487428,0.512616,0.494655,0.510679,0.628676,0.619618,0.627082,0.520879,0.571628,0.521692,0.596883,0.559150,0.525041,0.400932,0.451267,0.489832,0.501082,0.601614,0.506692,0.439380,0.572398,0.604969,0.526609,0.526742,0.659862,0.425539,0.487555,0.463935,0.414282,0.551252,0.612108,0.531606,0.505852,0.513832,0.509809,0.549096,0.623224,0.515902,0.513337,0.497704,0.507956,0.458058,0.535361,0.536554,0.568239,0.620702,0.607342,0.552579,0.568773,0.399377,0.527823,0.469888,0.442758,0.582774,0.453237,0.553963,0.593229,0.488592,0.615258,0.553049,0.540512,0.568353,0.490541,0.522396,0.608980,0.601494,0.596195,0.641299,0.556895,0.581140,0.547944,0.441047,0.700158,0.507935,0.495972,0.474259
0.422282,0.501456,0.413382,0.461847,0.317063,0.603504,0.529116,0.444211,0.451137,0.501060,0.566847,0.394447,0.237062,0.562994,0.435041,0.000000,0.457652,0.513340,0.695656,0.518778,0.467806,0.530786,0.587768,0.639562,0.543398,0.505276,0.630139,0.519826,0.222102,0.659970,0.584554,0.675461,0.449098,0.542258,0.653403,0.602137,0.541591,0.359944,0.507101,0.405857,0.564037,0.635710,0.594819,0.531084,0.426711,0.574422,0.706706,0.591744,0.560120,0.529244,0.576772,0.338101,0.498355,0.548119,0.494547,0.577279,0.502545,0.464637,0.618771,0.569539,0.496487,0.543231,0.562646,0.527669,0.544920,0.556163,0.495051,0.614187,0.611218,0.569311,0.431345,0.470277,0.452799,0.464165,0.448705,0.550905,0.542947,0.548172,0.431468,0.439913,0.620887,0.587369,0.476933,0.693138,0.460930,0.474384,0.682887,0.537493,0.531343,0.547225,0.755160,0.639129,0.583883,0.499106,0.654854,0.553042,0.491926,0.679281,0.609620,0.605444,0.567771
0.422833,0.421649,0.439547,0.495393,0.415476,0.585751,0.525003,0.403158,0.484846,0.476282,0.466607,0.467260,0.385119,0.499499,0.434842,0.457652,0.000000,0.468523,0.592945,0.265859,0.393437,0.530804,0.452518,0.440388,0.395586,0.382967,0.511178,0.333664,0.444525,0.549833,0.561912,0.603354,0.625646,0.507313,0.448518,0.537640,0.504267,0.586184,0.405827,0.536382,0.300534,0.601389,0.617970,0.547299,0.405052,0.651271,0.581862,0.478135,0.608774,0.546774,0.442462,0.530978,0.433496,0.447016,0.409780,0.481837,0.579308,0.518457,0.415351,0.461692,0.459197,0.653652,0.614440,0.435137,0.389092,0.510585,0.501091,0.415110,0.491118,0.626396,0.463518,0.446469,0.460078,0.673972,0.524339,0.431438,0.428397,0.347265,0.566632,0.559051,0.414444,0.488283,0.616272,0.575900,0.650808,0.560507,0.591784,0.499328,0.538518,0.662666,0.553134,0.650160,0.465440,0.575667,0.541818,0.591184,0.492905,0.612625,0.408926,0.567068,0.446540
0.427430,0.455965,0.406059,0.431345,0.386427,0.569425,0.485208,0.441043,0.464964,0.360040,0.497906,0.530690,0.542072,0.623080,0.572702,0.513340,0.468523,0.000000,0.673755,0.476348,0.463385,0.547116,0.564909,0.373468,0.369102,0.379615,0.418283,0.531104,0.496062,0.542678,0.543166,0.482612,0.627008,0.568749,0.405085,0.514048,0.463345,0.554144,0.362576,0.490819,0.464698,0.721609,0.466770,0.565715,0.454318,0.561318,0.797192,0.545179,0.664714,0.367307,0.549348,0.601898,0.400655,0.429422,0.500913,0.333647,0.517086,0.571102,0.413348,0.497190,0.421470,0.712274,0.662239,0.431952,0.410526,0.530442,0.500838,0.354115,0.538596,0.522702,0.500131,0.473395,0.434285,0.651356,0.512486,0.391272,0.532036,0.540091,0.701210,0.549721,0.520063,0.652247,0.587859,0.582781,0.649335,0.615297,0.677800,0.518349,0.533225,0.669716,0.611301,0.701944,0.453824,0.619640,0.737327,0.557539,0.483331,0.571596,0.507084,0.474737,0.560454
0.430952,0.570529,0.582715,0.569738,0.606033,0.522283,0.637688,0.619134,0.635777,0.650345,0.594387,0.609017,0.601803,0.496436,0.529230,0.695656,0.592945,0.673755,0.000000,0.554747,0.636761,0.629207,0.615552,0.659267,0.699872,0.628280,0.681705,0.524393,0.617074,0.565805,0.598052,0.658567,0.677892,0.677731,0.595036,0.644544,0.664578,0.638553,0.674503,0.668377,0.568282,0.602403,0.761506,0.435350,0.631404,0.554116,0.445934,0.641592,0.374133,0.671247,0.667016,0.578337,0.677680,0.687872,0.669122,0.693798,0.675222,0.560153,0.669373,0.662053,0.701964,0.517465,0.539859,0.720719,0.615958,0.658345,0.734733,0.640383,0.628067,0.727352,0.769409,0.750853,0.706638,0.684701,0.680362,0.708219,0.709813,0.684564,0.627433,0.646190,0.627321,0.591891,0.714340,0.687277,0.571686,0.586134,0.592717,0.682052,0.709007,0.670068,0.631524,0.681798,0.729535,0.586112,0.452871,0.731601,0.652477,0.757787,0.667526,0.703382,0.700244
0.431973,0.425763,0.449369,0.501810,0.447395,0.642623,0.589247,0.417616,0.460788,0.476579,0.496623,0.545209,0.464220,0.498762,0.464680,0.518778,0.265859,0.476348,0.554747,0.000000,0.452979,0.569122,0.571682,0.459447,0.515821,0.411800,0.526235,0.335756,0.484337,0.631441,0.558390,0.645649,0.589162,0.605241,0.444905,0.470379,0.549775,0.635422,0.491762,0.627630,0.186993,0.629597,0.642017,0.592183,0.426620,0.635459,0.635267,0.475625,0.596450,0.589263,0.541175,0.539473,0.524574,0.530686,0.477754,0.440079,0.615408,0.586834,0.420122,0.530028,0.501778,0.637135,0.589390,0.537234,0.443674,0.597791,0.603272,0.429910,0.526559,0.703182,0.590428,0.545508,0.535110,0.653261,0.596193,0.565506,0.598999,0.437162,0.588045,0.614178,0.492927,0.537967,0.627878,0.693894,0.628871,0.588352,0.595784,0.589871,0.569473,0.600474,0.575591,0.656355,0.474225,0.587475,0.547115,0.649292,0.513352,0.614956,0.436967,0.581925,0.569837
0.437790,0.388738,0.473060,0.505474,0.441821,0.597390,0.544647,0.481725,0.471997,0.525549,0.392562,0.431381,0.516730,0.677068,0.332508,0.467806,0.393437,0.463385,0.636761,0.452979,0.000000,0.396787,0.405825,0.499693,0.427638,0.385894,0.466334,0.527009,0.522857,0.595842,0.590094,0.622985,0.522382,0.589620,0.473901,0.681404,0.545457,0.575193,0.311297,0.450799,0.471417,0.483088,0.538220,0.622079,0.373159,0.594102,0.730273,0.461758,0.698832,0.626022,0.334813,0.449343,0.395664,0.310647,0.366754,0.517814,0.472916,0.643276,0.421284,0.408105,0.399693,0.738495,0.623393,0.352251,0.462844,0.467274,0.399508,0.429871,0.424359,0.531033,0.580892,0.537787,0.426759,0.615153,0.427253,0.420979,0.373909,0.376481,0.651228,0.442650,0.464701,0.632013,0.488927,0.451624,0.659793,0.550965,0.585033,0.453262,0.444788,0.656959,0.581563,0.590491,0.568512,0.672014,0.740240,0.429694,0.367052,0.674373,0.440269,0.409865,0.389293
0.439302,0.381958,0.506489,0.532586,0.461196,0.657718,0.475472,0.456070,0.447139,0.558178,0.388116,0.571476,0.565078,0.645363,0.436840,0.530786,0.530804,0.547116,0.629207,0.569122,0.396787,0.000000,0.470491,0.588930,0.447540,0.532210,0.431482,0.607445,0.539239,0.591726,0.640245,0.589431,0.289441,0.626616,0.660439,0.617791,0.595142,0.603835,0.439600,0.575545,0.588663,0.540880,0.432580,0.540396,0.536373,0.591523,0.600070,0.551581,0.613351,0.593407,0.417969,0.481924,0.481500,0.401824,0.560924,0.653948,0.555190,0.614367,0.628803,0.451589,0.580195,0.653051,0.564141,0.522680,0.555665,0.528259,0.520776,0.626443,0.453961,0.488500,0.651542,0.652289,0.559833,0.372194,0.458914,0.604514,0.422688,0.554750,0.648921,0.509861,0.572157,0.696384,0.566933,0.572542,0.652205,0.496889,0.522757,0.502959,0.566906,0.527304,0.552513,0.428220,0.727482,0.597319,0.622063,0.562399,0.493229,0.593934,0.495118,0.433532,0.448065
0.441630,0.375023,0.494222,0.635820,0.566055,0.585595,0.572089,0.553589,0.621564,0.549949,0.439193,0.507785,0.609924,0.698373,0.477677,0.587768,0.452518,0.564909,0.615552,0.571682,0.405825,0.470491,0.000000,0.590609,0.417914,0.525873,0.592916,0.558791,0.633195,0.573269,0.622585,0.561403,0.565973,0.650460,0.616888,0.664352,0.611374,0.579816,0.458634,0.565137,0.566235,0.498483,0.593166,0.663063,0.536032,0.648873,0.716577,0.474277,0.710493,0.609173,0.392934,0.598902,0.491458,0.436617,0.429341,0.615973,0.609183,0.666713,0.505252,0.415495,0.570072,0.739313,0.572066,0.433153,0.573633,0.516971,0.528030,0.515859,0.477298,0.574439,0.603351,0.560084,0.520971,0.538283,0.575494,0.523513,0.346736,0.475191,0.693573,0.611926,0.504056,0.686120,0.692599,0.402526,0.711495,0.607754,0.500173,0.566332,0.524766,0.586350,0.604776,0.592336,0.556050,0.758894,0.771164,0.605001,0.521129,0.699051,0.448629,0.550764,0.161945
0.446433,0.512225,0.565662,0.602525,0.566129,0.597026,0.574262,0.578556,0.584869,0.472912,0.523701,0.638487,0.596128,0.677870,0.566096,0.639562,0.440388,0.373468,0.659267,0.459447,0.499693,0.588930,0.590609,0.000000,0.546631,0.347516,0.511255,0.511335,0.641371,0.569230,0.600401,0.611734,0.689658,0.584302,0.303241,0.562429,0.588284,0.731520,0.471045,0.657137,0.383558,0.763851,0.575803,0.699472,0.490053,0.675807,0.716453,0.604330,0.775681,0.600901,0.525176,0.704244,0.474989,0.414671,0.453033,0.361464,0.602556,0.664836,0.265057,0.552389,0.446478,0.782872,0.696551,0.547246,0.403622,0.641535,0.614710,0.254151,0.550983,0.641236,0.653769,0.613564,0.515190,0.751231,0.588858,0.455905,0.553897,0.469609,0.746508,0.646031,0.555142,0.620602,0.683775,0.586586,0.758813,0.725871,0.593842,0.630790,0.594209,0.624946,0.500474,0.626968,0.444784,0.715908,0.719102,0.632575,0.577933,0.634202,0.485552,0.629291,0.580448
0.449589,0.395057,0.457284,0.504043,0.449554,0.563319,0.460463,0.407542,0.497273,0.495260,0.432456,0.398330,0.606674,0.605919,0.521472,0.543398,0.395586,0.369102,0.699872,0.515821,0.427638,0.447540,0.417914,0.546631,0.000000,0.489558,0.412425,0.618795,0.587939,0.479072,0.607771,0.452178,0.550300,0.565008,0.589002,0.534158,0.462303,0.527578,0.387315,0.425194,0.524359,0.661469,0.366752,0.545124,0.530667,0.573022,0.724137,0.483905,0.646745,0.460873,0.496691,0.573805,0.419967,0.408283,0.500187,0.512338,0.543987,0.603260,0.527913,0.443513,0.480945,0.743301,0.704069,0.396949,0.515844,0.497895,0.415566,0.532327,0.509827,0.469705,0.468692,0.469073,0.393943,0.569184,0.428221,0.418811,0.357283,0.524494,0.702940,0.521126,0.409340,0.707115,0.640061,0.443210,0.758250,0.600626,0.643583,0.480115,0.513576,0.659543,0.630083,0.667412,0.621975,0.667545,0.725894,0.554422,0.477129,0.597925,0.508235,0.472763,0.414715
0.450777,0.472073,0.495799,0.570406,0.453485,0.570441,0.573943,0.530183,0.560821,0.484714,0.469019,0.552843,0.536789,0.643788,0.487428,0.505276,0.382967,0.379615,0.628280,0.411800,0.385894,0.532210,0.525873,0.347516,0.489558,0.000000,0.510391,0.441149,0.516791,0.540768,0.562880,0.619934,0.597578,0.549639,0.418544,0.635309,0.574378,0.673654,0.359423,0.546318,0.376711,0.747689,0.570854,0.670971,0.329202,0.707466,0.667952,0.514838,0.756233,0.596941,0.420512,0.488163,0.398810,0.370764,0.415218,0.422355,0.440669,0.629248,0.395797,0.498200,0.350038,0.788215,0.646559,0.362504,0.275916,0.547447,0.493520,0.366445,0.509677,0.631368,0.619144,0.546194,0.371094,0.626921,0.562846,0.370603,0.502106,0.367969,0.710708,0.555387,0.443580,0.643382,0.558260,0.550551,0.697817,0.536303,0.572592,0.548222,0.373986,0.561406,0.545604,0.686233,0.460495,0.701180,0.708837,0.529643,0.357452,0.666366,0.459950,0.496964,0.535854
0.455097,0.346851,0.395040,0.394487,0.399579,0.590005,0.473792,0.379560,0.380238,0.423439,0.367414,0.577976,0.643185,0.691693,0.512616,0.630139,0.511178,0.418283,0.681705,0.526235,0.466334,0.431482,0.592916,0.511255,0.412425,0.510391,0.000000,0.569967,0.618468,0.489644,0.562318,0.513147,0.580155,0.568292,0.478483,0.510712,0.474386,0.699556,0.435455,0.525457,0.486858,0.669339,0.299925,0.586904,0.531334,0.648838,0.757428,0.566932,0.691693,0.540872,0.504027,0.677117,0.475334,0.414669,0.595438,0.505373,0.448507,0.687350,0.559124,0.542026,0.492835,0.761110,0.703817,0.507143,0.468058,0.421558,0.451757,0.490943,0.522242,0.450206,0.608730,0.619327,0.525965,0.611228,0.498322,0.508905,0.558155,0.547452,0.683538,0.657514,0.475924,0.650206,0.503739,0.594232,0.636261,0.592243,0.651591,0.404044,0.500286,0.684084,0.462354,0.637795,0.583542,0.659305,0.747927,0.503517,0.501960,0.460159,0.489186,0.515066,0.565016
0.456909,0.453081,0.433855,0.533385,0.450165,0.625051,0.561644,0.509221,0.516566,0.477539,0.514207,0.592876,0.467639,0.507193,0.494655,0.519826,0.333664,0.531104,0.524393,0.335756,0.527009,0.607445,0.558791,0.511335,0.618795,0.441149,0.569967,0.000000,0.500785,0.591406,0.597084,0.718727,0.680347,0.617164,0.586488,0.524616,0.530739,0.632141,0.568025,0.621864,0.347599,0.601972,0.660048,0.547364,0.452593,0.636343,0.592842,0.516145,0.598348,0.610089,0.597547,0.541645,0.612820,0.548213,0.605182,0.504860,0.653957,0.607460,0.544290,0.589049,0.611812,0.576290,0.568317,0.575184,0.445716,0.577691,0.606641,0.514675,0.586739,0.746591,0.580980,0.518885,0.581289,0.658323,0.646246,0.597573,0.654875,0.486824,0.505108,0.655827,0.538043,0.439053,0.681221,0.701686,0.616777,0.486905,0.568862,0.590380,0.598798,0.626229,0.570232,0.713353,0.498572,0.564951,0.524338,0.693843,0.580963,0.629291,0.526960,0.651068,0.582825
0.458386,0.522028,0.425274,0.405993,0.296040,0.593978,0.490948,0.469636,0.480756,0.482583,0.551141,0.449523,0.120589,0.489274,0.510679,0.222102,0.444525,0.496062,0.617074,0.484337,0.522857,0.539239,0.633195,0.641371,0.587939,0.516791,0.618468,0.500785,0.000000,0.592123,0.566489,0.716568,0.525142,0.508330,0.608213,0.559135,0.539194,0.402798,0.532072,0.410760,0.485345,0.630612,0.638203,0.420818,0.488370,0.528394,0.683134,0.610118,0.519472,0.515690,0.616071,0.455304,0.504842,0.577318,0.501107,0.550099,0.525707,0.416800,0.621946,0.543879,0.438571,0.478838,0.591811,0.552745,0.541538,0.563241,0.519576,0.595621,0.570760,0.591556,0.443218,0.503918,0.501233,0.586804,0.502975,0.558961,0.625068,0.550859,0.403553,0.488969,0.626302,0.550168,0.521226,0.686712,0.477858,0.488410,0.677521,0.518733,0.605841,0.676983,0.737981,0.623347,0.577777,0.403725,0.593809,0.595394,0.492953,0.644913,0.588356,0.618099,0.554363
0.458785,0.484568,0.548946,0.591761,0.544688,0.141133,0.358621,0.595962,0.610604,0.510622,0.435534,0.580875,0.592366,0.622588,0.628676,0.659970,0.549833,0.542678,0.565805,0.631441,0.595842,0.591726,0.573269,0.569230,0.479072,0.540768,0.489644,0.591406,0.592123,0.000000,0.578934,0.554147,0.647003,0.592539,0.616832,0.534430,0.526825,0.706271,0.645728,0.553735,0.529379,0.682927,0.459985,0.460862,0.584381,0.583326,0.648193,0.640193,0.583666,0.618643,0.576128,0.704669,0.654194,0.618112,0.598959,0.564652,0.595207,0.606742,0.592905,0.548610,0.554167,0.694441,0.669897,0.591742,0.607487,0.565285,0.595705,0.602162,0.593336,0.641847,0.565769,0.594318,0.538257,0.645462,0.650017,0.594841,0.653607,0.600834,0.677677,0.638371,0.574702,0.641075,0.667352,0.648493,0.714527,0.589772,0.708244,0.541883,0.543229,0.615876,0.463360,0.796947,0.649467,0.613589,0.682522,0.626660,0.623764,0.574089,0.610532,0.667779,0.563759
0.459344,0.508969,0.536148,0.407119,0.541317,0.579285,0.597842,0.609739,0.553226,0.607757,0.568948,0.646810,0.596168,0.622538,0.619618,0.584554,0.561912,0.543166,0.598052,0.558390,0.590094,0.640245,0.622585,0.600401,0.607771,0.562880,0.562318,0.597084,0.566489,0.578934,0.000000,0.651740,0.494669,0.491182,0.438556,0.581836,0.611980,0.642421,0.565669,0.672306,0.549369,0.546321,0.673040,0.708028,0.474281,0.726429,0.697612,0.577083,0.740466,0.636222,0.526479,0.688195,0.586243,0.629355,0.641222,0.529563,0.459976,0.660102,0.603031,0.559542,0.622655,0.719551,0.622082,0.625257,0.602522,0.618477,0.555130,0.610853,0.600675,0.507349,0.586975,0.612400,0.521488,0.615032,0.655949,0.569306,0.650765,0.542517,0.777156,0.758344,0.539256,0.604639,0.526737,0.642468,0.464099,0.727608,0.620594,0.612973,0.647705,0.604543,0.653039,0.530721,0.635046,0.649754,0.710815,0.473623,0.608087,0.708763,0.501145,0.617855,0.610672
0.461695,0.516269,0.545772,0.566828,0.571106,0.545779,0.560561,0.578536,0.634193,0.521979,0.613244,0.662998,0.709693,0.679706,0.627082,0.675461,0.603354,0.482612,0.658567,0.645649,0.622985,0.589431,0.561403,0.611734,0.452178,0.619934,0.513147,0.718727,0.716568,0.554147,0.651740,0.000000,0.721617,0.670210,0.558767,0.594893,0.585831,0.682336,0.610923,0.679933,0.640173,0.733555,0.537836,0.624953,0.640626,0.578404,0.707288,0.640352,0.640529,0.549360,0.620691,0.697452,0.606082,0.555024,0.679140,0.611641,0.656114,0.581951,0.580997,0.629766,0.635108,0.778848,0.629161,0.584008,0.596107,0.680653,0.666887,0.596175,0.645559,0.581190,0.599874,0.631182,0.664285,0.703013,0.646569,0.603800,0.579537,0.657617,0.795434,0.698114,0.619013,0.688308,0.729711,0.509768,0.675818,0.644210,0.694093,0.685403,0.647650,0.712371,0.663556,0.738475,0.722169,0.683195,0.699599,0.653076,0.707538,0.652299,0.643476,0.646686,0.650112
0.467707,0.473495,0.521491,0.461742,0.467646,0.682600,0.548860,0.502914,0.470111,0.657440,0.490853,0.535352,0.578536,0.591700,0.520879,0.449098,0.625646,0.627008,0.677892,0.589162,0.522382,0.289441,0.565973,0.689658,0.550300,0.597578,0.580155,0.680347,0.525142,0.647003,0.494669,0.721617,0.000000,0.593177,0.652632,0.649328,0.667086,0.578177,0.536242,0.569682,0.648379,0.515291,0.536541,0.596176,0.462801,0.650029,0.600158,0.635035,0.620726,0.711741,0.542146,0.501204,0.536236,0.564287,0.650053,0.734085,0.446276,0.649205,0.713630,0.588667,0.688216,0.616185,0.607515,0.645592,0.615490,0.594871,0.532104,0.719007,0.627034,0.427832,0.614455,0.619500,0.551533,0.149373,0.499047,0.698239,0.561434,0.607336,0.646348,0.481837,0.662155,0.694837,0.399849,0.696272,0.505742,0.543944,0.617604,0.584210,0.548642,0.299980,0.695993,0.461607,0.726260,0.581519,0.602356,0.438905,0.537487,0.708588,0.539566,0.470011,0.571706
0.474563,0.519883,0.474480,0.445165,0.456105,0.591257,0.578486,0.534981,0.492840,0.576442,0.576493,0.585570,0.470210,0.516103,0.571628,0.542258,0.507313,0.568749,0.677731,0.605241,0.589620,0.626616,0.650460,0.584302,0.565008,0.549639,0.568292,0.617164,0.508330,0.592539,0.491182,0.670210,0.593177,0.000000,0.533260,0.513091,0.578228,0.624671,0.543852,0.596755,0.545873,0.701011,0.584284,0.591106,0.511847,0.693578,0.754821,0.639167,0.649729,0.619661,0.578520,0.710952,0.487055,0.508651,0.548055,0.506346,0.514561,0.559550,0.584219,0.596360,0.524982,0.606347,0.631374,0.511407,0.577625,0.593256,0.562519,0.588027,0.621750,0.527258,0.527051,0.591111,0.491328,0.610950,0.594135,0.522132,0.638054,0.552274,0.592801,0.630095,0.522953,0.633776,0.609100,0.669368,0.554581,0.722946,0.719603,0.585640,0.604649,0.680593,0.686369,0.677141,0.578992,0.545973,0.704466,0.558526,0.559231,0.661398,0.582788,0.628579,0.620158
0.476233,0.542664,0.517481,0.420468,0.516298,0.626598,0.663734,0.552184,0.521459,0.532134,0.573019,0.668290,0.630969,0.712847,0.521692,0.653403,0.448518,0.405085,0.595036,0.444905,0.473901,0.660439,0.616888,0.303241,0.589002,0.418544,0.478483,0.586488,0.608213,0.616832,0.438556,0.558767,0.652632,0.533260,0.000000,0.579990,0.595952,0.743672,0.453631,0.648487,0.404669,0.651155,0.590665,0.717521,0.448384,0.697554,0.787944,0.626344,0.739365,0.638577,0.495938,0.710423,0.474484,0.437491,0.480531,0.405305,0.418678,0.699470,0.197050,0.615805,0.471887,0.831958,0.753043,0.468833,0.391052,0.615712,0.568695,0.136671,0.590541,0.453947,0.655966,0.633605,0.563390,0.786651,0.589939,0.437532,0.641945,0.495239,0.802372,0.680011,0.505453,0.512570,0.497710,0.582153,0.551347,0.708413,0.678104,0.603773,0.624810,0.741446,0.607016,0.566339,0.428234,0.717396,0.732950,0.447997,0.576877,0.675914,0.522331,0.608637,0.634146
0.476852,0.428227,0.373166,0.395557,0.436035,0.601415,0.474813,0.456761,0.430448,0.481398,0.620787,0.626183,0.520838,0.472787,0.596883,0.602137,0.537640,0.514048,0.644544,0.470379,0.681404,0.617791,0.664352,0.562429,0.534158,0.635309,0.510712,0.524616,0.559135,0.534430,0.581836,0.594893,0.649328,0.513091,0.579990,0.000000,0.530118,0.594027,0.629160,0.616618,0.478485,0.700985,0.597203,0.485574,0.635010,0.598394,0.725465,0.679873,0.578925,0.500764,0.707397,0.654565,0.603985,0.654457,0.655853,0.545444,0.635365,0.548371,0.554047,0.658707,0.671898,0.535973,0.618065,0.659840,0.613237,0.672961,0.691350,0.581836,0.689022,0.627510,0.584685,0.620933,0.635512,0.683790,0.681592,0.663411,0.712745,0.627940,0.617657,0.674864,0.627816,0.554075,0.697984,0.723086,0.579183,0.615865,0.749822,0.682966,0.655316,0.710941,0.672420,0.700992,0.577449,0.481823,0.646876,0.735083,0.674182,0.531393,0.658530,0.715243,0.662903
0.478257,0.487607,0.453429,0.448046,0.457527,0.577853,0.555740,0.503464,0.505933,0.299874,0.549017,0.549928,0.531645,0.716058,0.559150,0.541591,0.504267,0.463345,0.664578,0.549775,0.545457,0.595142,0.611374,0.588284,0.462303,0.574378,0.474386,0.530739,0.539194,0.526825,0.611980,0.585831,0.667086,0.578228,0.595952,0.530118,0.000000,0.562853,0.556123,0.512173,0.519699,0.641401,0.544370,0.544635,0.499263,0.498264,0.783443,0.553788,0.606502,0.329083,0.588266,0.632667,0.531177,0.505159,0.602349,0.527036,0.660994,0.626470,0.575362,0.532182,0.524347,0.697794,0.715742,0.498970,0.486106,0.571060,0.541662,0.573015,0.578797,0.630780,0.356492,0.389210,0.554695,0.662479,0.557604,0.500194,0.542510,0.551483,0.564889,0.614139,0.467849,0.494853,0.680860,0.540090,0.696553,0.551015,0.667490,0.555483,0.645975,0.694622,0.619078,0.706831,0.502905,0.675205,0.666551,0.589633,0.617363,0.566097,0.576937,0.556851,0.592933
0.479101,0.533339,0.516559,0.521938,0.502929,0.644088,0.637447,0.537909,0.598043,0.551092,0.649225,0.438900,0.394831,0.575004,0.525041,0.359944,0.586184,0.554144,0.638553,0.635422,0.575193,0.603835,0.579816,0.731520,0.527578,0.673654,0.699556,0.632141,0.402798,0.706271,0.642421,0.682336,0.578177,0.624671,0.743672,0.594027,0.562853,0.000000,0.560024,0.463054,0.661978,0.540130,0.707517,0.463572,0.646022,0.478879,0.753198,0.629621,0.517261,0.540601,0.658920,0.498403,0.532531,0.666829,0.607533,0.637858,0.656749,0.465957,0.681054,0.599761,0.653179,0.560138,0.592063,0.610006,0.644160,0.630125,0.578366,0.727911,0.663117,0.586479,0.486010,0.527466,0.573261,0.601764,0.461129,0.645407,0.587271,0.635519,0.469076,0.465407,0.633800,0.588927,0.685279,0.629276,0.547057,0.542345,0.656127,0.621883,0.704624,0.661999,0.810472,0.662611,0.701704,0.578382,0.667390,0.680963,0.653004,0.757798,0.638311,0.659944,0.576210
0.481244,0.495006,0.481314,0.497014,0.445263,0.659832,0.597831,0.460466,0.498070,0.489351,0.436833,0.472969,0.552620,0.712436,0.400932,0.507101,0.405827,0.362576,0.674503,0.491762,0.311297,0.439600,0.458634,0.471045,0.387315,0.359423,0.435455,0.568025,0.532072,0.645728,0.565669,0.610923,0.536242,0.543852,0.453631,0.629160,0.556123,0.560024,0.000000,0.445980,0.499870,0.604075,0.529228,0.669309,0.376718,0.702877,0.768879,0.425700,0.750307,0.527518,0.398412,0.545740,0.186758,0.302227,0.394696,0.444473,0.455613,0.624504,0.484498,0.374745,0.387936,0.774164,0.741542,0.333824,0.344020,0.452537,0.388223,0.412137,0.407627,0.462625,0.576177,0.528318,0.341800,0.623846,0.390558,0.308954,0.356233,0.478496,0.721371,0.499394,0.360566,0.641042,0.542323,0.509162,0.691556,0.643005,0.541838,0.446233,0.527121,0.669175,0.594329,0.524725,0.534693,0.697304,0.751456,0.455277,0.344209,0.689625,0.442587,0.346155,0.453170
0.481249,0.509272,0.402485,0.399167,0.350689,0.572909,0.501912,0.451659,0.491591,0.548045,0.477264,0.110419,0.508148,0.614390,0.451267,0.405857,0.536382,0.490819,0.668377,0.627630,0.450799,0.575545,0.565137,0.657137,0.425194,0.546318,0.525457,0.621864,0.410760,0.553735,0.672306,0.679933,0.569682,0.596755,0.648487,0.616618,0.512173,0.463054,0.445980,0.000000,0.624834,0.697433,0.450956,0.466344,0.532196,0.515104,0.799011,0.527927,0.562699,0.572800,0.611385,0.530392,0.491407,0.521151,0.504149,0.605859,0.505041,0.608518,0.671935,0.516786,0.445905,0.605780,0.758782,0.473348,0.567353,0.459735,0.310488,0.604563,0.610418,0.520159,0.514391,0.507130,0.453093,0.578313,0.397718,0.486941,0.520896,0.579843,0.530803,0.449358,0.533748,0.713094,0.513967,0.609500,0.661706,0.580729,0.692036,0.439966,0.538202,0.720643,0.688736,0.682610,0.654778,0.551890,0.736174,0.574478,0.480961,0.639201,0.618757,0.503316,0.506511
0.481290,0.445671,0.441691,0.492003,0.418094,0.639895,0.535295,0.489753,0.520280,0.424566,0.489586,0.612848,0.477158,0.584834,0.489832,0.564037,0.300534,0.464698,0.568282,0.186993,0.471417,0.588663,0.566235,0.383558,0.524359,0.376711,0.486858,0.347599,0.485345,0.529379,0.549369,0.640173,0.648379,0.545873,0.404669,0.478485,0.519699,0.661978,0.499870,0.624834,0.000000,0.680511,0.619120,0.537904,0.431370,0.661277,0.685492,0.548521,0.614485,0.555133,0.526023,0.601109,0.503548,0.462512,0.457008,0.352415,0.589336,0.572925,0.393362,0.505056,0.473193,0.676270,0.631650,0.481071,0.371476,0.564085,0.555974,0.362598,0.526051,0.671630,0.530262,0.557154,0.511295,0.659765,0.618983,0.518344,0.601511,0.434769,0.592608,0.632377,0.466937,0.542617,0.655205,0.591773,0.628993,0.535533,0.620062,0.546599,0.593908,0.633927,0.533895,0.670955,0.425523,0.588181,0.641860,0.614978,0.504591,0.619173,0.412482,0.599346,0.544105
0.481542,0.492337,0.577124,0.524981,0.613864,0.639384,0.665823,0.610456,0.620985,0.628066,0.557506,0.646058,0.598293,0.701353,0.501082,0.635710,0.601389,0.721609,0.602403,0.629597,0.483088,0.540880,0.498483,0.763851,0.661469,0.747689,0.669339,0.601972,0.630612,0.682927,0.546321,0.733555,0.515291,0.701011,0.651155,0.700985,0.641401,0.540130,0.604075,0.697433,0.680511,0.000000,0.733340,0.640080,0.661591,0.586154,0.635473,0.606736,0.600049,0.669708,0.594601,0.570751,0.646273,0.683276,0.700042,0.786392,0.598992,0.673105,0.719501,0.593367,0.780862,0.703805,0.602265,0.699447,0.727463,0.590248,0.631009,0.757688,0.594965,0.567068,0.656568,0.675397,0.715474,0.612215,0.572177,0.741047,0.590910,0.667030,0.620854,0.632743,0.646959,0.442155,0.624328,0.620550,0.542705,0.562185,0.548442,0.587379,0.708884,0.672838,0.714500,0.461665,0.735506,0.737730,0.636185,0.614712,0.708428,0.762168,0.619596,0.608900,0.534000
0.483744,0.466567,0.493300,0.514872,0.470767,0.554142,0.467732,0.483752,0.502981,0.521727,0.388116,0.497030,0.674223,0.658589,0.601614,0.594819,0.617970,0.466770,0.761506,0.642017,0.538220,0.432580,0.593166,0.575803,0.366752,0.570854,0.299925,0.660048,0.638203,0.459985,0.673040,0.537836,0.536541,0.584284,0.590665,0.597203,0.544370,0.707517,0.529228,0.450956,0.619120,0.733340,0.000000,0.547740,0.611344,0.684191,0.777202,0.584830,0.679648,0.577967,0.598597,0.692804,0.547120,0.430239,0.608470,0.556270,0.526921,0.678482,0.627158,0.552160,0.522581,0.712645,0.734236,0.533305,0.576305,0.519349,0.430849,0.563022,0.583801,0.413946,0.528548,0.524014,0.527607,0.546769,0.470807,0.531698,0.552381,0.651807,0.717372,0.643554,0.562005,0.762606,0.564080,0.617405,0.712348,0.651367,0.698880,0.500593,0.553251,0.669263,0.527464,0.638962,0.676377,0.673802,0.740162,0.540924,0.610966,0.514295,0.608009,0.534323,0.579112
0.484028,0.494676,0.454924,0.426479,0.414891,0.527423,0.435185,0.504164,0.525110,0.530614,0.522550,0.485681,0.426921,0.458891,0.506692,0.531084,0.547299,0.565715,0.435350,0.592183,0.622079,0.540396,0.663063,0.699472,0.545124,0.670971,0.586904,0.547364,0.420818,0.460862,0.708028,0.624953,0.596176,0.591106,0.717521,0.485574,0.544635,0.463572,0.669309,0.466344,0.537904,0.640080,0.547740,0.000000,0.642403,0.380638,0.600737,0.728507,0.199510,0.551767,0.687686,0.528048,0.625779,0.646149,0.686523,0.627107,0.658133,0.408046,0.692961,0.631723,0.659283,0.391494,0.577630,0.668097,0.639603,0.549411,0.633351,0.699233,0.686125,0.639391,0.525270,0.605711,0.623598,0.596694,0.527538,0.649332,0.658267,0.677399,0.442162,0.517600,0.692323,0.616898,0.633799,0.697832,0.572142,0.467322,0.752703,0.533618,0.655110,0.695118,0.708467,0.718070,0.722276,0.347043,0.474930,0.689146,0.666106,0.682517,0.686346,0.651123,0.646940
