0.000000,0.275687,0.419807,0.420122,0.423233,0.441987,0.469592,0.485019,0.487164,0.488956,0.494371,0.501101,0.507299,0.507635,0.508028,0.512367,0.516566,0.516956,0.517505,0.518058,0.518297,0.518303,0.518314,0.521130,0.522592,0.525562,0.527862,0.529842,0.531128,0.531582,0.531785,0.533754,0.536211,0.536704,0.539589,0.540392,0.541058,0.542861,0.543473,0.543879,0.544291,0.544518,0.545106,0.545320,0.550571,0.550738,0.551178,0.551671,0.552857,0.552871,0.554716,0.555176,0.555491,0.556226,0.558275,0.560284,0.562889,0.564374,0.564721,0.565555,0.566078,0.566102,0.566136,0.566901,0.567242,0.567508,0.567645,0.567648,0.568118,0.568693,0.569076,0.569203,0.569639,0.570456,0.570802,0.571251,0.571426,0.572178,0.572248,0.572870,0.573123,0.573177,0.573358,0.574548,0.574616,0.574866,0.574874,0.576292,0.576888,0.577038,0.577387,0.578349,0.578590,0.578669,0.580476,0.580939,0.581245,0.581287,0.581425,0.581608,0.581680
0.275687,0.000000,0.445871,0.400886,0.490445,0.541792,0.474517,0.504398,0.398190,0.509685,0.527674,0.518642,0.519586,0.576904,0.533977,0.542615,0.598018,0.660571,0.536315,0.558114,0.503591,0.508567,0.569960,0.549188,0.523335,0.556413,0.616698,0.514913,0.556390,0.520299,0.596959,0.556457,0.568726,0.635898,0.539393,0.523641,0.480897,0.586269,0.529472,0.475804,0.602498,0.613672,0.584071,0.549534,0.604432,0.581332,0.634797,0.593318,0.612137,0.575145,0.664103,0.647388,0.579507,0.575063,0.787246,0.626075,0.562144,0.839851,0.595209,0.620339,0.615506,0.626196,0.591876,0.558617,0.564899,0.605338,0.599271,0.574236,0.583068,0.702349,0.639617,0.570722,0.601360,0.583185,0.532505,0.592351,0.572910,0.590089,0.589409,0.663502,0.587807,0.781910,0.557189,0.609042,0.544942,0.531567,0.613245,0.548646,0.529677,0.559427,0.630214,0.632858,0.543550,0.585896,0.616444,0.616760,0.658227,0.625632,0.616788,0.539295,0.641023
0.419807,0.445871,0.000000,0.662683,0.465885,0.476627,0.420129,0.413291,0.102107,0.675020,0.561493,0.760997,0.430799,0.429227,0.677417,0.444705,0.598840,0.632030,0.543836,0.331243,0.502756,0.459651,0.382594,0.547072,0.542690,0.344427,0.653655,0.447658,0.438327,0.693593,0.678331,0.427401,0.448440,0.699052,0.448482,0.369421,0.468985,0.490366,0.465225,0.468069,0.283633,0.542705,0.404072,0.413935,0.692537,0.516755,0.504540,0.511732,0.457190,0.649668,0.727403,0.668071,0.401361,0.518270,0.808925,0.595715,0.470940,0.794039,0.677324,0.502162,0.709346,0.651795,0.566962,0.639719,0.700639,0.691985,0.404285,0.564875,0.406587,0.685564,0.771696,0.603572,0.667553,0.443886,0.533506,0.501726,0.585731,0.337527,0.667726,0.707538,0.700131,0.754658,0.559100,0.568624,0.625572,0.285535,0.676985,0.491369,0.492504,0.570786,0.687054,0.674011,0.421586,0.651349,0.750548,0.335541,0.621730,0.636136,0.671259,0.453898,0.478777
0.420122,0.400886,0.662683,0.000000,0.497790,0.602898,0.465630,0.575243,0.635184,0.597446,0.531238,0.243002,0.610701,0.739914,0.610570,0.619024,0.634639,0.718105,0.688100,0.684113,0.578645,0.652469,0.715084,0.728096,0.692253,0.708619,0.605177,0.662524,0.759658,0.628551,0.615178,0.713181,0.721823,0.667849,0.690225,0.614996,0.583032,0.671124,0.595759,0.647380,0.788872,0.719396,0.705290,0.722387,0.538871,0.412200,0.730838,0.658545,0.777028,0.676353,0.658300,0.711616,0.671386,0.679106,0.752854,0.672989,0.609370,0.781367,0.652388,0.729330,0.653994,0.703972,0.621003,0.629238,0.708248,0.655258,0.711192,0.630487,0.697584,0.725246,0.685664,0.633553,0.622776,0.779013,0.641734,0.717862,0.617965,0.672424,0.623467,0.677552,0.642450,0.691125,0.651567,0.677180,0.689023,0.747895,0.512937,0.701913,0.632442,0.698591,0.697278,0.680242,0.709411,0.634631,0.648849,0.818798,0.809801,0.580163,0.556070,0.674875,0.739786
0.423233,0.490445,0.465885,0.497790,0.000000,0.474396,0.247498,0.344435,0.467474,0.501709,0.206315,0.534811,0.537186,0.571387,0.491614,0.342391,0.599251,0.569017,0.615776,0.554442,0.366351,0.526676,0.496303,0.533146,0.647038,0.462806,0.581251,0.483375,0.633326,0.554187,0.533298,0.371366,0.614732,0.503410,0.529281,0.296569,0.560054,0.432144,0.432437,0.665424,0.619938,0.597006,0.609186,0.617097,0.509336,0.311519,0.616558,0.559180,0.650798,0.632897,0.552449,0.634715,0.480005,0.680286,0.795894,0.656038,0.549792,0.841153,0.602175,0.647767,0.653535,0.500889,0.565569,0.620361,0.679326,0.559716,0.614528,0.575574,0.569396,0.744771,0.627000,0.518681,0.512779,0.646898,0.627697,0.513460,0.479609,0.570308,0.738975,0.580883,0.539781,0.685693,0.650778,0.571454,0.746551,0.610610,0.523664,0.576826,0.429085,0.593911,0.795237,0.542206,0.386557,0.607849,0.561359,0.621267,0.668295,0.538116,0.509913,0.606920,0.677509
0.441987,0.541792,0.476627,0.602898,0.474396,0.000000,0.528527,0.485226,0.509568,0.706046,0.523965,0.664266,0.551052,0.501717,0.632171,0.467072,0.572258,0.577233,0.533529,0.491677,0.563279,0.247751,0.486232,0.628348,0.600508,0.483238,0.547854,0.578584,0.650505,0.644276,0.687899,0.476778,0.575545,0.673610,0.643903,0.529236,0.521344,0.566331,0.563350,0.611743,0.598517,0.546724,0.564573,0.529809,0.658286,0.621155,0.555892,0.541480,0.627783,0.674891,0.685247,0.634789,0.543756,0.571074,0.718546,0.616114,0.608134,0.825079,0.689900,0.601318,0.673467,0.675581,0.660317,0.687958,0.610007,0.632947,0.580458,0.360874,0.550286,0.722490,0.728207,0.697342,0.717316,0.613754,0.561599,0.561977,0.631768,0.556481,0.724147,0.718443,0.654494,0.777370,0.637257,0.658702,0.687194,0.593317,0.656708,0.562348,0.615946,0.570481,0.697796,0.592273,0.577596,0.751563,0.756950,0.533297,0.644082,0.625132,0.673781,0.617252,0.579340
0.469592,0.474517,0.420129,0.465630,0.247498,0.528527,0.000000,0.380617,0.363974,0.605255,0.335392,0.547487,0.536115,0.600512,0.611007,0.449299,0.656617,0.627839,0.571027,0.587263,0.413546,0.514120,0.547938,0.634376,0.559453,0.525064,0.600759,0.470888,0.631120,0.618334,0.627281,0.495791,0.654477,0.604212,0.529413,0.274282,0.469199,0.606865,0.443649,0.573388,0.669170,0.605019,0.583438,0.550005,0.566285,0.285550,0.648920,0.537595,0.635345,0.657267,0.528397,0.649850,0.562149,0.613045,0.798126,0.683815,0.557635,0.806414,0.538334,0.653365,0.671750,0.537566,0.536536,0.613969,0.708296,0.609890,0.624405,0.530047,0.493867,0.691605,0.706794,0.577674,0.479023,0.596530,0.627681,0.607574,0.495300,0.564448,0.663490,0.634402,0.623979,0.668709,0.583186,0.509736,0.735828,0.624539,0.528646,0.629569,0.426696,0.562375,0.751517,0.611342,0.476471,0.663835,0.638639,0.632766,0.690849,0.634851,0.563675,0.527037,0.689100
0.485019,0.504398,0.413291,0.575243,0.344435,0.485226,0.380617,0.000000,0.376993,0.591900,0.439175,0.670271,0.445003,0.469780,0.538061,0.324090,0.531394,0.530734,0.518514,0.388477,0.450036,0.441442,0.386566,0.610623,0.572293,0.355502,0.650607,0.422421,0.615045,0.557133,0.609636,0.281809,0.514043,0.605575,0.478608,0.274892,0.532371,0.390835,0.281483,0.562397,0.540042,0.519912,0.494233,0.438913,0.540049,0.526265,0.542993,0.419193,0.552625,0.572348,0.564669,0.625849,0.349953,0.567526,0.825905,0.561356,0.462123,0.841414,0.552668,0.566398,0.697574,0.600757,0.493048,0.591212,0.608690,0.580455,0.535505,0.488347,0.366899,0.676242,0.730771,0.454993,0.471124,0.560799,0.596802,0.445015,0.450695,0.392290,0.615283,0.657678,0.543293,0.731965,0.584085,0.496851,0.691395,0.496873,0.520850,0.504502,0.478511,0.467130,0.717509,0.485367,0.415184,0.628491,0.687831,0.508638,0.659170,0.602674,0.537715,0.442140,0.605033
0.487164,0.398190,0.102107,0.635184,0.467474,0.509568,0.363974,0.376993,0.000000,0.650160,0.531627,0.758965,0.414672,0.461083,0.656238,0.419439,0.618804,0.641128,0.487595,0.360451,0.479133,0.416598,0.395704,0.551003,0.484028,0.349484,0.674500,0.388997,0.416373,0.636873,0.627701,0.410089,0.422854,0.691262,0.388111,0.323003,0.388598,0.515840,0.407060,0.357865,0.385649,0.556551,0.415558,0.378630,0.706320,0.490556,0.525074,0.503801,0.451529,0.602640,0.712544,0.629168,0.397107,0.499395,0.856216,0.563504,0.461393,0.864101,0.624866,0.532796,0.695401,0.642171,0.486379,0.644476,0.687780,0.638565,0.433892,0.552101,0.372994,0.696009,0.757384,0.526166,0.603537,0.424661,0.507805,0.491210,0.508754,0.348710,0.629993,0.675218,0.648641,0.773359,0.506267,0.542046,0.584873,0.302670,0.656612,0.526816,0.416500,0.507374,0.670268,0.628172,0.382655,0.652372,0.715873,0.403982,0.612712,0.615374,0.660674,0.404521,0.490458
0.488956,0.509685,0.675020,0.597446,0.501709,0.706046,0.605255,0.591900,0.650160,0.000000,0.618799,0.621111,0.590269,0.741888,0.592791,0.560513,0.586580,0.607626,0.607939,0.639084,0.549388,0.703703,0.631393,0.510874,0.692382,0.625500,0.658737,0.581945,0.661909,0.622414,0.351241,0.619787,0.582048,0.433448,0.680838,0.662527,0.633236,0.672993,0.648949,0.702023,0.665725,0.725433,0.739628,0.776741,0.677534,0.620866,0.682039,0.724959,0.741505,0.513267,0.630536,0.645435,0.661420,0.683857,0.710232,0.585853,0.646959,0.798971,0.590842,0.803921,0.603418,0.571331,0.533912,0.629184,0.603710,0.553222,0.735889,0.744944,0.741468,0.687429,0.546215,0.554705,0.550400,0.663635,0.665640,0.673102,0.663550,0.682924,0.757160,0.453295,0.635880,0.700069,0.647791,0.623907,0.624644,0.656112,0.675754,0.713927,0.599424,0.749146,0.713022,0.671883,0.638259,0.498270,0.328984,0.731907,0.684751,0.557195,0.653928,0.781381,0.686574
0.494371,0.527674,0.561493,0.531238,0.206315,0.523965,0.335392,0.439175,0.531627,0.618799,0.000000,0.614146,0.616813,0.610886,0.570319,0.418618,0.654435,0.609384,0.672603,0.672001,0.417270,0.522346,0.608269,0.646378,0.651452,0.522801,0.521039,0.563726,0.684617,0.510670,0.655633,0.485512,0.674749,0.569677,0.622865,0.462134,0.507532,0.557189,0.514048,0.675245,0.709833,0.667102,0.668691,0.639637,0.596419,0.413209,0.654623,0.614178,0.727920,0.695314,0.532526,0.630930,0.612684,0.696744,0.776254,0.693768,0.637214,0.794596,0.622145,0.723778,0.695449,0.559893,0.622471,0.594940,0.729505,0.558960,0.710852,0.627644,0.680841,0.757739,0.576201,0.556299,0.529256,0.727532,0.644964,0.604782,0.509964,0.700402,0.715132,0.669688,0.482270,0.678606,0.687517,0.636992,0.761701,0.670140,0.568338,0.644731,0.473160,0.602991,0.817192,0.606436,0.472828,0.707861,0.631136,0.670709,0.670494,0.648097,0.590204,0.665391,0.727933
0.501101,0.518642,0.760997,0.243002,0.534811,0.664266,0.547487,0.670271,0.758965,0.621111,0.614146,0.000000,0.723888,0.786206,0.636550,0.692317,0.686760,0.761638,0.837056,0.788207,0.648658,0.753469,0.802415,0.714174,0.826349,0.818357,0.720900,0.711867,0.816704,0.690490,0.632254,0.789447,0.804579,0.645020,0.686780,0.650319,0.688619,0.748719,0.692375,0.722863,0.832118,0.741129,0.725776,0.795841,0.567167,0.431754,0.724542,0.689286,0.772781,0.728153,0.708359,0.754364,0.737706,0.843124,0.783588,0.691061,0.684706,0.762329,0.765554,0.696345,0.674115,0.769231,0.616035,0.710236,0.791101,0.780088,0.773487,0.735925,0.799505,0.800729,0.723781,0.652059,0.675918,0.843608,0.748119,0.785882,0.656049,0.712174,0.751959,0.698418,0.691901,0.759544,0.784740,0.740666,0.768852,0.835028,0.600550,0.717312,0.706500,0.745823,0.736700,0.704295,0.769844,0.677742,0.650421,0.899022,0.820484,0.585590,0.576225,0.730208,0.785486
0.507299,0.519586,0.430799,0.610701,0.537186,0.551052,0.536115,0.445003,0.414672,0.590269,0.616813,0.723888,0.000000,0.446578,0.540311,0.488699,0.483539,0.528445,0.440539,0.346916,0.425017,0.506770,0.358735,0.544839,0.478039,0.433246,0.622864,0.469057,0.524101,0.547781,0.525947,0.469550,0.415541,0.583210,0.506319,0.493527,0.503248,0.509102,0.472177,0.508381,0.543466,0.510017,0.423891,0.425066,0.560928,0.596476,0.468176,0.488184,0.484784,0.479612,0.610536,0.647125,0.272738,0.448559,0.782267,0.445755,0.563532,0.870296,0.616483,0.452838,0.576970,0.584892,0.406047,0.500056,0.728019,0.518599,0.450285,0.580542,0.449169,0.642428,0.697013,0.463386,0.585092,0.375392,0.610084,0.514210,0.490712,0.392616,0.611151,0.551891,0.634529,0.764578,0.513992,0.547464,0.593843,0.508206,0.622178,0.538248,0.428088,0.510161,0.644060,0.627906,0.453290,0.548783,0.598333,0.534045,0.752899,0.517157,0.519997,0.441814,0.570338
0.507635,0.576904,0.429227,0.739914,0.571387,0.501717,0.600512,0.469780,0.461083,0.741888,0.610886,0.786206,0.446578,0.000000,0.624112,0.501085,0.543759,0.511682,0.532097,0.329681,0.566104,0.478273,0.374787,0.563841,0.589165,0.416389,0.739333,0.552759,0.590017,0.652914,0.735956,0.458245,0.453968,0.643405,0.586124,0.544134,0.604961,0.459331,0.524196,0.505975,0.517974,0.624130,0.320257,0.186837,0.669626,0.663126,0.380207,0.616779,0.398888,0.583881,0.707743,0.725721,0.391124,0.490181,0.860185,0.506918,0.625106,0.856481,0.746259,0.561017,0.748533,0.745279,0.598984,0.680679,0.698635,0.621329,0.497040,0.570377,0.504020,0.696313,0.864351,0.645332,0.752611,0.520839,0.629845,0.424380,0.558235,0.443410,0.771985,0.756432,0.717165,0.810640,0.579370,0.696248,0.764474,0.513853,0.702092,0.397438,0.569773,0.640384,0.703240,0.599427,0.509261,0.741020,0.774214,0.483749,0.758892,0.637673,0.659804,0.505552,0.527347
0.508028,0.533977,0.677417,0.610570,0.491614,0.632171,0.611007,0.538061,0.656238,0.592791,0.570319,0.636550,0.540311,0.624112,0.000000,0.588872,0.525311,0.572829,0.605230,0.601698,0.515559,0.657967,0.556512,0.593255,0.631358,0.631498,0.580965,0.559673,0.675815,0.164246,0.573907,0.549661,0.629837,0.510704,0.599437,0.565745,0.625087,0.517052,0.567475,0.633193,0.716664,0.510091,0.605882,0.660660,0.569931,0.675662,0.626701,0.520206,0.612432,0.567510,0.661093,0.601524,0.574205,0.651238,0.823245,0.625446,0.714881,0.889190,0.640172,0.654484,0.582065,0.638066,0.545177,0.406533,0.718599,0.558731,0.549951,0.694459,0.619124,0.707312,0.587970,0.502330,0.558815,0.667577,0.583966,0.587495,0.509707,0.590199,0.679751,0.649776,0.468218,0.702477,0.661069,0.654615,0.655187,0.694957,0.594386,0.577467,0.532063,0.517312,0.684706,0.559807,0.515989,0.715463,0.585937,0.730324,0.670310,0.636539,0.542724,0.605847,0.610337
0.512367,0.542615,0.444705,0.619024,0.342391,0.467072,0.449299,0.324090,0.419439,0.560513,0.418618,0.692317,0.488699,0.501085,0.588872,0.000000,0.578304,0.543610,0.556711,0.425351,0.377555,0.412384,0.453705,0.560094,0.551456,0.196992,0.628800,0.450800,0.621916,0.611751,0.570518,0.139324,0.562620,0.570455,0.512371,0.320630,0.574926,0.431579,0.392228,0.568234,0.551075,0.564202,0.588775,0.493049,0.547292,0.512892,0.633648,0.548124,0.576957,0.601781,0.631995,0.578318,0.427786,0.642342,0.825920,0.601663,0.437387,0.808365,0.580820,0.686587,0.582427,0.477068,0.546831,0.616769,0.630374,0.565079,0.615707,0.541580,0.400209,0.764815,0.649478,0.507691,0.497245,0.603463,0.577995,0.457994,0.516713,0.462751,0.788316,0.574521,0.591580,0.779387,0.620602,0.509379,0.686988,0.525016,0.533291,0.571834,0.456367,0.552451,0.785741,0.601754,0.413352,0.603318,0.588979,0.403127,0.632178,0.632041,0.540976,0.571157,0.626857
0.516566,0.598018,0.598840,0.634639,0.599251,0.572258,0.656617,0.531394,0.618804,0.586580,0.654435,0.686760,0.483539,0.543759,0.525311,0.578304,0.000000,0.312410,0.526337,0.491142,0.628612,0.572790,0.412634,0.567327,0.649936,0.591555,0.613135,0.573047,0.679378,0.580262,0.500774,0.543906,0.540631,0.500581,0.657065,0.599271,0.617390,0.597271,0.602523,0.621597,0.660032,0.573186,0.587906,0.576121,0.660904,0.752438,0.570445,0.623111,0.606993,0.199442,0.619921,0.591434,0.520874,0.496559,0.783920,0.530239,0.585937,0.821726,0.653214,0.519099,0.619921,0.651492,0.462355,0.499509,0.735761,0.341873,0.583798,0.625140,0.587435,0.615101,0.593592,0.548051,0.622689,0.547530,0.601189,0.512413,0.580982,0.530089,0.704363,0.542927,0.604453,0.770345,0.558926,0.711318,0.668148,0.672624,0.641016,0.561055,0.669769,0.593030,0.548631,0.549154,0.665135,0.565138,0.582349,0.677757,0.713559,0.665675,0.678693,0.635522,0.522131
0.516956,0.660571,0.632030,0.718105,0.569017,0.577233,0.627839,0.530734,0.641128,0.607626,0.609384,0.761638,0.528445,0.511682,0.572829,0.543610,0.312410,0.000000,0.518146,0.466684,0.613879,0.617541,0.465585,0.453264,0.622433,0.537548,0.684668,0.503555,0.658803,0.609633,0.541186,0.530398,0.505606,0.451583,0.639495,0.627032,0.624265,0.555437,0.598632,0.613725,0.637629,0.623166,0.574462,0.541929,0.712315,0.695746,0.572266,0.662991,0.598881,0.378157,0.634484,0.661778,0.564015,0.481396,0.750479,0.622218,0.642910,0.789263,0.646746,0.600675,0.706136,0.581888,0.480935,0.580292,0.693450,0.267699,0.654461,0.685144,0.624311,0.548225,0.616216,0.577130,0.667074,0.578416,0.652288,0.471244,0.631321,0.555765,0.790623,0.551045,0.618930,0.717408,0.559217,0.670261,0.709286,0.660414,0.689509,0.600932,0.645373,0.658409,0.656485,0.593609,0.613972,0.631597,0.626200,0.650219,0.674353,0.669759,0.701570,0.637565,0.590089
0.517505,0.536315,0.543836,0.688100,0.615776,0.533529,0.571027,0.518514,0.487595,0.607939,0.672603,0.837056,0.440539,0.532097,0.605230,0.556711,0.526337,0.518146,0.000000,0.459986,0.643735,0.453891,0.484597,0.583579,0.349879,0.524635,0.683224,0.498624,0.540785,0.581970,0.563510,0.505989,0.447869,0.645295,0.650018,0.577674,0.576064,0.624952,0.543089,0.536126,0.635488,0.523841,0.561258,0.407132,0.702067,0.715583,0.544753,0.534224,0.594174,0.490433,0.659997,0.573418,0.594575,0.180711,0.828733,0.564760,0.670322,0.869862,0.536342,0.623753,0.609072,0.690065,0.532437,0.610878,0.593012,0.432359,0.554400,0.532254,0.481663,0.526495,0.718013,0.607455,0.648792,0.464720,0.597437,0.491905,0.548846,0.573888,0.659155,0.554284,0.695944,0.723410,0.240700,0.678738,0.574140,0.591246,0.665433,0.584397,0.651177,0.508030,0.563249,0.646022,0.599971,0.666371,0.583359,0.536612,0.710658,0.674113,0.680148,0.551317,0.614371
0.518058,0.558114,0.331243,0.684113,0.554442,0.491677,0.587263,0.388477,0.360451,0.639084,0.672001,0.788207,0.346916,0.329681,0.601698,0.425351,0.491142,0.466684,0.459986,0.000000,0.559350,0.426276,0.312354,0.484906,0.578615,0.311240,0.712966,0.505940,0.569504,0.653393,0.637259,0.376629,0.307176,0.578660,0.532434,0.482034,0.614213,0.380157,0.445933,0.503015,0.364078,0.530409,0.321126,0.295680,0.652222,0.638477,0.375753,0.514349,0.433438,0.511978,0.706745,0.693377,0.305483,0.409181,0.839535,0.482989,0.511791,0.900839,0.704773,0.538336,0.753143,0.672766,0.547597,0.660479,0.740736,0.536928,0.409901,0.545196,0.399576,0.628322,0.824792,0.609318,0.689252,0.416404,0.577889,0.392208,0.523400,0.295573,0.714030,0.639029,0.721835,0.780920,0.480126,0.614174,0.668560,0.347137,0.654894,0.433327,0.559028,0.566807,0.629147,0.630420,0.491342,0.627176,0.656127,0.358101,0.756581,0.570107,0.630256,0.490194,0.466513
0.518297,0.503591,0.502756,0.578645,0.366351,0.563279,0.413546,0.450036,0.479133,0.549388,0.417270,0.648658,0.425017,0.566104,0.515559,0.377555,0.628612,0.613879,0.643735,0.559350,0.000000,0.603075,0.544151,0.578348,0.586913,0.498313,0.575285,0.476556,0.482169,0.512537,0.561362,0.492764,0.552945,0.553419,0.460665,0.484141,0.435478,0.563170,0.473668,0.560809,0.661220,0.596550,0.595519,0.617676,0.534296,0.474057,0.622608,0.543473,0.619282,0.676386,0.559950,0.667523,0.481592,0.663301,0.715652,0.539364,0.591665,0.834739,0.533479,0.660612,0.531886,0.423906,0.513313,0.489717,0.715019,0.609986,0.538964,0.635343,0.542564,0.761662,0.593030,0.460326,0.523545,0.523256,0.496897,0.646147,0.603589,0.510209,0.720119,0.513059,0.513164,0.681675,0.649648,0.514295,0.592572,0.616139,0.628879,0.620549,0.147097,0.582259,0.863168,0.624722,0.188445,0.640700,0.542408,0.618481,0.621745,0.579125,0.571332,0.529826,0.628885
0.518303,0.508567,0.459651,0.652469,0.526676,0.247751,0.514120,0.441442,0.416598,0.703703,0.522346,0.753469,0.506770,0.478273,0.657967,0.412384,0.572790,0.617541,0.453891,0.426276,0.603075,0.000000,0.440648,0.609566,0.546652,0.391904,0.628753,0.583793,0.618961,0.620858,0.698929,0.387062,0.512224,0.674281,0.636796,0.479853,0.584789,0.527099,0.473943,0.521483,0.607060,0.627875,0.560907,0.410537,0.711927,0.670439,0.584319,0.574854,0.611849,0.581779,0.701816,0.563234,0.479901,0.486958,0.829913,0.619549,0.520072,0.830441,0.691740,0.674857,0.703587,0.730430,0.635791,0.699214,0.629289,0.584446,0.550262,0.259473,0.424427,0.742650,0.803551,0.656801,0.645375,0.597136,0.567580,0.470697,0.530744,0.518191,0.709012,0.732062,0.682398,0.811046,0.592508,0.640021,0.685165,0.531355,0.626217,0.565300,0.593038,0.561376,0.639124,0.635323,0.574372,0.746982,0.745638,0.488988,0.756895,0.654494,0.672214,0.589404,0.582120
0.518314,0.569960,0.382594,0.715084,0.496303,0.486232,0.547938,0.386566,0.395704,0.631393,0.608269,0.802415,0.358735,0.374787,0.556512,0.453705,0.412634,0.465585,0.484597,0.312354,0.544151,0.440648,0.000000,0.588100,0.529818,0.389636,0.688239,0.489624,0.525964,0.626765,0.580927,0.380746,0.425840,0.606635,0.535175,0.434628,0.557036,0.432181,0.413653,0.440037,0.482772,0.507870,0.408822,0.394491,0.626186,0.697612,0.398887,0.470305,0.398296,0.470264,0.659167,0.586905,0.317697,0.470473,0.856076,0.459835,0.515426,0.871841,0.670582,0.478902,0.699657,0.636082,0.494879,0.592988,0.728266,0.564770,0.415660,0.551869,0.413364,0.683083,0.741636,0.526714,0.645469,0.461341,0.541020,0.436191,0.491589,0.415133,0.634432,0.619028,0.666837,0.761310,0.558055,0.612676,0.681686,0.482009,0.652264,0.442356,0.542822,0.505266,0.635392,0.540518,0.489155,0.648411,0.633394,0.488916,0.704285,0.590880,0.609233,0.451245,0.500517
0.521130,0.549188,0.547072,0.728096,0.533146,0.628348,0.634376,0.610623,0.551003,0.510874,0.646378,0.714174,0.544839,0.563841,0.593255,0.560094,0.567327,0.453264,0.583579,0.484906,0.578348,0.609566,0.588100,0.000000,0.669921,0.571530,0.709800,0.464920,0.651805,0.604688,0.467173,0.567129,0.395678,0.465327,0.596379,0.622091,0.573381,0.598744,0.647151,0.581328,0.590961,0.653785,0.527341,0.571664,0.729363,0.684407,0.546652,0.655815,0.547837,0.528841,0.672289,0.663405,0.519691,0.552130,0.782989,0.560099,0.689049,0.836659,0.689748,0.625495,0.675429,0.559437,0.494645,0.597045,0.741484,0.474375,0.568644,0.688064,0.607309,0.662379,0.630408,0.544907,0.613327,0.534032,0.623879,0.584778,0.616622,0.484835,0.774660,0.486507,0.624453,0.751488,0.580650,0.635856,0.720708,0.578805,0.698967,0.536103,0.571011,0.673577,0.706560,0.671731,0.541681,0.593328,0.569191,0.603050,0.660543,0.589043,0.714079,0.649598,0.478936
0.522592,0.523335,0.542690,0.692253,0.647038,0.600508,0.559453,0.572293,0.484028,0.692382,0.651452,0.826349,0.478039,0.589165,0.631358,0.551456,0.649936,0.622433,0.349879,0.578615,0.586913,0.546652,0.529818,0.669921,0.000000,0.521156,0.619609,0.526269,0.515232,0.642649,0.676520,0.552998,0.628425,0.735461,0.639243,0.602395,0.559774,0.735687,0.565086,0.427054,0.677289,0.617186,0.628606,0.574927,0.789517,0.667947,0.667323,0.596581,0.598135,0.673606,0.624586,0.601681,0.623109,0.500966,0.813633,0.696154,0.723239,0.850168,0.586534,0.684210,0.515856,0.702595,0.681666,0.683792,0.544651,0.637858,0.619104,0.579795,0.548391,0.717292,0.743469,0.604950,0.560055,0.560439,0.384579,0.684098,0.622337,0.630049,0.556933,0.694754,0.643123,0.745677,0.553207,0.619502,0.405465,0.668588,0.774607,0.626289,0.584688,0.602493,0.620714,0.705393,0.544173,0.702504,0.676906,0.535030,0.670775,0.727497,0.754126,0.520349,0.656248
0.525562,0.556413,0.344427,0.708619,0.462806,0.483238,0.525064,0.355502,0.349484,0.625500,0.522801,0.818357,0.433246,0.416389,0.631498,0.196992,0.591555,0.537548,0.524635,0.311240,0.498313,0.391904,0.389636,0.571530,0.521156,0.000000,0.635571,0.477501,0.626629,0.633277,0.639761,0.127746,0.433350,0.660486,0.530805,0.375525,0.593749,0.361780,0.411941,0.553082,0.337810,0.559983,0.511874,0.367446,0.608425,0.515700,0.553608,0.523463,0.551182,0.603832,0.720419,0.619150,0.358426,0.525289,0.854955,0.631487,0.516706,0.829423,0.678352,0.637263,0.695846,0.606477,0.581367,0.664497,0.649316,0.615047,0.546487,0.531354,0.355641,0.719942,0.759486,0.600888,0.609383,0.588912,0.605196,0.374969,0.529108,0.429042,0.747379,0.676965,0.649416,0.774532,0.596739,0.518563,0.679842,0.311421,0.624061,0.540557,0.546547,0.556900,0.769201,0.606994,0.466507,0.652946,0.716445,0.214247,0.643966,0.605673,0.555933,0.564597,0.595745
0.527862,0.616698,0.653655,0.605177,0.581251,0.547854,0.600759,0.650607,0.674500,0.658737,0.521039,0.720900,0.622864,0.739333,0.580965,0.628800,0.613135,0.684668,0.683224,0.712966,0.575285,0.628753,0.688239,0.709800,0.619609,0.635571,0.000000,0.660323,0.722962,0.545099,0.655231,0.690421,0.684275,0.651132,0.700543,0.731406,0.478600,0.723521,0.602218,0.700387,0.668902,0.648596,0.716791,0.772893,0.756569,0.651157,0.691438,0.648171,0.718112,0.683650,0.585676,0.551288,0.719761,0.715205,0.707392,0.637790,0.729321,0.760946,0.499709,0.692853,0.693102,0.599139,0.677846,0.564444,0.697132,0.634444,0.606758,0.603643,0.713210,0.685376,0.558681,0.583573,0.499006,0.668457,0.576901,0.745865,0.730468,0.734328,0.556036,0.669948,0.499019,0.658742,0.668388,0.611659,0.596362,0.670827,0.666059,0.644303,0.605597,0.607106,0.729746,0.569088,0.633317,0.747872,0.695590,0.693676,0.539604,0.647342,0.722255,0.647288,0.661699
0.529842,0.514913,0.447658,0.662524,0.483375,0.578584,0.470888,0.422421,0.388997,0.581945,0.563726,0.711867,0.469057,0.552759,0.559673,0.450800,0.573047,0.503555,0.498624,0.505940,0.476556,0.583793,0.489624,0.464920,0.526269,0.477501,0.660323,0.000000,0.567077,0.609292,0.455000,0.480971,0.481534,0.552689,0.405917,0.463422,0.396273,0.495654,0.463828,0.506375,0.600037,0.584983,0.495950,0.507259,0.662838,0.615652,0.510899,0.594157,0.534545,0.541774,0.623603,0.628005,0.461067,0.542490,0.797073,0.567630,0.657908,0.835058,0.572290,0.588204,0.631623,0.522803,0.418068,0.575051,0.733520,0.511586,0.513011,0.682022,0.509772,0.609197,0.641073,0.433224,0.515485,0.510422,0.492117,0.547456,0.552455,0.443719,0.668732,0.505607,0.475600,0.643494,0.502933,0.524073,0.635526,0.572082,0.661973,0.562119,0.462074,0.579856,0.714864,0.511453,0.427153,0.565117,0.639518,0.573022,0.613400,0.584459,0.639171,0.452441,0.535974
0.531128,0.556390,0.438327,0.759658,0.633326,0.650505,0.631120,0.615045,0.416373,0.661909,0.684617,0.816704,0.524101,0.590017,0.675815,0.621916,0.679378,0.658803,0.540785,0.569504,0.482169,0.618961,0.525964,0.651805,0.515232,0.626629,0.722962,0.567077,0.000000,0.687791,0.660455,0.653994,0.616562,0.723475,0.492671,0.641460,0.549741,0.671578,0.601300,0.490126,0.686039,0.680722,0.594859,0.608950,0.800312,0.711293,0.659778,0.686706,0.564650,0.667980,0.745570,0.695761,0.632661,0.565937,0.788792,0.720579,0.682482,0.819643,0.595034,0.673693,0.622599,0.598567,0.577230,0.639021,0.695505,0.640183,0.476781,0.700235,0.627801,0.683804,0.717289,0.494547,0.685165,0.394071,0.519310,0.687711,0.665560,0.609854,0.660794,0.663475,0.646810,0.803864,0.603523,0.603501,0.466596,0.671480,0.783047,0.713030,0.463093,0.693567,0.708901,0.778045,0.414088,0.764788,0.704005,0.602740,0.656193,0.735307,0.786324,0.481278,0.603824
0.531582,0.520299,0.693593,0.628551,0.554187,0.644276,0.618334,0.557133,0.636873,0.622414,0.510670,0.690490,0.547781,0.652914,0.164246,0.611751,0.580262,0.609633,0.581970,0.653393,0.512537,0.620858,0.626765,0.604688,0.642649,0.633277,0.545099,0.609292,0.687791,0.000000,0.634044,0.571123,0.625547,0.540394,0.628423,0.619379,0.574371,0.553756,0.597868,0.665037,0.735832,0.513165,0.664529,0.621804,0.621494,0.696504,0.666174,0.488346,0.707460,0.571593,0.626396,0.570990,0.616434,0.613369,0.765449,0.662480,0.735736,0.893067,0.622837,0.647132,0.545848,0.673828,0.573478,0.398159,0.667931,0.554438,0.598710,0.706470,0.643734,0.692281,0.577191,0.545048,0.564187,0.652930,0.648174,0.595397,0.459178,0.671954,0.659677,0.656250,0.433454,0.729073,0.637564,0.637313,0.638465,0.653072,0.621792,0.613755,0.513742,0.442227,0.698441,0.559971,0.543886,0.760473,0.633978,0.711628,0.642014,0.681406,0.573609,0.619204,0.659972
0.531785,0.596959,0.678331,0.615178,0.533298,0.687899,0.627281,0.609636,0.627701,0.351241,0.655633,0.632254,0.525947,0.735956,0.573907,0.570518,0.500774,0.541186,0.563510,0.637259,0.561362,0.698929,0.580927,0.467173,0.676520,0.639761,0.655231,0.455000,0.660455,0.634044,0.000000,0.654086,0.511016,0.448712,0.592653,0.658279,0.566721,0.685320,0.589423,0.631706,0.679807,0.597867,0.670490,0.728547,0.687736,0.666507,0.556317,0.604149,0.653851,0.476743,0.569337,0.671411,0.648360,0.634167,0.741540,0.437371,0.678555,0.800423,0.588950,0.637700,0.592805,0.520575,0.382667,0.564046,0.778568,0.440303,0.620736,0.773045,0.691580,0.651173,0.468803,0.396557,0.534771,0.561176,0.616234,0.672804,0.674147,0.644564,0.712490,0.243859,0.549616,0.697094,0.556381,0.625743,0.649091,0.694409,0.652516,0.679577,0.588850,0.615474,0.659367,0.604465,0.650134,0.440452,0.375398,0.753977,0.663230,0.546222,0.645412,0.640613,0.585598
0.533754,0.556457,0.427401,0.713181,0.371366,0.476778,0.495791,0.281809,0.410089,0.619787,0.485512,0.789447,0.469550,0.458245,0.549661,0.139324,0.543906,0.530398,0.505989,0.376629,0.492764,0.387062,0.380746,0.567129,0.552998,0.127746,0.690421,0.480971,0.653994,0.571123,0.654086,0.000000,0.494287,0.597041,0.512799,0.271791,0.658088,0.334617,0.396266,0.590673,0.480893,0.561579,0.528253,0.418651,0.568123,0.568695,0.605042,0.530682,0.538339,0.585315,0.718523,0.594312,0.347992,0.565613,0.841330,0.643434,0.485747,0.837281,0.648873,0.634384,0.667342,0.595669,0.549057,0.664681,0.625057,0.604445,0.591419,0.523989,0.352156,0.744482,0.734043,0.544209,0.572844,0.598299,0.639823,0.340394,0.451277,0.427741,0.771041,0.684210,0.653247,0.770254,0.617704,0.539406,0.748975,0.446227,0.592250,0.561646,0.549285,0.545123,0.753051,0.579027,0.435517,0.642699,0.683996,0.341208,0.689040,0.629976,0.551500,0.545727,0.603193
0.536211,0.568726,0.448440,0.721823,0.614732,0.575545,0.654477,0.514043,0.422854,0.582048,0.674749,0.804579,0.415541,0.453968,0.629837,0.562620,0.540631,0.505606,0.447869,0.307176,0.552945,0.512224,0.425840,0.395678,0.628425,0.433350,0.684275,0.481534,0.616562,0.625547,0.511016,0.494287,0.000000,0.558476,0.556430,0.576824,0.537492,0.532725,0.521180,0.531294,0.380700,0.553846,0.415225,0.382983,0.773070,0.693589,0.375800,0.545142,0.512454,0.506949,0.718545,0.640497,0.421255,0.382946,0.831198,0.454205,0.659508,0.886212,0.692090,0.546310,0.734529,0.645138,0.503529,0.646207,0.808232,0.525728,0.450325,0.652513,0.493942,0.609773,0.715874,0.578574,0.697961,0.371868,0.594799,0.503594,0.651181,0.413444,0.673596,0.540659,0.653390,0.740589,0.430862,0.647176,0.703083,0.325076,0.754636,0.475203,0.565031,0.552189,0.617606,0.664091,0.532838,0.611020,0.630035,0.437990,0.645195,0.502915,0.743962,0.550289,0.381573
0.536704,0.635898,0.699052,0.667849,0.503410,0.673610,0.604212,0.605575,0.691262,0.433448,0.569677,0.645020,0.583210,0.643405,0.510704,0.570455,0.500581,0.451583,0.645295,0.578660,0.553419,0.674281,0.606635,0.465327,0.735461,0.660486,0.651132,0.552689,0.723475,0.540394,0.448712,0.597041,0.558476,0.000000,0.631554,0.597985,0.606067,0.618338,0.628278,0.710801,0.700229,0.652332,0.625526,0.686824,0.718004,0.644260,0.615686,0.673550,0.664877,0.531241,0.635765,0.704727,0.630868,0.656752,0.740501,0.577755,0.684648,0.822364,0.688991,0.702924,0.696630,0.561446,0.499809,0.563909,0.791215,0.430749,0.681364,0.752143,0.666273,0.725970,0.593973,0.544505,0.579258,0.665510,0.666412,0.571359,0.639105,0.606379,0.829794,0.461223,0.567581,0.615701,0.646545,0.659124,0.741386,0.713692,0.665471,0.635240,0.594065,0.677899,0.715393,0.616629,0.612433,0.629596,0.340373,0.755909,0.694215,0.610877,0.715205,0.710133,0.639085
0.539589,0.539393,0.448482,0.690225,0.529281,0.643903,0.529413,0.478608,0.388111,0.680838,0.622865,0.686780,0.506319,0.586124,0.599437,0.512371,0.657065,0.639495,0.650018,0.532434,0.460665,0.636796,0.535175,0.596379,0.639243,0.530805,0.700543,0.405917,0.492671,0.628423,0.592653,0.512799,0.556430,0.631554,0.000000,0.435562,0.502118,0.507381,0.506886,0.525404,0.568158,0.599734,0.511784,0.531384,0.710043,0.610279,0.583799,0.581676,0.500449,0.697192,0.668170,0.663290,0.453978,0.663357,0.799715,0.611627,0.581088,0.771603,0.635955,0.557588,0.696678,0.561693,0.435334,0.627554,0.766269,0.653124,0.546090,0.654180,0.528260,0.765626,0.706502,0.431152,0.572725,0.478565,0.557546,0.609535,0.560469,0.488406,0.713924,0.646887,0.561875,0.699734,0.607071,0.579790,0.631561,0.526000,0.707338,0.632343,0.477243,0.596668,0.798015,0.613149,0.403470,0.687903,0.721807,0.593833,0.587889,0.623573,0.676545,0.386398,0.624033
0.540392,0.523641,0.369421,0.614996,0.296569,0.529236,0.274282,0.274892,0.323003,0.662527,0.462134,0.650319,0.493527,0.544134,0.565745,0.320630,0.599271,0.627032,0.577674,0.482034,0.484141,0.479853,0.434628,0.622091,0.602395,0.375525,0.731406,0.463422,0.641460,0.619379,0.658279,0.271791,0.576824,0.597985,0.435562,0.000000,0.577198,0.462689,0.408215,0.573272,0.560936,0.594956,0.523305,0.510253,0.565201,0.429806,0.614720,0.544382,0.535677,0.629059,0.679061,0.640651,0.366187,0.666360,0.855548,0.635013,0.455582,0.838392,0.642965,0.586845,0.701112,0.567691,0.536687,0.664669,0.664128,0.654305,0.584571,0.544211,0.359420,0.762175,0.770261,0.547183,0.532535,0.600225,0.643962,0.473571,0.473102,0.415203,0.735399,0.720049,0.652387,0.759756,0.642205,0.543975,0.766643,0.515591,0.557974,0.559699,0.528511,0.569900,0.795046,0.598522,0.442912,0.652202,0.685120,0.532971,0.713662,0.631768,0.577668,0.471812,0.601121
0.541058,0.480897,0.468985,0.583032,0.560054,0.521344,0.469199,0.532371,0.388598,0.633236,0.507532,0.688619,0.503248,0.604961,0.625087,0.574926,0.617390,0.624265,0.576064,0.614213,0.435478,0.584789,0.557036,0.573381,0.559774,0.593749,0.478600,0.396273,0.549741,0.574371,0.566721,0.658088,0.537492,0.606067,0.502118,0.577198,0.000000,0.684446,0.543827,0.477276,0.645547,0.605499,0.535349,0.583072,0.740705,0.604356,0.530814,0.612727,0.580524,0.586084,0.581585,0.616514,0.611532,0.627146,0.739608,0.542129,0.696273,0.790760,0.492499,0.639494,0.697964,0.500669,0.505396,0.542936,0.746846,0.566613,0.521531,0.637097,0.616968,0.646200,0.622731,0.493849,0.498084,0.449310,0.474904,0.708331,0.659522,0.538398,0.602753,0.618460,0.468999,0.633870,0.538413,0.526361,0.559481,0.563517,0.672600,0.594788,0.419100,0.519212,0.770577,0.572226,0.487031,0.678341,0.665551,0.691156,0.563756,0.595163,0.696940,0.440053,0.544525
0.542861,0.586269,0.490366,0.671124,0.432144,0.566331,0.606865,0.390835,0.515840,0.672993,0.557189,0.748719,0.509102,0.459331,0.517052,0.431579,0.597271,0.555437,0.624952,0.380157,0.563170,0.527099,0.432181,0.598744,0.735687,0.361780,0.723521,0.495654,0.671578,0.553756,0.685320,0.334617,0.532725,0.618338,0.507381,0.462689,0.684446,0.000000,0.362515,0.640746,0.506170,0.590311,0.525911,0.456126,0.506528,0.611399,0.572352,0.579974,0.557082,0.613324,0.648740,0.709076,0.327167,0.619012,0.800730,0.651178,0.503317,0.921271,0.712582,0.609016,0.741372,0.686585,0.569706,0.653347,0.749150,0.649346,0.561661,0.579166,0.484000,0.769037,0.794113,0.534386,0.672462,0.663054,0.725335,0.284132,0.416301,0.495315,0.772904,0.730272,0.621990,0.774219,0.683832,0.633569,0.776808,0.498433,0.506897,0.541952,0.602988,0.590249,0.725271,0.495341,0.505911,0.716007,0.752708,0.475438,0.775463,0.624623,0.481300,0.529560,0.712762
0.543473,0.529472,0.465225,0.595759,0.432437,0.563350,0.443649,0.281483,0.407060,0.648949,0.514048,0.692375,0.472177,0.524196,0.567475,0.392228,0.602523,0.598632,0.543089,0.445933,0.473668,0.473943,0.413653,0.647151,0.565086,0.411941,0.602218,0.463828,0.601300,0.597868,0.589423,0.396266,0.521180,0.628278,0.506886,0.408215,0.543827,0.362515,0.000000,0.520618,0.589661,0.524455,0.497835,0.470958,0.655505,0.582507,0.531859,0.451191,0.516264,0.614270,0.559721,0.622550,0.362532,0.571882,0.863518,0.582955,0.478413,0.892827,0.575994,0.587459,0.774817,0.600444,0.487323,0.599756,0.666684,0.610450,0.502318,0.543318,0.364996,0.697737,0.741296,0.443710,0.452081,0.545517,0.612948,0.473898,0.497675,0.415415,0.559316,0.652375,0.591002,0.773130,0.536188,0.502539,0.652952,0.536158,0.583716,0.540583,0.489800,0.454365,0.726618,0.500066,0.398362,0.713610,0.680900,0.572687,0.702248,0.632510,0.625257,0.371162,0.670056
0.543879,0.475804,0.468069,0.647380,0.665424,0.611743,0.573388,0.562397,0.357865,0.702023,0.675245,0.722863,0.508381,0.505975,0.633193,0.568234,0.621597,0.613725,0.536126,0.503015,0.560809,0.521483,0.440037,0.581328,0.427054,0.553082,0.700387,0.506375,0.490126,0.665037,0.631706,0.590673,0.531294,0.710801,0.525404,0.573272,0.477276,0.640746,0.520618,0.000000,0.641055,0.709127,0.439090,0.454441,0.788398,0.703736,0.500889,0.646372,0.211324,0.622561,0.685315,0.666579,0.537673,0.556990,0.841281,0.533867,0.611936,0.866627,0.668521,0.597423,0.643368,0.668614,0.543050,0.676932,0.743372,0.630100,0.519218,0.598893,0.542511,0.718783,0.677691,0.492436,0.614770,0.507265,0.388769,0.598003,0.596592,0.505444,0.508825,0.639669,0.609554,0.778102,0.567337,0.687426,0.491934,0.593304,0.745944,0.508836,0.519135,0.649477,0.626055,0.647648,0.507345,0.735049,0.667047,0.551436,0.717043,0.649868,0.742731,0.425958,0.551975
0.544291,0.602498,0.283633,0.788872,0.619938,0.598517,0.669170,0.540042,0.385649,0.665725,0.709833,0.832118,0.543466,0.517974,0.716664,0.551075,0.660032,0.637629,0.635488,0.364078,0.661220,0.607060,0.482772,0.590961,0.677289,0.337810,0.668902,0.600037,0.686039,0.735832,0.679807,0.480893,0.380700,0.700229,0.568158,0.560936,0.645547,0.506170,0.589661,0.641055,0.000000,0.592128,0.527999,0.504360,0.780179,0.598175,0.463496,0.560315,0.607116,0.671119,0.778727,0.701126,0.477956,0.590980,0.846591,0.628228,0.627189,0.857664,0.775664,0.574633,0.813259,0.702718,0.660012,0.707429,0.758094,0.717183,0.526430,0.671524,0.464056,0.697731,0.796935,0.697540,0.776415,0.586173,0.626405,0.524293,0.697186,0.495976,0.768979,0.742684,0.776236,0.852131,0.646502,0.644602,0.682598,0.073850,0.770791,0.545929,0.668538,0.626739,0.778756,0.713916,0.615228,0.710485,0.769167,0.276475,0.592808,0.643910,0.768902,0.630421,0.543836
0.544518,0.613672,0.542705,0.719396,0.597006,0.546724,0.605019,0.519912,0.556551,0.725433,0.667102,0.741129,0.510017,0.624130,0.510091,0.564202,0.573186,0.623166,0.523841,0.530409,0.596550,0.627875,0.507870,0.653785,0.617186,0.559983,0.648596,0.584983,0.680722,0.513165,0.597867,0.561579,0.553846,0.652332,0.599734,0.594956,0.605499,0.590311,0.524455,0.709127,0.592128,0.000000,0.569880,0.575521,0.666515,0.746626,0.530768,0.135313,0.681997,0.648846,0.652798,0.609071,0.560994,0.552393,0.805453,0.547260,0.678711,0.930521,0.614825,0.423280,0.600131,0.688121,0.543693,0.508751,0.614245,0.657700,0.435272,0.648429,0.538768,0.670951,0.654882,0.619512,0.613846,0.558300,0.623469,0.670656,0.587326,0.537982,0.660118,0.571996,0.618736,0.835695,0.534739,0.648157,0.647296,0.607187,0.634466,0.561521,0.622646,0.106110,0.695554,0.609438,0.593076,0.762093,0.679563,0.578876,0.571331,0.701886,0.645837,0.566433,0.614850
0.545106,0.584071,0.404072,0.705290,0.609186,0.564573,0.583438,0.494233,0.415558,0.739628,0.668691,0.725776,0.423891,0.320257,0.605882,0.588775,0.587906,0.574462,0.561258,0.321126,0.595519,0.560907,0.408822,0.527341,0.628606,0.511874,0.716791,0.495950,0.594859,0.664529,0.670490,0.528253,0.415225,0.625526,0.511784,0.523305,0.535349,0.525911,0.497835,0.439090,0.527999,0.569880,0.000000,0.288370,0.714076,0.671634,0.262144,0.551339,0.274160,0.636542,0.728660,0.708375,0.363879,0.504698,0.807935,0.451177,0.643097,0.908425,0.739593,0.457268,0.754087,0.706280,0.495734,0.661643,0.782104,0.650109,0.366181,0.621726,0.444126,0.681150,0.796529,0.552092,0.702164,0.459062,0.601659,0.534689,0.600575,0.313755,0.685671,0.676936,0.676342,0.724594,0.546715,0.694222,0.707076,0.515861,0.712545,0.377399,0.581342,0.606568,0.719034,0.590828,0.512969,0.660077,0.704415,0.534571,0.753576,0.552213,0.703164,0.353270,0.475077
0.545320,0.549534,0.413935,0.722387,0.617097,0.529809,0.550005,0.438913,0.378630,0.776741,0.639637,0.795841,0.425066,0.186837,0.660660,0.493049,0.576121,0.541929,0.407132,0.295680,0.617676,0.410537,0.394491,0.571664,0.574927,0.367446,0.772893,0.507259,0.608950,0.621804,0.728547,0.418651,0.382983,0.686824,0.531384,0.510253,0.583072,0.456126,0.470958,0.454441,0.504360,0.575521,0.288370,0.000000,0.712098,0.673137,0.343133,0.561667,0.366306,0.543487,0.712100,0.683872,0.353771,0.371476,0.900215,0.489727,0.611239,0.885985,0.718343,0.526911,0.742420,0.762946,0.578196,0.704000,0.735411,0.563669,0.470359,0.500197,0.426598,0.658962,0.835934,0.653829,0.732988,0.477035,0.660340,0.377175,0.480604,0.413395,0.752645,0.732329,0.702537,0.811526,0.444904,0.680932,0.770809,0.423089,0.706261,0.397790,0.594021,0.545562,0.643337,0.595972,0.538222,0.747059,0.764047,0.404012,0.791359,0.634710,0.682368,0.464138,0.533778
