0.000000,0.275687,0.419807,0.420122,0.423233,0.441987,0.469592,0.485019,0.487164,0.488956,0.494371,0.501101,0.507299,0.507635,0.508028,0.512367,0.516566,0.516956,0.517505,0.518058,0.518297,0.518303,0.518314,0.521130,0.522592,0.525562,0.527862,0.529842,0.531128,0.531582,0.531785,0.533754,0.536211,0.536704,0.539589,0.540392,0.541058,0.542861,0.543473,0.543879,0.544291,0.544518,0.545106,0.545320,0.550571,0.550738,0.551178,0.551671,0.552857,0.552871,0.554716,0.555176,0.555491,0.556226,0.558275,0.560284,0.562889,0.564374,0.564721,0.565555,0.566078,0.566102,0.566136,0.566901,0.567242,0.567508,0.567645,0.567648,0.568118,0.568693,0.569076,0.569203,0.569639,0.570456,0.570802,0.571251,0.571426,0.572178,0.572248,0.572870,0.573123,0.573177,0.573358,0.574548,0.574616,0.574866,0.574874,0.576292,0.576888,0.577038,0.577387,0.578349,0.578590,0.578669,0.580476,0.580939,0.581245,0.581287,0.581425,0.581608,0.581680,0.581821,0.582059,0.583057,0.583283,0.583483,0.584152,0.584288,0.584788,0.585462,0.585534,0.586026,0.586137,0.586287,0.586681,0.587621,0.587649,0.587789,0.587995,0.588092,0.588237,0.588409,0.589330,0.589364,0.589610,0.590200,0.590565,0.591298,0.591716,0.592396,0.592821,0.592946,0.593079,0.593298,0.593300,0.593759,0.594067,0.594298,0.594976,0.594990,0.595117,0.595248,0.595669,0.596307,0.596347,0.596679,0.596692,0.596849,0.596855,0.597005,0.597032,0.597243,0.597652,0.597887,0.598027,0.598321,0.598610,0.598641,0.599424,0.599730,0.600130,0.600341,0.601121,0.601278,0.601467,0.601640,0.601701,0.601839,0.602020,0.602046,0.602819,0.603060,0.603361,0.603560,0.603620,0.603912,0.604137,0.604673,0.604689,0.604834,0.604930,0.605504,0.605535,0.605638,0.605877,0.606201,0.606314,0.606321,0.606925,0.606984,0.607627,0.608282,0.608750,0.608905,0.609965,0.610012,0.610275,0.610408,0.610446,0.610588,0.610659
0.275687,0.000000,0.445871,0.400886,0.490445,0.541792,0.474517,0.504398,0.398190,0.509685,0.527674,0.518642,0.519586,0.576904,0.533977,0.542615,0.598018,0.660571,0.536315,0.558114,0.503591,0.508567,0.569960,0.549188,0.523335,0.556413,0.616698,0.514913,0.556390,0.520299,0.596959,0.556457,0.568726,0.635898,0.539393,0.523641,0.480897,0.586269,0.529472,0.475804,0.602498,0.613672,0.584071,0.549534,0.604432,0.581332,0.634797,0.593318,0.612137,0.575145,0.664103,0.647388,0.579507,0.575063,0.787246,0.626075,0.562144,0.839851,0.595209,0.620339,0.615506,0.626196,0.591876,0.558617,0.564899,0.605338,0.599271,0.574236,0.583068,0.702349,0.639617,0.570722,0.601360,0.583185,0.532505,0.592351,0.572910,0.590089,0.589409,0.663502,0.587807,0.781910,0.557189,0.609042,0.544942,0.531567,0.613245,0.548646,0.529677,0.559427,0.630214,0.632858,0.543550,0.585896,0.616444,0.616760,0.658227,0.625632,0.616788,0.539295,0.641023,0.547170,0.589559,0.643055,0.561188,0.603930,0.689299,0.673168,0.610928,0.605085,0.582721,0.633882,0.636163,0.703140,0.546794,0.565161,0.608984,0.679055,0.526655,0.643152,0.676839,0.543130,0.577282,0.496364,0.547963,0.576821,0.556373,0.658061,0.657241,0.669866,0.655672,0.624670,0.700410,0.660839,0.664618,0.676284,0.637135,0.511219,0.681727,0.686608,0.629934,0.570392,0.624900,0.608261,0.568063,0.643458,0.519567,0.655698,0.662016,0.612231,0.695980,0.547042,0.639643,0.662771,0.591373,0.582728,0.608987,0.560627,0.677747,0.663128,0.714397,0.696989,0.601538,0.600479,0.597042,0.691935,0.671724,0.784623,0.636708,0.678236,0.772893,0.713978,0.648634,0.632399,0.597556,0.618945,0.628164,0.629416,0.623036,0.589322,0.616237,0.625399,0.624541,0.682947,0.603907,0.500528,0.661001,0.693882,0.571486,0.535683,0.690018,0.631313,0.698503,0.660030,0.691095,0.656423,0.587430,0.643503,0.660232,0.611821,0.616417
0.419807,0.445871,0.000000,0.662683,0.465885,0.476627,0.420129,0.413291,0.102107,0.675020,0.561493,0.760997,0.430799,0.429227,0.677417,0.444705,0.598840,0.632030,0.543836,0.331243,0.502756,0.459651,0.382594,0.547072,0.542690,0.344427,0.653655,0.447658,0.438327,0.693593,0.678331,0.427401,0.448440,0.699052,0.448482,0.369421,0.468985,0.490366,0.465225,0.468069,0.283633,0.542705,0.404072,0.413935,0.692537,0.516755,0.504540,0.511732,0.457190,0.649668,0.727403,0.668071,0.401361,0.518270,0.808925,0.595715,0.470940,0.794039,0.677324,0.502162,0.709346,0.651795,0.566962,0.639719,0.700639,0.691985,0.404285,0.564875,0.406587,0.685564,0.771696,0.603572,0.667553,0.443886,0.533506,0.501726,0.585731,0.337527,0.667726,0.707538,0.700131,0.754658,0.559100,0.568624,0.625572,0.285535,0.676985,0.491369,0.492504,0.570786,0.687054,0.674011,0.421586,0.651349,0.750548,0.335541,0.621730,0.636136,0.671259,0.453898,0.478777,0.382446,0.271185,0.671468,0.504457,0.787661,0.630835,0.760486,0.652410,0.573574,0.564457,0.632458,0.495514,0.636494,0.607477,0.516654,0.636414,0.615302,0.395306,0.570290,0.774179,0.562210,0.390966,0.605486,0.385060,0.568761,0.587702,0.610154,0.668418,0.657771,0.645943,0.618046,0.600607,0.742775,0.714055,0.635287,0.591895,0.354349,0.608175,0.534014,0.633824,0.630215,0.759743,0.513647,0.347668,0.639105,0.520008,0.629002,0.612694,0.572902,0.679578,0.298021,0.711147,0.559716,0.679255,0.572368,0.590571,0.694437,0.538418,0.600704,0.737673,0.755429,0.619124,0.637179,0.429483,0.525038,0.561879,0.620888,0.506274,0.685980,0.784382,0.570918,0.652843,0.748485,0.531624,0.574416,0.488917,0.622912,0.669689,0.619293,0.494157,0.624168,0.668900,0.786563,0.559575,0.436371,0.674954,0.482698,0.464629,0.670875,0.793074,0.725847,0.654421,0.660528,0.660617,0.702785,0.708791,0.799470,0.726634,0.562314,0.669121
0.420122,0.400886,0.662683,0.000000,0.497790,0.602898,0.465630,0.575243,0.635184,0.597446,0.531238,0.243002,0.610701,0.739914,0.610570,0.619024,0.634639,0.718105,0.688100,0.684113,0.578645,0.652469,0.715084,0.728096,0.692253,0.708619,0.605177,0.662524,0.759658,0.628551,0.615178,0.713181,0.721823,0.667849,0.690225,0.614996,0.583032,0.671124,0.595759,0.647380,0.788872,0.719396,0.705290,0.722387,0.538871,0.412200,0.730838,0.658545,0.777028,0.676353,0.658300,0.711616,0.671386,0.679106,0.752854,0.672989,0.609370,0.781367,0.652388,0.729330,0.653994,0.703972,0.621003,0.629238,0.708248,0.655258,0.711192,0.630487,0.697584,0.725246,0.685664,0.633553,0.622776,0.779013,0.641734,0.717862,0.617965,0.672424,0.623467,0.677552,0.642450,0.691125,0.651567,0.677180,0.689023,0.747895,0.512937,0.701913,0.632442,0.698591,0.697278,0.680242,0.709411,0.634631,0.648849,0.818798,0.809801,0.580163,0.556070,0.674875,0.739786,0.794040,0.774500,0.605634,0.623249,0.652228,0.609195,0.728583,0.718532,0.602457,0.667663,0.625138,0.699731,0.676298,0.672798,0.663695,0.645224,0.661097,0.694799,0.738180,0.686351,0.586774,0.755497,0.657694,0.677879,0.610319,0.658458,0.691867,0.667687,0.665126,0.660605,0.613283,0.778079,0.688867,0.680589,0.749838,0.731233,0.672311,0.696794,0.773709,0.736733,0.584817,0.629664,0.734293,0.728420,0.574486,0.719290,0.658410,0.700348,0.381263,0.748579,0.694221,0.722248,0.726153,0.681710,0.662468,0.705731,0.689717,0.729142,0.602580,0.667166,0.696424,0.579822,0.680823,0.755042,0.686064,0.734814,0.718415,0.768652,0.659267,0.730935,0.688734,0.737854,0.622807,0.753296,0.714757,0.602596,0.684146,0.565786,0.703446,0.745212,0.745848,0.685662,0.673680,0.709396,0.703147,0.700130,0.734838,0.706795,0.674950,0.734564,0.727003,0.756417,0.699954,0.576513,0.685046,0.504002,0.770165,0.632255,0.732012,0.547616
0.423233,0.490445,0.465885,0.497790,0.000000,0.474396,0.247498,0.344435,0.467474,0.501709,0.206315,0.534811,0.537186,0.571387,0.491614,0.342391,0.599251,0.569017,0.615776,0.554442,0.366351,0.526676,0.496303,0.533146,0.647038,0.462806,0.581251,0.483375,0.633326,0.554187,0.533298,0.371366,0.614732,0.503410,0.529281,0.296569,0.560054,0.432144,0.432437,0.665424,0.619938,0.597006,0.609186,0.617097,0.509336,0.311519,0.616558,0.559180,0.650798,0.632897,0.552449,0.634715,0.480005,0.680286,0.795894,0.656038,0.549792,0.841153,0.602175,0.647767,0.653535,0.500889,0.565569,0.620361,0.679326,0.559716,0.614528,0.575574,0.569396,0.744771,0.627000,0.518681,0.512779,0.646898,0.627697,0.513460,0.479609,0.570308,0.738975,0.580883,0.539781,0.685693,0.650778,0.571454,0.746551,0.610610,0.523664,0.576826,0.429085,0.593911,0.795237,0.542206,0.386557,0.607849,0.561359,0.621267,0.668295,0.538116,0.509913,0.606920,0.677509,0.593965,0.665878,0.545378,0.536030,0.582008,0.522720,0.586018,0.617669,0.512893,0.512093,0.584572,0.572187,0.456994,0.574094,0.428478,0.629100,0.537854,0.680305,0.659605,0.704464,0.586804,0.597339,0.680047,0.455689,0.544481,0.510170,0.684169,0.643096,0.680742,0.604735,0.584895,0.565588,0.681723,0.569406,0.643587,0.630670,0.493684,0.520359,0.553233,0.652533,0.479415,0.617620,0.534513,0.686668,0.651305,0.643863,0.648362,0.656726,0.304811,0.697151,0.524932,0.613853,0.515632,0.692040,0.687191,0.806903,0.699102,0.588535,0.526971,0.602064,0.657922,0.495210,0.719944,0.549245,0.577025,0.634206,0.631303,0.587029,0.625830,0.817508,0.694681,0.788668,0.511270,0.687168,0.593373,0.452291,0.556931,0.500070,0.598631,0.486106,0.767208,0.646804,0.654107,0.590417,0.664802,0.628479,0.630095,0.713087,0.690021,0.663440,0.642699,0.703145,0.566550,0.633561,0.675644,0.704765,0.551016,0.616111,0.559406,0.450478
0.441987,0.541792,0.476627,0.602898,0.474396,0.000000,0.528527,0.485226,0.509568,0.706046,0.523965,0.664266,0.551052,0.501717,0.632171,0.467072,0.572258,0.577233,0.533529,0.491677,0.563279,0.247751,0.486232,0.628348,0.600508,0.483238,0.547854,0.578584,0.650505,0.644276,0.687899,0.476778,0.575545,0.673610,0.643903,0.529236,0.521344,0.566331,0.563350,0.611743,0.598517,0.546724,0.564573,0.529809,0.658286,0.621155,0.555892,0.541480,0.627783,0.674891,0.685247,0.634789,0.543756,0.571074,0.718546,0.616114,0.608134,0.825079,0.689900,0.601318,0.673467,0.675581,0.660317,0.687958,0.610007,0.632947,0.580458,0.360874,0.550286,0.722490,0.728207,0.697342,0.717316,0.613754,0.561599,0.561977,0.631768,0.556481,0.724147,0.718443,0.654494,0.777370,0.637257,0.658702,0.687194,0.593317,0.656708,0.562348,0.615946,0.570481,0.697796,0.592273,0.577596,0.751563,0.756950,0.533297,0.644082,0.625132,0.673781,0.617252,0.579340,0.579744,0.621869,0.634740,0.644220,0.701993,0.598873,0.751612,0.644809,0.559973,0.615223,0.719577,0.565313,0.557520,0.641721,0.642068,0.657710,0.666222,0.634293,0.733692,0.679675,0.636399,0.546345,0.728109,0.539883,0.650911,0.650292,0.692422,0.432885,0.653651,0.682523,0.636920,0.664445,0.706568,0.708395,0.721917,0.604352,0.519875,0.655684,0.620491,0.663898,0.660019,0.769528,0.566281,0.631860,0.678415,0.669183,0.569200,0.503685,0.627723,0.656205,0.527672,0.705147,0.750702,0.698252,0.649023,0.693235,0.656099,0.589908,0.734422,0.734713,0.664090,0.671466,0.702178,0.620773,0.632514,0.561882,0.762113,0.623636,0.743126,0.831817,0.667379,0.740192,0.709246,0.731332,0.715962,0.529370,0.712749,0.678074,0.717825,0.504807,0.656850,0.706849,0.769928,0.702991,0.649860,0.614912,0.628229,0.696603,0.690681,0.810842,0.700031,0.746530,0.686447,0.637335,0.707348,0.709081,0.774984,0.716176,0.685356,0.661977
0.469592,0.474517,0.420129,0.465630,0.247498,0.528527,0.000000,0.380617,0.363974,0.605255,0.335392,0.547487,0.536115,0.600512,0.611007,0.449299,0.656617,0.627839,0.571027,0.587263,0.413546,0.514120,0.547938,0.634376,0.559453,0.525064,0.600759,0.470888,0.631120,0.618334,0.627281,0.495791,0.654477,0.604212,0.529413,0.274282,0.469199,0.606865,0.443649,0.573388,0.669170,0.605019,0.583438,0.550005,0.566285,0.285550,0.648920,0.537595,0.635345,0.657267,0.528397,0.649850,0.562149,0.613045,0.798126,0.683815,0.557635,0.806414,0.538334,0.653365,0.671750,0.537566,0.536536,0.613969,0.708296,0.609890,0.624405,0.530047,0.493867,0.691605,0.706794,0.577674,0.479023,0.596530,0.627681,0.607574,0.495300,0.564448,0.663490,0.634402,0.623979,0.668709,0.583186,0.509736,0.735828,0.624539,0.528646,0.629569,0.426696,0.562375,0.751517,0.611342,0.476471,0.663835,0.638639,0.632766,0.690849,0.634851,0.563675,0.527037,0.689100,0.597672,0.667238,0.559109,0.519788,0.652593,0.588735,0.657207,0.694129,0.606106,0.630544,0.521609,0.617851,0.547309,0.585587,0.440775,0.598395,0.567197,0.575712,0.699953,0.723674,0.420737,0.583258,0.601499,0.468420,0.387900,0.571941,0.659609,0.699049,0.691441,0.690253,0.651781,0.730923,0.711748,0.673768,0.750655,0.625349,0.474719,0.616713,0.706350,0.617882,0.553694,0.630983,0.552621,0.637070,0.515707,0.583307,0.673869,0.709669,0.309846,0.712994,0.534081,0.751004,0.524112,0.729966,0.611615,0.707274,0.646490,0.614345,0.551438,0.566840,0.707733,0.499166,0.699248,0.548070,0.625699,0.644541,0.711560,0.493407,0.662792,0.779352,0.631061,0.731660,0.584870,0.691479,0.542512,0.459305,0.540481,0.576589,0.593647,0.508407,0.762673,0.672713,0.688008,0.667294,0.563598,0.578788,0.739224,0.615758,0.625747,0.688630,0.631259,0.806945,0.644891,0.702236,0.736951,0.643801,0.687433,0.635623,0.571087,0.521474
0.485019,0.504398,0.413291,0.575243,0.344435,0.485226,0.380617,0.000000,0.376993,0.591900,0.439175,0.670271,0.445003,0.469780,0.538061,0.324090,0.531394,0.530734,0.518514,0.388477,0.450036,0.441442,0.386566,0.610623,0.572293,0.355502,0.650607,0.422421,0.615045,0.557133,0.609636,0.281809,0.514043,0.605575,0.478608,0.274892,0.532371,0.390835,0.281483,0.562397,0.540042,0.519912,0.494233,0.438913,0.540049,0.526265,0.542993,0.419193,0.552625,0.572348,0.564669,0.625849,0.349953,0.567526,0.825905,0.561356,0.462123,0.841414,0.552668,0.566398,0.697574,0.600757,0.493048,0.591212,0.608690,0.580455,0.535505,0.488347,0.366899,0.676242,0.730771,0.454993,0.471124,0.560799,0.596802,0.445015,0.450695,0.392290,0.615283,0.657678,0.543293,0.731965,0.584085,0.496851,0.691395,0.496873,0.520850,0.504502,0.478511,0.467130,0.717509,0.485367,0.415184,0.628491,0.687831,0.508638,0.659170,0.602674,0.537715,0.442140,0.605033,0.424808,0.531754,0.537899,0.530745,0.715359,0.541305,0.600253,0.585071,0.569095,0.432469,0.537601,0.437359,0.548240,0.531340,0.504958,0.590074,0.574166,0.580981,0.692800,0.700140,0.433273,0.382348,0.626870,0.391013,0.399086,0.558035,0.624471,0.629157,0.642023,0.610808,0.472065,0.559628,0.736358,0.648806,0.590611,0.590272,0.361463,0.569148,0.500676,0.579696,0.451216,0.688904,0.438419,0.553414,0.556427,0.604411,0.698664,0.608818,0.512458,0.684206,0.477462,0.673247,0.465134,0.647662,0.632297,0.697376,0.595318,0.469454,0.477801,0.624275,0.696571,0.465223,0.569724,0.425042,0.497504,0.665232,0.682626,0.444278,0.647764,0.781180,0.578920,0.706113,0.507736,0.646636,0.528846,0.460085,0.501775,0.639109,0.550367,0.324003,0.665319,0.613612,0.652607,0.525294,0.564864,0.550881,0.599843,0.573594,0.643894,0.668036,0.600647,0.725414,0.607944,0.493440,0.623110,0.685219,0.725441,0.645786,0.487913,0.428955
0.487164,0.398190,0.102107,0.635184,0.467474,0.509568,0.363974,0.376993,0.000000,0.650160,0.531627,0.758965,0.414672,0.461083,0.656238,0.419439,0.618804,0.641128,0.487595,0.360451,0.479133,0.416598,0.395704,0.551003,0.484028,0.349484,0.674500,0.388997,0.416373,0.636873,0.627701,0.410089,0.422854,0.691262,0.388111,0.323003,0.388598,0.515840,0.407060,0.357865,0.385649,0.556551,0.415558,0.378630,0.706320,0.490556,0.525074,0.503801,0.451529,0.602640,0.712544,0.629168,0.397107,0.499395,0.856216,0.563504,0.461393,0.864101,0.624866,0.532796,0.695401,0.642171,0.486379,0.644476,0.687780,0.638565,0.433892,0.552101,0.372994,0.696009,0.757384,0.526166,0.603537,0.424661,0.507805,0.491210,0.508754,0.348710,0.629993,0.675218,0.648641,0.773359,0.506267,0.542046,0.584873,0.302670,0.656612,0.526816,0.416500,0.507374,0.670268,0.628172,0.382655,0.652372,0.715873,0.403982,0.612712,0.615374,0.660674,0.404521,0.490458,0.412225,0.370424,0.643072,0.439095,0.716175,0.612939,0.739343,0.698045,0.612260,0.515756,0.593296,0.494975,0.635115,0.588554,0.480671,0.575077,0.573340,0.345544,0.599676,0.791152,0.452789,0.390515,0.481466,0.353173,0.502559,0.512318,0.577813,0.669562,0.638737,0.701378,0.586870,0.615032,0.757418,0.719445,0.648072,0.597454,0.270402,0.669706,0.590447,0.626472,0.589348,0.738197,0.521718,0.362048,0.568200,0.405701,0.676000,0.650169,0.543076,0.687955,0.308412,0.693580,0.533649,0.638681,0.541244,0.550232,0.633808,0.527333,0.551793,0.716947,0.742966,0.515137,0.571389,0.411105,0.522902,0.565694,0.693123,0.459975,0.722179,0.846729,0.587239,0.646779,0.700951,0.542382,0.526557,0.472533,0.548609,0.662887,0.578492,0.473808,0.626028,0.630592,0.724874,0.530359,0.345674,0.642399,0.589360,0.388106,0.573527,0.772599,0.699250,0.700792,0.641585,0.640263,0.686747,0.695072,0.828028,0.716572,0.499319,0.620884
0.488956,0.509685,0.675020,0.597446,0.501709,0.706046,0.605255,0.591900,0.650160,0.000000,0.618799,0.621111,0.590269,0.741888,0.592791,0.560513,0.586580,0.607626,0.607939,0.639084,0.549388,0.703703,0.631393,0.510874,0.692382,0.625500,0.658737,0.581945,0.661909,0.622414,0.351241,0.619787,0.582048,0.433448,0.680838,0.662527,0.633236,0.672993,0.648949,0.702023,0.665725,0.725433,0.739628,0.776741,0.677534,0.620866,0.682039,0.724959,0.741505,0.513267,0.630536,0.645435,0.661420,0.683857,0.710232,0.585853,0.646959,0.798971,0.590842,0.803921,0.603418,0.571331,0.533912,0.629184,0.603710,0.553222,0.735889,0.744944,0.741468,0.687429,0.546215,0.554705,0.550400,0.663635,0.665640,0.673102,0.663550,0.682924,0.757160,0.453295,0.635880,0.700069,0.647791,0.623907,0.624644,0.656112,0.675754,0.713927,0.599424,0.749146,0.713022,0.671883,0.638259,0.498270,0.328984,0.731907,0.684751,0.557195,0.653928,0.781381,0.686574,0.736177,0.727581,0.730219,0.637508,0.514623,0.638825,0.587330,0.725227,0.635612,0.723100,0.539141,0.646476,0.705219,0.642086,0.565650,0.662028,0.565599,0.790725,0.673771,0.710301,0.672108,0.780134,0.631762,0.623173,0.701393,0.614349,0.622502,0.785070,0.602450,0.723205,0.595221,0.758399,0.540494,0.679455,0.556016,0.768222,0.706638,0.602581,0.743386,0.717463,0.680124,0.526752,0.721093,0.654035,0.710362,0.696133,0.705504,0.744846,0.671638,0.740639,0.674057,0.510472,0.607561,0.681243,0.752195,0.702498,0.693699,0.790931,0.572568,0.515385,0.682951,0.582779,0.657210,0.700013,0.681088,0.721741,0.723905,0.745184,0.674356,0.768444,0.732976,0.705004,0.604425,0.690416,0.571789,0.751799,0.610252,0.591860,0.631269,0.760760,0.717435,0.788727,0.605705,0.599475,0.751257,0.691516,0.847804,0.797541,0.690140,0.568894,0.709990,0.632610,0.528140,0.633805,0.769653,0.732836,0.673294,0.722407,0.632722,0.628555
0.494371,0.527674,0.561493,0.531238,0.206315,0.523965,0.335392,0.439175,0.531627,0.618799,0.000000,0.614146,0.616813,0.610886,0.570319,0.418618,0.654435,0.609384,0.672603,0.672001,0.417270,0.522346,0.608269,0.646378,0.651452,0.522801,0.521039,0.563726,0.684617,0.510670,0.655633,0.485512,0.674749,0.569677,0.622865,0.462134,0.507532,0.557189,0.514048,0.675245,0.709833,0.667102,0.668691,0.639637,0.596419,0.413209,0.654623,0.614178,0.727920,0.695314,0.532526,0.630930,0.612684,0.696744,0.776254,0.693768,0.637214,0.794596,0.622145,0.723778,0.695449,0.559893,0.622471,0.594940,0.729505,0.558960,0.710852,0.627644,0.680841,0.757739,0.576201,0.556299,0.529256,0.727532,0.644964,0.604782,0.509964,0.700402,0.715132,0.669688,0.482270,0.678606,0.687517,0.636992,0.761701,0.670140,0.568338,0.644731,0.473160,0.602991,0.817192,0.606436,0.472828,0.707861,0.631136,0.670709,0.670494,0.648097,0.590204,0.665391,0.727933,0.633021,0.729262,0.614217,0.525262,0.562015,0.664241,0.653568,0.703662,0.573856,0.546844,0.586027,0.659498,0.483819,0.610498,0.480959,0.578132,0.596543,0.697488,0.664279,0.734324,0.561466,0.687492,0.695526,0.600974,0.625952,0.416213,0.734659,0.685745,0.725582,0.672116,0.686727,0.623187,0.689641,0.572752,0.684013,0.659194,0.582651,0.697714,0.642193,0.678755,0.489487,0.655026,0.567154,0.733859,0.630754,0.585627,0.647462,0.699996,0.398444,0.725336,0.622338,0.649691,0.602742,0.770048,0.716846,0.786685,0.674573,0.625720,0.638952,0.618229,0.691811,0.545214,0.710319,0.658167,0.695064,0.631948,0.689616,0.654495,0.627209,0.846500,0.760430,0.740562,0.580565,0.692816,0.688072,0.528664,0.630439,0.424757,0.657082,0.544436,0.760384,0.617185,0.620644,0.651571,0.666503,0.679404,0.718545,0.738789,0.727385,0.732798,0.662308,0.738532,0.603630,0.726692,0.717984,0.780909,0.600658,0.589640,0.634876,0.524540
0.501101,0.518642,0.760997,0.243002,0.534811,0.664266,0.547487,0.670271,0.758965,0.621111,0.614146,0.000000,0.723888,0.786206,0.636550,0.692317,0.686760,0.761638,0.837056,0.788207,0.648658,0.753469,0.802415,0.714174,0.826349,0.818357,0.720900,0.711867,0.816704,0.690490,0.632254,0.789447,0.804579,0.645020,0.686780,0.650319,0.688619,0.748719,0.692375,0.722863,0.832118,0.741129,0.725776,0.795841,0.567167,0.431754,0.724542,0.689286,0.772781,0.728153,0.708359,0.754364,0.737706,0.843124,0.783588,0.691061,0.684706,0.762329,0.765554,0.696345,0.674115,0.769231,0.616035,0.710236,0.791101,0.780088,0.773487,0.735925,0.799505,0.800729,0.723781,0.652059,0.675918,0.843608,0.748119,0.785882,0.656049,0.712174,0.751959,0.698418,0.691901,0.759544,0.784740,0.740666,0.768852,0.835028,0.600550,0.717312,0.706500,0.745823,0.736700,0.704295,0.769844,0.677742,0.650421,0.899022,0.820484,0.585590,0.576225,0.730208,0.785486,0.899365,0.838458,0.639403,0.749513,0.662440,0.589887,0.667759,0.699310,0.701801,0.754498,0.759637,0.745301,0.683092,0.703444,0.712786,0.801655,0.782620,0.765703,0.775826,0.653196,0.710242,0.787159,0.766699,0.721510,0.711942,0.762729,0.722544,0.714790,0.721675,0.640429,0.593768,0.794549,0.721775,0.741016,0.774720,0.747903,0.754829,0.635967,0.759941,0.751666,0.611537,0.625360,0.781202,0.771512,0.695542,0.775099,0.722690,0.729981,0.485926,0.765573,0.800544,0.771518,0.761790,0.680354,0.725266,0.752342,0.753242,0.771906,0.692699,0.685117,0.694044,0.694866,0.768590,0.816583,0.723733,0.780355,0.779789,0.809827,0.694756,0.756516,0.726044,0.738691,0.634445,0.781545,0.783545,0.722757,0.723707,0.572946,0.690083,0.860512,0.794945,0.757717,0.695290,0.752792,0.758171,0.789483,0.808347,0.758625,0.741029,0.663390,0.768078,0.784895,0.753435,0.660661,0.683799,0.458234,0.745573,0.562320,0.791487,0.522236
0.507299,0.519586,0.430799,0.610701,0.537186,0.551052,0.536115,0.445003,0.414672,0.590269,0.616813,0.723888,0.000000,0.446578,0.540311,0.488699,0.483539,0.528445,0.440539,0.346916,0.425017,0.506770,0.358735,0.544839,0.478039,0.433246,0.622864,0.469057,0.524101,0.547781,0.525947,0.469550,0.415541,0.583210,0.506319,0.493527,0.503248,0.509102,0.472177,0.508381,0.543466,0.510017,0.423891,0.425066,0.560928,0.596476,0.468176,0.488184,0.484784,0.479612,0.610536,0.647125,0.272738,0.448559,0.782267,0.445755,0.563532,0.870296,0.616483,0.452838,0.576970,0.584892,0.406047,0.500056,0.728019,0.518599,0.450285,0.580542,0.449169,0.642428,0.697013,0.463386,0.585092,0.375392,0.610084,0.514210,0.490712,0.392616,0.611151,0.551891,0.634529,0.764578,0.513992,0.547464,0.593843,0.508206,0.622178,0.538248,0.428088,0.510161,0.644060,0.627906,0.453290,0.548783,0.598333,0.534045,0.752899,0.517157,0.519997,0.441814,0.570338,0.491934,0.558918,0.562831,0.469517,0.634527,0.479611,0.656622,0.570524,0.603475,0.538679,0.505368,0.467695,0.597756,0.479581,0.448236,0.540934,0.567780,0.551305,0.694519,0.732977,0.507275,0.472239,0.557802,0.424537,0.508290,0.583110,0.579741,0.725102,0.578851,0.582179,0.405210,0.728385,0.682304,0.678450,0.699497,0.583143,0.463237,0.558982,0.574618,0.602601,0.554133,0.600289,0.518465,0.494010,0.550450,0.578879,0.629395,0.679801,0.625880,0.707452,0.549726,0.681614,0.545427,0.542928,0.574813,0.656249,0.629488,0.498736,0.562763,0.585280,0.759349,0.529261,0.572658,0.542405,0.545728,0.582536,0.694031,0.489023,0.698870,0.806120,0.621766,0.664021,0.603378,0.608374,0.466975,0.545595,0.572766,0.690499,0.544667,0.492137,0.597156,0.578263,0.629603,0.630089,0.566234,0.618004,0.560501,0.565263,0.584383,0.641414,0.692030,0.703072,0.695142,0.471882,0.588905,0.651040,0.742518,0.693102,0.506543,0.541015
0.507635,0.576904,0.429227,0.739914,0.571387,0.501717,0.600512,0.469780,0.461083,0.741888,0.610886,0.786206,0.446578,0.000000,0.624112,0.501085,0.543759,0.511682,0.532097,0.329681,0.566104,0.478273,0.374787,0.563841,0.589165,0.416389,0.739333,0.552759,0.590017,0.652914,0.735956,0.458245,0.453968,0.643405,0.586124,0.544134,0.604961,0.459331,0.524196,0.505975,0.517974,0.624130,0.320257,0.186837,0.669626,0.663126,0.380207,0.616779,0.398888,0.583881,0.707743,0.725721,0.391124,0.490181,0.860185,0.506918,0.625106,0.856481,0.746259,0.561017,0.748533,0.745279,0.598984,0.680679,0.698635,0.621329,0.497040,0.570377,0.504020,0.696313,0.864351,0.645332,0.752611,0.520839,0.629845,0.424380,0.558235,0.443410,0.771985,0.756432,0.717165,0.810640,0.579370,0.696248,0.764474,0.513853,0.702092,0.397438,0.569773,0.640384,0.703240,0.599427,0.509261,0.741020,0.774214,0.483749,0.758892,0.637673,0.659804,0.505552,0.527347,0.444412,0.440510,0.670061,0.594667,0.812857,0.619752,0.779873,0.690476,0.676742,0.489162,0.783662,0.409927,0.560840,0.655823,0.598613,0.563677,0.654704,0.544696,0.731705,0.818202,0.561400,0.488298,0.699781,0.604846,0.626786,0.624485,0.654132,0.739442,0.752058,0.659132,0.561712,0.673439,0.752637,0.711307,0.768343,0.547754,0.563507,0.671288,0.539234,0.720957,0.624452,0.811972,0.620884,0.510161,0.708395,0.646232,0.696524,0.656887,0.688063,0.749941,0.542783,0.808327,0.623169,0.679346,0.638589,0.710068,0.782229,0.445178,0.627563,0.756093,0.788008,0.651769,0.731564,0.631932,0.598203,0.695721,0.745588,0.542858,0.774302,0.825019,0.709127,0.692833,0.660002,0.593333,0.708755,0.553160,0.645801,0.804964,0.699777,0.458167,0.730636,0.600279,0.818318,0.737188,0.567388,0.725555,0.558370,0.570191,0.726665,0.818904,0.789774,0.792987,0.744604,0.632293,0.753239,0.792896,0.794322,0.708382,0.689138,0.587193
0.508028,0.533977,0.677417,0.610570,0.491614,0.632171,0.611007,0.538061,0.656238,0.592791,0.570319,0.636550,0.540311,0.624112,0.000000,0.588872,0.525311,0.572829,0.605230,0.601698,0.515559,0.657967,0.556512,0.593255,0.631358,0.631498,0.580965,0.559673,0.675815,0.164246,0.573907,0.549661,0.629837,0.510704,0.599437,0.565745,0.625087,0.517052,0.567475,0.633193,0.716664,0.510091,0.605882,0.660660,0.569931,0.675662,0.626701,0.520206,0.612432,0.567510,0.661093,0.601524,0.574205,0.651238,0.823245,0.625446,0.714881,0.889190,0.640172,0.654484,0.582065,0.638066,0.545177,0.406533,0.718599,0.558731,0.549951,0.694459,0.619124,0.707312,0.587970,0.502330,0.558815,0.667577,0.583966,0.587495,0.509707,0.590199,0.679751,0.649776,0.468218,0.702477,0.661069,0.654615,0.655187,0.694957,0.594386,0.577467,0.532063,0.517312,0.684706,0.559807,0.515989,0.715463,0.585937,0.730324,0.670310,0.636539,0.542724,0.605847,0.610337,0.667201,0.730670,0.562930,0.645932,0.670079,0.565358,0.449144,0.580951,0.657852,0.562885,0.663970,0.571482,0.510790,0.404604,0.578203,0.541888,0.678784,0.696934,0.694897,0.504951,0.644716,0.567538,0.562635,0.648704,0.643735,0.554905,0.662034,0.613616,0.554272,0.650343,0.557995,0.698666,0.640172,0.582372,0.609944,0.681089,0.667460,0.607509,0.551016,0.621637,0.493090,0.512957,0.566055,0.660706,0.737647,0.629549,0.684663,0.628616,0.676883,0.662441,0.686386,0.560933,0.602187,0.701527,0.652297,0.750644,0.670467,0.638960,0.632509,0.517697,0.557829,0.579663,0.591284,0.656992,0.742881,0.703920,0.729749,0.718133,0.543526,0.858000,0.739098,0.609387,0.300653,0.738098,0.608675,0.726605,0.654784,0.601887,0.631147,0.662021,0.673799,0.662324,0.557502,0.670483,0.676744,0.657468,0.739982,0.701722,0.567649,0.522917,0.646811,0.682285,0.601758,0.661543,0.724211,0.659306,0.561164,0.655174,0.595907,0.527698
0.512367,0.542615,0.444705,0.619024,0.342391,0.467072,0.449299,0.324090,0.419439,0.560513,0.418618,0.692317,0.488699,0.501085,0.588872,0.000000,0.578304,0.543610,0.556711,0.425351,0.377555,0.412384,0.453705,0.560094,0.551456,0.196992,0.628800,0.450800,0.621916,0.611751,0.570518,0.139324,0.562620,0.570455,0.512371,0.320630,0.574926,0.431579,0.392228,0.568234,0.551075,0.564202,0.588775,0.493049,0.547292,0.512892,0.633648,0.548124,0.576957,0.601781,0.631995,0.578318,0.427786,0.642342,0.825920,0.601663,0.437387,0.808365,0.580820,0.686587,0.582427,0.477068,0.546831,0.616769,0.630374,0.565079,0.615707,0.541580,0.400209,0.764815,0.649478,0.507691,0.497245,0.603463,0.577995,0.457994,0.516713,0.462751,0.788316,0.574521,0.591580,0.779387,0.620602,0.509379,0.686988,0.525016,0.533291,0.571834,0.456367,0.552451,0.785741,0.601754,0.413352,0.603318,0.588979,0.403127,0.632178,0.632041,0.540976,0.571157,0.626857,0.490741,0.591495,0.570355,0.462395,0.634929,0.623905,0.645554,0.655344,0.512901,0.476640,0.566610,0.539033,0.602178,0.602082,0.464350,0.641062,0.488779,0.607267,0.667003,0.720722,0.507115,0.462776,0.656297,0.381303,0.485804,0.533375,0.653049,0.640413,0.670440,0.613886,0.570889,0.547565,0.766064,0.628891,0.529792,0.676782,0.394288,0.556353,0.559444,0.620978,0.514934,0.663247,0.550341,0.586578,0.564533,0.603160,0.693658,0.641176,0.419672,0.685226,0.469499,0.562705,0.490032,0.663381,0.645006,0.746173,0.637508,0.527516,0.484986,0.601417,0.623126,0.477623,0.594505,0.447825,0.465719,0.606561,0.669275,0.492494,0.712233,0.857366,0.648237,0.740955,0.565329,0.687297,0.485646,0.412547,0.545379,0.570449,0.593082,0.251841,0.695950,0.671823,0.658504,0.506897,0.596674,0.635860,0.635039,0.633582,0.686626,0.674433,0.640048,0.695029,0.513365,0.584133,0.740568,0.688792,0.702613,0.734138,0.529451,0.535627
0.516566,0.598018,0.598840,0.634639,0.599251,0.572258,0.656617,0.531394,0.618804,0.586580,0.654435,0.686760,0.483539,0.543759,0.525311,0.578304,0.000000,0.312410,0.526337,0.491142,0.628612,0.572790,0.412634,0.567327,0.649936,0.591555,0.613135,0.573047,0.679378,0.580262,0.500774,0.543906,0.540631,0.500581,0.657065,0.599271,0.617390,0.597271,0.602523,0.621597,0.660032,0.573186,0.587906,0.576121,0.660904,0.752438,0.570445,0.623111,0.606993,0.199442,0.619921,0.591434,0.520874,0.496559,0.783920,0.530239,0.585937,0.821726,0.653214,0.519099,0.619921,0.651492,0.462355,0.499509,0.735761,0.341873,0.583798,0.625140,0.587435,0.615101,0.593592,0.548051,0.622689,0.547530,0.601189,0.512413,0.580982,0.530089,0.704363,0.542927,0.604453,0.770345,0.558926,0.711318,0.668148,0.672624,0.641016,0.561055,0.669769,0.593030,0.548631,0.549154,0.665135,0.565138,0.582349,0.677757,0.713559,0.665675,0.678693,0.635522,0.522131,0.647691,0.667215,0.639183,0.716064,0.615313,0.611376,0.543650,0.622604,0.616310,0.610990,0.598893,0.486419,0.563751,0.557792,0.693404,0.586217,0.662306,0.583590,0.701552,0.645695,0.614867,0.621908,0.639955,0.580512,0.568364,0.735212,0.539956,0.602608,0.551240,0.578833,0.541373,0.608107,0.626892,0.666749,0.656079,0.623338,0.618496,0.571832,0.580360,0.561158,0.625388,0.655403,0.689926,0.608299,0.695866,0.681059,0.629578,0.565859,0.764352,0.649091,0.622384,0.633620,0.601696,0.629733,0.622575,0.583268,0.620729,0.413054,0.591174,0.635307,0.670263,0.561581,0.597170,0.696167,0.605061,0.706269,0.690944,0.577161,0.675914,0.775517,0.597701,0.622184,0.630673,0.750291,0.607322,0.669470,0.609520,0.687035,0.622847,0.565143,0.680455,0.736551,0.563405,0.649557,0.591385,0.658674,0.626737,0.597016,0.604448,0.572718,0.655153,0.698940,0.639126,0.599829,0.582306,0.691730,0.749549,0.692787,0.580566,0.588957
0.516956,0.660571,0.632030,0.718105,0.569017,0.577233,0.627839,0.530734,0.641128,0.607626,0.609384,0.761638,0.528445,0.511682,0.572829,0.543610,0.312410,0.000000,0.518146,0.466684,0.613879,0.617541,0.465585,0.453264,0.622433,0.537548,0.684668,0.503555,0.658803,0.609633,0.541186,0.530398,0.505606,0.451583,0.639495,0.627032,0.624265,0.555437,0.598632,0.613725,0.637629,0.623166,0.574462,0.541929,0.712315,0.695746,0.572266,0.662991,0.598881,0.378157,0.634484,0.661778,0.564015,0.481396,0.750479,0.622218,0.642910,0.789263,0.646746,0.600675,0.706136,0.581888,0.480935,0.580292,0.693450,0.267699,0.654461,0.685144,0.624311,0.548225,0.616216,0.577130,0.667074,0.578416,0.652288,0.471244,0.631321,0.555765,0.790623,0.551045,0.618930,0.717408,0.559217,0.670261,0.709286,0.660414,0.689509,0.600932,0.645373,0.658409,0.656485,0.593609,0.613972,0.631597,0.626200,0.650219,0.674353,0.669759,0.701570,0.637565,0.590089,0.630329,0.724546,0.676239,0.681012,0.583479,0.642224,0.603818,0.689960,0.691923,0.569312,0.626925,0.451651,0.481641,0.616324,0.643195,0.535202,0.577853,0.615722,0.758198,0.703903,0.542996,0.627040,0.676040,0.621092,0.602739,0.688043,0.565876,0.743106,0.624848,0.632132,0.645978,0.702326,0.698692,0.721420,0.710178,0.721181,0.693060,0.682197,0.583443,0.625175,0.670648,0.691250,0.704146,0.665273,0.683840,0.651882,0.644704,0.767873,0.678678,0.670053,0.738081,0.666562,0.590853,0.673241,0.596864,0.721900,0.697445,0.410213,0.522532,0.662133,0.765121,0.537046,0.679364,0.696274,0.637287,0.710133,0.691869,0.579687,0.625615,0.805782,0.640725,0.721449,0.662917,0.657101,0.614544,0.689355,0.546150,0.715514,0.723263,0.539476,0.687377,0.719473,0.653703,0.686950,0.606548,0.643022,0.649200,0.643281,0.634855,0.626501,0.676249,0.723102,0.655206,0.657716,0.644773,0.816873,0.721854,0.790227,0.590898,0.607928
0.517505,0.536315,0.543836,0.688100,0.615776,0.533529,0.571027,0.518514,0.487595,0.607939,0.672603,0.837056,0.440539,0.532097,0.605230,0.556711,0.526337,0.518146,0.000000,0.459986,0.643735,0.453891,0.484597,0.583579,0.349879,0.524635,0.683224,0.498624,0.540785,0.581970,0.563510,0.505989,0.447869,0.645295,0.650018,0.577674,0.576064,0.624952,0.543089,0.536126,0.635488,0.523841,0.561258,0.407132,0.702067,0.715583,0.544753,0.534224,0.594174,0.490433,0.659997,0.573418,0.594575,0.180711,0.828733,0.564760,0.670322,0.869862,0.536342,0.623753,0.609072,0.690065,0.532437,0.610878,0.593012,0.432359,0.554400,0.532254,0.481663,0.526495,0.718013,0.607455,0.648792,0.464720,0.597437,0.491905,0.548846,0.573888,0.659155,0.554284,0.695944,0.723410,0.240700,0.678738,0.574140,0.591246,0.665433,0.584397,0.651177,0.508030,0.563249,0.646022,0.599971,0.666371,0.583359,0.536612,0.710658,0.674113,0.680148,0.551317,0.614371,0.518737,0.673644,0.718045,0.637621,0.577259,0.664033,0.596187,0.694438,0.722831,0.624856,0.623125,0.541786,0.625494,0.541056,0.669121,0.394884,0.591071,0.595826,0.755749,0.642662,0.442674,0.535226,0.493039,0.518790,0.541864,0.626489,0.611476,0.686295,0.635473,0.626477,0.616582,0.733349,0.644342,0.756057,0.821573,0.585281,0.513127,0.714012,0.732127,0.683523,0.679323,0.711190,0.554053,0.632928,0.620171,0.587025,0.704993,0.633737,0.741284,0.623925,0.647740,0.751403,0.696780,0.602194,0.517992,0.617079,0.613161,0.599962,0.625329,0.703612,0.800103,0.562439,0.588779,0.636428,0.707643,0.712718,0.832651,0.556415,0.772232,0.843062,0.712276,0.669832,0.727331,0.638979,0.563544,0.613993,0.640889,0.778502,0.635051,0.514247,0.638352,0.646443,0.675726,0.742633,0.549653,0.517821,0.659366,0.582219,0.547006,0.613911,0.716267,0.748948,0.764694,0.688251,0.700185,0.817655,0.791640,0.744000,0.582103,0.695407
0.518058,0.558114,0.331243,0.684113,0.554442,0.491677,0.587263,0.388477,0.360451,0.639084,0.672001,0.788207,0.346916,0.329681,0.601698,0.425351,0.491142,0.466684,0.459986,0.000000,0.559350,0.426276,0.312354,0.484906,0.578615,0.311240,0.712966,0.505940,0.569504,0.653393,0.637259,0.376629,0.307176,0.578660,0.532434,0.482034,0.614213,0.380157,0.445933,0.503015,0.364078,0.530409,0.321126,0.295680,0.652222,0.638477,0.375753,0.514349,0.433438,0.511978,0.706745,0.693377,0.305483,0.409181,0.839535,0.482989,0.511791,0.900839,0.704773,0.538336,0.753143,0.672766,0.547597,0.660479,0.740736,0.536928,0.409901,0.545196,0.399576,0.628322,0.824792,0.609318,0.689252,0.416404,0.577889,0.392208,0.523400,0.295573,0.714030,0.639029,0.721835,0.780920,0.480126,0.614174,0.668560,0.347137,0.654894,0.433327,0.559028,0.566807,0.629147,0.630420,0.491342,0.627176,0.656127,0.358101,0.756581,0.570107,0.630256,0.490194,0.466513,0.394154,0.374891,0.645343,0.565143,0.689571,0.567883,0.696078,0.643102,0.599595,0.441248,0.700904,0.317796,0.581605,0.604890,0.570956,0.516504,0.636277,0.514473,0.655590,0.700747,0.561685,0.378972,0.621265,0.469356,0.589008,0.631616,0.601436,0.677846,0.629284,0.622791,0.505641,0.616965,0.704043,0.770949,0.603006,0.557772,0.454243,0.560047,0.474976,0.686796,0.612344,0.781021,0.556832,0.353411,0.648549,0.634599,0.738080,0.640281,0.692291,0.723813,0.447447,0.666471,0.577996,0.634550,0.518115,0.719755,0.724028,0.435148,0.582315,0.696289,0.775726,0.576275,0.619033,0.515401,0.528565,0.589625,0.635829,0.519212,0.752976,0.828773,0.645030,0.697657,0.659610,0.544821,0.653170,0.539093,0.617564,0.777454,0.591376,0.400582,0.685814,0.621050,0.774533,0.591809,0.526468,0.709889,0.494650,0.470223,0.646147,0.737468,0.752820,0.645933,0.638201,0.557488,0.677813,0.730922,0.792893,0.738284,0.650759,0.604619
0.518297,0.503591,0.502756,0.578645,0.366351,0.563279,0.413546,0.450036,0.479133,0.549388,0.417270,0.648658,0.425017,0.566104,0.515559,0.377555,0.628612,0.613879,0.643735,0.559350,0.000000,0.603075,0.544151,0.578348,0.586913,0.498313,0.575285,0.476556,0.482169,0.512537,0.561362,0.492764,0.552945,0.553419,0.460665,0.484141,0.435478,0.563170,0.473668,0.560809,0.661220,0.596550,0.595519,0.617676,0.534296,0.474057,0.622608,0.543473,0.619282,0.676386,0.559950,0.667523,0.481592,0.663301,0.715652,0.539364,0.591665,0.834739,0.533479,0.660612,0.531886,0.423906,0.513313,0.489717,0.715019,0.609986,0.538964,0.635343,0.542564,0.761662,0.593030,0.460326,0.523545,0.523256,0.496897,0.646147,0.603589,0.510209,0.720119,0.513059,0.513164,0.681675,0.649648,0.514295,0.592572,0.616139,0.628879,0.620549,0.147097,0.582259,0.863168,0.624722,0.188445,0.640700,0.542408,0.618481,0.621745,0.579125,0.571332,0.529826,0.628885,0.566272,0.681913,0.622586,0.219309,0.565961,0.546748,0.600447,0.614561,0.599275,0.580305,0.484759,0.556667,0.499784,0.506799,0.156142,0.587063,0.428561,0.607116,0.698413,0.701998,0.572773,0.564337,0.571506,0.526971,0.510734,0.285951,0.719351,0.709966,0.671983,0.580420,0.581602,0.716606,0.699244,0.677863,0.604029,0.716657,0.575470,0.619498,0.585237,0.662537,0.578892,0.504844,0.569432,0.658083,0.588338,0.455808,0.623752,0.731177,0.443743,0.723362,0.597198,0.582543,0.429022,0.599871,0.697175,0.793644,0.684551,0.605535,0.538709,0.514752,0.672727,0.472148,0.654786,0.524301,0.616246,0.599587,0.678101,0.587517,0.646440,0.903348,0.597720,0.703152,0.534488,0.620926,0.406329,0.548113,0.533036,0.487132,0.617979,0.574769,0.640248,0.779232,0.620461,0.512795,0.588785,0.602891,0.705656,0.677922,0.573442,0.615703,0.655250,0.682321,0.530079,0.627734,0.728055,0.595785,0.644228,0.681099,0.472132,0.552872
0.518303,0.508567,0.459651,0.652469,0.526676,0.247751,0.514120,0.441442,0.416598,0.703703,0.522346,0.753469,0.506770,0.478273,0.657967,0.412384,0.572790,0.617541,0.453891,0.426276,0.603075,0.000000,0.440648,0.609566,0.546652,0.391904,0.628753,0.583793,0.618961,0.620858,0.698929,0.387062,0.512224,0.674281,0.636796,0.479853,0.584789,0.527099,0.473943,0.521483,0.607060,0.627875,0.560907,0.410537,0.711927,0.670439,0.584319,0.574854,0.611849,0.581779,0.701816,0.563234,0.479901,0.486958,0.829913,0.619549,0.520072,0.830441,0.691740,0.674857,0.703587,0.730430,0.635791,0.699214,0.629289,0.584446,0.550262,0.259473,0.424427,0.742650,0.803551,0.656801,0.645375,0.597136,0.567580,0.470697,0.530744,0.518191,0.709012,0.732062,0.682398,0.811046,0.592508,0.640021,0.685165,0.531355,0.626217,0.565300,0.593038,0.561376,0.639124,0.635323,0.574372,0.746982,0.745638,0.488988,0.756895,0.654494,0.672214,0.589404,0.582120,0.512249,0.582886,0.678403,0.609608,0.672450,0.664372,0.733430,0.717836,0.589860,0.505343,0.699796,0.495880,0.633996,0.660156,0.648306,0.578505,0.687342,0.599980,0.732925,0.722190,0.522509,0.491225,0.638047,0.483828,0.571732,0.617239,0.685003,0.477172,0.630734,0.738823,0.612207,0.646453,0.810702,0.756151,0.701672,0.609552,0.389785,0.681849,0.630397,0.692232,0.593674,0.780970,0.591935,0.546750,0.594785,0.643371,0.772554,0.553831,0.687433,0.642113,0.440014,0.697184,0.644964,0.707669,0.654907,0.669300,0.623083,0.530265,0.684969,0.723973,0.733502,0.612797,0.618949,0.572942,0.596863,0.592604,0.814789,0.520179,0.817461,0.873443,0.689292,0.753827,0.658815,0.645170,0.679781,0.488364,0.665920,0.771021,0.604602,0.391953,0.729472,0.614205,0.763117,0.643337,0.587762,0.680375,0.641316,0.642746,0.666995,0.769167,0.757014,0.719742,0.661424,0.659292,0.708445,0.744441,0.811324,0.693607,0.676693,0.654091
