0.000000,0.240050,0.299086,0.300439,0.309156,0.310195,0.312372,0.350055,0.360145,0.360701,0.366111,0.374885,0.391339,0.396255,0.399180,0.400686,0.404658,0.410795,0.411424,0.413120,0.417691,0.421099,0.422481,0.425509,0.435924,0.436318,0.437533,0.438651,0.439087,0.441113,0.447423,0.450564,0.451342,0.453377,0.458809,0.470733,0.470955,0.471180,0.473248,0.473644,0.473827,0.475187,0.475622,0.483114,0.484180,0.484977,0.487139,0.491532,0.491834,0.492688,0.493859,0.495537,0.496024,0.499556,0.500201,0.500305,0.501512,0.501570,0.506828,0.507981,0.508091,0.508334,0.508589,0.509801,0.512233,0.512386,0.515186,0.515399,0.516966,0.519636,0.520504,0.521294,0.523672,0.524399,0.525322,0.525431,0.526966,0.528006,0.528057,0.528073,0.528687,0.529425,0.530157,0.533391,0.534517,0.534942,0.535874,0.536582,0.537007,0.538021,0.539609,0.539789,0.540170,0.540448,0.540491,0.541927,0.542084,0.544341,0.544602,0.548804,0.550014
0.240050,0.000000,0.207660,0.306789,0.210337,0.299670,0.249784,0.297243,0.364114,0.465874,0.472060,0.390499,0.307699,0.268864,0.345761,0.343349,0.407890,0.300227,0.606909,0.494942,0.488627,0.528140,0.368506,0.549258,0.358297,0.532242,0.374191,0.530246,0.486428,0.462989,0.285548,0.404825,0.301330,0.547297,0.470811,0.463635,0.545876,0.438729,0.414474,0.507779,0.590115,0.484701,0.418678,0.324098,0.376388,0.441912,0.413360,0.520729,0.406381,0.478887,0.550243,0.618280,0.314032,0.575121,0.554212,0.562393,0.473769,0.519916,0.409893,0.444453,0.472467,0.372980,0.536834,0.475640,0.503472,0.380368,0.401767,0.599303,0.590574,0.478879,0.663346,0.521600,0.611408,0.546820,0.413909,0.597786,0.543543,0.569474,0.432164,0.497544,0.536606,0.482144,0.494290,0.440415,0.689679,0.559392,0.531675,0.534762,0.635985,0.506640,0.369287,0.402835,0.546220,0.565052,0.542539,0.518704,0.643588,0.592510,0.593826,0.544498,0.561659
0.299086,0.207660,0.000000,0.303793,0.255697,0.262604,0.384239,0.278270,0.333572,0.531099,0.436258,0.408572,0.390697,0.350685,0.401309,0.371746,0.443679,0.309036,0.606974,0.568671,0.487236,0.486541,0.337095,0.585070,0.377634,0.554246,0.443183,0.541956,0.518642,0.522888,0.261902,0.421074,0.298415,0.556907,0.415946,0.512876,0.523007,0.541078,0.466831,0.594906,0.672638,0.471185,0.370708,0.316401,0.430973,0.488220,0.345699,0.477754,0.435055,0.457426,0.646858,0.675177,0.261326,0.696203,0.513692,0.575189,0.498409,0.466821,0.356590,0.558397,0.507857,0.380169,0.549219,0.573015,0.571732,0.424972,0.533848,0.665039,0.577265,0.520189,0.750226,0.546795,0.689664,0.566039,0.434982,0.584516,0.564555,0.641550,0.411071,0.482672,0.531988,0.500564,0.518776,0.377346,0.706875,0.572235,0.595355,0.572406,0.630666,0.634010,0.314474,0.357335,0.496306,0.663281,0.539130,0.548161,0.644501,0.637212,0.628294,0.553630,0.537179
0.300439,0.306789,0.303793,0.000000,0.435962,0.271668,0.431548,0.341613,0.267236,0.404985,0.426421,0.514894,0.476106,0.466811,0.460060,0.471865,0.397852,0.477389,0.460544,0.526790,0.417083,0.443652,0.432636,0.513138,0.417001,0.586898,0.533433,0.430924,0.476652,0.533289,0.400027,0.580245,0.444857,0.532812,0.420310,0.476852,0.575323,0.555531,0.619192,0.500991,0.546752,0.344181,0.393497,0.405871,0.522022,0.486503,0.463147,0.498540,0.500462,0.486810,0.579782,0.529212,0.410347,0.611009,0.476565,0.571150,0.584422,0.538795,0.471019,0.539561,0.618361,0.499534,0.510851,0.560860,0.612108,0.541412,0.603968,0.571814,0.594393,0.608212,0.654750,0.581644,0.640299,0.544774,0.483786,0.523005,0.519670,0.606919,0.478537,0.587980,0.441952,0.588806,0.608480,0.502253,0.573574,0.624657,0.672856,0.606330,0.585576,0.582622,0.488118,0.412327,0.439925,0.684730,0.643966,0.548645,0.592358,0.520354,0.502185,0.628728,0.555510
0.309156,0.210337,0.255697,0.435962,0.000000,0.409200,0.341227,0.247734,0.365391,0.614648,0.585036,0.165211,0.302276,0.265212,0.219361,0.237770,0.457986,0.238203,0.627571,0.539632,0.499026,0.529305,0.316644,0.606934,0.350063,0.543188,0.319613,0.586674,0.455957,0.329579,0.284506,0.207374,0.349497,0.555499,0.536871,0.520035,0.557418,0.520759,0.282105,0.571159,0.632851,0.540546,0.428317,0.379539,0.362909,0.465625,0.371347,0.574447,0.362099,0.502994,0.540572,0.751443,0.358123,0.621440,0.679128,0.548555,0.380574,0.540341,0.300667,0.478491,0.363501,0.386208,0.541918,0.512582,0.440788,0.361936,0.397804,0.665515,0.611664,0.462094,0.777917,0.458158,0.616093,0.621658,0.480750,0.652537,0.658769,0.617735,0.479912,0.398804,0.642366,0.323117,0.349495,0.422903,0.740178,0.486698,0.447844,0.453017,0.693790,0.612585,0.395772,0.467758,0.555063,0.588825,0.468263,0.503628,0.655441,0.653117,0.666440,0.456411,0.613463
0.310195,0.299670,0.262604,0.271668,0.409200,0.000000,0.417250,0.373557,0.355198,0.465875,0.394282,0.524938,0.423798,0.413560,0.439092,0.436748,0.406152,0.443075,0.509366,0.562947,0.478160,0.473447,0.473265,0.573330,0.482375,0.543517,0.517758,0.470276,0.490937,0.596239,0.425058,0.521045,0.456509,0.548910,0.452809,0.491252,0.558502,0.558873,0.572815,0.546722,0.639939,0.408487,0.478070,0.450265,0.532788,0.498721,0.456988,0.450657,0.529869,0.491234,0.617850,0.541768,0.458388,0.608081,0.471360,0.580885,0.579864,0.528380,0.514575,0.615486,0.596539,0.512378,0.594950,0.582242,0.624905,0.536528,0.560622,0.606066,0.534310,0.582301,0.677984,0.586671,0.660663,0.545750,0.503903,0.581272,0.551860,0.598664,0.510226,0.668401,0.541776,0.584465,0.609773,0.531666,0.599755,0.633630,0.663070,0.644358,0.560698,0.623595,0.506728,0.480298,0.503554,0.681638,0.634039,0.572182,0.638666,0.552720,0.560732,0.630863,0.549501
0.312372,0.249784,0.384239,0.431548,0.341227,0.417250,0.000000,0.415280,0.507673,0.437594,0.507694,0.413450,0.293711,0.286284,0.368787,0.352397,0.493296,0.342834,0.540580,0.500337,0.492348,0.523671,0.534348,0.612901,0.540527,0.419959,0.383532,0.534862,0.499340,0.447860,0.498327,0.389968,0.468260,0.494319,0.492991,0.548705,0.525958,0.454311,0.348396,0.475570,0.577771,0.525459,0.626195,0.482617,0.453745,0.461524,0.544141,0.531279,0.423923,0.519277,0.572724,0.614758,0.562964,0.598100,0.563578,0.472005,0.560603,0.533729,0.634926,0.546617,0.434727,0.482668,0.659912,0.387649,0.406077,0.450434,0.355159,0.697534,0.463621,0.414423,0.669733,0.497730,0.570342,0.689511,0.563787,0.644287,0.568619,0.500762,0.545320,0.565191,0.499172,0.454393,0.411369,0.600230,0.700947,0.589911,0.483209,0.433864,0.647836,0.463267,0.579136,0.617160,0.644177,0.561191,0.522976,0.498549,0.631679,0.464719,0.668890,0.565835,0.673896
0.350055,0.297243,0.278270,0.341613,0.247734,0.373557,0.415280,0.000000,0.096979,0.563597,0.553369,0.295698,0.344974,0.317531,0.281495,0.273645,0.342411,0.267275,0.561217,0.496484,0.351021,0.453226,0.254681,0.395722,0.224246,0.570480,0.337494,0.457083,0.362817,0.392062,0.377448,0.354232,0.387674,0.447805,0.429792,0.407798,0.536230,0.492358,0.423647,0.487018,0.589801,0.386752,0.332497,0.449474,0.466709,0.389615,0.326920,0.499514,0.391886,0.353512,0.563327,0.657680,0.378450,0.586384,0.627045,0.506613,0.436980,0.578405,0.290935,0.613523,0.419519,0.495595,0.430797,0.496818,0.430891,0.410314,0.460758,0.544859,0.498120,0.541060,0.754210,0.430631,0.653608,0.508120,0.539263,0.644338,0.607166,0.624052,0.559221,0.419209,0.516378,0.370666,0.436921,0.347514,0.605977,0.459675,0.511072,0.460272,0.589995,0.582871,0.410951,0.487172,0.370873,0.631380,0.486383,0.477494,0.582761,0.591055,0.579215,0.521155,0.626642
0.360145,0.364114,0.333572,0.267236,0.365391,0.355198,0.507673,0.096979,0.000000,0.507962,0.540860,0.422063,0.428059,0.451368,0.375654,0.398464,0.389095,0.386358,0.515422,0.499030,0.376250,0.484668,0.299472,0.387563,0.282557,0.619508,0.474353,0.419172,0.405502,0.510253,0.421449,0.485212,0.451797,0.485665,0.462123,0.454063,0.596657,0.534820,0.568841,0.484296,0.603369,0.319754,0.269154,0.467218,0.563285,0.460809,0.364792,0.518725,0.487610,0.421841,0.592828,0.597529,0.430067,0.599401,0.603300,0.581885,0.540791,0.625024,0.331826,0.670135,0.568301,0.542739,0.412429,0.531062,0.544035,0.555059,0.579989,0.537746,0.525238,0.644277,0.730665,0.521864,0.679107,0.490374,0.529414,0.593677,0.642255,0.642985,0.560248,0.468107,0.472624,0.528046,0.555536,0.406794,0.578788,0.527873,0.611646,0.586592,0.587088,0.581271,0.486086,0.466792,0.337386,0.652795,0.601697,0.514938,0.586155,0.571282,0.527806,0.623145,0.619647
0.360701,0.465874,0.531099,0.404985,0.614648,0.465875,0.437594,0.563597,0.507962,0.000000,0.347622,0.654255,0.614046,0.621467,0.600953,0.601998,0.552306,0.619558,0.548244,0.557391,0.557158,0.510415,0.629235,0.529689,0.595560,0.552307,0.591622,0.543322,0.585007,0.610613,0.660340,0.648319,0.655260,0.563294,0.604156,0.551997,0.575025,0.547588,0.645781,0.398746,0.474403,0.537866,0.613083,0.632598,0.719586,0.568294,0.665818,0.453861,0.655313,0.562838,0.588837,0.555521,0.674452,0.613485,0.439585,0.584807,0.656145,0.646782,0.677694,0.660832,0.677064,0.661174,0.668492,0.551552,0.548327,0.711963,0.672483,0.574971,0.536982,0.604311,0.560599,0.608733,0.641247,0.599960,0.702565,0.484216,0.535136,0.575405,0.660907,0.681836,0.521645,0.637275,0.657787,0.670633,0.516286,0.694659,0.663646,0.589677,0.654161,0.573965,0.694277,0.673242,0.643578,0.591888,0.654984,0.555514,0.621309,0.483693,0.504584,0.667640,0.636029
0.366111,0.472060,0.436258,0.426421,0.585036,0.394282,0.507694,0.553369,0.540860,0.347622,0.000000,0.632277,0.622167,0.609390,0.602056,0.592977,0.514579,0.619084,0.574026,0.606917,0.507372,0.526071,0.618071,0.586138,0.642072,0.559679,0.583225,0.565723,0.588586,0.647362,0.637615,0.616479,0.644519,0.553910,0.472856,0.588648,0.526421,0.585643,0.608183,0.523719,0.652810,0.564017,0.666831,0.588921,0.648699,0.633257,0.640180,0.492604,0.645028,0.646973,0.612654,0.589739,0.645836,0.637820,0.461817,0.585982,0.639897,0.486726,0.658954,0.620086,0.666455,0.634956,0.712618,0.643525,0.639576,0.665403,0.679404,0.611742,0.571479,0.578248,0.673667,0.662431,0.686775,0.591190,0.712274,0.513425,0.587944,0.663769,0.585475,0.752368,0.591566,0.622010,0.655825,0.658053,0.550003,0.697794,0.705303,0.637685,0.630849,0.640985,0.657375,0.674235,0.668698,0.738776,0.647693,0.601714,0.713850,0.564601,0.617999,0.673986,0.583947
0.374885,0.390499,0.408572,0.514894,0.165211,0.524938,0.413450,0.295698,0.422063,0.654255,0.632277,0.000000,0.435177,0.381096,0.249188,0.266235,0.458689,0.349025,0.603112,0.484481,0.483031,0.525772,0.460896,0.550020,0.461339,0.520966,0.351518,0.552416,0.479977,0.271615,0.443219,0.254025,0.494117,0.519024,0.593876,0.552961,0.541230,0.534374,0.284097,0.555482,0.599792,0.553828,0.582648,0.531517,0.508659,0.500619,0.522358,0.609758,0.344708,0.499948,0.547746,0.760093,0.492675,0.617647,0.692088,0.514942,0.359961,0.578068,0.455722,0.563030,0.375064,0.503131,0.619336,0.517356,0.401960,0.480042,0.437949,0.630863,0.650530,0.466919,0.790204,0.454561,0.645849,0.672885,0.622884,0.682917,0.653586,0.652976,0.590342,0.541667,0.666642,0.265735,0.347592,0.535994,0.730014,0.535054,0.426496,0.411529,0.659636,0.625840,0.511316,0.583036,0.598337,0.657084,0.461298,0.464807,0.659593,0.668890,0.672319,0.361038,0.655005
0.391339,0.307699,0.390697,0.476106,0.302276,0.423798,0.293711,0.344974,0.428059,0.614046,0.622167,0.435177,0.000000,0.108255,0.430177,0.424678,0.539214,0.131149,0.597215,0.580594,0.483823,0.527455,0.417538,0.599386,0.435761,0.505219,0.472600,0.616767,0.501697,0.437636,0.481915,0.428694,0.479431,0.536939,0.559348,0.555849,0.595278,0.524625,0.462850,0.572155,0.692137,0.583812,0.478684,0.516310,0.455245,0.469542,0.516088,0.596461,0.436118,0.573268,0.632883,0.685584,0.558587,0.612828,0.653680,0.504278,0.472943,0.573757,0.558888,0.561672,0.426128,0.493694,0.595771,0.553719,0.490526,0.468144,0.426906,0.720934,0.592149,0.484993,0.743686,0.449319,0.607301,0.683139,0.544133,0.712451,0.650511,0.596813,0.578670,0.407293,0.617812,0.465925,0.428832,0.466850,0.775825,0.572925,0.516097,0.470098,0.646187,0.613687,0.567075,0.611231,0.558684,0.658031,0.508385,0.608509,0.592180,0.680184,0.666357,0.572623,0.694527
0.396255,0.268864,0.350685,0.466811,0.265212,0.413560,0.286284,0.317531,0.451368,0.621467,0.609390,0.381096,0.108255,0.000000,0.373310,0.343569,0.492607,0.143370,0.641150,0.552808,0.496441,0.525874,0.396934,0.594197,0.413058,0.519675,0.391504,0.600957,0.471060,0.392450,0.449631,0.394630,0.416066,0.557010,0.509992,0.542627,0.562961,0.486369,0.403809,0.560083,0.664697,0.568878,0.537514,0.497053,0.375316,0.423341,0.511249,0.535648,0.360242,0.504863,0.602506,0.696389,0.504076,0.644885,0.646020,0.508092,0.442890,0.528186,0.537966,0.545716,0.404361,0.451421,0.567622,0.497209,0.474864,0.343667,0.408423,0.682918,0.603378,0.466543,0.780947,0.475200,0.613913,0.664471,0.541130,0.696412,0.609276,0.591868,0.580955,0.468966,0.598411,0.410081,0.438961,0.471772,0.751178,0.545572,0.512636,0.448389,0.644421,0.610642,0.498725,0.608707,0.563859,0.677610,0.509151,0.571611,0.651125,0.667783,0.691766,0.501292,0.659921
0.399180,0.345761,0.401309,0.460060,0.219361,0.439092,0.368787,0.281495,0.375654,0.600953,0.602056,0.249188,0.430177,0.373310,0.000000,0.059045,0.352249,0.395862,0.581502,0.312675,0.471227,0.484539,0.407576,0.537630,0.424983,0.608402,0.287908,0.472793,0.429910,0.417698,0.432426,0.259194,0.433042,0.535799,0.462635,0.558320,0.615832,0.330629,0.313365,0.372164,0.652605,0.304674,0.518426,0.494742,0.479956,0.478945,0.472436,0.581384,0.318713,0.346406,0.571237,0.673938,0.426723,0.611341,0.677273,0.557723,0.513710,0.589147,0.405737,0.648576,0.446589,0.508883,0.601037,0.374697,0.409568,0.445108,0.356830,0.636988,0.582232,0.563914,0.814526,0.512518,0.642864,0.591262,0.584872,0.627114,0.673675,0.627889,0.596505,0.608711,0.582706,0.363547,0.423094,0.519146,0.693631,0.553916,0.515777,0.449632,0.593997,0.575915,0.438340,0.480553,0.569942,0.628753,0.562757,0.412332,0.642300,0.567079,0.693505,0.555887,0.634968
0.400686,0.343349,0.371746,0.471865,0.237770,0.436748,0.352397,0.273645,0.398464,0.601998,0.592977,0.266235,0.424678,0.343569,0.059045,0.000000,0.360263,0.366849,0.584870,0.327381,0.470314,0.479279,0.417258,0.517627,0.420744,0.561277,0.239661,0.480053,0.423617,0.413369,0.432265,0.269562,0.414430,0.514103,0.429229,0.532894,0.570395,0.324113,0.293939,0.374875,0.630351,0.334596,0.559236,0.486011,0.449844,0.444828,0.488065,0.556617,0.306324,0.351060,0.579287,0.673962,0.415529,0.609138,0.655800,0.531873,0.508243,0.545676,0.425075,0.646956,0.396369,0.508216,0.617745,0.357742,0.383134,0.390403,0.346893,0.650508,0.526416,0.532483,0.798482,0.483050,0.642010,0.611577,0.596169,0.607181,0.625475,0.588706,0.581205,0.604291,0.542204,0.344347,0.408171,0.485907,0.703439,0.503182,0.458855,0.416985,0.588642,0.552578,0.401183,0.496104,0.583022,0.625408,0.525563,0.402408,0.649506,0.560030,0.684263,0.535228,0.603954
0.404658,0.407890,0.443679,0.397852,0.457986,0.406152,0.493296,0.342411,0.389095,0.552306,0.514579,0.458689,0.539214,0.492607,0.352249,0.360263,0.000000,0.484403,0.475870,0.360063,0.456677,0.446397,0.448756,0.517452,0.428893,0.551104,0.403295,0.437216,0.468893,0.514487,0.526031,0.503292,0.527639,0.514594,0.494658,0.479284,0.531774,0.438413,0.538946,0.477727,0.610903,0.384350,0.480273,0.528296,0.591381,0.490374,0.504389,0.547462,0.470007,0.400490,0.598110,0.573327,0.523743,0.586402,0.576941,0.553229,0.533488,0.579788,0.525398,0.616677,0.524754,0.608566,0.596633,0.497413,0.502488,0.551775,0.444113,0.530440,0.493759,0.603973,0.734642,0.514441,0.610755,0.514440,0.609120,0.634985,0.565764,0.609090,0.633884,0.655150,0.538734,0.496709,0.561729,0.574455,0.568268,0.608938,0.594458,0.544078,0.546808,0.619824,0.565072,0.563268,0.506103,0.628399,0.602137,0.452670,0.602151,0.569611,0.587741,0.618975,0.609758
0.410795,0.300227,0.309036,0.477389,0.238203,0.443075,0.342834,0.267275,0.386358,0.619558,0.619084,0.349025,0.131149,0.143370,0.395862,0.366849,0.484403,0.000000,0.643084,0.579405,0.462178,0.498296,0.396570,0.616868,0.430163,0.469475,0.386097,0.630543,0.479883,0.373918,0.424767,0.359249,0.450505,0.533922,0.503271,0.555705,0.519856,0.554924,0.383730,0.575594,0.685500,0.594556,0.485322,0.462465,0.401069,0.446418,0.441293,0.559416,0.358983,0.539377,0.603871,0.764650,0.472657,0.628892,0.650125,0.459577,0.389780,0.482930,0.484987,0.542247,0.320035,0.430027,0.571568,0.517680,0.427518,0.395233,0.413937,0.703463,0.561333,0.439584,0.784442,0.402570,0.632944,0.686534,0.550507,0.694262,0.617198,0.605465,0.550794,0.356207,0.619625,0.393299,0.331350,0.444505,0.781577,0.445027,0.445137,0.393647,0.684156,0.635684,0.473353,0.576622,0.538597,0.641805,0.410691,0.572992,0.634049,0.646372,0.683434,0.481538,0.632328
0.411424,0.606909,0.606974,0.460544,0.627571,0.509366,0.540580,0.561217,0.515422,0.548244,0.574026,0.603112,0.597215,0.641150,0.581502,0.584870,0.475870,0.643084,0.000000,0.528233,0.483912,0.502742,0.602011,0.407314,0.645361,0.539105,0.559072,0.342285,0.611946,0.580503,0.697579,0.656531,0.700820,0.469810,0.694122,0.652478,0.530542,0.552241,0.681503,0.587281,0.591407,0.553541,0.608685,0.645177,0.715437,0.528453,0.641889,0.536651,0.597177,0.620311,0.499536,0.371597,0.713293,0.483110,0.514428,0.625017,0.582845,0.662553,0.702960,0.659339,0.591579,0.708281,0.619044,0.628574,0.577188,0.727134,0.658295,0.501132,0.593934,0.613521,0.606055,0.558021,0.512289,0.644402,0.705655,0.607275,0.594084,0.606790,0.700939,0.717417,0.570347,0.619404,0.664313,0.710470,0.425158,0.597826,0.642677,0.621485,0.301736,0.627172,0.736749,0.712577,0.575606,0.665982,0.558903,0.531328,0.444517,0.507637,0.609953,0.596884,0.681443
0.413120,0.494942,0.568671,0.526790,0.539632,0.562947,0.500337,0.496484,0.499030,0.557391,0.606917,0.484481,0.580594,0.552808,0.312675,0.327381,0.360063,0.579405,0.528233,0.000000,0.522648,0.511746,0.565042,0.483636,0.551921,0.570073,0.500185,0.475410,0.521052,0.579735,0.634144,0.565295,0.631125,0.536195,0.528159,0.625345,0.607690,0.310982,0.574941,0.343386,0.583371,0.379697,0.592497,0.610965,0.662907,0.578060,0.629584,0.615892,0.450394,0.437233,0.607764,0.581154,0.605843,0.545736,0.619372,0.631168,0.584475,0.615305,0.627300,0.627670,0.577194,0.661767,0.597964,0.416544,0.518000,0.682998,0.473767,0.563328,0.536157,0.615194,0.719563,0.578478,0.632157,0.614256,0.655081,0.627161,0.561986,0.600412,0.685517,0.713554,0.547112,0.613650,0.641353,0.659003,0.651601,0.620146,0.605328,0.549351,0.566134,0.582426,0.609605,0.587079,0.608296,0.635523,0.642424,0.493913,0.661987,0.566927,0.653108,0.654641,0.664373
0.417691,0.488627,0.487236,0.417083,0.499026,0.478160,0.492348,0.351021,0.376250,0.557158,0.507372,0.483031,0.483823,0.496441,0.471227,0.470314,0.456677,0.462178,0.483912,0.522648,0.000000,0.443506,0.500195,0.437396,0.548038,0.545972,0.469614,0.408911,0.389396,0.462648,0.645701,0.544206,0.672601,0.346782,0.456871,0.553221,0.524343,0.567676,0.557405,0.486732,0.625043,0.469549,0.513515,0.630475,0.666747,0.534451,0.525019,0.559011,0.565617,0.504186,0.501432,0.517226,0.637328,0.596150,0.581723,0.520420,0.547324,0.565815,0.551409,0.691820,0.544750,0.681770,0.597491,0.577164,0.481488,0.653601,0.527748,0.572542,0.548919,0.565084,0.641643,0.478291,0.524601,0.645768,0.721038,0.652730,0.666799,0.539419,0.681504,0.599399,0.494254,0.510968,0.540480,0.554590,0.634691,0.575486,0.582245,0.490033,0.580290,0.640269,0.668418,0.666795,0.497247,0.614376,0.583043,0.553777,0.540407,0.470326,0.600214,0.621013,0.613971
0.421099,0.528140,0.486541,0.443652,0.529305,0.473447,0.523671,0.453226,0.484668,0.510415,0.526071,0.525772,0.527455,0.525874,0.484539,0.479279,0.446397,0.498296,0.502742,0.511746,0.443506,0.000000,0.596948,0.464933,0.600599,0.553676,0.486183,0.431067,0.490093,0.530691,0.626012,0.582736,0.638069,0.435035,0.555993,0.589670,0.592736,0.530023,0.597962,0.519609,0.559060,0.555090,0.634063,0.658637,0.638008,0.495082,0.562257,0.560713,0.530899,0.520432,0.589769,0.625464,0.626676,0.541901,0.584605,0.556637,0.553928,0.594078,0.596795,0.668417,0.592812,0.647069,0.646852,0.597229,0.573716,0.635356,0.617564,0.601233,0.557708,0.567403,0.651490,0.525591,0.597658,0.621663,0.696055,0.652406,0.591157,0.614838,0.725722,0.684580,0.579951,0.543026,0.596603,0.616241,0.609883,0.636180,0.658170,0.587133,0.601688,0.648089,0.650278,0.640579,0.570439,0.630926,0.600560,0.516259,0.568830,0.564683,0.643498,0.560699,0.687293
0.422481,0.368506,0.337095,0.432636,0.316644,0.473265,0.534348,0.254681,0.299472,0.629235,0.618071,0.460896,0.417538,0.396934,0.407576,0.417258,0.448756,0.396570,0.602011,0.565042,0.500195,0.596948,0.000000,0.476521,0.278697,0.672695,0.473302,0.539685,0.438295,0.446109,0.445057,0.503161,0.499007,0.521989,0.526061,0.518355,0.598134,0.521590,0.553282,0.565985,0.635995,0.450992,0.293568,0.475896,0.553701,0.358858,0.278305,0.500648,0.533407,0.450973,0.574778,0.670477,0.444831,0.651252,0.615657,0.540612,0.454347,0.628944,0.169727,0.655831,0.539375,0.531724,0.243585,0.518296,0.519785,0.566396,0.506525,0.585944,0.525509,0.563117,0.736070,0.504770,0.659638,0.564013,0.584201,0.649607,0.693523,0.651103,0.583364,0.416171,0.495414,0.455998,0.530385,0.411085,0.678116,0.581325,0.615076,0.550549,0.581963,0.619530,0.493457,0.524320,0.409301,0.628128,0.561159,0.575924,0.641928,0.666769,0.661379,0.592080,0.650274
0.425509,0.549258,0.585070,0.513138,0.606934,0.573330,0.612901,0.395722,0.387563,0.529689,0.586138,0.550020,0.599386,0.594197,0.537630,0.517627,0.517452,0.616868,0.407314,0.483636,0.437396,0.464933,0.476521,0.000000,0.518968,0.670178,0.586029,0.401684,0.560204,0.560569,0.723768,0.686038,0.675096,0.388368,0.675778,0.540778,0.607435,0.519281,0.670364,0.522271,0.441318,0.562276,0.567389,0.663658,0.733458,0.449099,0.606212,0.563942,0.585889,0.574673,0.504981,0.464329,0.648334,0.547403,0.578432,0.614573,0.567129,0.723832,0.587351,0.683264,0.629467,0.675698,0.481508,0.638978,0.568806,0.710831,0.696616,0.399811,0.615502,0.685612,0.584352,0.559737,0.602939,0.577783,0.688108,0.618105,0.584515,0.648384,0.749294,0.679745,0.507480,0.581134,0.694764,0.584497,0.461648,0.590197,0.696238,0.580106,0.475459,0.574108,0.648197,0.680479,0.507820,0.628264,0.636048,0.587655,0.451003,0.567466,0.563262,0.540923,0.716270
0.435924,0.358297,0.377634,0.417001,0.350063,0.482375,0.540527,0.224246,0.282557,0.595560,0.642072,0.461339,0.435761,0.413058,0.424983,0.420744,0.428893,0.430163,0.645361,0.551921,0.548038,0.600599,0.278697,0.518968,0.000000,0.647983,0.469138,0.557941,0.429260,0.554344,0.388113,0.489728,0.365358,0.613712,0.559323,0.437050,0.657740,0.568628,0.555512,0.589360,0.630495,0.436731,0.220386,0.476704,0.483164,0.449082,0.435928,0.584925,0.544998,0.406261,0.625766,0.677348,0.418398,0.653496,0.642641,0.634781,0.539085,0.644779,0.358333,0.619705,0.560430,0.490208,0.477675,0.548733,0.537108,0.425533,0.517574,0.582481,0.610395,0.630773,0.767359,0.547046,0.707563,0.571114,0.498299,0.651378,0.611365,0.712780,0.550196,0.381890,0.491031,0.522630,0.644196,0.303445,0.725667,0.645015,0.610483,0.599623,0.599203,0.676911,0.451925,0.503735,0.427284,0.682272,0.656957,0.523302,0.621390,0.654068,0.559050,0.619951,0.702953
0.436318,0.532242,0.554246,0.586898,0.543188,0.543517,0.419959,0.570480,0.619508,0.552307,0.559679,0.520966,0.505219,0.519675,0.608402,0.561277,0.551104,0.469475,0.539105,0.570073,0.545972,0.553676,0.672695,0.670178,0.647983,0.000000,0.530178,0.566202,0.556534,0.444678,0.629099,0.538260,0.649190,0.580057,0.545507,0.577226,0.289829,0.654690,0.472220,0.616532,0.654031,0.668569,0.751817,0.624659,0.613335,0.568793,0.664301,0.550189,0.581132,0.640511,0.618656,0.719864,0.715566,0.604361,0.561300,0.424448,0.427801,0.437517,0.733306,0.623392,0.370750,0.622510,0.707111,0.546092,0.446985,0.632169,0.512922,0.629391,0.568754,0.246018,0.732772,0.468903,0.573442,0.761636,0.710017,0.677990,0.456921,0.591605,0.585650,0.587747,0.660330,0.465401,0.432537,0.692846,0.666568,0.508752,0.415350,0.445959,0.653699,0.643649,0.712928,0.759723,0.727571,0.685680,0.367951,0.518849,0.663355,0.589974,0.611498,0.487054,0.662177
0.437533,0.374191,0.443183,0.533433,0.319613,0.517758,0.383532,0.337494,0.474353,0.591622,0.583225,0.351518,0.472600,0.391504,0.287908,0.239661,0.403295,0.386097,0.559072,0.500185,0.469614,0.486183,0.473302,0.586029,0.469138,0.530178,0.000000,0.487243,0.471841,0.340515,0.500177,0.349613,0.483407,0.499645,0.497027,0.548744,0.452309,0.444397,0.338975,0.489776,0.628681,0.513725,0.621202,0.546925,0.378572,0.412869,0.535335,0.514819,0.404293,0.487886,0.439395,0.664281,0.520610,0.564498,0.662082,0.486972,0.429602,0.483051,0.510452,0.608756,0.346415,0.523656,0.633394,0.412621,0.336752,0.367153,0.335841,0.648912,0.508887,0.442839,0.736597,0.418099,0.484026,0.642561,0.658576,0.643465,0.632389,0.562707,0.641619,0.595360,0.559510,0.288588,0.386463,0.565379,0.685148,0.405773,0.428060,0.362549,0.596355,0.515913,0.523123,0.630311,0.636367,0.604960,0.436245,0.350815,0.637675,0.554228,0.687021,0.486578,0.676151
0.438651,0.530246,0.541956,0.430924,0.586674,0.470276,0.534862,0.457083,0.419172,0.543322,0.565723,0.552416,0.616767,0.600957,0.472793,0.480053,0.437216,0.630543,0.342285,0.475410,0.408911,0.431067,0.539685,0.401684,0.557941,0.566202,0.487243,0.000000,0.443767,0.550632,0.605517,0.658685,0.621306,0.448466,0.489803,0.609502,0.486928,0.539902,0.648561,0.532387,0.603801,0.400906,0.578372,0.613321,0.656007,0.475908,0.575708,0.566929,0.551092,0.488656,0.492796,0.449094,0.613099,0.546250,0.561339,0.608759,0.550068,0.592069,0.581932,0.672863,0.595444,0.634217,0.578550,0.521973,0.560455,0.658419,0.567057,0.522431,0.539670,0.611014,0.666618,0.552877,0.590788,0.651193,0.639722,0.628405,0.577415,0.580195,0.663102,0.747676,0.487490,0.585801,0.628167,0.635337,0.475126,0.611831,0.627574,0.584077,0.485529,0.628504,0.614497,0.622575,0.509959,0.636499,0.624822,0.491356,0.500025,0.390370,0.653476,0.585162,0.625377
0.439087,0.486428,0.518642,0.476652,0.455957,0.490937,0.499340,0.362817,0.405502,0.585007,0.588586,0.479977,0.501697,0.471060,0.429910,0.423617,0.468893,0.479883,0.611946,0.521052,0.389396,0.490093,0.438295,0.560204,0.429260,0.556534,0.471841,0.443767,0.000000,0.435522,0.565525,0.554756,0.577525,0.480615,0.325579,0.536847,0.536688,0.582899,0.581019,0.543972,0.702594,0.449978,0.515956,0.634685,0.553748,0.503354,0.504468,0.610537,0.564769,0.433016,0.599352,0.691902,0.609466,0.555186,0.685456,0.539167,0.530135,0.562498,0.489332,0.691413,0.581970,0.607748,0.486341,0.491557,0.513067,0.534863,0.485192,0.642971,0.448469,0.558269,0.727823,0.582698,0.644209,0.685866,0.624650,0.714632,0.672820,0.554402,0.683734,0.581091,0.473337,0.497068,0.522142,0.513846,0.695370,0.655592,0.597122,0.553525,0.670480,0.655832,0.584809,0.662526,0.528561,0.641413,0.645159,0.556920,0.683593,0.504923,0.674295,0.645903,0.636826
0.441113,0.462989,0.522888,0.533289,0.329579,0.596239,0.447860,0.392062,0.510253,0.610613,0.647362,0.271615,0.437636,0.392450,0.417698,0.413369,0.514487,0.373918,0.580503,0.579735,0.462648,0.530691,0.446109,0.560569,0.554344,0.444678,0.340515,0.550632,0.435522,0.000000,0.537794,0.435619,0.579691,0.488412,0.511535,0.532138,0.386816,0.587674,0.391051,0.579620,0.580565,0.632907,0.652260,0.582231,0.513292,0.408878,0.558180,0.538529,0.442305,0.586335,0.426308,0.691109,0.613861,0.536317,0.645530,0.415334,0.213211,0.538208,0.501176,0.556630,0.366351,0.561413,0.517172,0.503275,0.330664,0.531592,0.488622,0.576488,0.560078,0.396471,0.733951,0.357871,0.560712,0.772046,0.679013,0.690029,0.630660,0.572995,0.650313,0.545700,0.669483,0.194859,0.312220,0.625910,0.644419,0.495363,0.480988,0.346811,0.636377,0.646732,0.623905,0.708229,0.641876,0.658914,0.381995,0.413410,0.616923,0.578068,0.641608,0.340835,0.732014
0.447423,0.285548,0.261902,0.400027,0.284506,0.425058,0.498327,0.377448,0.421449,0.660340,0.637615,0.443219,0.481915,0.449631,0.432426,0.432265,0.526031,0.424767,0.697579,0.634144,0.645701,0.626012,0.445057,0.723768,0.388113,0.629099,0.500177,0.605517,0.565525,0.537794,0.000000,0.486692,0.121899,0.696700,0.486872,0.604880,0.588944,0.607279,0.528735,0.644114,0.744035,0.541794,0.435184,0.173767,0.401763,0.571385,0.477060,0.645860,0.397907,0.506349,0.676537,0.783948,0.213077,0.778997,0.666960,0.726444,0.524857,0.477805,0.414741,0.510350,0.556581,0.206688,0.637475,0.590768,0.618691,0.361899,0.629856,0.699317,0.724899,0.571636,0.854408,0.612536,0.756388,0.673648,0.215646,0.660762,0.568894,0.794563,0.201950,0.570237,0.684503,0.536376,0.574712,0.461007,0.725294,0.615076,0.612683,0.633260,0.711829,0.691281,0.236164,0.297559,0.575710,0.730765,0.600406,0.543905,0.650066,0.724095,0.675499,0.517463,0.655696
0.450564,0.404825,0.421074,0.580245,0.207374,0.521045,0.389968,0.354232,0.485212,0.648319,0.616479,0.254025,0.428694,0.394630,0.259194,0.269562,0.503292,0.359249,0.656531,0.565295,0.544206,0.582736,0.503161,0.686038,0.489728,0.538260,0.349613,0.658685,0.554756,0.435619,0.486692,0.000000,0.484271,0.591852,0.618274,0.650163,0.566376,0.523517,0.154731,0.501011,0.729431,0.568120,0.600648,0.551665,0.507649,0.550820,0.539280,0.632358,0.451073,0.523774,0.675231,0.778285,0.520900,0.673306,0.703071,0.539517,0.534620,0.588727,0.495139,0.660164,0.383966,0.529390,0.699019,0.534971,0.435939,0.464891,0.410412,0.751451,0.578207,0.515001,0.817123,0.486033,0.697765,0.678468,0.630795,0.693191,0.726415,0.606034,0.583240,0.514200,0.675211,0.403900,0.383318,0.514377,0.809738,0.543563,0.387496,0.453717,0.666484,0.617445,0.527320,0.607527,0.653063,0.637258,0.476522,0.568502,0.723777,0.642069,0.755608,0.600047,0.735365
0.451342,0.301330,0.298415,0.444857,0.349497,0.456509,0.468260,0.387674,0.451797,0.655260,0.644519,0.494117,0.479431,0.416066,0.433042,0.414430,0.527639,0.450505,0.700820,0.631125,0.672601,0.638069,0.499007,0.675096,0.365358,0.649190,0.483407,0.621306,0.577525,0.579691,0.121899,0.484271,0.000000,0.728862,0.549186,0.642575,0.629681,0.544561,0.535204,0.653525,0.717166,0.538158,0.486277,0.203593,0.356753,0.584513,0.553459,0.640165,0.405418,0.466149,0.694972,0.758658,0.231651,0.780714,0.656890,0.744113,0.601637,0.549054,0.502023,0.543599,0.574128,0.261365,0.662177,0.580398,0.637784,0.306482,0.625730,0.669053,0.745857,0.615759,0.811210,0.662113,0.764700,0.639170,0.187218,0.692530,0.560577,0.790056,0.302463,0.632163,0.672826,0.577470,0.658384,0.434447,0.754930,0.644916,0.608654,0.650141,0.709188,0.656270,0.240757,0.318294,0.630571,0.723554,0.658146,0.552924,0.651819,0.733042,0.706238,0.570698,0.699405
0.453377,0.547297,0.556907,0.532812,0.555499,0.548910,0.494319,0.447805,0.485665,0.563294,0.553910,0.519024,0.536939,0.557010,0.535799,0.514103,0.514594,0.533922,0.469810,0.536195,0.346782,0.435035,0.521989,0.388368,0.613712,0.580057,0.499645,0.448466,0.480615,0.488412,0.696700,0.591852,0.728862,0.000000,0.581199,0.580841,0.556816,0.574159,0.571526,0.506489,0.610617,0.616721,0.611878,0.718678,0.707314,0.461782,0.558084,0.571102,0.622715,0.602944,0.494229,0.566977,0.673276,0.562266,0.602842,0.484775,0.563156,0.641362,0.595164,0.713322,0.543260,0.684389,0.569742,0.598690,0.516274,0.686791,0.564679,0.593169,0.518870,0.524254,0.592375,0.492595,0.500293,0.707237,0.747644,0.686417,0.664539,0.516422,0.731329,0.665933,0.516218,0.546860,0.564794,0.643549,0.587772,0.633891,0.635379,0.496503,0.564538,0.624448,0.717188,0.700880,0.558188,0.582916,0.544827,0.535162,0.561130,0.497100,0.684543,0.590096,0.745746
0.458809,0.470811,0.415946,0.420310,0.536871,0.452809,0.492991,0.429792,0.462123,0.604156,0.472856,0.593876,0.559348,0.509992,0.462635,0.429229,0.494658,0.503271,0.694122,0.528159,0.456871,0.555993,0.526061,0.675778,0.559323,0.545507,0.497027,0.489803,0.325579,0.511535,0.486872,0.618274,0.549186,0.581199,0.000000,0.552136,0.520790,0.592092,0.607176,0.548855,0.748244,0.435459,0.610813,0.531197,0.536720,0.577739,0.544965,0.558003,0.537910,0.503252,0.644815,0.678831,0.521251,0.716691,0.650396,0.577591,0.570690,0.425059,0.535457,0.681528,0.599924,0.553020,0.641748,0.489259,0.576198,0.532071,0.575899,0.684700,0.547869,0.602712,0.824903,0.635874,0.688428,0.710421,0.650305,0.622223,0.628425,0.658336,0.570930,0.670342,0.497409,0.547025,0.548382,0.583852,0.696814,0.617324,0.654632,0.549942,0.698209,0.708936,0.518850,0.584233,0.614545,0.737034,0.643760,0.572751,0.723133,0.567816,0.665225,0.654478,0.584138
0.470733,0.463635,0.512876,0.476852,0.520035,0.491252,0.548705,0.407798,0.454063,0.551997,0.588648,0.552961,0.555849,0.542627,0.558320,0.532894,0.479284,0.555705,0.652478,0.625345,0.553221,0.589670,0.518355,0.540778,0.437050,0.577226,0.548744,0.609502,0.536847,0.532138,0.604880,0.650163,0.642575,0.580841,0.552136,0.000000,0.592070,0.660132,0.638097,0.593633,0.604969,0.593653,0.560006,0.659107,0.688497,0.478493,0.559826,0.541770,0.577165,0.566500,0.523763,0.700491,0.616256,0.617950,0.580056,0.489549,0.562482,0.653584,0.585291,0.511503,0.612868,0.668607,0.588862,0.513191,0.540961,0.645178,0.566800,0.552943,0.614544,0.606406,0.682950,0.520330,0.630048,0.656294,0.711141,0.683465,0.585205,0.600691,0.652561,0.600349,0.611263,0.539282,0.638037,0.578641,0.569594,0.672199,0.673478,0.551663,0.673835,0.591868,0.655533,0.660961,0.664289,0.591659,0.652070,0.608459,0.670162,0.663029,0.164301,0.600755,0.676975
0.470955,0.545876,0.523007,0.575323,0.557418,0.558502,0.525958,0.536230,0.596657,0.575025,0.526421,0.541230,0.595278,0.562961,0.615832,0.570395,0.531774,0.519856,0.530542,0.607690,0.524343,0.592736,0.598134,0.607435,0.657740,0.289829,0.452309,0.486928,0.536688,0.386816,0.588944,0.566376,0.629681,0.556816,0.520790,0.592070,0.000000,0.646511,0.518564,0.616233,0.643695,0.662934,0.763334,0.593108,0.608232,0.500975,0.636256,0.473438,0.515495,0.648418,0.556454,0.671882,0.647697,0.610883,0.531818,0.429618,0.370470,0.352973,0.686223,0.586794,0.366748,0.565504,0.651761,0.549802,0.406498,0.630032,0.526218,0.559785,0.535210,0.343967,0.739352,0.463584,0.564647,0.809760,0.696067,0.675484,0.444763,0.560329,0.577912,0.657392,0.623321,0.458546,0.427647,0.696312,0.563833,0.438318,0.420765,0.401417,0.634785,0.642844,0.638791,0.697019,0.694280,0.741800,0.323273,0.519788,0.647102,0.515813,0.641383,0.483688,0.690092
0.471180,0.438729,0.541078,0.555531,0.520759,0.558873,0.454311,0.492358,0.534820,0.547588,0.585643,0.534374,0.524625,0.486369,0.330629,0.324113,0.438413,0.554924,0.552241,0.310982,0.567676,0.530023,0.521590,0.519281,0.568628,0.654690,0.444397,0.539902,0.582899,0.587674,0.607279,0.523517,0.544561,0.574159,0.592092,0.660132,0.646511,0.000000,0.545468,0.355838,0.658696,0.404216,0.672275,0.607420,0.639338,0.492531,0.629060,0.589130,0.446241,0.450529,0.610026,0.570392,0.575638,0.602033,0.604566,0.629403,0.631122,0.643281,0.623329,0.674327,0.560712,0.644323,0.646134,0.402243,0.475360,0.619794,0.443342,0.650169,0.556881,0.637246,0.744593,0.562213,0.687322,0.551054,0.680731,0.646197,0.670180,0.634151,0.692413,0.748397,0.520087,0.551282,0.606085,0.594112,0.695051,0.652182,0.612656,0.527005,0.529325,0.502880,0.577925,0.590334,0.673787,0.644460,0.667408,0.514934,0.680202,0.598904,0.747917,0.648183,0.687315
0.473248,0.414474,0.466831,0.619192,0.282105,0.572815,0.348396,0.423647,0.568841,0.645781,0.608183,0.284097,0.462850,0.403809,0.313365,0.293939,0.538946,0.383730,0.681503,0.574941,0.557405,0.597962,0.553282,0.670364,0.555512,0.472220,0.338975,0.648561,0.581019,0.391051,0.528735,0.154731,0.535204,0.571526,0.607176,0.638097,0.518564,0.545468,0.000000,0.513691,0.701957,0.604801,0.683319,0.579757,0.496128,0.534803,0.614334,0.585103,0.433913,0.555341,0.609443,0.752164,0.576858,0.688306,0.678604,0.524461,0.487134,0.555000,0.593139,0.642213,0.310947,0.527438,0.680673,0.490916,0.357862,0.463696,0.391409,0.725877,0.597285,0.423478,0.797534,0.447975,0.663576,0.748293,0.662139,0.666200,0.694475,0.637923,0.588529,0.582883,0.672629,0.355393,0.372223,0.594205,0.788947,0.540646,0.384254,0.378209,0.695212,0.593124,0.579486,0.684962,0.698765,0.619275,0.458803,0.534431,0.732598,0.644180,0.734863,0.512329,0.721793
0.473644,0.507779,0.594906,0.500991,0.571159,0.546722,0.475570,0.487018,0.484296,0.398746,0.523719,0.555482,0.572155,0.560083,0.372164,0.374875,0.477727,0.575594,0.587281,0.343386,0.486732,0.519609,0.565985,0.522271,0.589360,0.616532,0.489776,0.532387,0.543972,0.579620,0.644114,0.501011,0.653525,0.506489,0.548855,0.593633,0.616233,0.355838,0.513691,0.000000,0.576731,0.390703,0.666020,0.658588,0.708708,0.570415,0.640969,0.547336,0.514451,0.509027,0.635224,0.612091,0.642873,0.590017,0.573623,0.551150,0.648998,0.630186,0.652322,0.722369,0.577656,0.677820,0.633488,0.451321,0.494346,0.691734,0.522018,0.636193,0.536058,0.623332,0.720870,0.563441,0.696678,0.623584,0.722180,0.598527,0.624544,0.583378,0.678051,0.731319,0.566640,0.588393,0.572532,0.658742,0.646573,0.684364,0.613918,0.527716,0.595417,0.551938,0.638012,0.609778,0.666064,0.633058,0.639646,0.522135,0.661445,0.525715,0.609796,0.666375,0.705815
0.473827,0.590115,0.672638,0.546752,0.632851,0.639939,0.577771,0.589801,0.603369,0.474403,0.652810,0.599792,0.692137,0.664697,0.652605,0.630351,0.610903,0.685500,0.591407,0.583371,0.625043,0.559060,0.635995,0.441318,0.630495,0.654031,0.628681,0.603801,0.702594,0.580565,0.744035,0.729431,0.717166,0.610617,0.748244,0.604969,0.643695,0.658696,0.701957,0.576731,0.000000,0.685921,0.725396,0.682232,0.763405,0.557794,0.669973,0.578937,0.657604,0.650053,0.538326,0.642345,0.729597,0.654813,0.605486,0.629574,0.631927,0.688602,0.648119,0.583354,0.664633,0.728871,0.596581,0.658272,0.615106,0.754064,0.744854,0.499759,0.679030,0.704333,0.532358,0.647158,0.644083,0.647368,0.761105,0.561389,0.547091,0.620076,0.794192,0.730095,0.615891,0.640194,0.748482,0.695546,0.590924,0.680268,0.723561,0.633442,0.648273,0.613911,0.737965,0.742953,0.655917,0.624413,0.676319,0.635214,0.576482,0.608574,0.550173,0.586331,0.774790
0.475187,0.484701,0.471185,0.344181,0.540546,0.408487,0.525459,0.386752,0.319754,0.537866,0.564017,0.553828,0.583812,0.568878,0.304674,0.334596,0.384350,0.594556,0.553541,0.379697,0.469549,0.555090,0.450992,0.562276,0.436731,0.668569,0.513725,0.400906,0.449978,0.632907,0.541794,0.568120,0.538158,0.616721,0.435459,0.593653,0.662934,0.404216,0.604801,0.390703,0.685921,0.000000,0.449488,0.560287,0.614380,0.577606,0.510518,0.560712,0.507927,0.326095,0.682711,0.629331,0.503955,0.663923,0.586012,0.654496,0.688301,0.640618,0.499065,0.799695,0.662390,0.674033,0.578780,0.439242,0.564774,0.619040,0.499799,0.638151,0.543785,0.708268,0.784159,0.640249,0.736331,0.560193,0.641511,0.567702,0.668532,0.662374,0.646191,0.694484,0.466126,0.600164,0.638004,0.546125,0.652522,0.697203,0.673769,0.623647,0.561855,0.600897,0.540934,0.477179,0.491228,0.748967,0.735594,0.517571,0.660568,0.515623,0.635977,0.770126,0.608721
0.475622,0.418678,0.370708,0.393497,0.428317,0.478070,0.626195,0.332497,0.269154,0.613083,0.666831,0.582648,0.478684,0.537514,0.518426,0.559236,0.480273,0.485322,0.608685,0.592497,0.513515,0.634063,0.293568,0.567389,0.220386,0.751817,0.621202,0.578372,0.515956,0.652260,0.435184,0.600648,0.486277,0.611878,0.610813,0.560006,0.763334,0.672275,0.683319,0.666020,0.725396,0.449488,0.000000,0.458846,0.571208,0.564819,0.403851,0.641549,0.624852,0.475684,0.690324,0.684994,0.467232,0.637060,0.672951,0.712405,0.609263,0.711658,0.339269,0.657180,0.695096,0.533275,0.489274,0.633095,0.670444,0.577809,0.638306,0.625126,0.643607,0.733292,0.703618,0.620440,0.725461,0.578535,0.501151,0.687798,0.701142,0.740421,0.570029,0.359010,0.504274,0.671006,0.732915,0.379380,0.732000,0.710561,0.736300,0.721330,0.639600,0.722951,0.551131,0.493498,0.404598,0.680340,0.749302,0.618487,0.631257,0.723484,0.638088,0.717103,0.661777
0.483114,0.324098,0.316401,0.405871,0.379539,0.450265,0.482617,0.449474,0.467218,0.632598,0.588921,0.531517,0.516310,0.497053,0.494742,0.486011,0.528296,0.462465,0.645177,0.610965,0.630475,0.658637,0.475896,0.663658,0.476704,0.624659,0.546925,0.613321,0.634685,0.582231,0.173767,0.551665,0.203593,0.718678,0.531197,0.659107,0.593108,0.607420,0.579757,0.658588,0.682232,0.560287,0.458846,0.000000,0.464093,0.585002,0.531385,0.665165,0.404192,0.549558,0.644177,0.702527,0.296454,0.753456,0.618826,0.718059,0.546100,0.495910,0.455040,0.452961,0.581759,0.256727,0.629371,0.578133,0.629202,0.465950,0.650744,0.662790,0.717078,0.599158,0.802033,0.620512,0.762895,0.662234,0.234069,0.637137,0.536487,0.784420,0.233660,0.608948,0.682321,0.568930,0.610360,0.529565,0.709419,0.592537,0.634316,0.625462,0.676911,0.692103,0.337186,0.356768,0.597553,0.736213,0.626086,0.536869,0.649925,0.726581,0.683172,0.537092,0.693635
