0.000000,0.351477,0.372247,0.385098,0.391027,0.402604,0.404162,0.409262,0.416866,0.428021,0.433965,0.437365,0.441449,0.456629,0.459814,0.472171,0.475127,0.481039,0.483657,0.484058,0.484970,0.488035,0.488323,0.488408,0.489482,0.490450,0.491313,0.494099,0.495837,0.496692,0.498014,0.500591,0.502913,0.504407,0.505946,0.507226,0.507475,0.508390,0.508943,0.510555,0.514599,0.514865,0.515599,0.516020,0.517713,0.517839,0.518014,0.518324,0.518758,0.519072,0.520783,0.521208,0.523407,0.523833,0.523893,0.524238,0.524496,0.526004,0.528430,0.528741,0.529854,0.529883,0.530350,0.530498,0.531284,0.532875,0.533870,0.534473,0.535098,0.535265,0.535908,0.536613,0.538176,0.538218,0.538912,0.538981,0.539719,0.540785,0.541117,0.541130,0.541315,0.544164,0.545054,0.545474,0.545493,0.547178,0.548911,0.549063,0.549153,0.549681,0.549891,0.549925,0.550017,0.550784,0.550803,0.551192,0.551494,0.552559,0.552652,0.552941,0.553065
0.351477,0.000000,0.186475,0.193639,0.471873,0.557611,0.312231,0.267967,0.301564,0.341268,0.265785,0.401822,0.522635,0.490483,0.410631,0.326427,0.507367,0.334152,0.473587,0.490423,0.503229,0.441160,0.473938,0.356449,0.495113,0.455314,0.453069,0.452834,0.400098,0.546683,0.266992,0.298618,0.405016,0.511076,0.322842,0.491246,0.693372,0.478602,0.510397,0.476817,0.306646,0.393045,0.574926,0.439980,0.509155,0.467384,0.245173,0.476576,0.530625,0.470276,0.322424,0.360819,0.448131,0.396805,0.551520,0.564558,0.486532,0.505767,0.583413,0.609085,0.711833,0.564768,0.527248,0.232300,0.464327,0.466190,0.614729,0.414705,0.466508,0.524578,0.503031,0.583913,0.432049,0.303791,0.731447,0.493538,0.444102,0.549496,0.456875,0.456748,0.474609,0.262593,0.501203,0.488072,0.589004,0.466235,0.498460,0.570562,0.391280,0.506146,0.720546,0.528324,0.432276,0.459883,0.329713,0.496809,0.396785,0.528904,0.569464,0.514829,0.606181
0.372247,0.186475,0.000000,0.060884,0.469815,0.482938,0.314467,0.215492,0.313100,0.413561,0.257536,0.409228,0.492931,0.499050,0.258560,0.294317,0.509455,0.246068,0.445421,0.420458,0.437818,0.532431,0.517590,0.324696,0.415845,0.417520,0.409768,0.412176,0.302570,0.578419,0.248492,0.357821,0.344468,0.518499,0.334952,0.482586,0.696219,0.382762,0.466292,0.392624,0.315528,0.352398,0.614393,0.264358,0.498783,0.449156,0.216315,0.453871,0.529102,0.481629,0.311054,0.299683,0.511604,0.353700,0.548209,0.556770,0.470383,0.492699,0.629347,0.645803,0.739838,0.582250,0.457213,0.226736,0.456487,0.418467,0.635546,0.422297,0.399506,0.514926,0.493993,0.580596,0.412418,0.291992,0.802607,0.401449,0.431763,0.555362,0.383420,0.388884,0.486351,0.291946,0.578844,0.498298,0.551504,0.447088,0.575660,0.487800,0.390263,0.565411,0.782577,0.528124,0.482801,0.429608,0.319005,0.480307,0.478322,0.449589,0.584101,0.476831,0.535662
0.385098,0.193639,0.060884,0.000000,0.455221,0.483912,0.310647,0.263552,0.324059,0.389446,0.215615,0.419221,0.525614,0.473513,0.272880,0.267012,0.515191,0.261386,0.481188,0.460824,0.484809,0.506330,0.516059,0.301848,0.460035,0.446534,0.425483,0.444610,0.319850,0.577909,0.291085,0.348365,0.358892,0.505363,0.383348,0.523622,0.712770,0.463065,0.539404,0.463012,0.323752,0.411830,0.605988,0.292818,0.479120,0.464285,0.225480,0.462697,0.489351,0.480436,0.324557,0.340046,0.503929,0.397401,0.572143,0.606346,0.522350,0.539552,0.607921,0.628577,0.735982,0.571680,0.460684,0.217657,0.502864,0.446095,0.656325,0.421513,0.435384,0.489234,0.488333,0.576026,0.435687,0.311550,0.810103,0.446029,0.460352,0.506882,0.401938,0.417547,0.466811,0.316035,0.548180,0.484974,0.578573,0.481756,0.557002,0.513049,0.404052,0.581189,0.789754,0.520362,0.421991,0.408454,0.353478,0.517251,0.446261,0.425226,0.611119,0.528402,0.528048
0.391027,0.471873,0.469815,0.455221,0.000000,0.484038,0.438569,0.506105,0.420850,0.427576,0.499752,0.608476,0.566010,0.221185,0.530695,0.540940,0.475421,0.557608,0.571142,0.573950,0.692253,0.570449,0.491081,0.550158,0.553283,0.554915,0.541505,0.571661,0.556391,0.544512,0.572999,0.512365,0.566988,0.476121,0.647278,0.592337,0.607675,0.595235,0.544852,0.549421,0.557899,0.611697,0.556633,0.589874,0.589174,0.568774,0.619926,0.554072,0.514368,0.570984,0.616716,0.609451,0.587371,0.537163,0.583152,0.531106,0.544951,0.571390,0.390001,0.454382,0.764272,0.658510,0.547472,0.612069,0.544669,0.523718,0.558863,0.517645,0.525687,0.598370,0.456240,0.563394,0.572038,0.632968,0.777415,0.614663,0.543987,0.524670,0.619192,0.546090,0.481640,0.682362,0.532880,0.463836,0.561828,0.514422,0.572477,0.745523,0.635145,0.591454,0.755770,0.583454,0.553195,0.527274,0.620395,0.675051,0.500968,0.600904,0.589718,0.519474,0.536758
0.402604,0.557611,0.482938,0.483912,0.484038,0.000000,0.553998,0.590460,0.567295,0.554795,0.582191,0.620393,0.600250,0.543727,0.578092,0.624957,0.585940,0.615536,0.597685,0.633187,0.699904,0.589571,0.598512,0.620683,0.643829,0.634418,0.638462,0.642072,0.610473,0.680377,0.633397,0.637928,0.602589,0.564160,0.680045,0.654288,0.620639,0.654892,0.636811,0.636504,0.652636,0.658759,0.697720,0.637161,0.684937,0.659673,0.608660,0.666271,0.649609,0.661493,0.664876,0.651686,0.694848,0.656562,0.686200,0.681458,0.606856,0.671042,0.582529,0.670271,0.661599,0.673680,0.650913,0.630508,0.680271,0.658893,0.684669,0.672670,0.632431,0.709729,0.627828,0.712142,0.666147,0.618532,0.639173,0.638761,0.646230,0.663443,0.617362,0.666686,0.550217,0.674965,0.634544,0.661342,0.701275,0.644596,0.718311,0.670649,0.671993,0.676838,0.587110,0.701772,0.624112,0.644277,0.690214,0.695946,0.675517,0.668995,0.714977,0.669732,0.566910
0.404162,0.312231,0.314467,0.310647,0.438569,0.553998,0.000000,0.360054,0.315817,0.341507,0.356034,0.444837,0.548485,0.437694,0.452660,0.374132,0.255590,0.444896,0.503867,0.425527,0.520157,0.503015,0.386292,0.394773,0.349644,0.323176,0.405008,0.493996,0.460823,0.498616,0.309542,0.364185,0.507997,0.445652,0.538506,0.452802,0.592497,0.495821,0.557629,0.528725,0.493646,0.576106,0.512679,0.470670,0.456780,0.509169,0.484016,0.421130,0.435468,0.378812,0.557002,0.550995,0.405202,0.542275,0.608360,0.556087,0.615289,0.540568,0.552321,0.494547,0.718656,0.631165,0.398180,0.477971,0.477373,0.373373,0.530974,0.252187,0.534784,0.380794,0.382481,0.453229,0.522307,0.526545,0.755558,0.514079,0.541584,0.476928,0.424836,0.404940,0.350176,0.488016,0.406885,0.286492,0.565722,0.557133,0.552457,0.615865,0.462545,0.539880,0.737146,0.614300,0.463939,0.403791,0.553489,0.675234,0.322561,0.493689,0.668419,0.596502,0.503846
0.409262,0.267967,0.215492,0.263552,0.506105,0.590460,0.360054,0.000000,0.358113,0.477710,0.079361,0.152132,0.434719,0.507164,0.338364,0.162149,0.508794,0.225203,0.350116,0.419906,0.503575,0.556051,0.563236,0.197648,0.399311,0.457472,0.336989,0.370820,0.307098,0.576748,0.282682,0.486871,0.377853,0.482372,0.236164,0.493986,0.730896,0.345351,0.438061,0.343738,0.351565,0.403679,0.631490,0.294240,0.506588,0.362567,0.354985,0.362955,0.580521,0.424465,0.434580,0.390404,0.518200,0.403065,0.277524,0.533214,0.484085,0.445449,0.600873,0.593078,0.737085,0.354146,0.458111,0.339555,0.396135,0.419870,0.599777,0.345653,0.366809,0.497983,0.483045,0.523207,0.340585,0.442350,0.813551,0.378783,0.375292,0.547588,0.327210,0.350390,0.518905,0.432164,0.549032,0.570044,0.568811,0.387612,0.518858,0.519806,0.497669,0.503903,0.766587,0.300060,0.494251,0.333883,0.404901,0.536082,0.435562,0.475363,0.598536,0.475024,0.553548
0.416866,0.301564,0.313100,0.324059,0.420850,0.567295,0.315817,0.358113,0.000000,0.098479,0.386978,0.473421,0.570793,0.453643,0.514473,0.432807,0.452441,0.452882,0.528040,0.462258,0.488847,0.388588,0.383992,0.466942,0.425803,0.393185,0.438219,0.464623,0.480967,0.440095,0.408269,0.291411,0.511633,0.439380,0.520424,0.567200,0.612008,0.501067,0.533669,0.535992,0.429107,0.555799,0.458917,0.532002,0.498574,0.517845,0.424567,0.485760,0.482162,0.398141,0.497712,0.478065,0.469660,0.547211,0.554519,0.585107,0.524776,0.532370,0.603288,0.369554,0.741501,0.604700,0.490595,0.429107,0.478134,0.439956,0.522148,0.431109,0.572998,0.481459,0.482652,0.488814,0.511742,0.470392,0.784574,0.535474,0.536614,0.397012,0.438116,0.446133,0.341744,0.467103,0.407674,0.362517,0.460584,0.531284,0.550460,0.524769,0.501881,0.577563,0.768668,0.530993,0.409905,0.408036,0.498139,0.624615,0.335226,0.491002,0.576150,0.616553,0.431461
0.428021,0.341268,0.413561,0.389446,0.427576,0.554795,0.341507,0.477710,0.098479,0.000000,0.468455,0.528882,0.624670,0.423014,0.581451,0.524728,0.431334,0.565206,0.577542,0.500661,0.565640,0.358232,0.394549,0.535975,0.464863,0.462935,0.533858,0.549114,0.561557,0.446010,0.463880,0.244116,0.567683,0.482050,0.592539,0.604277,0.541366,0.581478,0.599598,0.625565,0.498369,0.619906,0.462717,0.616239,0.489239,0.578327,0.487271,0.560675,0.506883,0.491454,0.564590,0.575164,0.469756,0.623949,0.575419,0.607458,0.608149,0.620275,0.569383,0.388493,0.735980,0.623506,0.521019,0.507310,0.571050,0.453292,0.503627,0.497776,0.629634,0.473135,0.526333,0.508240,0.625462,0.493830,0.758812,0.568088,0.628844,0.405375,0.535692,0.532017,0.384482,0.497942,0.398039,0.310769,0.527501,0.639917,0.591812,0.621085,0.542178,0.616230,0.763202,0.559679,0.482624,0.515110,0.576574,0.666995,0.386702,0.530968,0.625841,0.655576,0.455651
0.433965,0.265785,0.257536,0.215615,0.499752,0.582191,0.356034,0.079361,0.386978,0.468455,0.000000,0.177831,0.448975,0.440527,0.315922,0.111006,0.510696,0.223360,0.366211,0.453466,0.595087,0.561404,0.546913,0.135465,0.461659,0.482904,0.328409,0.384936,0.321264,0.583838,0.300639,0.488735,0.426171,0.487550,0.247867,0.534284,0.748498,0.411577,0.525349,0.398432,0.372537,0.432499,0.633179,0.280654,0.465237,0.361054,0.369923,0.345844,0.573246,0.408110,0.437659,0.431766,0.550748,0.422740,0.344532,0.563129,0.555560,0.474470,0.584711,0.573337,0.774614,0.423222,0.441951,0.352307,0.439347,0.408293,0.601471,0.322195,0.354944,0.471210,0.436218,0.546141,0.336157,0.465248,0.829520,0.380705,0.357835,0.525509,0.342983,0.360571,0.529540,0.442803,0.523386,0.584365,0.629897,0.385340,0.488127,0.607334,0.514194,0.522685,0.770599,0.342770,0.477217,0.308654,0.447864,0.566516,0.407041,0.456920,0.608059,0.477204,0.569899
0.437365,0.401822,0.409228,0.419221,0.608476,0.620393,0.444837,0.152132,0.473421,0.528882,0.177831,0.000000,0.527322,0.551586,0.485430,0.255764,0.536712,0.411689,0.430626,0.504250,0.617819,0.588607,0.644112,0.265312,0.528744,0.590812,0.439184,0.491347,0.456425,0.647053,0.446604,0.601488,0.528237,0.552256,0.319979,0.615915,0.714827,0.491270,0.584859,0.502432,0.552887,0.539963,0.621030,0.438591,0.548625,0.480946,0.542324,0.461960,0.665397,0.526524,0.576867,0.550547,0.582574,0.573320,0.242839,0.612178,0.639532,0.557445,0.621366,0.610497,0.746401,0.296345,0.546463,0.534206,0.541121,0.493051,0.594111,0.433514,0.480153,0.573323,0.563941,0.604493,0.434773,0.578013,0.845206,0.474330,0.460865,0.623565,0.453378,0.484737,0.631059,0.575988,0.576847,0.625512,0.728597,0.476145,0.617745,0.616421,0.622381,0.578567,0.722113,0.270464,0.585736,0.433471,0.577751,0.638346,0.524479,0.557956,0.635187,0.582856,0.669563
0.441449,0.522635,0.492931,0.525614,0.566010,0.600250,0.548485,0.434719,0.570793,0.624670,0.448975,0.527322,0.000000,0.539248,0.518777,0.461408,0.549686,0.434453,0.213107,0.527915,0.671912,0.641599,0.578907,0.473439,0.571123,0.467514,0.351638,0.309593,0.397016,0.618676,0.579049,0.683256,0.588843,0.489734,0.490443,0.439485,0.623982,0.252874,0.377221,0.234922,0.611299,0.510861,0.643956,0.464821,0.523773,0.211314,0.629669,0.340361,0.606632,0.503595,0.604752,0.574228,0.668003,0.385924,0.602830,0.410260,0.695962,0.437877,0.639663,0.698157,0.708262,0.676438,0.571674,0.600564,0.436878,0.524203,0.573376,0.517944,0.272714,0.588545,0.443993,0.524951,0.465604,0.655991,0.688884,0.271922,0.430740,0.634945,0.584541,0.476280,0.627466,0.668044,0.528778,0.723409,0.565237,0.479777,0.464007,0.757303,0.692810,0.461470,0.608542,0.650697,0.579810,0.477766,0.566199,0.600301,0.582667,0.604763,0.654597,0.370231,0.683516
0.456629,0.490483,0.499050,0.473513,0.221185,0.543727,0.437694,0.507164,0.453643,0.423014,0.440527,0.551586,0.539248,0.000000,0.484548,0.451517,0.462678,0.565432,0.535646,0.527852,0.734389,0.589216,0.488526,0.441932,0.550594,0.561327,0.498207,0.574877,0.550413,0.558328,0.557365,0.530320,0.601234,0.515651,0.590880,0.638169,0.645080,0.561859,0.596823,0.550029,0.618867,0.600817,0.611385,0.528691,0.516331,0.544868,0.651727,0.502715,0.637611,0.561310,0.651890,0.638918,0.637453,0.584645,0.515913,0.507763,0.642093,0.563171,0.359610,0.535079,0.731752,0.700111,0.494163,0.659219,0.513898,0.466298,0.521585,0.496046,0.482926,0.564631,0.415088,0.562681,0.567950,0.663952,0.783566,0.541111,0.529793,0.585364,0.556506,0.519116,0.544350,0.680637,0.535544,0.527092,0.677343,0.543631,0.551815,0.794929,0.676606,0.562755,0.779765,0.638980,0.619001,0.501914,0.650462,0.701319,0.523047,0.590428,0.569521,0.515426,0.613932
0.459814,0.410631,0.258560,0.272880,0.530695,0.578092,0.452660,0.338364,0.514473,0.581451,0.315922,0.485430,0.518777,0.484548,0.000000,0.338900,0.582548,0.248105,0.504799,0.476879,0.633853,0.689377,0.621245,0.337811,0.469355,0.505622,0.425722,0.493647,0.372275,0.673278,0.340376,0.588311,0.468551,0.584555,0.474389,0.597944,0.726322,0.464918,0.608436,0.483061,0.490026,0.470169,0.687753,0.096018,0.514107,0.476158,0.427704,0.440092,0.643326,0.510283,0.493565,0.469181,0.625644,0.395973,0.566781,0.608328,0.604427,0.517246,0.676459,0.694690,0.729189,0.651075,0.332286,0.451623,0.519969,0.422767,0.672840,0.439064,0.457762,0.518846,0.547937,0.628509,0.442016,0.473315,0.789886,0.456291,0.479490,0.653423,0.341053,0.457487,0.629199,0.511779,0.674093,0.628070,0.686579,0.496260,0.611299,0.706257,0.540424,0.595437,0.769395,0.589599,0.602882,0.461685,0.495853,0.583805,0.574327,0.369879,0.607272,0.492740,0.617822
0.472171,0.326427,0.294317,0.267012,0.540940,0.624957,0.374132,0.162149,0.432807,0.524728,0.111006,0.255764,0.461408,0.451517,0.338900,0.000000,0.531747,0.258071,0.409193,0.460509,0.622335,0.589559,0.568924,0.021284,0.484676,0.501337,0.298774,0.416977,0.333085,0.633035,0.326306,0.527081,0.421816,0.532829,0.300087,0.584061,0.772691,0.441815,0.569014,0.412459,0.422910,0.498264,0.655332,0.284900,0.483731,0.378881,0.407514,0.307747,0.585715,0.412701,0.471846,0.451149,0.611828,0.479694,0.402133,0.628938,0.588098,0.496125,0.598263,0.627943,0.732221,0.500432,0.421941,0.397723,0.429418,0.432169,0.611965,0.335378,0.398228,0.502352,0.447730,0.583468,0.353550,0.493715,0.815632,0.410636,0.416979,0.569030,0.330803,0.347345,0.551114,0.450032,0.527087,0.626319,0.602219,0.440361,0.504920,0.639572,0.539236,0.551570,0.718833,0.427119,0.497267,0.279749,0.470578,0.667690,0.423888,0.442667,0.663121,0.538260,0.611200
0.475127,0.507367,0.509455,0.515191,0.475421,0.585940,0.255590,0.508794,0.452441,0.431334,0.510696,0.536712,0.549686,0.462678,0.582548,0.531747,0.000000,0.570105,0.514452,0.496020,0.656120,0.555650,0.493622,0.547334,0.413646,0.457962,0.515701,0.519514,0.587234,0.523117,0.418748,0.531023,0.600661,0.467866,0.578184,0.485648,0.569343,0.507544,0.531080,0.554896,0.553219,0.561457,0.497450,0.605418,0.490719,0.520084,0.638351,0.535946,0.553157,0.521126,0.640395,0.614998,0.517275,0.597596,0.639556,0.547116,0.674614,0.598147,0.597226,0.430129,0.781391,0.684665,0.473272,0.659464,0.580123,0.466145,0.555481,0.314686,0.578921,0.409680,0.516900,0.473864,0.601020,0.650318,0.728158,0.520223,0.583988,0.537424,0.548625,0.492803,0.484625,0.615301,0.470200,0.321326,0.617223,0.577734,0.610318,0.713155,0.559727,0.594505,0.706684,0.637611,0.597353,0.515238,0.652762,0.570538,0.525222,0.601223,0.655214,0.604934,0.563072
0.481039,0.334152,0.246068,0.261386,0.557608,0.615536,0.444896,0.225203,0.452882,0.565206,0.223360,0.411689,0.434453,0.565432,0.248105,0.258071,0.570105,0.000000,0.382640,0.411170,0.580997,0.622750,0.605073,0.294008,0.426060,0.441237,0.341849,0.368936,0.203039,0.632299,0.266214,0.551706,0.349700,0.513169,0.334026,0.505519,0.791853,0.345375,0.477265,0.369370,0.397551,0.407351,0.665124,0.168775,0.439079,0.359771,0.334082,0.360567,0.613540,0.387659,0.405405,0.389421,0.543638,0.265338,0.542276,0.556098,0.604764,0.438809,0.653217,0.673500,0.768084,0.592570,0.393243,0.333225,0.437392,0.405292,0.663149,0.350505,0.301983,0.464827,0.519220,0.521594,0.309421,0.399250,0.827572,0.387510,0.357824,0.614936,0.300051,0.308485,0.597823,0.410562,0.605493,0.644893,0.588726,0.381277,0.521775,0.628826,0.455226,0.530393,0.812862,0.539870,0.563807,0.356575,0.391261,0.502530,0.506874,0.496607,0.600684,0.376177,0.609882
0.483657,0.473587,0.445421,0.481188,0.571142,0.597685,0.503867,0.350116,0.528040,0.577542,0.366211,0.430626,0.213107,0.535646,0.504799,0.409193,0.514452,0.382640,0.000000,0.496838,0.595672,0.627307,0.603106,0.431630,0.556837,0.443236,0.290287,0.242043,0.311128,0.610329,0.482559,0.652105,0.503027,0.411482,0.404227,0.428553,0.648767,0.149100,0.319626,0.160514,0.541433,0.430226,0.599588,0.442433,0.501763,0.135461,0.571517,0.281175,0.584983,0.417777,0.540617,0.496469,0.630231,0.326403,0.517507,0.406207,0.593335,0.371112,0.618769,0.623867,0.744423,0.631950,0.561162,0.563959,0.377670,0.495789,0.559892,0.447019,0.308589,0.577692,0.434800,0.484720,0.359158,0.593058,0.793333,0.222596,0.335395,0.605625,0.515464,0.455837,0.635682,0.643965,0.528027,0.675459,0.619753,0.377475,0.406512,0.719426,0.683803,0.332377,0.710984,0.564554,0.507353,0.369480,0.540048,0.513280,0.579707,0.606779,0.626633,0.312643,0.634971
0.484058,0.490423,0.420458,0.460824,0.573950,0.633187,0.425527,0.419906,0.462258,0.500661,0.453466,0.504250,0.527915,0.527852,0.476879,0.460509,0.496020,0.411170,0.496838,0.000000,0.577985,0.662390,0.552674,0.482902,0.211878,0.434044,0.461549,0.511688,0.427694,0.592179,0.436647,0.572356,0.488882,0.532638,0.579613,0.597836,0.652356,0.496260,0.527279,0.454461,0.552132,0.586650,0.579943,0.473967,0.085312,0.497173,0.545501,0.496946,0.572733,0.449205,0.559703,0.503061,0.519403,0.477385,0.582604,0.593376,0.619552,0.454835,0.589442,0.623923,0.651175,0.628197,0.340834,0.556770,0.375886,0.272674,0.535273,0.458569,0.488475,0.302488,0.452835,0.529481,0.491102,0.587277,0.807135,0.492713,0.518137,0.575169,0.317238,0.234496,0.519869,0.589661,0.526326,0.545044,0.673464,0.534619,0.494245,0.576723,0.577153,0.472514,0.794456,0.630539,0.609173,0.452968,0.524506,0.653333,0.522377,0.520654,0.543646,0.553890,0.593453
0.484970,0.503229,0.437818,0.484809,0.692253,0.699904,0.520157,0.503575,0.488847,0.565640,0.595087,0.617819,0.671912,0.734389,0.633853,0.622335,0.656120,0.580997,0.595672,0.577985,0.000000,0.615184,0.593781,0.655381,0.551528,0.488468,0.584317,0.559381,0.500155,0.603609,0.600298,0.603849,0.568140,0.591313,0.625152,0.508493,0.704658,0.459545,0.588023,0.627760,0.595410,0.614603,0.666220,0.627903,0.636955,0.651155,0.590549,0.649120,0.569681,0.562957,0.601710,0.576637,0.577323,0.581241,0.643624,0.641585,0.655346,0.516202,0.791587,0.725694,0.744681,0.642786,0.667445,0.578136,0.612278,0.610148,0.701748,0.608329,0.589086,0.640560,0.635230,0.620762,0.660899,0.634863,0.814041,0.616428,0.663627,0.676447,0.615011,0.608447,0.626882,0.623523,0.669938,0.631039,0.623023,0.657559,0.658991,0.266647,0.605169,0.620282,0.826662,0.653135,0.597686,0.607704,0.603706,0.685154,0.599039,0.669884,0.622932,0.679160,0.630972
0.488035,0.441160,0.532431,0.506330,0.570449,0.589571,0.503015,0.556051,0.388588,0.358232,0.561404,0.588607,0.641599,0.589216,0.689377,0.589559,0.555650,0.622750,0.627307,0.662390,0.615184,0.000000,0.519992,0.611778,0.620140,0.566901,0.627303,0.604172,0.610153,0.528215,0.635908,0.382233,0.625647,0.537826,0.659545,0.636540,0.697067,0.678570,0.697562,0.730611,0.625565,0.655353,0.572430,0.721913,0.646541,0.669970,0.549132,0.678389,0.684336,0.599788,0.659058,0.665172,0.647320,0.699863,0.666318,0.669465,0.799243,0.690899,0.581769,0.570662,0.760756,0.653242,0.696518,0.569578,0.706817,0.675211,0.614358,0.597994,0.668273,0.626245,0.652859,0.637731,0.697516,0.571120,0.743734,0.710909,0.701371,0.561887,0.665946,0.641719,0.561874,0.575469,0.544504,0.528408,0.580035,0.700672,0.710284,0.638941,0.584732,0.672892,0.681406,0.610690,0.584431,0.666157,0.695937,0.718393,0.543085,0.669077,0.776557,0.803285,0.632686
0.488323,0.473938,0.517590,0.516059,0.491081,0.598512,0.386292,0.563236,0.383992,0.394549,0.546913,0.644112,0.578907,0.488526,0.621245,0.568924,0.493622,0.605073,0.603106,0.552674,0.593781,0.519992,0.000000,0.589381,0.494936,0.375445,0.496860,0.556447,0.605530,0.496571,0.578850,0.384584,0.585257,0.513056,0.629936,0.560098,0.628344,0.582722,0.566337,0.632798,0.602708,0.614181,0.547352,0.645405,0.572151,0.608702,0.652120,0.542791,0.568466,0.509949,0.727831,0.720179,0.509383,0.659842,0.736169,0.589208,0.710126,0.541561,0.515882,0.518964,0.777221,0.785593,0.470947,0.612943,0.508554,0.543917,0.421434,0.540437,0.584828,0.513618,0.435204,0.593700,0.610876,0.675513,0.812457,0.615508,0.635287,0.499818,0.559732,0.533343,0.212275,0.611987,0.526580,0.512263,0.556563,0.644148,0.533976,0.728396,0.570873,0.552867,0.749832,0.721023,0.538679,0.543005,0.679994,0.722367,0.239598,0.550910,0.586002,0.676691,0.572648
0.488408,0.356449,0.324696,0.301848,0.550158,0.620683,0.394773,0.197648,0.466942,0.535975,0.135465,0.265312,0.473439,0.441932,0.337811,0.021284,0.547334,0.294008,0.431630,0.482902,0.655381,0.611778,0.589381,0.000000,0.518018,0.530346,0.307724,0.441705,0.367736,0.635890,0.348580,0.553990,0.471884,0.556331,0.329156,0.596866,0.758682,0.454720,0.598083,0.434276,0.461065,0.532257,0.658601,0.278390,0.490725,0.397741,0.460975,0.310949,0.603439,0.435789,0.510723,0.500630,0.650758,0.518312,0.413206,0.641068,0.604028,0.513124,0.584049,0.658112,0.755757,0.516713,0.425978,0.448218,0.459482,0.435351,0.606766,0.349479,0.412048,0.522430,0.446880,0.617142,0.372479,0.515871,0.818501,0.416362,0.433392,0.592465,0.359919,0.380769,0.591897,0.473012,0.547562,0.638791,0.644250,0.465517,0.527821,0.689758,0.576739,0.576463,0.709020,0.451232,0.524441,0.310283,0.509826,0.685068,0.449544,0.457321,0.685391,0.538965,0.622002
0.489482,0.495113,0.415845,0.460035,0.553283,0.643829,0.349644,0.399311,0.425803,0.464863,0.461659,0.528744,0.571123,0.550594,0.469355,0.484676,0.413646,0.426060,0.556837,0.211878,0.551528,0.620140,0.494936,0.518018,0.000000,0.374239,0.496999,0.520677,0.454074,0.594927,0.401327,0.501853,0.499033,0.532597,0.585394,0.540070,0.646294,0.503660,0.524802,0.499676,0.535597,0.608104,0.580699,0.477290,0.305122,0.540152,0.547358,0.539957,0.528018,0.448288,0.586727,0.527835,0.499044,0.528811,0.551132,0.610225,0.619610,0.485270,0.615560,0.595546,0.719521,0.594618,0.354966,0.560241,0.408456,0.356623,0.566962,0.404794,0.517030,0.107555,0.475959,0.443585,0.575518,0.602631,0.791456,0.521989,0.586554,0.533936,0.311577,0.361981,0.413873,0.596571,0.547696,0.416864,0.570954,0.591749,0.535239,0.539878,0.520186,0.518050,0.821221,0.568355,0.597658,0.470519,0.534780,0.629153,0.475565,0.542936,0.583150,0.597487,0.534886
0.490450,0.455314,0.417520,0.446534,0.554915,0.634418,0.323176,0.457472,0.393185,0.462935,0.482904,0.590812,0.467514,0.561327,0.505622,0.501337,0.457962,0.441237,0.443236,0.434044,0.488468,0.566901,0.375445,0.530346,0.374239,0.000000,0.344206,0.310475,0.343391,0.548889,0.461231,0.457894,0.519249,0.394928,0.571951,0.325376,0.642085,0.382473,0.492815,0.472364,0.577940,0.540063,0.627711,0.468978,0.468235,0.479013,0.571408,0.444983,0.531852,0.320394,0.623307,0.588968,0.540092,0.435144,0.702759,0.544847,0.703859,0.461295,0.602275,0.619345,0.748796,0.716560,0.374077,0.570047,0.447263,0.410683,0.594741,0.376518,0.467414,0.418914,0.434682,0.410076,0.482401,0.593039,0.781101,0.512598,0.546062,0.576523,0.452846,0.464551,0.376317,0.581075,0.564363,0.496734,0.507071,0.533405,0.538784,0.603699,0.479231,0.491291,0.779149,0.679238,0.531757,0.406768,0.632674,0.638506,0.332293,0.593679,0.615490,0.498186,0.587927
0.491313,0.453069,0.409768,0.425483,0.541505,0.638462,0.405008,0.336989,0.438219,0.533858,0.328409,0.439184,0.351638,0.498207,0.425722,0.298774,0.515701,0.341849,0.290287,0.461549,0.584317,0.627303,0.496860,0.307724,0.496999,0.344206,0.000000,0.124292,0.309247,0.563463,0.455363,0.602327,0.485945,0.323046,0.425455,0.410630,0.663666,0.276839,0.460159,0.306721,0.510723,0.432029,0.571989,0.359985,0.484315,0.239197,0.577694,0.058470,0.588958,0.283848,0.595522,0.556864,0.619531,0.376297,0.519039,0.495779,0.572689,0.354508,0.624117,0.559009,0.762419,0.654645,0.435043,0.556171,0.377868,0.432004,0.564315,0.353415,0.402595,0.530665,0.416436,0.400783,0.279741,0.598011,0.831959,0.325946,0.313993,0.554229,0.435800,0.420414,0.518904,0.608304,0.484717,0.615326,0.600947,0.323265,0.420506,0.700333,0.628828,0.423793,0.771126,0.573524,0.497903,0.241064,0.545603,0.603542,0.424094,0.513123,0.594412,0.417465,0.567424
0.494099,0.452834,0.412176,0.444610,0.571661,0.642072,0.493996,0.370820,0.464623,0.549114,0.384936,0.491347,0.309593,0.574877,0.493647,0.416977,0.519514,0.368936,0.242043,0.511688,0.559381,0.604172,0.556447,0.441705,0.520677,0.310475,0.124292,0.000000,0.260020,0.555189,0.484280,0.584475,0.459409,0.312525,0.375457,0.290278,0.630401,0.231740,0.378950,0.273572,0.463784,0.338395,0.603153,0.420039,0.522492,0.213296,0.526244,0.257947,0.621986,0.310672,0.541655,0.513949,0.629478,0.263321,0.560479,0.425401,0.573111,0.372922,0.703047,0.594381,0.783227,0.653655,0.527955,0.520296,0.407225,0.526498,0.629776,0.423690,0.343984,0.543010,0.499748,0.377600,0.271194,0.524038,0.845747,0.298585,0.287569,0.564417,0.518063,0.503443,0.573588,0.563637,0.553370,0.654344,0.601261,0.284818,0.422002,0.649987,0.553242,0.429003,0.788877,0.575926,0.522055,0.318332,0.524981,0.514070,0.513389,0.594288,0.584413,0.316242,0.570224
0.495837,0.400098,0.302570,0.319850,0.556391,0.610473,0.460823,0.307098,0.480967,0.561557,0.321264,0.456425,0.397016,0.550413,0.372275,0.333085,0.587234,0.203039,0.311128,0.427694,0.500155,0.610153,0.605530,0.367736,0.454074,0.343391,0.309247,0.260020,0.000000,0.602318,0.404264,0.543282,0.327336,0.404008,0.424103,0.398231,0.769320,0.306154,0.401470,0.325760,0.474238,0.467308,0.683407,0.262833,0.437483,0.321738,0.404466,0.390974,0.552233,0.385294,0.450434,0.416554,0.597868,0.255366,0.543563,0.477069,0.637903,0.433618,0.623872,0.690259,0.780737,0.606786,0.447542,0.410683,0.431242,0.444842,0.664341,0.420610,0.263000,0.485378,0.463473,0.426391,0.335983,0.442466,0.857456,0.357787,0.398666,0.586187,0.403623,0.383803,0.598371,0.507736,0.602366,0.625795,0.574093,0.419418,0.504762,0.570135,0.525896,0.481243,0.849175,0.555699,0.507104,0.361845,0.455725,0.548538,0.525763,0.524494,0.575018,0.343320,0.573959
0.496692,0.546683,0.578419,0.577909,0.544512,0.680377,0.498616,0.576748,0.440095,0.446010,0.583838,0.647053,0.618676,0.558328,0.673278,0.633035,0.523117,0.632299,0.610329,0.592179,0.603609,0.528215,0.496571,0.635890,0.594927,0.548889,0.563463,0.555189,0.602318,0.000000,0.641215,0.557312,0.624145,0.549619,0.646887,0.580527,0.629531,0.623324,0.651847,0.639445,0.551619,0.605688,0.544569,0.674594,0.590122,0.591095,0.695668,0.595876,0.488575,0.476066,0.715631,0.704085,0.601809,0.620099,0.681636,0.626850,0.665253,0.616444,0.615695,0.441768,0.779989,0.748937,0.553285,0.629636,0.596072,0.591403,0.518623,0.577726,0.610327,0.599743,0.530219,0.555638,0.549212,0.692072,0.799140,0.649965,0.608400,0.285637,0.590568,0.551452,0.499728,0.693839,0.502481,0.518256,0.431859,0.587122,0.602119,0.668029,0.612664,0.554044,0.850210,0.712219,0.471787,0.637095,0.667197,0.699945,0.470173,0.542831,0.669496,0.668211,0.299656
0.498014,0.266992,0.248492,0.291085,0.572999,0.633397,0.309542,0.282682,0.408269,0.463880,0.300639,0.446604,0.579049,0.557365,0.340376,0.326306,0.418748,0.266214,0.482559,0.436647,0.600298,0.635908,0.578850,0.348580,0.401327,0.461231,0.455363,0.484280,0.404264,0.641215,0.000000,0.450215,0.412694,0.576430,0.344456,0.531516,0.739218,0.458780,0.575535,0.501907,0.331517,0.454020,0.670077,0.317624,0.461300,0.498300,0.349279,0.478720,0.655410,0.464949,0.412512,0.425994,0.389133,0.381169,0.564434,0.578725,0.472281,0.493833,0.663528,0.660491,0.721483,0.658262,0.420931,0.372061,0.465302,0.391453,0.674965,0.328188,0.458846,0.422915,0.548782,0.537845,0.402508,0.385915,0.742679,0.455742,0.420420,0.644329,0.379283,0.385171,0.578718,0.302647,0.523798,0.428057,0.630162,0.440675,0.538565,0.656989,0.383087,0.538665,0.735664,0.593964,0.588888,0.415899,0.437754,0.520849,0.495472,0.514577,0.625668,0.448677,0.608470
0.500591,0.298618,0.357821,0.348365,0.512365,0.637928,0.364185,0.486871,0.291411,0.244116,0.488735,0.601488,0.683256,0.530320,0.588311,0.527081,0.531023,0.551706,0.652105,0.572356,0.603849,0.382233,0.384584,0.553990,0.501853,0.457894,0.602327,0.584475,0.543282,0.557312,0.450215,0.000000,0.490663,0.564180,0.584068,0.594190,0.643296,0.669052,0.679888,0.654836,0.436278,0.572955,0.592635,0.618569,0.587948,0.645622,0.326638,0.648293,0.605969,0.579917,0.466358,0.495651,0.535301,0.585886,0.604076,0.725726,0.662441,0.679309,0.616505,0.567815,0.766505,0.633164,0.578467,0.368797,0.613467,0.553400,0.616524,0.565602,0.665734,0.531434,0.612455,0.594278,0.673310,0.356005,0.775205,0.622473,0.683922,0.486471,0.567867,0.589925,0.373582,0.334688,0.516774,0.369035,0.543540,0.701802,0.670072,0.636798,0.422038,0.686421,0.739080,0.598561,0.541301,0.608042,0.478001,0.672758,0.392445,0.563409,0.683587,0.679108,0.548096
0.502913,0.405016,0.344468,0.358892,0.566988,0.602589,0.507997,0.377853,0.511633,0.567683,0.426171,0.528237,0.588843,0.601234,0.468551,0.421816,0.600661,0.349700,0.503027,0.488882,0.568140,0.625647,0.585257,0.471884,0.499033,0.519249,0.485945,0.459409,0.327336,0.624145,0.412694,0.490663,0.000000,0.487788,0.413421,0.540683,0.793093,0.530821,0.535982,0.517708,0.320181,0.441616,0.629814,0.432694,0.524361,0.515129,0.325731,0.541074,0.682978,0.507430,0.396628,0.387310,0.544770,0.366248,0.592955,0.620016,0.586018,0.546871,0.677639,0.665913,0.760248,0.598603,0.512706,0.366596,0.533295,0.509309,0.669768,0.522670,0.495843,0.557855,0.602553,0.475300,0.422172,0.357931,0.792959,0.536201,0.472096,0.561584,0.471513,0.443072,0.557608,0.412881,0.636932,0.614213,0.536251,0.479313,0.606112,0.572609,0.433677,0.563098,0.790028,0.570471,0.560833,0.493231,0.405883,0.513413,0.561171,0.535338,0.594344,0.525710,0.600047
0.504407,0.511076,0.518499,0.505363,0.476121,0.564160,0.445652,0.482372,0.439380,0.482050,0.487550,0.552256,0.489734,0.515651,0.584555,0.532829,0.467866,0.513169,0.411482,0.532638,0.591313,0.537826,0.513056,0.556331,0.532597,0.394928,0.323046,0.312525,0.404008,0.549619,0.576430,0.564180,0.487788,0.000000,0.567715,0.443850,0.621342,0.454038,0.510447,0.495921,0.555365,0.531328,0.544044,0.558232,0.539854,0.436932,0.614880,0.396046,0.564576,0.371551,0.657791,0.646736,0.620707,0.447185,0.609119,0.487001,0.616494,0.425792,0.580833,0.518294,0.837309,0.654203,0.525220,0.616163,0.473139,0.528099,0.566622,0.498962,0.495181,0.551873,0.499112,0.290368,0.451364,0.619264,0.819109,0.486507,0.439595,0.548883,0.602607,0.537020,0.538821,0.701457,0.501629,0.548152,0.624787,0.430428,0.489026,0.659705,0.642202,0.442111,0.790054,0.586713,0.541367,0.360406,0.666138,0.588505,0.491026,0.597907,0.632416,0.484088,0.592279
0.505946,0.322842,0.334952,0.383348,0.647278,0.680045,0.538506,0.236164,0.520424,0.592539,0.247867,0.319979,0.490443,0.590880,0.474389,0.300087,0.578184,0.334026,0.404227,0.579613,0.625152,0.659545,0.629936,0.329156,0.585394,0.571951,0.425455,0.375457,0.424103,0.646887,0.344456,0.584068,0.413421,0.567715,0.000000,0.529277,0.738938,0.408774,0.464429,0.433017,0.338692,0.200642,0.671608,0.426228,0.603107,0.407074,0.423743,0.460207,0.680174,0.507531,0.411128,0.413734,0.587202,0.366169,0.423017,0.501755,0.525023,0.475513,0.721512,0.686295,0.804375,0.545645,0.603847,0.404155,0.502183,0.555454,0.666618,0.459835,0.384135,0.604532,0.589348,0.608838,0.303416,0.454629,0.797198,0.399421,0.281684,0.666298,0.488249,0.508317,0.670003,0.390247,0.636210,0.721909,0.690323,0.312479,0.521894,0.696393,0.500191,0.537686,0.712434,0.458689,0.577753,0.442711,0.397522,0.429354,0.566226,0.626923,0.610590,0.409988,0.693702
0.507226,0.491246,0.482586,0.523622,0.592337,0.654288,0.452802,0.493986,0.567200,0.604277,0.534284,0.615915,0.439485,0.638169,0.597944,0.584061,0.485648,0.505519,0.428553,0.597836,0.508493,0.636540,0.560098,0.596866,0.540070,0.325376,0.410630,0.290278,0.398231,0.580527,0.531516,0.594190,0.540683,0.443850,0.529277,0.000000,0.632658,0.364568,0.384441,0.408890,0.587959,0.492083,0.674654,0.552822,0.595373,0.390151,0.577365,0.481468,0.582570,0.460610,0.622726,0.589809,0.610875,0.411007,0.700941,0.451596,0.640417,0.513083,0.735354,0.678592,0.838160,0.719257,0.609300,0.574891,0.547989,0.592728,0.687146,0.469902,0.450418,0.553051,0.526608,0.437232,0.511782,0.590323,0.782134,0.440419,0.533338,0.643261,0.624238,0.576163,0.596106,0.593212,0.586573,0.592743,0.593570,0.520848,0.535139,0.656012,0.561327,0.526394,0.762669,0.707461,0.593424,0.522884,0.627639,0.562826,0.552527,0.673747,0.689956,0.444794,0.658848
0.507475,0.693372,0.696219,0.712770,0.607675,0.620639,0.592497,0.730896,0.612008,0.541366,0.748498,0.714827,0.623982,0.645080,0.726322,0.772691,0.569343,0.791853,0.648767,0.652356,0.704658,0.697067,0.628344,0.758682,0.646294,0.642085,0.663666,0.630401,0.769320,0.629531,0.739218,0.643296,0.793093,0.621342,0.738938,0.632658,0.000000,0.642323,0.613315,0.658729,0.746307,0.703941,0.645347,0.745924,0.661053,0.644332,0.809937,0.671460,0.615852,0.654729,0.726230,0.711448,0.677245,0.705688,0.741599,0.677615,0.720893,0.635970,0.790402,0.579383,0.847452,0.720882,0.674767,0.826098,0.663957,0.657812,0.614685,0.646237,0.712046,0.672456,0.684847,0.628836,0.754408,0.779075,0.743742,0.648575,0.665235,0.614721,0.767880,0.753460,0.660869,0.769580,0.560546,0.552499,0.721175,0.688574,0.636868,0.768766,0.753079,0.672082,0.605394,0.728902,0.688422,0.729320,0.736919,0.687533,0.634531,0.679330,0.679802,0.658040,0.701430
0.508390,0.478602,0.382762,0.463065,0.595235,0.654892,0.495821,0.345351,0.501067,0.581478,0.411577,0.491270,0.252874,0.561859,0.464918,0.441815,0.507544,0.345375,0.149100,0.496260,0.459545,0.678570,0.582722,0.454720,0.503660,0.382473,0.276839,0.231740,0.306154,0.623324,0.458780,0.669052,0.530821,0.454038,0.408774,0.364568,0.642323,0.000000,0.261100,0.124601,0.540079,0.391994,0.637662,0.382759,0.536421,0.178862,0.564728,0.284951,0.612141,0.418289,0.513749,0.447029,0.615643,0.321704,0.593422,0.414108,0.616725,0.286469,0.684903,0.658233,0.781192,0.695881,0.548694,0.540250,0.353552,0.494126,0.601993,0.436075,0.275943,0.571633,0.452518,0.492029,0.390744,0.573737,0.798196,0.179080,0.376225,0.655153,0.499313,0.454852,0.641998,0.614564,0.593516,0.659089,0.605879,0.402144,0.436142,0.697117,0.657115,0.415336,0.732500,0.634301,0.586330,0.391161,0.481907,0.462355,0.572791,0.638152,0.577535,0.321833,0.654510
0.508943,0.510397,0.466292,0.539404,0.544852,0.636811,0.557629,0.438061,0.533669,0.599598,0.525349,0.584859,0.377221,0.596823,0.608436,0.569014,0.531080,0.477265,0.319626,0.527279,0.588023,0.697562,0.566337,0.598083,0.524802,0.492815,0.460159,0.378950,0.401470,0.651847,0.575535,0.679888,0.535982,0.510447,0.464429,0.384441,0.613315,0.261100,0.000000,0.214048,0.530372,0.463508,0.626732,0.546584,0.579321,0.297379,0.568260,0.459299,0.533257,0.581863,0.482891,0.412744,0.609927,0.390677,0.660097,0.299362,0.562377,0.415340,0.701448,0.659000,0.852750,0.677350,0.625813,0.545255,0.404136,0.580411,0.662778,0.533425,0.342244,0.600258,0.502470,0.565835,0.509501,0.573878,0.778258,0.336976,0.474633,0.626416,0.600831,0.507291,0.607705,0.612889,0.623605,0.696030,0.550017,0.460360,0.486341,0.689386,0.661239,0.484203,0.734705,0.646471,0.550100,0.533974,0.451377,0.423298,0.617761,0.705581,0.596485,0.386654,0.646531
0.510555,0.476817,0.392624,0.463012,0.549421,0.636504,0.528725,0.343738,0.535992,0.625565,0.398432,0.502432,0.234922,0.550029,0.483061,0.412459,0.554896,0.369370,0.160514,0.454461,0.627760,0.730611,0.632798,0.434276,0.499676,0.472364,0.306721,0.273572,0.325760,0.639445,0.501907,0.654836,0.517708,0.495921,0.433017,0.408890,0.658729,0.124601,0.214048,0.000000,0.516533,0.434882,0.664517,0.419583,0.519350,0.111489,0.508991,0.274833,0.576284,0.472781,0.474752,0.381352,0.652414,0.320479,0.583962,0.441532,0.557636,0.351444,0.683811,0.664328,0.791791,0.686619,0.565150,0.492492,0.294305,0.500042,0.615705,0.473135,0.297386,0.587078,0.405522,0.513863,0.428733,0.546016,0.811358,0.192692,0.409251,0.608055,0.493001,0.414343,0.632940,0.612298,0.611597,0.680857,0.586454,0.424929,0.386121,0.711519,0.683756,0.421868,0.758312,0.613674,0.559350,0.411126,0.399906,0.479324,0.588467,0.606904,0.567342,0.354038,0.647416
0.514599,0.306646,0.315528,0.323752,0.557899,0.652636,0.493646,0.351565,0.429107,0.498369,0.372537,0.552887,0.611299,0.618867,0.490026,0.422910,0.553219,0.397551,0.541433,0.552132,0.595410,0.625565,0.602708,0.461065,0.535597,0.577940,0.510723,0.463784,0.474238,0.551619,0.331517,0.436278,0.320181,0.555365,0.338692,0.587959,0.746307,0.540079,0.530372,0.516533,0.000000,0.332100,0.585000,0.484347,0.585813,0.509922,0.278864,0.553916,0.614735,0.514435,0.299620,0.318842,0.519488,0.391085,0.587213,0.612303,0.351137,0.566493,0.738760,0.576155,0.795962,0.634310,0.600632,0.278223,0.551130,0.589286,0.719931,0.472948,0.484819,0.573634,0.634636,0.601612,0.396914,0.314297,0.847314,0.545628,0.409251,0.512566,0.489604,0.518774,0.565633,0.290826,0.601265,0.572949,0.572637,0.403650,0.593721,0.610967,0.353245,0.600290,0.806099,0.573338,0.533752,0.443991,0.276238,0.382214,0.554259,0.561830,0.600532,0.503448,0.515830
0.514865,0.393045,0.352398,0.411830,0.611697,0.658759,0.576106,0.403679,0.555799,0.619906,0.432499,0.539963,0.510861,0.600817,0.470169,0.498264,0.561457,0.407351,0.430226,0.586650,0.614603,0.655353,0.614181,0.532257,0.608104,0.540063,0.432029,0.338395,0.467308,0.605688,0.454020,0.572955,0.441616,0.531328,0.200642,0.492083,0.703941,0.391994,0.463508,0.434882,0.332100,0.000000,0.676643,0.450117,0.612510,0.412054,0.451929,0.479364,0.674220,0.504047,0.425664,0.419955,0.629154,0.324257,0.600423,0.506344,0.522067,0.458242,0.779037,0.630394,0.833784,0.696966,0.605855,0.434342,0.532466,0.597416,0.686104,0.526999,0.407731,0.633307,0.634493,0.601115,0.321106,0.449971,0.826929,0.427718,0.286008,0.652810,0.534283,0.569743,0.655955,0.424225,0.675385,0.707238,0.687712,0.298224,0.542072,0.734915,0.502534,0.513509,0.783372,0.650350,0.614713,0.542481,0.409270,0.358949,0.648556,0.638041,0.590211,0.388522,0.677199
0.515599,0.574926,0.614393,0.605988,0.556633,0.697720,0.512679,0.631490,0.458917,0.462717,0.633179,0.621030,0.643956,0.611385,0.687753,0.655332,0.497450,0.665124,0.599588,0.579943,0.666220,0.572430,0.547352,0.658601,0.580699,0.627711,0.571989,0.603153,0.683407,0.544569,0.670077,0.592635,0.629814,0.544044,0.671608,0.674654,0.645347,0.637662,0.626732,0.664517,0.585000,0.676643,0.000000,0.724953,0.579835,0.617790,0.671044,0.604155,0.528882,0.538080,0.631165,0.640502,0.632553,0.676738,0.712188,0.634181,0.667481,0.671791,0.652977,0.409745,0.821277,0.713289,0.662077,0.670027,0.665666,0.582858,0.548640,0.624664,0.678790,0.594269,0.581155,0.602221,0.652944,0.647218,0.803335,0.678442,0.652927,0.568415,0.692469,0.586528,0.560101,0.671450,0.560495,0.515364,0.662556,0.645674,0.647920,0.776136,0.677646,0.638994,0.768754,0.700373,0.612730,0.624005,0.638840,0.630286,0.557605,0.662487,0.547449,0.719432,0.604464
0.516020,0.439980,0.264358,0.292818,0.589874,0.637161,0.470670,0.294240,0.532002,0.616239,0.280654,0.438591,0.464821,0.528691,0.096018,0.284900,0.605418,0.168775,0.442433,0.473967,0.627903,0.721913,0.645405,0.278390,0.477290,0.468978,0.359985,0.420039,0.262833,0.674594,0.317624,0.618569,0.432694,0.558232,0.426228,0.552822,0.745924,0.382759,0.546584,0.419583,0.484347,0.450117,0.724953,0.000000,0.503423,0.426688,0.449600,0.388845,0.650458,0.479439,0.497025,0.461792,0.644939,0.342089,0.566687,0.581286,0.637198,0.494071,0.711476,0.710516,0.774927,0.662224,0.360444,0.454435,0.485874,0.416897,0.663299,0.404391,0.340556,0.520027,0.536878,0.595038,0.372289,0.484355,0.821299,0.402179,0.420319,0.667078,0.338500,0.427717,0.658419,0.510357,0.684902,0.660976,0.652358,0.438811,0.594556,0.691255,0.554538,0.597841,0.792409,0.589001,0.622548,0.416618,0.473427,0.549348,0.582350,0.426914,0.614506,0.405508,0.636035
