0.000000,0.227696,0.240887,0.273969,0.325341,0.334175,0.343115,0.371617,0.375719,0.384136,0.386388,0.389099,0.395152,0.395474,0.397176,0.399501,0.414922,0.418310,0.421929,0.423789,0.426063,0.432626,0.433605,0.435338,0.436949,0.439810,0.441323,0.442023,0.443567,0.444189,0.444387,0.444525,0.446873,0.447691,0.447901,0.448758,0.449415,0.450539,0.451451,0.452204,0.453883,0.455548,0.456244,0.458016,0.459335,0.459968,0.460728,0.460842,0.461736,0.462309,0.462817,0.462942,0.463116,0.464547,0.466131,0.467010,0.467907,0.468667,0.468884,0.469952,0.470382,0.471763,0.473309,0.474635,0.475037,0.476647,0.477981,0.479032,0.479295,0.479731,0.482286,0.482420,0.483176,0.483322,0.484491,0.485439,0.485705,0.486269,0.486852,0.488398,0.488796,0.488933,0.489596,0.489875,0.490360,0.490770,0.492263,0.495140,0.495929,0.496078,0.497335,0.498154,0.498741,0.498775,0.498822,0.498882,0.499050,0.499618,0.501621,0.502826,0.502968,0.503353,0.503883,0.504088,0.504667,0.505948,0.506213,0.506272,0.506693,0.506854,0.507270,0.507679,0.507829,0.508305,0.508737,0.508854,0.508863,0.508883,0.509196,0.510007,0.510665,0.510806,0.511035,0.512163,0.512362,0.512744,0.512816,0.513688,0.513969,0.514362,0.514504,0.514660,0.515108,0.516218,0.516503,0.516668,0.517358,0.517608,0.518088,0.518330,0.518696,0.518739,0.518786,0.518905,0.519044,0.519285,0.519381,0.519531,0.519813,0.519990,0.520120,0.520224,0.520468,0.520712,0.521333,0.521712,0.521793,0.521943,0.522015,0.522141,0.523173,0.523675,0.524122,0.524214,0.524535,0.524613,0.524877,0.524986,0.525114,0.525271,0.525349,0.525795,0.525843,0.525890,0.525907,0.525907,0.526318,0.526523,0.526561,0.526717,0.527105,0.527980,0.528237,0.529104,0.529575,0.530049,0.530088,0.530100,0.530579,0.530836,0.530932,0.531102,0.531149,0.531317,0.532498,0.532928,0.533021,0.533120,0.533609,0.533640,0.533764
0.227696,0.000000,0.320929,0.233737,0.399600,0.348827,0.334010,0.486203,0.418341,0.489759,0.401716,0.260694,0.453661,0.371781,0.373951,0.404189,0.315017,0.223561,0.305784,0.266165,0.381068,0.325063,0.334865,0.345246,0.321634,0.353685,0.305216,0.509521,0.316518,0.462632,0.364662,0.474613,0.385096,0.370002,0.400879,0.369095,0.491586,0.393022,0.321357,0.508079,0.388481,0.317092,0.428635,0.344449,0.339854,0.442413,0.326983,0.396268,0.331773,0.462001,0.391071,0.465873,0.336320,0.416589,0.429497,0.422064,0.482413,0.420216,0.320314,0.339240,0.436747,0.371820,0.464476,0.357276,0.567199,0.460722,0.324606,0.356727,0.443159,0.384077,0.525938,0.397006,0.455768,0.421657,0.392184,0.569650,0.323906,0.490212,0.466993,0.350703,0.552264,0.478797,0.566573,0.492339,0.521931,0.459164,0.508350,0.491321,0.441860,0.441229,0.492744,0.389068,0.455289,0.466953,0.446169,0.369352,0.441334,0.358980,0.451465,0.487613,0.523590,0.416863,0.528708,0.447210,0.500591,0.461035,0.410336,0.400479,0.381883,0.423676,0.437256,0.497263,0.475688,0.432873,0.379113,0.468185,0.409492,0.509929,0.597396,0.436894,0.501017,0.433791,0.416982,0.520731,0.545448,0.417406,0.538839,0.580693,0.508105,0.384487,0.350319,0.446588,0.405529,0.506558,0.494140,0.344152,0.357508,0.485907,0.494449,0.483504,0.537437,0.503398,0.538399,0.462112,0.469856,0.453126,0.353587,0.330868,0.477824,0.346925,0.565554,0.432119,0.524828,0.518856,0.557000,0.458948,0.361962,0.413217,0.518193,0.454101,0.473209,0.468691,0.499454,0.369433,0.512884,0.574502,0.456165,0.455009,0.532064,0.492293,0.497886,0.534514,0.414255,0.463236,0.385157,0.416566,0.514160,0.444475,0.462888,0.619181,0.464255,0.368381,0.535876,0.643391,0.467177,0.421780,0.424277,0.514534,0.493220,0.459311,0.341432,0.435656,0.434563,0.419975,0.461617,0.481129,0.519822,0.393199,0.389336,0.483178,0.610661
0.240887,0.320929,0.000000,0.229465,0.466992,0.327873,0.272732,0.371957,0.446646,0.373594,0.537729,0.358080,0.531088,0.420416,0.398858,0.520288,0.413596,0.391268,0.388374,0.390496,0.558805,0.444051,0.416780,0.426277,0.452869,0.417499,0.410792,0.414353,0.429378,0.597821,0.390288,0.615326,0.619654,0.395956,0.544322,0.586786,0.641148,0.663696,0.402730,0.604446,0.648984,0.406448,0.583696,0.420943,0.420555,0.483669,0.430524,0.442783,0.368812,0.613795,0.453615,0.557705,0.547865,0.663274,0.641155,0.520659,0.542552,0.562125,0.441454,0.393938,0.561752,0.453166,0.501136,0.432455,0.592900,0.487914,0.441463,0.457774,0.677771,0.592513,0.618417,0.480578,0.587401,0.524282,0.486037,0.482927,0.430155,0.681680,0.623461,0.519570,0.627490,0.528305,0.451290,0.668020,0.505578,0.682306,0.619335,0.670544,0.512002,0.421041,0.559870,0.485319,0.483576,0.504135,0.589617,0.495757,0.509077,0.443657,0.568058,0.507055,0.532283,0.498173,0.463525,0.532681,0.613395,0.577813,0.482491,0.500750,0.544169,0.501761,0.590580,0.600875,0.625467,0.565433,0.449714,0.695953,0.462081,0.485057,0.505589,0.615236,0.509376,0.640082,0.482291,0.616122,0.620733,0.474196,0.681084,0.475681,0.597303,0.474741,0.477381,0.449037,0.551193,0.704099,0.675596,0.453920,0.465859,0.671738,0.725220,0.612452,0.711607,0.676448,0.683146,0.609794,0.659624,0.397925,0.528260,0.480873,0.571286,0.496676,0.694818,0.548100,0.664830,0.694038,0.758094,0.550514,0.459393,0.476292,0.546171,0.475369,0.467962,0.656828,0.701478,0.446451,0.658965,0.690805,0.525946,0.507816,0.609073,0.512567,0.638712,0.560636,0.482859,0.611790,0.496298,0.571890,0.515342,0.546254,0.644130,0.523663,0.494037,0.524128,0.670278,0.515313,0.502821,0.575664,0.615066,0.665126,0.617760,0.583689,0.492231,0.525729,0.686189,0.532204,0.644158,0.562476,0.592900,0.494984,0.504623,0.641558,0.742063
0.273969,0.233737,0.229465,0.000000,0.411170,0.345906,0.172314,0.460212,0.381373,0.474374,0.455161,0.235577,0.512246,0.353758,0.354371,0.476221,0.279035,0.245397,0.278206,0.257495,0.445982,0.334175,0.307347,0.322648,0.363882,0.349881,0.315440,0.535415,0.300497,0.514414,0.293024,0.556886,0.446948,0.311919,0.473241,0.451992,0.579260,0.521230,0.296191,0.561132,0.488399,0.342109,0.464791,0.315770,0.308529,0.456677,0.318405,0.343310,0.259348,0.590363,0.363546,0.490746,0.419400,0.592119,0.476109,0.481089,0.491136,0.502654,0.297196,0.298663,0.445763,0.356945,0.502539,0.300944,0.622086,0.447989,0.297285,0.329072,0.526990,0.462179,0.563934,0.406882,0.441381,0.529163,0.375992,0.574023,0.334050,0.567787,0.545239,0.365692,0.538647,0.481672,0.508494,0.585718,0.491950,0.520007,0.590661,0.554459,0.400615,0.421934,0.498486,0.399680,0.408175,0.451734,0.464557,0.379054,0.404954,0.329871,0.427481,0.520433,0.518334,0.392907,0.449292,0.452643,0.551679,0.533828,0.348605,0.403484,0.428477,0.403621,0.502399,0.543425,0.559250,0.484661,0.353762,0.559025,0.346385,0.441083,0.607676,0.503899,0.532093,0.497873,0.411697,0.566249,0.606467,0.366020,0.578125,0.539687,0.501484,0.353356,0.347533,0.375783,0.464916,0.582020,0.565205,0.326931,0.341428,0.532042,0.587732,0.557402,0.570981,0.593152,0.628625,0.506002,0.511871,0.354042,0.377685,0.394682,0.489529,0.416506,0.600522,0.452204,0.603352,0.618339,0.700690,0.480190,0.288620,0.367563,0.491615,0.432832,0.368945,0.511269,0.565588,0.351666,0.580948,0.647650,0.434613,0.421871,0.491972,0.485960,0.526074,0.482571,0.416780,0.509546,0.346528,0.429426,0.457478,0.465158,0.582697,0.635089,0.422319,0.418052,0.610905,0.627622,0.440589,0.423220,0.527545,0.552226,0.483437,0.518495,0.380251,0.427053,0.581923,0.451250,0.600740,0.543848,0.506398,0.426817,0.379078,0.528275,0.696497
0.325341,0.399600,0.466992,0.411170,0.000000,0.519191,0.416684,0.550513,0.397353,0.540857,0.488613,0.493568,0.513744,0.565075,0.423009,0.516447,0.505512,0.534953,0.531447,0.533431,0.446036,0.568740,0.573410,0.531130,0.559713,0.537179,0.570745,0.619957,0.549079,0.471070,0.521289,0.559557,0.466477,0.548888,0.561478,0.426328,0.512873,0.492672,0.521175,0.529711,0.480730,0.471333,0.533751,0.513782,0.523050,0.626637,0.558971,0.613971,0.534154,0.605198,0.542703,0.514208,0.573603,0.496868,0.432389,0.602105,0.493825,0.494066,0.488983,0.523927,0.524432,0.586299,0.483556,0.488903,0.647144,0.618985,0.546679,0.496950,0.523372,0.500636,0.547745,0.686347,0.479508,0.478723,0.616351,0.659878,0.528762,0.540655,0.586750,0.527227,0.490052,0.631325,0.708535,0.543409,0.742542,0.487471,0.590106,0.541028,0.501860,0.538512,0.620678,0.567360,0.676153,0.668853,0.545215,0.599522,0.523745,0.601886,0.547925,0.584012,0.571149,0.559847,0.700156,0.601857,0.630271,0.666179,0.595572,0.513962,0.574242,0.547406,0.557992,0.524102,0.537002,0.593184,0.567503,0.470904,0.560167,0.662802,0.748945,0.501352,0.691336,0.580898,0.672706,0.522883,0.654500,0.593327,0.519889,0.628363,0.539783,0.630427,0.577646,0.609391,0.541414,0.504450,0.557670,0.628604,0.616289,0.499911,0.503666,0.589445,0.533118,0.511376,0.592898,0.590998,0.528134,0.615309,0.547936,0.634655,0.632714,0.591821,0.535301,0.542734,0.553286,0.601022,0.641599,0.518377,0.563359,0.690822,0.751215,0.662350,0.639205,0.503692,0.548121,0.655987,0.648465,0.673807,0.559051,0.674429,0.520732,0.726719,0.573070,0.548272,0.594536,0.649583,0.614344,0.528760,0.685608,0.626579,0.583168,0.760106,0.626145,0.622147,0.592384,0.631748,0.547652,0.626638,0.542765,0.578077,0.520365,0.568577,0.603934,0.593573,0.555742,0.607933,0.567251,0.631299,0.613068,0.655127,0.620440,0.514893,0.625344
0.334175,0.348827,0.327873,0.345906,0.519191,0.000000,0.344674,0.427075,0.520644,0.385036,0.578502,0.415549,0.601165,0.473992,0.461901,0.552623,0.396472,0.420126,0.454415,0.411991,0.600959,0.423255,0.362404,0.412812,0.458718,0.426857,0.448512,0.452321,0.474485,0.611851,0.376035,0.599791,0.603872,0.449912,0.563866,0.587948,0.667873,0.617492,0.440427,0.641078,0.620218,0.444756,0.594456,0.492161,0.478373,0.513553,0.461952,0.508881,0.500675,0.627889,0.432365,0.493221,0.569858,0.640367,0.603176,0.548763,0.610833,0.590045,0.453819,0.514736,0.598479,0.528904,0.527578,0.471522,0.594574,0.403770,0.496530,0.475480,0.618858,0.577445,0.656742,0.525427,0.553904,0.500787,0.484018,0.356773,0.512690,0.637118,0.662415,0.606015,0.645726,0.460538,0.347833,0.578293,0.547021,0.633454,0.653395,0.660535,0.564744,0.419340,0.599953,0.551433,0.472506,0.537874,0.585351,0.536587,0.442703,0.507944,0.549149,0.467282,0.471797,0.488117,0.397823,0.535470,0.654816,0.577587,0.498965,0.516597,0.507180,0.556020,0.488655,0.607510,0.632489,0.568104,0.517138,0.660213,0.491253,0.416850,0.441155,0.618994,0.459507,0.633487,0.535529,0.625427,0.610218,0.471326,0.704469,0.580061,0.606973,0.522095,0.588290,0.380252,0.603811,0.658775,0.625878,0.540070,0.537962,0.617627,0.655121,0.596609,0.679266,0.638480,0.655302,0.484658,0.616915,0.530571,0.596575,0.456513,0.647928,0.549402,0.702143,0.570632,0.656708,0.688199,0.723845,0.544942,0.530642,0.542592,0.520903,0.405940,0.483837,0.678534,0.680577,0.526918,0.637846,0.672846,0.568405,0.531728,0.595017,0.564256,0.594413,0.502034,0.532935,0.567528,0.543784,0.597236,0.336002,0.588636,0.590218,0.474569,0.384424,0.516251,0.673083,0.567834,0.579094,0.527189,0.647856,0.628037,0.588781,0.553868,0.574491,0.487396,0.649604,0.543380,0.689023,0.629603,0.579877,0.596763,0.590979,0.660945,0.697625
0.343115,0.334010,0.272732,0.172314,0.416684,0.344674,0.000000,0.508430,0.459335,0.511836,0.608151,0.257530,0.556986,0.374188,0.419927,0.528653,0.312523,0.260707,0.274960,0.303369,0.526075,0.350703,0.284045,0.315523,0.382538,0.414226,0.308907,0.538231,0.292577,0.661996,0.349972,0.660040,0.640573,0.343639,0.513358,0.543472,0.648350,0.665683,0.278710,0.614510,0.659997,0.332749,0.580699,0.343838,0.337339,0.502607,0.331810,0.344153,0.324082,0.666426,0.334057,0.574810,0.531661,0.701131,0.592399,0.502261,0.532177,0.628752,0.285907,0.330645,0.589098,0.381528,0.521224,0.341619,0.672746,0.386130,0.327355,0.326804,0.685171,0.585919,0.628734,0.437652,0.474247,0.528285,0.406277,0.571237,0.381256,0.645384,0.681643,0.400747,0.656343,0.457613,0.476342,0.657987,0.523902,0.618659,0.698194,0.716120,0.451851,0.376991,0.623487,0.520201,0.430385,0.474699,0.613496,0.361438,0.465234,0.304777,0.498331,0.544585,0.499793,0.372953,0.500440,0.557880,0.585176,0.556311,0.302819,0.472648,0.458967,0.464671,0.499778,0.603265,0.641871,0.546422,0.336223,0.718779,0.383945,0.439586,0.631004,0.634611,0.589439,0.646476,0.422498,0.659773,0.652019,0.426414,0.642078,0.500862,0.532683,0.343138,0.356460,0.409393,0.502161,0.720696,0.672848,0.342334,0.377256,0.688767,0.738937,0.649099,0.698172,0.750337,0.735818,0.607213,0.637543,0.395202,0.424612,0.421396,0.588210,0.446046,0.747541,0.486577,0.677326,0.787428,0.798303,0.542337,0.275592,0.407709,0.536020,0.446697,0.335178,0.675419,0.657636,0.346266,0.631535,0.709220,0.417076,0.388230,0.543484,0.502518,0.614191,0.515397,0.420099,0.581260,0.477749,0.522017,0.456401,0.479177,0.708850,0.667699,0.406366,0.480501,0.683504,0.619065,0.481568,0.527301,0.628049,0.647604,0.600367,0.556366,0.369083,0.412286,0.680239,0.544784,0.712716,0.562148,0.546164,0.455482,0.399063,0.655348,0.779289
0.371617,0.486203,0.371957,0.460212,0.550513,0.427075,0.508430,0.000000,0.524343,0.234362,0.616599,0.665340,0.624904,0.581143,0.484224,0.631586,0.599121,0.632575,0.655765,0.668125,0.704997,0.637018,0.662764,0.631351,0.630248,0.621272,0.642819,0.170093,0.636763,0.669507,0.547987,0.707285,0.681490,0.654573,0.704128,0.698587,0.719056,0.723224,0.692228,0.672400,0.697475,0.612796,0.694781,0.709511,0.609601,0.556665,0.678337,0.704634,0.673533,0.640251,0.590981,0.630620,0.687568,0.717133,0.730616,0.655605,0.667797,0.739169,0.716806,0.711603,0.663525,0.670222,0.549451,0.633898,0.598241,0.574983,0.740271,0.673238,0.761519,0.670013,0.721187,0.663187,0.726177,0.503220,0.653927,0.407707,0.725524,0.676898,0.672122,0.727427,0.613033,0.596198,0.493338,0.675104,0.619099,0.718746,0.706968,0.764078,0.701108,0.546836,0.708623,0.760455,0.630652,0.709289,0.709111,0.717293,0.633464,0.711857,0.570657,0.460675,0.583556,0.708497,0.505315,0.752855,0.655523,0.760414,0.644574,0.666348,0.670899,0.676120,0.612427,0.596456,0.692084,0.700950,0.754374,0.728271,0.668050,0.505336,0.537733,0.699804,0.565684,0.716902,0.664563,0.690959,0.584775,0.645441,0.726540,0.561814,0.589783,0.724614,0.786168,0.513762,0.656493,0.764372,0.705809,0.730584,0.692134,0.707264,0.782652,0.596578,0.748387,0.714048,0.714847,0.684230,0.664421,0.673120,0.743774,0.671691,0.645616,0.703941,0.710302,0.677391,0.731242,0.718846,0.813428,0.618418,0.727471,0.685473,0.637146,0.740753,0.627687,0.741489,0.714914,0.781688,0.703143,0.728643,0.655200,0.632389,0.598767,0.641812,0.729942,0.592487,0.695278,0.762067,0.771209,0.691715,0.605443,0.746323,0.707865,0.517030,0.565200,0.706958,0.694986,0.519876,0.635107,0.727695,0.743558,0.732237,0.698782,0.642683,0.777960,0.712080,0.758228,0.671486,0.749944,0.687134,0.791002,0.733606,0.739913,0.728424,0.701672
0.375719,0.418341,0.446646,0.381373,0.397353,0.520644,0.459335,0.524343,0.000000,0.483955,0.524779,0.518482,0.535453,0.564678,0.272114,0.572791,0.434930,0.506190,0.508280,0.482641,0.499716,0.560068,0.528566,0.510395,0.516467,0.464960,0.515481,0.599609,0.538517,0.506378,0.488477,0.522128,0.458455,0.515298,0.550762,0.464136,0.604009,0.464987,0.489477,0.576986,0.454918,0.461291,0.467505,0.457662,0.437158,0.606567,0.566677,0.557934,0.455082,0.596784,0.502501,0.530582,0.498751,0.575643,0.446511,0.615209,0.277660,0.522484,0.498643,0.496734,0.486976,0.569244,0.367605,0.484971,0.597190,0.563098,0.536414,0.476153,0.535601,0.412171,0.579328,0.581859,0.517663,0.504568,0.582304,0.707688,0.490252,0.557106,0.590404,0.577744,0.428590,0.563662,0.656414,0.571503,0.686341,0.547801,0.613778,0.553697,0.524729,0.411109,0.595075,0.537263,0.650136,0.635697,0.473656,0.535891,0.427995,0.571859,0.281706,0.532275,0.598161,0.577608,0.688556,0.585108,0.596637,0.626668,0.569895,0.411332,0.527998,0.384999,0.602000,0.335285,0.533684,0.540733,0.536394,0.510158,0.591864,0.595843,0.697807,0.516432,0.660143,0.507771,0.612642,0.561079,0.597262,0.590599,0.594160,0.704685,0.259819,0.588995,0.596299,0.537077,0.382680,0.604625,0.622441,0.603475,0.545333,0.460678,0.532723,0.546614,0.587070,0.509358,0.531362,0.530722,0.548084,0.522917,0.547298,0.533329,0.587434,0.568074,0.488056,0.381927,0.480635,0.630598,0.659925,0.295257,0.541861,0.634576,0.642840,0.575591,0.544290,0.537338,0.559602,0.569072,0.594716,0.639907,0.447558,0.640763,0.271825,0.698470,0.524233,0.499737,0.541517,0.516351,0.511974,0.530710,0.691302,0.592470,0.549045,0.763593,0.537477,0.625765,0.513245,0.699839,0.385268,0.476353,0.561720,0.500137,0.541128,0.604188,0.615079,0.593854,0.562822,0.520234,0.628410,0.638643,0.493498,0.597486,0.585772,0.567604,0.615066
0.384136,0.489759,0.373594,0.474374,0.540857,0.385036,0.511836,0.234362,0.483955,0.000000,0.614731,0.630922,0.626726,0.580150,0.401889,0.667524,0.562685,0.594796,0.599407,0.600464,0.700411,0.630889,0.633293,0.630323,0.640053,0.587777,0.635970,0.271435,0.599179,0.657936,0.543759,0.712221,0.675433,0.650556,0.651959,0.703183,0.754418,0.683379,0.642538,0.649702,0.672653,0.593780,0.620013,0.678616,0.548019,0.570412,0.643652,0.628068,0.664372,0.563249,0.568083,0.553588,0.687408,0.710572,0.693878,0.658326,0.597110,0.719749,0.675380,0.673555,0.621814,0.659204,0.512156,0.641410,0.514865,0.462029,0.693870,0.642054,0.741072,0.698746,0.655962,0.629439,0.739002,0.507332,0.648133,0.399973,0.677164,0.627185,0.611011,0.702006,0.587922,0.496568,0.467205,0.626611,0.606662,0.714773,0.736069,0.741556,0.724165,0.527983,0.670536,0.702638,0.639076,0.626013,0.616779,0.659268,0.574754,0.680400,0.577815,0.482137,0.619968,0.690379,0.479872,0.629317,0.610324,0.816751,0.645702,0.609269,0.679757,0.613103,0.628291,0.575496,0.700820,0.598003,0.727335,0.713996,0.691960,0.546978,0.548510,0.608809,0.528262,0.672149,0.623596,0.710673,0.494280,0.667883,0.759895,0.656303,0.574097,0.664071,0.707918,0.526289,0.653561,0.781690,0.737469,0.680120,0.621708,0.675437,0.779291,0.634132,0.713610,0.673415,0.713148,0.608387,0.710994,0.705200,0.677059,0.634493,0.601843,0.693553,0.656001,0.607827,0.697930,0.732589,0.787009,0.597540,0.715881,0.647825,0.629227,0.660075,0.610417,0.729905,0.718060,0.706770,0.633859,0.611183,0.604789,0.616349,0.566737,0.630892,0.674537,0.603027,0.635434,0.705479,0.690194,0.651139,0.564909,0.655560,0.687809,0.496129,0.539502,0.700252,0.717572,0.499367,0.539205,0.685185,0.742144,0.691624,0.703297,0.648583,0.732397,0.691293,0.724069,0.671434,0.747015,0.658150,0.709203,0.721444,0.686065,0.735271,0.707279
0.386388,0.401716,0.537729,0.455161,0.488613,0.578502,0.608151,0.616599,0.524779,0.614731,0.000000,0.542966,0.086215,0.571254,0.585452,0.338345,0.579668,0.552863,0.560536,0.501598,0.340507,0.579273,0.566823,0.624874,0.631172,0.593272,0.625106,0.721428,0.633899,0.355066,0.577454,0.373327,0.267642,0.598624,0.425671,0.268155,0.330684,0.325991,0.567606,0.164161,0.295790,0.524243,0.360654,0.578024,0.601874,0.511959,0.535144,0.615990,0.568085,0.359542,0.446728,0.383066,0.392127,0.364191,0.367442,0.664099,0.660705,0.320124,0.571923,0.592455,0.336357,0.653010,0.611280,0.612146,0.426306,0.540577,0.558050,0.645710,0.291887,0.468059,0.410880,0.627357,0.596922,0.525185,0.611622,0.735485,0.536597,0.295970,0.320466,0.473421,0.320824,0.558810,0.610946,0.351967,0.637169,0.277050,0.456899,0.388798,0.582039,0.666491,0.504353,0.463465,0.648320,0.463947,0.420420,0.617797,0.572543,0.587852,0.637798,0.729884,0.674268,0.637953,0.594123,0.414888,0.396363,0.518417,0.647535,0.551752,0.625834,0.581098,0.593185,0.596245,0.481670,0.371001,0.617722,0.282603,0.613281,0.568129,0.714547,0.275002,0.544081,0.441211,0.657841,0.326902,0.395785,0.543249,0.343354,0.732912,0.618719,0.627568,0.525057,0.561182,0.630443,0.196121,0.283187,0.650907,0.629914,0.360124,0.410994,0.422299,0.281357,0.326345,0.554214,0.443495,0.324527,0.654662,0.456841,0.549776,0.374177,0.451586,0.479955,0.614112,0.663578,0.376960,0.491087,0.642327,0.541408,0.616590,0.672287,0.544280,0.636973,0.286767,0.405576,0.560747,0.360554,0.450055,0.573748,0.640636,0.630380,0.678452,0.535034,0.642102,0.626886,0.620734,0.516837,0.319953,0.658619,0.488968,0.560672,0.647146,0.606080,0.570127,0.639337,0.714505,0.653429,0.575631,0.326242,0.613469,0.271672,0.414364,0.630045,0.598477,0.329920,0.522151,0.383183,0.369136,0.657941,0.524570,0.614865,0.238033,0.430088
0.389099,0.260694,0.358080,0.235577,0.493568,0.415549,0.257530,0.665340,0.518482,0.630922,0.542966,0.000000,0.558738,0.309048,0.480570,0.487040,0.211986,0.136104,0.101127,0.132207,0.439806,0.289155,0.193005,0.245126,0.305110,0.291040,0.251671,0.657335,0.243372,0.616494,0.272121,0.626341,0.510990,0.248156,0.436549,0.408248,0.623170,0.517441,0.210146,0.602725,0.519611,0.239406,0.486055,0.216225,0.211585,0.437708,0.128152,0.272495,0.201936,0.661233,0.400672,0.518847,0.456714,0.611219,0.503594,0.503604,0.484782,0.498903,0.204446,0.199101,0.492967,0.349268,0.513734,0.252427,0.708893,0.445324,0.149656,0.243635,0.591574,0.425836,0.571291,0.355705,0.451384,0.520093,0.332040,0.608092,0.216407,0.641239,0.578242,0.297278,0.674473,0.492804,0.553113,0.651475,0.478937,0.565611,0.660656,0.628048,0.364939,0.448287,0.510867,0.383408,0.385487,0.424853,0.462316,0.267242,0.395044,0.160718,0.500925,0.587881,0.507738,0.320675,0.520092,0.473575,0.614728,0.444555,0.314184,0.409599,0.420493,0.399112,0.454931,0.583469,0.582142,0.472773,0.266329,0.615229,0.307712,0.510542,0.636163,0.554063,0.522736,0.531886,0.331405,0.605946,0.613151,0.396642,0.573809,0.623071,0.587187,0.231983,0.157598,0.433359,0.469942,0.627810,0.625919,0.201501,0.215032,0.576922,0.649351,0.589431,0.640618,0.628111,0.667370,0.508326,0.636513,0.366613,0.277543,0.320151,0.575571,0.369647,0.707033,0.406387,0.613507,0.709818,0.755501,0.499746,0.166799,0.278385,0.486996,0.411251,0.401346,0.603224,0.616059,0.269712,0.603543,0.692552,0.485237,0.385313,0.574156,0.459057,0.510966,0.519248,0.270388,0.463888,0.278470,0.501263,0.422959,0.443113,0.610036,0.671292,0.437795,0.357040,0.579987,0.669164,0.454699,0.371905,0.485661,0.571678,0.566895,0.558195,0.251897,0.405203,0.586833,0.456069,0.630020,0.564283,0.456966,0.318581,0.265858,0.595159,0.764603
0.395152,0.453661,0.531088,0.512246,0.513744,0.601165,0.556986,0.624904,0.535453,0.626726,0.086215,0.558738,0.000000,0.570001,0.602570,0.328140,0.590393,0.559757,0.565151,0.539293,0.373382,0.580651,0.568824,0.629663,0.631764,0.615971,0.618654,0.719728,0.642732,0.405693,0.597808,0.394962,0.373766,0.612613,0.421906,0.311395,0.339533,0.396489,0.557937,0.155779,0.365211,0.526132,0.391884,0.593000,0.623549,0.536853,0.562328,0.625221,0.618080,0.388852,0.415461,0.444874,0.406404,0.429794,0.434311,0.685680,0.676664,0.385755,0.579582,0.622849,0.410740,0.634555,0.643206,0.663579,0.439556,0.518606,0.590059,0.641428,0.363080,0.529491,0.417649,0.629010,0.576369,0.533491,0.618653,0.728507,0.575501,0.319766,0.371997,0.481283,0.330178,0.539903,0.585619,0.391727,0.638257,0.313022,0.482968,0.431078,0.620544,0.645088,0.533173,0.542933,0.658388,0.450123,0.482001,0.639040,0.630224,0.577490,0.642938,0.735279,0.670906,0.613663,0.638409,0.461653,0.365312,0.533292,0.635897,0.581845,0.619021,0.626760,0.612648,0.622083,0.488446,0.394082,0.603409,0.364310,0.660380,0.530510,0.695164,0.334901,0.583218,0.475755,0.642804,0.339605,0.419069,0.602924,0.361341,0.688571,0.614384,0.638123,0.545971,0.580716,0.641462,0.267508,0.322830,0.658315,0.655467,0.440341,0.464237,0.446910,0.349006,0.384966,0.589262,0.504002,0.389168,0.702472,0.493960,0.562627,0.405477,0.471015,0.533905,0.643459,0.672938,0.430589,0.518673,0.679017,0.546367,0.670396,0.684175,0.568228,0.611527,0.360611,0.430394,0.574084,0.389619,0.481234,0.556546,0.611476,0.657812,0.666988,0.589923,0.686496,0.633981,0.659792,0.577184,0.372631,0.681183,0.487404,0.613428,0.657309,0.567260,0.585721,0.644420,0.680663,0.667162,0.646544,0.358569,0.645722,0.333150,0.414905,0.649272,0.592281,0.379259,0.538314,0.422074,0.336260,0.654586,0.533442,0.627419,0.286081,0.450745
0.395474,0.371781,0.420416,0.353758,0.565075,0.473992,0.374188,0.581143,0.564678,0.580150,0.571254,0.309048,0.570001,0.000000,0.524291,0.496127,0.331581,0.351380,0.209757,0.321957,0.522936,0.376471,0.354101,0.299831,0.442164,0.419397,0.355681,0.628683,0.294558,0.664081,0.364285,0.623499,0.586258,0.369867,0.520193,0.528777,0.632402,0.583270,0.391082,0.588871,0.607257,0.345595,0.586021,0.413843,0.164879,0.386790,0.279772,0.308260,0.386909,0.667440,0.425082,0.555267,0.548394,0.646147,0.612949,0.532634,0.528996,0.570883,0.393576,0.380959,0.582222,0.408560,0.507709,0.356348,0.672126,0.458426,0.362759,0.384795,0.680633,0.497363,0.623129,0.334317,0.519047,0.554027,0.352154,0.590070,0.389873,0.671687,0.573641,0.441153,0.672092,0.459397,0.442551,0.638670,0.379898,0.609714,0.675886,0.652437,0.438754,0.498311,0.574480,0.493448,0.327989,0.432523,0.574358,0.331052,0.494731,0.306876,0.504023,0.562389,0.476070,0.408980,0.448799,0.540047,0.629983,0.495377,0.326508,0.489339,0.463136,0.515282,0.485584,0.573376,0.674767,0.485000,0.432426,0.699734,0.371110,0.477506,0.500036,0.645707,0.455584,0.579236,0.408526,0.691007,0.588849,0.424798,0.569969,0.609118,0.562071,0.251811,0.371446,0.428247,0.546044,0.700968,0.647494,0.341010,0.290893,0.620882,0.729428,0.672041,0.691556,0.661601,0.732069,0.572767,0.704038,0.475918,0.481666,0.357617,0.604238,0.465803,0.682653,0.551908,0.618751,0.695495,0.750325,0.529593,0.324842,0.304114,0.397765,0.469707,0.329798,0.711335,0.654767,0.409859,0.599433,0.675498,0.525555,0.421186,0.621895,0.381225,0.595113,0.524823,0.202072,0.547195,0.373863,0.573012,0.423480,0.508258,0.688114,0.506803,0.460981,0.423316,0.581452,0.718868,0.555240,0.464448,0.606352,0.644922,0.656682,0.645988,0.446710,0.439106,0.672535,0.553871,0.708445,0.611182,0.584105,0.424764,0.379253,0.639375,0.740498
0.397176,0.373951,0.398858,0.354371,0.423009,0.461901,0.419927,0.484224,0.272114,0.401889,0.585452,0.480570,0.602570,0.524291,0.000000,0.612457,0.417035,0.435960,0.507340,0.482842,0.604962,0.483810,0.492689,0.467390,0.444011,0.454687,0.467828,0.546826,0.478989,0.583999,0.449315,0.657823,0.555355,0.458453,0.635472,0.544277,0.667605,0.560772,0.483158,0.656093,0.559823,0.447171,0.533806,0.495725,0.390191,0.635701,0.575609,0.480863,0.458057,0.567966,0.456743,0.581044,0.484950,0.618357,0.567962,0.570792,0.405740,0.573980,0.476568,0.507138,0.530279,0.480986,0.412006,0.412246,0.599880,0.510508,0.562394,0.430967,0.596202,0.511971,0.607869,0.544637,0.545935,0.506673,0.529024,0.642441,0.486378,0.581721,0.601664,0.541987,0.497615,0.550518,0.614673,0.609307,0.684295,0.627641,0.695136,0.637063,0.474472,0.412562,0.701435,0.566039,0.594878,0.645025,0.510809,0.480970,0.443207,0.556112,0.345368,0.508409,0.585422,0.505699,0.611866,0.609277,0.606498,0.736311,0.520992,0.244668,0.476848,0.365280,0.644983,0.404866,0.595084,0.510857,0.508978,0.608826,0.491761,0.586111,0.696780,0.569692,0.617651,0.604317,0.543875,0.685388,0.612434,0.541822,0.675837,0.680580,0.308624,0.563699,0.574919,0.466597,0.451567,0.646959,0.676884,0.541867,0.498503,0.528026,0.644197,0.584086,0.613129,0.565562,0.590215,0.584865,0.619328,0.466214,0.494290,0.538697,0.569530,0.504366,0.544070,0.363116,0.516534,0.674586,0.754478,0.344200,0.531131,0.603730,0.635410,0.559410,0.490047,0.647267,0.596775,0.535571,0.571846,0.655588,0.387302,0.580730,0.298595,0.663994,0.618273,0.430702,0.459768,0.545035,0.540257,0.545050,0.623486,0.636254,0.630620,0.705056,0.481955,0.604977,0.569051,0.651814,0.307264,0.511913,0.641575,0.519177,0.610788,0.647779,0.565196,0.569727,0.608298,0.435270,0.691977,0.656354,0.636065,0.582048,0.533938,0.586295,0.685349
0.399501,0.404189,0.520288,0.476221,0.516447,0.552623,0.528653,0.631586,0.572791,0.667524,0.338345,0.487040,0.328140,0.496127,0.612457,0.000000,0.508459,0.519151,0.470034,0.479360,0.364054,0.527176,0.510397,0.561109,0.569947,0.579163,0.588475,0.712144,0.567295,0.373941,0.595338,0.342882,0.411118,0.584221,0.449951,0.313988,0.411099,0.462581,0.495643,0.413112,0.431469,0.437121,0.448676,0.554600,0.553218,0.503785,0.486675,0.555784,0.564390,0.431555,0.420111,0.477040,0.340370,0.465515,0.469125,0.667376,0.613004,0.420250,0.511203,0.558260,0.446613,0.562352,0.678804,0.551245,0.432661,0.490335,0.528887,0.548365,0.427817,0.524890,0.361408,0.640226,0.511913,0.571523,0.586328,0.737066,0.543189,0.400418,0.435834,0.384438,0.461280,0.487881,0.619306,0.364106,0.557958,0.429219,0.461537,0.479927,0.533485,0.669956,0.493345,0.453122,0.609810,0.437016,0.520286,0.546236,0.620196,0.465188,0.651754,0.718263,0.623488,0.555249,0.658091,0.468738,0.421499,0.533078,0.613571,0.545146,0.579182,0.577159,0.554956,0.627784,0.441961,0.411200,0.502199,0.489029,0.565564,0.601627,0.673510,0.484165,0.586034,0.508429,0.529694,0.411512,0.337522,0.597201,0.398638,0.656853,0.650021,0.573914,0.450715,0.570331,0.614905,0.480171,0.347361,0.623267,0.521302,0.492687,0.531171,0.417131,0.445374,0.517067,0.617456,0.491067,0.465177,0.569901,0.373751,0.534022,0.440684,0.298570,0.557154,0.602700,0.699121,0.471404,0.502256,0.698884,0.498173,0.589273,0.684235,0.564248,0.608154,0.495346,0.466218,0.521550,0.396958,0.484831,0.503109,0.567309,0.696830,0.614918,0.624013,0.695313,0.559853,0.619868,0.553846,0.495200,0.663202,0.551072,0.622172,0.661413,0.571575,0.465322,0.623897,0.738004,0.641649,0.583680,0.344658,0.632131,0.471985,0.405245,0.617987,0.618181,0.385278,0.470921,0.496208,0.433629,0.658654,0.375280,0.508492,0.395845,0.456637
0.414922,0.315017,0.413596,0.279035,0.505512,0.396472,0.312523,0.599121,0.434930,0.562685,0.579668,0.211986,0.590393,0.331581,0.417035,0.508459,0.000000,0.202916,0.208157,0.240781,0.498563,0.289317,0.160105,0.123301,0.353127,0.396321,0.247977,0.624995,0.255224,0.618569,0.325549,0.583881,0.536974,0.266292,0.509455,0.455138,0.687672,0.562763,0.231803,0.642612,0.556888,0.269522,0.488278,0.288393,0.257745,0.489369,0.286899,0.307979,0.270717,0.621820,0.330107,0.474120,0.437063,0.623875,0.524452,0.564858,0.454208,0.510001,0.241656,0.275659,0.478988,0.227467,0.457014,0.257509,0.661360,0.416749,0.206938,0.268951,0.628060,0.485759,0.625491,0.426740,0.470824,0.466555,0.290132,0.628952,0.315056,0.640849,0.578786,0.345335,0.588472,0.470395,0.499141,0.670243,0.458232,0.603080,0.687420,0.615031,0.385584,0.436918,0.506013,0.429233,0.371520,0.402151,0.464049,0.325310,0.352888,0.254137,0.410486,0.552205,0.372562,0.327679,0.496048,0.506777,0.588753,0.459519,0.319056,0.346973,0.293098,0.372622,0.459415,0.521769,0.612462,0.506124,0.275213,0.621108,0.310365,0.418340,0.563647,0.580397,0.486369,0.619388,0.310841,0.597467,0.600637,0.362458,0.626735,0.661216,0.447326,0.307390,0.302993,0.318100,0.465828,0.673349,0.661233,0.284758,0.303631,0.587375,0.698936,0.581799,0.669564,0.622098,0.631509,0.480822,0.638374,0.378603,0.367015,0.308078,0.558642,0.396870,0.680453,0.387025,0.586497,0.700236,0.737773,0.451876,0.294043,0.352562,0.491969,0.330756,0.405646,0.638081,0.629303,0.337677,0.607217,0.686115,0.436352,0.364293,0.468112,0.488767,0.537636,0.394720,0.302263,0.447349,0.390232,0.525404,0.373292,0.502327,0.638683,0.586691,0.332642,0.390552,0.576476,0.707047,0.410929,0.391706,0.496296,0.533801,0.573523,0.564420,0.324849,0.391030,0.595535,0.409490,0.669150,0.593803,0.422707,0.395769,0.319093,0.606248,0.737113
0.418310,0.223561,0.391268,0.245397,0.534953,0.420126,0.260707,0.632575,0.506190,0.594796,0.552863,0.136104,0.559757,0.351380,0.435960,0.519151,0.202916,0.000000,0.162814,0.159213,0.498166,0.264431,0.253586,0.247997,0.241793,0.367154,0.161021,0.632997,0.213163,0.635691,0.338597,0.641654,0.535245,0.243763,0.465183,0.422460,0.652568,0.553475,0.222585,0.596272,0.555565,0.277344,0.525573,0.258568,0.220712,0.451888,0.203806,0.263490,0.234139,0.608086,0.399098,0.563189,0.456758,0.619951,0.523757,0.478286,0.475729,0.547150,0.220626,0.240365,0.515236,0.311284,0.502261,0.271914,0.699809,0.431533,0.125759,0.265603,0.598389,0.455548,0.599199,0.337621,0.474516,0.481824,0.304769,0.605450,0.270387,0.604610,0.577052,0.295018,0.655905,0.481385,0.576455,0.651585,0.507598,0.572778,0.688686,0.657834,0.403041,0.443762,0.567326,0.414277,0.369475,0.439486,0.495973,0.271097,0.415771,0.209997,0.464117,0.582411,0.575931,0.342880,0.530864,0.517757,0.574911,0.456840,0.319339,0.389116,0.381315,0.400547,0.445468,0.566548,0.596577,0.467333,0.265523,0.606069,0.326079,0.508610,0.656478,0.541226,0.548489,0.568547,0.325211,0.646103,0.589927,0.387159,0.578043,0.692940,0.531016,0.207839,0.209191,0.445537,0.441516,0.633769,0.641991,0.129982,0.228177,0.591434,0.664112,0.626242,0.640298,0.666284,0.672500,0.550828,0.608846,0.402398,0.313456,0.312037,0.541281,0.349545,0.723230,0.407514,0.614859,0.712094,0.728018,0.479223,0.243636,0.291770,0.513185,0.452558,0.402544,0.589501,0.630682,0.262055,0.563519,0.686671,0.480679,0.385505,0.541845,0.466225,0.544409,0.540274,0.291328,0.464611,0.315754,0.466827,0.461073,0.428654,0.653706,0.669295,0.454515,0.376206,0.600516,0.721273,0.446471,0.380313,0.478845,0.567732,0.549868,0.561399,0.191133,0.409228,0.567961,0.444165,0.617276,0.542551,0.484432,0.340250,0.284917,0.588577,0.751303
0.421929,0.305784,0.388374,0.278206,0.531447,0.454415,0.274960,0.655765,0.508280,0.599407,0.560536,0.101127,0.565151,0.209757,0.507340,0.470034,0.208157,0.162814,0.000000,0.135489,0.422388,0.329035,0.195612,0.244125,0.375014,0.308687,0.270577,0.665330,0.233829,0.618353,0.296336,0.578905,0.521817,0.283497,0.417243,0.420394,0.643837,0.524110,0.226095,0.607048,0.538090,0.210072,0.494360,0.250462,0.151775,0.363938,0.103603,0.252437,0.234377,0.653909,0.409742,0.483516,0.505219,0.619971,0.500681,0.572877,0.443943,0.537053,0.226218,0.237065,0.504976,0.393131,0.485942,0.266596,0.671337,0.389780,0.143638,0.261730,0.629224,0.432355,0.609950,0.340996,0.470025,0.511223,0.351784,0.655726,0.230643,0.627373,0.550316,0.301455,0.655358,0.436543,0.502569,0.615661,0.430985,0.597449,0.670673,0.650160,0.382743,0.438253,0.492718,0.404856,0.395357,0.373298,0.467165,0.256210,0.389018,0.149153,0.482950,0.593649,0.458331,0.348827,0.510824,0.462669,0.595811,0.428347,0.310359,0.420469,0.457078,0.408451,0.402835,0.560945,0.604459,0.436533,0.284372,0.633191,0.337484,0.511258,0.603543,0.568037,0.447734,0.558007,0.341734,0.613104,0.549560,0.420664,0.559675,0.624405,0.568522,0.172071,0.159502,0.450174,0.468617,0.663310,0.624190,0.216667,0.156855,0.577661,0.671885,0.607642,0.670935,0.647890,0.708145,0.492075,0.632664,0.385031,0.314350,0.315601,0.572403,0.375916,0.726188,0.426666,0.630854,0.728953,0.742876,0.469870,0.178367,0.261084,0.479829,0.406483,0.380446,0.631632,0.645223,0.266845,0.596827,0.687302,0.496750,0.395556,0.590455,0.462022,0.503066,0.513445,0.178500,0.466050,0.287397,0.510090,0.417603,0.425775,0.655107,0.616183,0.455904,0.336663,0.595232,0.703272,0.472569,0.375171,0.470306,0.588919,0.591277,0.532529,0.275375,0.425157,0.614620,0.479945,0.674568,0.547611,0.454483,0.296384,0.273699,0.603024,0.755335
0.423789,0.266165,0.390496,0.257495,0.533431,0.411991,0.303369,0.668125,0.482641,0.600464,0.501598,0.132207,0.539293,0.321957,0.482842,0.479360,0.240781,0.159213,0.135489,0.000000,0.409756,0.322015,0.251662,0.265428,0.318165,0.273738,0.248847,0.676221,0.255179,0.556833,0.268601,0.546575,0.460566,0.284888,0.406807,0.382980,0.637132,0.465224,0.208435,0.594125,0.484131,0.280314,0.467314,0.221649,0.240880,0.432976,0.177078,0.292610,0.215430,0.624017,0.413382,0.460099,0.439293,0.586689,0.423443,0.523672,0.451059,0.455125,0.211961,0.215397,0.475436,0.387829,0.541618,0.272939,0.679062,0.403382,0.123367,0.259044,0.549506,0.390572,0.593503,0.367564,0.443155,0.526819,0.357389,0.659379,0.227313,0.605812,0.527166,0.320671,0.611491,0.476914,0.526001,0.584952,0.484076,0.559009,0.632812,0.641243,0.384348,0.452961,0.493759,0.307233,0.395373,0.386692,0.409623,0.303817,0.371097,0.198597,0.492547,0.586514,0.540756,0.333002,0.518747,0.425913,0.583454,0.433078,0.332539,0.380724,0.461036,0.369307,0.402306,0.523785,0.564048,0.399489,0.281019,0.562938,0.327150,0.537093,0.604605,0.497170,0.445239,0.479700,0.367321,0.566622,0.557534,0.405899,0.578583,0.681461,0.570797,0.223952,0.202441,0.449536,0.415828,0.594060,0.581616,0.228267,0.206009,0.530909,0.605589,0.544708,0.608648,0.598066,0.649502,0.451916,0.561193,0.359384,0.320353,0.261963,0.538833,0.348451,0.691173,0.392943,0.598947,0.676349,0.721239,0.462077,0.209021,0.254665,0.474323,0.363168,0.399844,0.553776,0.607379,0.210740,0.540615,0.671837,0.496384,0.396906,0.578601,0.458658,0.465937,0.550019,0.264241,0.448019,0.252151,0.427669,0.460335,0.367582,0.590428,0.635347,0.450127,0.314537,0.564075,0.723676,0.436436,0.347980,0.429780,0.579586,0.477480,0.493307,0.271565,0.411399,0.534732,0.464578,0.622799,0.533820,0.437780,0.316037,0.288146,0.547096,0.726374
0.426063,0.381068,0.558805,0.445982,0.446036,0.600959,0.526075,0.704997,0.499716,0.700411,0.340507,0.439806,0.373382,0.522936,0.604962,0.364054,0.498563,0.498166,0.422388,0.409756,0.000000,0.586365,0.501147,0.562454,0.618517,0.462215,0.594493,0.740429,0.565027,0.360459,0.508324,0.337775,0.318432,0.539522,0.400068,0.287043,0.376862,0.354997,0.511364,0.406573,0.313964,0.402652,0.404650,0.470969,0.504120,0.507199,0.451546,0.542888,0.504074,0.518935,0.487673,0.398542,0.419935,0.396485,0.311787,0.677121,0.529781,0.364657,0.505459,0.495646,0.398181,0.635953,0.547303,0.574623,0.550980,0.570968,0.456215,0.561525,0.359293,0.420754,0.436484,0.597997,0.468589,0.500579,0.635802,0.740578,0.423110,0.402918,0.419346,0.421572,0.450151,0.557117,0.718171,0.413030,0.646417,0.369671,0.383157,0.391841,0.508457,0.596584,0.465332,0.438250,0.680709,0.482866,0.430581,0.558285,0.548724,0.498401,0.604014,0.690935,0.607034,0.598584,0.741633,0.425751,0.502386,0.479923,0.607137,0.518075,0.606468,0.559710,0.471627,0.562014,0.412110,0.458097,0.551003,0.359373,0.615673,0.669156,0.778648,0.349077,0.597917,0.391214,0.659516,0.407138,0.535319,0.589386,0.402585,0.590464,0.629377,0.546925,0.383614,0.636047,0.534669,0.383586,0.364644,0.591722,0.490930,0.410951,0.371568,0.424557,0.422432,0.395990,0.553755,0.447904,0.368978,0.617048,0.396339,0.523389,0.526486,0.440160,0.481013,0.573709,0.583758,0.431193,0.467307,0.602482,0.459020,0.595895,0.659551,0.541525,0.629234,0.346257,0.442668,0.530042,0.463331,0.547437,0.597782,0.666003,0.636813,0.627386,0.521322,0.648424,0.533311,0.602244,0.450270,0.380920,0.696408,0.476073,0.501843,0.778805,0.636376,0.482649,0.588620,0.720552,0.621622,0.558328,0.313248,0.622707,0.367728,0.382586,0.569983,0.588248,0.399374,0.524279,0.457472,0.458039,0.495011,0.450327,0.546364,0.390182,0.508122
0.432626,0.325063,0.444051,0.334175,0.568740,0.423255,0.350703,0.637018,0.560068,0.630889,0.579273,0.289155,0.580651,0.376471,0.483810,0.527176,0.289317,0.264431,0.329035,0.322015,0.586365,0.000000,0.323007,0.294839,0.360731,0.460227,0.161062,0.662722,0.286204,0.716380,0.401470,0.669308,0.597986,0.366590,0.579247,0.490852,0.669619,0.611449,0.354122,0.603892,0.614721,0.366861,0.589525,0.435958,0.338602,0.548836,0.344585,0.272073,0.398118,0.624872,0.368583,0.619298,0.425008,0.635845,0.597043,0.432118,0.584717,0.551259,0.365417,0.392400,0.585240,0.189670,0.553661,0.334566,0.652931,0.454526,0.329974,0.332753,0.659022,0.572808,0.668705,0.402500,0.507890,0.556088,0.217574,0.639311,0.413802,0.598500,0.595537,0.350798,0.670179,0.490678,0.496090,0.644958,0.441934,0.615744,0.757616,0.676719,0.452088,0.539123,0.653659,0.483875,0.285438,0.497953,0.607390,0.355949,0.482583,0.289173,0.495321,0.613401,0.539826,0.384254,0.505800,0.599287,0.612670,0.557560,0.391774,0.435789,0.253763,0.490502,0.510282,0.621027,0.663969,0.521607,0.388850,0.699620,0.375662,0.449504,0.523694,0.645207,0.524960,0.661003,0.312436,0.697644,0.628896,0.384705,0.646306,0.698149,0.554789,0.340058,0.367531,0.433752,0.513501,0.667487,0.670393,0.296240,0.343980,0.630333,0.747678,0.628502,0.641704,0.715099,0.687371,0.590356,0.707349,0.455692,0.418924,0.379062,0.570939,0.422926,0.736358,0.502566,0.670297,0.713935,0.746896,0.545014,0.344488,0.368009,0.473443,0.482025,0.364850,0.702454,0.561636,0.453863,0.547369,0.680675,0.438245,0.390774,0.589627,0.454514,0.633854,0.522278,0.366591,0.535078,0.444553,0.566734,0.473689,0.553617,0.699963,0.581180,0.431306,0.476482,0.653615,0.721224,0.509987,0.452312,0.566721,0.638015,0.661447,0.626717,0.392731,0.398693,0.636296,0.474607,0.692829,0.619887,0.648993,0.440254,0.351790,0.640722,0.701836
