0.000000,0.227696,0.240887,0.273969,0.325341,0.334175,0.343115,0.371617,0.375719,0.384136,0.386388,0.389099,0.395152,0.395474,0.397176,0.399501,0.414922,0.418310,0.421929,0.423789,0.426063,0.432626,0.433605,0.435338,0.436949,0.439810,0.441323,0.442023,0.443567,0.444189,0.444387,0.444525,0.446873,0.447691,0.447901,0.448758,0.449415,0.450539,0.451451,0.452204,0.453883,0.455548,0.456244,0.458016,0.459335,0.459968,0.460728,0.460842,0.461736,0.462309,0.462817,0.462942,0.463116,0.464547,0.466131,0.467010,0.467907,0.468667,0.468884,0.469952,0.470382,0.471763,0.473309,0.474635,0.475037,0.476647,0.477981,0.479032,0.479295,0.479731,0.482286,0.482420,0.483176,0.483322,0.484491,0.485439,0.485705,0.486269,0.486852,0.488398,0.488796,0.488933,0.489596,0.489875,0.490360,0.490770,0.492263,0.495140,0.495929,0.496078,0.497335,0.498154,0.498741,0.498775,0.498822,0.498882,0.499050,0.499618,0.501621,0.502826,0.502968
0.227696,0.000000,0.320929,0.233737,0.399600,0.348827,0.334010,0.486203,0.418341,0.489759,0.401716,0.260694,0.453661,0.371781,0.373951,0.404189,0.315017,0.223561,0.305784,0.266165,0.381068,0.325063,0.334865,0.345246,0.321634,0.353685,0.305216,0.509521,0.316518,0.462632,0.364662,0.474613,0.385096,0.370002,0.400879,0.369095,0.491586,0.393022,0.321357,0.508079,0.388481,0.317092,0.428635,0.344449,0.339854,0.442413,0.326983,0.396268,0.331773,0.462001,0.391071,0.465873,0.336320,0.416589,0.429497,0.422064,0.482413,0.420216,0.320314,0.339240,0.436747,0.371820,0.464476,0.357276,0.567199,0.460722,0.324606,0.356727,0.443159,0.384077,0.525938,0.397006,0.455768,0.421657,0.392184,0.569650,0.323906,0.490212,0.466993,0.350703,0.552264,0.478797,0.566573,0.492339,0.521931,0.459164,0.508350,0.491321,0.441860,0.441229,0.492744,0.389068,0.455289,0.466953,0.446169,0.369352,0.441334,0.358980,0.451465,0.487613,0.523590
0.240887,0.320929,0.000000,0.229465,0.466992,0.327873,0.272732,0.371957,0.446646,0.373594,0.537729,0.358080,0.531088,0.420416,0.398858,0.520288,0.413596,0.391268,0.388374,0.390496,0.558805,0.444051,0.416780,0.426277,0.452869,0.417499,0.410792,0.414353,0.429378,0.597821,0.390288,0.615326,0.619654,0.395956,0.544322,0.586786,0.641148,0.663696,0.402730,0.604446,0.648984,0.406448,0.583696,0.420943,0.420555,0.483669,0.430524,0.442783,0.368812,0.613795,0.453615,0.557705,0.547865,0.663274,0.641155,0.520659,0.542552,0.562125,0.441454,0.393938,0.561752,0.453166,0.501136,0.432455,0.592900,0.487914,0.441463,0.457774,0.677771,0.592513,0.618417,0.480578,0.587401,0.524282,0.486037,0.482927,0.430155,0.681680,0.623461,0.519570,0.627490,0.528305,0.451290,0.668020,0.505578,0.682306,0.619335,0.670544,0.512002,0.421041,0.559870,0.485319,0.483576,0.504135,0.589617,0.495757,0.509077,0.443657,0.568058,0.507055,0.532283
0.273969,0.233737,0.229465,0.000000,0.411170,0.345906,0.172314,0.460212,0.381373,0.474374,0.455161,0.235577,0.512246,0.353758,0.354371,0.476221,0.279035,0.245397,0.278206,0.257495,0.445982,0.334175,0.307347,0.322648,0.363882,0.349881,0.315440,0.535415,0.300497,0.514414,0.293024,0.556886,0.446948,0.311919,0.473241,0.451992,0.579260,0.521230,0.296191,0.561132,0.488399,0.342109,0.464791,0.315770,0.308529,0.456677,0.318405,0.343310,0.259348,0.590363,0.363546,0.490746,0.419400,0.592119,0.476109,0.481089,0.491136,0.502654,0.297196,0.298663,0.445763,0.356945,0.502539,0.300944,0.622086,0.447989,0.297285,0.329072,0.526990,0.462179,0.563934,0.406882,0.441381,0.529163,0.375992,0.574023,0.334050,0.567787,0.545239,0.365692,0.538647,0.481672,0.508494,0.585718,0.491950,0.520007,0.590661,0.554459,0.400615,0.421934,0.498486,0.399680,0.408175,0.451734,0.464557,0.379054,0.404954,0.329871,0.427481,0.520433,0.518334
0.325341,0.399600,0.466992,0.411170,0.000000,0.519191,0.416684,0.550513,0.397353,0.540857,0.488613,0.493568,0.513744,0.565075,0.423009,0.516447,0.505512,0.534953,0.531447,0.533431,0.446036,0.568740,0.573410,0.531130,0.559713,0.537179,0.570745,0.619957,0.549079,0.471070,0.521289,0.559557,0.466477,0.548888,0.561478,0.426328,0.512873,0.492672,0.521175,0.529711,0.480730,0.471333,0.533751,0.513782,0.523050,0.626637,0.558971,0.613971,0.534154,0.605198,0.542703,0.514208,0.573603,0.496868,0.432389,0.602105,0.493825,0.494066,0.488983,0.523927,0.524432,0.586299,0.483556,0.488903,0.647144,0.618985,0.546679,0.496950,0.523372,0.500636,0.547745,0.686347,0.479508,0.478723,0.616351,0.659878,0.528762,0.540655,0.586750,0.527227,0.490052,0.631325,0.708535,0.543409,0.742542,0.487471,0.590106,0.541028,0.501860,0.538512,0.620678,0.567360,0.676153,0.668853,0.545215,0.599522,0.523745,0.601886,0.547925,0.584012,0.571149
0.334175,0.348827,0.327873,0.345906,0.519191,0.000000,0.344674,0.427075,0.520644,0.385036,0.578502,0.415549,0.601165,0.473992,0.461901,0.552623,0.396472,0.420126,0.454415,0.411991,0.600959,0.423255,0.362404,0.412812,0.458718,0.426857,0.448512,0.452321,0.474485,0.611851,0.376035,0.599791,0.603872,0.449912,0.563866,0.587948,0.667873,0.617492,0.440427,0.641078,0.620218,0.444756,0.594456,0.492161,0.478373,0.513553,0.461952,0.508881,0.500675,0.627889,0.432365,0.493221,0.569858,0.640367,0.603176,0.548763,0.610833,0.590045,0.453819,0.514736,0.598479,0.528904,0.527578,0.471522,0.594574,0.403770,0.496530,0.475480,0.618858,0.577445,0.656742,0.525427,0.553904,0.500787,0.484018,0.356773,0.512690,0.637118,0.662415,0.606015,0.645726,0.460538,0.347833,0.578293,0.547021,0.633454,0.653395,0.660535,0.564744,0.419340,0.599953,0.551433,0.472506,0.537874,0.585351,0.536587,0.442703,0.507944,0.549149,0.467282,0.471797
0.343115,0.334010,0.272732,0.172314,0.416684,0.344674,0.000000,0.508430,0.459335,0.511836,0.608151,0.257530,0.556986,0.374188,0.419927,0.528653,0.312523,0.260707,0.274960,0.303369,0.526075,0.350703,0.284045,0.315523,0.382538,0.414226,0.308907,0.538231,0.292577,0.661996,0.349972,0.660040,0.640573,0.343639,0.513358,0.543472,0.648350,0.665683,0.278710,0.614510,0.659997,0.332749,0.580699,0.343838,0.337339,0.502607,0.331810,0.344153,0.324082,0.666426,0.334057,0.574810,0.531661,0.701131,0.592399,0.502261,0.532177,0.628752,0.285907,0.330645,0.589098,0.381528,0.521224,0.341619,0.672746,0.386130,0.327355,0.326804,0.685171,0.585919,0.628734,0.437652,0.474247,0.528285,0.406277,0.571237,0.381256,0.645384,0.681643,0.400747,0.656343,0.457613,0.476342,0.657987,0.523902,0.618659,0.698194,0.716120,0.451851,0.376991,0.623487,0.520201,0.430385,0.474699,0.613496,0.361438,0.465234,0.304777,0.498331,0.544585,0.499793
0.371617,0.486203,0.371957,0.460212,0.550513,0.427075,0.508430,0.000000,0.524343,0.234362,0.616599,0.665340,0.624904,0.581143,0.484224,0.631586,0.599121,0.632575,0.655765,0.668125,0.704997,0.637018,0.662764,0.631351,0.630248,0.621272,0.642819,0.170093,0.636763,0.669507,0.547987,0.707285,0.681490,0.654573,0.704128,0.698587,0.719056,0.723224,0.692228,0.672400,0.697475,0.612796,0.694781,0.709511,0.609601,0.556665,0.678337,0.704634,0.673533,0.640251,0.590981,0.630620,0.687568,0.717133,0.730616,0.655605,0.667797,0.739169,0.716806,0.711603,0.663525,0.670222,0.549451,0.633898,0.598241,0.574983,0.740271,0.673238,0.761519,0.670013,0.721187,0.663187,0.726177,0.503220,0.653927,0.407707,0.725524,0.676898,0.672122,0.727427,0.613033,0.596198,0.493338,0.675104,0.619099,0.718746,0.706968,0.764078,0.701108,0.546836,0.708623,0.760455,0.630652,0.709289,0.709111,0.717293,0.633464,0.711857,0.570657,0.460675,0.583556
0.375719,0.418341,0.446646,0.381373,0.397353,0.520644,0.459335,0.524343,0.000000,0.483955,0.524779,0.518482,0.535453,0.564678,0.272114,0.572791,0.434930,0.506190,0.508280,0.482641,0.499716,0.560068,0.528566,0.510395,0.516467,0.464960,0.515481,0.599609,0.538517,0.506378,0.488477,0.522128,0.458455,0.515298,0.550762,0.464136,0.604009,0.464987,0.489477,0.576986,0.454918,0.461291,0.467505,0.457662,0.437158,0.606567,0.566677,0.557934,0.455082,0.596784,0.502501,0.530582,0.498751,0.575643,0.446511,0.615209,0.277660,0.522484,0.498643,0.496734,0.486976,0.569244,0.367605,0.484971,0.597190,0.563098,0.536414,0.476153,0.535601,0.412171,0.579328,0.581859,0.517663,0.504568,0.582304,0.707688,0.490252,0.557106,0.590404,0.577744,0.428590,0.563662,0.656414,0.571503,0.686341,0.547801,0.613778,0.553697,0.524729,0.411109,0.595075,0.537263,0.650136,0.635697,0.473656,0.535891,0.427995,0.571859,0.281706,0.532275,0.598161
0.384136,0.489759,0.373594,0.474374,0.540857,0.385036,0.511836,0.234362,0.483955,0.000000,0.614731,0.630922,0.626726,0.580150,0.401889,0.667524,0.562685,0.594796,0.599407,0.600464,0.700411,0.630889,0.633293,0.630323,0.640053,0.587777,0.635970,0.271435,0.599179,0.657936,0.543759,0.712221,0.675433,0.650556,0.651959,0.703183,0.754418,0.683379,0.642538,0.649702,0.672653,0.593780,0.620013,0.678616,0.548019,0.570412,0.643652,0.628068,0.664372,0.563249,0.568083,0.553588,0.687408,0.710572,0.693878,0.658326,0.597110,0.719749,0.675380,0.673555,0.621814,0.659204,0.512156,0.641410,0.514865,0.462029,0.693870,0.642054,0.741072,0.698746,0.655962,0.629439,0.739002,0.507332,0.648133,0.399973,0.677164,0.627185,0.611011,0.702006,0.587922,0.496568,0.467205,0.626611,0.606662,0.714773,0.736069,0.741556,0.724165,0.527983,0.670536,0.702638,0.639076,0.626013,0.616779,0.659268,0.574754,0.680400,0.577815,0.482137,0.619968
0.386388,0.401716,0.537729,0.455161,0.488613,0.578502,0.608151,0.616599,0.524779,0.614731,0.000000,0.542966,0.086215,0.571254,0.585452,0.338345,0.579668,0.552863,0.560536,0.501598,0.340507,0.579273,0.566823,0.624874,0.631172,0.593272,0.625106,0.721428,0.633899,0.355066,0.577454,0.373327,0.267642,0.598624,0.425671,0.268155,0.330684,0.325991,0.567606,0.164161,0.295790,0.524243,0.360654,0.578024,0.601874,0.511959,0.535144,0.615990,0.568085,0.359542,0.446728,0.383066,0.392127,0.364191,0.367442,0.664099,0.660705,0.320124,0.571923,0.592455,0.336357,0.653010,0.611280,0.612146,0.426306,0.540577,0.558050,0.645710,0.291887,0.468059,0.410880,0.627357,0.596922,0.525185,0.611622,0.735485,0.536597,0.295970,0.320466,0.473421,0.320824,0.558810,0.610946,0.351967,0.637169,0.277050,0.456899,0.388798,0.582039,0.666491,0.504353,0.463465,0.648320,0.463947,0.420420,0.617797,0.572543,0.587852,0.637798,0.729884,0.674268
0.389099,0.260694,0.358080,0.235577,0.493568,0.415549,0.257530,0.665340,0.518482,0.630922,0.542966,0.000000,0.558738,0.309048,0.480570,0.487040,0.211986,0.136104,0.101127,0.132207,0.439806,0.289155,0.193005,0.245126,0.305110,0.291040,0.251671,0.657335,0.243372,0.616494,0.272121,0.626341,0.510990,0.248156,0.436549,0.408248,0.623170,0.517441,0.210146,0.602725,0.519611,0.239406,0.486055,0.216225,0.211585,0.437708,0.128152,0.272495,0.201936,0.661233,0.400672,0.518847,0.456714,0.611219,0.503594,0.503604,0.484782,0.498903,0.204446,0.199101,0.492967,0.349268,0.513734,0.252427,0.708893,0.445324,0.149656,0.243635,0.591574,0.425836,0.571291,0.355705,0.451384,0.520093,0.332040,0.608092,0.216407,0.641239,0.578242,0.297278,0.674473,0.492804,0.553113,0.651475,0.478937,0.565611,0.660656,0.628048,0.364939,0.448287,0.510867,0.383408,0.385487,0.424853,0.462316,0.267242,0.395044,0.160718,0.500925,0.587881,0.507738
0.395152,0.453661,0.531088,0.512246,0.513744,0.601165,0.556986,0.624904,0.535453,0.626726,0.086215,0.558738,0.000000,0.570001,0.602570,0.328140,0.590393,0.559757,0.565151,0.539293,0.373382,0.580651,0.568824,0.629663,0.631764,0.615971,0.618654,0.719728,0.642732,0.405693,0.597808,0.394962,0.373766,0.612613,0.421906,0.311395,0.339533,0.396489,0.557937,0.155779,0.365211,0.526132,0.391884,0.593000,0.623549,0.536853,0.562328,0.625221,0.618080,0.388852,0.415461,0.444874,0.406404,0.429794,0.434311,0.685680,0.676664,0.385755,0.579582,0.622849,0.410740,0.634555,0.643206,0.663579,0.439556,0.518606,0.590059,0.641428,0.363080,0.529491,0.417649,0.629010,0.576369,0.533491,0.618653,0.728507,0.575501,0.319766,0.371997,0.481283,0.330178,0.539903,0.585619,0.391727,0.638257,0.313022,0.482968,0.431078,0.620544,0.645088,0.533173,0.542933,0.658388,0.450123,0.482001,0.639040,0.630224,0.577490,0.642938,0.735279,0.670906
0.395474,0.371781,0.420416,0.353758,0.565075,0.473992,0.374188,0.581143,0.564678,0.580150,0.571254,0.309048,0.570001,0.000000,0.524291,0.496127,0.331581,0.351380,0.209757,0.321957,0.522936,0.376471,0.354101,0.299831,0.442164,0.419397,0.355681,0.628683,0.294558,0.664081,0.364285,0.623499,0.586258,0.369867,0.520193,0.528777,0.632402,0.583270,0.391082,0.588871,0.607257,0.345595,0.586021,0.413843,0.164879,0.386790,0.279772,0.308260,0.386909,0.667440,0.425082,0.555267,0.548394,0.646147,0.612949,0.532634,0.528996,0.570883,0.393576,0.380959,0.582222,0.408560,0.507709,0.356348,0.672126,0.458426,0.362759,0.384795,0.680633,0.497363,0.623129,0.334317,0.519047,0.554027,0.352154,0.590070,0.389873,0.671687,0.573641,0.441153,0.672092,0.459397,0.442551,0.638670,0.379898,0.609714,0.675886,0.652437,0.438754,0.498311,0.574480,0.493448,0.327989,0.432523,0.574358,0.331052,0.494731,0.306876,0.504023,0.562389,0.476070
0.397176,0.373951,0.398858,0.354371,0.423009,0.461901,0.419927,0.484224,0.272114,0.401889,0.585452,0.480570,0.602570,0.524291,0.000000,0.612457,0.417035,0.435960,0.507340,0.482842,0.604962,0.483810,0.492689,0.467390,0.444011,0.454687,0.467828,0.546826,0.478989,0.583999,0.449315,0.657823,0.555355,0.458453,0.635472,0.544277,0.667605,0.560772,0.483158,0.656093,0.559823,0.447171,0.533806,0.495725,0.390191,0.635701,0.575609,0.480863,0.458057,0.567966,0.456743,0.581044,0.484950,0.618357,0.567962,0.570792,0.405740,0.573980,0.476568,0.507138,0.530279,0.480986,0.412006,0.412246,0.599880,0.510508,0.562394,0.430967,0.596202,0.511971,0.607869,0.544637,0.545935,0.506673,0.529024,0.642441,0.486378,0.581721,0.601664,0.541987,0.497615,0.550518,0.614673,0.609307,0.684295,0.627641,0.695136,0.637063,0.474472,0.412562,0.701435,0.566039,0.594878,0.645025,0.510809,0.480970,0.443207,0.556112,0.345368,0.508409,0.585422
0.399501,0.404189,0.520288,0.476221,0.516447,0.552623,0.528653,0.631586,0.572791,0.667524,0.338345,0.487040,0.328140,0.496127,0.612457,0.000000,0.508459,0.519151,0.470034,0.479360,0.364054,0.527176,0.510397,0.561109,0.569947,0.579163,0.588475,0.712144,0.567295,0.373941,0.595338,0.342882,0.411118,0.584221,0.449951,0.313988,0.411099,0.462581,0.495643,0.413112,0.431469,0.437121,0.448676,0.554600,0.553218,0.503785,0.486675,0.555784,0.564390,0.431555,0.420111,0.477040,0.340370,0.465515,0.469125,0.667376,0.613004,0.420250,0.511203,0.558260,0.446613,0.562352,0.678804,0.551245,0.432661,0.490335,0.528887,0.548365,0.427817,0.524890,0.361408,0.640226,0.511913,0.571523,0.586328,0.737066,0.543189,0.400418,0.435834,0.384438,0.461280,0.487881,0.619306,0.364106,0.557958,0.429219,0.461537,0.479927,0.533485,0.669956,0.493345,0.453122,0.609810,0.437016,0.520286,0.546236,0.620196,0.465188,0.651754,0.718263,0.623488
0.414922,0.315017,0.413596,0.279035,0.505512,0.396472,0.312523,0.599121,0.434930,0.562685,0.579668,0.211986,0.590393,0.331581,0.417035,0.508459,0.000000,0.202916,0.208157,0.240781,0.498563,0.289317,0.160105,0.123301,0.353127,0.396321,0.247977,0.624995,0.255224,0.618569,0.325549,0.583881,0.536974,0.266292,0.509455,0.455138,0.687672,0.562763,0.231803,0.642612,0.556888,0.269522,0.488278,0.288393,0.257745,0.489369,0.286899,0.307979,0.270717,0.621820,0.330107,0.474120,0.437063,0.623875,0.524452,0.564858,0.454208,0.510001,0.241656,0.275659,0.478988,0.227467,0.457014,0.257509,0.661360,0.416749,0.206938,0.268951,0.628060,0.485759,0.625491,0.426740,0.470824,0.466555,0.290132,0.628952,0.315056,0.640849,0.578786,0.345335,0.588472,0.470395,0.499141,0.670243,0.458232,0.603080,0.687420,0.615031,0.385584,0.436918,0.506013,0.429233,0.371520,0.402151,0.464049,0.325310,0.352888,0.254137,0.410486,0.552205,0.372562
0.418310,0.223561,0.391268,0.245397,0.534953,0.420126,0.260707,0.632575,0.506190,0.594796,0.552863,0.136104,0.559757,0.351380,0.435960,0.519151,0.202916,0.000000,0.162814,0.159213,0.498166,0.264431,0.253586,0.247997,0.241793,0.367154,0.161021,0.632997,0.213163,0.635691,0.338597,0.641654,0.535245,0.243763,0.465183,0.422460,0.652568,0.553475,0.222585,0.596272,0.555565,0.277344,0.525573,0.258568,0.220712,0.451888,0.203806,0.263490,0.234139,0.608086,0.399098,0.563189,0.456758,0.619951,0.523757,0.478286,0.475729,0.547150,0.220626,0.240365,0.515236,0.311284,0.502261,0.271914,0.699809,0.431533,0.125759,0.265603,0.598389,0.455548,0.599199,0.337621,0.474516,0.481824,0.304769,0.605450,0.270387,0.604610,0.577052,0.295018,0.655905,0.481385,0.576455,0.651585,0.507598,0.572778,0.688686,0.657834,0.403041,0.443762,0.567326,0.414277,0.369475,0.439486,0.495973,0.271097,0.415771,0.209997,0.464117,0.582411,0.575931
0.421929,0.305784,0.388374,0.278206,0.531447,0.454415,0.274960,0.655765,0.508280,0.599407,0.560536,0.101127,0.565151,0.209757,0.507340,0.470034,0.208157,0.162814,0.000000,0.135489,0.422388,0.329035,0.195612,0.244125,0.375014,0.308687,0.270577,0.665330,0.233829,0.618353,0.296336,0.578905,0.521817,0.283497,0.417243,0.420394,0.643837,0.524110,0.226095,0.607048,0.538090,0.210072,0.494360,0.250462,0.151775,0.363938,0.103603,0.252437,0.234377,0.653909,0.409742,0.483516,0.505219,0.619971,0.500681,0.572877,0.443943,0.537053,0.226218,0.237065,0.504976,0.393131,0.485942,0.266596,0.671337,0.389780,0.143638,0.261730,0.629224,0.432355,0.609950,0.340996,0.470025,0.511223,0.351784,0.655726,0.230643,0.627373,0.550316,0.301455,0.655358,0.436543,0.502569,0.615661,0.430985,0.597449,0.670673,0.650160,0.382743,0.438253,0.492718,0.404856,0.395357,0.373298,0.467165,0.256210,0.389018,0.149153,0.482950,0.593649,0.458331
0.423789,0.266165,0.390496,0.257495,0.533431,0.411991,0.303369,0.668125,0.482641,0.600464,0.501598,0.132207,0.539293,0.321957,0.482842,0.479360,0.240781,0.159213,0.135489,0.000000,0.409756,0.322015,0.251662,0.265428,0.318165,0.273738,0.248847,0.676221,0.255179,0.556833,0.268601,0.546575,0.460566,0.284888,0.406807,0.382980,0.637132,0.465224,0.208435,0.594125,0.484131,0.280314,0.467314,0.221649,0.240880,0.432976,0.177078,0.292610,0.215430,0.624017,0.413382,0.460099,0.439293,0.586689,0.423443,0.523672,0.451059,0.455125,0.211961,0.215397,0.475436,0.387829,0.541618,0.272939,0.679062,0.403382,0.123367,0.259044,0.549506,0.390572,0.593503,0.367564,0.443155,0.526819,0.357389,0.659379,0.227313,0.605812,0.527166,0.320671,0.611491,0.476914,0.526001,0.584952,0.484076,0.559009,0.632812,0.641243,0.384348,0.452961,0.493759,0.307233,0.395373,0.386692,0.409623,0.303817,0.371097,0.198597,0.492547,0.586514,0.540756
0.426063,0.381068,0.558805,0.445982,0.446036,0.600959,0.526075,0.704997,0.499716,0.700411,0.340507,0.439806,0.373382,0.522936,0.604962,0.364054,0.498563,0.498166,0.422388,0.409756,0.000000,0.586365,0.501147,0.562454,0.618517,0.462215,0.594493,0.740429,0.565027,0.360459,0.508324,0.337775,0.318432,0.539522,0.400068,0.287043,0.376862,0.354997,0.511364,0.406573,0.313964,0.402652,0.404650,0.470969,0.504120,0.507199,0.451546,0.542888,0.504074,0.518935,0.487673,0.398542,0.419935,0.396485,0.311787,0.677121,0.529781,0.364657,0.505459,0.495646,0.398181,0.635953,0.547303,0.574623,0.550980,0.570968,0.456215,0.561525,0.359293,0.420754,0.436484,0.597997,0.468589,0.500579,0.635802,0.740578,0.423110,0.402918,0.419346,0.421572,0.450151,0.557117,0.718171,0.413030,0.646417,0.369671,0.383157,0.391841,0.508457,0.596584,0.465332,0.438250,0.680709,0.482866,0.430581,0.558285,0.548724,0.498401,0.604014,0.690935,0.607034
0.432626,0.325063,0.444051,0.334175,0.568740,0.423255,0.350703,0.637018,0.560068,0.630889,0.579273,0.289155,0.580651,0.376471,0.483810,0.527176,0.289317,0.264431,0.329035,0.322015,0.586365,0.000000,0.323007,0.294839,0.360731,0.460227,0.161062,0.662722,0.286204,0.716380,0.401470,0.669308,0.597986,0.366590,0.579247,0.490852,0.669619,0.611449,0.354122,0.603892,0.614721,0.366861,0.589525,0.435958,0.338602,0.548836,0.344585,0.272073,0.398118,0.624872,0.368583,0.619298,0.425008,0.635845,0.597043,0.432118,0.584717,0.551259,0.365417,0.392400,0.585240,0.189670,0.553661,0.334566,0.652931,0.454526,0.329974,0.332753,0.659022,0.572808,0.668705,0.402500,0.507890,0.556088,0.217574,0.639311,0.413802,0.598500,0.595537,0.350798,0.670179,0.490678,0.496090,0.644958,0.441934,0.615744,0.757616,0.676719,0.452088,0.539123,0.653659,0.483875,0.285438,0.497953,0.607390,0.355949,0.482583,0.289173,0.495321,0.613401,0.539826
0.433605,0.334865,0.416780,0.307347,0.573410,0.362404,0.284045,0.662764,0.528566,0.633293,0.566823,0.193005,0.568824,0.354101,0.492689,0.510397,0.160105,0.253586,0.195612,0.251662,0.501147,0.323007,0.000000,0.204185,0.373621,0.372646,0.294286,0.688439,0.288064,0.630308,0.311876,0.576411,0.521536,0.265066,0.500073,0.469420,0.621698,0.550562,0.215957,0.618861,0.550260,0.287908,0.466760,0.283726,0.286378,0.504820,0.262295,0.307874,0.269556,0.628756,0.290007,0.466948,0.442945,0.605265,0.538326,0.589540,0.525737,0.517825,0.230266,0.264006,0.462266,0.321136,0.512242,0.237303,0.657004,0.419362,0.248734,0.236504,0.641314,0.494325,0.626239,0.468527,0.412318,0.556221,0.335416,0.684207,0.297282,0.631321,0.614719,0.316375,0.649224,0.440157,0.474754,0.615314,0.470911,0.593778,0.651486,0.640554,0.335888,0.446286,0.513159,0.435038,0.408148,0.401384,0.477732,0.335960,0.338547,0.229377,0.495454,0.643997,0.377262
0.435338,0.345246,0.426277,0.322648,0.531130,0.412812,0.315523,0.631351,0.510395,0.630323,0.624874,0.245126,0.629663,0.299831,0.467390,0.561109,0.123301,0.247997,0.244125,0.265428,0.562454,0.294839,0.204185,0.000000,0.357770,0.408670,0.239513,0.637138,0.221208,0.677935,0.356450,0.659522,0.606566,0.246041,0.574667,0.501833,0.714853,0.628206,0.263160,0.682062,0.631952,0.276190,0.616053,0.325311,0.265801,0.507241,0.305651,0.279491,0.296954,0.704432,0.378814,0.579314,0.491391,0.645179,0.574686,0.554485,0.509191,0.563686,0.266542,0.293579,0.604181,0.270826,0.501414,0.247841,0.748742,0.475116,0.239802,0.257917,0.687270,0.528283,0.669223,0.410306,0.443412,0.498741,0.289733,0.640929,0.343743,0.731095,0.644539,0.404391,0.655736,0.519069,0.512598,0.733506,0.468656,0.630216,0.711727,0.703367,0.377289,0.442935,0.618974,0.444160,0.342658,0.494755,0.584148,0.318522,0.388671,0.262372,0.461328,0.554726,0.438690
0.436949,0.321634,0.452869,0.363882,0.559713,0.458718,0.382538,0.630248,0.516467,0.640053,0.631172,0.305110,0.631764,0.442164,0.444011,0.569947,0.353127,0.241793,0.375014,0.318165,0.618517,0.360731,0.373621,0.357770,0.000000,0.506170,0.320383,0.632659,0.322382,0.680911,0.449322,0.706540,0.616614,0.332524,0.585308,0.537718,0.686528,0.610020,0.347148,0.682376,0.630833,0.451759,0.598398,0.374574,0.369768,0.532342,0.399021,0.384235,0.347808,0.683490,0.475000,0.648351,0.512966,0.709756,0.618598,0.502891,0.565631,0.566068,0.327788,0.333422,0.604540,0.385568,0.613222,0.370522,0.756156,0.563608,0.346369,0.364946,0.661967,0.542926,0.662489,0.502807,0.556170,0.598841,0.415126,0.625068,0.411619,0.664119,0.649291,0.443294,0.648087,0.603413,0.604916,0.722651,0.588666,0.647843,0.722373,0.671374,0.502719,0.542494,0.652409,0.492850,0.429774,0.584822,0.579007,0.406928,0.490879,0.377578,0.496574,0.553746,0.657686
0.439810,0.353685,0.417499,0.349881,0.537179,0.426857,0.414226,0.621272,0.464960,0.587777,0.593272,0.291040,0.615971,0.419397,0.454687,0.579163,0.396321,0.367154,0.308687,0.273738,0.462215,0.460227,0.372646,0.408670,0.506170,0.000000,0.457381,0.646647,0.419225,0.596365,0.173349,0.589069,0.482277,0.409876,0.521446,0.525632,0.624388,0.471304,0.404062,0.662457,0.487041,0.373128,0.539879,0.385708,0.362401,0.493950,0.347567,0.449959,0.393303,0.676670,0.498583,0.539242,0.541991,0.577458,0.464928,0.590310,0.461562,0.563737,0.394441,0.386103,0.546900,0.544625,0.519497,0.444598,0.719253,0.521310,0.366837,0.439845,0.586488,0.470618,0.640504,0.462044,0.493018,0.559858,0.550422,0.593268,0.365552,0.666093,0.646038,0.493792,0.625181,0.532541,0.579607,0.627655,0.515871,0.602093,0.598642,0.623384,0.463183,0.465527,0.547025,0.496138,0.541198,0.540928,0.481685,0.431013,0.427056,0.387631,0.505509,0.569370,0.596478
0.441323,0.305216,0.410792,0.315440,0.570745,0.448512,0.308907,0.642819,0.515481,0.635970,0.625106,0.251671,0.618654,0.355681,0.467828,0.588475,0.247977,0.161021,0.270577,0.248847,0.594493,0.161062,0.294286,0.239513,0.320383,0.457381,0.000000,0.654524,0.243985,0.705670,0.378024,0.690424,0.598027,0.272862,0.563353,0.490366,0.709254,0.620904,0.282406,0.647457,0.617813,0.310784,0.612576,0.361241,0.261079,0.549592,0.299648,0.299825,0.321954,0.667207,0.392761,0.620468,0.455133,0.677590,0.574649,0.436470,0.498443,0.553436,0.292239,0.317940,0.613500,0.201144,0.502869,0.307724,0.748396,0.504817,0.207970,0.299940,0.676834,0.523618,0.663692,0.364185,0.507325,0.494615,0.234318,0.632886,0.352666,0.678457,0.630241,0.346146,0.709305,0.566976,0.548128,0.725567,0.476632,0.649124,0.739120,0.716381,0.475280,0.482190,0.642024,0.479556,0.325617,0.503992,0.599012,0.353223,0.474781,0.270925,0.447756,0.553061,0.578933
0.442023,0.509521,0.414353,0.535415,0.619957,0.452321,0.538231,0.170093,0.599609,0.271435,0.721428,0.657335,0.719728,0.628683,0.546826,0.712144,0.624995,0.632997,0.665330,0.676221,0.740429,0.662722,0.688439,0.637138,0.632659,0.646647,0.654524,0.000000,0.635226,0.691419,0.617141,0.738246,0.760435,0.688291,0.729891,0.766856,0.793349,0.766263,0.704233,0.745311,0.749956,0.649792,0.732041,0.714387,0.646639,0.605205,0.697299,0.674400,0.707987,0.711848,0.674018,0.637465,0.741334,0.758565,0.772425,0.662674,0.694766,0.789867,0.732505,0.713852,0.736511,0.650170,0.585105,0.724747,0.641445,0.617624,0.731445,0.722743,0.812673,0.746036,0.807753,0.666714,0.798879,0.571421,0.663052,0.409667,0.735545,0.764194,0.750489,0.776457,0.747642,0.645010,0.545634,0.758441,0.658302,0.756334,0.748532,0.823032,0.807771,0.545832,0.729363,0.770262,0.677989,0.756366,0.730386,0.725557,0.662179,0.736394,0.666510,0.413015,0.639772
0.443567,0.316518,0.429378,0.300497,0.549079,0.474485,0.292577,0.636763,0.538517,0.599179,0.633899,0.243372,0.642732,0.294558,0.478989,0.567295,0.255224,0.213163,0.233829,0.255179,0.565027,0.286204,0.288064,0.221208,0.322382,0.419225,0.243985,0.635226,0.000000,0.689256,0.377387,0.675537,0.594345,0.301683,0.536950,0.529261,0.720258,0.628506,0.269264,0.671877,0.607743,0.363232,0.593302,0.310247,0.235661,0.543317,0.305191,0.252317,0.296576,0.681598,0.392532,0.613544,0.442921,0.633241,0.592481,0.497845,0.544615,0.584143,0.273456,0.291888,0.595842,0.282237,0.520382,0.293214,0.715625,0.465115,0.230339,0.283494,0.681571,0.563706,0.696691,0.390458,0.458825,0.533567,0.328476,0.627051,0.360475,0.673113,0.642765,0.344753,0.685971,0.531597,0.553918,0.676779,0.444108,0.639958,0.742091,0.671642,0.404785,0.498924,0.644606,0.486157,0.311737,0.497761,0.581757,0.239587,0.450330,0.273188,0.500184,0.600476,0.545745
0.444189,0.462632,0.597821,0.514414,0.471070,0.611851,0.661996,0.669507,0.506378,0.657936,0.355066,0.616494,0.405693,0.664081,0.583999,0.373941,0.618569,0.635691,0.618353,0.556833,0.360459,0.716380,0.630308,0.677935,0.680911,0.596365,0.705670,0.691419,0.689256,0.000000,0.618889,0.297199,0.307496,0.637414,0.472252,0.351509,0.460931,0.376049,0.634869,0.490783,0.311927,0.559820,0.413732,0.599954,0.647367,0.612111,0.642767,0.676071,0.644741,0.428600,0.535013,0.404388,0.386268,0.358640,0.341198,0.698375,0.597614,0.335850,0.635645,0.653801,0.443244,0.666193,0.608570,0.691838,0.463463,0.617389,0.599968,0.680415,0.305980,0.510583,0.383828,0.741437,0.542790,0.521380,0.681934,0.750235,0.614461,0.409595,0.422049,0.531079,0.390749,0.603339,0.692596,0.325125,0.673629,0.404946,0.380886,0.331950,0.616857,0.671979,0.517481,0.465873,0.748528,0.584874,0.442715,0.684219,0.594469,0.651304,0.673141,0.670269,0.664846
0.444387,0.364662,0.390288,0.293024,0.521289,0.376035,0.349972,0.547987,0.488477,0.543759,0.577454,0.272121,0.597808,0.364285,0.449315,0.595338,0.325549,0.338597,0.296336,0.268601,0.508324,0.401470,0.311876,0.356450,0.449322,0.173349,0.378024,0.617141,0.377387,0.618889,0.000000,0.629559,0.476297,0.381073,0.499657,0.531085,0.668767,0.512518,0.347299,0.675341,0.498463,0.357041,0.534907,0.359286,0.301907,0.515149,0.328993,0.428461,0.348399,0.635338,0.429040,0.526086,0.540636,0.586475,0.513122,0.577525,0.499822,0.533908,0.345533,0.363442,0.522953,0.459665,0.542322,0.367098,0.704086,0.501431,0.333984,0.369897,0.611716,0.469047,0.629581,0.425322,0.458312,0.535065,0.433393,0.556723,0.353338,0.659631,0.602890,0.458224,0.603793,0.554930,0.498944,0.637138,0.448329,0.621290,0.633875,0.635168,0.414852,0.444250,0.571137,0.486017,0.454424,0.515625,0.501168,0.397032,0.390248,0.357431,0.508458,0.537554,0.506708
0.444525,0.474613,0.615326,0.556886,0.559557,0.599791,0.660040,0.707285,0.522128,0.712221,0.373327,0.626341,0.394962,0.623499,0.657823,0.342882,0.583881,0.641654,0.578905,0.546575,0.337775,0.669308,0.576411,0.659522,0.706540,0.589069,0.690424,0.738246,0.675537,0.297199,0.629559,0.000000,0.348248,0.658415,0.436814,0.402333,0.430744,0.378024,0.573164,0.445407,0.349842,0.583498,0.411243,0.597313,0.655692,0.534387,0.591123,0.657718,0.634070,0.426763,0.477980,0.310146,0.383580,0.428726,0.380105,0.725664,0.564581,0.394670,0.593187,0.650368,0.416080,0.684881,0.636531,0.672695,0.310661,0.552474,0.576069,0.656353,0.368968,0.543447,0.410236,0.691947,0.537992,0.617802,0.689196,0.768415,0.601017,0.406362,0.426928,0.524269,0.491153,0.547917,0.603849,0.315028,0.641231,0.411699,0.379255,0.409793,0.632266,0.689313,0.441387,0.526050,0.703367,0.511081,0.453252,0.670256,0.577471,0.641645,0.647296,0.739396,0.597132
0.446873,0.385096,0.619654,0.446948,0.466477,0.603872,0.640573,0.681490,0.458455,0.675433,0.267642,0.510990,0.373766,0.586258,0.555355,0.411118,0.536974,0.535245,0.521817,0.460566,0.318432,0.597986,0.521536,0.606566,0.616614,0.482277,0.598027,0.760435,0.594345,0.307496,0.476297,0.348248,0.000000,0.577465,0.473446,0.276959,0.459874,0.091956,0.527658,0.392455,0.038414,0.525886,0.263168,0.480677,0.557942,0.566983,0.544966,0.620401,0.487395,0.394634,0.480812,0.352470,0.360129,0.278968,0.220456,0.631527,0.558778,0.275067,0.518729,0.515210,0.249987,0.632538,0.586609,0.570512,0.517964,0.630822,0.512319,0.580265,0.221459,0.346588,0.423621,0.634914,0.465636,0.577717,0.631793,0.771589,0.481675,0.329859,0.382470,0.467461,0.358194,0.613789,0.686667,0.269264,0.638554,0.294155,0.442425,0.321540,0.502426,0.652949,0.479418,0.423393,0.681313,0.539005,0.298109,0.584894,0.494687,0.595643,0.605494,0.689851,0.665644
0.447691,0.370002,0.395956,0.311919,0.548888,0.449912,0.343639,0.654573,0.515298,0.650556,0.598624,0.248156,0.612613,0.369867,0.458453,0.584221,0.266292,0.243763,0.283497,0.284888,0.539522,0.366590,0.265066,0.246041,0.332524,0.409876,0.272862,0.688291,0.301683,0.637414,0.381073,0.658415,0.577465,0.000000,0.558594,0.479473,0.688627,0.588099,0.310312,0.642291,0.593873,0.294261,0.595674,0.348933,0.274722,0.535867,0.318562,0.355440,0.324553,0.732070,0.382924,0.546907,0.502497,0.668821,0.521506,0.548553,0.442346,0.534263,0.302764,0.319927,0.578995,0.341175,0.397678,0.352915,0.777813,0.584081,0.270172,0.366396,0.642156,0.489219,0.600426,0.411630,0.541461,0.418883,0.367072,0.593054,0.329441,0.705204,0.676699,0.426353,0.676932,0.599821,0.545062,0.740661,0.510896,0.634953,0.681529,0.656894,0.469752,0.422681,0.590972,0.469435,0.383132,0.500775,0.538980,0.371430,0.410043,0.336432,0.463600,0.575084,0.555386
0.447901,0.400879,0.544322,0.473241,0.561478,0.563866,0.513358,0.704128,0.550762,0.651959,0.425671,0.436549,0.421906,0.520193,0.635472,0.449951,0.509455,0.465183,0.417243,0.406807,0.400068,0.579247,0.500073,0.574667,0.585308,0.521446,0.563353,0.729891,0.536950,0.472252,0.499657,0.436814,0.473446,0.558594,0.000000,0.424719,0.589725,0.488010,0.447305,0.491884,0.457573,0.479451,0.409355,0.469265,0.496402,0.512027,0.460845,0.554604,0.499951,0.495040,0.467254,0.468662,0.499897,0.522864,0.453475,0.599499,0.524212,0.473380,0.468991,0.520924,0.436620,0.634425,0.544735,0.518313,0.595571,0.504388,0.461686,0.493929,0.533314,0.475357,0.484545,0.516387,0.528290,0.478914,0.604788,0.732170,0.467636,0.531889,0.445171,0.503120,0.550807,0.526502,0.623642,0.559374,0.610505,0.506812,0.551515,0.581667,0.558145,0.557098,0.394841,0.507300,0.626276,0.417831,0.443864,0.551845,0.443118,0.490944,0.620901,0.658107,0.602936
0.448758,0.369095,0.586786,0.451992,0.426328,0.587948,0.543472,0.698587,0.464136,0.703183,0.268155,0.408248,0.311395,0.528777,0.544277,0.313988,0.455138,0.422460,0.420394,0.382980,0.287043,0.490852,0.469420,0.501833,0.537718,0.525632,0.490366,0.766856,0.529261,0.351509,0.531085,0.402333,0.276959,0.479473,0.424719,0.000000,0.382530,0.323986,0.437374,0.330312,0.281490,0.383687,0.315302,0.425116,0.465154,0.523313,0.410278,0.532349,0.464052,0.463945,0.452264,0.422530,0.380024,0.384379,0.272809,0.616933,0.529545,0.265269,0.432405,0.449123,0.319321,0.547818,0.526107,0.494500,0.586093,0.599527,0.393068,0.478515,0.348369,0.357199,0.387599,0.560929,0.501824,0.463961,0.527332,0.802247,0.367740,0.410305,0.379214,0.368778,0.401250,0.592944,0.713078,0.412496,0.681575,0.304769,0.490318,0.462273,0.514478,0.592429,0.487234,0.371273,0.621188,0.455190,0.384981,0.505286,0.507815,0.440702,0.541996,0.673046,0.625307
0.449415,0.491586,0.641148,0.579260,0.512873,0.667873,0.648350,0.719056,0.604009,0.754418,0.330684,0.623170,0.339533,0.632402,0.667605,0.411099,0.687672,0.652568,0.643837,0.637132,0.376862,0.669619,0.621698,0.714853,0.686528,0.624388,0.709254,0.793349,0.720258,0.460931,0.668767,0.430744,0.459874,0.688627,0.589725,0.382530,0.000000,0.453319,0.694509,0.372279,0.459128,0.634472,0.501120,0.668939,0.712553,0.588659,0.631422,0.713693,0.692111,0.561352,0.623415,0.518117,0.543183,0.456297,0.469274,0.748020,0.723220,0.469765,0.684775,0.659256,0.507658,0.737786,0.753127,0.696202,0.612245,0.697108,0.667899,0.708759,0.456563,0.540251,0.477724,0.728791,0.559199,0.689247,0.709496,0.771324,0.641897,0.475274,0.548472,0.577755,0.549229,0.674267,0.776675,0.477233,0.718304,0.366196,0.397481,0.502004,0.603617,0.748732,0.524880,0.574446,0.715326,0.597333,0.586639,0.710837,0.722823,0.656194,0.709344,0.779579,0.709055
0.450539,0.393022,0.663696,0.521230,0.492672,0.617492,0.665683,0.723224,0.464987,0.683379,0.325991,0.517441,0.396489,0.583270,0.560772,0.462581,0.562763,0.553475,0.524110,0.465224,0.354997,0.611449,0.550562,0.628206,0.610020,0.471304,0.620904,0.766263,0.628506,0.376049,0.512518,0.378024,0.091956,0.588099,0.488010,0.323986,0.453319,0.000000,0.552955,0.380527,0.086111,0.545140,0.274509,0.510091,0.567492,0.586483,0.556334,0.639643,0.540095,0.425322,0.512140,0.344793,0.412708,0.342794,0.253384,0.641598,0.536501,0.333310,0.528492,0.545844,0.292009,0.671711,0.580337,0.596344,0.554229,0.642366,0.528949,0.589754,0.284115,0.335850,0.456369,0.659294,0.504839,0.609176,0.657130,0.742388,0.511730,0.337925,0.408544,0.529476,0.426333,0.624553,0.700796,0.321219,0.671808,0.320369,0.463347,0.356577,0.544008,0.647532,0.531567,0.449321,0.693707,0.579674,0.265146,0.590050,0.489689,0.611645,0.592327,0.686511,0.645496
0.451451,0.321357,0.402730,0.296191,0.521175,0.440427,0.278710,0.692228,0.489477,0.642538,0.567606,0.210146,0.557937,0.391082,0.483158,0.495643,0.231803,0.222585,0.226095,0.208435,0.511364,0.354122,0.215957,0.263160,0.347148,0.404062,0.282406,0.704233,0.269264,0.634869,0.347299,0.573164,0.527658,0.310312,0.447305,0.437374,0.694509,0.552955,0.000000,0.614069,0.540067,0.324615,0.420150,0.198385,0.292218,0.510279,0.268129,0.320611,0.207586,0.606263,0.317034,0.502274,0.400442,0.634868,0.508066,0.536833,0.426583,0.464774,0.034129,0.215498,0.445150,0.342568,0.493732,0.264986,0.669336,0.414979,0.214616,0.220985,0.616756,0.490251,0.588548,0.421952,0.414126,0.559635,0.388433,0.687148,0.252413,0.627690,0.562790,0.299458,0.624235,0.489158,0.532525,0.631475,0.551487,0.580091,0.693460,0.650133,0.361600,0.399984,0.501238,0.393746,0.427839,0.378102,0.434404,0.272601,0.327488,0.237093,0.474977,0.620466,0.524106
0.452204,0.508079,0.604446,0.561132,0.529711,0.641078,0.614510,0.672400,0.576986,0.649702,0.164161,0.602725,0.155779,0.588871,0.656093,0.413112,0.642612,0.596272,0.607048,0.594125,0.406573,0.603892,0.618861,0.682062,0.682376,0.662457,0.647457,0.745311,0.671877,0.490783,0.675341,0.445407,0.392455,0.642291,0.491884,0.330312,0.372279,0.380527,0.614069,0.000000,0.391571,0.583738,0.380184,0.600440,0.620446,0.554345,0.565159,0.596783,0.623014,0.418242,0.501460,0.440870,0.494760,0.448273,0.469189,0.648227,0.690562,0.437144,0.616571,0.603827,0.383981,0.707950,0.637736,0.657300,0.485686,0.581356,0.594120,0.661703,0.404939,0.552381,0.472228,0.641431,0.649809,0.580746,0.674104,0.722132,0.590923,0.354788,0.409596,0.513994,0.420118,0.580460,0.681844,0.446369,0.735716,0.308530,0.537573,0.485869,0.650907,0.716773,0.588871,0.589539,0.714185,0.488128,0.476366,0.644129,0.680641,0.629035,0.679838,0.751409,0.731170
0.453883,0.388481,0.648984,0.488399,0.480730,0.620218,0.659997,0.697475,0.454918,0.672653,0.295790,0.519611,0.365211,0.607257,0.559823,0.431469,0.556888,0.555565,0.538090,0.484131,0.313964,0.614721,0.550260,0.631952,0.630833,0.487041,0.617813,0.749956,0.607743,0.311927,0.498463,0.349842,0.038414,0.593873,0.457573,0.281490,0.459128,0.086111,0.540067,0.391571,0.000000,0.530103,0.252226,0.494400,0.574346,0.578446,0.565696,0.651780,0.539907,0.392282,0.486194,0.381208,0.359676,0.291946,0.215912,0.624559,0.570413,0.287711,0.541472,0.544302,0.284130,0.649180,0.592432,0.631799,0.531217,0.651595,0.534616,0.590356,0.228148,0.357925,0.433255,0.628806,0.476216,0.567670,0.658470,0.765739,0.499167,0.329409,0.386117,0.483489,0.348716,0.637655,0.709800,0.287935,0.659658,0.288593,0.446955,0.318742,0.561700,0.669109,0.492727,0.463017,0.703921,0.555612,0.307128,0.596369,0.536623,0.618948,0.615461,0.695402,0.679991
0.455548,0.317092,0.406448,0.342109,0.471333,0.444756,0.332749,0.612796,0.461291,0.593780,0.524243,0.239406,0.526132,0.345595,0.447171,0.437121,0.269522,0.277344,0.210072,0.280314,0.402652,0.366861,0.287908,0.276190,0.451759,0.373128,0.310784,0.649792,0.363232,0.559820,0.357041,0.583498,0.525886,0.294261,0.479451,0.383687,0.634472,0.545140,0.324615,0.583738,0.530103,0.000000,0.541704,0.360550,0.246333,0.460782,0.263903,0.376173,0.352986,0.601434,0.349324,0.492953,0.441735,0.548728,0.474229,0.573718,0.427603,0.503589,0.331693,0.352636,0.535352,0.368953,0.375980,0.349769,0.652092,0.462441,0.303608,0.340258,0.609195,0.427405,0.562299,0.462966,0.455294,0.322590,0.388765,0.606748,0.322979,0.603239,0.587797,0.310121,0.594159,0.485756,0.532785,0.601284,0.535705,0.565077,0.626307,0.660914,0.406018,0.343987,0.611137,0.438232,0.519484,0.475849,0.538381,0.361602,0.447635,0.267513,0.473486,0.529455,0.487164
0.456244,0.428635,0.583696,0.464791,0.533751,0.594456,0.580699,0.694781,0.467505,0.620013,0.360654,0.486055,0.391884,0.586021,0.533806,0.448676,0.488278,0.525573,0.494360,0.467314,0.404650,0.589525,0.466760,0.616053,0.598398,0.539879,0.612576,0.732041,0.593302,0.413732,0.534907,0.411243,0.263168,0.595674,0.409355,0.315302,0.501120,0.274509,0.420150,0.380184,0.252226,0.541704,0.000000,0.417647,0.554345,0.544385,0.505547,0.561164,0.463324,0.388295,0.406609,0.319585,0.415489,0.461027,0.381053,0.616384,0.499031,0.352934,0.441513,0.488609,0.052170,0.628603,0.529608,0.551439,0.431979,0.476781,0.502752,0.516993,0.395105,0.398739,0.409362,0.554328,0.555008,0.592825,0.603766,0.755452,0.436185,0.340325,0.368459,0.479624,0.408104,0.482831,0.669385,0.362181,0.668806,0.353233,0.549099,0.441063,0.564601,0.574367,0.401858,0.476850,0.693132,0.433724,0.114520,0.515153,0.417042,0.530805,0.592381,0.678675,0.631216
0.458016,0.344449,0.420943,0.315770,0.513782,0.492161,0.343838,0.709511,0.457662,0.678616,0.578024,0.216225,0.593000,0.413843,0.495725,0.554600,0.288393,0.258568,0.250462,0.221649,0.470969,0.435958,0.283726,0.325311,0.374574,0.385708,0.361241,0.714387,0.310247,0.599954,0.359286,0.597313,0.480677,0.348933,0.469265,0.425116,0.668939,0.510091,0.198385,0.600440,0.494400,0.360550,0.417647,0.000000,0.305538,0.498306,0.270232,0.352315,0.067242,0.635440,0.435828,0.528293,0.454757,0.611945,0.471640,0.548845,0.442094,0.451842,0.226274,0.080718,0.430221,0.451689,0.485791,0.259898,0.694097,0.488101,0.229382,0.225842,0.615521,0.424232,0.616764,0.450961,0.386923,0.573450,0.449354,0.756185,0.218476,0.674050,0.589275,0.388167,0.643505,0.575733,0.645271,0.646321,0.597142,0.561617,0.672239,0.593955,0.318549,0.431195,0.501521,0.344748,0.500459,0.463508,0.410619,0.323108,0.384254,0.312425,0.513825,0.613202,0.545865
