0.000000,0.410691,0.418525,0.435374,0.446498,0.468972,0.492788,0.495301,0.503001,0.503120,0.508451,0.509395,0.516960,0.517613,0.521978,0.523425,0.527240,0.527337,0.532570,0.532793,0.533209,0.534199,0.537885,0.538203,0.541499,0.542444,0.544188,0.545501,0.546153,0.546203,0.547040,0.547872,0.552964,0.553093,0.554188,0.554740,0.555956,0.555974,0.557265,0.558348,0.558350,0.558622,0.558771,0.558955,0.560250,0.560476,0.560871,0.563204,0.564964,0.565529,0.565740,0.566164,0.566754,0.570503,0.571159,0.572406,0.573173,0.573555,0.574478,0.574953,0.574956,0.575464,0.575662,0.576233,0.576363,0.576432,0.576682,0.577099,0.579284,0.579909,0.580957,0.581164,0.582131,0.582871,0.583043,0.583398,0.584039,0.584164,0.584660,0.585546,0.585813,0.585956,0.586115,0.586399,0.586656,0.588079,0.588584,0.589131,0.591271,0.591632,0.591898,0.591919,0.591960,0.592307,0.592425,0.593076,0.593420,0.595080,0.595639,0.596458,0.596524,0.596982,0.597079,0.597970,0.598119,0.598869,0.599728,0.599911,0.600125,0.600218,0.600354,0.601034,0.601040,0.601167,0.601594,0.602133,0.602270,0.602525,0.603030,0.603485,0.603533,0.603555,0.603599,0.604113,0.605524,0.605927,0.606131,0.606154,0.606368,0.606404,0.606424,0.606487,0.606904,0.607316,0.607733,0.608581,0.608835,0.608844,0.609038,0.609082,0.609315,0.609316,0.609355,0.609430,0.609862,0.609898,0.609898,0.610046,0.611234,0.611310,0.611798,0.611868,0.611993,0.612220,0.612584,0.612810,0.612854,0.613102,0.613122,0.613500,0.613775,0.613814,0.614144,0.614146,0.614315,0.614472,0.614780,0.615356,0.615533,0.615582,0.616080,0.616271,0.616468,0.616718,0.616736,0.616958,0.616985,0.617117,0.617197,0.617212,0.617215,0.617231,0.617424,0.617599,0.618059,0.618174,0.618317,0.618748,0.618907,0.619613,0.619962,0.620190,0.620196,0.620312,0.620472,0.620635,0.620785,0.620881,0.620881,0.621030,0.621073
0.410691,0.000000,0.551117,0.390976,0.485786,0.519777,0.474796,0.547143,0.428806,0.658048,0.488845,0.532271,0.499852,0.592726,0.589614,0.616036,0.538673,0.587592,0.784012,0.628270,0.627319,0.608331,0.535923,0.507628,0.613856,0.584834,0.623106,0.731716,0.658025,0.517122,0.758761,0.587488,0.519669,0.492626,0.493603,0.547382,0.610968,0.598566,0.425053,0.571227,0.548952,0.631113,0.601842,0.532041,0.518663,0.597971,0.585287,0.537879,0.774846,0.664350,0.668939,0.745251,0.513987,0.598417,0.599653,0.458534,0.584625,0.605070,0.567289,0.601282,0.649347,0.553099,0.520410,0.510906,0.825956,0.595572,0.473625,0.619932,0.623567,0.544502,0.573622,0.552345,0.613909,0.577702,0.642808,0.821405,0.641029,0.568903,0.610217,0.679810,0.641641,0.594920,0.580393,0.618620,0.507318,0.625802,0.731159,0.627316,0.812703,0.588455,0.616866,0.635981,0.679446,0.589750,0.515493,0.603882,0.590419,0.638136,0.672328,0.541109,0.567153,0.589506,0.644633,0.557076,0.658163,0.683303,0.647120,0.657899,0.539410,0.579662,0.572030,0.599550,0.594770,0.687606,0.576599,0.821106,0.551532,0.554592,0.668690,0.535853,0.642451,0.571544,0.798630,0.802442,0.665254,0.592673,0.654554,0.704564,0.598631,0.620139,0.734877,0.613733,0.681200,0.644117,0.682150,0.691059,0.559574,0.578969,0.513614,0.627901,0.639982,0.660625,0.823589,0.741874,0.516165,0.789776,0.675465,0.624123,0.806157,0.658180,0.716698,0.635238,0.574335,0.629950,0.656805,0.636030,0.639087,0.690353,0.621297,0.698323,0.619682,0.576483,0.624623,0.659673,0.565716,0.680996,0.615535,0.627331,0.639336,0.618656,0.650248,0.680703,0.692456,0.575548,0.749217,0.522401,0.600188,0.523644,0.654494,0.832267,0.542309,0.581980,0.593591,0.684831,0.651566,0.613084,0.585339,0.706095,0.789142,0.677979,0.723067,0.681011,0.689337,0.588741,0.792559,0.685237,0.678702,0.681339,0.704892,0.670758,0.682197
0.418525,0.551117,0.000000,0.530258,0.634406,0.647141,0.530764,0.644196,0.544183,0.540278,0.504991,0.598959,0.576198,0.657302,0.606126,0.655021,0.648530,0.594599,0.772490,0.649825,0.603948,0.663097,0.601712,0.580353,0.636038,0.613079,0.638401,0.747201,0.673991,0.629801,0.769334,0.631862,0.733379,0.661324,0.685501,0.577759,0.629497,0.642268,0.632325,0.639231,0.609329,0.679754,0.635893,0.640371,0.623066,0.755634,0.679290,0.580570,0.765345,0.635490,0.703643,0.733365,0.624149,0.659027,0.728288,0.618152,0.650114,0.673746,0.632442,0.596591,0.651748,0.680915,0.611076,0.658737,0.697467,0.597557,0.696530,0.668680,0.625792,0.599405,0.652570,0.627115,0.698239,0.685387,0.638863,0.784312,0.703004,0.698586,0.686732,0.695733,0.691734,0.635659,0.698572,0.624460,0.667275,0.696481,0.749426,0.637732,0.754177,0.665162,0.670759,0.668591,0.621952,0.636623,0.619692,0.706331,0.685281,0.667981,0.713528,0.706288,0.668384,0.671310,0.632799,0.668421,0.653113,0.667287,0.662215,0.576707,0.670305,0.370348,0.624711,0.710276,0.602647,0.688362,0.581977,0.784249,0.644723,0.653704,0.625477,0.707802,0.582986,0.635164,0.780479,0.746598,0.704360,0.665492,0.624565,0.711130,0.669872,0.757370,0.732734,0.663909,0.790839,0.679234,0.658356,0.646731,0.706364,0.644970,0.700029,0.738265,0.617390,0.656973,0.767725,0.610968,0.594802,0.734944,0.708882,0.654978,0.782362,0.679028,0.670033,0.732333,0.670213,0.718617,0.723443,0.555522,0.652142,0.595123,0.649456,0.729664,0.648936,0.759156,0.649403,0.672211,0.753691,0.698637,0.655163,0.682552,0.756333,0.673292,0.640096,0.618225,0.643892,0.708328,0.706161,0.673544,0.635982,0.677326,0.593055,0.817938,0.627514,0.683564,0.806694,0.721263,0.741933,0.707614,0.754286,0.650435,0.758499,0.677053,0.653654,0.694070,0.613531,0.592968,0.772432,0.685093,0.581923,0.762516,0.737849,0.667081,0.680998
0.435374,0.390976,0.530258,0.000000,0.417134,0.520580,0.425638,0.590140,0.483971,0.576456,0.576118,0.516702,0.460479,0.513842,0.584352,0.497469,0.537996,0.495712,0.846371,0.664353,0.518650,0.701342,0.616070,0.468857,0.565669,0.535789,0.517524,0.803768,0.589307,0.523080,0.815262,0.566956,0.555175,0.541965,0.643304,0.470274,0.589062,0.535207,0.464329,0.581974,0.567111,0.556932,0.586502,0.486626,0.407314,0.535068,0.520047,0.513941,0.852515,0.584037,0.685291,0.803755,0.388368,0.299648,0.639918,0.437396,0.572598,0.496691,0.581346,0.561734,0.529441,0.602446,0.609852,0.546467,0.762704,0.478157,0.498035,0.671392,0.593843,0.504981,0.645422,0.421537,0.524721,0.646483,0.628884,0.902070,0.619175,0.678145,0.422946,0.638475,0.543078,0.552196,0.579787,0.612021,0.637365,0.577321,0.666225,0.612673,0.847021,0.427928,0.598355,0.532576,0.631481,0.514817,0.521821,0.564844,0.699882,0.604863,0.690193,0.559402,0.597548,0.548143,0.560895,0.560204,0.514535,0.707266,0.544952,0.568610,0.630606,0.612608,0.399811,0.576361,0.519964,0.638031,0.572422,0.876445,0.566985,0.602939,0.668219,0.547302,0.566549,0.631538,0.847730,0.891387,0.655418,0.586777,0.677100,0.724839,0.677769,0.538763,0.787929,0.568022,0.654059,0.464080,0.695018,0.638263,0.748207,0.518509,0.507480,0.655221,0.678252,0.645963,0.933406,0.798810,0.401684,0.872566,0.621956,0.628857,0.841243,0.660581,0.733312,0.595719,0.644780,0.698511,0.652986,0.525684,0.588531,0.690237,0.517775,0.722997,0.509587,0.506228,0.567922,0.603851,0.567530,0.575457,0.642891,0.701849,0.545112,0.546324,0.690576,0.587653,0.564560,0.529689,0.750100,0.648364,0.441318,0.511639,0.503516,0.815031,0.451003,0.596640,0.743226,0.731628,0.554654,0.536114,0.572160,0.693027,0.825751,0.569276,0.764690,0.623001,0.562521,0.408974,0.869597,0.671949,0.581174,0.790266,0.797730,0.655851,0.581561
0.446498,0.485786,0.634406,0.417134,0.000000,0.658049,0.584474,0.544330,0.561194,0.597723,0.625297,0.553560,0.296015,0.321936,0.600813,0.594556,0.640611,0.670108,0.855655,0.658451,0.443307,0.760975,0.667012,0.596684,0.626576,0.648326,0.578266,0.769554,0.582106,0.518437,0.782048,0.471808,0.223544,0.661673,0.605769,0.606962,0.629706,0.623988,0.446944,0.580153,0.634286,0.651979,0.536246,0.605644,0.645982,0.244133,0.615819,0.476820,0.795431,0.735733,0.662447,0.670204,0.703481,0.624152,0.670664,0.704318,0.627097,0.594947,0.617348,0.669964,0.583429,0.661914,0.620370,0.654551,0.789538,0.637265,0.621356,0.681318,0.622361,0.661179,0.697274,0.612519,0.676886,0.609163,0.599667,0.854592,0.483443,0.715793,0.601712,0.570920,0.510615,0.694475,0.627590,0.708649,0.727457,0.593400,0.730976,0.628483,0.835617,0.591812,0.590897,0.504048,0.555614,0.647380,0.488454,0.621095,0.658423,0.620186,0.633135,0.565750,0.653126,0.650608,0.457445,0.736272,0.565570,0.734931,0.490051,0.650855,0.582735,0.677046,0.622445,0.636907,0.659488,0.629110,0.416283,0.836092,0.718366,0.685999,0.765618,0.536535,0.673247,0.699040,0.803117,0.890774,0.613509,0.589359,0.514614,0.720048,0.717434,0.587891,0.764193,0.697772,0.672615,0.582586,0.584584,0.621109,0.559782,0.618687,0.685519,0.648958,0.735323,0.657851,0.869048,0.716179,0.708086,0.844771,0.665623,0.583782,0.780364,0.554492,0.751295,0.510472,0.764799,0.525248,0.450799,0.562705,0.656904,0.641428,0.655765,0.587349,0.698521,0.686942,0.611100,0.684456,0.690874,0.711197,0.641550,0.674778,0.711603,0.671564,0.640158,0.694194,0.709044,0.600288,0.791116,0.407811,0.650838,0.583403,0.583694,0.850968,0.730054,0.753968,0.852257,0.584376,0.716082,0.589751,0.603113,0.661045,0.813718,0.716129,0.720763,0.632711,0.625180,0.515202,0.868490,0.588458,0.631424,0.749076,0.743886,0.631420,0.607171
0.468972,0.519777,0.647141,0.520580,0.658049,0.000000,0.482685,0.492577,0.536565,0.586929,0.581481,0.624507,0.549916,0.656783,0.440629,0.606833,0.395484,0.455683,0.786528,0.574895,0.590402,0.439538,0.573453,0.485978,0.617858,0.256164,0.381138,0.804641,0.364408,0.395106,0.784409,0.631987,0.705095,0.559928,0.643814,0.630935,0.341367,0.312566,0.589523,0.409478,0.570828,0.334478,0.561203,0.406415,0.619529,0.658186,0.658151,0.568122,0.726743,0.487480,0.695426,0.763545,0.494503,0.637117,0.448154,0.527385,0.472094,0.344410,0.670220,0.702364,0.445778,0.416037,0.667356,0.593616,0.708415,0.399883,0.602974,0.614474,0.626785,0.447102,0.677391,0.730351,0.526053,0.642290,0.622016,0.808733,0.652910,0.620062,0.557803,0.620542,0.683145,0.652685,0.437806,0.503697,0.586880,0.584287,0.696824,0.559986,0.816189,0.585212,0.498755,0.596305,0.646004,0.404819,0.559954,0.386750,0.693426,0.546298,0.655704,0.534882,0.639003,0.410260,0.695889,0.687321,0.508844,0.600950,0.628960,0.505661,0.678833,0.657892,0.575307,0.705135,0.581412,0.545777,0.670716,0.823987,0.619681,0.448238,0.694133,0.678310,0.484760,0.642382,0.748791,0.843778,0.642745,0.705557,0.740555,0.751613,0.673522,0.481522,0.710853,0.467567,0.563540,0.521942,0.762428,0.665114,0.741307,0.541466,0.608173,0.764066,0.753352,0.589918,0.883272,0.777285,0.605080,0.857907,0.613673,0.654241,0.782251,0.831010,0.773874,0.626287,0.649617,0.757127,0.757286,0.557901,0.615100,0.717328,0.545579,0.667663,0.485190,0.674669,0.599105,0.499749,0.614392,0.695720,0.734687,0.706130,0.283569,0.510244,0.660984,0.537816,0.527658,0.658416,0.649943,0.704993,0.612935,0.578711,0.617425,0.818961,0.598642,0.542957,0.786819,0.760233,0.444095,0.668417,0.604202,0.657547,0.783401,0.498399,0.698883,0.700735,0.524126,0.542664,0.778545,0.713791,0.645090,0.763104,0.791588,0.651576,0.625302
0.492788,0.474796,0.530764,0.425638,0.584474,0.482685,0.000000,0.537748,0.487916,0.536484,0.428776,0.701724,0.537167,0.627984,0.516973,0.463094,0.633268,0.531892,0.834586,0.531778,0.537736,0.643712,0.303668,0.437838,0.633489,0.497429,0.526209,0.790784,0.539981,0.523890,0.789884,0.643522,0.641574,0.457270,0.571958,0.535254,0.563164,0.492202,0.597081,0.613984,0.518516,0.483589,0.554335,0.546695,0.567331,0.599784,0.608649,0.570820,0.756891,0.491385,0.792121,0.787839,0.521754,0.664375,0.548154,0.564750,0.512630,0.596448,0.579427,0.675759,0.529359,0.533762,0.492334,0.497285,0.722750,0.537719,0.487888,0.546044,0.647901,0.467280,0.627428,0.579011,0.565626,0.664570,0.744211,0.801509,0.697481,0.569741,0.564926,0.707432,0.688100,0.615377,0.546506,0.526693,0.535332,0.628425,0.622500,0.652721,0.795862,0.489492,0.592126,0.535386,0.588050,0.516854,0.583631,0.561544,0.700605,0.567441,0.694842,0.616191,0.667700,0.497074,0.683499,0.647120,0.622481,0.724096,0.693909,0.543144,0.616989,0.631184,0.637558,0.595823,0.605327,0.607949,0.710788,0.839343,0.550976,0.531112,0.536701,0.637135,0.559060,0.512080,0.787908,0.835317,0.617618,0.624574,0.696176,0.743112,0.619628,0.543586,0.724032,0.546199,0.584134,0.565600,0.719741,0.739600,0.744897,0.484268,0.511360,0.678628,0.599879,0.613719,0.850200,0.731085,0.553631,0.866473,0.656416,0.728008,0.861332,0.712790,0.785276,0.593285,0.556473,0.712322,0.753320,0.520880,0.601080,0.582975,0.598180,0.676981,0.622468,0.696556,0.703089,0.636531,0.600040,0.695299,0.706869,0.613491,0.503042,0.593492,0.766634,0.584013,0.700575,0.577225,0.616911,0.623900,0.520496,0.567651,0.624324,0.797452,0.537665,0.617325,0.792523,0.692862,0.544117,0.634326,0.622891,0.751838,0.801390,0.619876,0.762500,0.641642,0.620991,0.519337,0.809781,0.723647,0.701206,0.679734,0.840055,0.757045,0.683927
0.495301,0.547143,0.644196,0.590140,0.544330,0.492577,0.537748,0.000000,0.520254,0.638993,0.628447,0.740001,0.505146,0.591804,0.579325,0.635160,0.580793,0.620587,0.798733,0.564499,0.552594,0.634449,0.590278,0.580528,0.701579,0.569960,0.549242,0.800553,0.604076,0.523367,0.782603,0.595329,0.587727,0.436777,0.636585,0.728753,0.568218,0.566923,0.560916,0.571549,0.581399,0.561804,0.575142,0.587769,0.619070,0.523190,0.757648,0.607365,0.688151,0.662009,0.647760,0.680122,0.679094,0.657868,0.583749,0.695997,0.620822,0.544694,0.670592,0.707527,0.605938,0.569485,0.593196,0.623379,0.749257,0.621512,0.501454,0.574402,0.645299,0.655645,0.574188,0.786877,0.685066,0.694351,0.625751,0.847179,0.675394,0.557177,0.614079,0.530605,0.698919,0.759268,0.565406,0.633905,0.663375,0.696019,0.772094,0.660827,0.762565,0.607506,0.619610,0.607457,0.666815,0.572546,0.542300,0.607513,0.667597,0.555145,0.650148,0.585717,0.593229,0.641799,0.642371,0.822427,0.593397,0.615805,0.623946,0.672298,0.616065,0.706093,0.756285,0.715489,0.756984,0.677200,0.730487,0.745622,0.706396,0.656815,0.737132,0.594737,0.619322,0.570198,0.769197,0.803442,0.655286,0.721962,0.706365,0.754559,0.654193,0.590364,0.733055,0.666415,0.659994,0.606113,0.679308,0.732456,0.614018,0.669919,0.602885,0.801424,0.768902,0.644343,0.830133,0.777673,0.718815,0.852305,0.622743,0.670439,0.763584,0.689725,0.824729,0.567227,0.668795,0.695291,0.700860,0.675578,0.690905,0.718184,0.639063,0.693281,0.715298,0.712905,0.641322,0.633548,0.628399,0.731181,0.753067,0.669915,0.560409,0.630906,0.709237,0.693160,0.697026,0.660077,0.706498,0.649118,0.641513,0.563628,0.723294,0.766770,0.676295,0.623845,0.860316,0.625893,0.664156,0.648472,0.637906,0.745528,0.744347,0.659683,0.686780,0.737748,0.660168,0.618250,0.773907,0.708317,0.724550,0.700218,0.815058,0.736863,0.681574
0.503001,0.428806,0.544183,0.483971,0.561194,0.536565,0.487916,0.520254,0.000000,0.627848,0.610566,0.539859,0.528186,0.638564,0.556690,0.585124,0.389257,0.475600,0.852768,0.622916,0.591478,0.662928,0.547487,0.468479,0.748365,0.538621,0.584031,0.833455,0.570082,0.547024,0.846660,0.656112,0.571335,0.441383,0.467309,0.619166,0.595825,0.530002,0.289070,0.533937,0.552055,0.509110,0.585433,0.384223,0.445294,0.647941,0.607134,0.474307,0.772126,0.515108,0.750290,0.777652,0.596747,0.653331,0.543153,0.577571,0.505282,0.549063,0.554171,0.726503,0.595311,0.453803,0.481081,0.485428,0.787544,0.476360,0.495144,0.499019,0.521818,0.481395,0.595210,0.698249,0.639706,0.656848,0.758276,0.857837,0.594778,0.539561,0.570127,0.706238,0.569652,0.672855,0.558857,0.468999,0.582139,0.647963,0.739919,0.645523,0.737501,0.529506,0.510160,0.591635,0.715722,0.518370,0.492295,0.550631,0.425350,0.549616,0.776236,0.550357,0.291761,0.575400,0.651248,0.730560,0.664584,0.704072,0.654683,0.561875,0.544586,0.604014,0.561200,0.514009,0.688646,0.654637,0.649594,0.893147,0.677533,0.482573,0.684333,0.399084,0.543293,0.521924,0.817776,0.817403,0.729374,0.674518,0.725622,0.724482,0.473090,0.563781,0.743594,0.480467,0.585837,0.599162,0.565454,0.678223,0.556381,0.560292,0.589084,0.669141,0.691339,0.653390,0.883577,0.762314,0.518704,0.943214,0.683392,0.670277,0.854525,0.483707,0.870428,0.635880,0.584677,0.516285,0.529463,0.591580,0.564104,0.624367,0.587585,0.802709,0.679321,0.748894,0.430674,0.652414,0.473263,0.633454,0.776576,0.642595,0.596708,0.497829,0.702892,0.664438,0.728373,0.611408,0.660664,0.488816,0.568256,0.460640,0.701160,0.854571,0.531333,0.422398,0.784806,0.657902,0.576285,0.672795,0.644256,0.722856,0.791045,0.579359,0.787109,0.752344,0.681248,0.506767,0.816210,0.734390,0.702256,0.615945,0.749108,0.693697,0.702654
0.503120,0.658048,0.540278,0.576456,0.597723,0.586929,0.536484,0.638993,0.627848,0.000000,0.615444,0.724145,0.579977,0.588497,0.546069,0.619284,0.727173,0.592077,0.862122,0.660799,0.551022,0.709700,0.611615,0.550231,0.629221,0.574419,0.589304,0.805995,0.607987,0.508573,0.830520,0.621231,0.664799,0.613477,0.653735,0.634447,0.614071,0.588964,0.616203,0.608034,0.610168,0.601408,0.411713,0.681554,0.649484,0.630600,0.689487,0.574112,0.808448,0.694358,0.634470,0.677587,0.659704,0.625952,0.678808,0.695680,0.685273,0.691838,0.664121,0.685677,0.600758,0.741627,0.644295,0.678359,0.774082,0.577467,0.729384,0.698537,0.731099,0.506853,0.657260,0.663720,0.678685,0.750101,0.614718,0.804699,0.684125,0.737926,0.709975,0.630019,0.666496,0.673869,0.717211,0.665520,0.645654,0.603516,0.729362,0.658326,0.835170,0.668752,0.726531,0.564255,0.582625,0.629505,0.619450,0.680409,0.751649,0.644804,0.755259,0.662448,0.683058,0.695590,0.670453,0.725352,0.656754,0.569952,0.597565,0.598274,0.658349,0.648602,0.639057,0.688980,0.711248,0.727766,0.593849,0.851530,0.615610,0.621845,0.708179,0.672407,0.729487,0.636158,0.730927,0.839724,0.748559,0.726353,0.649226,0.621401,0.749517,0.696072,0.721645,0.687675,0.750232,0.663448,0.709957,0.666477,0.775017,0.621071,0.755340,0.664379,0.763338,0.713264,0.885509,0.665793,0.702721,0.810810,0.600251,0.675765,0.789145,0.779499,0.744473,0.691936,0.724410,0.782891,0.700321,0.642138,0.742697,0.611050,0.750379,0.689254,0.668206,0.792881,0.737725,0.704306,0.718749,0.739071,0.714423,0.808139,0.688600,0.777084,0.663599,0.726573,0.636526,0.643812,0.671591,0.718661,0.634116,0.694076,0.638997,0.805277,0.747428,0.714378,0.859311,0.641068,0.776748,0.696938,0.712447,0.767812,0.838998,0.811243,0.695319,0.773471,0.585184,0.691721,0.811165,0.625033,0.667421,0.710184,0.807293,0.665122,0.716397
0.508451,0.488845,0.504991,0.576118,0.625297,0.581481,0.428776,0.628447,0.610566,0.615444,0.000000,0.631419,0.660992,0.615457,0.613219,0.650023,0.694105,0.699305,0.774947,0.616753,0.616076,0.678109,0.285425,0.534101,0.689617,0.623112,0.713506,0.754815,0.695059,0.582303,0.745761,0.723501,0.596804,0.467158,0.500843,0.700225,0.700529,0.669670,0.581825,0.581939,0.558768,0.653679,0.548210,0.678469,0.635631,0.632409,0.698943,0.592854,0.732534,0.730663,0.697070,0.773702,0.600162,0.715606,0.644043,0.613721,0.596306,0.732846,0.659072,0.667580,0.675731,0.675125,0.420740,0.425039,0.853971,0.649759,0.504896,0.643005,0.700283,0.564984,0.403185,0.676885,0.706925,0.706807,0.733360,0.773042,0.654908,0.532861,0.703188,0.773465,0.779835,0.645691,0.677847,0.707913,0.539858,0.713328,0.687271,0.669888,0.739393,0.632270,0.699048,0.705222,0.660652,0.591922,0.582442,0.744771,0.665656,0.662861,0.753375,0.651630,0.730128,0.669815,0.724141,0.660957,0.663118,0.766429,0.688032,0.648908,0.498294,0.678334,0.713687,0.710424,0.682809,0.629783,0.699561,0.770797,0.561407,0.617032,0.589115,0.661693,0.719568,0.425727,0.742966,0.743452,0.750948,0.704148,0.636853,0.691911,0.660235,0.725804,0.774987,0.675901,0.722928,0.808449,0.656328,0.797449,0.679398,0.608918,0.614737,0.708413,0.637369,0.720706,0.797387,0.618651,0.645076,0.765280,0.771179,0.758448,0.739732,0.763030,0.706013,0.694488,0.486598,0.733503,0.750294,0.644158,0.755026,0.485359,0.774086,0.796986,0.691596,0.768392,0.756770,0.695022,0.646378,0.696688,0.739370,0.611982,0.705262,0.632744,0.688799,0.713605,0.771771,0.628420,0.693946,0.565199,0.717551,0.693227,0.731290,0.721706,0.660548,0.730016,0.774872,0.677537,0.738597,0.638969,0.662785,0.745870,0.782998,0.739528,0.673573,0.692523,0.743185,0.722157,0.745063,0.691424,0.800841,0.708917,0.816111,0.774747,0.837117
0.509395,0.532271,0.598959,0.516702,0.553560,0.624507,0.701724,0.740001,0.539859,0.724145,0.631419,0.000000,0.638445,0.654958,0.694416,0.667314,0.580403,0.648291,0.744539,0.698758,0.706248,0.669271,0.694703,0.601104,0.681873,0.613845,0.633310,0.652194,0.646815,0.672973,0.735863,0.662392,0.635184,0.666463,0.574022,0.665860,0.682050,0.621952,0.531803,0.568571,0.649529,0.638339,0.655183,0.605857,0.610218,0.667440,0.459778,0.561042,0.792509,0.708150,0.636879,0.752454,0.725152,0.595493,0.558577,0.625532,0.620166,0.606283,0.667550,0.634296,0.702095,0.704562,0.648874,0.603885,0.770224,0.647909,0.631415,0.656648,0.560105,0.648478,0.713290,0.562291,0.573286,0.645622,0.666912,0.782180,0.586603,0.718359,0.536621,0.722502,0.498784,0.527730,0.563128,0.586130,0.725550,0.613279,0.643565,0.637615,0.821702,0.630046,0.666376,0.710767,0.718596,0.581021,0.639123,0.545245,0.619455,0.657059,0.726006,0.573467,0.590391,0.716436,0.705083,0.709838,0.693358,0.695505,0.605062,0.665765,0.644749,0.714913,0.650087,0.531559,0.671113,0.620163,0.643316,0.829041,0.625785,0.694002,0.697900,0.604524,0.662918,0.686602,0.768620,0.795821,0.706819,0.529827,0.726433,0.711635,0.619700,0.628329,0.717216,0.703421,0.632068,0.693647,0.640391,0.673353,0.682094,0.682154,0.718743,0.648858,0.668489,0.647092,0.839030,0.743511,0.643569,0.715703,0.700644,0.612863,0.725741,0.583777,0.719783,0.601116,0.704242,0.617187,0.563940,0.666224,0.598012,0.703790,0.664252,0.834852,0.578208,0.559228,0.651506,0.610367,0.612769,0.598605,0.691296,0.617009,0.638064,0.652329,0.626573,0.696456,0.671211,0.714947,0.697250,0.681984,0.620299,0.563330,0.690044,0.813120,0.668424,0.685947,0.634577,0.719553,0.696590,0.596475,0.537344,0.646398,0.739248,0.742999,0.710533,0.674918,0.740442,0.633519,0.784572,0.667750,0.627779,0.673405,0.686824,0.661737,0.749944
0.516960,0.499852,0.576198,0.460479,0.296015,0.549916,0.537167,0.505146,0.528186,0.579977,0.660992,0.638445,0.000000,0.443304,0.571735,0.707093,0.609790,0.596676,0.848834,0.731523,0.470821,0.700495,0.673919,0.528961,0.698721,0.564955,0.505934,0.792348,0.462682,0.433765,0.836909,0.495526,0.442160,0.619972,0.649669,0.637952,0.523174,0.560187,0.450781,0.550206,0.688337,0.619465,0.567296,0.535823,0.600550,0.415319,0.685573,0.478563,0.799756,0.699348,0.726091,0.731786,0.676037,0.624215,0.662395,0.666359,0.600469,0.534254,0.599400,0.707952,0.545610,0.604693,0.693099,0.667303,0.763148,0.588083,0.596920,0.649258,0.612569,0.596042,0.708788,0.659211,0.626292,0.616103,0.580499,0.831351,0.615705,0.700077,0.565490,0.555045,0.622930,0.729443,0.601253,0.629341,0.737330,0.560817,0.753704,0.579798,0.821664,0.594804,0.578755,0.546675,0.594419,0.583524,0.521735,0.532513,0.709205,0.597933,0.671906,0.554289,0.601217,0.599241,0.569155,0.777761,0.556554,0.659598,0.600499,0.624759,0.672030,0.632131,0.614173,0.715509,0.616681,0.602765,0.528504,0.860769,0.701786,0.633314,0.755256,0.558776,0.607944,0.695674,0.813700,0.809382,0.644199,0.604176,0.581030,0.788951,0.711410,0.526515,0.737553,0.658652,0.704225,0.538094,0.625865,0.659660,0.657796,0.625623,0.651007,0.688967,0.728669,0.680174,0.833482,0.718281,0.647140,0.878464,0.610851,0.635206,0.793813,0.617885,0.787135,0.528140,0.805490,0.639212,0.598688,0.513365,0.620524,0.668900,0.561921,0.660197,0.682150,0.740745,0.613793,0.640946,0.700769,0.715874,0.695073,0.701526,0.637677,0.626473,0.665663,0.651322,0.652768,0.653231,0.731185,0.465163,0.609802,0.525611,0.590947,0.874172,0.675008,0.667621,0.841410,0.666208,0.651973,0.620619,0.661381,0.631978,0.858092,0.649377,0.695095,0.610375,0.567928,0.510773,0.867042,0.669836,0.631459,0.775452,0.814580,0.647174,0.650403
0.517613,0.592726,0.657302,0.513842,0.321936,0.656783,0.627984,0.591804,0.638564,0.588497,0.615457,0.654958,0.443304,0.000000,0.712405,0.695153,0.675401,0.713200,0.814660,0.725041,0.351341,0.765937,0.679964,0.640539,0.564501,0.644257,0.527355,0.743979,0.640371,0.604513,0.755487,0.377568,0.443349,0.646626,0.622686,0.572904,0.567787,0.642443,0.599539,0.642397,0.636278,0.691490,0.509242,0.670705,0.705945,0.304582,0.622081,0.493381,0.808794,0.792498,0.649906,0.577890,0.730592,0.641206,0.746234,0.723022,0.699071,0.626693,0.641567,0.613121,0.551579,0.754483,0.593744,0.681047,0.827945,0.625895,0.606213,0.732580,0.711753,0.703806,0.719227,0.663428,0.703206,0.778287,0.482328,0.871131,0.363238,0.786374,0.626070,0.447490,0.516211,0.659528,0.731786,0.739653,0.723794,0.588741,0.780309,0.622171,0.830190,0.618410,0.641669,0.463853,0.392288,0.680951,0.601220,0.647413,0.706609,0.653865,0.545634,0.657268,0.676374,0.636930,0.402944,0.723795,0.481940,0.643128,0.527912,0.640188,0.703252,0.680132,0.698139,0.798857,0.570186,0.686345,0.440902,0.851628,0.791668,0.720613,0.809700,0.697279,0.590611,0.693308,0.714602,0.819562,0.536849,0.714665,0.529083,0.728841,0.696751,0.663880,0.762881,0.703254,0.796612,0.520473,0.468567,0.525145,0.594997,0.625888,0.745691,0.779452,0.709478,0.618185,0.866249,0.557000,0.728057,0.764886,0.635232,0.477538,0.811942,0.655081,0.639628,0.556016,0.738309,0.583003,0.524209,0.529792,0.749604,0.511427,0.622520,0.460972,0.666193,0.720272,0.610845,0.657316,0.764971,0.779808,0.590960,0.701073,0.691158,0.741222,0.574855,0.654356,0.627416,0.712584,0.769639,0.547589,0.692739,0.743280,0.470528,0.771227,0.735650,0.705992,0.897180,0.504755,0.757209,0.584941,0.709716,0.651552,0.886233,0.768278,0.664430,0.615561,0.583321,0.573078,0.821579,0.614684,0.550336,0.796616,0.769428,0.559117,0.488067
0.521978,0.589614,0.606126,0.584352,0.600813,0.440629,0.516973,0.579325,0.556690,0.546069,0.613219,0.694416,0.571735,0.712405,0.000000,0.595856,0.583960,0.585649,0.798642,0.610455,0.661855,0.643429,0.652922,0.560300,0.750826,0.490877,0.552975,0.758730,0.399671,0.348044,0.757951,0.789284,0.544648,0.511501,0.684097,0.648098,0.529402,0.551787,0.545047,0.462392,0.539536,0.448636,0.599860,0.582821,0.606055,0.579679,0.631535,0.584105,0.710639,0.552954,0.768946,0.704638,0.592375,0.730189,0.404778,0.641643,0.527274,0.604688,0.665467,0.733758,0.575678,0.547103,0.686209,0.682366,0.734910,0.578900,0.660290,0.552526,0.665800,0.494853,0.653871,0.717363,0.582174,0.643895,0.793065,0.734209,0.694530,0.624269,0.627799,0.734691,0.646904,0.652259,0.415000,0.530047,0.681853,0.668129,0.621584,0.640390,0.711556,0.644002,0.692514,0.703745,0.775756,0.462890,0.561028,0.550874,0.607468,0.632032,0.751495,0.613876,0.644794,0.556193,0.693339,0.727823,0.650143,0.663271,0.739585,0.606517,0.641869,0.690505,0.612367,0.680871,0.739618,0.647338,0.700008,0.725503,0.530581,0.566908,0.767443,0.616770,0.621350,0.614715,0.792623,0.803758,0.729909,0.694310,0.751361,0.728798,0.599622,0.540006,0.693158,0.544623,0.495086,0.738828,0.723963,0.740678,0.755185,0.550774,0.616836,0.648419,0.795599,0.728650,0.785029,0.800978,0.666618,0.844888,0.607435,0.773306,0.763290,0.706663,0.837587,0.702907,0.727257,0.722492,0.680584,0.592087,0.687767,0.726109,0.743760,0.770932,0.698909,0.738958,0.637971,0.657383,0.595079,0.706122,0.789468,0.686088,0.524514,0.573458,0.781984,0.672349,0.724209,0.560599,0.647131,0.643749,0.532358,0.631835,0.759327,0.733384,0.573791,0.721063,0.827639,0.797741,0.595466,0.814518,0.692112,0.738887,0.760559,0.607472,0.771977,0.791316,0.658521,0.592470,0.744366,0.735218,0.742807,0.725488,0.817467,0.769997,0.768069
0.523425,0.616036,0.655021,0.497469,0.594556,0.606833,0.463094,0.635160,0.585124,0.619284,0.650023,0.667314,0.707093,0.695153,0.595856,0.000000,0.707283,0.650160,0.863024,0.379104,0.655103,0.656486,0.616063,0.645807,0.703191,0.627331,0.647746,0.787295,0.674385,0.642931,0.795206,0.704958,0.596375,0.490756,0.611177,0.585135,0.717622,0.653363,0.647069,0.661374,0.523175,0.614527,0.623885,0.686261,0.634472,0.630637,0.608523,0.673892,0.775035,0.597605,0.676694,0.784827,0.602740,0.721052,0.536479,0.680752,0.588091,0.684715,0.745878,0.676476,0.721719,0.623303,0.626952,0.687396,0.739118,0.657380,0.663005,0.576810,0.691610,0.606851,0.701488,0.699527,0.648416,0.668848,0.785880,0.799544,0.693628,0.703701,0.612887,0.706524,0.654229,0.681466,0.543223,0.626237,0.679223,0.625496,0.690131,0.731426,0.814996,0.487753,0.686162,0.605456,0.748220,0.587943,0.607905,0.668824,0.692221,0.690272,0.749624,0.661260,0.683322,0.683487,0.665773,0.717487,0.710768,0.770571,0.679350,0.661419,0.699231,0.702166,0.672129,0.673948,0.710959,0.685327,0.726300,0.860250,0.673333,0.672733,0.730595,0.636500,0.682215,0.660782,0.863242,0.891749,0.695219,0.758289,0.653635,0.747191,0.678874,0.643099,0.766420,0.657823,0.581355,0.700261,0.748841,0.771184,0.704759,0.583304,0.648943,0.621403,0.809992,0.660185,0.915169,0.771673,0.675720,0.863314,0.715737,0.797970,0.822244,0.746482,0.827964,0.660274,0.753194,0.725316,0.721946,0.652072,0.683994,0.690991,0.751811,0.694193,0.626967,0.672331,0.657133,0.663439,0.682418,0.755417,0.764764,0.729076,0.580310,0.677075,0.792032,0.700657,0.781588,0.538103,0.693895,0.693070,0.497185,0.680287,0.704970,0.879934,0.686900,0.768540,0.836547,0.690296,0.659108,0.703854,0.617745,0.813261,0.792411,0.679655,0.750880,0.770352,0.760335,0.546795,0.853644,0.718268,0.725634,0.668537,0.810052,0.763242,0.745508
0.527240,0.538673,0.648530,0.537996,0.640611,0.395484,0.633268,0.580793,0.389257,0.727173,0.694105,0.580403,0.609790,0.675401,0.583960,0.707283,0.000000,0.586487,0.807737,0.642674,0.667035,0.497627,0.646633,0.543431,0.694369,0.496937,0.498963,0.842107,0.569423,0.559386,0.849831,0.739231,0.638716,0.561572,0.553488,0.721848,0.598821,0.547091,0.365709,0.394611,0.634603,0.564354,0.600863,0.317837,0.489866,0.671172,0.680259,0.559535,0.788475,0.592749,0.687771,0.795347,0.441237,0.636408,0.529819,0.550534,0.613378,0.399616,0.636463,0.744582,0.598995,0.350539,0.598480,0.573604,0.778017,0.354514,0.594844,0.647381,0.604377,0.565434,0.717584,0.724343,0.587529,0.651803,0.761247,0.794760,0.646605,0.591398,0.515937,0.709144,0.571657,0.693067,0.517455,0.617044,0.640426,0.651537,0.725613,0.640023,0.778240,0.706338,0.562231,0.613459,0.721740,0.506635,0.594316,0.502030,0.439915,0.580151,0.795282,0.598990,0.503279,0.515387,0.606336,0.749595,0.549217,0.715365,0.735919,0.645927,0.632458,0.667423,0.593316,0.701066,0.683239,0.660310,0.635349,0.836734,0.707400,0.416877,0.797786,0.550345,0.542281,0.585432,0.807941,0.828453,0.781416,0.727737,0.740881,0.745904,0.534745,0.519051,0.782707,0.471847,0.610619,0.595164,0.589552,0.626339,0.628860,0.588253,0.606879,0.698027,0.813615,0.718974,0.892063,0.809064,0.611146,0.858700,0.729691,0.611891,0.836871,0.519827,0.860509,0.706867,0.668826,0.529347,0.510256,0.622025,0.646433,0.700006,0.502212,0.826305,0.662647,0.745034,0.541136,0.579991,0.536827,0.607352,0.813722,0.639176,0.483918,0.468359,0.691324,0.625896,0.601607,0.699489,0.724730,0.585530,0.682422,0.461671,0.688607,0.863983,0.566890,0.508308,0.810087,0.743857,0.471513,0.729049,0.632854,0.693075,0.844197,0.462249,0.700865,0.787157,0.605413,0.582346,0.781744,0.712999,0.619169,0.700138,0.765822,0.654939,0.656735
0.527337,0.587592,0.594599,0.495712,0.670108,0.455683,0.531892,0.620587,0.475600,0.592077,0.699305,0.648291,0.596676,0.713200,0.585649,0.650160,0.586487,0.000000,0.808604,0.684300,0.616887,0.697101,0.609156,0.501995,0.678455,0.476597,0.543335,0.796993,0.468249,0.522803,0.798976,0.689008,0.757131,0.622340,0.681980,0.624419,0.584577,0.419808,0.550466,0.609231,0.613400,0.428487,0.673537,0.410557,0.541753,0.772475,0.619196,0.537753,0.835553,0.391254,0.722941,0.760111,0.607927,0.652102,0.558652,0.515352,0.441861,0.531036,0.685960,0.685606,0.438733,0.532817,0.704824,0.617778,0.765925,0.444217,0.624971,0.660323,0.492117,0.406457,0.700054,0.643494,0.467588,0.755805,0.663926,0.816115,0.725630,0.608769,0.611335,0.704432,0.677519,0.637092,0.572290,0.396273,0.542879,0.578811,0.645268,0.513391,0.844151,0.628005,0.484127,0.673517,0.663528,0.445960,0.699181,0.521751,0.669361,0.455000,0.600037,0.599005,0.629370,0.592871,0.700694,0.653178,0.672700,0.742740,0.713891,0.405917,0.713642,0.739289,0.517287,0.551633,0.628306,0.521883,0.715426,0.863955,0.631905,0.518516,0.664008,0.641073,0.422421,0.695136,0.765643,0.835289,0.572082,0.704032,0.792050,0.724754,0.719735,0.597068,0.679755,0.505010,0.623335,0.613119,0.778438,0.719849,0.709469,0.584266,0.669303,0.717270,0.629461,0.481534,0.899330,0.784092,0.489815,0.810968,0.743073,0.775906,0.835892,0.730712,0.743021,0.581945,0.561935,0.782120,0.776464,0.450800,0.455564,0.744303,0.532458,0.791471,0.471529,0.680229,0.575051,0.631172,0.727608,0.701218,0.710325,0.754693,0.493699,0.549941,0.696862,0.495520,0.669948,0.613642,0.647488,0.741198,0.598763,0.568118,0.656398,0.825067,0.519165,0.550923,0.807248,0.780313,0.524219,0.641787,0.592773,0.628217,0.758278,0.619822,0.755634,0.591852,0.562340,0.540455,0.802589,0.725818,0.729527,0.752121,0.827247,0.725129,0.700369
0.532570,0.784012,0.772490,0.846371,0.855655,0.786528,0.834586,0.798733,0.852768,0.862122,0.774947,0.744539,0.848834,0.814660,0.798642,0.863024,0.807737,0.808604,0.000000,0.824569,0.853989,0.873631,0.867264,0.833429,0.780115,0.790378,0.859800,0.327521,0.785102,0.859635,0.343585,0.839979,0.860252,0.891550,0.802885,0.817128,0.854749,0.805758,0.867955,0.883059,0.834471,0.833533,0.869863,0.849126,0.869070,0.849366,0.874286,0.886256,0.385622,0.756798,0.742022,0.680416,0.796449,0.789813,0.753999,0.781641,0.848139,0.844980,0.874441,0.759870,0.784729,0.863375,0.852270,0.864620,0.781009,0.839383,0.901269,0.771136,0.800419,0.844521,0.757376,0.804641,0.818737,0.835897,0.810435,0.519837,0.792845,0.823112,0.806115,0.886525,0.835953,0.844609,0.815090,0.823845,0.836342,0.831650,0.744268,0.737061,0.362646,0.872531,0.860261,0.795085,0.813417,0.902649,0.842384,0.862713,0.784589,0.843701,0.737104,0.922777,0.829284,0.800864,0.858789,0.712421,0.832713,0.816131,0.896738,0.751231,0.860252,0.814775,0.908629,0.891620,0.796898,0.882968,0.834735,0.399062,0.820215,0.891997,0.830099,0.871999,0.750128,0.817439,0.554894,0.415161,0.739286,0.830844,0.833903,0.846019,0.668532,0.871430,0.625399,0.805869,0.766096,0.820789,0.715130,0.789159,0.748426,0.845224,0.810246,0.876213,0.658684,0.777994,0.404924,0.749396,0.829180,0.382120,0.850129,0.814292,0.417145,0.789803,0.616218,0.861977,0.761337,0.762727,0.810568,0.886371,0.787103,0.780390,0.822911,0.812478,0.794788,0.794129,0.859836,0.741149,0.833672,0.782382,0.653906,0.700666,0.849289,0.840939,0.766815,0.750822,0.774651,0.910994,0.706519,0.854154,0.874079,0.817133,0.855365,0.369990,0.844631,0.814219,0.621669,0.831152,0.801561,0.900437,0.926732,0.760950,0.393548,0.754389,0.637316,0.801220,0.806466,0.945421,0.340252,0.751972,0.762034,0.798427,0.584477,0.793781,0.828790
0.532793,0.628270,0.649825,0.664353,0.658451,0.574895,0.531778,0.564499,0.622916,0.660799,0.616753,0.698758,0.731523,0.725041,0.610455,0.379104,0.642674,0.684300,0.824569,0.000000,0.762363,0.521549,0.535175,0.715336,0.668610,0.657563,0.678122,0.804262,0.691200,0.669896,0.814678,0.798791,0.662177,0.495052,0.606311,0.717429,0.752522,0.703150,0.674969,0.583164,0.530860,0.690708,0.585240,0.652475,0.660102,0.679542,0.661299,0.616131,0.781274,0.676957,0.629212,0.734416,0.668260,0.784931,0.518712,0.739681,0.635433,0.725264,0.724275,0.670346,0.754379,0.580479,0.598849,0.671673,0.691100,0.680298,0.652962,0.592218,0.681153,0.691265,0.662953,0.765323,0.652513,0.685135,0.813314,0.807662,0.697634,0.657157,0.716608,0.736999,0.717217,0.663172,0.557759,0.628459,0.718378,0.698665,0.617771,0.756463,0.775110,0.596121,0.709768,0.680988,0.802763,0.636692,0.605477,0.665671,0.697162,0.697138,0.768983,0.628410,0.600151,0.630987,0.709674,0.749296,0.699968,0.715597,0.718355,0.699231,0.653222,0.705524,0.771376,0.753515,0.770851,0.693652,0.709470,0.848159,0.706386,0.631364,0.711939,0.736489,0.684307,0.627092,0.847137,0.873336,0.748263,0.773963,0.726594,0.740376,0.682725,0.577265,0.728354,0.677273,0.564563,0.825684,0.768748,0.780488,0.662422,0.693852,0.677457,0.642265,0.796070,0.745550,0.867324,0.733033,0.742811,0.823297,0.763371,0.788792,0.803765,0.703250,0.796078,0.717522,0.731244,0.726991,0.746669,0.687491,0.723924,0.674528,0.812715,0.796573,0.718931,0.713003,0.689928,0.681002,0.637595,0.692904,0.775902,0.668439,0.600898,0.663191,0.692087,0.719277,0.805148,0.675450,0.673673,0.694393,0.660053,0.719439,0.800013,0.845312,0.741632,0.696042,0.803200,0.732469,0.672813,0.740499,0.580019,0.788605,0.773551,0.681630,0.796586,0.826648,0.792268,0.636315,0.813133,0.763347,0.766026,0.640488,0.726035,0.825902,0.837665
0.533209,0.627319,0.603948,0.518650,0.443307,0.590402,0.537736,0.552594,0.591478,0.551022,0.616076,0.706248,0.470821,0.351341,0.661855,0.655103,0.667035,0.616887,0.853989,0.762363,0.000000,0.730311,0.602756,0.573042,0.533715,0.556274,0.470459,0.749051,0.631890,0.571801,0.791866,0.310931,0.619359,0.651387,0.635210,0.541222,0.486352,0.566833,0.614353,0.700508,0.634549,0.601312,0.480462,0.616329,0.681156,0.489174,0.638313,0.519777,0.798807,0.718337,0.655010,0.678281,0.658938,0.667028,0.693562,0.692084,0.614727,0.557973,0.708543,0.635148,0.444775,0.665443,0.557938,0.659220,0.825493,0.566301,0.598891,0.724339,0.715289,0.595883,0.752524,0.639413,0.655989,0.782989,0.414402,0.875775,0.607613,0.726596,0.643246,0.381411,0.535486,0.699523,0.696625,0.688497,0.672131,0.648603,0.742953,0.683268,0.863290,0.621408,0.604198,0.397198,0.320889,0.569896,0.605628,0.586241,0.749699,0.668961,0.538663,0.734755,0.716352,0.580585,0.502155,0.763048,0.487463,0.661553,0.440086,0.534311,0.695535,0.674583,0.592825,0.737318,0.497300,0.650789,0.558290,0.864893,0.750026,0.714554,0.823327,0.708101,0.525294,0.657528,0.752363,0.829472,0.501860,0.769039,0.624185,0.725597,0.768519,0.686772,0.820673,0.708669,0.769200,0.425718,0.552154,0.598494,0.722874,0.613514,0.718303,0.758963,0.772351,0.599858,0.858161,0.595156,0.712084,0.867193,0.603505,0.564829,0.833283,0.747112,0.679286,0.599475,0.660542,0.659279,0.632890,0.506897,0.689775,0.472030,0.614026,0.453493,0.575442,0.677798,0.626141,0.598771,0.741212,0.773277,0.568924,0.754109,0.664387,0.751922,0.666130,0.524882,0.532121,0.734236,0.757935,0.614487,0.629428,0.740135,0.406978,0.817620,0.699166,0.685345,0.867035,0.296051,0.647699,0.603421,0.723784,0.698144,0.836189,0.705439,0.649602,0.646238,0.471128,0.548814,0.895888,0.621350,0.561736,0.843622,0.766476,0.637102,0.468414
0.534199,0.608331,0.663097,0.701342,0.760975,0.439538,0.643712,0.634449,0.662928,0.709700,0.678109,0.669271,0.700495,0.765937,0.643429,0.656486,0.497627,0.697101,0.873631,0.521549,0.730311,0.000000,0.625317,0.712984,0.712124,0.549584,0.599712,0.843753,0.653373,0.654608,0.820366,0.718343,0.711802,0.617229,0.645172,0.745146,0.625875,0.604014,0.685259,0.552740,0.659196,0.604878,0.677278,0.580505,0.658849,0.737789,0.710847,0.708366,0.820651,0.673464,0.736562,0.809782,0.702210,0.781299,0.581644,0.693781,0.632885,0.646623,0.774545,0.794030,0.696142,0.421842,0.693243,0.681946,0.684059,0.597712,0.697923,0.757193,0.707029,0.706244,0.724265,0.787243,0.612879,0.600715,0.707109,0.792779,0.741925,0.686107,0.622681,0.695601,0.680496,0.704201,0.577322,0.674289,0.679084,0.691551,0.641535,0.747142,0.855182,0.699180,0.701961,0.740938,0.771065,0.544557,0.679888,0.588764,0.700746,0.691544,0.837632,0.656912,0.682644,0.481498,0.778270,0.809523,0.716388,0.673153,0.772168,0.694901,0.755520,0.771432,0.710007,0.758895,0.791596,0.646480,0.816815,0.840537,0.684310,0.553921,0.671923,0.742961,0.664161,0.672306,0.839467,0.872446,0.822174,0.811526,0.744700,0.722412,0.723391,0.603914,0.697053,0.627048,0.659052,0.712538,0.785696,0.778967,0.739538,0.683457,0.682542,0.706687,0.797317,0.719884,0.884419,0.779938,0.718904,0.852487,0.704058,0.767762,0.880169,0.761753,0.895454,0.763439,0.762072,0.810960,0.806385,0.730036,0.713628,0.810557,0.693747,0.816652,0.722122,0.741011,0.672232,0.657294,0.668872,0.691007,0.860999,0.742807,0.542212,0.606459,0.699235,0.689634,0.688031,0.738540,0.715361,0.751572,0.716673,0.687875,0.780698,0.882775,0.682084,0.647448,0.733234,0.742375,0.533795,0.711651,0.656514,0.751735,0.874978,0.629120,0.821701,0.789960,0.740639,0.699728,0.867286,0.793780,0.729097,0.707724,0.784097,0.741591,0.789089
