0.000000,0.410691,0.418525,0.435374,0.446498,0.468972,0.492788,0.495301,0.503001,0.503120,0.508451,0.509395,0.516960,0.517613,0.521978,0.523425,0.527240,0.527337,0.532570,0.532793,0.533209,0.534199,0.537885,0.538203,0.541499,0.542444,0.544188,0.545501,0.546153,0.546203,0.547040,0.547872,0.552964,0.553093,0.554188,0.554740,0.555956,0.555974,0.557265,0.558348,0.558350,0.558622,0.558771,0.558955,0.560250,0.560476,0.560871,0.563204,0.564964,0.565529,0.565740,0.566164,0.566754,0.570503,0.571159,0.572406,0.573173,0.573555,0.574478,0.574953,0.574956,0.575464,0.575662,0.576233,0.576363,0.576432,0.576682,0.577099,0.579284,0.579909,0.580957,0.581164,0.582131,0.582871,0.583043,0.583398,0.584039,0.584164,0.584660,0.585546,0.585813,0.585956,0.586115,0.586399,0.586656,0.588079,0.588584,0.589131,0.591271,0.591632,0.591898,0.591919,0.591960,0.592307,0.592425,0.593076,0.593420,0.595080,0.595639,0.596458,0.596524
0.410691,0.000000,0.551117,0.390976,0.485786,0.519777,0.474796,0.547143,0.428806,0.658048,0.488845,0.532271,0.499852,0.592726,0.589614,0.616036,0.538673,0.587592,0.784012,0.628270,0.627319,0.608331,0.535923,0.507628,0.613856,0.584834,0.623106,0.731716,0.658025,0.517122,0.758761,0.587488,0.519669,0.492626,0.493603,0.547382,0.610968,0.598566,0.425053,0.571227,0.548952,0.631113,0.601842,0.532041,0.518663,0.597971,0.585287,0.537879,0.774846,0.664350,0.668939,0.745251,0.513987,0.598417,0.599653,0.458534,0.584625,0.605070,0.567289,0.601282,0.649347,0.553099,0.520410,0.510906,0.825956,0.595572,0.473625,0.619932,0.623567,0.544502,0.573622,0.552345,0.613909,0.577702,0.642808,0.821405,0.641029,0.568903,0.610217,0.679810,0.641641,0.594920,0.580393,0.618620,0.507318,0.625802,0.731159,0.627316,0.812703,0.588455,0.616866,0.635981,0.679446,0.589750,0.515493,0.603882,0.590419,0.638136,0.672328,0.541109,0.567153
0.418525,0.551117,0.000000,0.530258,0.634406,0.647141,0.530764,0.644196,0.544183,0.540278,0.504991,0.598959,0.576198,0.657302,0.606126,0.655021,0.648530,0.594599,0.772490,0.649825,0.603948,0.663097,0.601712,0.580353,0.636038,0.613079,0.638401,0.747201,0.673991,0.629801,0.769334,0.631862,0.733379,0.661324,0.685501,0.577759,0.629497,0.642268,0.632325,0.639231,0.609329,0.679754,0.635893,0.640371,0.623066,0.755634,0.679290,0.580570,0.765345,0.635490,0.703643,0.733365,0.624149,0.659027,0.728288,0.618152,0.650114,0.673746,0.632442,0.596591,0.651748,0.680915,0.611076,0.658737,0.697467,0.597557,0.696530,0.668680,0.625792,0.599405,0.652570,0.627115,0.698239,0.685387,0.638863,0.784312,0.703004,0.698586,0.686732,0.695733,0.691734,0.635659,0.698572,0.624460,0.667275,0.696481,0.749426,0.637732,0.754177,0.665162,0.670759,0.668591,0.621952,0.636623,0.619692,0.706331,0.685281,0.667981,0.713528,0.706288,0.668384
0.435374,0.390976,0.530258,0.000000,0.417134,0.520580,0.425638,0.590140,0.483971,0.576456,0.576118,0.516702,0.460479,0.513842,0.584352,0.497469,0.537996,0.495712,0.846371,0.664353,0.518650,0.701342,0.616070,0.468857,0.565669,0.535789,0.517524,0.803768,0.589307,0.523080,0.815262,0.566956,0.555175,0.541965,0.643304,0.470274,0.589062,0.535207,0.464329,0.581974,0.567111,0.556932,0.586502,0.486626,0.407314,0.535068,0.520047,0.513941,0.852515,0.584037,0.685291,0.803755,0.388368,0.299648,0.639918,0.437396,0.572598,0.496691,0.581346,0.561734,0.529441,0.602446,0.609852,0.546467,0.762704,0.478157,0.498035,0.671392,0.593843,0.504981,0.645422,0.421537,0.524721,0.646483,0.628884,0.902070,0.619175,0.678145,0.422946,0.638475,0.543078,0.552196,0.579787,0.612021,0.637365,0.577321,0.666225,0.612673,0.847021,0.427928,0.598355,0.532576,0.631481,0.514817,0.521821,0.564844,0.699882,0.604863,0.690193,0.559402,0.597548
0.446498,0.485786,0.634406,0.417134,0.000000,0.658049,0.584474,0.544330,0.561194,0.597723,0.625297,0.553560,0.296015,0.321936,0.600813,0.594556,0.640611,0.670108,0.855655,0.658451,0.443307,0.760975,0.667012,0.596684,0.626576,0.648326,0.578266,0.769554,0.582106,0.518437,0.782048,0.471808,0.223544,0.661673,0.605769,0.606962,0.629706,0.623988,0.446944,0.580153,0.634286,0.651979,0.536246,0.605644,0.645982,0.244133,0.615819,0.476820,0.795431,0.735733,0.662447,0.670204,0.703481,0.624152,0.670664,0.704318,0.627097,0.594947,0.617348,0.669964,0.583429,0.661914,0.620370,0.654551,0.789538,0.637265,0.621356,0.681318,0.622361,0.661179,0.697274,0.612519,0.676886,0.609163,0.599667,0.854592,0.483443,0.715793,0.601712,0.570920,0.510615,0.694475,0.627590,0.708649,0.727457,0.593400,0.730976,0.628483,0.835617,0.591812,0.590897,0.504048,0.555614,0.647380,0.488454,0.621095,0.658423,0.620186,0.633135,0.565750,0.653126
0.468972,0.519777,0.647141,0.520580,0.658049,0.000000,0.482685,0.492577,0.536565,0.586929,0.581481,0.624507,0.549916,0.656783,0.440629,0.606833,0.395484,0.455683,0.786528,0.574895,0.590402,0.439538,0.573453,0.485978,0.617858,0.256164,0.381138,0.804641,0.364408,0.395106,0.784409,0.631987,0.705095,0.559928,0.643814,0.630935,0.341367,0.312566,0.589523,0.409478,0.570828,0.334478,0.561203,0.406415,0.619529,0.658186,0.658151,0.568122,0.726743,0.487480,0.695426,0.763545,0.494503,0.637117,0.448154,0.527385,0.472094,0.344410,0.670220,0.702364,0.445778,0.416037,0.667356,0.593616,0.708415,0.399883,0.602974,0.614474,0.626785,0.447102,0.677391,0.730351,0.526053,0.642290,0.622016,0.808733,0.652910,0.620062,0.557803,0.620542,0.683145,0.652685,0.437806,0.503697,0.586880,0.584287,0.696824,0.559986,0.816189,0.585212,0.498755,0.596305,0.646004,0.404819,0.559954,0.386750,0.693426,0.546298,0.655704,0.534882,0.639003
0.492788,0.474796,0.530764,0.425638,0.584474,0.482685,0.000000,0.537748,0.487916,0.536484,0.428776,0.701724,0.537167,0.627984,0.516973,0.463094,0.633268,0.531892,0.834586,0.531778,0.537736,0.643712,0.303668,0.437838,0.633489,0.497429,0.526209,0.790784,0.539981,0.523890,0.789884,0.643522,0.641574,0.457270,0.571958,0.535254,0.563164,0.492202,0.597081,0.613984,0.518516,0.483589,0.554335,0.546695,0.567331,0.599784,0.608649,0.570820,0.756891,0.491385,0.792121,0.787839,0.521754,0.664375,0.548154,0.564750,0.512630,0.596448,0.579427,0.675759,0.529359,0.533762,0.492334,0.497285,0.722750,0.537719,0.487888,0.546044,0.647901,0.467280,0.627428,0.579011,0.565626,0.664570,0.744211,0.801509,0.697481,0.569741,0.564926,0.707432,0.688100,0.615377,0.546506,0.526693,0.535332,0.628425,0.622500,0.652721,0.795862,0.489492,0.592126,0.535386,0.588050,0.516854,0.583631,0.561544,0.700605,0.567441,0.694842,0.616191,0.667700
0.495301,0.547143,0.644196,0.590140,0.544330,0.492577,0.537748,0.000000,0.520254,0.638993,0.628447,0.740001,0.505146,0.591804,0.579325,0.635160,0.580793,0.620587,0.798733,0.564499,0.552594,0.634449,0.590278,0.580528,0.701579,0.569960,0.549242,0.800553,0.604076,0.523367,0.782603,0.595329,0.587727,0.436777,0.636585,0.728753,0.568218,0.566923,0.560916,0.571549,0.581399,0.561804,0.575142,0.587769,0.619070,0.523190,0.757648,0.607365,0.688151,0.662009,0.647760,0.680122,0.679094,0.657868,0.583749,0.695997,0.620822,0.544694,0.670592,0.707527,0.605938,0.569485,0.593196,0.623379,0.749257,0.621512,0.501454,0.574402,0.645299,0.655645,0.574188,0.786877,0.685066,0.694351,0.625751,0.847179,0.675394,0.557177,0.614079,0.530605,0.698919,0.759268,0.565406,0.633905,0.663375,0.696019,0.772094,0.660827,0.762565,0.607506,0.619610,0.607457,0.666815,0.572546,0.542300,0.607513,0.667597,0.555145,0.650148,0.585717,0.593229
0.503001,0.428806,0.544183,0.483971,0.561194,0.536565,0.487916,0.520254,0.000000,0.627848,0.610566,0.539859,0.528186,0.638564,0.556690,0.585124,0.389257,0.475600,0.852768,0.622916,0.591478,0.662928,0.547487,0.468479,0.748365,0.538621,0.584031,0.833455,0.570082,0.547024,0.846660,0.656112,0.571335,0.441383,0.467309,0.619166,0.595825,0.530002,0.289070,0.533937,0.552055,0.509110,0.585433,0.384223,0.445294,0.647941,0.607134,0.474307,0.772126,0.515108,0.750290,0.777652,0.596747,0.653331,0.543153,0.577571,0.505282,0.549063,0.554171,0.726503,0.595311,0.453803,0.481081,0.485428,0.787544,0.476360,0.495144,0.499019,0.521818,0.481395,0.595210,0.698249,0.639706,0.656848,0.758276,0.857837,0.594778,0.539561,0.570127,0.706238,0.569652,0.672855,0.558857,0.468999,0.582139,0.647963,0.739919,0.645523,0.737501,0.529506,0.510160,0.591635,0.715722,0.518370,0.492295,0.550631,0.425350,0.549616,0.776236,0.550357,0.291761
0.503120,0.658048,0.540278,0.576456,0.597723,0.586929,0.536484,0.638993,0.627848,0.000000,0.615444,0.724145,0.579977,0.588497,0.546069,0.619284,0.727173,0.592077,0.862122,0.660799,0.551022,0.709700,0.611615,0.550231,0.629221,0.574419,0.589304,0.805995,0.607987,0.508573,0.830520,0.621231,0.664799,0.613477,0.653735,0.634447,0.614071,0.588964,0.616203,0.608034,0.610168,0.601408,0.411713,0.681554,0.649484,0.630600,0.689487,0.574112,0.808448,0.694358,0.634470,0.677587,0.659704,0.625952,0.678808,0.695680,0.685273,0.691838,0.664121,0.685677,0.600758,0.741627,0.644295,0.678359,0.774082,0.577467,0.729384,0.698537,0.731099,0.506853,0.657260,0.663720,0.678685,0.750101,0.614718,0.804699,0.684125,0.737926,0.709975,0.630019,0.666496,0.673869,0.717211,0.665520,0.645654,0.603516,0.729362,0.658326,0.835170,0.668752,0.726531,0.564255,0.582625,0.629505,0.619450,0.680409,0.751649,0.644804,0.755259,0.662448,0.683058
0.508451,0.488845,0.504991,0.576118,0.625297,0.581481,0.428776,0.628447,0.610566,0.615444,0.000000,0.631419,0.660992,0.615457,0.613219,0.650023,0.694105,0.699305,0.774947,0.616753,0.616076,0.678109,0.285425,0.534101,0.689617,0.623112,0.713506,0.754815,0.695059,0.582303,0.745761,0.723501,0.596804,0.467158,0.500843,0.700225,0.700529,0.669670,0.581825,0.581939,0.558768,0.653679,0.548210,0.678469,0.635631,0.632409,0.698943,0.592854,0.732534,0.730663,0.697070,0.773702,0.600162,0.715606,0.644043,0.613721,0.596306,0.732846,0.659072,0.667580,0.675731,0.675125,0.420740,0.425039,0.853971,0.649759,0.504896,0.643005,0.700283,0.564984,0.403185,0.676885,0.706925,0.706807,0.733360,0.773042,0.654908,0.532861,0.703188,0.773465,0.779835,0.645691,0.677847,0.707913,0.539858,0.713328,0.687271,0.669888,0.739393,0.632270,0.699048,0.705222,0.660652,0.591922,0.582442,0.744771,0.665656,0.662861,0.753375,0.651630,0.730128
0.509395,0.532271,0.598959,0.516702,0.553560,0.624507,0.701724,0.740001,0.539859,0.724145,0.631419,0.000000,0.638445,0.654958,0.694416,0.667314,0.580403,0.648291,0.744539,0.698758,0.706248,0.669271,0.694703,0.601104,0.681873,0.613845,0.633310,0.652194,0.646815,0.672973,0.735863,0.662392,0.635184,0.666463,0.574022,0.665860,0.682050,0.621952,0.531803,0.568571,0.649529,0.638339,0.655183,0.605857,0.610218,0.667440,0.459778,0.561042,0.792509,0.708150,0.636879,0.752454,0.725152,0.595493,0.558577,0.625532,0.620166,0.606283,0.667550,0.634296,0.702095,0.704562,0.648874,0.603885,0.770224,0.647909,0.631415,0.656648,0.560105,0.648478,0.713290,0.562291,0.573286,0.645622,0.666912,0.782180,0.586603,0.718359,0.536621,0.722502,0.498784,0.527730,0.563128,0.586130,0.725550,0.613279,0.643565,0.637615,0.821702,0.630046,0.666376,0.710767,0.718596,0.581021,0.639123,0.545245,0.619455,0.657059,0.726006,0.573467,0.590391
0.516960,0.499852,0.576198,0.460479,0.296015,0.549916,0.537167,0.505146,0.528186,0.579977,0.660992,0.638445,0.000000,0.443304,0.571735,0.707093,0.609790,0.596676,0.848834,0.731523,0.470821,0.700495,0.673919,0.528961,0.698721,0.564955,0.505934,0.792348,0.462682,0.433765,0.836909,0.495526,0.442160,0.619972,0.649669,0.637952,0.523174,0.560187,0.450781,0.550206,0.688337,0.619465,0.567296,0.535823,0.600550,0.415319,0.685573,0.478563,0.799756,0.699348,0.726091,0.731786,0.676037,0.624215,0.662395,0.666359,0.600469,0.534254,0.599400,0.707952,0.545610,0.604693,0.693099,0.667303,0.763148,0.588083,0.596920,0.649258,0.612569,0.596042,0.708788,0.659211,0.626292,0.616103,0.580499,0.831351,0.615705,0.700077,0.565490,0.555045,0.622930,0.729443,0.601253,0.629341,0.737330,0.560817,0.753704,0.579798,0.821664,0.594804,0.578755,0.546675,0.594419,0.583524,0.521735,0.532513,0.709205,0.597933,0.671906,0.554289,0.601217
0.517613,0.592726,0.657302,0.513842,0.321936,0.656783,0.627984,0.591804,0.638564,0.588497,0.615457,0.654958,0.443304,0.000000,0.712405,0.695153,0.675401,0.713200,0.814660,0.725041,0.351341,0.765937,0.679964,0.640539,0.564501,0.644257,0.527355,0.743979,0.640371,0.604513,0.755487,0.377568,0.443349,0.646626,0.622686,0.572904,0.567787,0.642443,0.599539,0.642397,0.636278,0.691490,0.509242,0.670705,0.705945,0.304582,0.622081,0.493381,0.808794,0.792498,0.649906,0.577890,0.730592,0.641206,0.746234,0.723022,0.699071,0.626693,0.641567,0.613121,0.551579,0.754483,0.593744,0.681047,0.827945,0.625895,0.606213,0.732580,0.711753,0.703806,0.719227,0.663428,0.703206,0.778287,0.482328,0.871131,0.363238,0.786374,0.626070,0.447490,0.516211,0.659528,0.731786,0.739653,0.723794,0.588741,0.780309,0.622171,0.830190,0.618410,0.641669,0.463853,0.392288,0.680951,0.601220,0.647413,0.706609,0.653865,0.545634,0.657268,0.676374
0.521978,0.589614,0.606126,0.584352,0.600813,0.440629,0.516973,0.579325,0.556690,0.546069,0.613219,0.694416,0.571735,0.712405,0.000000,0.595856,0.583960,0.585649,0.798642,0.610455,0.661855,0.643429,0.652922,0.560300,0.750826,0.490877,0.552975,0.758730,0.399671,0.348044,0.757951,0.789284,0.544648,0.511501,0.684097,0.648098,0.529402,0.551787,0.545047,0.462392,0.539536,0.448636,0.599860,0.582821,0.606055,0.579679,0.631535,0.584105,0.710639,0.552954,0.768946,0.704638,0.592375,0.730189,0.404778,0.641643,0.527274,0.604688,0.665467,0.733758,0.575678,0.547103,0.686209,0.682366,0.734910,0.578900,0.660290,0.552526,0.665800,0.494853,0.653871,0.717363,0.582174,0.643895,0.793065,0.734209,0.694530,0.624269,0.627799,0.734691,0.646904,0.652259,0.415000,0.530047,0.681853,0.668129,0.621584,0.640390,0.711556,0.644002,0.692514,0.703745,0.775756,0.462890,0.561028,0.550874,0.607468,0.632032,0.751495,0.613876,0.644794
0.523425,0.616036,0.655021,0.497469,0.594556,0.606833,0.463094,0.635160,0.585124,0.619284,0.650023,0.667314,0.707093,0.695153,0.595856,0.000000,0.707283,0.650160,0.863024,0.379104,0.655103,0.656486,0.616063,0.645807,0.703191,0.627331,0.647746,0.787295,0.674385,0.642931,0.795206,0.704958,0.596375,0.490756,0.611177,0.585135,0.717622,0.653363,0.647069,0.661374,0.523175,0.614527,0.623885,0.686261,0.634472,0.630637,0.608523,0.673892,0.775035,0.597605,0.676694,0.784827,0.602740,0.721052,0.536479,0.680752,0.588091,0.684715,0.745878,0.676476,0.721719,0.623303,0.626952,0.687396,0.739118,0.657380,0.663005,0.576810,0.691610,0.606851,0.701488,0.699527,0.648416,0.668848,0.785880,0.799544,0.693628,0.703701,0.612887,0.706524,0.654229,0.681466,0.543223,0.626237,0.679223,0.625496,0.690131,0.731426,0.814996,0.487753,0.686162,0.605456,0.748220,0.587943,0.607905,0.668824,0.692221,0.690272,0.749624,0.661260,0.683322
0.527240,0.538673,0.648530,0.537996,0.640611,0.395484,0.633268,0.580793,0.389257,0.727173,0.694105,0.580403,0.609790,0.675401,0.583960,0.707283,0.000000,0.586487,0.807737,0.642674,0.667035,0.497627,0.646633,0.543431,0.694369,0.496937,0.498963,0.842107,0.569423,0.559386,0.849831,0.739231,0.638716,0.561572,0.553488,0.721848,0.598821,0.547091,0.365709,0.394611,0.634603,0.564354,0.600863,0.317837,0.489866,0.671172,0.680259,0.559535,0.788475,0.592749,0.687771,0.795347,0.441237,0.636408,0.529819,0.550534,0.613378,0.399616,0.636463,0.744582,0.598995,0.350539,0.598480,0.573604,0.778017,0.354514,0.594844,0.647381,0.604377,0.565434,0.717584,0.724343,0.587529,0.651803,0.761247,0.794760,0.646605,0.591398,0.515937,0.709144,0.571657,0.693067,0.517455,0.617044,0.640426,0.651537,0.725613,0.640023,0.778240,0.706338,0.562231,0.613459,0.721740,0.506635,0.594316,0.502030,0.439915,0.580151,0.795282,0.598990,0.503279
0.527337,0.587592,0.594599,0.495712,0.670108,0.455683,0.531892,0.620587,0.475600,0.592077,0.699305,0.648291,0.596676,0.713200,0.585649,0.650160,0.586487,0.000000,0.808604,0.684300,0.616887,0.697101,0.609156,0.501995,0.678455,0.476597,0.543335,0.796993,0.468249,0.522803,0.798976,0.689008,0.757131,0.622340,0.681980,0.624419,0.584577,0.419808,0.550466,0.609231,0.613400,0.428487,0.673537,0.410557,0.541753,0.772475,0.619196,0.537753,0.835553,0.391254,0.722941,0.760111,0.607927,0.652102,0.558652,0.515352,0.441861,0.531036,0.685960,0.685606,0.438733,0.532817,0.704824,0.617778,0.765925,0.444217,0.624971,0.660323,0.492117,0.406457,0.700054,0.643494,0.467588,0.755805,0.663926,0.816115,0.725630,0.608769,0.611335,0.704432,0.677519,0.637092,0.572290,0.396273,0.542879,0.578811,0.645268,0.513391,0.844151,0.628005,0.484127,0.673517,0.663528,0.445960,0.699181,0.521751,0.669361,0.455000,0.600037,0.599005,0.629370
0.532570,0.784012,0.772490,0.846371,0.855655,0.786528,0.834586,0.798733,0.852768,0.862122,0.774947,0.744539,0.848834,0.814660,0.798642,0.863024,0.807737,0.808604,0.000000,0.824569,0.853989,0.873631,0.867264,0.833429,0.780115,0.790378,0.859800,0.327521,0.785102,0.859635,0.343585,0.839979,0.860252,0.891550,0.802885,0.817128,0.854749,0.805758,0.867955,0.883059,0.834471,0.833533,0.869863,0.849126,0.869070,0.849366,0.874286,0.886256,0.385622,0.756798,0.742022,0.680416,0.796449,0.789813,0.753999,0.781641,0.848139,0.844980,0.874441,0.759870,0.784729,0.863375,0.852270,0.864620,0.781009,0.839383,0.901269,0.771136,0.800419,0.844521,0.757376,0.804641,0.818737,0.835897,0.810435,0.519837,0.792845,0.823112,0.806115,0.886525,0.835953,0.844609,0.815090,0.823845,0.836342,0.831650,0.744268,0.737061,0.362646,0.872531,0.860261,0.795085,0.813417,0.902649,0.842384,0.862713,0.784589,0.843701,0.737104,0.922777,0.829284
0.532793,0.628270,0.649825,0.664353,0.658451,0.574895,0.531778,0.564499,0.622916,0.660799,0.616753,0.698758,0.731523,0.725041,0.610455,0.379104,0.642674,0.684300,0.824569,0.000000,0.762363,0.521549,0.535175,0.715336,0.668610,0.657563,0.678122,0.804262,0.691200,0.669896,0.814678,0.798791,0.662177,0.495052,0.606311,0.717429,0.752522,0.703150,0.674969,0.583164,0.530860,0.690708,0.585240,0.652475,0.660102,0.679542,0.661299,0.616131,0.781274,0.676957,0.629212,0.734416,0.668260,0.784931,0.518712,0.739681,0.635433,0.725264,0.724275,0.670346,0.754379,0.580479,0.598849,0.671673,0.691100,0.680298,0.652962,0.592218,0.681153,0.691265,0.662953,0.765323,0.652513,0.685135,0.813314,0.807662,0.697634,0.657157,0.716608,0.736999,0.717217,0.663172,0.557759,0.628459,0.718378,0.698665,0.617771,0.756463,0.775110,0.596121,0.709768,0.680988,0.802763,0.636692,0.605477,0.665671,0.697162,0.697138,0.768983,0.628410,0.600151
0.533209,0.627319,0.603948,0.518650,0.443307,0.590402,0.537736,0.552594,0.591478,0.551022,0.616076,0.706248,0.470821,0.351341,0.661855,0.655103,0.667035,0.616887,0.853989,0.762363,0.000000,0.730311,0.602756,0.573042,0.533715,0.556274,0.470459,0.749051,0.631890,0.571801,0.791866,0.310931,0.619359,0.651387,0.635210,0.541222,0.486352,0.566833,0.614353,0.700508,0.634549,0.601312,0.480462,0.616329,0.681156,0.489174,0.638313,0.519777,0.798807,0.718337,0.655010,0.678281,0.658938,0.667028,0.693562,0.692084,0.614727,0.557973,0.708543,0.635148,0.444775,0.665443,0.557938,0.659220,0.825493,0.566301,0.598891,0.724339,0.715289,0.595883,0.752524,0.639413,0.655989,0.782989,0.414402,0.875775,0.607613,0.726596,0.643246,0.381411,0.535486,0.699523,0.696625,0.688497,0.672131,0.648603,0.742953,0.683268,0.863290,0.621408,0.604198,0.397198,0.320889,0.569896,0.605628,0.586241,0.749699,0.668961,0.538663,0.734755,0.716352
0.534199,0.608331,0.663097,0.701342,0.760975,0.439538,0.643712,0.634449,0.662928,0.709700,0.678109,0.669271,0.700495,0.765937,0.643429,0.656486,0.497627,0.697101,0.873631,0.521549,0.730311,0.000000,0.625317,0.712984,0.712124,0.549584,0.599712,0.843753,0.653373,0.654608,0.820366,0.718343,0.711802,0.617229,0.645172,0.745146,0.625875,0.604014,0.685259,0.552740,0.659196,0.604878,0.677278,0.580505,0.658849,0.737789,0.710847,0.708366,0.820651,0.673464,0.736562,0.809782,0.702210,0.781299,0.581644,0.693781,0.632885,0.646623,0.774545,0.794030,0.696142,0.421842,0.693243,0.681946,0.684059,0.597712,0.697923,0.757193,0.707029,0.706244,0.724265,0.787243,0.612879,0.600715,0.707109,0.792779,0.741925,0.686107,0.622681,0.695601,0.680496,0.704201,0.577322,0.674289,0.679084,0.691551,0.641535,0.747142,0.855182,0.699180,0.701961,0.740938,0.771065,0.544557,0.679888,0.588764,0.700746,0.691544,0.837632,0.656912,0.682644
0.537885,0.535923,0.601712,0.616070,0.667012,0.573453,0.303668,0.590278,0.547487,0.611615,0.285425,0.694703,0.673919,0.679964,0.652922,0.616063,0.646633,0.609156,0.867264,0.535175,0.602756,0.625317,0.000000,0.498217,0.686624,0.615893,0.695961,0.823207,0.658911,0.637927,0.824947,0.739059,0.609565,0.449980,0.504289,0.703044,0.683044,0.597358,0.587163,0.644251,0.549034,0.587621,0.552289,0.556181,0.579512,0.643611,0.692854,0.604975,0.801744,0.625323,0.753164,0.787279,0.592898,0.755080,0.595820,0.614166,0.540424,0.729454,0.636213,0.715579,0.638060,0.643001,0.437167,0.380219,0.774312,0.605849,0.474359,0.657901,0.648342,0.539451,0.514016,0.681245,0.636081,0.679122,0.762408,0.805050,0.741042,0.463955,0.719442,0.744822,0.810808,0.663301,0.651666,0.614673,0.484543,0.744855,0.626256,0.734888,0.779793,0.676347,0.637000,0.706143,0.650981,0.581854,0.603040,0.721682,0.645407,0.600167,0.740532,0.613170,0.667023
0.538203,0.507628,0.580353,0.468857,0.596684,0.485978,0.437838,0.580528,0.468479,0.550231,0.534101,0.601104,0.528961,0.640539,0.560300,0.645807,0.543431,0.501995,0.833429,0.715336,0.573042,0.712984,0.498217,0.000000,0.705469,0.469656,0.513185,0.790754,0.551132,0.516175,0.778503,0.728448,0.637881,0.536325,0.605709,0.654137,0.631281,0.475569,0.521922,0.601756,0.635264,0.515585,0.552068,0.404517,0.571599,0.627320,0.691251,0.490580,0.729779,0.505183,0.779746,0.772651,0.529054,0.649516,0.621304,0.530567,0.572779,0.587131,0.588957,0.669211,0.524394,0.547522,0.540936,0.470014,0.867106,0.494604,0.416305,0.636745,0.536803,0.259916,0.649051,0.563551,0.506862,0.714931,0.806277,0.858306,0.697738,0.616155,0.545824,0.728849,0.643729,0.696021,0.587757,0.540070,0.517124,0.636893,0.676367,0.628700,0.787956,0.578653,0.519817,0.597864,0.609049,0.499377,0.632004,0.545316,0.724125,0.570492,0.702551,0.653633,0.623358
0.541499,0.613856,0.636038,0.565669,0.626576,0.617858,0.633489,0.701579,0.748365,0.629221,0.689617,0.681873,0.698721,0.564501,0.750826,0.703191,0.694369,0.678455,0.780115,0.668610,0.533715,0.712124,0.686624,0.705469,0.000000,0.598437,0.622095,0.779011,0.762182,0.702839,0.784196,0.549084,0.717376,0.697918,0.666200,0.398626,0.523101,0.566478,0.727273,0.759436,0.588305,0.634246,0.542149,0.739316,0.684526,0.684950,0.562974,0.733339,0.733872,0.729874,0.608750,0.602122,0.738957,0.630913,0.703658,0.701848,0.745037,0.584339,0.731575,0.344385,0.593966,0.817693,0.647090,0.765610,0.801870,0.635065,0.688192,0.733953,0.718400,0.686008,0.732254,0.537753,0.651168,0.741861,0.525314,0.775519,0.574404,0.742448,0.717640,0.695194,0.644684,0.501788,0.714899,0.742081,0.682813,0.781192,0.710610,0.650105,0.851019,0.650199,0.799178,0.498778,0.514572,0.661212,0.685660,0.675219,0.716210,0.743150,0.515417,0.706591,0.751092
0.542444,0.584834,0.613079,0.535789,0.648326,0.256164,0.497429,0.569960,0.538621,0.574419,0.623112,0.613845,0.564955,0.644257,0.490877,0.627331,0.496937,0.476597,0.790378,0.657563,0.556274,0.549584,0.615893,0.469656,0.598437,0.000000,0.340814,0.755562,0.461320,0.454640,0.755330,0.545876,0.712596,0.650472,0.665491,0.610664,0.290219,0.193013,0.594597,0.510639,0.626212,0.231935,0.581834,0.391191,0.679093,0.690101,0.646803,0.532040,0.759476,0.446029,0.694103,0.788989,0.559435,0.673832,0.488274,0.557546,0.521015,0.377972,0.680630,0.711884,0.316529,0.473360,0.650899,0.589443,0.815840,0.366288,0.657268,0.698547,0.655078,0.468659,0.700405,0.687156,0.561146,0.692107,0.542172,0.821873,0.636821,0.705117,0.593217,0.631537,0.666338,0.648496,0.496120,0.529098,0.601824,0.615419,0.740909,0.584593,0.822805,0.624624,0.556802,0.535786,0.552638,0.429812,0.532999,0.512242,0.684031,0.596496,0.627189,0.610417,0.660493
0.544188,0.623106,0.638401,0.517524,0.578266,0.381138,0.526209,0.549242,0.584031,0.589304,0.713506,0.633310,0.505934,0.527355,0.552975,0.647746,0.498963,0.543335,0.859800,0.678122,0.470459,0.599712,0.695961,0.513185,0.622095,0.340814,0.000000,0.767983,0.464024,0.413672,0.786658,0.529307,0.720150,0.643761,0.665711,0.603507,0.384445,0.367902,0.545832,0.505432,0.636471,0.447008,0.673031,0.481735,0.601992,0.609461,0.601536,0.389119,0.782521,0.576088,0.751786,0.786903,0.628082,0.646108,0.536900,0.624818,0.555058,0.447601,0.709737,0.707140,0.353552,0.528286,0.695760,0.679157,0.827249,0.451743,0.656870,0.635500,0.611845,0.503288,0.742699,0.658950,0.597650,0.790971,0.538344,0.827306,0.636387,0.722832,0.537732,0.589053,0.543770,0.593247,0.512461,0.565945,0.629080,0.494005,0.794046,0.600918,0.833099,0.634384,0.547078,0.550758,0.569475,0.398478,0.591388,0.413712,0.673418,0.600653,0.618671,0.630540,0.676354
0.545501,0.731716,0.747201,0.803768,0.769554,0.804641,0.790784,0.800553,0.833455,0.805995,0.754815,0.652194,0.792348,0.743979,0.758730,0.787295,0.842107,0.796993,0.327521,0.804262,0.749051,0.843753,0.823207,0.790754,0.779011,0.755562,0.767983,0.000000,0.819110,0.818736,0.193955,0.722388,0.775697,0.835166,0.780034,0.780763,0.769714,0.768895,0.849721,0.854895,0.789376,0.783927,0.845363,0.814038,0.852255,0.815943,0.778070,0.804628,0.420961,0.719509,0.763647,0.626450,0.798543,0.760093,0.728409,0.770954,0.788022,0.823524,0.824605,0.701655,0.710574,0.853516,0.792672,0.831847,0.782676,0.848706,0.876254,0.713993,0.792398,0.794527,0.684598,0.761531,0.783168,0.781157,0.719435,0.506892,0.723715,0.827541,0.846753,0.777208,0.746867,0.797465,0.784272,0.734418,0.791253,0.795610,0.774525,0.699968,0.465561,0.842219,0.830030,0.765499,0.719166,0.827455,0.855858,0.834238,0.788123,0.808611,0.648899,0.870948,0.825376
0.546153,0.658025,0.673991,0.589307,0.582106,0.364408,0.539981,0.604076,0.570082,0.607987,0.695059,0.646815,0.462682,0.640371,0.399671,0.674385,0.569423,0.468249,0.785102,0.691200,0.631890,0.653373,0.658911,0.551132,0.762182,0.461320,0.464024,0.819110,0.000000,0.322037,0.808035,0.707241,0.651103,0.604180,0.712795,0.686809,0.454649,0.437765,0.538314,0.485392,0.645469,0.490776,0.631562,0.474056,0.610828,0.620994,0.634553,0.523452,0.757886,0.580732,0.756113,0.798442,0.636676,0.733960,0.528238,0.641405,0.482205,0.507798,0.698075,0.792417,0.515226,0.598635,0.734210,0.626898,0.786724,0.533063,0.648336,0.654812,0.610006,0.517510,0.698459,0.795119,0.563238,0.711744,0.714264,0.792422,0.702004,0.627004,0.591965,0.673942,0.636484,0.665510,0.491954,0.490192,0.648261,0.583593,0.743863,0.558261,0.755435,0.667304,0.519021,0.676987,0.722991,0.497034,0.596632,0.444819,0.725679,0.511531,0.695189,0.551508,0.639365
0.546203,0.517122,0.629801,0.523080,0.518437,0.395106,0.523890,0.523367,0.547024,0.508573,0.582303,0.672973,0.433765,0.604513,0.348044,0.642931,0.559386,0.522803,0.859635,0.669896,0.571801,0.654608,0.637927,0.516175,0.702839,0.454640,0.413672,0.818736,0.322037,0.000000,0.825124,0.667019,0.563060,0.527128,0.653047,0.663049,0.473851,0.466133,0.456596,0.417089,0.547239,0.510415,0.572865,0.548824,0.633906,0.579012,0.633454,0.472374,0.801099,0.596510,0.761863,0.760270,0.609866,0.689535,0.476364,0.629104,0.524187,0.501599,0.667075,0.743524,0.479303,0.536236,0.647834,0.647586,0.761483,0.539699,0.580648,0.599139,0.623437,0.487343,0.687726,0.695887,0.567739,0.660675,0.657601,0.765732,0.646018,0.645836,0.554172,0.636780,0.631300,0.663954,0.394943,0.500669,0.619105,0.483314,0.713483,0.532802,0.806130,0.639145,0.526508,0.613812,0.652410,0.466671,0.540752,0.449958,0.668674,0.520575,0.702718,0.536520,0.642672
0.547040,0.758761,0.769334,0.815262,0.782048,0.784409,0.789884,0.782603,0.846660,0.830520,0.745761,0.735863,0.836909,0.755487,0.757951,0.795206,0.849831,0.798976,0.343585,0.814678,0.791866,0.820366,0.824947,0.778503,0.784196,0.755330,0.786658,0.193955,0.808035,0.825124,0.000000,0.774335,0.769636,0.831818,0.798131,0.784497,0.826741,0.768809,0.840435,0.861795,0.833693,0.792867,0.872838,0.837797,0.875822,0.821792,0.809224,0.825820,0.349051,0.732230,0.828700,0.636996,0.809141,0.771248,0.770269,0.744608,0.745367,0.829288,0.807805,0.761018,0.699317,0.842798,0.804572,0.821363,0.761645,0.857123,0.873897,0.730233,0.821598,0.755386,0.690633,0.737430,0.819557,0.781260,0.763948,0.503259,0.748446,0.793696,0.856796,0.809611,0.725877,0.828020,0.787462,0.762161,0.755867,0.808724,0.777144,0.683883,0.405309,0.872569,0.828846,0.802821,0.759260,0.771370,0.802018,0.830971,0.774311,0.821734,0.662061,0.910703,0.844100
0.547872,0.587488,0.631862,0.566956,0.471808,0.631987,0.643522,0.595329,0.656112,0.621231,0.723501,0.662392,0.495526,0.377568,0.789284,0.704958,0.739231,0.689008,0.839979,0.798791,0.310931,0.718343,0.739059,0.728448,0.549084,0.545876,0.529307,0.722388,0.707241,0.667019,0.774335,0.000000,0.634045,0.772555,0.666485,0.563626,0.433713,0.580090,0.698341,0.772803,0.676225,0.627665,0.624064,0.700074,0.818825,0.587922,0.702821,0.637349,0.742221,0.769331,0.576770,0.681863,0.760035,0.691958,0.770106,0.710229,0.675592,0.562938,0.687208,0.666439,0.527383,0.687397,0.689806,0.726441,0.809270,0.683546,0.718146,0.726085,0.711399,0.769850,0.785807,0.730533,0.731611,0.732438,0.123460,0.865994,0.626568,0.776487,0.671448,0.383209,0.614052,0.764727,0.747358,0.671996,0.727542,0.668108,0.890261,0.700852,0.845829,0.648824,0.627658,0.438163,0.391784,0.716630,0.600237,0.723346,0.785365,0.686228,0.551412,0.723850,0.750836
0.552964,0.519669,0.733379,0.555175,0.223544,0.705095,0.641574,0.587727,0.571335,0.664799,0.596804,0.635184,0.442160,0.443349,0.544648,0.596375,0.638716,0.757131,0.860252,0.662177,0.619359,0.711802,0.609565,0.637881,0.717376,0.712596,0.720150,0.775697,0.651103,0.563060,0.769636,0.634045,0.000000,0.543582,0.531796,0.733303,0.761950,0.731856,0.441509,0.558861,0.614059,0.726993,0.561712,0.623320,0.684418,0.214764,0.686036,0.596888,0.783139,0.760188,0.717703,0.759140,0.730115,0.703467,0.632960,0.799911,0.666317,0.666935,0.569794,0.731385,0.728066,0.644348,0.600072,0.672532,0.788637,0.740555,0.592411,0.705020,0.677034,0.691285,0.643213,0.686510,0.724253,0.545679,0.724313,0.813242,0.552763,0.651286,0.689048,0.669873,0.623837,0.733285,0.636977,0.758090,0.764056,0.683245,0.743436,0.721118,0.813176,0.667672,0.654359,0.663756,0.704694,0.680887,0.495742,0.697948,0.577610,0.629614,0.766402,0.556038,0.649019
0.553093,0.492626,0.661324,0.541965,0.661673,0.559928,0.457270,0.436777,0.441383,0.613477,0.467158,0.666463,0.619972,0.646626,0.511501,0.490756,0.561572,0.622340,0.891550,0.495052,0.651387,0.617229,0.449980,0.536325,0.697918,0.650472,0.643761,0.835166,0.604180,0.527128,0.831818,0.772555,0.543582,0.000000,0.494298,0.686779,0.678648,0.648228,0.487345,0.551433,0.470006,0.652000,0.491596,0.570359,0.482120,0.594576,0.671285,0.582441,0.787072,0.650866,0.687224,0.691708,0.598976,0.680797,0.519060,0.648999,0.525894,0.649445,0.569056,0.661956,0.687111,0.558704,0.476846,0.481527,0.761960,0.621956,0.283092,0.512375,0.621317,0.506866,0.533840,0.724844,0.620055,0.611206,0.799128,0.811075,0.683844,0.455959,0.626096,0.711786,0.672116,0.677762,0.572003,0.573628,0.578351,0.715534,0.665779,0.727561,0.759325,0.586651,0.637690,0.653511,0.757917,0.530544,0.566183,0.624548,0.597734,0.580986,0.742942,0.579451,0.535601
0.554188,0.493603,0.685501,0.643304,0.605769,0.643814,0.571958,0.636585,0.467309,0.653735,0.500843,0.574022,0.649669,0.622686,0.684097,0.611177,0.553488,0.681980,0.802885,0.606311,0.635210,0.645172,0.504289,0.605709,0.666200,0.665491,0.665711,0.780034,0.712795,0.653047,0.798131,0.666485,0.531796,0.494298,0.000000,0.718778,0.651383,0.679743,0.429636,0.599546,0.568832,0.676356,0.568836,0.634476,0.579777,0.597873,0.669960,0.569796,0.766834,0.719781,0.684742,0.764177,0.652642,0.754055,0.463543,0.663693,0.662738,0.651986,0.639573,0.669848,0.714118,0.634079,0.490309,0.476322,0.812162,0.640625,0.552832,0.633456,0.688538,0.645610,0.591487,0.681231,0.746903,0.681354,0.711370,0.798373,0.546904,0.588093,0.721238,0.718767,0.595874,0.681279,0.595044,0.674182,0.607663,0.694752,0.702253,0.702866,0.721531,0.654925,0.644599,0.648983,0.709384,0.619568,0.499997,0.661003,0.459254,0.643938,0.750054,0.658760,0.551155
0.554740,0.547382,0.577759,0.470274,0.606962,0.630935,0.535254,0.728753,0.619166,0.634447,0.700225,0.665860,0.637952,0.572904,0.648098,0.585135,0.721848,0.624419,0.817128,0.717429,0.541222,0.745146,0.703044,0.654137,0.398626,0.610664,0.603507,0.780763,0.686809,0.663049,0.784497,0.563626,0.733303,0.686779,0.718778,0.000000,0.571515,0.619483,0.685564,0.753561,0.646656,0.657691,0.597057,0.705555,0.642737,0.703854,0.381284,0.656101,0.795860,0.701660,0.670350,0.672760,0.665935,0.699554,0.747459,0.575725,0.655497,0.623641,0.745372,0.345406,0.565806,0.764339,0.703885,0.640030,0.821118,0.638628,0.688806,0.762000,0.759895,0.605416,0.689188,0.537782,0.619231,0.803282,0.648689,0.789746,0.663711,0.676538,0.636197,0.699149,0.577638,0.464494,0.677622,0.683708,0.587602,0.675939,0.757990,0.668443,0.847711,0.611194,0.748546,0.502651,0.581759,0.614367,0.669969,0.652742,0.714462,0.724055,0.635600,0.640422,0.707813
0.555956,0.610968,0.629497,0.589062,0.629706,0.341367,0.563164,0.568218,0.595825,0.614071,0.700529,0.682050,0.523174,0.567787,0.529402,0.717622,0.598821,0.584577,0.854749,0.752522,0.486352,0.625875,0.683044,0.631281,0.523101,0.290219,0.384445,0.769714,0.454649,0.473851,0.826741,0.433713,0.761950,0.678648,0.651383,0.571515,0.000000,0.363754,0.647850,0.555484,0.601238,0.399189,0.617448,0.580436,0.739600,0.668696,0.667212,0.614910,0.777191,0.601949,0.636219,0.718726,0.701000,0.661584,0.565301,0.651539,0.624192,0.432428,0.674835,0.655439,0.417356,0.651012,0.706756,0.668777,0.750114,0.542568,0.672508,0.684075,0.712408,0.637656,0.734446,0.722298,0.731508,0.727469,0.401272,0.845015,0.607906,0.661518,0.696231,0.495382,0.703077,0.670696,0.578036,0.529595,0.674265,0.654440,0.822507,0.604667,0.832789,0.680389,0.578502,0.525507,0.500022,0.556224,0.537588,0.565348,0.660393,0.643606,0.556732,0.640676,0.693751
0.555974,0.598566,0.642268,0.535207,0.623988,0.312566,0.492202,0.566923,0.530002,0.588964,0.669670,0.621952,0.560187,0.642443,0.551787,0.653363,0.547091,0.419808,0.805758,0.703150,0.566833,0.604014,0.597358,0.475569,0.566478,0.193013,0.367902,0.768895,0.437765,0.466133,0.768809,0.580090,0.731856,0.648228,0.679743,0.619483,0.363754,0.000000,0.585003,0.561911,0.624033,0.168882,0.614579,0.342144,0.630695,0.710067,0.672775,0.556745,0.734650,0.363300,0.731207,0.759161,0.572122,0.685022,0.531450,0.529917,0.558859,0.401217,0.675022,0.686530,0.317408,0.540974,0.641791,0.599302,0.788853,0.359695,0.636185,0.679769,0.651747,0.495957,0.715068,0.684231,0.535534,0.717169,0.567813,0.857369,0.631923,0.672337,0.576102,0.637854,0.682731,0.660721,0.516774,0.536666,0.612535,0.611868,0.740746,0.564436,0.819038,0.613682,0.521347,0.551761,0.543681,0.485103,0.572087,0.495625,0.726142,0.514344,0.606549,0.609704,0.643895
0.557265,0.425053,0.632325,0.464329,0.446944,0.589523,0.597081,0.560916,0.289070,0.616203,0.581825,0.531803,0.450781,0.599539,0.545047,0.647069,0.365709,0.550466,0.867955,0.674969,0.614353,0.685259,0.587163,0.521922,0.727273,0.594597,0.545832,0.849721,0.538314,0.456596,0.840435,0.698341,0.441509,0.487345,0.429636,0.685564,0.647850,0.585003,0.000000,0.508468,0.591696,0.609047,0.553547,0.411059,0.371597,0.540293,0.602728,0.427211,0.831184,0.638627,0.721840,0.796993,0.566977,0.654651,0.609604,0.517226,0.524037,0.583814,0.595684,0.735654,0.558770,0.525981,0.507487,0.443341,0.873975,0.488989,0.478158,0.611528,0.583418,0.472141,0.530810,0.660259,0.615273,0.611409,0.738487,0.886185,0.561511,0.490062,0.590801,0.720998,0.546178,0.644836,0.600903,0.600256,0.535377,0.591934,0.744700,0.626505,0.807614,0.633174,0.545469,0.593345,0.729202,0.506128,0.449577,0.550711,0.401019,0.552663,0.812877,0.493789,0.470576
0.558348,0.571227,0.639231,0.581974,0.580153,0.409478,0.613984,0.571549,0.533937,0.608034,0.581939,0.568571,0.550206,0.642397,0.462392,0.661374,0.394611,0.609231,0.883059,0.583164,0.700508,0.552740,0.644251,0.601756,0.759436,0.510639,0.505432,0.854895,0.485392,0.417089,0.861795,0.772803,0.558861,0.551433,0.599546,0.753561,0.555484,0.561911,0.508468,0.000000,0.614239,0.579498,0.615055,0.482263,0.629190,0.573403,0.644632,0.498537,0.837955,0.645791,0.718192,0.809848,0.586270,0.681661,0.515656,0.667165,0.660888,0.461402,0.650385,0.762454,0.608559,0.488088,0.666281,0.645120,0.815528,0.466561,0.642067,0.666177,0.666371,0.601529,0.663663,0.788533,0.627942,0.710828,0.745739,0.846347,0.619492,0.649817,0.624481,0.654341,0.635638,0.669811,0.545276,0.597230,0.689650,0.565568,0.755948,0.636207,0.823378,0.697945,0.598523,0.698748,0.729864,0.517473,0.547645,0.496209,0.610806,0.607988,0.740404,0.506455,0.586539
0.558350,0.548952,0.609329,0.567111,0.634286,0.570828,0.518516,0.581399,0.552055,0.610168,0.558768,0.649529,0.688337,0.636278,0.539536,0.523175,0.634603,0.613400,0.834471,0.530860,0.634549,0.659196,0.549034,0.635264,0.588305,0.626212,0.636471,0.789376,0.645469,0.547239,0.833693,0.676225,0.614059,0.470006,0.568832,0.646656,0.601238,0.624033,0.591696,0.614239,0.000000,0.568373,0.600614,0.640386,0.560909,0.623798,0.619175,0.575157,0.812144,0.716889,0.599575,0.647011,0.707967,0.656779,0.484706,0.726458,0.565472,0.623553,0.576139,0.584916,0.683977,0.619167,0.559502,0.673067,0.725432,0.642173,0.580657,0.539604,0.593475,0.583580,0.635148,0.638673,0.664667,0.738653,0.650740,0.693800,0.563044,0.634491,0.639122,0.727076,0.687208,0.609547,0.503311,0.563756,0.610404,0.610873,0.671938,0.604356,0.769313,0.565762,0.616229,0.612092,0.708886,0.576574,0.596768,0.668290,0.591493,0.663230,0.592808,0.594983,0.641302
0.558622,0.631113,0.679754,0.556932,0.651979,0.334478,0.483589,0.561804,0.509110,0.601408,0.653679,0.638339,0.619465,0.691490,0.448636,0.614527,0.564354,0.428487,0.833533,0.690708,0.601312,0.604878,0.587621,0.515585,0.634246,0.231935,0.447008,0.783927,0.490776,0.510415,0.792867,0.627665,0.726993,0.652000,0.676356,0.657691,0.399189,0.168882,0.609047,0.579498,0.568373,0.000000,0.624808,0.395568,0.642246,0.716331,0.659239,0.597041,0.719056,0.405464,0.759651,0.765765,0.615360,0.684940,0.461050,0.583486,0.523286,0.477920,0.668541,0.740826,0.412561,0.529429,0.665876,0.622382,0.782255,0.424119,0.658071,0.625668,0.631440,0.500225,0.684543,0.693997,0.527987,0.693358,0.643185,0.816012,0.643135,0.662687,0.565572,0.658191,0.682592,0.679690,0.455243,0.514093,0.613505,0.628173,0.684698,0.575652,0.796954,0.604969,0.571332,0.590597,0.627483,0.464528,0.587102,0.544042,0.687802,0.546029,0.644993,0.603699,0.659872
0.558771,0.601842,0.635893,0.586502,0.536246,0.561203,0.554335,0.575142,0.585433,0.411713,0.548210,0.655183,0.567296,0.509242,0.599860,0.623885,0.600863,0.673537,0.869863,0.585240,0.480462,0.677278,0.552289,0.552068,0.542149,0.581834,0.673031,0.845363,0.631562,0.572865,0.872838,0.624064,0.561712,0.491596,0.568836,0.597057,0.617448,0.614579,0.553547,0.615055,0.600614,0.624808,0.000000,0.639570,0.628397,0.559404,0.615402,0.596516,0.826661,0.727915,0.637763,0.604758,0.670890,0.690697,0.642352,0.712312,0.687397,0.607531,0.624850,0.601081,0.610462,0.679089,0.448765,0.632367,0.781679,0.591818,0.524890,0.715973,0.735574,0.565885,0.691192,0.543929,0.608838,0.687546,0.653762,0.883501,0.577360,0.682442,0.675314,0.628841,0.567211,0.613000,0.683623,0.689730,0.682972,0.735563,0.653244,0.619885,0.856737,0.637334,0.680725,0.268372,0.484645,0.623307,0.591033,0.681765,0.662016,0.657496,0.626992,0.708192,0.606288
0.558955,0.532041,0.640371,0.486626,0.605644,0.406415,0.546695,0.587769,0.384223,0.681554,0.678469,0.605857,0.535823,0.670705,0.582821,0.686261,0.317837,0.410557,0.849126,0.652475,0.616329,0.580505,0.556181,0.404517,0.739316,0.391191,0.481735,0.814038,0.474056,0.548824,0.837797,0.700074,0.623320,0.570359,0.634476,0.705555,0.580436,0.342144,0.411059,0.482263,0.640386,0.395568,0.639570,0.000000,0.512466,0.648784,0.672380,0.530397,0.782602,0.415787,0.797337,0.827856,0.443386,0.683435,0.557763,0.517848,0.490270,0.394156,0.612692,0.731373,0.449328,0.415869,0.627054,0.472677,0.863941,0.251922,0.525900,0.654171,0.506419,0.448207,0.651739,0.688982,0.489261,0.705322,0.739616,0.853742,0.670853,0.552536,0.526854,0.703953,0.606687,0.691037,0.554759,0.518157,0.542256,0.672268,0.754139,0.578384,0.834119,0.631089,0.374783,0.647821,0.678528,0.435624,0.604103,0.488481,0.611288,0.439759,0.695028,0.580446,0.555206
