0.000000,0.252273,0.300060,0.325823,0.381859,0.397970,0.398336,0.402478,0.415756,0.416507,0.425661,0.431206,0.435233,0.441336,0.445533,0.446563,0.448142,0.451729,0.454609,0.457524,0.461618,0.464859,0.477995,0.481368,0.481813,0.482648,0.485451,0.486493,0.500640,0.501703,0.502039,0.503012,0.503103,0.504911,0.504917,0.507714,0.509230,0.509953,0.511242,0.511621,0.512184,0.512331,0.512594,0.513722,0.515040,0.517312,0.520725,0.520796,0.524675,0.525117,0.525436,0.525759,0.526277,0.527082,0.527157,0.528961,0.529324,0.529369,0.529713,0.529969,0.530550,0.530959,0.531205,0.532397,0.532514,0.532564,0.533174,0.533973,0.534101,0.535557,0.537227,0.537833,0.541504,0.542052,0.543461,0.544102,0.545730,0.545947,0.546604,0.547400,0.547470,0.547488,0.548109,0.548393,0.549821,0.550254,0.553174,0.554352,0.554704,0.555148,0.555171,0.555202,0.555632,0.556640,0.556817,0.556974,0.557255,0.558070,0.558848,0.558940,0.559917,0.560053,0.560120,0.560234,0.560239,0.560648,0.561290,0.561472,0.562558,0.563102,0.563226,0.563702,0.564022,0.564132,0.564560,0.564670,0.564706,0.565135,0.565365,0.565827,0.565836,0.565847,0.566229,0.566474,0.566527,0.566924,0.567211,0.567257,0.567344,0.567487,0.567785,0.568668,0.568710,0.569114,0.569315,0.569336,0.569518,0.570612,0.570958,0.570968,0.571121,0.571269,0.571987,0.572303,0.572472,0.573265,0.574202,0.574493,0.575261,0.576144,0.577127,0.577866,0.577979,0.578120,0.578331,0.578518,0.579739,0.580071,0.581950,0.582123,0.582195,0.582460,0.582680,0.582761,0.583401,0.583555,0.584000,0.584216,0.584434,0.584502,0.585552,0.585846,0.586043,0.586113,0.586342,0.586564,0.586771,0.586889,0.587145,0.587639,0.588066,0.589712,0.589836,0.590395,0.590769,0.591141,0.591219,0.592944,0.593085,0.593550,0.593711,0.594244,0.594444,0.594461,0.594679,0.594794,0.594986,0.595051,0.595276,0.595469,0.595619
0.252273,0.000000,0.534272,0.543241,0.551298,0.565063,0.592630,0.658893,0.526986,0.618193,0.541918,0.618201,0.398815,0.631452,0.482622,0.677760,0.595560,0.631484,0.607446,0.642432,0.580931,0.631427,0.637907,0.535265,0.646082,0.630843,0.437920,0.620829,0.653490,0.393814,0.635177,0.569180,0.612151,0.633945,0.633822,0.630260,0.634812,0.630700,0.664470,0.674784,0.615540,0.596405,0.647736,0.640944,0.664658,0.499679,0.691981,0.646110,0.689673,0.633310,0.619905,0.480953,0.629872,0.588731,0.652013,0.675881,0.524650,0.655176,0.650206,0.667253,0.610773,0.681392,0.629071,0.660245,0.657253,0.571705,0.613459,0.652506,0.665228,0.660125,0.545582,0.689248,0.680071,0.597884,0.654525,0.626773,0.648510,0.639613,0.652266,0.673545,0.604534,0.651637,0.659378,0.513460,0.686420,0.630546,0.676648,0.645548,0.776529,0.618286,0.680784,0.556425,0.669612,0.689332,0.542588,0.708007,0.704749,0.668754,0.675758,0.711949,0.659460,0.700240,0.645561,0.671281,0.692862,0.590134,0.644105,0.585501,0.645720,0.644461,0.667063,0.687541,0.684413,0.626901,0.566986,0.654882,0.558000,0.525811,0.703197,0.455096,0.653298,0.679438,0.626350,0.692159,0.677953,0.667097,0.508025,0.645155,0.734908,0.643377,0.663496,0.583449,0.728982,0.694400,0.616523,0.681035,0.533096,0.652990,0.625852,0.673607,0.631756,0.662841,0.666376,0.734885,0.721669,0.672719,0.658111,0.631074,0.663663,0.512653,0.689632,0.665410,0.703693,0.660325,0.662754,0.665251,0.710826,0.710741,0.647191,0.695633,0.679855,0.684964,0.532700,0.651519,0.680690,0.700848,0.682026,0.724543,0.666334,0.654722,0.703343,0.630152,0.722107,0.728052,0.620919,0.630195,0.682633,0.629897,0.706409,0.662102,0.720949,0.686787,0.668785,0.602615,0.748236,0.512851,0.623628,0.662705,0.686240,0.655543,0.573625,0.628823,0.653114,0.756926,0.680444,0.684759,0.554479,0.730128,0.632772,0.681253,0.691842
0.300060,0.534272,0.000000,0.193960,0.388493,0.394803,0.180953,0.289231,0.451171,0.319913,0.374510,0.320886,0.704819,0.287551,0.399790,0.337712,0.217968,0.344003,0.331289,0.350106,0.387412,0.303468,0.435599,0.664383,0.370189,0.403488,0.670189,0.373404,0.355842,0.697428,0.475281,0.616578,0.446090,0.427894,0.428103,0.479961,0.454071,0.314989,0.372235,0.456403,0.479478,0.488584,0.350287,0.484639,0.411613,0.700494,0.439525,0.421175,0.431966,0.425696,0.498418,0.651916,0.486309,0.691192,0.382745,0.492493,0.678537,0.471775,0.458643,0.467228,0.403869,0.487974,0.465744,0.491238,0.427455,0.634302,0.477363,0.466912,0.480792,0.441543,0.553129,0.461369,0.507282,0.556529,0.495661,0.446661,0.506632,0.394944,0.496660,0.441467,0.475644,0.470297,0.486804,0.510514,0.406606,0.627393,0.463307,0.447497,0.604561,0.439448,0.456093,0.749609,0.483953,0.502051,0.759330,0.508091,0.470587,0.439666,0.560365,0.502708,0.420229,0.543271,0.497556,0.543688,0.471909,0.568790,0.575830,0.618428,0.508924,0.534109,0.637245,0.456764,0.535202,0.567831,0.707672,0.440807,0.729800,0.766950,0.440642,0.791860,0.514408,0.439183,0.420431,0.474127,0.488240,0.442015,0.836841,0.535201,0.537454,0.592792,0.461468,0.738504,0.518989,0.471693,0.587024,0.518726,0.760585,0.522275,0.482361,0.458699,0.537518,0.488824,0.549594,0.425536,0.563280,0.484807,0.510996,0.545069,0.466929,0.825169,0.487989,0.511909,0.543715,0.537807,0.566553,0.505158,0.530615,0.494836,0.529234,0.507436,0.487091,0.502396,0.560283,0.487495,0.522286,0.471617,0.555854,0.516598,0.502465,0.543423,0.497381,0.709882,0.475418,0.524606,0.666236,0.591082,0.481051,0.503135,0.512154,0.493048,0.549438,0.561112,0.494371,0.558328,0.495539,0.843782,0.497192,0.483321,0.514649,0.509219,0.771459,0.537699,0.490090,0.516642,0.608944,0.527455,0.793430,0.487190,0.489388,0.565529,0.586880
0.325823,0.543241,0.193960,0.000000,0.357401,0.451365,0.226651,0.280053,0.446244,0.286797,0.383493,0.233051,0.733588,0.324604,0.399363,0.316158,0.325121,0.347273,0.348383,0.371282,0.378370,0.329828,0.418009,0.683980,0.380330,0.351457,0.654917,0.351025,0.333917,0.692730,0.449562,0.648753,0.447849,0.446951,0.407386,0.473370,0.374033,0.364647,0.393455,0.468626,0.535714,0.457436,0.383484,0.522211,0.458642,0.751534,0.455481,0.427415,0.468961,0.440309,0.442777,0.658396,0.400603,0.740945,0.372282,0.474177,0.699076,0.502416,0.429041,0.505544,0.421980,0.442402,0.467583,0.571847,0.404993,0.657394,0.510932,0.411844,0.417893,0.478177,0.521922,0.399238,0.476664,0.485773,0.408099,0.373374,0.449706,0.472651,0.413079,0.458811,0.476577,0.458092,0.498074,0.525799,0.438984,0.647572,0.429480,0.395375,0.594960,0.420646,0.415909,0.782112,0.483451,0.487984,0.719212,0.514651,0.464146,0.450414,0.586753,0.502686,0.502811,0.554589,0.473720,0.562999,0.499742,0.533947,0.628246,0.588895,0.433571,0.545604,0.650808,0.496961,0.490430,0.592638,0.775643,0.454932,0.769729,0.753148,0.465357,0.822986,0.447990,0.486732,0.463272,0.516350,0.493643,0.419926,0.835364,0.539724,0.507335,0.625330,0.469786,0.719421,0.505914,0.506814,0.503077,0.510124,0.753215,0.435515,0.508041,0.474013,0.638689,0.468301,0.516147,0.463393,0.546531,0.526223,0.505662,0.509163,0.519413,0.813703,0.453582,0.488833,0.524805,0.545298,0.571902,0.486392,0.490186,0.542307,0.539474,0.425201,0.521126,0.476046,0.599590,0.506450,0.502970,0.524909,0.518515,0.498736,0.501686,0.563880,0.572568,0.746493,0.476521,0.580902,0.682139,0.554456,0.522907,0.572581,0.515626,0.471391,0.588081,0.536245,0.501086,0.560530,0.515110,0.820528,0.506683,0.487962,0.496096,0.493718,0.766622,0.527308,0.513412,0.520865,0.623102,0.520348,0.781332,0.518051,0.535415,0.493762,0.592993
0.381859,0.551298,0.388493,0.357401,0.000000,0.562081,0.401225,0.425767,0.459266,0.514073,0.449882,0.372567,0.721018,0.486443,0.458295,0.488559,0.477626,0.474993,0.454262,0.494196,0.463958,0.452676,0.468372,0.623204,0.516011,0.526163,0.652050,0.542776,0.503970,0.657376,0.572148,0.712149,0.560492,0.493879,0.458414,0.592500,0.561929,0.523903,0.458505,0.579920,0.554395,0.564572,0.513752,0.525447,0.562766,0.737938,0.505479,0.523174,0.491356,0.479145,0.496746,0.675238,0.488898,0.746383,0.564665,0.536903,0.720331,0.550408,0.573305,0.489287,0.491737,0.594620,0.543540,0.598049,0.562715,0.553416,0.561919,0.534734,0.558803,0.574840,0.566612,0.479551,0.532315,0.573792,0.515103,0.510884,0.507227,0.531516,0.507153,0.572241,0.533382,0.526635,0.540420,0.533691,0.545511,0.630693,0.553061,0.472748,0.551575,0.615522,0.586730,0.695491,0.542277,0.564567,0.595734,0.592413,0.523797,0.565499,0.614299,0.561176,0.563034,0.620351,0.597101,0.573406,0.666907,0.593059,0.622442,0.638459,0.531201,0.537593,0.550541,0.587818,0.444218,0.656923,0.684211,0.518691,0.696065,0.731961,0.560220,0.705407,0.578611,0.541394,0.534441,0.526261,0.609524,0.518001,0.708032,0.609264,0.533531,0.580288,0.598535,0.719029,0.422955,0.530081,0.596954,0.596588,0.764758,0.594233,0.604200,0.603589,0.751170,0.583146,0.643185,0.613991,0.574085,0.556355,0.587063,0.622804,0.651555,0.799357,0.622897,0.583191,0.605982,0.553453,0.664129,0.485295,0.541845,0.631043,0.566305,0.537402,0.667737,0.538794,0.624066,0.586249,0.543610,0.666198,0.542944,0.569559,0.561059,0.576807,0.642811,0.647973,0.546127,0.637608,0.527412,0.598855,0.636820,0.619737,0.528739,0.552120,0.622004,0.520911,0.575148,0.516764,0.603654,0.727373,0.546919,0.601697,0.588689,0.639720,0.763723,0.633741,0.580968,0.483504,0.685428,0.607702,0.620351,0.605136,0.567780,0.657620,0.554586
0.397970,0.565063,0.394803,0.451365,0.562081,0.000000,0.485594,0.378985,0.591373,0.555996,0.553864,0.569030,0.725668,0.448286,0.563968,0.571523,0.483920,0.462175,0.493517,0.577726,0.545222,0.462518,0.557494,0.717056,0.631993,0.568600,0.717981,0.543996,0.586593,0.703873,0.633276,0.732817,0.655343,0.464435,0.628893,0.643378,0.615559,0.496067,0.502234,0.602250,0.482227,0.626111,0.573624,0.640070,0.600039,0.664067,0.573306,0.627865,0.628863,0.624668,0.688043,0.694127,0.642208,0.739247,0.669696,0.689642,0.725294,0.590774,0.620100,0.621665,0.568377,0.631338,0.632870,0.683221,0.619965,0.671043,0.672817,0.606981,0.667502,0.572823,0.633782,0.592350,0.631795,0.612321,0.630809,0.612792,0.661741,0.627994,0.667170,0.586828,0.683990,0.498764,0.609897,0.653667,0.554615,0.745912,0.553218,0.626100,0.620236,0.689428,0.680606,0.649437,0.592548,0.669055,0.775240,0.665449,0.541470,0.689474,0.651930,0.691745,0.656986,0.667693,0.751280,0.683910,0.652689,0.679989,0.574771,0.622057,0.649624,0.685865,0.702371,0.593140,0.641962,0.590262,0.681918,0.650755,0.697460,0.745352,0.686726,0.727313,0.697211,0.629006,0.667030,0.601822,0.670036,0.627425,0.763537,0.653578,0.570912,0.729174,0.733951,0.676027,0.607482,0.697950,0.661628,0.672229,0.752861,0.742034,0.694760,0.706968,0.612647,0.754783,0.745550,0.647764,0.634234,0.646950,0.649151,0.707789,0.602145,0.848320,0.715052,0.665367,0.659453,0.590125,0.730090,0.598561,0.661586,0.662421,0.675200,0.678345,0.662016,0.732875,0.666267,0.716448,0.665768,0.664749,0.710448,0.657466,0.592984,0.738029,0.655299,0.739141,0.702920,0.662783,0.750930,0.709215,0.668056,0.635148,0.615780,0.666893,0.573006,0.601927,0.591351,0.655763,0.688883,0.794519,0.719663,0.709150,0.739406,0.733696,0.757328,0.631268,0.559609,0.640348,0.723603,0.699141,0.812596,0.678960,0.701976,0.696158,0.684610
0.398336,0.592630,0.180953,0.226651,0.401225,0.485594,0.000000,0.324057,0.460609,0.345232,0.367208,0.323215,0.783232,0.302957,0.385885,0.391360,0.278467,0.338450,0.338586,0.417535,0.361476,0.355461,0.402111,0.735996,0.377284,0.409153,0.719994,0.365344,0.369159,0.749686,0.459913,0.650431,0.437811,0.429031,0.401347,0.471020,0.444490,0.362861,0.372998,0.462751,0.532531,0.472457,0.353958,0.472656,0.439543,0.750813,0.450640,0.375202,0.412377,0.437743,0.476254,0.695168,0.401840,0.760621,0.404758,0.468510,0.729635,0.510817,0.509282,0.458059,0.430032,0.465094,0.452382,0.571410,0.437389,0.646693,0.533202,0.482381,0.477127,0.511062,0.538028,0.412150,0.452817,0.570097,0.429104,0.441952,0.436419,0.401978,0.423287,0.452701,0.485826,0.418827,0.490243,0.468116,0.412558,0.651896,0.466805,0.433673,0.627778,0.462861,0.447819,0.841936,0.472979,0.506279,0.731833,0.518831,0.468932,0.389377,0.588995,0.484483,0.395684,0.565844,0.456612,0.603878,0.470998,0.566366,0.611648,0.636561,0.438615,0.530356,0.687201,0.530693,0.485491,0.619890,0.778452,0.416542,0.793227,0.800943,0.474081,0.833376,0.525098,0.471075,0.426873,0.480830,0.451190,0.488242,0.888040,0.548027,0.519918,0.584868,0.490815,0.784908,0.486174,0.488589,0.597094,0.533460,0.799435,0.501419,0.465369,0.422336,0.585877,0.429889,0.511247,0.459147,0.587137,0.481290,0.510465,0.557051,0.517064,0.870835,0.522310,0.536498,0.564515,0.545776,0.550177,0.475793,0.487333,0.524029,0.486460,0.448792,0.504073,0.434684,0.586958,0.468794,0.524424,0.505023,0.548626,0.485121,0.544900,0.509885,0.558541,0.724271,0.470362,0.549671,0.676489,0.528619,0.487956,0.532219,0.501094,0.488940,0.582844,0.549920,0.499145,0.531326,0.550508,0.888211,0.480122,0.542672,0.474048,0.568660,0.810835,0.536554,0.545956,0.529521,0.659762,0.524379,0.789499,0.554093,0.481261,0.521321,0.571302
0.402478,0.658893,0.289231,0.280053,0.425767,0.378985,0.324057,0.000000,0.516496,0.425160,0.539378,0.400595,0.782100,0.365424,0.572697,0.323886,0.399514,0.365897,0.345395,0.491550,0.447179,0.401725,0.453176,0.764688,0.519308,0.514808,0.737443,0.491259,0.498441,0.754307,0.589592,0.718601,0.615934,0.502398,0.494375,0.604084,0.501789,0.458659,0.455863,0.575568,0.520755,0.571809,0.457895,0.596528,0.570201,0.784574,0.469618,0.555107,0.544311,0.586395,0.598204,0.719009,0.558225,0.786995,0.604356,0.555736,0.775970,0.569779,0.598849,0.576731,0.526029,0.595930,0.642140,0.644218,0.583963,0.687206,0.613846,0.597025,0.619155,0.574051,0.630559,0.508542,0.593875,0.646592,0.544822,0.545199,0.569906,0.596792,0.567183,0.557942,0.608547,0.519024,0.612764,0.665497,0.458610,0.700871,0.536880,0.520472,0.565311,0.646630,0.618453,0.785628,0.574590,0.571911,0.812255,0.518848,0.485049,0.592784,0.716590,0.633479,0.602283,0.642604,0.655050,0.615231,0.600138,0.669276,0.642557,0.691598,0.564637,0.667155,0.735004,0.604317,0.573247,0.676943,0.781890,0.555293,0.802522,0.843128,0.587781,0.829727,0.663000,0.628926,0.608921,0.570427,0.616230,0.588413,0.899292,0.602876,0.530766,0.651213,0.651814,0.710917,0.550287,0.643440,0.680466,0.661957,0.844843,0.669368,0.655288,0.620781,0.715914,0.626495,0.689687,0.530543,0.623992,0.648777,0.582005,0.701835,0.628217,0.879950,0.497365,0.676719,0.614927,0.620437,0.685707,0.572372,0.578440,0.610558,0.605309,0.564106,0.638849,0.627388,0.727088,0.684133,0.608573,0.645991,0.637922,0.542392,0.544581,0.659761,0.621321,0.773855,0.628977,0.637953,0.747364,0.704571,0.609629,0.670637,0.546075,0.620324,0.633290,0.572813,0.604720,0.698871,0.578155,0.875932,0.676479,0.605836,0.643052,0.614713,0.831851,0.604231,0.543671,0.537196,0.611728,0.663168,0.851940,0.583706,0.670710,0.656650,0.705090
0.415756,0.526986,0.451171,0.446244,0.459266,0.591373,0.460609,0.516496,0.000000,0.522728,0.417703,0.463836,0.600131,0.494690,0.421850,0.606349,0.478700,0.532976,0.451393,0.570668,0.408540,0.607739,0.438127,0.584314,0.518507,0.523770,0.631791,0.531962,0.508934,0.663561,0.355484,0.636768,0.380923,0.597399,0.454321,0.408546,0.426939,0.606241,0.502028,0.415883,0.508957,0.636523,0.492838,0.572506,0.527868,0.702899,0.484676,0.548995,0.477311,0.527928,0.410968,0.555404,0.300351,0.722646,0.455993,0.580814,0.703637,0.585902,0.505899,0.559686,0.495666,0.341605,0.548233,0.614409,0.516905,0.547585,0.465702,0.444506,0.523093,0.625771,0.479304,0.311861,0.402023,0.498526,0.268870,0.540376,0.354953,0.556197,0.328682,0.628209,0.535620,0.522455,0.520250,0.552614,0.617742,0.688420,0.551809,0.431082,0.522935,0.433681,0.482725,0.706170,0.486167,0.572217,0.640764,0.603865,0.382209,0.538485,0.575302,0.401165,0.528384,0.583702,0.435173,0.622343,0.563783,0.439506,0.559937,0.602975,0.348799,0.582243,0.677718,0.634597,0.385454,0.631241,0.701412,0.493041,0.722449,0.713152,0.616260,0.745236,0.401708,0.541352,0.555451,0.541554,0.499546,0.578151,0.705909,0.598134,0.554945,0.616990,0.537494,0.704373,0.446343,0.555245,0.481736,0.559168,0.694301,0.386737,0.533451,0.532857,0.641295,0.462250,0.435906,0.588153,0.533352,0.556226,0.628526,0.536264,0.638232,0.705168,0.650624,0.532137,0.479136,0.557506,0.480740,0.523799,0.262882,0.601206,0.586211,0.330156,0.601940,0.375251,0.597456,0.563519,0.611513,0.572203,0.510704,0.364847,0.661394,0.494281,0.518929,0.745624,0.580773,0.510318,0.630439,0.509990,0.573461,0.606016,0.501849,0.296178,0.564093,0.450580,0.662905,0.507581,0.618772,0.699649,0.553095,0.681829,0.428780,0.671876,0.674075,0.653206,0.653565,0.486381,0.710082,0.580739,0.628930,0.654440,0.606994,0.381431,0.569217
0.416507,0.618193,0.319913,0.286797,0.514073,0.555996,0.345232,0.425160,0.522728,0.000000,0.464123,0.388117,0.722578,0.420411,0.480279,0.431563,0.438642,0.449437,0.405080,0.444885,0.443900,0.457085,0.483594,0.706991,0.397278,0.477682,0.667147,0.259562,0.342564,0.707010,0.484421,0.745231,0.434111,0.468127,0.543608,0.504145,0.456855,0.495300,0.470432,0.513040,0.582648,0.517010,0.442617,0.571767,0.492098,0.731094,0.578786,0.517422,0.569317,0.508369,0.513659,0.679386,0.502099,0.760277,0.435166,0.458143,0.698656,0.578406,0.501271,0.569927,0.505162,0.487535,0.503393,0.527657,0.533056,0.645779,0.595654,0.498271,0.497431,0.593673,0.591423,0.495405,0.502672,0.566253,0.498184,0.516510,0.528334,0.482335,0.488725,0.561896,0.547247,0.556304,0.488093,0.587280,0.525944,0.705805,0.561263,0.519566,0.652461,0.483338,0.532978,0.786234,0.524152,0.531823,0.797989,0.510538,0.555679,0.466571,0.573714,0.554009,0.573957,0.624142,0.485877,0.631419,0.581079,0.584767,0.605296,0.627333,0.523163,0.591903,0.707024,0.616289,0.593657,0.607752,0.750620,0.458936,0.785904,0.768538,0.564522,0.848327,0.521261,0.564986,0.525802,0.553236,0.562947,0.501946,0.857865,0.598740,0.514822,0.702755,0.567934,0.768182,0.614682,0.561308,0.566232,0.553703,0.751986,0.530744,0.522324,0.476440,0.679352,0.474169,0.533502,0.415207,0.590063,0.603766,0.560638,0.559685,0.594410,0.817291,0.542777,0.546305,0.583454,0.605276,0.576773,0.573746,0.541660,0.534741,0.569961,0.474302,0.551027,0.501363,0.581513,0.534325,0.558984,0.562180,0.575987,0.567207,0.635305,0.618345,0.615554,0.756483,0.548301,0.582107,0.745371,0.619323,0.557174,0.653797,0.630395,0.497522,0.619774,0.572550,0.610089,0.627572,0.623514,0.833065,0.557582,0.618278,0.577322,0.607087,0.779001,0.683326,0.602102,0.542439,0.691248,0.580046,0.813198,0.621546,0.585570,0.533620,0.636022
0.425661,0.541918,0.374510,0.383493,0.449882,0.553864,0.367208,0.539378,0.417703,0.464123,0.000000,0.371887,0.753448,0.423541,0.038443,0.495984,0.383877,0.482310,0.322521,0.393546,0.350075,0.398276,0.481539,0.593259,0.331631,0.555466,0.776240,0.367390,0.289831,0.802603,0.421723,0.631862,0.355411,0.385893,0.370547,0.417671,0.538481,0.423806,0.380899,0.433351,0.506916,0.477241,0.320056,0.291255,0.435062,0.759441,0.565955,0.446570,0.321444,0.329288,0.399595,0.723498,0.385586,0.789953,0.337184,0.572078,0.693385,0.407288,0.453606,0.344950,0.307456,0.435510,0.450069,0.521833,0.483633,0.605244,0.361957,0.463897,0.343546,0.546833,0.445231,0.457756,0.411552,0.497268,0.467874,0.413483,0.356146,0.302030,0.393371,0.568036,0.359906,0.428312,0.362932,0.286676,0.442047,0.669020,0.418571,0.362960,0.625267,0.400953,0.526345,0.717789,0.415327,0.477414,0.702752,0.545969,0.460214,0.286759,0.445868,0.393645,0.340054,0.546734,0.338793,0.612394,0.439301,0.444107,0.479309,0.703279,0.456002,0.360356,0.586789,0.589111,0.543000,0.549899,0.769933,0.295505,0.798380,0.678020,0.536843,0.842983,0.479192,0.457751,0.322745,0.318385,0.378850,0.462563,0.733861,0.471042,0.471341,0.535754,0.530310,0.785728,0.562939,0.372125,0.504113,0.328401,0.730918,0.561724,0.396658,0.306626,0.658882,0.313302,0.376774,0.497341,0.539604,0.341617,0.538261,0.332829,0.507413,0.766602,0.563865,0.338436,0.521337,0.449023,0.430761,0.342207,0.482492,0.409770,0.459767,0.463020,0.430569,0.371864,0.479031,0.297485,0.281520,0.450176,0.572329,0.275932,0.470514,0.412994,0.559543,0.693078,0.358449,0.452171,0.604051,0.405495,0.448000,0.448101,0.498294,0.469325,0.542976,0.508747,0.539248,0.359741,0.598591,0.766318,0.351361,0.562515,0.455697,0.628551,0.747034,0.546496,0.454658,0.353441,0.659955,0.338889,0.709537,0.587164,0.339635,0.473180,0.520197
0.431206,0.618201,0.320886,0.233051,0.372567,0.569030,0.323215,0.400595,0.463836,0.388117,0.371887,0.000000,0.833669,0.359413,0.377377,0.413051,0.344683,0.415359,0.426631,0.412732,0.401548,0.447235,0.419215,0.679107,0.375748,0.503861,0.772854,0.391180,0.336719,0.800307,0.466545,0.714569,0.421495,0.547024,0.421892,0.483491,0.487157,0.490434,0.480004,0.474642,0.603793,0.501358,0.377855,0.482147,0.418505,0.811401,0.482097,0.401187,0.455308,0.431770,0.422660,0.750210,0.433526,0.768636,0.445079,0.543108,0.794357,0.564324,0.304392,0.515567,0.468682,0.496143,0.433299,0.524779,0.514803,0.675044,0.499549,0.477369,0.454782,0.594444,0.533464,0.439267,0.481591,0.514073,0.456133,0.223940,0.452899,0.459178,0.446789,0.517680,0.446091,0.492848,0.551270,0.477484,0.507395,0.702701,0.531905,0.418327,0.563468,0.519250,0.508218,0.771510,0.505627,0.544383,0.742972,0.561440,0.473344,0.434207,0.636108,0.488668,0.443263,0.601348,0.413352,0.530724,0.486649,0.545841,0.623450,0.687764,0.476588,0.486505,0.666635,0.618185,0.459605,0.659777,0.817013,0.414068,0.829610,0.854162,0.523580,0.836157,0.499700,0.501521,0.445101,0.452752,0.487424,0.469076,0.847229,0.593883,0.571327,0.597658,0.554920,0.745668,0.467788,0.438095,0.531396,0.506217,0.850845,0.531585,0.508107,0.427765,0.675286,0.432056,0.488870,0.463108,0.598865,0.487298,0.539743,0.513626,0.568099,0.842119,0.531347,0.504610,0.532859,0.507426,0.489838,0.447249,0.488072,0.499731,0.547173,0.472335,0.480233,0.447232,0.544138,0.466337,0.327033,0.470790,0.516403,0.449314,0.566759,0.413575,0.658454,0.826262,0.345234,0.547059,0.637560,0.571604,0.462094,0.515565,0.466209,0.507150,0.588121,0.511993,0.551793,0.500099,0.615087,0.840780,0.461341,0.626384,0.502426,0.634483,0.832436,0.586770,0.573113,0.497778,0.566284,0.537324,0.755282,0.633082,0.513497,0.538873,0.538639
0.435233,0.398815,0.704819,0.733588,0.721018,0.725668,0.783232,0.782100,0.600131,0.722578,0.753448,0.833669,0.000000,0.799585,0.741521,0.768020,0.786944,0.771968,0.772972,0.763278,0.755684,0.758120,0.804560,0.620278,0.796087,0.775754,0.337604,0.804980,0.799479,0.409958,0.661900,0.666102,0.700969,0.752052,0.814862,0.646073,0.773548,0.746676,0.823032,0.766302,0.759172,0.816792,0.820686,0.801638,0.775992,0.428547,0.793805,0.791400,0.809442,0.765730,0.771727,0.393239,0.747359,0.622125,0.739350,0.802580,0.271542,0.773974,0.771500,0.850174,0.751281,0.705731,0.733777,0.782227,0.775404,0.627121,0.759915,0.799571,0.778937,0.739585,0.740656,0.830457,0.783376,0.732005,0.719582,0.869849,0.751284,0.822155,0.753690,0.812801,0.804142,0.820171,0.640086,0.786277,0.785325,0.726797,0.813400,0.781782,0.824003,0.659362,0.771816,0.602838,0.710043,0.771546,0.608538,0.808677,0.768494,0.808554,0.622407,0.823982,0.809147,0.721892,0.698030,0.793647,0.797656,0.646859,0.724139,0.470190,0.718808,0.781552,0.644576,0.729416,0.717735,0.771419,0.536370,0.801350,0.534636,0.419826,0.810368,0.604352,0.681160,0.820288,0.777820,0.902354,0.817679,0.786731,0.550992,0.688232,0.812397,0.779995,0.768591,0.652908,0.808369,0.840771,0.676315,0.840641,0.386812,0.688272,0.697250,0.815776,0.686393,0.717207,0.718532,0.835326,0.833045,0.826271,0.775559,0.739215,0.799426,0.481371,0.767837,0.810603,0.824793,0.791621,0.712149,0.872398,0.748622,0.814474,0.805666,0.764669,0.834919,0.719845,0.748638,0.789060,0.843497,0.812685,0.777243,0.814426,0.830355,0.775909,0.770542,0.668823,0.889543,0.851541,0.714737,0.690290,0.813552,0.802991,0.863582,0.684866,0.707172,0.774593,0.807486,0.783964,0.799848,0.481281,0.818562,0.752282,0.787507,0.694644,0.341714,0.802791,0.806301,0.841103,0.777930,0.806954,0.575902,0.856899,0.823741,0.633916,0.745212
0.441336,0.631452,0.287551,0.324604,0.486443,0.448286,0.302957,0.365424,0.494690,0.420411,0.423541,0.359413,0.799585,0.000000,0.456008,0.403118,0.228627,0.470762,0.413424,0.386994,0.407685,0.446177,0.428306,0.716864,0.374416,0.545750,0.714398,0.448389,0.372634,0.751231,0.465760,0.623333,0.480873,0.521637,0.448714,0.471491,0.491863,0.466064,0.487289,0.438119,0.533352,0.505737,0.331204,0.513339,0.381037,0.750613,0.480872,0.437710,0.506965,0.526568,0.476196,0.720843,0.517519,0.747018,0.405494,0.531425,0.750825,0.538996,0.425585,0.530939,0.474657,0.451751,0.533514,0.472274,0.547787,0.687623,0.546023,0.542283,0.503473,0.576282,0.527744,0.480695,0.511192,0.582530,0.516166,0.493023,0.529396,0.457383,0.550519,0.545764,0.498799,0.481295,0.532156,0.567350,0.478429,0.664611,0.477908,0.521569,0.605548,0.485907,0.569864,0.762528,0.528820,0.604348,0.731680,0.561335,0.534589,0.478332,0.614911,0.540009,0.406932,0.600552,0.450253,0.532906,0.411074,0.556213,0.575786,0.700671,0.535447,0.544411,0.679636,0.604061,0.546637,0.617870,0.770595,0.439524,0.822039,0.887957,0.559804,0.817548,0.560434,0.492207,0.497557,0.477478,0.480338,0.491336,0.925455,0.570698,0.588795,0.694463,0.583052,0.814088,0.526324,0.590939,0.602062,0.571375,0.890690,0.583005,0.535116,0.449361,0.584895,0.475275,0.526687,0.406837,0.578476,0.545093,0.551385,0.572291,0.543540,0.830230,0.531990,0.576065,0.551724,0.553685,0.517403,0.567143,0.506943,0.438685,0.597190,0.559293,0.447803,0.519331,0.513881,0.541325,0.525885,0.359313,0.554132,0.514605,0.564613,0.413473,0.586615,0.787874,0.558336,0.475595,0.686627,0.617045,0.442882,0.489816,0.574415,0.524796,0.553835,0.546681,0.617434,0.584685,0.642766,0.924251,0.565940,0.633804,0.461707,0.659909,0.899618,0.581637,0.569280,0.547083,0.627134,0.573398,0.802539,0.605211,0.576036,0.519428,0.632249
0.445533,0.482622,0.399790,0.399363,0.458295,0.563968,0.385885,0.572697,0.421850,0.480279,0.038443,0.377377,0.741521,0.456008,0.000000,0.540971,0.400768,0.500064,0.342273,0.424063,0.366398,0.416005,0.495523,0.621677,0.342365,0.567388,0.773699,0.365533,0.293995,0.790050,0.436499,0.655764,0.347111,0.402603,0.368478,0.422884,0.545154,0.441242,0.420207,0.461322,0.511654,0.471079,0.325864,0.340183,0.446457,0.783419,0.565680,0.449002,0.372388,0.333396,0.396654,0.718674,0.385173,0.777115,0.351459,0.572593,0.697472,0.426354,0.462461,0.340148,0.316316,0.454434,0.443965,0.533681,0.495527,0.589107,0.367626,0.462185,0.349046,0.572359,0.429632,0.481210,0.418906,0.474774,0.479251,0.402444,0.360433,0.334438,0.397309,0.559299,0.332106,0.443134,0.370718,0.212257,0.485027,0.662251,0.441974,0.349970,0.634274,0.382226,0.537509,0.739289,0.433076,0.472934,0.692416,0.575738,0.485261,0.279978,0.475956,0.404276,0.375437,0.570267,0.319686,0.661464,0.446861,0.420481,0.483021,0.709635,0.450265,0.358900,0.607103,0.617651,0.548533,0.546008,0.794710,0.298846,0.826425,0.681993,0.557300,0.839495,0.466344,0.469398,0.317401,0.347641,0.396305,0.448043,0.725768,0.479975,0.506135,0.534472,0.523764,0.802223,0.585914,0.360330,0.482022,0.298564,0.732832,0.555809,0.389398,0.302519,0.668557,0.302931,0.364213,0.502103,0.566451,0.373071,0.548586,0.307455,0.516649,0.776580,0.568459,0.309814,0.499827,0.434580,0.432729,0.334514,0.495521,0.445068,0.457272,0.472066,0.430217,0.368442,0.431451,0.280079,0.310589,0.470318,0.549230,0.320946,0.460392,0.439465,0.586912,0.702509,0.349750,0.468300,0.611661,0.389657,0.449999,0.445262,0.498550,0.467605,0.554206,0.503557,0.545049,0.319291,0.626794,0.750799,0.298213,0.592925,0.468362,0.657468,0.757132,0.547799,0.454501,0.368724,0.656936,0.316985,0.731449,0.613502,0.295808,0.465710,0.511795
0.446563,0.677760,0.337712,0.316158,0.488559,0.571523,0.391360,0.323886,0.606349,0.431563,0.495984,0.413051,0.768020,0.403118,0.540971,0.000000,0.399432,0.533717,0.485414,0.364420,0.452300,0.460993,0.577469,0.751295,0.371904,0.525081,0.730149,0.473845,0.386742,0.789871,0.510097,0.604723,0.515670,0.531693,0.522327,0.520638,0.591700,0.487269,0.552239,0.521879,0.635016,0.567765,0.370250,0.562698,0.476778,0.778323,0.612187,0.509788,0.584918,0.584278,0.568541,0.774905,0.568758,0.730768,0.478549,0.517695,0.714831,0.553876,0.512767,0.551862,0.552621,0.559170,0.573509,0.508696,0.529805,0.708708,0.573831,0.598659,0.534575,0.534035,0.594015,0.582977,0.497424,0.658543,0.593284,0.550289,0.563410,0.546686,0.596773,0.563029,0.574228,0.556181,0.558088,0.652235,0.585568,0.715479,0.489410,0.514534,0.649822,0.547247,0.567603,0.807558,0.584247,0.567457,0.781440,0.637894,0.609811,0.505764,0.612426,0.595808,0.535222,0.645373,0.505307,0.587662,0.460583,0.593912,0.620988,0.685230,0.621075,0.609506,0.668423,0.580272,0.593676,0.668081,0.772278,0.489407,0.792602,0.840605,0.539116,0.825824,0.602553,0.568454,0.565661,0.531469,0.562130,0.555855,0.914228,0.600461,0.631957,0.738649,0.549152,0.808336,0.599574,0.604936,0.666745,0.557437,0.857629,0.626366,0.621299,0.493182,0.660126,0.513703,0.553707,0.351337,0.623605,0.609624,0.539725,0.591214,0.581459,0.870737,0.127563,0.587193,0.626548,0.670883,0.522593,0.639469,0.610567,0.482219,0.665303,0.624907,0.493208,0.580323,0.594286,0.573146,0.571064,0.500597,0.688948,0.616212,0.586101,0.529245,0.627652,0.811422,0.569682,0.515081,0.751481,0.665981,0.502441,0.595941,0.615214,0.572524,0.633532,0.659026,0.609413,0.684936,0.608337,0.890019,0.595093,0.608749,0.532342,0.631787,0.866178,0.660677,0.579323,0.590333,0.585261,0.587582,0.839675,0.571875,0.617111,0.615794,0.686262
0.448142,0.595560,0.217968,0.325121,0.477626,0.483920,0.278467,0.399514,0.478700,0.438642,0.383877,0.344683,0.786944,0.228627,0.400768,0.399432,0.000000,0.469526,0.393791,0.331398,0.391962,0.426775,0.500519,0.680969,0.308189,0.530053,0.718492,0.384578,0.297879,0.752229,0.447675,0.595709,0.435733,0.504459,0.428113,0.451879,0.526849,0.422251,0.504063,0.429567,0.517180,0.506079,0.250470,0.520477,0.315522,0.784291,0.499112,0.374090,0.519635,0.486872,0.480536,0.759220,0.474412,0.719251,0.355523,0.531952,0.713979,0.496689,0.403710,0.493949,0.406941,0.463807,0.456622,0.433983,0.489875,0.642302,0.465537,0.534322,0.467668,0.543003,0.495132,0.461595,0.481955,0.566036,0.486218,0.447763,0.500443,0.425510,0.513676,0.506432,0.450608,0.463123,0.508028,0.527567,0.508761,0.617496,0.461936,0.474744,0.672160,0.432110,0.528668,0.767768,0.495086,0.556456,0.734746,0.571464,0.532751,0.386092,0.604613,0.467886,0.347991,0.585489,0.392015,0.532227,0.364599,0.505271,0.522178,0.676350,0.506279,0.555458,0.651829,0.572535,0.550629,0.610004,0.745429,0.361561,0.751180,0.823631,0.532592,0.823425,0.559098,0.440621,0.427496,0.470693,0.437870,0.460228,0.874568,0.547178,0.633678,0.596654,0.537409,0.751138,0.544052,0.507597,0.579316,0.482064,0.839273,0.562985,0.472970,0.370527,0.509253,0.405443,0.470403,0.393941,0.604394,0.503599,0.505771,0.514287,0.492988,0.832252,0.518337,0.484772,0.539839,0.507159,0.479998,0.534592,0.489245,0.417599,0.514659,0.544148,0.377105,0.509013,0.485690,0.440988,0.503343,0.323858,0.607412,0.491366,0.543198,0.413741,0.547417,0.778033,0.491680,0.395686,0.716426,0.593383,0.417144,0.445919,0.536482,0.468471,0.563001,0.556207,0.517946,0.554305,0.612810,0.864346,0.494159,0.579137,0.440567,0.623402,0.834694,0.582398,0.525935,0.541837,0.565776,0.501887,0.810431,0.582604,0.498563,0.523634,0.564873
0.451729,0.631484,0.344003,0.347273,0.474993,0.462175,0.338450,0.365897,0.532976,0.449437,0.482310,0.415359,0.771968,0.470762,0.500064,0.533717,0.469526,0.000000,0.429904,0.557025,0.449163,0.407409,0.425853,0.732672,0.562082,0.478293,0.739126,0.474445,0.514733,0.753318,0.560162,0.725949,0.560432,0.476979,0.577265,0.581603,0.497935,0.456986,0.468755,0.579064,0.617367,0.573528,0.562182,0.548815,0.576644,0.772160,0.413531,0.621168,0.457122,0.555764,0.547704,0.757957,0.547151,0.837861,0.566723,0.614560,0.788478,0.578126,0.609427,0.532788,0.532830,0.572639,0.527923,0.670618,0.503296,0.628078,0.585195,0.516473,0.571050,0.557074,0.659704,0.564470,0.605409,0.600523,0.558609,0.544801,0.536958,0.540217,0.510977,0.521398,0.572782,0.538231,0.566456,0.568628,0.450772,0.733200,0.576520,0.485935,0.588731,0.599956,0.542192,0.743705,0.586039,0.547473,0.791540,0.505974,0.414469,0.558525,0.641706,0.635506,0.571928,0.597945,0.628024,0.587743,0.653316,0.673287,0.628422,0.631781,0.590418,0.597155,0.699675,0.582261,0.516073,0.650262,0.794614,0.583852,0.737754,0.749167,0.584017,0.793822,0.563433,0.583442,0.511478,0.591146,0.545159,0.573194,0.784947,0.591169,0.515733,0.674122,0.599051,0.710729,0.526632,0.515481,0.607149,0.664756,0.781291,0.599711,0.594718,0.606546,0.690852,0.585048,0.651869,0.602310,0.608848,0.602774,0.624113,0.664810,0.626972,0.838811,0.678305,0.660076,0.604138,0.665055,0.671574,0.563352,0.595120,0.672567,0.543617,0.512838,0.680900,0.531093,0.696897,0.612186,0.586782,0.706225,0.661746,0.531646,0.598299,0.658091,0.629483,0.695816,0.546946,0.631154,0.647669,0.597339,0.672422,0.630170,0.453345,0.613971,0.633352,0.492522,0.566792,0.590856,0.599575,0.801632,0.592379,0.545120,0.664054,0.565025,0.759068,0.623952,0.579715,0.551695,0.717267,0.679832,0.774238,0.622545,0.654002,0.597435,0.757389
0.454609,0.607446,0.331289,0.348383,0.454262,0.493517,0.338586,0.345395,0.451393,0.405080,0.322521,0.426631,0.772972,0.413424,0.342273,0.485414,0.393791,0.429904,0.000000,0.483158,0.352967,0.291029,0.409865,0.723248,0.496373,0.626913,0.736209,0.408345,0.430556,0.770945,0.493278,0.607360,0.436085,0.359309,0.374441,0.513319,0.535692,0.328297,0.445209,0.522663,0.540044,0.539108,0.412809,0.582124,0.474101,0.839523,0.515473,0.473191,0.541957,0.524516,0.472461,0.667733,0.412450,0.775443,0.507651,0.533239,0.783667,0.498257,0.632844,0.417910,0.194097,0.513884,0.550991,0.601365,0.614045,0.683712,0.466304,0.582553,0.519969,0.658960,0.584348,0.472501,0.511737,0.604814,0.465404,0.463905,0.391217,0.476804,0.389972,0.556558,0.489287,0.466663,0.401561,0.582751,0.331453,0.681695,0.532900,0.478568,0.616343,0.553596,0.621279,0.767831,0.505831,0.611759,0.720527,0.486096,0.371000,0.508504,0.519526,0.495870,0.532874,0.561607,0.497566,0.658642,0.555986,0.581863,0.479212,0.699698,0.477861,0.639863,0.619540,0.683130,0.530218,0.689238,0.714029,0.462893,0.771604,0.747821,0.570243,0.828136,0.588050,0.555557,0.479425,0.528565,0.544419,0.582541,0.822465,0.498094,0.535090,0.691411,0.671527,0.706770,0.560751,0.548465,0.613426,0.460658,0.759016,0.639337,0.547181,0.516328,0.684598,0.485976,0.535930,0.518914,0.551096,0.570404,0.483304,0.461307,0.651153,0.827503,0.566728,0.457124,0.589601,0.571591,0.587905,0.342237,0.518278,0.554045,0.548668,0.422990,0.609430,0.424588,0.582384,0.578718,0.502141,0.596178,0.568620,0.353509,0.326857,0.570852,0.593816,0.672508,0.542523,0.569917,0.612939,0.611275,0.599894,0.516775,0.535742,0.493588,0.541481,0.447440,0.496239,0.635943,0.660680,0.806722,0.523193,0.630918,0.536743,0.643299,0.776110,0.519198,0.336309,0.432717,0.705438,0.435627,0.762096,0.690607,0.511470,0.529615,0.644277
0.457524,0.642432,0.350106,0.371282,0.494196,0.577726,0.417535,0.491550,0.570668,0.444885,0.393546,0.412732,0.763278,0.386994,0.424063,0.364420,0.331398,0.557025,0.483158,0.000000,0.448905,0.447264,0.613367,0.681860,0.245344,0.517084,0.714986,0.406248,0.274734,0.757713,0.426801,0.615322,0.469799,0.467838,0.497723,0.436844,0.634156,0.487508,0.528765,0.431944,0.547011,0.542099,0.322275,0.442224,0.367003,0.749623,0.625053,0.462295,0.523047,0.512914,0.429456,0.763398,0.551017,0.727304,0.392556,0.554493,0.698481,0.487059,0.420678,0.512770,0.467942,0.496828,0.523711,0.321859,0.510521,0.754985,0.480471,0.490331,0.407208,0.520809,0.517559,0.560414,0.493087,0.643257,0.570932,0.515415,0.533798,0.400999,0.587691,0.525415,0.463032,0.525680,0.453364,0.498165,0.546243,0.712411,0.451363,0.568370,0.636242,0.458128,0.552040,0.834877,0.645850,0.650159,0.743830,0.638530,0.595219,0.333708,0.553308,0.447012,0.412384,0.610448,0.407437,0.472693,0.351684,0.546443,0.408645,0.699990,0.604639,0.534469,0.561732,0.578111,0.584753,0.488029,0.802868,0.431136,0.790300,0.723329,0.468950,0.840121,0.497226,0.543173,0.440428,0.441884,0.460937,0.558512,0.817104,0.547658,0.603143,0.662976,0.534684,0.777245,0.602132,0.528177,0.668461,0.431860,0.743160,0.580039,0.498993,0.363939,0.585929,0.371721,0.476528,0.434033,0.534618,0.565128,0.559910,0.500648,0.454603,0.817011,0.485660,0.500431,0.499132,0.630222,0.493163,0.622670,0.598863,0.322217,0.568959,0.626133,0.321024,0.529289,0.417097,0.354791,0.443313,0.321848,0.691952,0.533700,0.618492,0.406129,0.620278,0.735247,0.526089,0.457629,0.731962,0.597792,0.345971,0.481847,0.596886,0.573667,0.609306,0.658532,0.605372,0.605443,0.615911,0.829789,0.461645,0.579765,0.412614,0.612431,0.760794,0.652583,0.590721,0.530247,0.577761,0.467416,0.815144,0.590154,0.452097,0.548380,0.616935
0.461618,0.580931,0.387412,0.378370,0.463958,0.545222,0.361476,0.447179,0.408540,0.443900,0.350075,0.401548,0.755684,0.407685,0.366398,0.452300,0.391962,0.449163,0.352967,0.448905,0.000000,0.487207,0.395876,0.699825,0.309375,0.558729,0.651051,0.396310,0.328897,0.636262,0.385869,0.598627,0.299508,0.486096,0.402709,0.429584,0.541509,0.528532,0.549374,0.445671,0.521381,0.470790,0.288686,0.571448,0.436347,0.678325,0.496936,0.433745,0.530838,0.503512,0.421917,0.655834,0.350525,0.762820,0.372738,0.534631,0.746889,0.556976,0.511691,0.474370,0.389667,0.361543,0.507507,0.526826,0.535299,0.594498,0.393650,0.500652,0.417742,0.616994,0.416395,0.450442,0.365585,0.544869,0.397738,0.510372,0.332126,0.492518,0.348546,0.540199,0.476556,0.326746,0.495687,0.523063,0.531075,0.693742,0.453793,0.421223,0.630826,0.426669,0.532395,0.716962,0.302956,0.592410,0.747438,0.583915,0.362052,0.383364,0.529021,0.454816,0.465999,0.588407,0.357575,0.548371,0.413841,0.436221,0.488538,0.634909,0.458863,0.570099,0.651078,0.650147,0.501543,0.604140,0.699598,0.233080,0.740020,0.712070,0.609477,0.730324,0.532129,0.533183,0.433176,0.482607,0.400729,0.547813,0.776000,0.543153,0.637992,0.681058,0.573623,0.668571,0.553015,0.479650,0.536075,0.547686,0.734422,0.551160,0.497335,0.349849,0.592083,0.376990,0.371980,0.473965,0.624261,0.544997,0.499741,0.556451,0.497252,0.788939,0.576826,0.532016,0.533130,0.489434,0.414443,0.482210,0.414933,0.492063,0.597311,0.404985,0.410398,0.343502,0.505170,0.425022,0.576553,0.451612,0.533976,0.403708,0.559322,0.410499,0.621016,0.742983,0.525624,0.486924,0.632049,0.533551,0.399635,0.475533,0.532066,0.447572,0.413528,0.474081,0.512189,0.548045,0.629807,0.763572,0.436021,0.656745,0.413838,0.674676,0.720504,0.555250,0.544806,0.477660,0.638475,0.531359,0.645670,0.667837,0.460389,0.373989,0.575331
0.464859,0.631427,0.303468,0.329828,0.452676,0.462518,0.355461,0.401725,0.607739,0.457085,0.398276,0.447235,0.758120,0.446177,0.416005,0.460993,0.426775,0.407409,0.291029,0.447264,0.487207,0.000000,0.561188,0.765789,0.545590,0.523849,0.744884,0.477869,0.505338,0.798138,0.585153,0.655833,0.521860,0.352263,0.481504,0.594019,0.525217,0.107671,0.420738,0.597133,0.616256,0.521921,0.492323,0.579984,0.535860,0.805536,0.540004,0.518639,0.541338,0.565890,0.568174,0.729729,0.539843,0.774705,0.454176,0.592634,0.756536,0.520383,0.582166,0.479842,0.339689,0.609483,0.555028,0.657781,0.524364,0.743955,0.535351,0.558278,0.538056,0.596109,0.733404,0.591847,0.569397,0.660368,0.604772,0.528541,0.517165,0.376786,0.533493,0.521821,0.494455,0.629393,0.411486,0.598084,0.209621,0.715367,0.572142,0.503487,0.668265,0.514303,0.557238,0.791022,0.605905,0.614947,0.746995,0.524095,0.571294,0.532913,0.506971,0.515767,0.524822,0.593713,0.572270,0.603386,0.563462,0.740484,0.558229,0.670171,0.617004,0.669382,0.599112,0.598811,0.586345,0.648575,0.788916,0.571569,0.721912,0.638412,0.521461,0.870772,0.582840,0.540428,0.534834,0.576459,0.613970,0.625353,0.735652,0.568238,0.534650,0.719111,0.583630,0.826558,0.593958,0.450999,0.675806,0.497040,0.664400,0.613943,0.573977,0.581861,0.669681,0.560751,0.613530,0.554235,0.626358,0.524620,0.563953,0.506804,0.579061,0.871870,0.532237,0.478114,0.647103,0.672243,0.691427,0.466720,0.651058,0.571183,0.638911,0.584435,0.613075,0.512087,0.652106,0.589051,0.524305,0.581051,0.674041,0.513125,0.338166,0.650470,0.616669,0.663019,0.483507,0.620784,0.685977,0.674484,0.631796,0.516394,0.632425,0.579840,0.648958,0.653278,0.500218,0.663393,0.632236,0.741955,0.563868,0.579462,0.617022,0.602866,0.685938,0.566772,0.351943,0.594076,0.682022,0.492625,0.832616,0.625220,0.523291,0.639289,0.715411
