0.000000,0.252273,0.300060,0.325823,0.381859,0.397970,0.398336,0.402478,0.415756,0.416507,0.425661,0.431206,0.435233,0.441336,0.445533,0.446563,0.448142,0.451729,0.454609,0.457524,0.461618,0.464859,0.477995,0.481368,0.481813,0.482648,0.485451,0.486493,0.500640,0.501703,0.502039,0.503012,0.503103,0.504911,0.504917,0.507714,0.509230,0.509953,0.511242,0.511621,0.512184,0.512331,0.512594,0.513722,0.515040,0.517312,0.520725,0.520796,0.524675,0.525117,0.525436,0.525759,0.526277,0.527082,0.527157,0.528961,0.529324,0.529369,0.529713,0.529969,0.530550,0.530959,0.531205,0.532397,0.532514,0.532564,0.533174,0.533973,0.534101,0.535557,0.537227,0.537833,0.541504,0.542052,0.543461,0.544102,0.545730,0.545947,0.546604,0.547400,0.547470,0.547488,0.548109,0.548393,0.549821,0.550254,0.553174,0.554352,0.554704,0.555148,0.555171,0.555202,0.555632,0.556640,0.556817,0.556974,0.557255,0.558070,0.558848,0.558940,0.559917
0.252273,0.000000,0.534272,0.543241,0.551298,0.565063,0.592630,0.658893,0.526986,0.618193,0.541918,0.618201,0.398815,0.631452,0.482622,0.677760,0.595560,0.631484,0.607446,0.642432,0.580931,0.631427,0.637907,0.535265,0.646082,0.630843,0.437920,0.620829,0.653490,0.393814,0.635177,0.569180,0.612151,0.633945,0.633822,0.630260,0.634812,0.630700,0.664470,0.674784,0.615540,0.596405,0.647736,0.640944,0.664658,0.499679,0.691981,0.646110,0.689673,0.633310,0.619905,0.480953,0.629872,0.588731,0.652013,0.675881,0.524650,0.655176,0.650206,0.667253,0.610773,0.681392,0.629071,0.660245,0.657253,0.571705,0.613459,0.652506,0.665228,0.660125,0.545582,0.689248,0.680071,0.597884,0.654525,0.626773,0.648510,0.639613,0.652266,0.673545,0.604534,0.651637,0.659378,0.513460,0.686420,0.630546,0.676648,0.645548,0.776529,0.618286,0.680784,0.556425,0.669612,0.689332,0.542588,0.708007,0.704749,0.668754,0.675758,0.711949,0.659460
0.300060,0.534272,0.000000,0.193960,0.388493,0.394803,0.180953,0.289231,0.451171,0.319913,0.374510,0.320886,0.704819,0.287551,0.399790,0.337712,0.217968,0.344003,0.331289,0.350106,0.387412,0.303468,0.435599,0.664383,0.370189,0.403488,0.670189,0.373404,0.355842,0.697428,0.475281,0.616578,0.446090,0.427894,0.428103,0.479961,0.454071,0.314989,0.372235,0.456403,0.479478,0.488584,0.350287,0.484639,0.411613,0.700494,0.439525,0.421175,0.431966,0.425696,0.498418,0.651916,0.486309,0.691192,0.382745,0.492493,0.678537,0.471775,0.458643,0.467228,0.403869,0.487974,0.465744,0.491238,0.427455,0.634302,0.477363,0.466912,0.480792,0.441543,0.553129,0.461369,0.507282,0.556529,0.495661,0.446661,0.506632,0.394944,0.496660,0.441467,0.475644,0.470297,0.486804,0.510514,0.406606,0.627393,0.463307,0.447497,0.604561,0.439448,0.456093,0.749609,0.483953,0.502051,0.759330,0.508091,0.470587,0.439666,0.560365,0.502708,0.420229
0.325823,0.543241,0.193960,0.000000,0.357401,0.451365,0.226651,0.280053,0.446244,0.286797,0.383493,0.233051,0.733588,0.324604,0.399363,0.316158,0.325121,0.347273,0.348383,0.371282,0.378370,0.329828,0.418009,0.683980,0.380330,0.351457,0.654917,0.351025,0.333917,0.692730,0.449562,0.648753,0.447849,0.446951,0.407386,0.473370,0.374033,0.364647,0.393455,0.468626,0.535714,0.457436,0.383484,0.522211,0.458642,0.751534,0.455481,0.427415,0.468961,0.440309,0.442777,0.658396,0.400603,0.740945,0.372282,0.474177,0.699076,0.502416,0.429041,0.505544,0.421980,0.442402,0.467583,0.571847,0.404993,0.657394,0.510932,0.411844,0.417893,0.478177,0.521922,0.399238,0.476664,0.485773,0.408099,0.373374,0.449706,0.472651,0.413079,0.458811,0.476577,0.458092,0.498074,0.525799,0.438984,0.647572,0.429480,0.395375,0.594960,0.420646,0.415909,0.782112,0.483451,0.487984,0.719212,0.514651,0.464146,0.450414,0.586753,0.502686,0.502811
0.381859,0.551298,0.388493,0.357401,0.000000,0.562081,0.401225,0.425767,0.459266,0.514073,0.449882,0.372567,0.721018,0.486443,0.458295,0.488559,0.477626,0.474993,0.454262,0.494196,0.463958,0.452676,0.468372,0.623204,0.516011,0.526163,0.652050,0.542776,0.503970,0.657376,0.572148,0.712149,0.560492,0.493879,0.458414,0.592500,0.561929,0.523903,0.458505,0.579920,0.554395,0.564572,0.513752,0.525447,0.562766,0.737938,0.505479,0.523174,0.491356,0.479145,0.496746,0.675238,0.488898,0.746383,0.564665,0.536903,0.720331,0.550408,0.573305,0.489287,0.491737,0.594620,0.543540,0.598049,0.562715,0.553416,0.561919,0.534734,0.558803,0.574840,0.566612,0.479551,0.532315,0.573792,0.515103,0.510884,0.507227,0.531516,0.507153,0.572241,0.533382,0.526635,0.540420,0.533691,0.545511,0.630693,0.553061,0.472748,0.551575,0.615522,0.586730,0.695491,0.542277,0.564567,0.595734,0.592413,0.523797,0.565499,0.614299,0.561176,0.563034
0.397970,0.565063,0.394803,0.451365,0.562081,0.000000,0.485594,0.378985,0.591373,0.555996,0.553864,0.569030,0.725668,0.448286,0.563968,0.571523,0.483920,0.462175,0.493517,0.577726,0.545222,0.462518,0.557494,0.717056,0.631993,0.568600,0.717981,0.543996,0.586593,0.703873,0.633276,0.732817,0.655343,0.464435,0.628893,0.643378,0.615559,0.496067,0.502234,0.602250,0.482227,0.626111,0.573624,0.640070,0.600039,0.664067,0.573306,0.627865,0.628863,0.624668,0.688043,0.694127,0.642208,0.739247,0.669696,0.689642,0.725294,0.590774,0.620100,0.621665,0.568377,0.631338,0.632870,0.683221,0.619965,0.671043,0.672817,0.606981,0.667502,0.572823,0.633782,0.592350,0.631795,0.612321,0.630809,0.612792,0.661741,0.627994,0.667170,0.586828,0.683990,0.498764,0.609897,0.653667,0.554615,0.745912,0.553218,0.626100,0.620236,0.689428,0.680606,0.649437,0.592548,0.669055,0.775240,0.665449,0.541470,0.689474,0.651930,0.691745,0.656986
0.398336,0.592630,0.180953,0.226651,0.401225,0.485594,0.000000,0.324057,0.460609,0.345232,0.367208,0.323215,0.783232,0.302957,0.385885,0.391360,0.278467,0.338450,0.338586,0.417535,0.361476,0.355461,0.402111,0.735996,0.377284,0.409153,0.719994,0.365344,0.369159,0.749686,0.459913,0.650431,0.437811,0.429031,0.401347,0.471020,0.444490,0.362861,0.372998,0.462751,0.532531,0.472457,0.353958,0.472656,0.439543,0.750813,0.450640,0.375202,0.412377,0.437743,0.476254,0.695168,0.401840,0.760621,0.404758,0.468510,0.729635,0.510817,0.509282,0.458059,0.430032,0.465094,0.452382,0.571410,0.437389,0.646693,0.533202,0.482381,0.477127,0.511062,0.538028,0.412150,0.452817,0.570097,0.429104,0.441952,0.436419,0.401978,0.423287,0.452701,0.485826,0.418827,0.490243,0.468116,0.412558,0.651896,0.466805,0.433673,0.627778,0.462861,0.447819,0.841936,0.472979,0.506279,0.731833,0.518831,0.468932,0.389377,0.588995,0.484483,0.395684
0.402478,0.658893,0.289231,0.280053,0.425767,0.378985,0.324057,0.000000,0.516496,0.425160,0.539378,0.400595,0.782100,0.365424,0.572697,0.323886,0.399514,0.365897,0.345395,0.491550,0.447179,0.401725,0.453176,0.764688,0.519308,0.514808,0.737443,0.491259,0.498441,0.754307,0.589592,0.718601,0.615934,0.502398,0.494375,0.604084,0.501789,0.458659,0.455863,0.575568,0.520755,0.571809,0.457895,0.596528,0.570201,0.784574,0.469618,0.555107,0.544311,0.586395,0.598204,0.719009,0.558225,0.786995,0.604356,0.555736,0.775970,0.569779,0.598849,0.576731,0.526029,0.595930,0.642140,0.644218,0.583963,0.687206,0.613846,0.597025,0.619155,0.574051,0.630559,0.508542,0.593875,0.646592,0.544822,0.545199,0.569906,0.596792,0.567183,0.557942,0.608547,0.519024,0.612764,0.665497,0.458610,0.700871,0.536880,0.520472,0.565311,0.646630,0.618453,0.785628,0.574590,0.571911,0.812255,0.518848,0.485049,0.592784,0.716590,0.633479,0.602283
0.415756,0.526986,0.451171,0.446244,0.459266,0.591373,0.460609,0.516496,0.000000,0.522728,0.417703,0.463836,0.600131,0.494690,0.421850,0.606349,0.478700,0.532976,0.451393,0.570668,0.408540,0.607739,0.438127,0.584314,0.518507,0.523770,0.631791,0.531962,0.508934,0.663561,0.355484,0.636768,0.380923,0.597399,0.454321,0.408546,0.426939,0.606241,0.502028,0.415883,0.508957,0.636523,0.492838,0.572506,0.527868,0.702899,0.484676,0.548995,0.477311,0.527928,0.410968,0.555404,0.300351,0.722646,0.455993,0.580814,0.703637,0.585902,0.505899,0.559686,0.495666,0.341605,0.548233,0.614409,0.516905,0.547585,0.465702,0.444506,0.523093,0.625771,0.479304,0.311861,0.402023,0.498526,0.268870,0.540376,0.354953,0.556197,0.328682,0.628209,0.535620,0.522455,0.520250,0.552614,0.617742,0.688420,0.551809,0.431082,0.522935,0.433681,0.482725,0.706170,0.486167,0.572217,0.640764,0.603865,0.382209,0.538485,0.575302,0.401165,0.528384
0.416507,0.618193,0.319913,0.286797,0.514073,0.555996,0.345232,0.425160,0.522728,0.000000,0.464123,0.388117,0.722578,0.420411,0.480279,0.431563,0.438642,0.449437,0.405080,0.444885,0.443900,0.457085,0.483594,0.706991,0.397278,0.477682,0.667147,0.259562,0.342564,0.707010,0.484421,0.745231,0.434111,0.468127,0.543608,0.504145,0.456855,0.495300,0.470432,0.513040,0.582648,0.517010,0.442617,0.571767,0.492098,0.731094,0.578786,0.517422,0.569317,0.508369,0.513659,0.679386,0.502099,0.760277,0.435166,0.458143,0.698656,0.578406,0.501271,0.569927,0.505162,0.487535,0.503393,0.527657,0.533056,0.645779,0.595654,0.498271,0.497431,0.593673,0.591423,0.495405,0.502672,0.566253,0.498184,0.516510,0.528334,0.482335,0.488725,0.561896,0.547247,0.556304,0.488093,0.587280,0.525944,0.705805,0.561263,0.519566,0.652461,0.483338,0.532978,0.786234,0.524152,0.531823,0.797989,0.510538,0.555679,0.466571,0.573714,0.554009,0.573957
0.425661,0.541918,0.374510,0.383493,0.449882,0.553864,0.367208,0.539378,0.417703,0.464123,0.000000,0.371887,0.753448,0.423541,0.038443,0.495984,0.383877,0.482310,0.322521,0.393546,0.350075,0.398276,0.481539,0.593259,0.331631,0.555466,0.776240,0.367390,0.289831,0.802603,0.421723,0.631862,0.355411,0.385893,0.370547,0.417671,0.538481,0.423806,0.380899,0.433351,0.506916,0.477241,0.320056,0.291255,0.435062,0.759441,0.565955,0.446570,0.321444,0.329288,0.399595,0.723498,0.385586,0.789953,0.337184,0.572078,0.693385,0.407288,0.453606,0.344950,0.307456,0.435510,0.450069,0.521833,0.483633,0.605244,0.361957,0.463897,0.343546,0.546833,0.445231,0.457756,0.411552,0.497268,0.467874,0.413483,0.356146,0.302030,0.393371,0.568036,0.359906,0.428312,0.362932,0.286676,0.442047,0.669020,0.418571,0.362960,0.625267,0.400953,0.526345,0.717789,0.415327,0.477414,0.702752,0.545969,0.460214,0.286759,0.445868,0.393645,0.340054
0.431206,0.618201,0.320886,0.233051,0.372567,0.569030,0.323215,0.400595,0.463836,0.388117,0.371887,0.000000,0.833669,0.359413,0.377377,0.413051,0.344683,0.415359,0.426631,0.412732,0.401548,0.447235,0.419215,0.679107,0.375748,0.503861,0.772854,0.391180,0.336719,0.800307,0.466545,0.714569,0.421495,0.547024,0.421892,0.483491,0.487157,0.490434,0.480004,0.474642,0.603793,0.501358,0.377855,0.482147,0.418505,0.811401,0.482097,0.401187,0.455308,0.431770,0.422660,0.750210,0.433526,0.768636,0.445079,0.543108,0.794357,0.564324,0.304392,0.515567,0.468682,0.496143,0.433299,0.524779,0.514803,0.675044,0.499549,0.477369,0.454782,0.594444,0.533464,0.439267,0.481591,0.514073,0.456133,0.223940,0.452899,0.459178,0.446789,0.517680,0.446091,0.492848,0.551270,0.477484,0.507395,0.702701,0.531905,0.418327,0.563468,0.519250,0.508218,0.771510,0.505627,0.544383,0.742972,0.561440,0.473344,0.434207,0.636108,0.488668,0.443263
0.435233,0.398815,0.704819,0.733588,0.721018,0.725668,0.783232,0.782100,0.600131,0.722578,0.753448,0.833669,0.000000,0.799585,0.741521,0.768020,0.786944,0.771968,0.772972,0.763278,0.755684,0.758120,0.804560,0.620278,0.796087,0.775754,0.337604,0.804980,0.799479,0.409958,0.661900,0.666102,0.700969,0.752052,0.814862,0.646073,0.773548,0.746676,0.823032,0.766302,0.759172,0.816792,0.820686,0.801638,0.775992,0.428547,0.793805,0.791400,0.809442,0.765730,0.771727,0.393239,0.747359,0.622125,0.739350,0.802580,0.271542,0.773974,0.771500,0.850174,0.751281,0.705731,0.733777,0.782227,0.775404,0.627121,0.759915,0.799571,0.778937,0.739585,0.740656,0.830457,0.783376,0.732005,0.719582,0.869849,0.751284,0.822155,0.753690,0.812801,0.804142,0.820171,0.640086,0.786277,0.785325,0.726797,0.813400,0.781782,0.824003,0.659362,0.771816,0.602838,0.710043,0.771546,0.608538,0.808677,0.768494,0.808554,0.622407,0.823982,0.809147
0.441336,0.631452,0.287551,0.324604,0.486443,0.448286,0.302957,0.365424,0.494690,0.420411,0.423541,0.359413,0.799585,0.000000,0.456008,0.403118,0.228627,0.470762,0.413424,0.386994,0.407685,0.446177,0.428306,0.716864,0.374416,0.545750,0.714398,0.448389,0.372634,0.751231,0.465760,0.623333,0.480873,0.521637,0.448714,0.471491,0.491863,0.466064,0.487289,0.438119,0.533352,0.505737,0.331204,0.513339,0.381037,0.750613,0.480872,0.437710,0.506965,0.526568,0.476196,0.720843,0.517519,0.747018,0.405494,0.531425,0.750825,0.538996,0.425585,0.530939,0.474657,0.451751,0.533514,0.472274,0.547787,0.687623,0.546023,0.542283,0.503473,0.576282,0.527744,0.480695,0.511192,0.582530,0.516166,0.493023,0.529396,0.457383,0.550519,0.545764,0.498799,0.481295,0.532156,0.567350,0.478429,0.664611,0.477908,0.521569,0.605548,0.485907,0.569864,0.762528,0.528820,0.604348,0.731680,0.561335,0.534589,0.478332,0.614911,0.540009,0.406932
0.445533,0.482622,0.399790,0.399363,0.458295,0.563968,0.385885,0.572697,0.421850,0.480279,0.038443,0.377377,0.741521,0.456008,0.000000,0.540971,0.400768,0.500064,0.342273,0.424063,0.366398,0.416005,0.495523,0.621677,0.342365,0.567388,0.773699,0.365533,0.293995,0.790050,0.436499,0.655764,0.347111,0.402603,0.368478,0.422884,0.545154,0.441242,0.420207,0.461322,0.511654,0.471079,0.325864,0.340183,0.446457,0.783419,0.565680,0.449002,0.372388,0.333396,0.396654,0.718674,0.385173,0.777115,0.351459,0.572593,0.697472,0.426354,0.462461,0.340148,0.316316,0.454434,0.443965,0.533681,0.495527,0.589107,0.367626,0.462185,0.349046,0.572359,0.429632,0.481210,0.418906,0.474774,0.479251,0.402444,0.360433,0.334438,0.397309,0.559299,0.332106,0.443134,0.370718,0.212257,0.485027,0.662251,0.441974,0.349970,0.634274,0.382226,0.537509,0.739289,0.433076,0.472934,0.692416,0.575738,0.485261,0.279978,0.475956,0.404276,0.375437
0.446563,0.677760,0.337712,0.316158,0.488559,0.571523,0.391360,0.323886,0.606349,0.431563,0.495984,0.413051,0.768020,0.403118,0.540971,0.000000,0.399432,0.533717,0.485414,0.364420,0.452300,0.460993,0.577469,0.751295,0.371904,0.525081,0.730149,0.473845,0.386742,0.789871,0.510097,0.604723,0.515670,0.531693,0.522327,0.520638,0.591700,0.487269,0.552239,0.521879,0.635016,0.567765,0.370250,0.562698,0.476778,0.778323,0.612187,0.509788,0.584918,0.584278,0.568541,0.774905,0.568758,0.730768,0.478549,0.517695,0.714831,0.553876,0.512767,0.551862,0.552621,0.559170,0.573509,0.508696,0.529805,0.708708,0.573831,0.598659,0.534575,0.534035,0.594015,0.582977,0.497424,0.658543,0.593284,0.550289,0.563410,0.546686,0.596773,0.563029,0.574228,0.556181,0.558088,0.652235,0.585568,0.715479,0.489410,0.514534,0.649822,0.547247,0.567603,0.807558,0.584247,0.567457,0.781440,0.637894,0.609811,0.505764,0.612426,0.595808,0.535222
0.448142,0.595560,0.217968,0.325121,0.477626,0.483920,0.278467,0.399514,0.478700,0.438642,0.383877,0.344683,0.786944,0.228627,0.400768,0.399432,0.000000,0.469526,0.393791,0.331398,0.391962,0.426775,0.500519,0.680969,0.308189,0.530053,0.718492,0.384578,0.297879,0.752229,0.447675,0.595709,0.435733,0.504459,0.428113,0.451879,0.526849,0.422251,0.504063,0.429567,0.517180,0.506079,0.250470,0.520477,0.315522,0.784291,0.499112,0.374090,0.519635,0.486872,0.480536,0.759220,0.474412,0.719251,0.355523,0.531952,0.713979,0.496689,0.403710,0.493949,0.406941,0.463807,0.456622,0.433983,0.489875,0.642302,0.465537,0.534322,0.467668,0.543003,0.495132,0.461595,0.481955,0.566036,0.486218,0.447763,0.500443,0.425510,0.513676,0.506432,0.450608,0.463123,0.508028,0.527567,0.508761,0.617496,0.461936,0.474744,0.672160,0.432110,0.528668,0.767768,0.495086,0.556456,0.734746,0.571464,0.532751,0.386092,0.604613,0.467886,0.347991
0.451729,0.631484,0.344003,0.347273,0.474993,0.462175,0.338450,0.365897,0.532976,0.449437,0.482310,0.415359,0.771968,0.470762,0.500064,0.533717,0.469526,0.000000,0.429904,0.557025,0.449163,0.407409,0.425853,0.732672,0.562082,0.478293,0.739126,0.474445,0.514733,0.753318,0.560162,0.725949,0.560432,0.476979,0.577265,0.581603,0.497935,0.456986,0.468755,0.579064,0.617367,0.573528,0.562182,0.548815,0.576644,0.772160,0.413531,0.621168,0.457122,0.555764,0.547704,0.757957,0.547151,0.837861,0.566723,0.614560,0.788478,0.578126,0.609427,0.532788,0.532830,0.572639,0.527923,0.670618,0.503296,0.628078,0.585195,0.516473,0.571050,0.557074,0.659704,0.564470,0.605409,0.600523,0.558609,0.544801,0.536958,0.540217,0.510977,0.521398,0.572782,0.538231,0.566456,0.568628,0.450772,0.733200,0.576520,0.485935,0.588731,0.599956,0.542192,0.743705,0.586039,0.547473,0.791540,0.505974,0.414469,0.558525,0.641706,0.635506,0.571928
0.454609,0.607446,0.331289,0.348383,0.454262,0.493517,0.338586,0.345395,0.451393,0.405080,0.322521,0.426631,0.772972,0.413424,0.342273,0.485414,0.393791,0.429904,0.000000,0.483158,0.352967,0.291029,0.409865,0.723248,0.496373,0.626913,0.736209,0.408345,0.430556,0.770945,0.493278,0.607360,0.436085,0.359309,0.374441,0.513319,0.535692,0.328297,0.445209,0.522663,0.540044,0.539108,0.412809,0.582124,0.474101,0.839523,0.515473,0.473191,0.541957,0.524516,0.472461,0.667733,0.412450,0.775443,0.507651,0.533239,0.783667,0.498257,0.632844,0.417910,0.194097,0.513884,0.550991,0.601365,0.614045,0.683712,0.466304,0.582553,0.519969,0.658960,0.584348,0.472501,0.511737,0.604814,0.465404,0.463905,0.391217,0.476804,0.389972,0.556558,0.489287,0.466663,0.401561,0.582751,0.331453,0.681695,0.532900,0.478568,0.616343,0.553596,0.621279,0.767831,0.505831,0.611759,0.720527,0.486096,0.371000,0.508504,0.519526,0.495870,0.532874
0.457524,0.642432,0.350106,0.371282,0.494196,0.577726,0.417535,0.491550,0.570668,0.444885,0.393546,0.412732,0.763278,0.386994,0.424063,0.364420,0.331398,0.557025,0.483158,0.000000,0.448905,0.447264,0.613367,0.681860,0.245344,0.517084,0.714986,0.406248,0.274734,0.757713,0.426801,0.615322,0.469799,0.467838,0.497723,0.436844,0.634156,0.487508,0.528765,0.431944,0.547011,0.542099,0.322275,0.442224,0.367003,0.749623,0.625053,0.462295,0.523047,0.512914,0.429456,0.763398,0.551017,0.727304,0.392556,0.554493,0.698481,0.487059,0.420678,0.512770,0.467942,0.496828,0.523711,0.321859,0.510521,0.754985,0.480471,0.490331,0.407208,0.520809,0.517559,0.560414,0.493087,0.643257,0.570932,0.515415,0.533798,0.400999,0.587691,0.525415,0.463032,0.525680,0.453364,0.498165,0.546243,0.712411,0.451363,0.568370,0.636242,0.458128,0.552040,0.834877,0.645850,0.650159,0.743830,0.638530,0.595219,0.333708,0.553308,0.447012,0.412384
0.461618,0.580931,0.387412,0.378370,0.463958,0.545222,0.361476,0.447179,0.408540,0.443900,0.350075,0.401548,0.755684,0.407685,0.366398,0.452300,0.391962,0.449163,0.352967,0.448905,0.000000,0.487207,0.395876,0.699825,0.309375,0.558729,0.651051,0.396310,0.328897,0.636262,0.385869,0.598627,0.299508,0.486096,0.402709,0.429584,0.541509,0.528532,0.549374,0.445671,0.521381,0.470790,0.288686,0.571448,0.436347,0.678325,0.496936,0.433745,0.530838,0.503512,0.421917,0.655834,0.350525,0.762820,0.372738,0.534631,0.746889,0.556976,0.511691,0.474370,0.389667,0.361543,0.507507,0.526826,0.535299,0.594498,0.393650,0.500652,0.417742,0.616994,0.416395,0.450442,0.365585,0.544869,0.397738,0.510372,0.332126,0.492518,0.348546,0.540199,0.476556,0.326746,0.495687,0.523063,0.531075,0.693742,0.453793,0.421223,0.630826,0.426669,0.532395,0.716962,0.302956,0.592410,0.747438,0.583915,0.362052,0.383364,0.529021,0.454816,0.465999
0.464859,0.631427,0.303468,0.329828,0.452676,0.462518,0.355461,0.401725,0.607739,0.457085,0.398276,0.447235,0.758120,0.446177,0.416005,0.460993,0.426775,0.407409,0.291029,0.447264,0.487207,0.000000,0.561188,0.765789,0.545590,0.523849,0.744884,0.477869,0.505338,0.798138,0.585153,0.655833,0.521860,0.352263,0.481504,0.594019,0.525217,0.107671,0.420738,0.597133,0.616256,0.521921,0.492323,0.579984,0.535860,0.805536,0.540004,0.518639,0.541338,0.565890,0.568174,0.729729,0.539843,0.774705,0.454176,0.592634,0.756536,0.520383,0.582166,0.479842,0.339689,0.609483,0.555028,0.657781,0.524364,0.743955,0.535351,0.558278,0.538056,0.596109,0.733404,0.591847,0.569397,0.660368,0.604772,0.528541,0.517165,0.376786,0.533493,0.521821,0.494455,0.629393,0.411486,0.598084,0.209621,0.715367,0.572142,0.503487,0.668265,0.514303,0.557238,0.791022,0.605905,0.614947,0.746995,0.524095,0.571294,0.532913,0.506971,0.515767,0.524822
0.477995,0.637907,0.435599,0.418009,0.468372,0.557494,0.402111,0.453176,0.438127,0.483594,0.481539,0.419215,0.804560,0.428306,0.495523,0.577469,0.500519,0.425853,0.409865,0.613367,0.395876,0.561188,0.000000,0.766329,0.524874,0.588569,0.742869,0.484073,0.514622,0.729294,0.464246,0.705776,0.446018,0.559829,0.471539,0.482803,0.521887,0.606665,0.527648,0.481468,0.601068,0.524022,0.542297,0.624531,0.547687,0.789268,0.451836,0.586629,0.602437,0.502939,0.497714,0.681908,0.423882,0.787846,0.549561,0.584134,0.831542,0.528048,0.580967,0.522791,0.489765,0.420789,0.608359,0.676913,0.575684,0.593110,0.570526,0.529129,0.508161,0.659646,0.507544,0.425399,0.490472,0.544921,0.416812,0.531110,0.448047,0.641758,0.419065,0.571765,0.623453,0.419904,0.588571,0.621012,0.559410,0.696925,0.573457,0.474573,0.572184,0.574523,0.549483,0.726164,0.462478,0.543543,0.733211,0.585917,0.397354,0.607415,0.669984,0.587066,0.589997
0.481368,0.535265,0.664383,0.683980,0.623204,0.717056,0.735996,0.764688,0.584314,0.706991,0.593259,0.679107,0.620278,0.716864,0.621677,0.751295,0.680969,0.732672,0.723248,0.681860,0.699825,0.765789,0.766329,0.000000,0.706169,0.694419,0.538084,0.710228,0.708334,0.537767,0.755062,0.697999,0.740290,0.691755,0.698407,0.749900,0.754020,0.723746,0.667964,0.729330,0.673624,0.706211,0.704612,0.633960,0.713663,0.610253,0.761847,0.704409,0.612868,0.716684,0.615028,0.570074,0.774019,0.694280,0.714126,0.755469,0.719610,0.706813,0.674131,0.659415,0.704840,0.766395,0.685433,0.737774,0.673868,0.594905,0.539957,0.677933,0.758495,0.610303,0.661101,0.751862,0.709396,0.718622,0.794556,0.721758,0.758489,0.654638,0.786318,0.751950,0.735970,0.737488,0.712306,0.689455,0.746745,0.654966,0.698732,0.748694,0.643823,0.739960,0.715691,0.578460,0.746473,0.733743,0.630101,0.797359,0.767254,0.723513,0.743888,0.723526,0.675125
0.481813,0.646082,0.370189,0.380330,0.516011,0.631993,0.377284,0.519308,0.518507,0.397278,0.331631,0.375748,0.796087,0.374416,0.342365,0.371904,0.308189,0.562082,0.496373,0.245344,0.309375,0.545590,0.524874,0.706169,0.000000,0.502762,0.747742,0.387334,0.133508,0.753793,0.339558,0.656093,0.369608,0.494562,0.455544,0.338710,0.602217,0.565089,0.529152,0.325804,0.536279,0.538832,0.171045,0.449272,0.347438,0.771079,0.604376,0.407188,0.514682,0.446640,0.353216,0.759834,0.483483,0.746306,0.310235,0.507612,0.710542,0.464947,0.415326,0.413647,0.504735,0.369036,0.538878,0.334771,0.488117,0.624310,0.433531,0.475623,0.331232,0.559336,0.379922,0.516273,0.348530,0.595857,0.533007,0.505484,0.474788,0.410601,0.531911,0.583401,0.426828,0.425886,0.501467,0.437602,0.569553,0.699501,0.386856,0.463476,0.596831,0.387157,0.519229,0.814256,0.490936,0.524624,0.755582,0.606803,0.585763,0.129357,0.588457,0.406920,0.354499
0.482648,0.630843,0.403488,0.351457,0.526163,0.568600,0.409153,0.514808,0.523770,0.477682,0.555466,0.503861,0.775754,0.545750,0.567388,0.525081,0.530053,0.478293,0.626913,0.517084,0.558729,0.523849,0.588569,0.694419,0.502762,0.000000,0.681895,0.514098,0.495367,0.701513,0.522898,0.678756,0.563866,0.566725,0.645839,0.569939,0.355689,0.513041,0.401794,0.538451,0.560211,0.612986,0.547502,0.531031,0.632727,0.698761,0.595177,0.639439,0.385715,0.558905,0.442493,0.700903,0.560921,0.732028,0.460325,0.608705,0.740923,0.633037,0.518651,0.677491,0.637959,0.528219,0.470791,0.667481,0.173176,0.623994,0.525134,0.244391,0.497358,0.393718,0.522206,0.556851,0.571452,0.456509,0.552881,0.579949,0.574705,0.512125,0.579993,0.523453,0.611264,0.587081,0.621188,0.551059,0.607035,0.723182,0.496705,0.498350,0.522748,0.462698,0.208291,0.849543,0.652685,0.542034,0.778022,0.631709,0.619170,0.517135,0.630793,0.586355,0.563946
0.485451,0.437920,0.670189,0.654917,0.652050,0.717981,0.719994,0.737443,0.631791,0.667147,0.776240,0.772854,0.337604,0.714398,0.773699,0.730149,0.718492,0.739126,0.736209,0.714986,0.651051,0.744884,0.742869,0.538084,0.747742,0.681895,0.000000,0.741404,0.738258,0.138386,0.656543,0.592665,0.677532,0.702482,0.775485,0.674534,0.723519,0.738065,0.801031,0.765338,0.684685,0.755618,0.744992,0.841274,0.709226,0.415146,0.744704,0.753406,0.833537,0.774218,0.731691,0.423071,0.685456,0.639695,0.672751,0.729465,0.523162,0.801773,0.731412,0.789486,0.739488,0.681258,0.728773,0.759947,0.732348,0.556062,0.707442,0.671217,0.758805,0.692334,0.667353,0.783348,0.718245,0.789104,0.671718,0.834642,0.701267,0.818019,0.689921,0.741862,0.819395,0.721834,0.628174,0.829191,0.789859,0.723425,0.733665,0.790015,0.817683,0.644928,0.735148,0.582177,0.674748,0.824603,0.585965,0.800374,0.742364,0.805295,0.631241,0.803547,0.815148
0.486493,0.620829,0.373404,0.351025,0.542776,0.543996,0.365344,0.491259,0.531962,0.259562,0.367390,0.391180,0.804980,0.448389,0.365533,0.473845,0.384578,0.474445,0.408345,0.406248,0.396310,0.477869,0.484073,0.710228,0.387334,0.514098,0.741404,0.000000,0.287906,0.764075,0.517693,0.696910,0.393435,0.493748,0.505622,0.525156,0.556931,0.500547,0.495213,0.541180,0.604686,0.428919,0.350140,0.493015,0.454106,0.753767,0.585650,0.484274,0.543265,0.421314,0.475989,0.682883,0.505186,0.729699,0.394677,0.457451,0.743990,0.519874,0.454134,0.475462,0.430107,0.512655,0.454576,0.466227,0.460741,0.687242,0.533793,0.485221,0.412529,0.540462,0.474998,0.544703,0.501621,0.471077,0.549152,0.441464,0.496694,0.445249,0.505994,0.517186,0.429515,0.477517,0.459964,0.464505,0.571581,0.688562,0.515922,0.467992,0.695381,0.459632,0.500764,0.829966,0.496862,0.551972,0.783501,0.621532,0.512124,0.377471,0.535481,0.482890,0.517408
0.500640,0.653490,0.355842,0.333917,0.503970,0.586593,0.369159,0.498441,0.508934,0.342564,0.289831,0.336719,0.799479,0.372634,0.293995,0.386742,0.297879,0.514733,0.430556,0.274734,0.328897,0.505338,0.514622,0.708334,0.133508,0.495367,0.738258,0.287906,0.000000,0.773148,0.373128,0.652613,0.354417,0.502525,0.471456,0.371562,0.573536,0.524490,0.485451,0.382731,0.510688,0.512547,0.194346,0.422501,0.339065,0.803665,0.596219,0.405871,0.482228,0.388101,0.352636,0.775917,0.458636,0.782386,0.299883,0.488194,0.722217,0.452174,0.384188,0.409673,0.417718,0.401308,0.475775,0.344143,0.467574,0.630804,0.432418,0.421930,0.320736,0.543532,0.410166,0.514922,0.391055,0.509857,0.514549,0.429647,0.446879,0.396788,0.493509,0.503714,0.394344,0.421461,0.466290,0.397059,0.555772,0.711487,0.407710,0.418865,0.642096,0.371312,0.511515,0.804968,0.470538,0.479439,0.754761,0.569001,0.540202,0.174089,0.555140,0.416418,0.375358
0.501703,0.393814,0.697428,0.692730,0.657376,0.703873,0.749686,0.754307,0.663561,0.707010,0.802603,0.800307,0.409958,0.751231,0.790050,0.789871,0.752229,0.753318,0.770945,0.757713,0.636262,0.798138,0.729294,0.537767,0.753793,0.701513,0.138386,0.764075,0.773148,0.000000,0.772683,0.649973,0.758207,0.730000,0.792267,0.812104,0.762102,0.796197,0.835148,0.825317,0.684652,0.793752,0.753105,0.859724,0.746317,0.400570,0.773836,0.776875,0.852162,0.764323,0.736145,0.334977,0.730392,0.671395,0.762432,0.776334,0.530930,0.846179,0.770740,0.817668,0.810454,0.782516,0.751280,0.761083,0.791868,0.540050,0.705701,0.698446,0.824244,0.728969,0.638167,0.825417,0.765788,0.802423,0.766678,0.820250,0.735517,0.836642,0.736968,0.781039,0.861323,0.692432,0.791326,0.818686,0.820138,0.738882,0.752818,0.815130,0.830764,0.775546,0.803355,0.577044,0.699861,0.802204,0.607195,0.822073,0.723154,0.802698,0.756203,0.842990,0.835101
0.502039,0.635177,0.475281,0.449562,0.572148,0.633276,0.459913,0.589592,0.355484,0.484421,0.421723,0.466545,0.661900,0.465760,0.436499,0.510097,0.447675,0.560162,0.493278,0.426801,0.385869,0.585153,0.464246,0.755062,0.339558,0.522898,0.656543,0.517693,0.373128,0.772683,0.000000,0.652601,0.288852,0.496384,0.486571,0.032579,0.559494,0.620267,0.537014,0.077888,0.519257,0.622507,0.412756,0.615941,0.441951,0.770787,0.608389,0.558222,0.603929,0.519807,0.456918,0.722309,0.316760,0.794655,0.415708,0.579046,0.706811,0.385731,0.516044,0.474740,0.520710,0.186933,0.609590,0.467475,0.512877,0.660081,0.489307,0.448778,0.383383,0.601469,0.454060,0.303998,0.356845,0.566198,0.222773,0.579482,0.362938,0.586172,0.358261,0.651474,0.592174,0.435549,0.401955,0.608267,0.610144,0.763493,0.488096,0.448125,0.613006,0.381796,0.505936,0.757543,0.448518,0.527701,0.747421,0.582519,0.513550,0.425095,0.539227,0.450964,0.540318
0.503012,0.569180,0.616578,0.648753,0.712149,0.732817,0.650431,0.718601,0.636768,0.745231,0.631862,0.714569,0.666102,0.623333,0.655764,0.604723,0.595709,0.725949,0.607360,0.615322,0.598627,0.655833,0.705776,0.697999,0.656093,0.678756,0.592665,0.696910,0.652613,0.649973,0.652601,0.000000,0.645498,0.712025,0.666895,0.667394,0.672444,0.637811,0.784087,0.691206,0.771445,0.690364,0.656166,0.724126,0.532340,0.654535,0.660700,0.633130,0.713911,0.789785,0.646199,0.642007,0.648619,0.571126,0.630813,0.700467,0.669964,0.706909,0.616594,0.733975,0.618253,0.653011,0.712920,0.633387,0.662277,0.759983,0.628756,0.692164,0.708690,0.708979,0.638869,0.738374,0.737625,0.722300,0.700434,0.725199,0.670860,0.693386,0.686711,0.652508,0.692446,0.741067,0.670340,0.757704,0.727323,0.757837,0.711803,0.769241,0.736580,0.661174,0.676809,0.747569,0.750166,0.836051,0.540651,0.778045,0.708898,0.712690,0.609096,0.693696,0.625130
0.503103,0.612151,0.446090,0.447849,0.560492,0.655343,0.437811,0.615934,0.380923,0.434111,0.355411,0.421495,0.700969,0.480873,0.347111,0.515670,0.435733,0.560432,0.436085,0.469799,0.299508,0.521860,0.446018,0.740290,0.369608,0.563866,0.677532,0.393435,0.354417,0.758207,0.288852,0.645498,0.000000,0.539410,0.464821,0.308977,0.517996,0.540458,0.626078,0.380981,0.588106,0.492555,0.362149,0.610589,0.430312,0.757635,0.562794,0.474092,0.572087,0.504834,0.436639,0.692839,0.278806,0.768255,0.303236,0.544277,0.705179,0.538709,0.470523,0.492654,0.412308,0.328870,0.551840,0.477006,0.488633,0.706158,0.483806,0.430476,0.389622,0.607761,0.497029,0.409818,0.237741,0.476925,0.327101,0.480883,0.291206,0.502652,0.290301,0.588686,0.462648,0.437384,0.409483,0.557833,0.581606,0.698901,0.544309,0.500213,0.635695,0.286128,0.445558,0.782235,0.317162,0.622481,0.741613,0.619249,0.466249,0.387794,0.418617,0.384913,0.473250
0.504911,0.633945,0.427894,0.446951,0.493879,0.464435,0.429031,0.502398,0.597399,0.468127,0.385893,0.547024,0.752052,0.521637,0.402603,0.531693,0.504459,0.476979,0.359309,0.467838,0.486096,0.352263,0.559829,0.691755,0.494562,0.566725,0.702482,0.493748,0.502525,0.730000,0.496384,0.712025,0.539410,0.000000,0.541165,0.499084,0.601673,0.384498,0.410656,0.501073,0.440389,0.622935,0.460403,0.540850,0.559063,0.763054,0.674814,0.608041,0.578924,0.543715,0.577311,0.767129,0.463563,0.808371,0.516168,0.613020,0.738841,0.439504,0.683237,0.339066,0.378364,0.515654,0.602834,0.675531,0.600763,0.686489,0.499394,0.554714,0.501986,0.586623,0.630957,0.539410,0.576637,0.581054,0.555575,0.601022,0.414324,0.461203,0.480875,0.596926,0.581754,0.493408,0.171517,0.560690,0.403560,0.706541,0.533738,0.573730,0.666054,0.562793,0.660240,0.777317,0.546400,0.635065,0.752737,0.600820,0.586127,0.487660,0.544362,0.626920,0.553583
0.504917,0.633822,0.428103,0.407386,0.458414,0.628893,0.401347,0.494375,0.454321,0.543608,0.370547,0.421892,0.814862,0.448714,0.368478,0.522327,0.428113,0.577265,0.374441,0.497723,0.402709,0.481504,0.471539,0.698407,0.455544,0.645839,0.775485,0.505622,0.471456,0.792267,0.486571,0.666895,0.464821,0.541165,0.000000,0.486038,0.615644,0.521198,0.525732,0.493725,0.595432,0.587284,0.455944,0.622745,0.520901,0.832393,0.485024,0.435428,0.570325,0.493488,0.504380,0.723210,0.453226,0.807639,0.510322,0.589399,0.832291,0.493032,0.576624,0.443860,0.432234,0.523178,0.572643,0.611610,0.619980,0.627372,0.549369,0.579140,0.519450,0.633798,0.558963,0.460564,0.446907,0.644685,0.481357,0.498081,0.453268,0.579582,0.477936,0.573254,0.518296,0.526492,0.533255,0.576579,0.521410,0.726561,0.587873,0.458558,0.605370,0.549723,0.637083,0.849619,0.551816,0.568515,0.793768,0.645841,0.475418,0.518541,0.624416,0.434008,0.570929
0.507714,0.630260,0.479961,0.473370,0.592500,0.643378,0.471020,0.604084,0.408546,0.504145,0.417671,0.483491,0.646073,0.471491,0.422884,0.520638,0.451879,0.581603,0.513319,0.436844,0.429584,0.594019,0.482803,0.749900,0.338710,0.569939,0.674534,0.525156,0.371562,0.812104,0.032579,0.667394,0.308977,0.499084,0.486038,0.000000,0.597047,0.624650,0.534547,0.067132,0.538434,0.610939,0.408966,0.613796,0.436969,0.773736,0.633620,0.552300,0.619250,0.519544,0.475306,0.745314,0.355989,0.781207,0.427438,0.590255,0.697712,0.355546,0.518879,0.459178,0.522937,0.224307,0.630853,0.462266,0.544750,0.673586,0.519194,0.486857,0.380742,0.610824,0.462652,0.319427,0.371546,0.584588,0.282666,0.591009,0.406855,0.597097,0.409125,0.655244,0.580786,0.463422,0.385379,0.598213,0.620028,0.765057,0.498533,0.478146,0.636122,0.386406,0.544326,0.764574,0.465925,0.523365,0.761755,0.582210,0.565683,0.422176,0.555994,0.449634,0.542894
0.509230,0.634812,0.454071,0.374033,0.561929,0.615559,0.444490,0.501789,0.426939,0.456855,0.538481,0.487157,0.773548,0.491863,0.545154,0.591700,0.526849,0.497935,0.535692,0.634156,0.541509,0.525217,0.521887,0.754020,0.602217,0.355689,0.723519,0.556931,0.573536,0.762102,0.559494,0.672444,0.517996,0.601673,0.615644,0.597047,0.000000,0.501271,0.508293,0.584937,0.634578,0.554148,0.573048,0.640609,0.617439,0.819586,0.578900,0.622941,0.476712,0.612555,0.499634,0.676946,0.481823,0.791298,0.445543,0.573132,0.833913,0.706202,0.488100,0.665297,0.543832,0.468518,0.587115,0.768331,0.441865,0.686095,0.598536,0.382968,0.604666,0.635752,0.641754,0.485639,0.622914,0.435373,0.469429,0.574295,0.558311,0.519859,0.488957,0.590100,0.567307,0.686818,0.593769,0.637408,0.551985,0.690843,0.681603,0.534613,0.584676,0.421758,0.398606,0.773849,0.580463,0.594753,0.777046,0.593887,0.560914,0.611949,0.640900,0.600727,0.575000
0.509953,0.630700,0.314989,0.364647,0.523903,0.496067,0.362861,0.458659,0.606241,0.495300,0.423806,0.490434,0.746676,0.466064,0.441242,0.487269,0.422251,0.456986,0.328297,0.487508,0.528532,0.107671,0.606665,0.723746,0.565089,0.513041,0.738065,0.500547,0.524490,0.796197,0.620267,0.637811,0.540458,0.384498,0.521198,0.624650,0.501271,0.000000,0.424087,0.627597,0.668797,0.543338,0.512781,0.573388,0.568979,0.778385,0.570191,0.540419,0.524741,0.584833,0.601621,0.718162,0.538814,0.737527,0.420530,0.597295,0.776921,0.581972,0.593786,0.513205,0.363491,0.643959,0.579408,0.681597,0.505127,0.723068,0.524577,0.565421,0.593459,0.597888,0.761924,0.599860,0.574801,0.642450,0.618636,0.552341,0.540957,0.334909,0.548792,0.517125,0.473821,0.657825,0.442703,0.593577,0.158907,0.746087,0.609127,0.509476,0.712363,0.485814,0.527876,0.870954,0.614346,0.655400,0.744879,0.555929,0.585787,0.534784,0.530598,0.536156,0.500981
0.511242,0.664470,0.372235,0.393455,0.458505,0.502234,0.372998,0.455863,0.502028,0.470432,0.380899,0.480004,0.823032,0.487289,0.420207,0.552239,0.504063,0.468755,0.445209,0.528765,0.549374,0.420738,0.527648,0.667964,0.529152,0.401794,0.801031,0.495213,0.485451,0.835148,0.537014,0.784087,0.626078,0.410656,0.525732,0.534547,0.508293,0.424087,0.000000,0.487037,0.483171,0.568487,0.514110,0.437227,0.571918,0.741526,0.614680,0.526288,0.370488,0.457359,0.536548,0.785472,0.534213,0.831705,0.558868,0.623102,0.802651,0.437781,0.622700,0.474662,0.468575,0.521322,0.534898,0.692400,0.424131,0.607642,0.562646,0.458287,0.512000,0.471477,0.574485,0.452132,0.594971,0.618185,0.532372,0.530348,0.540502,0.445888,0.539057,0.502649,0.538814,0.559277,0.504420,0.472153,0.439513,0.726975,0.496048,0.427177,0.562032,0.622540,0.491981,0.823197,0.598359,0.492422,0.813031,0.528543,0.585620,0.548174,0.595507,0.600894,0.516655
0.511621,0.674784,0.456403,0.468626,0.579920,0.602250,0.462751,0.575568,0.415883,0.513040,0.433351,0.474642,0.766302,0.438119,0.461322,0.521879,0.429567,0.579064,0.522663,0.431944,0.445671,0.597133,0.481468,0.729330,0.325804,0.538451,0.765338,0.541180,0.382731,0.825317,0.077888,0.691206,0.380981,0.501073,0.493725,0.067132,0.584937,0.627597,0.487037,0.000000,0.503815,0.610783,0.398020,0.610622,0.428232,0.782935,0.622696,0.549302,0.593169,0.517979,0.477137,0.768814,0.400864,0.778036,0.465207,0.582339,0.767727,0.375513,0.507965,0.485548,0.559682,0.239980,0.641805,0.449069,0.555567,0.664033,0.539199,0.490296,0.401304,0.600828,0.448262,0.260229,0.413104,0.595490,0.333530,0.577938,0.460598,0.572887,0.458254,0.634982,0.624179,0.424927,0.504458,0.633150,0.603931,0.756385,0.475873,0.487388,0.622607,0.477400,0.558124,0.774952,0.522907,0.524687,0.799761,0.570798,0.558201,0.432689,0.640936,0.455330,0.525939
0.512184,0.615540,0.479478,0.535714,0.554395,0.482227,0.532531,0.520755,0.508957,0.582648,0.506916,0.603793,0.759172,0.533352,0.511654,0.635016,0.517180,0.617367,0.540044,0.547011,0.521381,0.616256,0.601068,0.673624,0.536279,0.560211,0.684685,0.604686,0.510688,0.684652,0.519257,0.771445,0.588106,0.440389,0.595432,0.538434,0.634578,0.668797,0.483171,0.503815,0.000000,0.684236,0.506271,0.523226,0.522564,0.736726,0.656810,0.621238,0.557798,0.538907,0.524320,0.707109,0.570964,0.772238,0.596256,0.670855,0.767219,0.582048,0.671575,0.568073,0.514081,0.509728,0.584587,0.614761,0.614270,0.590640,0.579734,0.580821,0.570289,0.636833,0.451403,0.533270,0.619473,0.633708,0.553675,0.653563,0.576386,0.538281,0.619082,0.715593,0.667613,0.515038,0.492462,0.525347,0.734768,0.723582,0.560212,0.576328,0.612089,0.621363,0.664114,0.686014,0.585754,0.613821,0.736369,0.666370,0.664126,0.605091,0.667255,0.715828,0.548709
0.512331,0.596405,0.488584,0.457436,0.564572,0.626111,0.472457,0.571809,0.636523,0.517010,0.477241,0.501358,0.816792,0.505737,0.471079,0.567765,0.506079,0.573528,0.539108,0.542099,0.470790,0.521921,0.524022,0.706211,0.538832,0.612986,0.755618,0.428919,0.512547,0.793752,0.622507,0.690364,0.492555,0.622935,0.587284,0.610939,0.554148,0.543338,0.568487,0.610783,0.684236,0.000000,0.509687,0.661599,0.581199,0.791566,0.570726,0.508701,0.617890,0.575215,0.624845,0.781286,0.554373,0.588616,0.546648,0.579673,0.767102,0.657352,0.543104,0.597228,0.506814,0.565602,0.611467,0.657228,0.551397,0.721946,0.606733,0.568752,0.510013,0.563075,0.611880,0.605542,0.571521,0.579992,0.623108,0.544036,0.578739,0.590506,0.536535,0.385800,0.531815,0.551986,0.628245,0.610246,0.621962,0.690577,0.621040,0.550679,0.768742,0.561767,0.590104,0.778171,0.580827,0.652615,0.818609,0.581866,0.612075,0.537224,0.600539,0.531804,0.612813
0.512594,0.647736,0.350287,0.383484,0.513752,0.573624,0.353958,0.457895,0.492838,0.442617,0.320056,0.377855,0.820686,0.331204,0.325864,0.370250,0.250470,0.562182,0.412809,0.322275,0.288686,0.492323,0.542297,0.704612,0.171045,0.547502,0.744992,0.350140,0.194346,0.753105,0.412756,0.656166,0.362149,0.460403,0.455944,0.408966,0.573048,0.512781,0.514110,0.398020,0.506271,0.509687,0.000000,0.460855,0.329698,0.774833,0.613698,0.421973,0.504661,0.447850,0.393765,0.760362,0.458763,0.770653,0.298341,0.501166,0.721442,0.483992,0.399578,0.385924,0.401605,0.412500,0.482414,0.380569,0.493302,0.659857,0.408970,0.474534,0.359030,0.551659,0.404266,0.499352,0.396619,0.551078,0.523153,0.462029,0.444833,0.353962,0.508345,0.550507,0.414753,0.407956,0.443525,0.433249,0.564102,0.620054,0.405740,0.462757,0.643574,0.364784,0.542212,0.787528,0.434167,0.544328,0.756935,0.648970,0.552470,0.208688,0.547368,0.424823,0.313430
0.513722,0.640944,0.484639,0.522211,0.525447,0.640070,0.472656,0.596528,0.572506,0.571767,0.291255,0.482147,0.801638,0.513339,0.340183,0.562698,0.520477,0.548815,0.582124,0.442224,0.571448,0.579984,0.624531,0.633960,0.449272,0.531031,0.841274,0.493015,0.422501,0.859724,0.615941,0.724126,0.610589,0.540850,0.622745,0.613796,0.640609,0.573388,0.437227,0.610622,0.523226,0.661599,0.460855,0.000000,0.536934,0.781084,0.627664,0.589475,0.255629,0.485423,0.413478,0.777541,0.658517,0.867317,0.509796,0.632802,0.754983,0.604131,0.467333,0.543956,0.553531,0.613362,0.429808,0.541267,0.522856,0.662729,0.461141,0.520667,0.520984,0.645367,0.477304,0.648467,0.626262,0.538648,0.674855,0.536300,0.646808,0.256912,0.677035,0.662125,0.481171,0.624817,0.550574,0.148540,0.589414,0.717825,0.536693,0.510847,0.619508,0.588988,0.553676,0.744282,0.688262,0.578274,0.712535,0.679732,0.631807,0.449043,0.646921,0.589982,0.292262
