0.000000,0.327116,0.344779,0.442010,0.460625,0.466358,0.468198,0.469160,0.474735,0.474914,0.477441,0.480293,0.481959,0.484923,0.485874,0.486947,0.489572,0.491393,0.493551,0.495245,0.496675,0.498059,0.499809,0.499838,0.500370,0.503102,0.503585,0.504258,0.506695,0.506763,0.506872,0.508073,0.509790,0.511017,0.514215,0.514292,0.515302,0.515357,0.517103,0.518378,0.518716,0.518987,0.519168,0.520147,0.520915,0.521869,0.522116,0.522899,0.522973,0.523683,0.524020,0.524802,0.525534,0.525538,0.525969,0.527902,0.528117,0.529219,0.530945,0.532282,0.533156,0.534828,0.535965,0.535978,0.536277,0.536722,0.536985,0.537033,0.538600,0.538767,0.539673,0.539713,0.540392,0.540506,0.542194,0.543213,0.544185,0.544516,0.545994,0.546020,0.546609,0.546614,0.547178,0.547394,0.547457,0.548980,0.549661,0.549680,0.550053,0.550348,0.550786,0.552110,0.552317,0.552498,0.552913,0.553059,0.553833,0.555080,0.555125,0.555130,0.555378,0.555788,0.555909,0.556069,0.556289,0.556447,0.556775,0.557277,0.557464,0.557803,0.557877,0.558066,0.558207,0.558417,0.558465,0.559264,0.559270,0.559393,0.559452,0.559498,0.559926,0.559966,0.560102,0.560637,0.561152,0.561492,0.561783,0.562793,0.562902,0.563708,0.563729,0.563731,0.563817,0.564056,0.564371,0.565046,0.565409,0.565534,0.566112,0.566524,0.566671,0.566739,0.566744,0.567248,0.567487,0.567497,0.568796,0.568994,0.569429,0.570088,0.570562,0.570616,0.570776,0.570867,0.571187,0.571219,0.571286,0.571654,0.571793,0.571911,0.571966,0.572022,0.572341,0.572436,0.572600,0.572677,0.572843,0.573051,0.573543,0.573593,0.573737,0.573811,0.573911,0.573944,0.574023,0.574152,0.574160,0.574236,0.574254,0.574365,0.574499,0.574780,0.574835,0.574875,0.575929,0.576302,0.576870,0.577143,0.577166,0.577273,0.577469,0.577498,0.577732,0.577904,0.577974,0.578279,0.578352,0.578435,0.578794,0.579092,0.579141
0.327116,0.000000,0.448834,0.548299,0.449442,0.515486,0.424484,0.482734,0.420834,0.587856,0.569761,0.596397,0.458282,0.351666,0.509239,0.598146,0.528550,0.462183,0.561928,0.524140,0.517313,0.328945,0.454363,0.358070,0.407472,0.473108,0.395617,0.501546,0.518654,0.560779,0.482813,0.535628,0.333392,0.446284,0.624954,0.619044,0.524672,0.464674,0.247424,0.537795,0.606714,0.582728,0.541020,0.609348,0.612524,0.522120,0.510136,0.543853,0.523167,0.647800,0.499270,0.557005,0.373429,0.246596,0.440056,0.459053,0.417869,0.452234,0.620856,0.517869,0.583658,0.437764,0.556860,0.633339,0.366820,0.649783,0.524986,0.602452,0.554056,0.533348,0.432381,0.535424,0.587951,0.713181,0.442388,0.612137,0.592443,0.635722,0.453564,0.494391,0.498543,0.591238,0.369475,0.501264,0.604004,0.476812,0.583175,0.578645,0.461347,0.626275,0.473358,0.623271,0.604278,0.667298,0.361425,0.440326,0.439784,0.525726,0.666155,0.578119,0.622470,0.494434,0.730053,0.566070,0.488727,0.651985,0.668627,0.444512,0.326817,0.570181,0.398429,0.759010,0.454640,0.412087,0.532569,0.657143,0.559082,0.536600,0.598815,0.491702,0.462083,0.431470,0.655303,0.566776,0.668848,0.470344,0.463640,0.640000,0.579744,0.625143,0.617047,0.626847,0.553249,0.622764,0.684854,0.590161,0.551626,0.448457,0.658495,0.704738,0.608338,0.619173,0.671479,0.594937,0.407081,0.585725,0.600193,0.498564,0.691562,0.627139,0.540536,0.669354,0.615894,0.656127,0.506089,0.653798,0.595651,0.604515,0.478556,0.633556,0.631400,0.462311,0.555994,0.544251,0.502512,0.626126,0.576806,0.432989,0.684764,0.595915,0.623500,0.532408,0.679759,0.458579,0.485979,0.704233,0.673692,0.521814,0.623742,0.721201,0.609263,0.631687,0.590146,0.686000,0.711160,0.645178,0.624173,0.621446,0.508795,0.501865,0.467370,0.472429,0.718613,0.600297,0.624465,0.409509,0.552834,0.562805,0.633212,0.611771,0.714611
0.344779,0.448834,0.000000,0.491116,0.451213,0.330982,0.559568,0.557109,0.596541,0.689911,0.654184,0.739678,0.554154,0.514307,0.560336,0.594683,0.602088,0.598662,0.528784,0.418154,0.551854,0.477891,0.570322,0.412866,0.591099,0.569932,0.566769,0.669969,0.619472,0.609957,0.665216,0.628709,0.335334,0.594826,0.683843,0.697805,0.628668,0.536875,0.500223,0.589152,0.756330,0.728956,0.554428,0.574660,0.598715,0.515726,0.724768,0.466468,0.610204,0.627290,0.563448,0.753871,0.575650,0.492447,0.520968,0.641030,0.545305,0.439370,0.538953,0.735321,0.594958,0.423450,0.725205,0.547823,0.342939,0.663020,0.731650,0.546705,0.512746,0.633973,0.648558,0.595848,0.695143,0.749357,0.687838,0.680828,0.435986,0.605036,0.696938,0.561749,0.495898,0.430960,0.688749,0.555529,0.682296,0.642516,0.397815,0.704371,0.562148,0.658592,0.622244,0.679484,0.622198,0.656451,0.606057,0.695757,0.671175,0.638962,0.591469,0.554351,0.633555,0.580833,0.709656,0.691863,0.591763,0.533092,0.777792,0.700689,0.534189,0.370334,0.684877,0.532225,0.510282,0.432058,0.546440,0.780516,0.571814,0.650277,0.535779,0.604532,0.647565,0.588182,0.693532,0.745183,0.448334,0.582050,0.595998,0.598033,0.475234,0.643013,0.604872,0.435781,0.634773,0.779661,0.803250,0.631518,0.560232,0.327219,0.608128,0.522229,0.687091,0.708766,0.621200,0.652087,0.664046,0.559680,0.676956,0.688948,0.713189,0.665983,0.672237,0.708846,0.536360,0.629861,0.714670,0.718076,0.807885,0.553932,0.706615,0.564996,0.637783,0.538130,0.538713,0.680453,0.678620,0.548324,0.602312,0.639490,0.776411,0.490895,0.556248,0.602434,0.628192,0.542411,0.636412,0.690709,0.513793,0.472454,0.625403,0.725427,0.594962,0.687087,0.471473,0.735268,0.574784,0.835378,0.627406,0.673729,0.716433,0.591149,0.633205,0.703576,0.592590,0.732927,0.576544,0.678846,0.649603,0.633144,0.483708,0.537566,0.707371
0.442010,0.548299,0.491116,0.000000,0.507947,0.608016,0.398774,0.583448,0.480400,0.518294,0.519908,0.571280,0.628723,0.483466,0.488493,0.502637,0.519865,0.520717,0.617889,0.312525,0.451202,0.503838,0.397513,0.509405,0.530315,0.426337,0.495767,0.442640,0.479755,0.431606,0.501725,0.495931,0.527374,0.483907,0.558207,0.466632,0.371551,0.430428,0.601247,0.466197,0.662609,0.538002,0.508732,0.599790,0.467866,0.569104,0.561931,0.519900,0.409529,0.544044,0.450164,0.612890,0.563999,0.614529,0.539973,0.551553,0.495969,0.517086,0.572892,0.559073,0.649338,0.540769,0.504333,0.498325,0.532391,0.559992,0.543833,0.525867,0.598337,0.536778,0.558773,0.541255,0.520358,0.535391,0.637789,0.632396,0.588505,0.482510,0.650549,0.439595,0.508502,0.600038,0.501503,0.593201,0.622269,0.533804,0.612927,0.602840,0.491432,0.467322,0.489746,0.420852,0.401264,0.465700,0.506879,0.653898,0.640088,0.479076,0.547875,0.603854,0.485602,0.622650,0.613284,0.512233,0.597756,0.505329,0.730410,0.590531,0.532608,0.518532,0.517403,0.632545,0.579287,0.541470,0.322400,0.712319,0.593859,0.592448,0.624428,0.524802,0.527478,0.617241,0.638989,0.598289,0.663323,0.468240,0.559905,0.595429,0.580804,0.482128,0.614872,0.648376,0.552598,0.748301,0.768078,0.462158,0.554130,0.576749,0.663726,0.637854,0.672034,0.588293,0.598068,0.410558,0.518988,0.587894,0.575302,0.527954,0.549619,0.646406,0.629519,0.505222,0.534659,0.536405,0.561923,0.606860,0.695428,0.411482,0.669496,0.557787,0.493587,0.604195,0.559310,0.586089,0.495465,0.613152,0.365371,0.564330,0.687897,0.602735,0.545403,0.552385,0.680503,0.596010,0.527200,0.485798,0.594574,0.531328,0.664420,0.634928,0.570436,0.547947,0.540320,0.621637,0.671700,0.672936,0.675950,0.588368,0.569634,0.535220,0.585020,0.584348,0.637176,0.492483,0.549900,0.595351,0.414791,0.492576,0.487001,0.580679,0.566622
0.460625,0.449442,0.451213,0.507947,0.000000,0.670591,0.474228,0.578139,0.495185,0.655717,0.596781,0.634664,0.593139,0.455429,0.411638,0.596200,0.603269,0.516950,0.630211,0.529532,0.558939,0.525893,0.491304,0.487920,0.584798,0.486121,0.548368,0.648178,0.589726,0.587484,0.638070,0.606317,0.491447,0.485073,0.587027,0.503747,0.615855,0.545801,0.481468,0.578266,0.707630,0.686238,0.607196,0.637123,0.599193,0.565264,0.689638,0.553252,0.585866,0.585166,0.571958,0.722269,0.480806,0.473781,0.653273,0.634840,0.582925,0.526837,0.622628,0.675397,0.719557,0.526547,0.695541,0.644029,0.508048,0.588553,0.653359,0.668667,0.577965,0.603302,0.589670,0.508433,0.700261,0.782400,0.648758,0.684766,0.575406,0.580316,0.650477,0.559350,0.554207,0.517269,0.501869,0.649241,0.743104,0.520806,0.595449,0.635238,0.518255,0.561081,0.514858,0.611105,0.648265,0.651749,0.578094,0.652875,0.657035,0.531949,0.669054,0.594178,0.565177,0.516236,0.755170,0.682617,0.635539,0.588617,0.739400,0.661502,0.513723,0.567426,0.480871,0.722176,0.579747,0.530426,0.519361,0.833808,0.644796,0.626176,0.529255,0.480869,0.520869,0.527002,0.756287,0.715752,0.711592,0.531898,0.568245,0.607062,0.648280,0.555716,0.580264,0.698814,0.604446,0.810999,0.758207,0.530400,0.589378,0.540067,0.602554,0.658918,0.762148,0.511786,0.712560,0.530457,0.560215,0.606699,0.571884,0.633842,0.779695,0.697297,0.560538,0.593745,0.577941,0.558129,0.647651,0.788204,0.719160,0.542672,0.667964,0.657534,0.564153,0.643505,0.651236,0.572830,0.606086,0.636897,0.651859,0.526284,0.776059,0.454921,0.636715,0.526592,0.740571,0.633172,0.591204,0.572828,0.588668,0.595009,0.655434,0.807245,0.575502,0.602495,0.624392,0.733806,0.651470,0.733277,0.772305,0.678141,0.653027,0.578751,0.540142,0.648966,0.625254,0.721613,0.644473,0.510658,0.515731,0.616529,0.592054,0.714535,0.693632
0.466358,0.515486,0.330982,0.608016,0.670591,0.000000,0.641510,0.631719,0.673450,0.722060,0.599210,0.759327,0.627491,0.601917,0.689017,0.615393,0.618208,0.704694,0.557751,0.624448,0.629046,0.660085,0.621049,0.566800,0.702547,0.590981,0.630560,0.758501,0.626457,0.710258,0.744956,0.703031,0.562316,0.635857,0.816605,0.712493,0.737719,0.581450,0.631244,0.610794,0.776203,0.744486,0.617454,0.589576,0.630872,0.570557,0.758544,0.479617,0.714691,0.713002,0.636211,0.755703,0.647642,0.642070,0.617031,0.734949,0.584844,0.578943,0.537602,0.765714,0.599829,0.564854,0.809054,0.611401,0.591486,0.645410,0.794007,0.629327,0.555700,0.768711,0.763122,0.569665,0.767453,0.754536,0.703136,0.631362,0.472004,0.605686,0.711336,0.585676,0.583800,0.562751,0.723542,0.641378,0.651790,0.684317,0.449197,0.786661,0.590719,0.574344,0.648310,0.604117,0.562569,0.679658,0.651774,0.702365,0.684881,0.696867,0.499206,0.569051,0.639290,0.686956,0.682475,0.694905,0.637759,0.653425,0.765547,0.720208,0.584625,0.507176,0.729387,0.650349,0.571838,0.595183,0.634881,0.732821,0.618570,0.581943,0.656046,0.610550,0.696112,0.683176,0.664309,0.745053,0.451917,0.644989,0.713869,0.667190,0.547228,0.656177,0.651385,0.420013,0.589096,0.818368,0.778943,0.642621,0.619921,0.509230,0.736473,0.673576,0.698451,0.716150,0.634175,0.665619,0.682582,0.633983,0.740958,0.756651,0.728257,0.652218,0.699901,0.756806,0.680639,0.656746,0.696467,0.755533,0.824074,0.639758,0.683264,0.568640,0.659730,0.565138,0.691351,0.726178,0.728066,0.551302,0.588699,0.682720,0.811209,0.667191,0.559430,0.606257,0.583748,0.583965,0.663627,0.795315,0.603629,0.577573,0.685746,0.706978,0.695372,0.699308,0.487005,0.744731,0.672539,0.824299,0.600978,0.703027,0.725107,0.671656,0.705146,0.787242,0.591608,0.788495,0.579520,0.744946,0.647405,0.671697,0.558832,0.571165,0.720261
0.468198,0.424484,0.559568,0.398774,0.474228,0.641510,0.000000,0.430194,0.256104,0.518410,0.578264,0.534225,0.444536,0.326095,0.514030,0.495319,0.352737,0.296516,0.501079,0.325635,0.307400,0.439352,0.152233,0.369840,0.378140,0.170985,0.308587,0.358203,0.343196,0.362234,0.394672,0.275396,0.477686,0.350538,0.524412,0.470488,0.353480,0.229491,0.416674,0.284166,0.448288,0.413845,0.331084,0.650701,0.587530,0.540722,0.343061,0.443910,0.287093,0.546029,0.227751,0.430595,0.328296,0.419753,0.492013,0.394518,0.305967,0.467613,0.522878,0.411565,0.594403,0.450112,0.377247,0.493204,0.492879,0.642914,0.446323,0.506920,0.504847,0.448570,0.439481,0.457635,0.483997,0.529571,0.478473,0.649321,0.503923,0.505216,0.477825,0.248079,0.493807,0.571573,0.274719,0.665634,0.641949,0.226441,0.653578,0.438730,0.433018,0.537915,0.357416,0.470674,0.492661,0.565732,0.596132,0.492534,0.497654,0.241502,0.602084,0.485961,0.501924,0.487235,0.639862,0.414546,0.410645,0.638474,0.575428,0.484240,0.471148,0.498295,0.330489,0.690075,0.499917,0.427916,0.271542,0.512359,0.536193,0.511924,0.606050,0.436956,0.241316,0.632349,0.657070,0.412242,0.751180,0.485028,0.340032,0.521428,0.623992,0.550451,0.568574,0.723353,0.462807,0.616714,0.564564,0.541691,0.396684,0.538582,0.634770,0.641770,0.462341,0.486521,0.556336,0.424515,0.334022,0.448053,0.547849,0.360847,0.574334,0.641784,0.375297,0.586668,0.600238,0.592626,0.431156,0.475223,0.537967,0.423123,0.527279,0.505891,0.535746,0.537832,0.465743,0.315351,0.392542,0.541062,0.455733,0.335391,0.573447,0.637047,0.477130,0.512553,0.652584,0.532030,0.348707,0.571550,0.729960,0.347467,0.578886,0.542823,0.530755,0.501708,0.662977,0.557580,0.681539,0.590305,0.664128,0.581611,0.429567,0.323707,0.327671,0.440622,0.661833,0.479701,0.499865,0.296765,0.451965,0.435644,0.580420,0.458121,0.617649
0.469160,0.482734,0.557109,0.583448,0.578139,0.631719,0.430194,0.000000,0.435822,0.585831,0.619313,0.545829,0.117044,0.507566,0.683019,0.678161,0.316753,0.469127,0.623264,0.549031,0.464231,0.632185,0.386501,0.417515,0.516354,0.439751,0.535820,0.511791,0.549877,0.582002,0.451616,0.474394,0.545218,0.537644,0.591557,0.659234,0.540511,0.453005,0.493719,0.474715,0.490844,0.565741,0.438194,0.721453,0.663540,0.551672,0.477459,0.517078,0.478263,0.647186,0.440542,0.513284,0.461085,0.528541,0.504138,0.443844,0.571969,0.493546,0.483966,0.474176,0.542579,0.531167,0.516412,0.699772,0.590320,0.675318,0.471688,0.580463,0.509956,0.527225,0.606249,0.612767,0.595384,0.669595,0.535789,0.648647,0.554199,0.659865,0.525510,0.506142,0.561390,0.673528,0.539826,0.696161,0.716160,0.421760,0.700795,0.501204,0.540273,0.734607,0.550262,0.630594,0.643047,0.688912,0.689602,0.542170,0.547327,0.454260,0.737315,0.522934,0.656001,0.590092,0.709339,0.583671,0.495643,0.719459,0.607219,0.543115,0.634896,0.587800,0.583134,0.609838,0.588678,0.493831,0.562635,0.575452,0.522773,0.422235,0.745169,0.538139,0.408818,0.714518,0.734593,0.500371,0.812350,0.613311,0.407767,0.589427,0.500945,0.741987,0.585309,0.769517,0.454781,0.599332,0.536368,0.713934,0.493947,0.622175,0.658141,0.665610,0.553289,0.691358,0.580018,0.580531,0.575657,0.392506,0.624796,0.540818,0.707277,0.593987,0.614894,0.764083,0.622584,0.666203,0.456721,0.527329,0.531725,0.636593,0.571416,0.581728,0.727573,0.577536,0.407507,0.495204,0.576190,0.616605,0.662568,0.482759,0.634189,0.622986,0.549023,0.661404,0.750982,0.586188,0.526117,0.742767,0.660584,0.611090,0.595115,0.645931,0.590060,0.613165,0.628550,0.703265,0.701391,0.573842,0.817352,0.570032,0.451130,0.391098,0.385496,0.457667,0.671555,0.665087,0.578981,0.501061,0.624909,0.538397,0.647652,0.562176,0.813697
0.474735,0.420834,0.596541,0.480400,0.495185,0.673450,0.256104,0.435822,0.000000,0.590428,0.564146,0.563690,0.460304,0.313297,0.508192,0.643880,0.417959,0.160868,0.578329,0.485907,0.323238,0.471518,0.265006,0.384050,0.440468,0.311754,0.350793,0.509067,0.360004,0.554564,0.445281,0.416085,0.503225,0.339279,0.592290,0.486407,0.541928,0.383222,0.389615,0.331269,0.473802,0.546696,0.449218,0.688851,0.672877,0.557506,0.407840,0.481289,0.397012,0.645980,0.314334,0.518068,0.366007,0.425865,0.487361,0.393775,0.368446,0.529850,0.580906,0.458550,0.623436,0.505700,0.437810,0.604558,0.564844,0.591741,0.475768,0.508197,0.500196,0.569026,0.466451,0.489124,0.610314,0.697309,0.458864,0.634348,0.537532,0.551377,0.466567,0.392435,0.478275,0.642921,0.298073,0.650427,0.664930,0.243139,0.658084,0.507515,0.381757,0.582805,0.332727,0.547493,0.554684,0.650950,0.611994,0.466802,0.492168,0.373342,0.651652,0.439766,0.531030,0.542989,0.749816,0.472447,0.415888,0.725284,0.584167,0.476367,0.457204,0.604748,0.279472,0.730711,0.473293,0.470857,0.390584,0.598478,0.629977,0.557187,0.673808,0.437308,0.225986,0.590320,0.744339,0.506577,0.745690,0.412001,0.399960,0.623095,0.608928,0.562888,0.616972,0.700001,0.516238,0.612852,0.551589,0.575921,0.408580,0.593783,0.676289,0.733494,0.534737,0.548823,0.511744,0.495804,0.433622,0.469488,0.626263,0.430224,0.726153,0.638606,0.296621,0.578008,0.618770,0.629700,0.418790,0.586907,0.559018,0.528761,0.537580,0.624996,0.562591,0.520672,0.538935,0.241317,0.354175,0.617377,0.558689,0.400550,0.634628,0.709985,0.588122,0.517121,0.712164,0.512281,0.358078,0.600659,0.765438,0.520831,0.587115,0.671791,0.596758,0.569572,0.680184,0.703837,0.825921,0.614129,0.761447,0.558352,0.409876,0.253639,0.267383,0.441955,0.711357,0.612622,0.599597,0.272508,0.455664,0.439539,0.674023,0.537636,0.762476
0.474914,0.587856,0.689911,0.518294,0.655717,0.722060,0.518410,0.585831,0.590428,0.000000,0.659219,0.235342,0.600609,0.597261,0.522297,0.428704,0.515815,0.570635,0.722018,0.594381,0.623509,0.593177,0.587883,0.703688,0.586818,0.639040,0.599920,0.432060,0.475586,0.425141,0.524001,0.514032,0.698839,0.690045,0.438695,0.547345,0.459417,0.584684,0.722564,0.600784,0.523167,0.403738,0.491530,0.705355,0.430129,0.754356,0.437718,0.674143,0.521254,0.409745,0.603833,0.550263,0.647448,0.727163,0.710212,0.544623,0.651178,0.758193,0.688236,0.562183,0.642486,0.765327,0.394554,0.568473,0.721200,0.619627,0.569767,0.646225,0.742800,0.609552,0.589807,0.671695,0.398615,0.410985,0.666953,0.598714,0.720606,0.624344,0.686214,0.607949,0.673504,0.803939,0.630671,0.642398,0.630344,0.645137,0.686388,0.490802,0.665939,0.602540,0.703955,0.641798,0.598339,0.627004,0.547862,0.700709,0.690448,0.537130,0.591073,0.718485,0.617260,0.784604,0.272116,0.477975,0.720939,0.605891,0.569215,0.653527,0.773108,0.783885,0.639810,0.649176,0.804815,0.760133,0.654965,0.561856,0.739884,0.636447,0.718009,0.756352,0.657564,0.774175,0.526816,0.500259,0.689959,0.675948,0.672746,0.609617,0.734375,0.530922,0.676519,0.704323,0.583123,0.534882,0.550514,0.634181,0.660412,0.770818,0.676878,0.667564,0.657881,0.733936,0.637473,0.595608,0.546300,0.719938,0.524897,0.482614,0.441768,0.747846,0.698197,0.482321,0.655961,0.563413,0.721233,0.503740,0.584887,0.623867,0.685632,0.727508,0.548977,0.780507,0.613428,0.646717,0.632145,0.693055,0.635688,0.793534,0.507146,0.737462,0.704025,0.700371,0.716971,0.777501,0.664319,0.550644,0.762431,0.630394,0.705082,0.556774,0.623926,0.577864,0.707303,0.388367,0.575381,0.605849,0.719410,0.648051,0.719633,0.651110,0.688011,0.594038,0.719330,0.356713,0.718224,0.682394,0.617879,0.623966,0.666153,0.729550,0.454054
0.477441,0.569761,0.654184,0.519908,0.596781,0.599210,0.578264,0.619313,0.564146,0.659219,0.000000,0.584005,0.662580,0.598446,0.567529,0.665830,0.674670,0.627550,0.748979,0.631566,0.540825,0.685496,0.587200,0.574308,0.673638,0.547434,0.673503,0.698683,0.606669,0.671255,0.692030,0.591768,0.707528,0.531988,0.682216,0.477145,0.670797,0.593917,0.616399,0.533498,0.758326,0.691613,0.622516,0.644847,0.613624,0.688688,0.640313,0.587376,0.651502,0.674570,0.610485,0.681150,0.631403,0.655167,0.583938,0.647919,0.626279,0.707530,0.574359,0.690948,0.643818,0.580840,0.674865,0.666971,0.717796,0.712262,0.728928,0.580392,0.616199,0.812874,0.707485,0.416903,0.716235,0.671822,0.585107,0.470684,0.494352,0.515087,0.594834,0.585198,0.640269,0.666977,0.591692,0.770499,0.655184,0.629634,0.674321,0.776768,0.615260,0.473471,0.531681,0.595757,0.571994,0.487986,0.657945,0.586498,0.583195,0.632577,0.643349,0.606480,0.466418,0.651326,0.629930,0.641490,0.606414,0.690920,0.764303,0.595289,0.674396,0.636453,0.600695,0.721992,0.558755,0.597549,0.594206,0.727995,0.668107,0.608020,0.665472,0.441085,0.624580,0.647788,0.629575,0.706860,0.683345,0.490839,0.617013,0.753047,0.675374,0.476751,0.655278,0.655559,0.586515,0.772622,0.759866,0.518165,0.622821,0.654221,0.752098,0.688211,0.601478,0.534695,0.561784,0.515072,0.688849,0.671421,0.700201,0.711722,0.700061,0.573533,0.616591,0.509416,0.667087,0.702487,0.526182,0.706959,0.792042,0.642454,0.602609,0.701713,0.505723,0.554685,0.758459,0.634458,0.625733,0.724749,0.588721,0.595054,0.737944,0.728577,0.700021,0.409143,0.411615,0.574540,0.636243,0.549855,0.728205,0.588501,0.608803,0.569259,0.754685,0.536359,0.729332,0.771901,0.678538,0.744823,0.650515,0.629969,0.520153,0.644396,0.621896,0.754192,0.563528,0.737805,0.682283,0.638145,0.505418,0.658160,0.706822,0.540783,0.735508
0.480293,0.596397,0.739678,0.571280,0.634664,0.759327,0.534225,0.545829,0.563690,0.235342,0.584005,0.000000,0.586742,0.624459,0.517683,0.500219,0.504444,0.612828,0.684243,0.700099,0.577114,0.665013,0.574938,0.714066,0.627266,0.599556,0.660803,0.475620,0.560947,0.556599,0.515685,0.502942,0.762783,0.688746,0.437374,0.476241,0.564929,0.672831,0.727364,0.563400,0.482346,0.405877,0.475554,0.769359,0.578537,0.764518,0.480025,0.670444,0.549018,0.458587,0.615262,0.464518,0.660134,0.751533,0.689737,0.573299,0.712651,0.798770,0.643153,0.508412,0.694405,0.768420,0.446036,0.723112,0.761923,0.581368,0.540395,0.614898,0.741097,0.682914,0.637121,0.618572,0.467798,0.444244,0.604022,0.620928,0.740768,0.605815,0.620150,0.668164,0.730885,0.818911,0.644307,0.749380,0.642644,0.624522,0.727162,0.554190,0.650602,0.588470,0.673333,0.607168,0.624664,0.604887,0.573353,0.642940,0.634628,0.549865,0.626420,0.680108,0.569617,0.850176,0.377733,0.518929,0.742845,0.625372,0.475737,0.582293,0.769230,0.830139,0.637742,0.629894,0.825060,0.738607,0.678661,0.517191,0.801363,0.595029,0.780991,0.739840,0.617242,0.786893,0.619870,0.493891,0.754685,0.656260,0.691069,0.577050,0.715504,0.512357,0.656729,0.735871,0.564028,0.545110,0.472984,0.699526,0.637764,0.798449,0.684830,0.779315,0.656869,0.738778,0.582203,0.639497,0.582216,0.726315,0.551029,0.567234,0.554575,0.697530,0.646400,0.520751,0.680619,0.569220,0.613397,0.543893,0.507881,0.709608,0.626676,0.758728,0.551482,0.739693,0.704320,0.598968,0.592018,0.783713,0.680543,0.764908,0.550469,0.763544,0.740644,0.698676,0.726569,0.757625,0.641983,0.549598,0.759283,0.737992,0.705319,0.548048,0.679206,0.536491,0.780050,0.435230,0.600814,0.488933,0.790052,0.632861,0.607138,0.674399,0.706646,0.576325,0.760082,0.518573,0.746658,0.699401,0.607854,0.555485,0.749824,0.720610,0.565548
0.481959,0.458282,0.554154,0.628723,0.593139,0.627491,0.444536,0.117044,0.460304,0.600609,0.662580,0.586742,0.000000,0.544431,0.705278,0.701502,0.353361,0.411686,0.645933,0.561250,0.486885,0.625155,0.413131,0.404531,0.517927,0.484294,0.541029,0.556538,0.601446,0.614145,0.489198,0.490901,0.516240,0.486970,0.625888,0.688865,0.568991,0.459156,0.511575,0.520147,0.487436,0.592747,0.496499,0.735981,0.716391,0.566377,0.498915,0.553753,0.525401,0.689269,0.472791,0.523350,0.495529,0.465623,0.494944,0.470155,0.576620,0.490176,0.505569,0.476023,0.507620,0.556095,0.547337,0.690036,0.588167,0.736600,0.499084,0.628160,0.555306,0.544713,0.600314,0.653632,0.633027,0.701103,0.534638,0.700454,0.563527,0.653275,0.481829,0.528317,0.570525,0.696955,0.531630,0.723619,0.704503,0.393770,0.689855,0.519850,0.556916,0.747676,0.553122,0.696203,0.709519,0.711528,0.686608,0.533157,0.518139,0.477329,0.797282,0.562417,0.710818,0.569005,0.771487,0.602051,0.423567,0.759233,0.614693,0.525998,0.604230,0.579107,0.573670,0.670994,0.582995,0.497188,0.583007,0.600879,0.539560,0.434298,0.696768,0.538410,0.429834,0.673344,0.758190,0.521537,0.769286,0.623631,0.387609,0.642671,0.557097,0.777654,0.602881,0.766368,0.515241,0.606262,0.546340,0.694642,0.556634,0.636704,0.661987,0.649190,0.576432,0.690878,0.635712,0.594538,0.590316,0.398529,0.630620,0.508452,0.763869,0.617742,0.632126,0.787445,0.650703,0.692786,0.495002,0.576905,0.512000,0.674144,0.554862,0.574672,0.715578,0.583570,0.407929,0.508285,0.562988,0.584834,0.675918,0.474294,0.607066,0.637684,0.509074,0.671457,0.763630,0.565296,0.555849,0.738010,0.710886,0.613083,0.636774,0.684276,0.587677,0.659339,0.612064,0.735334,0.730024,0.595787,0.777885,0.642384,0.502741,0.366368,0.395103,0.474262,0.699949,0.666293,0.577076,0.438946,0.613153,0.589865,0.682176,0.604123,0.839196
0.484923,0.351666,0.514307,0.483466,0.455429,0.601917,0.326095,0.507566,0.313297,0.597261,0.598446,0.624459,0.544431,0.000000,0.470256,0.611961,0.556939,0.410928,0.545018,0.497011,0.370964,0.346619,0.333273,0.409514,0.484568,0.358603,0.353340,0.519487,0.378910,0.541472,0.510626,0.577391,0.413674,0.389183,0.598510,0.567119,0.484981,0.427483,0.317419,0.414744,0.627145,0.588327,0.546538,0.666020,0.638594,0.633879,0.512379,0.552459,0.439991,0.612017,0.321835,0.636426,0.131015,0.332344,0.501752,0.504675,0.255345,0.533793,0.707843,0.577015,0.674202,0.472908,0.535822,0.513343,0.415119,0.619238,0.586404,0.527120,0.563670,0.597570,0.532323,0.427628,0.606357,0.744804,0.493242,0.641311,0.548702,0.553560,0.493962,0.438922,0.483637,0.594714,0.365720,0.464979,0.678036,0.373911,0.613969,0.578542,0.461275,0.583953,0.419540,0.620564,0.560041,0.664632,0.505646,0.509958,0.518063,0.432362,0.698126,0.483851,0.563933,0.590892,0.766888,0.527599,0.428995,0.731425,0.743475,0.518331,0.477519,0.511239,0.337304,0.783189,0.505990,0.448641,0.456785,0.735477,0.650018,0.642186,0.649903,0.496065,0.397127,0.576485,0.709474,0.603912,0.668852,0.383107,0.429241,0.615796,0.633709,0.571329,0.713878,0.674683,0.628102,0.733216,0.747957,0.630322,0.422179,0.442492,0.694590,0.728143,0.641544,0.563381,0.551852,0.552833,0.471284,0.581436,0.585581,0.480486,0.627655,0.643264,0.432863,0.611315,0.682264,0.598921,0.520681,0.658757,0.688568,0.583949,0.549545,0.679413,0.509490,0.523493,0.607573,0.435464,0.432112,0.590182,0.578985,0.466206,0.762444,0.715692,0.642382,0.457289,0.730096,0.505716,0.384701,0.583592,0.804455,0.440723,0.657451,0.755105,0.574939,0.587287,0.713814,0.696980,0.771413,0.719972,0.676429,0.570453,0.504833,0.510286,0.458272,0.538122,0.735015,0.598290,0.679173,0.396422,0.492113,0.458636,0.616916,0.520724,0.758281
0.485874,0.509239,0.560336,0.488493,0.411638,0.689017,0.514030,0.683019,0.508192,0.522297,0.567529,0.517683,0.705278,0.470256,0.000000,0.494061,0.641454,0.545177,0.640319,0.590019,0.576096,0.587859,0.562064,0.708163,0.689054,0.564160,0.496862,0.633121,0.497609,0.607263,0.685772,0.646940,0.690194,0.527312,0.553077,0.484785,0.624742,0.662430,0.620748,0.584256,0.772736,0.679414,0.630666,0.738933,0.613755,0.724651,0.670004,0.536466,0.589085,0.540578,0.543409,0.767029,0.546304,0.636583,0.697703,0.588506,0.553297,0.716265,0.712430,0.746236,0.776626,0.730619,0.635655,0.605310,0.686751,0.532679,0.740870,0.625365,0.724209,0.697158,0.639517,0.554305,0.654623,0.708114,0.727172,0.651269,0.729234,0.578415,0.747413,0.662656,0.548906,0.562835,0.593070,0.588792,0.685539,0.667489,0.679676,0.689773,0.497476,0.510589,0.520776,0.600860,0.595395,0.581908,0.556550,0.723426,0.727968,0.564043,0.620164,0.634028,0.564054,0.750122,0.603711,0.653705,0.663262,0.561182,0.782401,0.703291,0.581828,0.644886,0.550223,0.728000,0.719072,0.725948,0.573911,0.842523,0.757323,0.761287,0.663694,0.628395,0.671240,0.681876,0.716647,0.705153,0.750830,0.558537,0.725534,0.672096,0.725224,0.454649,0.638716,0.750017,0.624409,0.793614,0.812614,0.531836,0.617708,0.682456,0.644252,0.737000,0.816002,0.523952,0.632239,0.608899,0.584506,0.743631,0.630979,0.667364,0.671689,0.757052,0.590874,0.488872,0.632671,0.540714,0.698619,0.766810,0.787873,0.664532,0.748650,0.713922,0.448564,0.736107,0.777603,0.637929,0.576677,0.714484,0.616345,0.658037,0.817260,0.627295,0.728138,0.566645,0.726579,0.735906,0.555691,0.452421,0.685229,0.631877,0.643763,0.840180,0.652652,0.577565,0.670553,0.628098,0.624823,0.751101,0.734049,0.673146,0.679544,0.664047,0.690990,0.733034,0.784945,0.604479,0.743845,0.668629,0.515374,0.607236,0.616014,0.745792,0.606263
0.486947,0.598146,0.594683,0.502637,0.596200,0.615393,0.495319,0.678161,0.643880,0.428704,0.665830,0.500219,0.701502,0.611961,0.494061,0.000000,0.585615,0.601910,0.622108,0.585521,0.668102,0.597973,0.588888,0.708327,0.618455,0.586772,0.598353,0.500852,0.504060,0.429033,0.576137,0.544607,0.696773,0.639635,0.555584,0.587039,0.496629,0.547129,0.702453,0.646817,0.599680,0.530758,0.548630,0.687566,0.571382,0.740568,0.558056,0.590058,0.500223,0.467018,0.565543,0.647335,0.655842,0.711703,0.723846,0.613275,0.612454,0.710073,0.689424,0.591614,0.637714,0.719512,0.550024,0.554689,0.683710,0.601934,0.606655,0.662541,0.757558,0.606158,0.559298,0.682414,0.531720,0.538803,0.737639,0.741301,0.708331,0.620147,0.752579,0.562913,0.584000,0.682098,0.648048,0.641868,0.609215,0.658230,0.626924,0.534434,0.665698,0.627637,0.661473,0.522665,0.601780,0.598712,0.545089,0.759254,0.752507,0.607231,0.593224,0.699353,0.621397,0.721462,0.462374,0.509322,0.758125,0.561343,0.651749,0.694823,0.688812,0.722743,0.702982,0.673368,0.746235,0.728458,0.602703,0.645337,0.599915,0.693363,0.626459,0.721720,0.675244,0.813663,0.549128,0.559706,0.651015,0.686707,0.684079,0.609078,0.715628,0.598407,0.600157,0.644380,0.627805,0.648914,0.655801,0.664474,0.667079,0.702686,0.666350,0.701976,0.699981,0.629803,0.749591,0.641646,0.540225,0.682133,0.603186,0.518190,0.550152,0.749874,0.670385,0.619723,0.673756,0.652691,0.752548,0.594878,0.689633,0.629595,0.755312,0.636396,0.637951,0.763441,0.689981,0.675009,0.695733,0.649795,0.588631,0.697486,0.606982,0.659460,0.640094,0.745285,0.749540,0.770402,0.672862,0.618221,0.677174,0.692117,0.708006,0.685786,0.659237,0.628564,0.707215,0.464928,0.547027,0.676356,0.687063,0.731002,0.763026,0.656552,0.718243,0.719871,0.651026,0.472780,0.642048,0.716181,0.636861,0.647879,0.642910,0.766635,0.485503
0.489572,0.528550,0.602088,0.519865,0.603269,0.618208,0.352737,0.316753,0.417959,0.515815,0.674670,0.504444,0.353361,0.556939,0.641454,0.585615,0.000000,0.430745,0.565364,0.498021,0.414543,0.633802,0.335304,0.461738,0.525152,0.371051,0.492379,0.494695,0.456127,0.502456,0.484383,0.412199,0.612211,0.511629,0.570812,0.577900,0.494319,0.367473,0.571982,0.393760,0.451097,0.493343,0.341425,0.740194,0.638531,0.542343,0.474174,0.466527,0.444047,0.602649,0.372095,0.506659,0.505408,0.594806,0.574344,0.440830,0.514236,0.536633,0.445486,0.480427,0.463964,0.558595,0.462241,0.576769,0.661525,0.598811,0.492715,0.581639,0.523454,0.551539,0.569256,0.571487,0.540266,0.644897,0.586360,0.668007,0.612400,0.609852,0.585433,0.392776,0.500260,0.654774,0.483767,0.732774,0.713011,0.379058,0.622612,0.494977,0.478239,0.618131,0.518787,0.559207,0.596433,0.628392,0.686736,0.609521,0.599017,0.360484,0.677236,0.493571,0.619600,0.642281,0.644945,0.523491,0.485469,0.660256,0.589836,0.580723,0.592850,0.582034,0.543577,0.642985,0.605972,0.544789,0.451015,0.571143,0.570465,0.358487,0.639377,0.618944,0.394164,0.779793,0.681587,0.509251,0.740415,0.623080,0.453339,0.562977,0.576599,0.655257,0.464943,0.737412,0.336279,0.648492,0.531907,0.631283,0.452384,0.672565,0.630556,0.688253,0.579727,0.705240,0.572205,0.545633,0.542678,0.346441,0.581308,0.519074,0.670724,0.584499,0.530937,0.683641,0.634251,0.584192,0.439746,0.521718,0.561728,0.517360,0.606785,0.430219,0.648066,0.595879,0.449513,0.442337,0.491417,0.477249,0.578643,0.475116,0.614824,0.694887,0.402288,0.641790,0.763651,0.584070,0.478048,0.689641,0.685558,0.539521,0.599477,0.639305,0.560861,0.572161,0.597545,0.644594,0.648582,0.577981,0.707493,0.633492,0.465541,0.323231,0.422321,0.463319,0.706345,0.584973,0.444949,0.497000,0.516115,0.523266,0.631771,0.566952,0.684781
0.491393,0.462183,0.598662,0.520717,0.516950,0.704694,0.296516,0.469127,0.160868,0.570635,0.627550,0.612828,0.411686,0.410928,0.545177,0.601910,0.430745,0.000000,0.595500,0.494902,0.367339,0.520942,0.308109,0.415773,0.470780,0.380889,0.381648,0.467909,0.418354,0.509825,0.414443,0.401998,0.540082,0.355303,0.609082,0.538250,0.506181,0.403532,0.456071,0.392378,0.458125,0.500897,0.472338,0.672040,0.638778,0.546492,0.429323,0.505468,0.369345,0.641414,0.344594,0.514774,0.437804,0.404367,0.520155,0.419680,0.408788,0.521386,0.631684,0.413591,0.582775,0.542997,0.438054,0.557618,0.597359,0.594903,0.449906,0.573045,0.559918,0.525187,0.475676,0.553909,0.582211,0.675739,0.470488,0.729377,0.588061,0.542852,0.432665,0.440052,0.567181,0.646966,0.349766,0.657513,0.673301,0.232870,0.714689,0.464850,0.434523,0.627794,0.401154,0.594321,0.634408,0.678498,0.616340,0.467492,0.464540,0.394439,0.704955,0.518956,0.587941,0.527136,0.743914,0.502191,0.438992,0.727726,0.588003,0.466900,0.510574,0.602625,0.310766,0.761833,0.545220,0.493012,0.418842,0.591790,0.632627,0.573496,0.646557,0.501774,0.276484,0.592373,0.742713,0.462968,0.751796,0.459528,0.402903,0.632358,0.666778,0.610484,0.628517,0.771313,0.530332,0.609082,0.556827,0.571502,0.516005,0.663296,0.667308,0.707559,0.524467,0.540825,0.611712,0.466913,0.453758,0.498495,0.618156,0.386129,0.699227,0.701841,0.345018,0.605609,0.682034,0.646039,0.482408,0.590763,0.550078,0.555227,0.527732,0.607609,0.580089,0.583207,0.503635,0.267699,0.432749,0.617778,0.609806,0.409967,0.598446,0.710745,0.562935,0.548142,0.730617,0.549251,0.426588,0.624323,0.734466,0.540069,0.656242,0.693575,0.579926,0.615576,0.671482,0.676199,0.805074,0.620011,0.737635,0.627961,0.465383,0.269740,0.336748,0.447934,0.688015,0.579937,0.608155,0.259808,0.527506,0.503910,0.686899,0.576919,0.707697
0.493551,0.561928,0.528784,0.617889,0.630211,0.557751,0.501079,0.623264,0.578329,0.722018,0.748979,0.684243,0.645933,0.545018,0.640319,0.622108,0.565364,0.595500,0.000000,0.607964,0.586243,0.577586,0.499168,0.633328,0.650471,0.509036,0.478838,0.592862,0.601998,0.622112,0.590289,0.620320,0.596889,0.598099,0.764199,0.673533,0.623315,0.577081,0.614851,0.590456,0.682944,0.676264,0.530073,0.673453,0.776599,0.465174,0.671038,0.510251,0.534007,0.744647,0.539229,0.680249,0.531082,0.622641,0.627963,0.595558,0.469268,0.564746,0.610185,0.637956,0.669066,0.652839,0.696615,0.509290,0.615966,0.562973,0.622199,0.677961,0.577454,0.623093,0.656342,0.598514,0.629288,0.717237,0.674326,0.788728,0.683581,0.646101,0.689020,0.561464,0.541741,0.481147,0.675889,0.607555,0.712714,0.575340,0.644138,0.606352,0.568102,0.620518,0.614054,0.672580,0.700859,0.746068,0.671115,0.688525,0.684423,0.602628,0.649837,0.664064,0.674046,0.643443,0.758940,0.722458,0.539754,0.650211,0.673242,0.702714,0.584418,0.469855,0.650807,0.701660,0.640436,0.675138,0.522065,0.667965,0.658992,0.623119,0.653659,0.663023,0.578660,0.652957,0.713155,0.621644,0.657442,0.629549,0.658842,0.508725,0.624883,0.683496,0.599777,0.645609,0.604881,0.747355,0.699932,0.631184,0.656213,0.565337,0.697277,0.671324,0.722558,0.640709,0.638423,0.641773,0.662570,0.639828,0.513229,0.713291,0.705498,0.765346,0.564327,0.741558,0.749793,0.607907,0.713640,0.700136,0.686900,0.665954,0.715226,0.606045,0.694065,0.622864,0.648829,0.635003,0.657820,0.481415,0.673813,0.573521,0.727066,0.643371,0.585259,0.663925,0.814370,0.621463,0.511239,0.737219,0.606399,0.616672,0.552623,0.763325,0.529739,0.510939,0.496765,0.650483,0.665091,0.662799,0.668684,0.683345,0.744572,0.563322,0.640998,0.655641,0.768104,0.768359,0.619788,0.623113,0.652229,0.572591,0.617725,0.631483,0.708892
0.495245,0.524140,0.418154,0.312525,0.529532,0.624448,0.325635,0.549031,0.485907,0.594381,0.631566,0.700099,0.561250,0.497011,0.590019,0.585521,0.498021,0.494902,0.607964,0.000000,0.396538,0.431583,0.420497,0.397016,0.448431,0.443094,0.345822,0.441834,0.435465,0.400589,0.492802,0.458601,0.406627,0.418950,0.606934,0.619297,0.310672,0.284818,0.461777,0.424699,0.656870,0.546454,0.492340,0.608709,0.519514,0.503307,0.529044,0.499267,0.399834,0.603153,0.339931,0.615840,0.534936,0.461439,0.493225,0.544193,0.408794,0.373762,0.566982,0.577737,0.591654,0.459541,0.547186,0.459247,0.408001,0.733298,0.581199,0.529950,0.525929,0.485366,0.561065,0.599398,0.542509,0.645022,0.605746,0.660884,0.514070,0.611370,0.611610,0.287569,0.444429,0.586270,0.473312,0.639746,0.697895,0.464543,0.559499,0.550850,0.444689,0.598072,0.427370,0.555370,0.541911,0.606447,0.658239,0.619135,0.613743,0.412139,0.621941,0.561448,0.619737,0.491550,0.696336,0.553875,0.503846,0.512260,0.734642,0.580256,0.512501,0.457632,0.580296,0.587900,0.541649,0.436066,0.339064,0.721372,0.495947,0.624058,0.538067,0.549838,0.461460,0.562027,0.654670,0.592366,0.719697,0.603404,0.482541,0.570194,0.581163,0.603752,0.597239,0.696587,0.573096,0.754219,0.752479,0.534418,0.459000,0.454047,0.650250,0.500822,0.606607,0.630052,0.630424,0.532075,0.527663,0.458169,0.587626,0.527094,0.555189,0.624384,0.657559,0.629587,0.451622,0.665179,0.571774,0.563338,0.739415,0.242043,0.635118,0.414743,0.585094,0.533110,0.413586,0.577863,0.469696,0.517060,0.506387,0.503246,0.754989,0.559899,0.412942,0.619741,0.588288,0.519790,0.430046,0.604381,0.630837,0.338395,0.632852,0.631821,0.524447,0.656682,0.534737,0.656833,0.661680,0.780790,0.642109,0.585844,0.562939,0.469798,0.469611,0.556630,0.639054,0.465442,0.412176,0.528075,0.541868,0.524632,0.425401,0.425233,0.629776
0.496675,0.517313,0.551854,0.451202,0.558939,0.629046,0.307400,0.464231,0.323238,0.623509,0.540825,0.577114,0.486885,0.370964,0.576096,0.668102,0.414543,0.367339,0.586243,0.396538,0.000000,0.553363,0.274121,0.377685,0.500657,0.309610,0.410265,0.555649,0.394745,0.525031,0.515885,0.419744,0.498599,0.370914,0.600495,0.562918,0.522083,0.334389,0.487660,0.082815,0.525254,0.546073,0.412883,0.695632,0.641314,0.572491,0.476265,0.509139,0.473170,0.636678,0.343270,0.530486,0.408287,0.487124,0.479591,0.521837,0.375686,0.444725,0.497913,0.538147,0.558859,0.426476,0.499939,0.464592,0.536519,0.569528,0.568959,0.359075,0.464862,0.638444,0.589785,0.410695,0.604735,0.688638,0.479912,0.566740,0.489692,0.434405,0.466178,0.357015,0.499962,0.625396,0.406921,0.647933,0.689574,0.323764,0.618260,0.593904,0.369743,0.559752,0.410416,0.556421,0.550447,0.629602,0.653364,0.486329,0.478435,0.346403,0.658761,0.328398,0.480522,0.586806,0.717030,0.520054,0.360223,0.687283,0.686246,0.510260,0.478386,0.446583,0.376894,0.718554,0.484293,0.432269,0.353832,0.608083,0.637992,0.464852,0.621269,0.478750,0.356020,0.623049,0.667241,0.586580,0.694874,0.441371,0.415966,0.522698,0.533039,0.537265,0.575547,0.706216,0.469937,0.665154,0.675122,0.511946,0.357478,0.513538,0.631836,0.719038,0.511330,0.617581,0.379345,0.419849,0.515387,0.439549,0.609274,0.507615,0.657528,0.425967,0.464783,0.539601,0.603789,0.606488,0.337274,0.560549,0.652835,0.523703,0.526007,0.512143,0.462733,0.478781,0.538378,0.418146,0.390622,0.542221,0.524501,0.446377,0.677409,0.730368,0.456819,0.404905,0.644925,0.475030,0.365804,0.594445,0.724489,0.448672,0.612606,0.604266,0.509254,0.608752,0.585767,0.693923,0.669586,0.650539,0.674398,0.455288,0.342527,0.398808,0.421959,0.495545,0.672288,0.638647,0.518901,0.430862,0.456949,0.403455,0.678776,0.412146,0.761285
0.498059,0.328945,0.477891,0.503838,0.525893,0.660085,0.439352,0.632185,0.471518,0.593177,0.685496,0.665013,0.625155,0.346619,0.587859,0.597973,0.633802,0.520942,0.577586,0.431583,0.553363,0.000000,0.527552,0.407607,0.364091,0.567242,0.465452,0.487685,0.464723,0.555998,0.489876,0.551367,0.185061,0.536540,0.565212,0.668311,0.448346,0.477843,0.321936,0.570057,0.599145,0.590860,0.586989,0.674493,0.635953,0.643062,0.451476,0.625564,0.490246,0.590092,0.475686,0.623295,0.436092,0.297150,0.422619,0.489582,0.480217,0.497302,0.726555,0.545771,0.709987,0.441806,0.490602,0.591614,0.151012,0.704992,0.590534,0.601781,0.699985,0.551168,0.485704,0.616528,0.593189,0.704553,0.495297,0.639355,0.594114,0.708216,0.508796,0.474053,0.510140,0.666328,0.401677,0.459317,0.621552,0.527319,0.604567,0.584472,0.509521,0.690265,0.556215,0.700545,0.651984,0.765995,0.374023,0.492997,0.502321,0.578653,0.758067,0.645281,0.689318,0.612286,0.738787,0.535070,0.586735,0.679091,0.665094,0.475217,0.413899,0.619183,0.503557,0.786801,0.499399,0.406971,0.547716,0.683254,0.699088,0.720715,0.633285,0.616120,0.497008,0.495144,0.722421,0.576831,0.635532,0.495784,0.553243,0.682658,0.605525,0.625853,0.775567,0.618198,0.719664,0.679994,0.712821,0.694072,0.561190,0.315481,0.747424,0.723711,0.626559,0.686206,0.680685,0.704167,0.408480,0.685898,0.663410,0.503328,0.656177,0.706895,0.573920,0.659067,0.645342,0.707709,0.602800,0.621624,0.659637,0.529705,0.554995,0.705604,0.629237,0.456137,0.600048,0.570913,0.481282,0.656391,0.643142,0.565460,0.772087,0.700077,0.682175,0.607515,0.715972,0.453424,0.483432,0.633508,0.771187,0.495761,0.744632,0.685067,0.666604,0.696156,0.684990,0.575649,0.746578,0.716598,0.672637,0.639354,0.587489,0.580898,0.564892,0.545334,0.779869,0.483341,0.666065,0.452339,0.580387,0.542048,0.641019,0.600966,0.717421
