0.000000,0.327116,0.344779,0.442010,0.460625,0.466358,0.468198,0.469160,0.474735,0.474914,0.477441,0.480293,0.481959,0.484923,0.485874,0.486947,0.489572,0.491393,0.493551,0.495245,0.496675,0.498059,0.499809,0.499838,0.500370,0.503102,0.503585,0.504258,0.506695,0.506763,0.506872,0.508073,0.509790,0.511017,0.514215,0.514292,0.515302,0.515357,0.517103,0.518378,0.518716,0.518987,0.519168,0.520147,0.520915,0.521869,0.522116,0.522899,0.522973,0.523683,0.524020,0.524802,0.525534,0.525538,0.525969,0.527902,0.528117,0.529219,0.530945,0.532282,0.533156,0.534828,0.535965,0.535978,0.536277,0.536722,0.536985,0.537033,0.538600,0.538767,0.539673,0.539713,0.540392,0.540506,0.542194,0.543213,0.544185,0.544516,0.545994,0.546020,0.546609,0.546614,0.547178,0.547394,0.547457,0.548980,0.549661,0.549680,0.550053,0.550348,0.550786,0.552110,0.552317,0.552498,0.552913,0.553059,0.553833,0.555080,0.555125,0.555130,0.555378
0.327116,0.000000,0.448834,0.548299,0.449442,0.515486,0.424484,0.482734,0.420834,0.587856,0.569761,0.596397,0.458282,0.351666,0.509239,0.598146,0.528550,0.462183,0.561928,0.524140,0.517313,0.328945,0.454363,0.358070,0.407472,0.473108,0.395617,0.501546,0.518654,0.560779,0.482813,0.535628,0.333392,0.446284,0.624954,0.619044,0.524672,0.464674,0.247424,0.537795,0.606714,0.582728,0.541020,0.609348,0.612524,0.522120,0.510136,0.543853,0.523167,0.647800,0.499270,0.557005,0.373429,0.246596,0.440056,0.459053,0.417869,0.452234,0.620856,0.517869,0.583658,0.437764,0.556860,0.633339,0.366820,0.649783,0.524986,0.602452,0.554056,0.533348,0.432381,0.535424,0.587951,0.713181,0.442388,0.612137,0.592443,0.635722,0.453564,0.494391,0.498543,0.591238,0.369475,0.501264,0.604004,0.476812,0.583175,0.578645,0.461347,0.626275,0.473358,0.623271,0.604278,0.667298,0.361425,0.440326,0.439784,0.525726,0.666155,0.578119,0.622470
0.344779,0.448834,0.000000,0.491116,0.451213,0.330982,0.559568,0.557109,0.596541,0.689911,0.654184,0.739678,0.554154,0.514307,0.560336,0.594683,0.602088,0.598662,0.528784,0.418154,0.551854,0.477891,0.570322,0.412866,0.591099,0.569932,0.566769,0.669969,0.619472,0.609957,0.665216,0.628709,0.335334,0.594826,0.683843,0.697805,0.628668,0.536875,0.500223,0.589152,0.756330,0.728956,0.554428,0.574660,0.598715,0.515726,0.724768,0.466468,0.610204,0.627290,0.563448,0.753871,0.575650,0.492447,0.520968,0.641030,0.545305,0.439370,0.538953,0.735321,0.594958,0.423450,0.725205,0.547823,0.342939,0.663020,0.731650,0.546705,0.512746,0.633973,0.648558,0.595848,0.695143,0.749357,0.687838,0.680828,0.435986,0.605036,0.696938,0.561749,0.495898,0.430960,0.688749,0.555529,0.682296,0.642516,0.397815,0.704371,0.562148,0.658592,0.622244,0.679484,0.622198,0.656451,0.606057,0.695757,0.671175,0.638962,0.591469,0.554351,0.633555
0.442010,0.548299,0.491116,0.000000,0.507947,0.608016,0.398774,0.583448,0.480400,0.518294,0.519908,0.571280,0.628723,0.483466,0.488493,0.502637,0.519865,0.520717,0.617889,0.312525,0.451202,0.503838,0.397513,0.509405,0.530315,0.426337,0.495767,0.442640,0.479755,0.431606,0.501725,0.495931,0.527374,0.483907,0.558207,0.466632,0.371551,0.430428,0.601247,0.466197,0.662609,0.538002,0.508732,0.599790,0.467866,0.569104,0.561931,0.519900,0.409529,0.544044,0.450164,0.612890,0.563999,0.614529,0.539973,0.551553,0.495969,0.517086,0.572892,0.559073,0.649338,0.540769,0.504333,0.498325,0.532391,0.559992,0.543833,0.525867,0.598337,0.536778,0.558773,0.541255,0.520358,0.535391,0.637789,0.632396,0.588505,0.482510,0.650549,0.439595,0.508502,0.600038,0.501503,0.593201,0.622269,0.533804,0.612927,0.602840,0.491432,0.467322,0.489746,0.420852,0.401264,0.465700,0.506879,0.653898,0.640088,0.479076,0.547875,0.603854,0.485602
0.460625,0.449442,0.451213,0.507947,0.000000,0.670591,0.474228,0.578139,0.495185,0.655717,0.596781,0.634664,0.593139,0.455429,0.411638,0.596200,0.603269,0.516950,0.630211,0.529532,0.558939,0.525893,0.491304,0.487920,0.584798,0.486121,0.548368,0.648178,0.589726,0.587484,0.638070,0.606317,0.491447,0.485073,0.587027,0.503747,0.615855,0.545801,0.481468,0.578266,0.707630,0.686238,0.607196,0.637123,0.599193,0.565264,0.689638,0.553252,0.585866,0.585166,0.571958,0.722269,0.480806,0.473781,0.653273,0.634840,0.582925,0.526837,0.622628,0.675397,0.719557,0.526547,0.695541,0.644029,0.508048,0.588553,0.653359,0.668667,0.577965,0.603302,0.589670,0.508433,0.700261,0.782400,0.648758,0.684766,0.575406,0.580316,0.650477,0.559350,0.554207,0.517269,0.501869,0.649241,0.743104,0.520806,0.595449,0.635238,0.518255,0.561081,0.514858,0.611105,0.648265,0.651749,0.578094,0.652875,0.657035,0.531949,0.669054,0.594178,0.565177
0.466358,0.515486,0.330982,0.608016,0.670591,0.000000,0.641510,0.631719,0.673450,0.722060,0.599210,0.759327,0.627491,0.601917,0.689017,0.615393,0.618208,0.704694,0.557751,0.624448,0.629046,0.660085,0.621049,0.566800,0.702547,0.590981,0.630560,0.758501,0.626457,0.710258,0.744956,0.703031,0.562316,0.635857,0.816605,0.712493,0.737719,0.581450,0.631244,0.610794,0.776203,0.744486,0.617454,0.589576,0.630872,0.570557,0.758544,0.479617,0.714691,0.713002,0.636211,0.755703,0.647642,0.642070,0.617031,0.734949,0.584844,0.578943,0.537602,0.765714,0.599829,0.564854,0.809054,0.611401,0.591486,0.645410,0.794007,0.629327,0.555700,0.768711,0.763122,0.569665,0.767453,0.754536,0.703136,0.631362,0.472004,0.605686,0.711336,0.585676,0.583800,0.562751,0.723542,0.641378,0.651790,0.684317,0.449197,0.786661,0.590719,0.574344,0.648310,0.604117,0.562569,0.679658,0.651774,0.702365,0.684881,0.696867,0.499206,0.569051,0.639290
0.468198,0.424484,0.559568,0.398774,0.474228,0.641510,0.000000,0.430194,0.256104,0.518410,0.578264,0.534225,0.444536,0.326095,0.514030,0.495319,0.352737,0.296516,0.501079,0.325635,0.307400,0.439352,0.152233,0.369840,0.378140,0.170985,0.308587,0.358203,0.343196,0.362234,0.394672,0.275396,0.477686,0.350538,0.524412,0.470488,0.353480,0.229491,0.416674,0.284166,0.448288,0.413845,0.331084,0.650701,0.587530,0.540722,0.343061,0.443910,0.287093,0.546029,0.227751,0.430595,0.328296,0.419753,0.492013,0.394518,0.305967,0.467613,0.522878,0.411565,0.594403,0.450112,0.377247,0.493204,0.492879,0.642914,0.446323,0.506920,0.504847,0.448570,0.439481,0.457635,0.483997,0.529571,0.478473,0.649321,0.503923,0.505216,0.477825,0.248079,0.493807,0.571573,0.274719,0.665634,0.641949,0.226441,0.653578,0.438730,0.433018,0.537915,0.357416,0.470674,0.492661,0.565732,0.596132,0.492534,0.497654,0.241502,0.602084,0.485961,0.501924
0.469160,0.482734,0.557109,0.583448,0.578139,0.631719,0.430194,0.000000,0.435822,0.585831,0.619313,0.545829,0.117044,0.507566,0.683019,0.678161,0.316753,0.469127,0.623264,0.549031,0.464231,0.632185,0.386501,0.417515,0.516354,0.439751,0.535820,0.511791,0.549877,0.582002,0.451616,0.474394,0.545218,0.537644,0.591557,0.659234,0.540511,0.453005,0.493719,0.474715,0.490844,0.565741,0.438194,0.721453,0.663540,0.551672,0.477459,0.517078,0.478263,0.647186,0.440542,0.513284,0.461085,0.528541,0.504138,0.443844,0.571969,0.493546,0.483966,0.474176,0.542579,0.531167,0.516412,0.699772,0.590320,0.675318,0.471688,0.580463,0.509956,0.527225,0.606249,0.612767,0.595384,0.669595,0.535789,0.648647,0.554199,0.659865,0.525510,0.506142,0.561390,0.673528,0.539826,0.696161,0.716160,0.421760,0.700795,0.501204,0.540273,0.734607,0.550262,0.630594,0.643047,0.688912,0.689602,0.542170,0.547327,0.454260,0.737315,0.522934,0.656001
0.474735,0.420834,0.596541,0.480400,0.495185,0.673450,0.256104,0.435822,0.000000,0.590428,0.564146,0.563690,0.460304,0.313297,0.508192,0.643880,0.417959,0.160868,0.578329,0.485907,0.323238,0.471518,0.265006,0.384050,0.440468,0.311754,0.350793,0.509067,0.360004,0.554564,0.445281,0.416085,0.503225,0.339279,0.592290,0.486407,0.541928,0.383222,0.389615,0.331269,0.473802,0.546696,0.449218,0.688851,0.672877,0.557506,0.407840,0.481289,0.397012,0.645980,0.314334,0.518068,0.366007,0.425865,0.487361,0.393775,0.368446,0.529850,0.580906,0.458550,0.623436,0.505700,0.437810,0.604558,0.564844,0.591741,0.475768,0.508197,0.500196,0.569026,0.466451,0.489124,0.610314,0.697309,0.458864,0.634348,0.537532,0.551377,0.466567,0.392435,0.478275,0.642921,0.298073,0.650427,0.664930,0.243139,0.658084,0.507515,0.381757,0.582805,0.332727,0.547493,0.554684,0.650950,0.611994,0.466802,0.492168,0.373342,0.651652,0.439766,0.531030
0.474914,0.587856,0.689911,0.518294,0.655717,0.722060,0.518410,0.585831,0.590428,0.000000,0.659219,0.235342,0.600609,0.597261,0.522297,0.428704,0.515815,0.570635,0.722018,0.594381,0.623509,0.593177,0.587883,0.703688,0.586818,0.639040,0.599920,0.432060,0.475586,0.425141,0.524001,0.514032,0.698839,0.690045,0.438695,0.547345,0.459417,0.584684,0.722564,0.600784,0.523167,0.403738,0.491530,0.705355,0.430129,0.754356,0.437718,0.674143,0.521254,0.409745,0.603833,0.550263,0.647448,0.727163,0.710212,0.544623,0.651178,0.758193,0.688236,0.562183,0.642486,0.765327,0.394554,0.568473,0.721200,0.619627,0.569767,0.646225,0.742800,0.609552,0.589807,0.671695,0.398615,0.410985,0.666953,0.598714,0.720606,0.624344,0.686214,0.607949,0.673504,0.803939,0.630671,0.642398,0.630344,0.645137,0.686388,0.490802,0.665939,0.602540,0.703955,0.641798,0.598339,0.627004,0.547862,0.700709,0.690448,0.537130,0.591073,0.718485,0.617260
0.477441,0.569761,0.654184,0.519908,0.596781,0.599210,0.578264,0.619313,0.564146,0.659219,0.000000,0.584005,0.662580,0.598446,0.567529,0.665830,0.674670,0.627550,0.748979,0.631566,0.540825,0.685496,0.587200,0.574308,0.673638,0.547434,0.673503,0.698683,0.606669,0.671255,0.692030,0.591768,0.707528,0.531988,0.682216,0.477145,0.670797,0.593917,0.616399,0.533498,0.758326,0.691613,0.622516,0.644847,0.613624,0.688688,0.640313,0.587376,0.651502,0.674570,0.610485,0.681150,0.631403,0.655167,0.583938,0.647919,0.626279,0.707530,0.574359,0.690948,0.643818,0.580840,0.674865,0.666971,0.717796,0.712262,0.728928,0.580392,0.616199,0.812874,0.707485,0.416903,0.716235,0.671822,0.585107,0.470684,0.494352,0.515087,0.594834,0.585198,0.640269,0.666977,0.591692,0.770499,0.655184,0.629634,0.674321,0.776768,0.615260,0.473471,0.531681,0.595757,0.571994,0.487986,0.657945,0.586498,0.583195,0.632577,0.643349,0.606480,0.466418
0.480293,0.596397,0.739678,0.571280,0.634664,0.759327,0.534225,0.545829,0.563690,0.235342,0.584005,0.000000,0.586742,0.624459,0.517683,0.500219,0.504444,0.612828,0.684243,0.700099,0.577114,0.665013,0.574938,0.714066,0.627266,0.599556,0.660803,0.475620,0.560947,0.556599,0.515685,0.502942,0.762783,0.688746,0.437374,0.476241,0.564929,0.672831,0.727364,0.563400,0.482346,0.405877,0.475554,0.769359,0.578537,0.764518,0.480025,0.670444,0.549018,0.458587,0.615262,0.464518,0.660134,0.751533,0.689737,0.573299,0.712651,0.798770,0.643153,0.508412,0.694405,0.768420,0.446036,0.723112,0.761923,0.581368,0.540395,0.614898,0.741097,0.682914,0.637121,0.618572,0.467798,0.444244,0.604022,0.620928,0.740768,0.605815,0.620150,0.668164,0.730885,0.818911,0.644307,0.749380,0.642644,0.624522,0.727162,0.554190,0.650602,0.588470,0.673333,0.607168,0.624664,0.604887,0.573353,0.642940,0.634628,0.549865,0.626420,0.680108,0.569617
0.481959,0.458282,0.554154,0.628723,0.593139,0.627491,0.444536,0.117044,0.460304,0.600609,0.662580,0.586742,0.000000,0.544431,0.705278,0.701502,0.353361,0.411686,0.645933,0.561250,0.486885,0.625155,0.413131,0.404531,0.517927,0.484294,0.541029,0.556538,0.601446,0.614145,0.489198,0.490901,0.516240,0.486970,0.625888,0.688865,0.568991,0.459156,0.511575,0.520147,0.487436,0.592747,0.496499,0.735981,0.716391,0.566377,0.498915,0.553753,0.525401,0.689269,0.472791,0.523350,0.495529,0.465623,0.494944,0.470155,0.576620,0.490176,0.505569,0.476023,0.507620,0.556095,0.547337,0.690036,0.588167,0.736600,0.499084,0.628160,0.555306,0.544713,0.600314,0.653632,0.633027,0.701103,0.534638,0.700454,0.563527,0.653275,0.481829,0.528317,0.570525,0.696955,0.531630,0.723619,0.704503,0.393770,0.689855,0.519850,0.556916,0.747676,0.553122,0.696203,0.709519,0.711528,0.686608,0.533157,0.518139,0.477329,0.797282,0.562417,0.710818
0.484923,0.351666,0.514307,0.483466,0.455429,0.601917,0.326095,0.507566,0.313297,0.597261,0.598446,0.624459,0.544431,0.000000,0.470256,0.611961,0.556939,0.410928,0.545018,0.497011,0.370964,0.346619,0.333273,0.409514,0.484568,0.358603,0.353340,0.519487,0.378910,0.541472,0.510626,0.577391,0.413674,0.389183,0.598510,0.567119,0.484981,0.427483,0.317419,0.414744,0.627145,0.588327,0.546538,0.666020,0.638594,0.633879,0.512379,0.552459,0.439991,0.612017,0.321835,0.636426,0.131015,0.332344,0.501752,0.504675,0.255345,0.533793,0.707843,0.577015,0.674202,0.472908,0.535822,0.513343,0.415119,0.619238,0.586404,0.527120,0.563670,0.597570,0.532323,0.427628,0.606357,0.744804,0.493242,0.641311,0.548702,0.553560,0.493962,0.438922,0.483637,0.594714,0.365720,0.464979,0.678036,0.373911,0.613969,0.578542,0.461275,0.583953,0.419540,0.620564,0.560041,0.664632,0.505646,0.509958,0.518063,0.432362,0.698126,0.483851,0.563933
0.485874,0.509239,0.560336,0.488493,0.411638,0.689017,0.514030,0.683019,0.508192,0.522297,0.567529,0.517683,0.705278,0.470256,0.000000,0.494061,0.641454,0.545177,0.640319,0.590019,0.576096,0.587859,0.562064,0.708163,0.689054,0.564160,0.496862,0.633121,0.497609,0.607263,0.685772,0.646940,0.690194,0.527312,0.553077,0.484785,0.624742,0.662430,0.620748,0.584256,0.772736,0.679414,0.630666,0.738933,0.613755,0.724651,0.670004,0.536466,0.589085,0.540578,0.543409,0.767029,0.546304,0.636583,0.697703,0.588506,0.553297,0.716265,0.712430,0.746236,0.776626,0.730619,0.635655,0.605310,0.686751,0.532679,0.740870,0.625365,0.724209,0.697158,0.639517,0.554305,0.654623,0.708114,0.727172,0.651269,0.729234,0.578415,0.747413,0.662656,0.548906,0.562835,0.593070,0.588792,0.685539,0.667489,0.679676,0.689773,0.497476,0.510589,0.520776,0.600860,0.595395,0.581908,0.556550,0.723426,0.727968,0.564043,0.620164,0.634028,0.564054
0.486947,0.598146,0.594683,0.502637,0.596200,0.615393,0.495319,0.678161,0.643880,0.428704,0.665830,0.500219,0.701502,0.611961,0.494061,0.000000,0.585615,0.601910,0.622108,0.585521,0.668102,0.597973,0.588888,0.708327,0.618455,0.586772,0.598353,0.500852,0.504060,0.429033,0.576137,0.544607,0.696773,0.639635,0.555584,0.587039,0.496629,0.547129,0.702453,0.646817,0.599680,0.530758,0.548630,0.687566,0.571382,0.740568,0.558056,0.590058,0.500223,0.467018,0.565543,0.647335,0.655842,0.711703,0.723846,0.613275,0.612454,0.710073,0.689424,0.591614,0.637714,0.719512,0.550024,0.554689,0.683710,0.601934,0.606655,0.662541,0.757558,0.606158,0.559298,0.682414,0.531720,0.538803,0.737639,0.741301,0.708331,0.620147,0.752579,0.562913,0.584000,0.682098,0.648048,0.641868,0.609215,0.658230,0.626924,0.534434,0.665698,0.627637,0.661473,0.522665,0.601780,0.598712,0.545089,0.759254,0.752507,0.607231,0.593224,0.699353,0.621397
0.489572,0.528550,0.602088,0.519865,0.603269,0.618208,0.352737,0.316753,0.417959,0.515815,0.674670,0.504444,0.353361,0.556939,0.641454,0.585615,0.000000,0.430745,0.565364,0.498021,0.414543,0.633802,0.335304,0.461738,0.525152,0.371051,0.492379,0.494695,0.456127,0.502456,0.484383,0.412199,0.612211,0.511629,0.570812,0.577900,0.494319,0.367473,0.571982,0.393760,0.451097,0.493343,0.341425,0.740194,0.638531,0.542343,0.474174,0.466527,0.444047,0.602649,0.372095,0.506659,0.505408,0.594806,0.574344,0.440830,0.514236,0.536633,0.445486,0.480427,0.463964,0.558595,0.462241,0.576769,0.661525,0.598811,0.492715,0.581639,0.523454,0.551539,0.569256,0.571487,0.540266,0.644897,0.586360,0.668007,0.612400,0.609852,0.585433,0.392776,0.500260,0.654774,0.483767,0.732774,0.713011,0.379058,0.622612,0.494977,0.478239,0.618131,0.518787,0.559207,0.596433,0.628392,0.686736,0.609521,0.599017,0.360484,0.677236,0.493571,0.619600
0.491393,0.462183,0.598662,0.520717,0.516950,0.704694,0.296516,0.469127,0.160868,0.570635,0.627550,0.612828,0.411686,0.410928,0.545177,0.601910,0.430745,0.000000,0.595500,0.494902,0.367339,0.520942,0.308109,0.415773,0.470780,0.380889,0.381648,0.467909,0.418354,0.509825,0.414443,0.401998,0.540082,0.355303,0.609082,0.538250,0.506181,0.403532,0.456071,0.392378,0.458125,0.500897,0.472338,0.672040,0.638778,0.546492,0.429323,0.505468,0.369345,0.641414,0.344594,0.514774,0.437804,0.404367,0.520155,0.419680,0.408788,0.521386,0.631684,0.413591,0.582775,0.542997,0.438054,0.557618,0.597359,0.594903,0.449906,0.573045,0.559918,0.525187,0.475676,0.553909,0.582211,0.675739,0.470488,0.729377,0.588061,0.542852,0.432665,0.440052,0.567181,0.646966,0.349766,0.657513,0.673301,0.232870,0.714689,0.464850,0.434523,0.627794,0.401154,0.594321,0.634408,0.678498,0.616340,0.467492,0.464540,0.394439,0.704955,0.518956,0.587941
0.493551,0.561928,0.528784,0.617889,0.630211,0.557751,0.501079,0.623264,0.578329,0.722018,0.748979,0.684243,0.645933,0.545018,0.640319,0.622108,0.565364,0.595500,0.000000,0.607964,0.586243,0.577586,0.499168,0.633328,0.650471,0.509036,0.478838,0.592862,0.601998,0.622112,0.590289,0.620320,0.596889,0.598099,0.764199,0.673533,0.623315,0.577081,0.614851,0.590456,0.682944,0.676264,0.530073,0.673453,0.776599,0.465174,0.671038,0.510251,0.534007,0.744647,0.539229,0.680249,0.531082,0.622641,0.627963,0.595558,0.469268,0.564746,0.610185,0.637956,0.669066,0.652839,0.696615,0.509290,0.615966,0.562973,0.622199,0.677961,0.577454,0.623093,0.656342,0.598514,0.629288,0.717237,0.674326,0.788728,0.683581,0.646101,0.689020,0.561464,0.541741,0.481147,0.675889,0.607555,0.712714,0.575340,0.644138,0.606352,0.568102,0.620518,0.614054,0.672580,0.700859,0.746068,0.671115,0.688525,0.684423,0.602628,0.649837,0.664064,0.674046
0.495245,0.524140,0.418154,0.312525,0.529532,0.624448,0.325635,0.549031,0.485907,0.594381,0.631566,0.700099,0.561250,0.497011,0.590019,0.585521,0.498021,0.494902,0.607964,0.000000,0.396538,0.431583,0.420497,0.397016,0.448431,0.443094,0.345822,0.441834,0.435465,0.400589,0.492802,0.458601,0.406627,0.418950,0.606934,0.619297,0.310672,0.284818,0.461777,0.424699,0.656870,0.546454,0.492340,0.608709,0.519514,0.503307,0.529044,0.499267,0.399834,0.603153,0.339931,0.615840,0.534936,0.461439,0.493225,0.544193,0.408794,0.373762,0.566982,0.577737,0.591654,0.459541,0.547186,0.459247,0.408001,0.733298,0.581199,0.529950,0.525929,0.485366,0.561065,0.599398,0.542509,0.645022,0.605746,0.660884,0.514070,0.611370,0.611610,0.287569,0.444429,0.586270,0.473312,0.639746,0.697895,0.464543,0.559499,0.550850,0.444689,0.598072,0.427370,0.555370,0.541911,0.606447,0.658239,0.619135,0.613743,0.412139,0.621941,0.561448,0.619737
0.496675,0.517313,0.551854,0.451202,0.558939,0.629046,0.307400,0.464231,0.323238,0.623509,0.540825,0.577114,0.486885,0.370964,0.576096,0.668102,0.414543,0.367339,0.586243,0.396538,0.000000,0.553363,0.274121,0.377685,0.500657,0.309610,0.410265,0.555649,0.394745,0.525031,0.515885,0.419744,0.498599,0.370914,0.600495,0.562918,0.522083,0.334389,0.487660,0.082815,0.525254,0.546073,0.412883,0.695632,0.641314,0.572491,0.476265,0.509139,0.473170,0.636678,0.343270,0.530486,0.408287,0.487124,0.479591,0.521837,0.375686,0.444725,0.497913,0.538147,0.558859,0.426476,0.499939,0.464592,0.536519,0.569528,0.568959,0.359075,0.464862,0.638444,0.589785,0.410695,0.604735,0.688638,0.479912,0.566740,0.489692,0.434405,0.466178,0.357015,0.499962,0.625396,0.406921,0.647933,0.689574,0.323764,0.618260,0.593904,0.369743,0.559752,0.410416,0.556421,0.550447,0.629602,0.653364,0.486329,0.478435,0.346403,0.658761,0.328398,0.480522
0.498059,0.328945,0.477891,0.503838,0.525893,0.660085,0.439352,0.632185,0.471518,0.593177,0.685496,0.665013,0.625155,0.346619,0.587859,0.597973,0.633802,0.520942,0.577586,0.431583,0.553363,0.000000,0.527552,0.407607,0.364091,0.567242,0.465452,0.487685,0.464723,0.555998,0.489876,0.551367,0.185061,0.536540,0.565212,0.668311,0.448346,0.477843,0.321936,0.570057,0.599145,0.590860,0.586989,0.674493,0.635953,0.643062,0.451476,0.625564,0.490246,0.590092,0.475686,0.623295,0.436092,0.297150,0.422619,0.489582,0.480217,0.497302,0.726555,0.545771,0.709987,0.441806,0.490602,0.591614,0.151012,0.704992,0.590534,0.601781,0.699985,0.551168,0.485704,0.616528,0.593189,0.704553,0.495297,0.639355,0.594114,0.708216,0.508796,0.474053,0.510140,0.666328,0.401677,0.459317,0.621552,0.527319,0.604567,0.584472,0.509521,0.690265,0.556215,0.700545,0.651984,0.765995,0.374023,0.492997,0.502321,0.578653,0.758067,0.645281,0.689318
0.499809,0.454363,0.570322,0.397513,0.491304,0.621049,0.152233,0.386501,0.265006,0.587883,0.587200,0.574938,0.413131,0.333273,0.562064,0.588888,0.335304,0.308109,0.499168,0.420497,0.274121,0.527552,0.000000,0.365592,0.443110,0.080559,0.373231,0.445721,0.402815,0.441686,0.438030,0.376421,0.508966,0.333625,0.551272,0.466517,0.439334,0.227963,0.457889,0.264125,0.470017,0.474095,0.385240,0.713850,0.654192,0.511342,0.394038,0.467742,0.345916,0.613134,0.269261,0.460923,0.297643,0.474502,0.519507,0.413708,0.323266,0.461957,0.482429,0.431351,0.544501,0.460045,0.412432,0.477828,0.534739,0.546759,0.461602,0.444451,0.461201,0.495907,0.516799,0.397654,0.543002,0.608310,0.498282,0.640064,0.553645,0.456125,0.478381,0.268863,0.526916,0.596128,0.345352,0.656731,0.657468,0.215768,0.624244,0.484737,0.395331,0.505288,0.353335,0.458503,0.474763,0.583223,0.603780,0.517138,0.499863,0.266399,0.594149,0.421177,0.480299
0.499838,0.358070,0.412866,0.509405,0.487920,0.566800,0.369840,0.417515,0.384050,0.703688,0.574308,0.714066,0.404531,0.409514,0.708163,0.708327,0.461738,0.415773,0.633328,0.397016,0.377685,0.407607,0.365592,0.000000,0.416415,0.398473,0.454046,0.526320,0.575792,0.513346,0.469153,0.428597,0.233966,0.353807,0.664671,0.646603,0.494992,0.358409,0.286412,0.411816,0.571029,0.612727,0.472321,0.608451,0.704078,0.481152,0.506521,0.533049,0.498780,0.715603,0.444352,0.571502,0.424488,0.286902,0.302828,0.476686,0.428392,0.359477,0.510087,0.487557,0.538131,0.124083,0.570280,0.633401,0.293773,0.753424,0.511350,0.527101,0.484204,0.473193,0.498361,0.564676,0.612231,0.756752,0.402243,0.626156,0.449252,0.591197,0.396350,0.394082,0.407251,0.497523,0.350604,0.647145,0.707146,0.353891,0.552170,0.527368,0.417726,0.720051,0.382729,0.659795,0.666541,0.711816,0.603619,0.419772,0.413204,0.488883,0.739694,0.436648,0.610318
0.500370,0.407472,0.591099,0.530315,0.584798,0.702547,0.378140,0.516354,0.440468,0.586818,0.673638,0.627266,0.517927,0.484568,0.689054,0.618455,0.525152,0.470780,0.650471,0.448431,0.500657,0.364091,0.443110,0.416415,0.000000,0.456498,0.486492,0.397773,0.537846,0.444456,0.362657,0.431213,0.418925,0.510807,0.542807,0.629332,0.418804,0.461633,0.378595,0.504466,0.479932,0.482374,0.538892,0.674188,0.683858,0.585976,0.286142,0.612854,0.407363,0.614352,0.486217,0.513391,0.515365,0.380768,0.472039,0.442660,0.513832,0.488945,0.745119,0.396732,0.644063,0.484697,0.312030,0.666014,0.411738,0.681433,0.435305,0.586432,0.703704,0.427056,0.325740,0.637760,0.544375,0.653065,0.446498,0.610485,0.661634,0.688156,0.454164,0.480324,0.576068,0.705527,0.349767,0.609641,0.653353,0.451125,0.683507,0.446677,0.549307,0.647131,0.517895,0.664621,0.686447,0.687732,0.460829,0.457401,0.471649,0.482264,0.751847,0.565801,0.670041
0.503102,0.473108,0.569932,0.426337,0.486121,0.590981,0.170985,0.439751,0.311754,0.639040,0.547434,0.599556,0.484294,0.358603,0.564160,0.586772,0.371051,0.380889,0.509036,0.443094,0.309610,0.567242,0.080559,0.398473,0.456498,0.000000,0.403968,0.460945,0.427651,0.458547,0.465898,0.401673,0.558043,0.355726,0.582016,0.455834,0.467302,0.259110,0.473703,0.253757,0.502585,0.494829,0.428374,0.688467,0.676111,0.519107,0.432851,0.499081,0.364838,0.626142,0.288762,0.495069,0.316884,0.505643,0.564013,0.467146,0.343754,0.502131,0.496967,0.464719,0.584020,0.452870,0.457164,0.528399,0.569413,0.592125,0.484159,0.451275,0.486863,0.534278,0.540603,0.347761,0.559613,0.612809,0.512386,0.645051,0.562996,0.465425,0.510380,0.257138,0.575662,0.589176,0.366452,0.708746,0.682016,0.273919,0.593742,0.498679,0.469471,0.444719,0.364353,0.440676,0.466118,0.559081,0.652851,0.534136,0.529526,0.253089,0.581797,0.442753,0.464331
0.503585,0.395617,0.566769,0.495767,0.548368,0.630560,0.308587,0.535820,0.350793,0.599920,0.673503,0.660803,0.541029,0.353340,0.496862,0.598353,0.492379,0.381648,0.478838,0.345822,0.410265,0.465452,0.373231,0.454046,0.486492,0.403968,0.000000,0.436317,0.371527,0.479655,0.432140,0.512695,0.508010,0.439324,0.686706,0.598069,0.403935,0.368297,0.345134,0.379532,0.584070,0.549220,0.483926,0.680191,0.658734,0.562774,0.470912,0.495663,0.350919,0.697203,0.223561,0.614887,0.348587,0.350972,0.457007,0.399978,0.177203,0.550154,0.703576,0.518158,0.673946,0.554151,0.520203,0.451025,0.548983,0.672173,0.529163,0.663895,0.571357,0.499602,0.456716,0.582534,0.567485,0.674101,0.493956,0.760408,0.671693,0.712543,0.495778,0.373691,0.435143,0.576948,0.425063,0.555447,0.714405,0.392510,0.679948,0.517198,0.396187,0.611579,0.452857,0.565813,0.571434,0.654517,0.578363,0.500619,0.505983,0.389648,0.658733,0.529548,0.727059
0.504258,0.501546,0.669969,0.442640,0.648178,0.758501,0.358203,0.511791,0.509067,0.432060,0.698683,0.475620,0.556538,0.519487,0.633121,0.500852,0.494695,0.467909,0.592862,0.441834,0.555649,0.487685,0.445721,0.526320,0.397773,0.460945,0.436317,0.000000,0.516332,0.186591,0.128159,0.415272,0.546353,0.574909,0.460527,0.589134,0.130760,0.481187,0.543570,0.535213,0.416315,0.261468,0.455984,0.741771,0.591804,0.621145,0.319890,0.660582,0.151059,0.523145,0.453152,0.378302,0.559252,0.550315,0.528483,0.449975,0.479998,0.609158,0.708472,0.194137,0.553188,0.602585,0.386134,0.600095,0.548887,0.672248,0.183068,0.677356,0.680091,0.315057,0.464389,0.631555,0.107122,0.295642,0.435195,0.744434,0.751372,0.641194,0.457941,0.479337,0.605852,0.693646,0.499611,0.638122,0.688916,0.513967,0.721648,0.280219,0.596341,0.633141,0.592452,0.561909,0.602103,0.689397,0.554280,0.461415,0.483327,0.493439,0.682715,0.647364,0.630965
0.506695,0.518654,0.619472,0.479755,0.589726,0.626457,0.343196,0.549877,0.360004,0.475586,0.606669,0.560947,0.601446,0.378910,0.497609,0.504060,0.456127,0.418354,0.601998,0.435465,0.394745,0.464723,0.402815,0.575792,0.537846,0.427651,0.371527,0.516332,0.000000,0.519251,0.556658,0.537492,0.603351,0.495963,0.614344,0.507278,0.543068,0.398072,0.529087,0.367829,0.556306,0.540388,0.457174,0.636106,0.562634,0.568037,0.428030,0.431234,0.459807,0.557328,0.310375,0.640525,0.393003,0.543999,0.613203,0.415486,0.384153,0.615770,0.657222,0.598514,0.632197,0.635208,0.427832,0.485432,0.609790,0.583116,0.588992,0.587877,0.597978,0.603482,0.563706,0.521008,0.553028,0.616804,0.602532,0.632228,0.576057,0.575657,0.613183,0.415141,0.529766,0.657522,0.482767,0.567671,0.682076,0.427104,0.645677,0.550469,0.451496,0.550241,0.495389,0.511092,0.476555,0.641009,0.622844,0.606543,0.620611,0.413074,0.575624,0.527729,0.552868
0.506763,0.560779,0.609957,0.431606,0.587484,0.710258,0.362234,0.582002,0.554564,0.425141,0.671255,0.556599,0.614145,0.541472,0.607263,0.429033,0.502456,0.509825,0.622112,0.400589,0.525031,0.555998,0.441686,0.513346,0.444456,0.458547,0.479655,0.186591,0.519251,0.000000,0.303158,0.428161,0.566730,0.511459,0.487260,0.519063,0.201976,0.418133,0.586630,0.512621,0.504448,0.380430,0.416027,0.660261,0.563751,0.614251,0.429891,0.626336,0.275587,0.511142,0.466521,0.486880,0.579727,0.592466,0.625432,0.520745,0.522990,0.588621,0.668700,0.384919,0.546011,0.558774,0.479933,0.506041,0.572481,0.678306,0.357094,0.637097,0.682968,0.328837,0.474240,0.557657,0.199458,0.322716,0.559403,0.724083,0.656765,0.523207,0.586102,0.429802,0.534626,0.629571,0.499231,0.672674,0.704572,0.512189,0.643521,0.316674,0.545336,0.551855,0.513174,0.591594,0.632415,0.610603,0.607312,0.600703,0.585574,0.508307,0.649713,0.599473,0.532824
0.506872,0.482813,0.665216,0.501725,0.638070,0.744956,0.394672,0.451616,0.445281,0.524001,0.692030,0.515685,0.489198,0.510626,0.685772,0.576137,0.484383,0.414443,0.590289,0.492802,0.515885,0.489876,0.438030,0.469153,0.362657,0.465898,0.432140,0.128159,0.556658,0.303158,0.000000,0.450702,0.525605,0.546508,0.525524,0.608781,0.249483,0.521119,0.481890,0.504647,0.386115,0.359048,0.499905,0.793265,0.711681,0.606246,0.334779,0.665162,0.137678,0.586350,0.468525,0.396838,0.555518,0.479463,0.426658,0.415217,0.476989,0.573509,0.702655,0.088063,0.529910,0.548045,0.383713,0.631427,0.533512,0.625159,0.103855,0.649285,0.685395,0.289264,0.424238,0.622554,0.288921,0.471934,0.284152,0.731133,0.744948,0.650603,0.291289,0.513915,0.591799,0.738911,0.471979,0.619747,0.641450,0.444242,0.733420,0.258384,0.523460,0.668349,0.568844,0.634191,0.672574,0.705751,0.534809,0.309726,0.323087,0.482876,0.751955,0.576658,0.663787
0.508073,0.535628,0.628709,0.495931,0.606317,0.703031,0.275396,0.474394,0.416085,0.514032,0.591768,0.502942,0.490901,0.577391,0.646940,0.544607,0.412199,0.401998,0.620320,0.458601,0.419744,0.551367,0.376421,0.428597,0.431213,0.401673,0.512695,0.415272,0.537492,0.428161,0.450702,0.000000,0.544248,0.487953,0.509543,0.646694,0.428106,0.381801,0.546466,0.412798,0.358650,0.380773,0.363853,0.655716,0.576622,0.551274,0.379988,0.498213,0.419491,0.588825,0.483087,0.395273,0.587227,0.545932,0.450736,0.449859,0.558913,0.546929,0.476950,0.411816,0.622053,0.475350,0.392654,0.619893,0.565287,0.709107,0.464595,0.572477,0.592775,0.535593,0.545080,0.665627,0.506737,0.532103,0.470644,0.639690,0.495671,0.627638,0.479672,0.384405,0.617077,0.636894,0.438662,0.810891,0.631277,0.407973,0.685128,0.434989,0.557162,0.676272,0.495810,0.519592,0.559789,0.668239,0.615170,0.485849,0.482138,0.416681,0.586140,0.541593,0.619424
0.509790,0.333392,0.335334,0.527374,0.491447,0.562316,0.477686,0.545218,0.503225,0.698839,0.707528,0.762783,0.516240,0.413674,0.690194,0.696773,0.612211,0.540082,0.596889,0.406627,0.498599,0.185061,0.508966,0.233966,0.418925,0.558043,0.508010,0.546353,0.603351,0.566730,0.525605,0.544248,0.000000,0.519882,0.673042,0.746377,0.487064,0.447343,0.290180,0.545358,0.639764,0.653368,0.562275,0.656471,0.679277,0.540238,0.571745,0.594602,0.543135,0.719956,0.532819,0.650089,0.497697,0.275429,0.375757,0.583719,0.518048,0.375571,0.609017,0.581490,0.637398,0.328184,0.640294,0.632756,0.054547,0.748569,0.604730,0.536969,0.580444,0.535362,0.551656,0.644725,0.617609,0.782624,0.498684,0.662386,0.499310,0.687359,0.503882,0.465221,0.435413,0.586905,0.470775,0.512157,0.705186,0.538959,0.529457,0.606063,0.493275,0.757698,0.557423,0.727385,0.674574,0.761352,0.474823,0.505515,0.505710,0.613988,0.770767,0.570001,0.703171
0.511017,0.446284,0.594826,0.483907,0.485073,0.635857,0.350538,0.537644,0.339279,0.690045,0.531988,0.688746,0.486970,0.389183,0.527312,0.639635,0.511629,0.355303,0.598099,0.418950,0.370914,0.536540,0.333625,0.353807,0.510807,0.355726,0.439324,0.574909,0.495963,0.511459,0.546508,0.487953,0.519882,0.000000,0.619958,0.474819,0.550887,0.392245,0.413549,0.417390,0.570618,0.646160,0.599286,0.593548,0.697832,0.524620,0.540791,0.487290,0.503336,0.648463,0.399821,0.572510,0.425678,0.384532,0.466049,0.508228,0.402468,0.452780,0.566404,0.540750,0.627661,0.427394,0.602985,0.616310,0.573051,0.604948,0.590087,0.503017,0.541239,0.571045,0.537122,0.406067,0.645053,0.740102,0.500588,0.560790,0.541141,0.438620,0.446454,0.444615,0.519920,0.609920,0.378068,0.657198,0.693109,0.255949,0.608717,0.562985,0.410896,0.431237,0.088577,0.619670,0.682307,0.608128,0.620339,0.494750,0.485469,0.465361,0.724557,0.493949,0.523959
0.514215,0.624954,0.683843,0.558207,0.587027,0.816605,0.524412,0.591557,0.592290,0.438695,0.682216,0.437374,0.625888,0.598510,0.553077,0.555584,0.570812,0.609082,0.764199,0.606934,0.600495,0.565212,0.551272,0.664671,0.542807,0.582016,0.686706,0.460527,0.614344,0.487260,0.525524,0.509543,0.673042,0.619958,0.000000,0.592635,0.491211,0.625694,0.680734,0.616768,0.450223,0.424646,0.557078,0.732737,0.554317,0.787964,0.455879,0.719853,0.549353,0.240259,0.607469,0.437689,0.626924,0.687276,0.696679,0.602341,0.727038,0.713751,0.661462,0.501344,0.653734,0.711404,0.480101,0.663466,0.657902,0.624009,0.513966,0.578284,0.753528,0.586804,0.635225,0.705878,0.499961,0.471024,0.633268,0.610227,0.721041,0.629970,0.619346,0.652612,0.682729,0.765044,0.636858,0.715393,0.639042,0.606084,0.796343,0.463434,0.649753,0.689810,0.647322,0.635703,0.664038,0.665104,0.586390,0.651660,0.654201,0.575130,0.691292,0.714585,0.631459
0.514292,0.619044,0.697805,0.466632,0.503747,0.712493,0.470488,0.659234,0.486407,0.547345,0.477145,0.476241,0.688865,0.567119,0.484785,0.587039,0.577900,0.538250,0.673533,0.619297,0.562918,0.668311,0.466517,0.646603,0.629332,0.455834,0.598069,0.589134,0.507278,0.519063,0.608781,0.646694,0.746377,0.474819,0.592635,0.000000,0.631029,0.589753,0.703631,0.507791,0.708767,0.609244,0.548278,0.636988,0.624852,0.662740,0.614660,0.573314,0.538760,0.613176,0.503679,0.665879,0.585270,0.728452,0.762544,0.622273,0.587177,0.708957,0.661315,0.629738,0.721927,0.686417,0.616210,0.613884,0.728490,0.603799,0.645157,0.638076,0.651477,0.638926,0.528901,0.402363,0.564981,0.533831,0.668694,0.663385,0.729493,0.400337,0.679294,0.615956,0.646865,0.706716,0.544048,0.710844,0.683855,0.551764,0.686081,0.669338,0.536476,0.327941,0.442563,0.541962,0.553027,0.434610,0.617856,0.677768,0.699680,0.566246,0.611117,0.594940,0.373016
0.515302,0.524672,0.628668,0.371551,0.615855,0.737719,0.353480,0.540511,0.541928,0.459417,0.670797,0.564929,0.568991,0.484981,0.624742,0.496629,0.494319,0.506181,0.623315,0.310672,0.522083,0.448346,0.439334,0.494992,0.418804,0.467302,0.403935,0.130760,0.543068,0.201976,0.249483,0.428106,0.487064,0.550887,0.491211,0.631029,0.000000,0.372964,0.505475,0.518364,0.498814,0.326045,0.462319,0.717439,0.521126,0.623448,0.387788,0.637283,0.219090,0.538080,0.395933,0.460156,0.541018,0.507376,0.510926,0.483824,0.454793,0.508949,0.696833,0.341486,0.545285,0.588250,0.421890,0.569086,0.486149,0.707902,0.338322,0.597430,0.654006,0.355846,0.487785,0.641837,0.260319,0.383140,0.518241,0.730248,0.681096,0.670477,0.537838,0.363605,0.543794,0.693252,0.493208,0.639109,0.710736,0.521048,0.661006,0.370312,0.551391,0.653203,0.568272,0.573215,0.589448,0.639556,0.563550,0.540015,0.535944,0.460035,0.698259,0.621679,0.667371
0.515357,0.464674,0.536875,0.430428,0.545801,0.581450,0.229491,0.453005,0.383222,0.584684,0.593917,0.672831,0.459156,0.427483,0.662430,0.547129,0.367473,0.403532,0.577081,0.284818,0.334389,0.477843,0.227963,0.358409,0.461633,0.259110,0.368297,0.481187,0.398072,0.418133,0.521119,0.381801,0.447343,0.392245,0.625694,0.589753,0.372964,0.000000,0.419163,0.322741,0.568032,0.549089,0.371399,0.656879,0.577734,0.508866,0.457517,0.471964,0.419739,0.645674,0.305836,0.553600,0.410478,0.431649,0.492210,0.449067,0.350990,0.400274,0.494577,0.543927,0.535231,0.446867,0.474531,0.486420,0.460695,0.704050,0.583854,0.472674,0.512009,0.529013,0.508264,0.523982,0.570346,0.633169,0.541086,0.656826,0.444230,0.574619,0.523552,0.061337,0.486951,0.620286,0.384399,0.744737,0.673287,0.309200,0.592838,0.553571,0.442290,0.607688,0.441363,0.518534,0.519882,0.641108,0.609288,0.553274,0.547261,0.321079,0.601456,0.441996,0.608739
0.517103,0.247424,0.500223,0.601247,0.481468,0.631244,0.416674,0.493719,0.389615,0.722564,0.616399,0.727364,0.511575,0.317419,0.620748,0.702453,0.571982,0.456071,0.614851,0.461777,0.487660,0.321936,0.457889,0.286412,0.378595,0.473703,0.345134,0.543570,0.529087,0.586630,0.481890,0.546466,0.290180,0.413549,0.680734,0.703631,0.505475,0.419163,0.000000,0.516083,0.645956,0.612700,0.562234,0.658225,0.696772,0.573287,0.502161,0.573034,0.519567,0.716350,0.450860,0.635118,0.329856,0.051304,0.357744,0.461304,0.352847,0.465609,0.645174,0.536149,0.660943,0.368138,0.547357,0.644159,0.319334,0.688548,0.584079,0.591894,0.583870,0.531157,0.449433,0.563007,0.668268,0.803415,0.403381,0.669097,0.532199,0.774812,0.414509,0.438207,0.445765,0.586331,0.360303,0.510419,0.692469,0.420126,0.665473,0.619456,0.466324,0.690996,0.424623,0.719399,0.686370,0.743540,0.459577,0.398450,0.421835,0.526506,0.726702,0.544028,0.744047
0.518378,0.537795,0.589152,0.466197,0.578266,0.610794,0.284166,0.474715,0.331269,0.600784,0.533498,0.563400,0.520147,0.414744,0.584256,0.646817,0.393760,0.392378,0.590456,0.424699,0.082815,0.570057,0.264125,0.411816,0.504466,0.253757,0.379532,0.535213,0.367829,0.512621,0.504647,0.412798,0.545358,0.417390,0.616768,0.507791,0.518364,0.322741,0.516083,0.000000,0.553194,0.542647,0.394311,0.737609,0.656419,0.580150,0.446588,0.495608,0.442321,0.666307,0.313047,0.540756,0.409082,0.528966,0.497062,0.496185,0.374018,0.516099,0.505540,0.532219,0.594903,0.427732,0.476038,0.469861,0.568268,0.584934,0.570502,0.397515,0.499425,0.623942,0.562251,0.362664,0.601372,0.635626,0.488914,0.595030,0.524981,0.471212,0.491912,0.314784,0.518430,0.616819,0.400879,0.657620,0.680139,0.333658,0.637414,0.600519,0.364632,0.492338,0.425220,0.517776,0.529777,0.578614,0.650957,0.499692,0.497102,0.303822,0.632664,0.362484,0.479979
0.518716,0.606714,0.756330,0.662609,0.707630,0.776203,0.448288,0.490844,0.473802,0.523167,0.758326,0.482346,0.487436,0.627145,0.772736,0.599680,0.451097,0.458125,0.682944,0.656870,0.525254,0.599145,0.470017,0.571029,0.479932,0.502585,0.584070,0.416315,0.556306,0.504448,0.386115,0.358650,0.639764,0.570618,0.450223,0.708767,0.498814,0.568032,0.645956,0.553194,0.000000,0.343648,0.559911,0.781968,0.738867,0.709312,0.319318,0.722181,0.465371,0.569164,0.528329,0.308885,0.624098,0.622050,0.597849,0.515988,0.659574,0.658511,0.624929,0.336972,0.582912,0.658528,0.384154,0.690139,0.679492,0.730229,0.394632,0.641644,0.705674,0.544235,0.631937,0.714795,0.508538,0.484031,0.539378,0.662003,0.761422,0.666330,0.501183,0.609614,0.664217,0.822208,0.551565,0.783330,0.605391,0.422992,0.764171,0.329788,0.657975,0.749247,0.633290,0.632529,0.684597,0.663850,0.675555,0.542920,0.530562,0.498789,0.753661,0.635253,0.707443
0.518987,0.582728,0.728956,0.538002,0.686238,0.744486,0.413845,0.565741,0.546696,0.403738,0.691613,0.405877,0.592747,0.588327,0.679414,0.530758,0.493343,0.500897,0.676264,0.546454,0.546073,0.590860,0.474095,0.612727,0.482374,0.494829,0.549220,0.261468,0.540388,0.380430,0.359048,0.380773,0.653368,0.646160,0.424646,0.609244,0.326045,0.549089,0.612700,0.542647,0.343648,0.000000,0.434580,0.719653,0.592170,0.721541,0.298443,0.692985,0.387074,0.510772,0.514363,0.351685,0.560471,0.618029,0.640470,0.533995,0.595952,0.653831,0.672965,0.331073,0.551703,0.688603,0.354342,0.609886,0.686581,0.621162,0.399402,0.599326,0.681842,0.513039,0.589033,0.661864,0.326753,0.306014,0.535189,0.661218,0.763747,0.650482,0.542392,0.530048,0.702242,0.812240,0.542955,0.692783,0.644759,0.545607,0.751608,0.449121,0.663510,0.630243,0.662049,0.573197,0.627361,0.681106,0.607014,0.545154,0.561284,0.493951,0.651876,0.669920,0.641973
0.519168,0.541020,0.554428,0.508732,0.607196,0.617454,0.331084,0.438194,0.449218,0.491530,0.622516,0.475554,0.496499,0.546538,0.630666,0.548630,0.341425,0.472338,0.530073,0.492340,0.412883,0.586989,0.385240,0.472321,0.538892,0.428374,0.483926,0.455984,0.457174,0.416027,0.499905,0.363853,0.562275,0.599286,0.557078,0.548278,0.462319,0.371399,0.562234,0.394311,0.559911,0.434580,0.000000,0.735150,0.601523,0.575615,0.468877,0.452132,0.451777,0.566478,0.411183,0.533672,0.535902,0.600517,0.601920,0.487429,0.520448,0.568634,0.528294,0.535113,0.566543,0.549366,0.492121,0.536303,0.577621,0.579290,0.545590,0.526047,0.542522,0.578679,0.567963,0.630318,0.447236,0.527769,0.576346,0.641355,0.477548,0.572984,0.593540,0.381089,0.508898,0.620637,0.538619,0.712384,0.671066,0.482605,0.645030,0.547007,0.469165,0.672383,0.587808,0.578753,0.566552,0.670755,0.660133,0.610494,0.627954,0.447830,0.608358,0.517841,0.578215
0.520147,0.609348,0.574660,0.599790,0.637123,0.589576,0.650701,0.721453,0.688851,0.705355,0.644847,0.769359,0.735981,0.666020,0.738933,0.687566,0.740194,0.672040,0.673453,0.608709,0.695632,0.674493,0.713850,0.608451,0.674188,0.688467,0.680191,0.741771,0.636106,0.660261,0.793265,0.655716,0.656471,0.593548,0.732737,0.636988,0.717439,0.656879,0.658225,0.737609,0.781968,0.719653,0.735150,0.000000,0.582063,0.574479,0.743653,0.544212,0.761725,0.721254,0.695063,0.735651,0.665857,0.645299,0.735208,0.683135,0.664323,0.550030,0.735844,0.806651,0.728706,0.641101,0.722857,0.685434,0.679408,0.731825,0.791595,0.701822,0.627743,0.707782,0.730597,0.691015,0.748271,0.720816,0.760891,0.660025,0.576642,0.703772,0.775429,0.670485,0.758601,0.643446,0.671300,0.657513,0.653714,0.655421,0.669570,0.768543,0.688568,0.626466,0.601904,0.685462,0.679433,0.681247,0.670608,0.765571,0.760224,0.748311,0.654799,0.750516,0.688628
