0.000000,0.271388,0.470189,0.484735,0.496957,0.507131,0.527528,0.535547,0.535927,0.543845,0.546365,0.547754,0.547988,0.548200,0.551257,0.551569,0.558294,0.563785,0.568085,0.569072,0.570517,0.571880,0.571880,0.574642,0.575048,0.580400,0.580781,0.583251,0.584059,0.584720,0.585637,0.586807,0.587906,0.589429,0.589487,0.593143,0.593793,0.594583,0.595821,0.596381,0.596603,0.596914,0.597253,0.597601,0.599415,0.599441,0.599664,0.600791,0.601463,0.601771,0.602376,0.603076,0.603266,0.603286,0.603441,0.605203,0.605449,0.606233,0.606687,0.607000,0.607250,0.607382,0.608029,0.608380,0.608421,0.608725,0.608748,0.608757,0.609601,0.610373,0.610955,0.611215,0.611348,0.612769,0.613225,0.613342,0.613728,0.614885,0.615422,0.616199,0.616954,0.617251,0.617281,0.617529,0.617683,0.617769,0.617770,0.618107,0.618628,0.618687,0.619495,0.619555,0.619676,0.619856,0.619889,0.619994,0.620083,0.620247,0.620404,0.620509,0.620957
0.271388,0.000000,0.477923,0.634189,0.638132,0.461852,0.716555,0.681184,0.471054,0.613318,0.384266,0.382473,0.680914,0.467039,0.437774,0.397667,0.661022,0.421293,0.395582,0.531342,0.471120,0.694321,0.742562,0.522509,0.725303,0.573104,0.548424,0.518713,0.725566,0.729753,0.505635,0.538667,0.735854,0.666033,0.609508,0.516891,0.555947,0.610436,0.592440,0.758503,0.650992,0.500464,0.494743,0.453889,0.609180,0.646372,0.475375,0.532495,0.529703,0.486298,0.748806,0.522407,0.541568,0.727180,0.636965,0.616078,0.450327,0.536754,0.540774,0.497777,0.557303,0.443443,0.455116,0.539312,0.447629,0.802386,0.560330,0.724874,0.685076,0.771845,0.538294,0.659271,0.699338,0.496539,0.594657,0.597054,0.530320,0.472700,0.736193,0.515644,0.552161,0.594457,0.626495,0.602146,0.637254,0.700115,0.554215,0.772407,0.535532,0.777934,0.544545,0.604386,0.446042,0.636682,0.543629,0.691859,0.564911,0.744379,0.416905,0.624686,0.744858
0.470189,0.477923,0.000000,0.641102,0.640480,0.567035,0.721950,0.668483,0.549572,0.523002,0.625570,0.531200,0.720011,0.369208,0.467135,0.470137,0.774873,0.381516,0.376152,0.514216,0.665766,0.747467,0.778018,0.236840,0.746767,0.512815,0.263365,0.428628,0.742687,0.737697,0.322608,0.408903,0.735265,0.670968,0.659978,0.485625,0.718953,0.465167,0.597019,0.718862,0.669319,0.542888,0.488626,0.509890,0.594122,0.544248,0.488809,0.659141,0.260425,0.331695,0.702709,0.445967,0.483357,0.483239,0.495518,0.565233,0.437415,0.469338,0.398293,0.375827,0.216865,0.557290,0.588593,0.498844,0.484704,0.748973,0.644055,0.785003,0.707316,0.850410,0.548465,0.700342,0.677448,0.640544,0.443612,0.549343,0.286587,0.436770,0.711131,0.462417,0.485403,0.624319,0.559534,0.417976,0.689998,0.695969,0.711703,0.672577,0.600502,0.723436,0.645230,0.650631,0.477476,0.432183,0.473101,0.816517,0.431151,0.817288,0.477137,0.626896,0.692733
0.484735,0.634189,0.641102,0.000000,0.395467,0.755913,0.457886,0.402886,0.797050,0.579962,0.739679,0.832563,0.482508,0.818241,0.753190,0.842218,0.424294,0.844619,0.777851,0.686788,0.785121,0.708664,0.424725,0.792746,0.616088,0.718257,0.662471,0.832877,0.432936,0.540636,0.820965,0.711573,0.716054,0.662287,0.760628,0.881325,0.786759,0.864485,0.773119,0.569668,0.668818,0.819476,0.808308,0.877050,0.776786,0.545316,0.861555,0.795592,0.811579,0.809503,0.567000,0.788402,0.807009,0.678449,0.660056,0.657425,0.871912,0.769419,0.803910,0.810883,0.814331,0.885367,0.787387,0.911147,0.837693,0.526894,0.839181,0.634237,0.663398,0.649794,0.786471,0.605119,0.596590,0.870533,0.723226,0.729638,0.827322,0.874361,0.604761,0.904603,0.767320,0.795231,0.809843,0.780121,0.865053,0.557985,0.805854,0.578391,0.807821,0.507722,0.854374,0.638734,0.910840,0.776395,0.803730,0.661428,0.803491,0.603983,0.876187,0.791408,0.689522
0.496957,0.638132,0.640480,0.395467,0.000000,0.818551,0.415462,0.152311,0.764419,0.462400,0.792228,0.839677,0.496094,0.819561,0.843386,0.874240,0.495204,0.849814,0.788626,0.728295,0.851099,0.681103,0.438954,0.734356,0.676321,0.664488,0.712085,0.859529,0.495547,0.636242,0.796647,0.639104,0.784491,0.681767,0.867258,0.826428,0.839820,0.811033,0.833181,0.642333,0.664220,0.861715,0.899637,0.860677,0.701122,0.540666,0.864874,0.822997,0.749982,0.837735,0.616222,0.761525,0.852890,0.684378,0.693433,0.667469,0.845859,0.769766,0.872892,0.809123,0.811233,0.850928,0.828942,0.832728,0.880517,0.470608,0.842101,0.662571,0.738852,0.688074,0.843545,0.631808,0.634593,0.874054,0.773385,0.664075,0.798635,0.838719,0.679252,0.822939,0.760259,0.879993,0.821880,0.802488,0.854410,0.528859,0.855596,0.607738,0.810470,0.527951,0.880383,0.608323,0.847854,0.800358,0.909843,0.685001,0.751346,0.624597,0.864935,0.847644,0.766727
0.507131,0.461852,0.567035,0.755913,0.818551,0.000000,0.748410,0.821746,0.599737,0.656303,0.125725,0.332228,0.832838,0.361790,0.365974,0.386995,0.845820,0.416081,0.329358,0.391768,0.228422,0.737739,0.825192,0.489559,0.791472,0.595037,0.630107,0.590543,0.700942,0.814885,0.531098,0.661919,0.817184,0.508062,0.664325,0.424463,0.548263,0.464081,0.546341,0.813869,0.687981,0.530796,0.422901,0.497191,0.619617,0.763136,0.418223,0.603651,0.532379,0.541240,0.876649,0.547586,0.488861,0.739376,0.730974,0.652126,0.378610,0.403569,0.470214,0.439237,0.536242,0.446343,0.265628,0.602637,0.409558,0.744694,0.640600,0.890261,0.579352,0.873106,0.512149,0.776519,0.824448,0.500816,0.611895,0.612045,0.560371,0.353249,0.874513,0.539832,0.431969,0.623347,0.705085,0.615301,0.654926,0.863752,0.567115,0.744484,0.514275,0.852028,0.512113,0.744352,0.438827,0.637628,0.474208,0.858349,0.570334,0.738575,0.378209,0.560333,0.679555
0.527528,0.716555,0.721950,0.457886,0.415462,0.748410,0.000000,0.380575,0.802570,0.555869,0.765940,0.881862,0.474014,0.817919,0.801087,0.870782,0.546206,0.854330,0.811076,0.751730,0.828433,0.698655,0.443193,0.789324,0.526136,0.711237,0.708046,0.868273,0.434074,0.661096,0.841626,0.759724,0.692058,0.684469,0.850372,0.817691,0.847250,0.819939,0.835510,0.637946,0.669094,0.828731,0.845101,0.897504,0.779741,0.632546,0.799125,0.881423,0.837504,0.857261,0.615885,0.865771,0.851459,0.735420,0.686411,0.720210,0.837366,0.781686,0.867983,0.766864,0.855282,0.876244,0.761916,0.890940,0.848604,0.512656,0.910212,0.633842,0.689105,0.575859,0.832021,0.571647,0.659713,0.838548,0.799505,0.705018,0.855807,0.846499,0.644262,0.883927,0.807783,0.855853,0.840749,0.841497,0.898573,0.641982,0.818453,0.593058,0.843194,0.484904,0.795048,0.638706,0.850348,0.844752,0.830885,0.629793,0.813294,0.613381,0.842299,0.885175,0.560152
0.535547,0.681184,0.668483,0.402886,0.152311,0.821746,0.380575,0.000000,0.770324,0.505882,0.810971,0.821352,0.453996,0.828945,0.845708,0.881135,0.496694,0.824177,0.798526,0.777448,0.881455,0.678225,0.460114,0.679431,0.648890,0.698024,0.720346,0.868692,0.465345,0.599280,0.821684,0.658216,0.729840,0.675007,0.848783,0.854025,0.839008,0.819134,0.801417,0.574579,0.684073,0.885732,0.920260,0.873836,0.764940,0.548733,0.875610,0.836234,0.770816,0.869536,0.622430,0.797939,0.867333,0.692759,0.694980,0.709040,0.837808,0.736603,0.886819,0.824440,0.820121,0.853611,0.815837,0.876958,0.900214,0.463016,0.837873,0.591014,0.734648,0.653445,0.816115,0.612071,0.650823,0.833585,0.820414,0.607905,0.744575,0.891461,0.619322,0.839487,0.802718,0.835938,0.845197,0.855824,0.844095,0.527448,0.834686,0.590833,0.817124,0.514424,0.848526,0.611526,0.871591,0.839012,0.915730,0.693495,0.739780,0.595981,0.845677,0.887985,0.712769
0.535927,0.471054,0.549572,0.797050,0.764419,0.599737,0.802570,0.770324,0.000000,0.545157,0.591214,0.583979,0.732740,0.502933,0.567653,0.579157,0.835608,0.540649,0.462170,0.534890,0.633133,0.844008,0.870243,0.525777,0.616585,0.575378,0.513493,0.580404,0.855720,0.853126,0.577477,0.599902,0.751904,0.616769,0.666679,0.586865,0.673932,0.628314,0.547880,0.756283,0.478749,0.646083,0.571085,0.582238,0.149889,0.536612,0.615140,0.680983,0.552066,0.620041,0.740738,0.604935,0.382620,0.640427,0.548726,0.534962,0.537433,0.613989,0.609232,0.585878,0.591600,0.542024,0.603114,0.568470,0.573132,0.816744,0.659644,0.771568,0.741493,0.786219,0.395900,0.612756,0.667019,0.649301,0.616239,0.602175,0.546427,0.528033,0.756026,0.594956,0.642124,0.620066,0.739844,0.563788,0.749070,0.772518,0.695788,0.721710,0.392602,0.837410,0.697679,0.668264,0.553452,0.571838,0.571343,0.740051,0.561715,0.787372,0.501507,0.585597,0.773674
0.543845,0.613318,0.523002,0.579962,0.462400,0.656303,0.555869,0.505882,0.545157,0.000000,0.652635,0.654502,0.600410,0.682860,0.692828,0.687044,0.597598,0.689368,0.648947,0.565020,0.745025,0.664118,0.639127,0.650867,0.615498,0.638179,0.577878,0.698748,0.585409,0.638206,0.637519,0.678118,0.717667,0.596752,0.807035,0.692169,0.806441,0.670336,0.744115,0.620591,0.527980,0.737310,0.731882,0.694653,0.538959,0.388869,0.696465,0.758872,0.679193,0.679823,0.582930,0.702988,0.615460,0.684315,0.580485,0.672759,0.688735,0.725158,0.715311,0.683276,0.658496,0.712793,0.607202,0.710718,0.665506,0.463330,0.799870,0.728304,0.662632,0.715639,0.621303,0.566885,0.598861,0.805184,0.715486,0.678885,0.678717,0.711374,0.605532,0.606647,0.715898,0.755954,0.786119,0.721980,0.822137,0.570270,0.813949,0.544782,0.641736,0.624154,0.852839,0.697068,0.701692,0.726646,0.692962,0.686701,0.657197,0.609083,0.731400,0.770039,0.732658
0.546365,0.384266,0.625570,0.739679,0.792228,0.125725,0.765940,0.810971,0.591214,0.652635,0.000000,0.335866,0.805792,0.417995,0.380497,0.413932,0.807854,0.426827,0.319567,0.445844,0.213304,0.760048,0.840814,0.528694,0.796824,0.616045,0.663157,0.611469,0.705576,0.825112,0.548021,0.641028,0.844793,0.551230,0.703713,0.459642,0.591985,0.531383,0.604763,0.813052,0.723982,0.575878,0.439379,0.499412,0.641798,0.774649,0.425154,0.607809,0.554516,0.549242,0.870780,0.567943,0.509783,0.795154,0.731848,0.657370,0.398302,0.434201,0.515050,0.469275,0.593592,0.443275,0.249332,0.592946,0.419393,0.774439,0.636413,0.891064,0.672842,0.891134,0.518831,0.788991,0.806923,0.515650,0.646646,0.625711,0.568429,0.357957,0.878714,0.577993,0.462358,0.682688,0.729304,0.686149,0.673793,0.873046,0.577837,0.774496,0.547369,0.885678,0.552570,0.705772,0.405112,0.703552,0.526200,0.824386,0.567651,0.729841,0.347901,0.629460,0.723184
0.547754,0.382473,0.531200,0.832563,0.839677,0.332228,0.881862,0.821352,0.583979,0.654502,0.335866,0.000000,0.861923,0.421198,0.352667,0.190834,0.841924,0.368209,0.422757,0.513131,0.381123,0.815130,0.858268,0.483967,0.883962,0.613959,0.630289,0.445388,0.789147,0.870895,0.447935,0.637733,0.796865,0.589600,0.652557,0.482722,0.437210,0.488034,0.474009,0.857740,0.786680,0.413934,0.416040,0.300535,0.671313,0.760039,0.374930,0.411838,0.478230,0.503863,0.902788,0.512431,0.504094,0.751394,0.725138,0.676496,0.388109,0.461212,0.448925,0.405801,0.517993,0.286341,0.392315,0.527925,0.346467,0.841510,0.521450,0.978322,0.607738,0.959285,0.495641,0.862943,0.852397,0.408980,0.592142,0.622454,0.456968,0.374687,0.892995,0.471562,0.476762,0.484181,0.613996,0.570477,0.608854,0.823251,0.424907,0.810177,0.511947,0.933996,0.439248,0.734521,0.466773,0.633794,0.457268,0.878648,0.512098,0.813227,0.346351,0.504138,0.838367
0.547988,0.680914,0.720011,0.482508,0.496094,0.832838,0.474014,0.453996,0.732740,0.600410,0.805792,0.861923,0.000000,0.811913,0.799929,0.867013,0.348123,0.857713,0.754025,0.712789,0.829423,0.537572,0.460749,0.791527,0.491904,0.682163,0.547410,0.834620,0.490539,0.593790,0.844334,0.639611,0.589073,0.724834,0.759349,0.837127,0.852482,0.823127,0.815620,0.534364,0.525508,0.874071,0.851035,0.905511,0.705191,0.506465,0.834563,0.850667,0.833719,0.814754,0.507356,0.806999,0.841114,0.669706,0.541616,0.542847,0.863502,0.774400,0.787995,0.823106,0.796976,0.869809,0.858207,0.855876,0.847923,0.485470,0.885551,0.432344,0.777221,0.510749,0.813166,0.415946,0.398617,0.880602,0.622896,0.644667,0.820491,0.836017,0.568451,0.945454,0.802522,0.854216,0.911807,0.829243,0.841457,0.516917,0.850412,0.470815,0.828965,0.490389,0.837852,0.456744,0.871285,0.804561,0.785477,0.451223,0.793172,0.483246,0.857135,0.842792,0.626586
0.548200,0.467039,0.369208,0.818241,0.819561,0.361790,0.817919,0.828945,0.502933,0.682860,0.417995,0.421198,0.811913,0.000000,0.329065,0.326150,0.817756,0.341235,0.152667,0.391801,0.461941,0.738739,0.867991,0.342059,0.796878,0.551551,0.498723,0.413383,0.778697,0.829083,0.368576,0.526202,0.770753,0.515316,0.639766,0.424213,0.649608,0.459179,0.564020,0.813080,0.649638,0.441786,0.316834,0.388788,0.504017,0.684491,0.430563,0.651065,0.368362,0.383038,0.807770,0.439810,0.360550,0.595383,0.634025,0.648599,0.254137,0.294516,0.277576,0.318176,0.375958,0.327617,0.418400,0.509937,0.331104,0.868605,0.440144,0.873654,0.514914,0.872223,0.298740,0.733476,0.757657,0.629484,0.424602,0.561426,0.404886,0.219376,0.854238,0.451062,0.317235,0.635252,0.566339,0.422532,0.694858,0.851421,0.657529,0.817869,0.411532,0.853462,0.635428,0.692345,0.425151,0.456566,0.308519,0.836051,0.378337,0.811702,0.247195,0.568332,0.722767
0.551257,0.437774,0.467135,0.753190,0.843386,0.365974,0.801087,0.845708,0.567653,0.692828,0.380497,0.352667,0.799929,0.329065,0.000000,0.258965,0.829868,0.376223,0.361700,0.404870,0.420799,0.768065,0.828183,0.451432,0.795528,0.553222,0.536874,0.383727,0.708656,0.802542,0.402459,0.581263,0.740706,0.622476,0.580927,0.432036,0.437077,0.480443,0.466554,0.822042,0.723659,0.399668,0.251216,0.341411,0.630914,0.664649,0.408679,0.415451,0.474278,0.419390,0.799760,0.451169,0.476202,0.674586,0.642803,0.629954,0.342079,0.321076,0.242789,0.404242,0.395566,0.396554,0.347861,0.547370,0.209266,0.803657,0.549308,0.865817,0.587101,0.854933,0.487369,0.773953,0.732364,0.514229,0.513938,0.586642,0.450832,0.383507,0.776181,0.482164,0.336698,0.480383,0.461916,0.532194,0.644179,0.835565,0.440692,0.725774,0.466806,0.835022,0.565251,0.660747,0.420428,0.541773,0.288244,0.852737,0.465291,0.771710,0.367810,0.494095,0.708516
0.551569,0.397667,0.470137,0.842218,0.874240,0.386995,0.870782,0.881135,0.579157,0.687044,0.413932,0.190834,0.867013,0.326150,0.258965,0.000000,0.865482,0.387354,0.408600,0.483621,0.432044,0.777302,0.874545,0.429070,0.886123,0.620517,0.557010,0.391372,0.851837,0.863850,0.345298,0.648094,0.780734,0.630137,0.602846,0.506053,0.450148,0.561546,0.463844,0.829131,0.753699,0.321510,0.360946,0.172486,0.651738,0.768217,0.385042,0.436733,0.429745,0.451522,0.873415,0.413894,0.503834,0.757199,0.734530,0.680478,0.370698,0.410181,0.314209,0.379347,0.436615,0.231435,0.380523,0.549098,0.215678,0.899044,0.531608,0.950694,0.609045,0.922150,0.443959,0.823108,0.819087,0.516903,0.559432,0.633111,0.403209,0.385418,0.857144,0.416827,0.424365,0.492802,0.516012,0.550617,0.708940,0.850143,0.486271,0.822547,0.523063,0.924171,0.548753,0.723987,0.504720,0.578676,0.361511,0.839852,0.461100,0.792094,0.359033,0.492299,0.778595
0.558294,0.661022,0.774873,0.424294,0.495204,0.845820,0.546206,0.496694,0.835608,0.597598,0.807854,0.841924,0.348123,0.817756,0.829868,0.865482,0.000000,0.876157,0.802192,0.703442,0.828261,0.470843,0.455522,0.847462,0.616654,0.810320,0.732200,0.897683,0.463692,0.519837,0.841552,0.714505,0.566383,0.713665,0.798315,0.867090,0.891531,0.865024,0.884212,0.509191,0.667532,0.887661,0.861128,0.855319,0.773685,0.617957,0.859738,0.871492,0.864522,0.822969,0.597969,0.914637,0.823318,0.756094,0.741890,0.744149,0.878662,0.814591,0.809431,0.869685,0.840806,0.856521,0.862273,0.872618,0.844510,0.525399,0.815723,0.507205,0.718986,0.566526,0.814688,0.515934,0.519398,0.890204,0.731591,0.773516,0.876385,0.844570,0.693313,0.977522,0.815847,0.926023,0.942159,0.826877,0.802718,0.590249,0.903654,0.566939,0.820086,0.497761,0.889664,0.634295,0.917578,0.865705,0.809429,0.511731,0.861259,0.450796,0.893822,0.895257,0.675027
0.563785,0.421293,0.381516,0.844619,0.849814,0.416081,0.854330,0.824177,0.540649,0.689368,0.426827,0.368209,0.857713,0.341235,0.376223,0.387354,0.876157,0.000000,0.315314,0.517439,0.494313,0.870086,0.916113,0.343961,0.889553,0.495296,0.569894,0.406089,0.823693,0.890156,0.437639,0.490428,0.854700,0.595864,0.674281,0.429819,0.636425,0.465210,0.467759,0.835955,0.753110,0.477073,0.354216,0.459292,0.630428,0.736638,0.462234,0.558694,0.377855,0.456056,0.811682,0.459749,0.502545,0.723248,0.689572,0.643621,0.315631,0.365210,0.400825,0.376656,0.410823,0.423230,0.443701,0.426157,0.347187,0.851242,0.555887,0.906212,0.649812,0.917082,0.511736,0.819180,0.849153,0.493469,0.551378,0.508102,0.346257,0.297985,0.847587,0.436683,0.396225,0.535960,0.562168,0.573481,0.590506,0.799062,0.588908,0.837362,0.524268,0.914099,0.519846,0.736909,0.401016,0.613911,0.445418,0.858459,0.380574,0.878260,0.295752,0.488288,0.764031
0.568085,0.395582,0.376152,0.777851,0.788626,0.329358,0.811076,0.798526,0.462170,0.648947,0.319567,0.422757,0.754025,0.152667,0.361700,0.408600,0.802192,0.315314,0.000000,0.403670,0.438664,0.762798,0.829167,0.357532,0.777156,0.491778,0.475577,0.458993,0.728313,0.840178,0.465011,0.478639,0.766777,0.527343,0.675255,0.404065,0.668271,0.476995,0.525024,0.788799,0.634268,0.532501,0.332220,0.515522,0.498139,0.625223,0.475056,0.671638,0.404422,0.421270,0.812659,0.485198,0.379698,0.570050,0.593403,0.575873,0.258417,0.277380,0.345428,0.358089,0.390787,0.433180,0.413112,0.498486,0.404758,0.840759,0.546325,0.834572,0.572848,0.861391,0.430294,0.680592,0.740000,0.563196,0.431898,0.516540,0.404197,0.221433,0.847444,0.512697,0.297365,0.620702,0.699286,0.455742,0.625638,0.812930,0.657013,0.773972,0.435425,0.865808,0.586970,0.670979,0.357573,0.483467,0.370416,0.810211,0.416441,0.804434,0.242157,0.549291,0.716614
0.569072,0.531342,0.514216,0.686788,0.728295,0.391768,0.751730,0.777448,0.534890,0.565020,0.445844,0.513131,0.712789,0.391801,0.404870,0.483621,0.703442,0.517439,0.403670,0.000000,0.408604,0.702508,0.711308,0.538357,0.692447,0.566617,0.539324,0.551362,0.662577,0.820317,0.538646,0.611983,0.774663,0.346330,0.722571,0.557736,0.734611,0.618408,0.668935,0.763543,0.594909,0.506700,0.392677,0.577261,0.536447,0.497533,0.580527,0.730658,0.576253,0.503382,0.787280,0.556566,0.462223,0.695903,0.637500,0.593714,0.469750,0.408132,0.407332,0.467643,0.535425,0.548660,0.425682,0.664325,0.456883,0.727751,0.664123,0.802286,0.626085,0.858330,0.485997,0.680139,0.684105,0.771836,0.497276,0.586970,0.575153,0.469510,0.803222,0.608614,0.442058,0.753534,0.693168,0.513121,0.779081,0.754376,0.759789,0.612235,0.491703,0.709698,0.794662,0.656048,0.572762,0.556820,0.396319,0.804070,0.563477,0.737290,0.476788,0.690552,0.744372
0.570517,0.471120,0.665766,0.785121,0.851099,0.228422,0.828433,0.881455,0.633133,0.745025,0.213304,0.381123,0.829423,0.461941,0.420799,0.432044,0.828261,0.494313,0.438664,0.408604,0.000000,0.756395,0.844847,0.607625,0.816299,0.641047,0.680018,0.572724,0.770616,0.822339,0.573424,0.606873,0.879115,0.502751,0.685389,0.391901,0.597692,0.582326,0.665150,0.875106,0.717798,0.507386,0.449118,0.510008,0.661089,0.743468,0.512366,0.612768,0.608471,0.520894,0.885045,0.612742,0.592596,0.807207,0.738945,0.657971,0.467839,0.481948,0.512185,0.535800,0.613578,0.465908,0.335218,0.539159,0.442583,0.828221,0.636257,0.917451,0.654450,0.958581,0.550341,0.822045,0.822242,0.585199,0.647566,0.668025,0.640050,0.437953,0.902299,0.625225,0.492638,0.711199,0.670569,0.704698,0.668263,0.835889,0.608604,0.817485,0.548478,0.903749,0.584384,0.693234,0.393658,0.726366,0.498755,0.827814,0.627084,0.759408,0.444994,0.672921,0.742785
0.571880,0.694321,0.747467,0.708664,0.681103,0.737739,0.698655,0.678225,0.844008,0.664118,0.760048,0.815130,0.537572,0.738739,0.768065,0.777302,0.470843,0.870086,0.762798,0.702508,0.756395,0.000000,0.581969,0.779225,0.711765,0.839922,0.732775,0.842439,0.676472,0.715556,0.773634,0.749833,0.576042,0.760698,0.756684,0.817455,0.799613,0.740520,0.815864,0.685415,0.715117,0.850975,0.841683,0.818640,0.801722,0.784444,0.772381,0.830741,0.799282,0.764003,0.807719,0.776202,0.797047,0.842617,0.764722,0.826274,0.784508,0.786828,0.766300,0.766567,0.718256,0.824780,0.797985,0.824138,0.789094,0.634341,0.845032,0.736601,0.774503,0.595016,0.780470,0.727092,0.672248,0.845821,0.726305,0.818313,0.826766,0.827835,0.795663,0.848407,0.791539,0.830709,0.834037,0.840659,0.741946,0.736295,0.820654,0.718514,0.798781,0.662471,0.859403,0.699345,0.846281,0.870961,0.812178,0.637877,0.812545,0.613801,0.865484,0.847227,0.713506
0.571880,0.742562,0.778018,0.424725,0.438954,0.825192,0.443193,0.460114,0.870243,0.639127,0.840814,0.858268,0.460749,0.867991,0.828183,0.874545,0.455522,0.916113,0.829167,0.711308,0.844847,0.581969,0.000000,0.911834,0.524403,0.798648,0.744287,0.926159,0.430675,0.576621,0.872996,0.812121,0.665104,0.691561,0.843669,0.871575,0.802943,0.905832,0.800936,0.544018,0.681236,0.870720,0.864241,0.917556,0.782293,0.620093,0.850610,0.805351,0.887997,0.870534,0.574233,0.811918,0.920722,0.693629,0.752750,0.751042,0.941142,0.837400,0.873283,0.836409,0.881129,0.896541,0.880742,0.948216,0.883772,0.485276,0.889655,0.619142,0.718422,0.613706,0.883655,0.620895,0.582984,0.895972,0.775452,0.803597,0.917148,0.930944,0.620756,0.968342,0.811362,0.868710,0.887204,0.828174,0.903324,0.657950,0.798365,0.597740,0.873067,0.455256,0.865487,0.705439,0.913377,0.828895,0.842329,0.631997,0.846346,0.600739,0.948369,0.824344,0.735702
0.574642,0.522509,0.236840,0.792746,0.734356,0.489559,0.789324,0.679431,0.525777,0.650867,0.528694,0.483967,0.791527,0.342059,0.451432,0.429070,0.847462,0.343961,0.357532,0.538357,0.607625,0.779225,0.911834,0.000000,0.838268,0.448664,0.384920,0.467298,0.844640,0.936511,0.265656,0.465477,0.799344,0.710263,0.694844,0.503233,0.653344,0.463669,0.481663,0.783795,0.755600,0.492121,0.476361,0.451624,0.594809,0.655702,0.356680,0.632714,0.119381,0.384524,0.814731,0.408435,0.474118,0.632487,0.573092,0.571397,0.401183,0.334674,0.397182,0.293332,0.255319,0.441216,0.573305,0.414220,0.459313,0.896669,0.609042,0.825876,0.683773,0.867163,0.556909,0.744571,0.798023,0.602345,0.466993,0.380199,0.149124,0.395705,0.855737,0.449517,0.421926,0.602886,0.588999,0.466978,0.679026,0.823123,0.647584,0.772649,0.551542,0.838335,0.594266,0.652559,0.467587,0.498838,0.478663,0.872941,0.357229,0.838335,0.407143,0.544954,0.718954
0.575048,0.725303,0.746767,0.616088,0.676321,0.791472,0.526136,0.648890,0.616585,0.615498,0.796824,0.883962,0.491904,0.796878,0.795528,0.886123,0.616654,0.889553,0.777156,0.692447,0.816299,0.711765,0.524403,0.838268,0.000000,0.690397,0.595366,0.803793,0.613387,0.666172,0.829846,0.744195,0.567651,0.676685,0.769427,0.820927,0.840193,0.867358,0.802735,0.516517,0.513034,0.830385,0.771763,0.883398,0.551359,0.513456,0.820230,0.842962,0.852787,0.842264,0.487694,0.826172,0.744033,0.571655,0.542227,0.615260,0.895890,0.829809,0.838314,0.847320,0.827028,0.854163,0.831154,0.786994,0.812612,0.628168,0.860369,0.489345,0.736921,0.513365,0.731771,0.374723,0.476169,0.914093,0.681453,0.704482,0.843535,0.852571,0.562583,0.856355,0.820315,0.842323,0.879602,0.758667,0.860155,0.683330,0.834569,0.559258,0.672228,0.578615,0.862628,0.617520,0.817732,0.703501,0.791574,0.468034,0.824350,0.580962,0.844012,0.806113,0.590968
0.580400,0.573104,0.512815,0.718257,0.664488,0.595037,0.711237,0.698024,0.575378,0.638179,0.616045,0.613959,0.682163,0.551551,0.553222,0.620517,0.810320,0.495296,0.491778,0.566617,0.641047,0.839922,0.798648,0.448664,0.690397,0.000000,0.548872,0.507598,0.706573,0.855547,0.555226,0.478878,0.762571,0.632546,0.584602,0.591888,0.560925,0.681539,0.490541,0.719514,0.682821,0.591569,0.563384,0.621155,0.593924,0.553501,0.612110,0.565683,0.455943,0.588640,0.690784,0.575034,0.557530,0.541392,0.536328,0.379580,0.497683,0.480420,0.574692,0.541392,0.562937,0.643551,0.620120,0.493888,0.564151,0.816415,0.741873,0.789150,0.565393,0.806998,0.697122,0.615477,0.602219,0.534628,0.553803,0.098811,0.515303,0.543199,0.642950,0.545941,0.469729,0.539183,0.533397,0.471094,0.693182,0.686146,0.621804,0.587662,0.494940,0.733961,0.564281,0.612774,0.561325,0.466879,0.617460,0.764865,0.463555,0.703062,0.551178,0.478001,0.641962
0.580781,0.548424,0.263365,0.662471,0.712085,0.630107,0.708046,0.720346,0.513493,0.577878,0.663157,0.630289,0.547410,0.498723,0.536874,0.557010,0.732200,0.569894,0.475577,0.539324,0.680018,0.732775,0.744287,0.384920,0.595366,0.548872,0.000000,0.523990,0.719667,0.793122,0.424143,0.460756,0.740365,0.665688,0.745479,0.619049,0.791869,0.651897,0.682893,0.679655,0.494407,0.639555,0.594778,0.601057,0.522045,0.458071,0.553300,0.779629,0.404938,0.489555,0.584136,0.549313,0.567323,0.641311,0.200767,0.432788,0.514398,0.580947,0.471683,0.492286,0.401288,0.621492,0.627394,0.592943,0.535854,0.713144,0.743544,0.631149,0.780030,0.701737,0.563915,0.556207,0.490712,0.751658,0.379649,0.592643,0.439101,0.519806,0.558852,0.546705,0.593401,0.698961,0.675842,0.573421,0.822646,0.565734,0.765292,0.616709,0.604942,0.658848,0.756090,0.444840,0.617988,0.577639,0.505006,0.595161,0.518427,0.699635,0.537387,0.704153,0.644377
0.583251,0.518713,0.428628,0.832877,0.859529,0.590543,0.868273,0.868692,0.580404,0.698748,0.611469,0.445388,0.834620,0.413383,0.383727,0.391372,0.897683,0.406089,0.458993,0.551362,0.572724,0.842439,0.926159,0.467298,0.803793,0.507598,0.523990,0.000000,0.778387,0.903574,0.407379,0.526814,0.774197,0.667147,0.630341,0.554009,0.601036,0.607380,0.497992,0.854390,0.676541,0.462275,0.410547,0.366983,0.675331,0.653879,0.554510,0.452112,0.509609,0.408503,0.811127,0.495450,0.541370,0.688137,0.626465,0.590912,0.356874,0.458743,0.341916,0.448532,0.412420,0.403015,0.518738,0.450280,0.418561,0.825092,0.553121,0.852764,0.655542,0.849715,0.534361,0.798100,0.733621,0.566560,0.460889,0.572948,0.462098,0.424625,0.756670,0.380013,0.471579,0.442371,0.423597,0.527878,0.640286,0.774020,0.540618,0.770459,0.476153,0.856607,0.600627,0.651806,0.532643,0.541231,0.348469,0.835763,0.397510,0.828452,0.388999,0.544398,0.739086
0.584059,0.725566,0.742687,0.432936,0.495547,0.700942,0.434074,0.465345,0.855720,0.585409,0.705576,0.789147,0.490539,0.778697,0.708656,0.851837,0.463692,0.823693,0.728313,0.662577,0.770616,0.676472,0.430675,0.844640,0.613387,0.706573,0.719667,0.778387,0.000000,0.578442,0.854472,0.703149,0.713216,0.624949,0.829148,0.822250,0.776764,0.880081,0.742246,0.607897,0.672145,0.834276,0.816902,0.887437,0.840365,0.617577,0.855828,0.750499,0.862243,0.836392,0.642559,0.859962,0.822116,0.708523,0.670101,0.689768,0.830376,0.771808,0.827181,0.829748,0.838753,0.857510,0.765825,0.849516,0.850742,0.392061,0.881902,0.680187,0.630414,0.662786,0.835760,0.629613,0.588273,0.790858,0.766259,0.715196,0.862315,0.850834,0.670321,0.851008,0.779878,0.784209,0.791714,0.818104,0.826103,0.624401,0.759967,0.533934,0.796536,0.497958,0.757939,0.675397,0.855238,0.821187,0.796991,0.619371,0.775614,0.550601,0.848045,0.784235,0.616524
0.584720,0.729753,0.737697,0.540636,0.636242,0.814885,0.661096,0.599280,0.853126,0.638206,0.825112,0.870895,0.593790,0.829083,0.802542,0.863850,0.519837,0.890156,0.840178,0.820317,0.822339,0.715556,0.576621,0.936511,0.666172,0.855547,0.793122,0.903574,0.578442,0.000000,0.844893,0.802285,0.613536,0.761748,0.790297,0.878487,0.781136,0.922141,0.901765,0.528556,0.721855,0.844602,0.846818,0.901353,0.846598,0.742016,0.884608,0.840485,0.945193,0.845208,0.598098,0.908946,0.854002,0.712073,0.791741,0.841521,0.905662,0.883321,0.832879,0.900323,0.840180,0.931848,0.834147,0.954808,0.838935,0.664073,0.859928,0.539312,0.809616,0.694942,0.768694,0.593277,0.660539,0.841498,0.850110,0.858388,0.916330,0.913997,0.654950,0.902981,0.869777,0.869584,0.860448,0.873302,0.809585,0.692724,0.810394,0.684238,0.848992,0.582993,0.855668,0.787333,0.898024,0.829823,0.819425,0.640198,0.909723,0.549977,0.900186,0.902548,0.670498
0.585637,0.505635,0.322608,0.820965,0.796647,0.531098,0.841626,0.821684,0.577477,0.637519,0.548021,0.447935,0.844334,0.368576,0.402459,0.345298,0.841552,0.437639,0.465011,0.538646,0.573424,0.773634,0.872996,0.265656,0.829846,0.555226,0.424143,0.407379,0.854472,0.844893,0.000000,0.559615,0.776768,0.711407,0.671526,0.614395,0.636449,0.531181,0.635641,0.794288,0.712892,0.417217,0.454371,0.326770,0.627128,0.703451,0.302697,0.566491,0.269834,0.339114,0.813561,0.375392,0.439854,0.726880,0.629070,0.643837,0.420749,0.463914,0.330452,0.309583,0.260027,0.371546,0.516939,0.435001,0.346772,0.879174,0.566809,0.872658,0.721661,0.873456,0.454567,0.803000,0.751609,0.687114,0.473678,0.595296,0.347931,0.443844,0.834491,0.355028,0.478079,0.684733,0.488801,0.459033,0.701579,0.828486,0.585271,0.779661,0.499690,0.811939,0.707586,0.694629,0.580391,0.483438,0.405921,0.846212,0.395644,0.823591,0.442048,0.654736,0.751405
0.586807,0.538667,0.408903,0.711573,0.639104,0.661919,0.759724,0.658216,0.599902,0.678118,0.641028,0.637733,0.639611,0.526202,0.581263,0.648094,0.714505,0.490428,0.478639,0.611983,0.606873,0.749833,0.812121,0.465477,0.744195,0.478878,0.460756,0.526814,0.703149,0.802285,0.559615,0.000000,0.795728,0.651071,0.659332,0.502485,0.789543,0.553666,0.600448,0.750273,0.612024,0.696449,0.565332,0.686288,0.645114,0.620695,0.733249,0.707183,0.498127,0.499129,0.770598,0.560212,0.626266,0.553125,0.480797,0.367232,0.502408,0.546436,0.552157,0.646611,0.529892,0.669260,0.674179,0.434050,0.638707,0.711261,0.642476,0.775825,0.655103,0.815445,0.733199,0.668733,0.661910,0.655040,0.512116,0.496739,0.455706,0.461858,0.780574,0.600392,0.543298,0.663480,0.663206,0.516610,0.592503,0.651473,0.809329,0.688696,0.577293,0.745724,0.675081,0.590264,0.489058,0.518332,0.594808,0.705777,0.502108,0.728373,0.512785,0.604107,0.675912
0.587906,0.735854,0.735265,0.716054,0.784491,0.817184,0.692058,0.729840,0.751904,0.717667,0.844793,0.796865,0.589073,0.770753,0.740706,0.780734,0.566383,0.854700,0.766777,0.774663,0.879115,0.576042,0.665104,0.799344,0.567651,0.762571,0.740365,0.774197,0.713216,0.613536,0.776768,0.795728,0.000000,0.779926,0.765273,0.796027,0.754833,0.784194,0.732246,0.543945,0.722000,0.822831,0.763165,0.808393,0.736177,0.710728,0.802213,0.792791,0.833663,0.780827,0.661292,0.840917,0.720719,0.600813,0.784608,0.810917,0.828961,0.779951,0.769504,0.808693,0.750873,0.826965,0.815492,0.859475,0.778370,0.707277,0.740270,0.556893,0.752459,0.518582,0.737944,0.603891,0.645746,0.820718,0.779498,0.764952,0.855560,0.843156,0.660656,0.851759,0.781322,0.775820,0.846085,0.697813,0.743364,0.806516,0.774182,0.634579,0.743090,0.698006,0.811013,0.809976,0.808070,0.701125,0.746591,0.633232,0.888240,0.656567,0.855571,0.761725,0.720982
0.589429,0.666033,0.670968,0.662287,0.681767,0.508062,0.684469,0.675007,0.616769,0.596752,0.551230,0.589600,0.724834,0.515316,0.622476,0.630137,0.713665,0.595864,0.527343,0.346330,0.502751,0.760698,0.691561,0.710263,0.676685,0.632546,0.665688,0.667147,0.624949,0.761748,0.711407,0.651071,0.779926,0.000000,0.797992,0.587921,0.782294,0.696203,0.703302,0.718090,0.659884,0.671383,0.535692,0.718034,0.627426,0.548960,0.763241,0.758466,0.755747,0.665133,0.758826,0.691913,0.595654,0.720926,0.697236,0.664771,0.628347,0.559019,0.617877,0.664502,0.724241,0.687460,0.536038,0.723209,0.616460,0.691696,0.713908,0.774142,0.644096,0.846001,0.538222,0.667778,0.719276,0.791375,0.612085,0.637107,0.722908,0.617328,0.760290,0.727733,0.583132,0.757459,0.771555,0.643850,0.773780,0.732113,0.808081,0.650232,0.632875,0.722361,0.828973,0.757593,0.624906,0.650192,0.577869,0.753490,0.690126,0.705992,0.629324,0.716671,0.721807
0.589487,0.609508,0.659978,0.760628,0.867258,0.664325,0.850372,0.848783,0.666679,0.807035,0.703713,0.652557,0.759349,0.639766,0.580927,0.602846,0.798315,0.674281,0.675255,0.722571,0.685389,0.756684,0.843669,0.694844,0.769427,0.584602,0.745479,0.630341,0.829148,0.790297,0.671526,0.659332,0.765273,0.797992,0.000000,0.591772,0.630449,0.665179,0.622959,0.776658,0.797733,0.625707,0.708924,0.594297,0.727596,0.695852,0.687408,0.592363,0.713718,0.647998,0.793588,0.618304,0.683602,0.634835,0.752269,0.623837,0.656418,0.719596,0.619003,0.763051,0.697311,0.652610,0.693942,0.650717,0.608415,0.879876,0.691162,0.835052,0.655126,0.788839,0.715851,0.749087,0.685432,0.628685,0.735118,0.626684,0.708363,0.715751,0.721465,0.609562,0.731026,0.576774,0.537470,0.626241,0.733597,0.831714,0.675267,0.785893,0.677756,0.821884,0.663097,0.734784,0.584863,0.645628,0.669647,0.792114,0.651125,0.717744,0.707977,0.613179,0.688961
0.593143,0.516891,0.485625,0.881325,0.826428,0.424463,0.817691,0.854025,0.586865,0.692169,0.459642,0.482722,0.837127,0.424213,0.432036,0.506053,0.867090,0.429819,0.404065,0.557736,0.391901,0.817455,0.871575,0.503233,0.820927,0.591888,0.619049,0.554009,0.822250,0.878487,0.614395,0.502485,0.796027,0.587921,0.591772,0.000000,0.635530,0.403439,0.545459,0.883621,0.840739,0.572615,0.484346,0.549938,0.611867,0.698798,0.613607,0.575948,0.539513,0.502699,0.920814,0.626157,0.615392,0.636015,0.676543,0.663063,0.416543,0.514171,0.501578,0.563219,0.516900,0.540516,0.467604,0.468933,0.498645,0.840998,0.620279,0.857020,0.692294,0.917596,0.660743,0.770705,0.773859,0.529593,0.646972,0.611654,0.532002,0.407909,0.891964,0.552967,0.509283,0.566098,0.627855,0.616596,0.728390,0.833810,0.667606,0.806088,0.592073,0.877821,0.531826,0.719470,0.081932,0.636852,0.524317,0.841321,0.564757,0.808288,0.452460,0.552554,0.677683
0.593793,0.555947,0.718953,0.786759,0.839820,0.548263,0.847250,0.839008,0.673932,0.806441,0.591985,0.437210,0.852482,0.649608,0.437077,0.450148,0.891531,0.636425,0.668271,0.734611,0.597692,0.799613,0.802943,0.653344,0.840193,0.560925,0.791869,0.601036,0.776764,0.781136,0.636449,0.789543,0.754833,0.782294,0.630449,0.635530,0.000000,0.732496,0.305120,0.858321,0.816127,0.501663,0.656844,0.531280,0.755734,0.820859,0.568110,0.202356,0.663128,0.667674,0.854310,0.605236,0.743213,0.699930,0.818200,0.693156,0.575059,0.683211,0.630002,0.627938,0.699317,0.638470,0.607866,0.723747,0.539031,0.918475,0.804379,0.959405,0.594877,0.848316,0.733003,0.857626,0.827712,0.319550,0.746570,0.596524,0.656930,0.647381,0.806024,0.629829,0.678409,0.249256,0.535240,0.659510,0.663302,0.864429,0.165783,0.796918,0.668611,0.922544,0.369088,0.814596,0.653634,0.662280,0.659954,0.882207,0.692778,0.794246,0.633165,0.312307,0.684822
0.594583,0.610436,0.465167,0.864485,0.811033,0.464081,0.819939,0.819134,0.628314,0.670336,0.531383,0.488034,0.823127,0.459179,0.480443,0.561546,0.865024,0.465210,0.476995,0.618408,0.582326,0.740520,0.905832,0.463669,0.867358,0.681539,0.651897,0.607380,0.880081,0.922141,0.531181,0.553666,0.784194,0.696203,0.665179,0.403439,0.732496,0.000000,0.613224,0.878611,0.796793,0.652346,0.514753,0.582657,0.638709,0.753365,0.507396,0.634398,0.537225,0.537065,0.929803,0.608144,0.549157,0.684756,0.716607,0.711547,0.515688,0.556543,0.543743,0.529910,0.463021,0.565668,0.544075,0.506703,0.549197,0.871028,0.543231,0.901231,0.721775,0.917918,0.641183,0.846378,0.893002,0.599215,0.660898,0.669252,0.527049,0.475304,0.955040,0.584390,0.590707,0.642549,0.651719,0.576059,0.657639,0.827992,0.709159,0.811585,0.655605,0.885611,0.595259,0.788280,0.431158,0.594137,0.608192,0.917395,0.589054,0.899518,0.539840,0.622551,0.742670
0.595821,0.592440,0.597019,0.773119,0.833181,0.546341,0.835510,0.801417,0.547880,0.744115,0.604763,0.474009,0.815620,0.564020,0.466554,0.463844,0.884212,0.467759,0.525024,0.668935,0.665150,0.815864,0.800936,0.481663,0.802735,0.490541,0.682893,0.497992,0.742246,0.901765,0.635641,0.600448,0.732246,0.703302,0.622959,0.545459,0.305120,0.613224,0.000000,0.764798,0.720300,0.509249,0.564372,0.573994,0.666770,0.675442,0.587412,0.292483,0.559541,0.641827,0.819262,0.611951,0.660270,0.586995,0.727787,0.590593,0.561568,0.553924,0.571221,0.542128,0.601497,0.572823,0.669223,0.592824,0.561093,0.838628,0.715618,0.938416,0.519131,0.822960,0.690792,0.782665,0.770997,0.357380,0.646507,0.456046,0.522564,0.572774,0.837185,0.580962,0.591820,0.162034,0.561351,0.576171,0.653515,0.813686,0.356000,0.703039,0.608093,0.941693,0.387200,0.799695,0.533189,0.583549,0.615125,0.829409,0.501346,0.777093,0.544248,0.088441,0.635483
0.596381,0.758503,0.718862,0.569668,0.642333,0.813869,0.637946,0.574579,0.756283,0.620591,0.813052,0.857740,0.534364,0.813080,0.822042,0.829131,0.509191,0.835955,0.788799,0.763543,0.875106,0.685415,0.544018,0.783795,0.516517,0.719514,0.679655,0.854390,0.607897,0.528556,0.794288,0.750273,0.543945,0.718090,0.776658,0.883621,0.858321,0.878611,0.764798,0.000000,0.630525,0.838567,0.809922,0.847794,0.696807,0.624358,0.880368,0.809313,0.792481,0.823034,0.501582,0.831480,0.767362,0.642354,0.679684,0.673350,0.879125,0.805278,0.803253,0.877294,0.787893,0.871664,0.845735,0.809568,0.841855,0.585717,0.868128,0.448267,0.736543,0.590660,0.826346,0.467122,0.509256,0.864877,0.774405,0.714041,0.806760,0.851218,0.541840,0.868296,0.805027,0.823520,0.850723,0.795486,0.797120,0.669355,0.856419,0.525010,0.790401,0.570115,0.885726,0.711173,0.877159,0.725256,0.790383,0.539978,0.796086,0.367862,0.839149,0.786768,0.636154
0.596603,0.650992,0.669319,0.668818,0.664220,0.687981,0.669094,0.684073,0.478749,0.527980,0.723982,0.786680,0.525508,0.649638,0.723659,0.753699,0.667532,0.753110,0.634268,0.594909,0.717798,0.715117,0.681236,0.755600,0.513034,0.682821,0.494407,0.676541,0.672145,0.721855,0.712892,0.612024,0.722000,0.659884,0.797733,0.840739,0.816127,0.796793,0.720300,0.630525,0.000000,0.798965,0.701983,0.764654,0.474133,0.493620,0.817543,0.859664,0.764769,0.725268,0.551795,0.755338,0.664054,0.701026,0.499145,0.532635,0.703885,0.699571,0.690821,0.788844,0.741629,0.737732,0.743090,0.786898,0.728566,0.646139,0.743495,0.599326,0.690923,0.668059,0.611105,0.509878,0.452109,0.824810,0.567357,0.726760,0.778121,0.713235,0.580122,0.763914,0.691946,0.783956,0.875258,0.745998,0.757521,0.613846,0.826012,0.664642,0.551916,0.652961,0.825542,0.531951,0.868321,0.734223,0.621753,0.575508,0.699028,0.639748,0.721274,0.746348,0.708412
0.596914,0.500464,0.542888,0.819476,0.861715,0.530796,0.828731,0.885732,0.646083,0.737310,0.575878,0.413934,0.874071,0.441786,0.399668,0.321510,0.887661,0.477073,0.532501,0.506700,0.507386,0.850975,0.870720,0.492121,0.830385,0.591569,0.639555,0.462275,0.834276,0.844602,0.417217,0.696449,0.822831,0.671383,0.625707,0.572615,0.501663,0.652346,0.509249,0.838567,0.798965,0.000000,0.443832,0.366532,0.685097,0.709649,0.393142,0.472082,0.514647,0.484939,0.825511,0.510793,0.555311,0.775549,0.736552,0.677566,0.462285,0.512350,0.456797,0.390227,0.491283,0.425859,0.496074,0.558814,0.364352,0.858172,0.562201,0.951922,0.618363,0.950281,0.559134,0.837000,0.813655,0.597019,0.564086,0.604533,0.555289,0.476312,0.824017,0.427735,0.538021,0.505680,0.471429,0.527838,0.721232,0.864284,0.502524,0.766982,0.617088,0.917341,0.630265,0.738946,0.575649,0.581498,0.484602,0.870775,0.575179,0.829057,0.465893,0.501158,0.763782
0.597253,0.494743,0.488626,0.808308,0.899637,0.422901,0.845101,0.920260,0.571085,0.731882,0.439379,0.416040,0.851035,0.316834,0.251216,0.360946,0.861128,0.354216,0.332220,0.392677,0.449118,0.841683,0.864241,0.476361,0.771763,0.563384,0.594778,0.410547,0.816902,0.846818,0.454371,0.565332,0.763165,0.535692,0.708924,0.484346,0.656844,0.514753,0.564372,0.809922,0.701983,0.443832,0.000000,0.416032,0.592529,0.693075,0.462396,0.593908,0.503370,0.389320,0.845384,0.536805,0.416005,0.685655,0.670334,0.669070,0.360235,0.245860,0.232636,0.371579,0.405676,0.426191,0.418008,0.515538,0.281671,0.879684,0.543014,0.861991,0.623645,0.858504,0.442359,0.784500,0.767578,0.640772,0.504461,0.588448,0.481218,0.331325,0.893592,0.492368,0.251619,0.644632,0.550337,0.486253,0.629633,0.870629,0.605755,0.780040,0.476448,0.877566,0.679432,0.732671,0.481135,0.518092,0.196148,0.862859,0.479320,0.846156,0.330624,0.583827,0.780760
0.597601,0.453889,0.509890,0.877050,0.860677,0.497191,0.897504,0.873836,0.582238,0.694653,0.499412,0.300535,0.905511,0.388788,0.341411,0.172486,0.855319,0.459292,0.515522,0.577261,0.510008,0.818640,0.917556,0.451624,0.883398,0.621155,0.601057,0.366983,0.887437,0.901353,0.326770,0.686288,0.808393,0.718034,0.594297,0.549938,0.531280,0.582657,0.573994,0.847794,0.764654,0.366532,0.416032,0.000000,0.613823,0.772345,0.401565,0.451443,0.427738,0.440897,0.883394,0.432642,0.523474,0.735858,0.746605,0.720895,0.356087,0.496234,0.349417,0.423065,0.411503,0.111525,0.365178,0.507833,0.243521,0.935445,0.469327,0.941169,0.673086,0.953520,0.441201,0.823167,0.802742,0.530611,0.582930,0.658893,0.460047,0.450508,0.780837,0.403737,0.514413,0.535117,0.418622,0.549195,0.766345,0.857861,0.552127,0.856266,0.478537,0.933278,0.632904,0.691769,0.552023,0.561945,0.390730,0.846464,0.464336,0.847261,0.410421,0.593234,0.829389
