0.000000,0.194073,0.426517,0.471035,0.489244,0.510380,0.524144,0.527553,0.531024,0.535494,0.536116,0.537486,0.540897,0.541611,0.542142,0.544979,0.545765,0.550329,0.552769,0.558369,0.558795,0.560355,0.560551,0.562494,0.562981,0.570967,0.571136,0.575397,0.575993,0.578073,0.578388,0.579262,0.580248,0.580362,0.581561,0.583182,0.583807,0.583826,0.585427,0.585462,0.586343,0.587748,0.589705,0.589765,0.591883,0.592702,0.593112,0.596055,0.597229,0.600409,0.600827,0.601370,0.602391,0.602430,0.603003,0.603438,0.603819,0.604154,0.604160,0.605079,0.605221,0.605809,0.605881,0.606463,0.606717,0.606775,0.606908,0.607405,0.607970,0.608743,0.608792,0.608861,0.609248,0.610290,0.610543,0.610664,0.610950,0.611255,0.611378,0.611939,0.612643,0.613119,0.613273,0.613322,0.613325,0.614083,0.614117,0.614335,0.615031,0.615138,0.615293,0.615562,0.616022,0.616420,0.616755,0.618037,0.619226,0.619757,0.619946,0.620342,0.620441,0.620528,0.621269,0.622073,0.623043,0.623359,0.623554,0.623611,0.623986,0.624401,0.624544,0.624942,0.625466,0.626165,0.626589,0.626647,0.626649,0.627581,0.628055,0.628139,0.628220,0.628318,0.628757,0.629080,0.629176,0.629279,0.630482,0.630700,0.630852,0.632026,0.632265,0.632345,0.632351,0.632383,0.632641,0.632657,0.632881,0.633350,0.633369,0.633402,0.633541,0.633593,0.634089,0.634175,0.634535,0.634725,0.634767,0.635391,0.635449,0.636522,0.637297,0.637346,0.637349,0.638205,0.638209,0.638244,0.638351,0.638481,0.638486,0.638778,0.639038,0.639566,0.639615,0.639756,0.639802,0.640011,0.640067,0.640118,0.640718,0.640814,0.640817,0.640833,0.641460,0.641649,0.641660,0.641782,0.642268,0.642445,0.642610,0.642733,0.643013,0.643567,0.643801,0.644375,0.645141,0.645324,0.645363,0.645524,0.645868,0.645890,0.646112,0.646205,0.646205,0.646208,0.646543,0.646908,0.646965,0.647161,0.647242,0.647503,0.647647
0.194073,0.000000,0.473191,0.527684,0.582973,0.630475,0.560812,0.569857,0.552022,0.580146,0.593854,0.488222,0.556912,0.567514,0.564223,0.567931,0.627185,0.584914,0.500460,0.604376,0.600023,0.639090,0.546003,0.551977,0.529890,0.593852,0.639770,0.620333,0.597912,0.557520,0.682068,0.549478,0.554858,0.643281,0.645031,0.628120,0.554660,0.593781,0.694022,0.622436,0.626336,0.635811,0.598868,0.657817,0.683760,0.584955,0.697113,0.550185,0.557448,0.635567,0.647970,0.597131,0.578324,0.529557,0.629165,0.574464,0.659021,0.630330,0.609105,0.603994,0.567582,0.600829,0.658551,0.579211,0.624352,0.676171,0.536417,0.536048,0.634187,0.661276,0.622840,0.619945,0.615279,0.640751,0.627764,0.655118,0.700988,0.605141,0.590473,0.609450,0.672616,0.662236,0.606513,0.704280,0.590065,0.622259,0.691399,0.676894,0.596459,0.520873,0.582194,0.633875,0.663225,0.691472,0.643116,0.580009,0.634988,0.560327,0.716501,0.632466,0.687441,0.692343,0.699062,0.665063,0.587114,0.631536,0.694560,0.599924,0.560211,0.580684,0.584184,0.633093,0.639701,0.640916,0.659851,0.641005,0.572195,0.666583,0.563671,0.637831,0.685682,0.618085,0.580354,0.631032,0.662600,0.619128,0.701769,0.727996,0.653847,0.631117,0.688018,0.683609,0.718373,0.680026,0.608882,0.589568,0.663694,0.654740,0.650823,0.647773,0.666662,0.611852,0.631695,0.668260,0.695385,0.533426,0.676207,0.629148,0.668643,0.570401,0.628874,0.683549,0.731532,0.641096,0.680544,0.673552,0.616673,0.693300,0.620252,0.611268,0.557153,0.632936,0.604846,0.681286,0.713415,0.663215,0.583678,0.652881,0.655806,0.634479,0.663741,0.599953,0.643597,0.668764,0.678959,0.603838,0.722743,0.633938,0.657457,0.615700,0.623983,0.614051,0.643931,0.665799,0.633374,0.746475,0.716013,0.647358,0.656384,0.609007,0.684212,0.653932,0.608249,0.634813,0.602967,0.682447,0.630130,0.713603,0.683553,0.660867,0.685061
0.426517,0.473191,0.000000,0.248660,0.504794,0.540801,0.372299,0.180170,0.410948,0.415964,0.409320,0.526221,0.617065,0.524955,0.425409,0.499780,0.485100,0.482768,0.585362,0.588869,0.441796,0.658384,0.672441,0.444502,0.567268,0.486561,0.481766,0.648022,0.493964,0.438321,0.623930,0.463635,0.515944,0.446772,0.763680,0.580718,0.840835,0.438383,0.555161,0.513078,0.622369,0.791383,0.483524,0.678621,0.432319,0.637368,0.629891,0.434816,0.593431,0.738880,0.485717,0.782203,0.520913,0.770059,0.594857,0.799084,0.497362,0.536154,0.558875,0.565138,0.584021,0.575861,0.496735,0.416423,0.717316,0.741546,0.809161,0.603734,0.891424,0.830539,0.423453,0.439949,0.573429,0.446994,0.489587,0.558764,0.616835,0.498124,0.824948,0.776465,0.507559,0.828877,0.465978,0.837371,0.684775,0.454827,0.487976,0.460276,0.613721,0.655237,0.559302,0.833252,0.584467,0.421442,0.640188,0.482075,0.680408,0.586568,0.509559,0.771215,0.502762,0.679673,0.583408,0.503462,0.465716,0.422255,0.845308,0.499191,0.801008,0.520668,0.804112,0.425482,0.675861,0.587828,0.627725,0.589310,0.538014,0.646438,0.806798,0.622375,0.679528,0.795927,0.550818,0.803820,0.668271,0.718201,0.716381,0.720348,0.602177,0.489778,0.613249,0.815360,0.603887,0.777576,0.528335,0.665984,0.691632,0.618909,0.742366,0.503847,0.694295,0.650748,0.553489,0.606752,0.809250,0.825494,0.568432,0.792936,0.522184,0.677061,0.546761,0.816298,0.765334,0.426685,0.504565,0.602506,0.669397,0.713193,0.822189,0.603019,0.584061,0.557551,0.610462,0.704615,0.793767,0.705216,0.841295,0.590276,0.682273,0.527038,0.683639,0.778385,0.499684,0.696277,0.717363,0.630762,0.468339,0.715393,0.566427,0.794131,0.536937,0.837641,0.619514,0.610403,0.793180,0.597944,0.671858,0.619350,0.522063,0.588118,0.639396,0.741460,0.678051,0.542859,0.525681,0.923409,0.515033,0.675664,0.755665,0.784227,0.855177
0.471035,0.527684,0.248660,0.000000,0.474394,0.468159,0.357992,0.228734,0.307776,0.571958,0.550123,0.551265,0.588332,0.543570,0.572706,0.509646,0.553982,0.420969,0.655745,0.560031,0.290406,0.606624,0.639240,0.411041,0.686928,0.329161,0.522025,0.642759,0.483916,0.359693,0.657567,0.301537,0.522212,0.408692,0.732620,0.528944,0.797560,0.444338,0.540015,0.519964,0.704312,0.750659,0.448954,0.619978,0.415462,0.643036,0.577749,0.340809,0.550412,0.763582,0.426987,0.736807,0.345148,0.737455,0.574279,0.752734,0.379268,0.400824,0.605176,0.517590,0.687664,0.607773,0.417550,0.387851,0.656303,0.760890,0.828129,0.590012,0.804692,0.791800,0.360219,0.382136,0.609433,0.428386,0.335623,0.390918,0.567155,0.535346,0.785070,0.764313,0.511736,0.767908,0.301918,0.872016,0.603581,0.563364,0.396537,0.481504,0.615344,0.629812,0.476494,0.770608,0.480094,0.534496,0.592138,0.446540,0.741313,0.590548,0.512378,0.744836,0.659812,0.607747,0.581174,0.444134,0.615060,0.366869,0.870110,0.436206,0.739738,0.565254,0.743834,0.485391,0.580532,0.491228,0.595354,0.586732,0.485340,0.716880,0.794838,0.572230,0.693944,0.756769,0.631814,0.772325,0.681598,0.671797,0.648227,0.706615,0.673234,0.430994,0.586399,0.817119,0.446454,0.728264,0.493731,0.569249,0.694768,0.580748,0.769358,0.408483,0.673851,0.559681,0.502177,0.560928,0.813794,0.785757,0.424492,0.796799,0.474413,0.711822,0.444800,0.835012,0.763383,0.405742,0.456556,0.551827,0.722099,0.678299,0.789191,0.555113,0.501491,0.511667,0.570927,0.733884,0.733619,0.639056,0.788242,0.575225,0.648215,0.670694,0.738524,0.764536,0.492591,0.664671,0.738502,0.607904,0.485137,0.717977,0.580815,0.762035,0.462336,0.775587,0.612752,0.585392,0.732937,0.575618,0.676051,0.673110,0.408033,0.678928,0.601565,0.676385,0.618001,0.424263,0.525649,0.850270,0.451002,0.600305,0.737372,0.786441,0.849523
0.489244,0.582973,0.504794,0.474394,0.000000,0.593707,0.465076,0.533154,0.439988,0.677425,0.649643,0.623158,0.746927,0.658145,0.655845,0.523179,0.655231,0.502431,0.713072,0.671046,0.508646,0.631010,0.521765,0.440474,0.751680,0.472055,0.608206,0.707074,0.585027,0.529572,0.718341,0.521612,0.620765,0.567929,0.786198,0.617952,0.807411,0.463083,0.538176,0.654200,0.691597,0.769723,0.556489,0.633813,0.492101,0.738097,0.674443,0.492709,0.647030,0.740950,0.551230,0.774937,0.489566,0.847760,0.627789,0.817688,0.524058,0.534467,0.659522,0.700141,0.784164,0.640649,0.522019,0.553173,0.731579,0.816057,0.842841,0.716321,0.862727,0.819053,0.496301,0.501007,0.639573,0.571419,0.617315,0.442594,0.714106,0.497565,0.785244,0.759075,0.513171,0.817021,0.526427,0.816649,0.673879,0.628053,0.520809,0.542327,0.651749,0.702786,0.641867,0.829378,0.540221,0.557229,0.662235,0.553447,0.748663,0.689988,0.629743,0.813053,0.728668,0.734181,0.697524,0.604921,0.714705,0.501205,0.839109,0.538023,0.823632,0.701427,0.801833,0.620019,0.640322,0.634740,0.770610,0.664728,0.500600,0.778030,0.886045,0.677695,0.736441,0.828985,0.762727,0.775870,0.754473,0.736017,0.702829,0.746853,0.781258,0.589398,0.541149,0.851954,0.662652,0.855099,0.592206,0.704609,0.749489,0.719882,0.702155,0.555443,0.785609,0.696188,0.648840,0.637889,0.832526,0.878710,0.677574,0.828813,0.588475,0.726022,0.643094,0.870822,0.775326,0.505403,0.775804,0.633766,0.831875,0.759249,0.784464,0.656528,0.653525,0.607667,0.709494,0.810486,0.785740,0.748344,0.877953,0.666319,0.784191,0.717237,0.769098,0.852918,0.557296,0.732568,0.696875,0.762694,0.563822,0.813595,0.615265,0.826412,0.587494,0.817327,0.639474,0.695940,0.827359,0.547050,0.788734,0.709453,0.609136,0.790926,0.691066,0.867510,0.703760,0.578351,0.636041,0.853629,0.551313,0.772100,0.791195,0.881972,0.803858
0.510380,0.630475,0.540801,0.468159,0.593707,0.000000,0.497690,0.534039,0.504618,0.618365,0.589910,0.682930,0.611617,0.511197,0.607947,0.638305,0.569888,0.549668,0.665146,0.585498,0.396927,0.721023,0.652229,0.579948,0.706975,0.442897,0.570377,0.703758,0.581950,0.506252,0.735993,0.503897,0.499671,0.694872,0.704285,0.486348,0.823870,0.571537,0.594670,0.597327,0.749979,0.757527,0.574746,0.647560,0.515384,0.710811,0.551687,0.568256,0.479242,0.734603,0.524634,0.779516,0.595309,0.731232,0.655062,0.719360,0.611120,0.390256,0.616383,0.533775,0.617944,0.593414,0.590554,0.663818,0.607985,0.755746,0.832269,0.642128,0.785855,0.825004,0.534226,0.559745,0.616535,0.598343,0.609979,0.568834,0.557271,0.656838,0.832327,0.743181,0.601791,0.756758,0.547946,0.872517,0.664582,0.628903,0.621381,0.665170,0.629392,0.674034,0.594861,0.817089,0.568883,0.675041,0.651437,0.622491,0.720624,0.591020,0.621534,0.814711,0.747598,0.585380,0.650339,0.532592,0.763210,0.561594,0.761348,0.507625,0.747302,0.656025,0.754201,0.554666,0.619472,0.465545,0.657568,0.482806,0.674071,0.725846,0.822920,0.591178,0.741821,0.813759,0.613422,0.779034,0.820732,0.683173,0.685292,0.765746,0.731472,0.632006,0.732179,0.816308,0.259625,0.747599,0.605180,0.470055,0.722376,0.487192,0.741912,0.570123,0.647112,0.548605,0.562399,0.354353,0.814181,0.848797,0.352122,0.762645,0.556743,0.715643,0.590797,0.829375,0.718023,0.620044,0.514182,0.348774,0.762951,0.651094,0.710288,0.627585,0.615722,0.658085,0.459497,0.676627,0.802964,0.615223,0.825115,0.676959,0.720268,0.730483,0.703035,0.697061,0.612702,0.717577,0.781461,0.641273,0.629469,0.750922,0.689708,0.745982,0.490413,0.830571,0.706569,0.652583,0.714579,0.735439,0.644585,0.715886,0.560325,0.659691,0.581167,0.731887,0.598342,0.544334,0.659011,0.814065,0.548742,0.733581,0.666576,0.779579,0.803930
0.524144,0.560812,0.372299,0.357992,0.465076,0.497690,0.000000,0.446151,0.307896,0.481358,0.497584,0.515894,0.634835,0.444063,0.468956,0.351998,0.488300,0.343641,0.600259,0.516236,0.413370,0.625425,0.517075,0.300316,0.598303,0.346704,0.408043,0.620540,0.514749,0.418374,0.626506,0.366796,0.510583,0.463028,0.789336,0.443999,0.813746,0.263719,0.492975,0.396885,0.535691,0.758680,0.437453,0.615732,0.362337,0.604283,0.602735,0.328168,0.648556,0.737187,0.443003,0.749542,0.417886,0.788871,0.515899,0.776281,0.503180,0.408943,0.485059,0.516624,0.633969,0.493778,0.445446,0.409779,0.659669,0.686020,0.852308,0.483702,0.796702,0.816449,0.348478,0.373084,0.571957,0.483177,0.556322,0.293693,0.533997,0.334773,0.807857,0.797834,0.338939,0.797169,0.329692,0.842258,0.585637,0.422631,0.484289,0.446726,0.542257,0.595141,0.547303,0.805833,0.528056,0.443135,0.511101,0.387784,0.708214,0.589199,0.417804,0.697656,0.553106,0.635084,0.491838,0.558797,0.497328,0.383499,0.801495,0.359449,0.761881,0.522140,0.695767,0.427662,0.629936,0.501813,0.687406,0.575041,0.427973,0.673961,0.808363,0.606676,0.670188,0.800020,0.588154,0.781871,0.706725,0.642604,0.667019,0.710740,0.641684,0.507780,0.376252,0.788072,0.588414,0.764300,0.536571,0.555311,0.628645,0.579647,0.706757,0.447578,0.700396,0.529359,0.566178,0.565982,0.842302,0.767069,0.546687,0.775690,0.387754,0.699094,0.539273,0.790908,0.775141,0.337438,0.661013,0.530067,0.578832,0.654648,0.751446,0.513074,0.557633,0.414683,0.532748,0.695320,0.760291,0.608107,0.820294,0.478436,0.558196,0.510305,0.703594,0.720853,0.339043,0.704831,0.557758,0.608795,0.303957,0.728357,0.415727,0.724396,0.446174,0.774747,0.489202,0.622395,0.762735,0.402598,0.685298,0.631534,0.391057,0.634301,0.611241,0.701338,0.603082,0.460187,0.580529,0.866069,0.333275,0.711911,0.681875,0.764105,0.813938
0.527553,0.569857,0.180170,0.228734,0.533154,0.534039,0.446151,0.000000,0.441429,0.560296,0.522377,0.577765,0.608109,0.574318,0.593519,0.568537,0.561092,0.492403,0.646158,0.611159,0.497350,0.598597,0.706843,0.473609,0.661536,0.497650,0.549022,0.673716,0.525196,0.480156,0.611461,0.515891,0.545103,0.483115,0.772041,0.613665,0.825296,0.493549,0.551086,0.602758,0.701221,0.763665,0.536917,0.724775,0.414799,0.626871,0.638095,0.436219,0.648304,0.777493,0.540690,0.816778,0.564837,0.785734,0.629528,0.794605,0.512519,0.583227,0.622784,0.597557,0.668165,0.632184,0.531142,0.475336,0.757086,0.769688,0.834469,0.608498,0.843703,0.869561,0.488644,0.500245,0.638741,0.527082,0.426007,0.542565,0.644853,0.555311,0.814253,0.820485,0.545322,0.792603,0.528840,0.827219,0.742716,0.596454,0.524892,0.531148,0.646912,0.659753,0.603493,0.811940,0.563705,0.512653,0.638364,0.521249,0.717275,0.642543,0.585232,0.775941,0.633141,0.657818,0.656925,0.502477,0.598744,0.485778,0.889853,0.454801,0.764088,0.618665,0.792409,0.542716,0.720638,0.598978,0.657500,0.616017,0.540223,0.704812,0.795046,0.628946,0.695860,0.778032,0.651074,0.819175,0.667655,0.678476,0.702573,0.703905,0.631928,0.489958,0.626447,0.829262,0.551287,0.824097,0.585515,0.687978,0.765734,0.619873,0.759580,0.558710,0.726449,0.684359,0.561436,0.633554,0.816934,0.839041,0.548713,0.825937,0.578076,0.715006,0.630297,0.831884,0.772475,0.481973,0.392940,0.622913,0.701630,0.714359,0.796959,0.584700,0.627950,0.576615,0.630636,0.750201,0.735467,0.707051,0.825034,0.635907,0.698587,0.627450,0.772303,0.786991,0.533471,0.710635,0.768600,0.635952,0.525179,0.680896,0.620158,0.798472,0.579066,0.834704,0.608081,0.654233,0.779398,0.626251,0.758017,0.690835,0.524627,0.686750,0.706309,0.711843,0.675502,0.563387,0.547753,0.883486,0.537645,0.595191,0.762212,0.820501,0.830004
0.531024,0.552022,0.410948,0.307776,0.439988,0.504618,0.307896,0.441429,0.000000,0.591853,0.590563,0.616842,0.629371,0.567946,0.587302,0.311618,0.537238,0.406346,0.679440,0.520415,0.316376,0.628220,0.561248,0.389182,0.758089,0.287964,0.445137,0.657111,0.535222,0.396156,0.601318,0.296498,0.524571,0.416994,0.746661,0.493304,0.797398,0.398843,0.552171,0.513528,0.721876,0.731294,0.406027,0.550931,0.430393,0.594603,0.604969,0.248135,0.571388,0.763435,0.365041,0.683838,0.372235,0.759156,0.493912,0.773269,0.452737,0.370174,0.561170,0.586155,0.722293,0.536827,0.437812,0.410410,0.648651,0.765934,0.859783,0.555826,0.805465,0.815691,0.316008,0.355123,0.610779,0.402811,0.539940,0.298229,0.559526,0.492889,0.795280,0.746481,0.444363,0.755032,0.286777,0.847149,0.594035,0.472188,0.396737,0.386026,0.582030,0.645872,0.517465,0.737182,0.409494,0.467028,0.540309,0.429822,0.716897,0.557675,0.510890,0.756591,0.704832,0.621667,0.596305,0.447867,0.668293,0.372599,0.813022,0.367370,0.746720,0.577304,0.772025,0.422625,0.608955,0.480251,0.682547,0.546654,0.480123,0.798533,0.787523,0.572582,0.674383,0.806208,0.649602,0.798355,0.744838,0.717335,0.609641,0.768638,0.714651,0.442338,0.450764,0.821486,0.536260,0.712457,0.446179,0.577231,0.639285,0.598019,0.723837,0.363416,0.707539,0.530128,0.520334,0.582398,0.816856,0.763939,0.421336,0.798147,0.412668,0.728001,0.397488,0.840926,0.762572,0.304179,0.617164,0.587516,0.692667,0.714572,0.755630,0.535200,0.552712,0.443014,0.598082,0.739471,0.777025,0.625267,0.828310,0.604001,0.711720,0.658453,0.841050,0.761194,0.379662,0.773394,0.707309,0.639230,0.440885,0.713322,0.561191,0.752641,0.432793,0.770657,0.565510,0.594226,0.760548,0.402941,0.717584,0.670915,0.434660,0.720702,0.556802,0.690359,0.631904,0.426369,0.569900,0.820170,0.379402,0.700133,0.694954,0.795298,0.822033
0.535494,0.580146,0.415964,0.571958,0.677425,0.618365,0.481358,0.560296,0.591853,0.000000,0.322638,0.559486,0.629911,0.464347,0.095348,0.594671,0.466981,0.565659,0.574267,0.576167,0.656903,0.730989,0.651362,0.478922,0.500682,0.641248,0.484783,0.635027,0.514332,0.569727,0.649257,0.657399,0.533196,0.577495,0.833689,0.546057,0.856282,0.518070,0.654080,0.510789,0.670054,0.815678,0.562683,0.733281,0.598698,0.654601,0.670479,0.623196,0.603772,0.738924,0.629993,0.815102,0.683769,0.757952,0.694493,0.773552,0.710726,0.641090,0.560888,0.620406,0.534801,0.595194,0.654701,0.541698,0.742761,0.720631,0.834693,0.634784,0.906381,0.836144,0.582496,0.592393,0.577045,0.563772,0.738281,0.714310,0.699936,0.547557,0.827314,0.704242,0.580912,0.844821,0.648115,0.856694,0.710805,0.251276,0.618784,0.580253,0.642746,0.710239,0.629861,0.904912,0.711517,0.523201,0.623674,0.605101,0.631050,0.656215,0.498750,0.801631,0.422312,0.684437,0.543765,0.607209,0.362234,0.596353,0.902949,0.574427,0.812295,0.261430,0.803365,0.275269,0.727830,0.646747,0.677094,0.630801,0.642558,0.575158,0.881430,0.757330,0.652172,0.871042,0.532247,0.889988,0.788649,0.767157,0.710145,0.744998,0.646764,0.658567,0.672900,0.786558,0.736502,0.836134,0.574640,0.637415,0.650054,0.647617,0.797680,0.645048,0.752641,0.638791,0.632756,0.570362,0.841996,0.867265,0.690496,0.760182,0.604695,0.758650,0.657427,0.906797,0.701094,0.574085,0.741978,0.551796,0.583646,0.730231,0.813419,0.595612,0.638605,0.654510,0.594039,0.580153,0.835736,0.699995,0.860898,0.658877,0.635925,0.401002,0.540842,0.767774,0.547057,0.780411,0.742226,0.689013,0.516641,0.728046,0.654303,0.812990,0.603882,0.846367,0.686057,0.601548,0.774592,0.675599,0.734504,0.698911,0.555409,0.543851,0.765524,0.774463,0.683258,0.748617,0.694453,0.959145,0.613617,0.734742,0.743235,0.816089,0.855009
0.536116,0.593854,0.409320,0.550123,0.649643,0.589910,0.497584,0.522377,0.590563,0.322638,0.000000,0.547571,0.650039,0.500936,0.364439,0.671542,0.586840,0.539824,0.604638,0.673187,0.634813,0.724540,0.620773,0.550826,0.513898,0.604655,0.570387,0.632804,0.310380,0.493788,0.712140,0.631929,0.566961,0.617633,0.825253,0.602626,0.883530,0.539614,0.608286,0.556977,0.678404,0.764822,0.624254,0.788567,0.595045,0.706419,0.678670,0.543362,0.618501,0.693368,0.617302,0.799831,0.696780,0.721621,0.650100,0.715856,0.661925,0.649589,0.518438,0.569291,0.637801,0.569822,0.653033,0.557693,0.716090,0.708845,0.838399,0.706462,0.885180,0.866675,0.526519,0.527351,0.576025,0.580863,0.739949,0.738997,0.724342,0.579259,0.878010,0.699521,0.604233,0.806373,0.633175,0.849196,0.752585,0.420836,0.607565,0.640795,0.593725,0.698505,0.633576,0.886248,0.712674,0.541193,0.687764,0.530262,0.699629,0.651549,0.599228,0.804642,0.529871,0.718988,0.649475,0.588952,0.476641,0.529189,0.909736,0.533208,0.768964,0.512482,0.730290,0.472227,0.705345,0.668674,0.511093,0.645422,0.542457,0.616838,0.833904,0.611316,0.737888,0.879481,0.584422,0.917278,0.776266,0.659042,0.799664,0.671821,0.681583,0.632585,0.730417,0.832335,0.678221,0.858638,0.541035,0.673888,0.663237,0.623812,0.800062,0.625736,0.692135,0.678028,0.596973,0.586132,0.857321,0.879266,0.649836,0.815488,0.674301,0.677671,0.631739,0.832838,0.778392,0.591160,0.715366,0.529613,0.589103,0.759863,0.802437,0.650613,0.638955,0.637782,0.573887,0.606999,0.774126,0.679832,0.837186,0.584249,0.563165,0.556768,0.627606,0.639679,0.653281,0.763674,0.731429,0.643819,0.539947,0.752395,0.621843,0.854413,0.569496,0.821104,0.566510,0.628021,0.772774,0.691830,0.639574,0.708114,0.608875,0.634652,0.741694,0.794077,0.662115,0.677369,0.631206,0.912079,0.641810,0.786220,0.713915,0.775137,0.876408
0.537486,0.488222,0.526221,0.551265,0.623158,0.682930,0.515894,0.577765,0.616842,0.559486,0.547571,0.000000,0.590917,0.528973,0.535580,0.665432,0.680398,0.564931,0.441147,0.613876,0.668810,0.703664,0.602701,0.514135,0.419225,0.641947,0.672798,0.648238,0.573931,0.599942,0.628269,0.614287,0.544892,0.673059,0.747896,0.586284,0.795021,0.558997,0.672897,0.654530,0.590914,0.742492,0.618769,0.769918,0.690098,0.560899,0.688181,0.559054,0.617470,0.607023,0.696370,0.770872,0.586541,0.766617,0.645716,0.769364,0.664467,0.645643,0.628645,0.594995,0.609389,0.613268,0.667043,0.615800,0.705683,0.770310,0.861989,0.600960,0.877795,0.817123,0.644618,0.658238,0.594738,0.616634,0.679373,0.656156,0.698403,0.584553,0.810255,0.652831,0.658197,0.826626,0.602397,0.865103,0.725204,0.622072,0.711990,0.694751,0.601038,0.649406,0.484231,0.814533,0.739250,0.664345,0.606192,0.536466,0.721802,0.615444,0.716124,0.782428,0.701209,0.695508,0.702215,0.705401,0.644167,0.674992,0.840156,0.575343,0.734374,0.549652,0.711869,0.645990,0.664678,0.598062,0.682071,0.637953,0.626025,0.737328,0.769971,0.556993,0.785197,0.844830,0.573967,0.858904,0.681358,0.613664,0.735554,0.690153,0.685749,0.607425,0.703225,0.897264,0.746840,0.779031,0.654606,0.607335,0.674009,0.609486,0.768528,0.701249,0.712008,0.590592,0.650844,0.589222,0.859516,0.828778,0.740612,0.755020,0.676868,0.580064,0.738906,0.752279,0.793101,0.661927,0.743383,0.544267,0.638045,0.633705,0.749179,0.589470,0.465646,0.654365,0.583060,0.651854,0.716577,0.745245,0.830892,0.593444,0.603275,0.533779,0.776631,0.787127,0.674985,0.594322,0.649245,0.523881,0.686689,0.726827,0.588814,0.821349,0.602353,0.761355,0.504196,0.793542,0.670264,0.691891,0.733874,0.676283,0.650846,0.635282,0.792181,0.668007,0.591297,0.624583,0.581959,0.855689,0.642782,0.782431,0.796790,0.787126,0.796362
0.540897,0.556912,0.617065,0.588332,0.746927,0.611617,0.634835,0.608109,0.629371,0.629911,0.650039,0.590917,0.000000,0.519770,0.677091,0.768412,0.670763,0.543335,0.692278,0.557348,0.629520,0.569608,0.677836,0.622029,0.675764,0.548066,0.681041,0.691789,0.649956,0.620340,0.585327,0.644472,0.599872,0.774867,0.536603,0.613236,0.695930,0.679951,0.668723,0.599152,0.823682,0.624833,0.613698,0.729642,0.676820,0.459393,0.434085,0.707008,0.671687,0.728079,0.664742,0.679878,0.726661,0.639276,0.521899,0.588027,0.737728,0.593062,0.617524,0.590694,0.640774,0.629288,0.693134,0.732412,0.647417,0.628161,0.675753,0.649363,0.768062,0.784276,0.669595,0.680408,0.597055,0.673371,0.604874,0.673357,0.679458,0.669484,0.789763,0.756904,0.744262,0.707352,0.675706,0.646732,0.709418,0.713605,0.748666,0.748054,0.592207,0.477784,0.681145,0.653250,0.730827,0.733661,0.535214,0.597838,0.681079,0.622188,0.673586,0.756330,0.833622,0.450950,0.703498,0.712512,0.797173,0.703640,0.808093,0.648147,0.572275,0.654451,0.553735,0.718769,0.736372,0.546441,0.700938,0.577710,0.632406,0.530471,0.495027,0.604621,0.787607,0.695089,0.665325,0.792891,0.794701,0.443076,0.642688,0.554878,0.737752,0.714576,0.750866,0.830461,0.658796,0.656453,0.707368,0.561088,0.686041,0.586416,0.838157,0.690173,0.672040,0.610471,0.635358,0.578548,0.884308,0.682290,0.621943,0.635743,0.641493,0.728158,0.745121,0.758345,0.824224,0.686340,0.721988,0.554859,0.693598,0.649069,0.603580,0.604578,0.655960,0.591265,0.517495,0.670379,0.678537,0.609453,0.616847,0.619256,0.546708,0.749694,0.707860,0.553422,0.731628,0.703081,0.871591,0.397025,0.718797,0.718219,0.823212,0.711232,0.633327,0.598835,0.617348,0.742050,0.545455,0.803164,0.698805,0.778889,0.613152,0.664263,0.613406,0.491724,0.676329,0.612706,0.419632,0.746357,0.607339,0.382722,0.666262,0.687792,0.623558
0.541611,0.567514,0.524955,0.543570,0.658145,0.511197,0.444063,0.574318,0.567946,0.464347,0.500936,0.528973,0.519770,0.000000,0.498771,0.596356,0.549211,0.559174,0.582221,0.590511,0.570049,0.710525,0.641415,0.522895,0.584529,0.522384,0.536776,0.698793,0.540222,0.467716,0.699723,0.561869,0.499349,0.687714,0.625149,0.462539,0.747463,0.547014,0.649592,0.486043,0.679662,0.736019,0.488331,0.648257,0.596711,0.637713,0.514160,0.562927,0.566741,0.593519,0.584919,0.756561,0.544368,0.778645,0.632376,0.683565,0.618379,0.498816,0.441683,0.379540,0.439091,0.439187,0.629554,0.622441,0.581499,0.728206,0.803029,0.639789,0.809261,0.777983,0.536541,0.538578,0.535238,0.587549,0.657673,0.598411,0.668643,0.586803,0.764755,0.716404,0.601895,0.766258,0.545027,0.828699,0.625350,0.514992,0.665858,0.692490,0.520854,0.593845,0.561095,0.802951,0.662257,0.659254,0.545478,0.552252,0.709947,0.589914,0.550707,0.766012,0.637230,0.507650,0.527103,0.544896,0.590216,0.590886,0.846359,0.516481,0.710435,0.503415,0.699358,0.557761,0.692736,0.475249,0.629611,0.494821,0.550004,0.576659,0.761207,0.557064,0.667616,0.783442,0.473466,0.813817,0.734839,0.537759,0.627538,0.620968,0.747250,0.596071,0.685713,0.839306,0.585210,0.735772,0.648437,0.348526,0.512766,0.348413,0.788960,0.584006,0.602394,0.428749,0.519743,0.373449,0.850612,0.828993,0.537636,0.657640,0.566780,0.619470,0.660522,0.750554,0.726341,0.620480,0.686700,0.376160,0.665649,0.519647,0.605208,0.598037,0.543095,0.613556,0.295322,0.525337,0.723591,0.538661,0.782695,0.595768,0.580741,0.555064,0.665143,0.630192,0.541997,0.637801,0.673171,0.437906,0.589198,0.701063,0.716080,0.728495,0.455140,0.760430,0.532842,0.626552,0.725818,0.718045,0.605724,0.624607,0.498437,0.462708,0.641190,0.675401,0.476645,0.575722,0.578208,0.803917,0.536229,0.701244,0.647619,0.744978,0.777720
0.542142,0.564223,0.425409,0.572706,0.655845,0.607947,0.468956,0.593519,0.587302,0.095348,0.364439,0.535580,0.677091,0.498771,0.000000,0.605090,0.489427,0.591787,0.567253,0.596464,0.638179,0.731694,0.649966,0.481114,0.544318,0.619020,0.491987,0.692039,0.505622,0.564719,0.688942,0.620961,0.512841,0.577992,0.815081,0.552417,0.862667,0.514721,0.671878,0.506908,0.648989,0.805413,0.547127,0.729283,0.603781,0.686138,0.666518,0.584449,0.590644,0.734509,0.621162,0.840998,0.648857,0.754951,0.703468,0.783071,0.679485,0.628520,0.554169,0.645577,0.528210,0.547576,0.657343,0.538822,0.747504,0.746491,0.820995,0.607986,0.916347,0.844697,0.594069,0.602140,0.575402,0.565993,0.745841,0.712963,0.689673,0.560837,0.829614,0.728962,0.571999,0.852414,0.615940,0.872390,0.704730,0.245873,0.616700,0.574924,0.623157,0.717374,0.629226,0.922368,0.709549,0.570649,0.654049,0.618073,0.666031,0.637984,0.500023,0.798803,0.406985,0.666051,0.529821,0.641360,0.372610,0.598426,0.877667,0.577891,0.821372,0.207085,0.798715,0.234808,0.730935,0.626661,0.668521,0.641703,0.637110,0.638493,0.867129,0.718633,0.703768,0.890726,0.536909,0.903195,0.797962,0.778364,0.730361,0.758696,0.688215,0.642743,0.662775,0.809710,0.766463,0.828456,0.585648,0.631464,0.668612,0.652529,0.773346,0.651261,0.740656,0.618675,0.660422,0.553466,0.835650,0.878050,0.723334,0.769696,0.603397,0.740744,0.623043,0.908233,0.740108,0.549219,0.764313,0.555839,0.627242,0.707724,0.804199,0.588290,0.635593,0.664007,0.608385,0.565404,0.875988,0.742913,0.894326,0.686854,0.696182,0.379808,0.591713,0.787525,0.530846,0.732580,0.721791,0.706568,0.516814,0.779992,0.628450,0.801489,0.632642,0.877750,0.684996,0.667889,0.753849,0.675741,0.730666,0.723006,0.569591,0.549886,0.777194,0.799299,0.678554,0.727908,0.718390,0.952566,0.601084,0.790369,0.742723,0.802188,0.870271
0.544979,0.567931,0.499780,0.509646,0.523179,0.638305,0.351998,0.568537,0.311618,0.594671,0.671542,0.665432,0.768412,0.596356,0.605090,0.000000,0.467344,0.520525,0.615951,0.515333,0.516287,0.671081,0.603221,0.411073,0.679869,0.450773,0.355953,0.697048,0.713716,0.550420,0.691030,0.469855,0.611168,0.423949,0.777485,0.481832,0.789824,0.387727,0.583632,0.466342,0.508555,0.844712,0.413074,0.678162,0.453129,0.718071,0.704158,0.397176,0.653190,0.823847,0.535639,0.726544,0.481548,0.814909,0.654923,0.812350,0.603953,0.506748,0.567873,0.715196,0.616774,0.580063,0.515742,0.482230,0.765992,0.778900,0.854374,0.536752,0.818578,0.852350,0.493460,0.504386,0.670935,0.506159,0.679423,0.299189,0.580461,0.446923,0.782097,0.775005,0.383753,0.773506,0.480275,0.842939,0.688146,0.477758,0.524625,0.340511,0.639125,0.698362,0.617309,0.781891,0.563512,0.368432,0.538473,0.484756,0.735604,0.600857,0.507028,0.752645,0.695187,0.709976,0.519581,0.548118,0.640625,0.531287,0.776740,0.445173,0.802507,0.613731,0.864813,0.494981,0.699955,0.597920,0.790454,0.616039,0.584728,0.806329,0.825107,0.690367,0.705994,0.792665,0.601892,0.791704,0.721974,0.816592,0.654978,0.771687,0.695995,0.523305,0.285840,0.768757,0.662254,0.723140,0.605119,0.621885,0.523630,0.644122,0.721234,0.541363,0.769250,0.613905,0.616057,0.601036,0.862219,0.810017,0.616161,0.823557,0.415319,0.662384,0.597269,0.822246,0.832089,0.355494,0.788063,0.633161,0.676810,0.719456,0.780065,0.535414,0.660007,0.536151,0.666949,0.744440,0.843724,0.706685,0.859420,0.615838,0.684025,0.593204,0.768257,0.837326,0.267726,0.695140,0.498293,0.753489,0.384449,0.721410,0.451404,0.781411,0.507150,0.826184,0.651304,0.696507,0.841986,0.311197,0.751632,0.600850,0.540614,0.642020,0.672830,0.784382,0.644156,0.604584,0.733458,0.839529,0.398949,0.764862,0.805448,0.824438,0.812361
0.545765,0.627185,0.485100,0.553982,0.655231,0.569888,0.488300,0.561092,0.537238,0.466981,0.586840,0.680398,0.670763,0.549211,0.489427,0.467344,0.000000,0.621535,0.592011,0.388291,0.559710,0.739841,0.785923,0.535336,0.598558,0.520911,0.141497,0.639742,0.686625,0.597198,0.638918,0.594228,0.488070,0.609429,0.809195,0.489046,0.847930,0.514963,0.667880,0.369358,0.687157,0.868821,0.368093,0.788942,0.516259,0.686064,0.582250,0.587733,0.643096,0.771379,0.624614,0.864944,0.582936,0.772724,0.731849,0.831998,0.655754,0.524579,0.603659,0.604783,0.636623,0.576513,0.705328,0.596711,0.786478,0.832824,0.856589,0.649760,0.902392,0.885003,0.604565,0.623476,0.640652,0.600310,0.713006,0.570536,0.675223,0.606993,0.822843,0.725202,0.551973,0.829580,0.565469,0.868561,0.757941,0.469891,0.607927,0.481567,0.635967,0.688963,0.652493,0.905910,0.696672,0.456596,0.500332,0.610128,0.567671,0.524998,0.410306,0.732571,0.725222,0.581525,0.415496,0.533224,0.677920,0.637781,0.847574,0.581277,0.807823,0.513767,0.838904,0.491734,0.702748,0.515407,0.835219,0.490858,0.709770,0.647302,0.829426,0.709010,0.717580,0.893392,0.677766,0.892203,0.767931,0.796610,0.550420,0.705313,0.574864,0.624938,0.612831,0.903083,0.613859,0.799499,0.695424,0.544118,0.612870,0.630536,0.838739,0.636902,0.717389,0.637421,0.587298,0.551610,0.839446,0.852598,0.618816,0.730976,0.408246,0.627136,0.656090,0.889123,0.767946,0.484854,0.685603,0.568722,0.638289,0.628455,0.796802,0.608228,0.670974,0.544810,0.616897,0.586256,0.770233,0.667000,0.881930,0.703902,0.759760,0.622542,0.613329,0.832871,0.316756,0.741941,0.733329,0.697363,0.396372,0.713668,0.684735,0.835589,0.552026,0.841984,0.699438,0.690966,0.746717,0.618275,0.733218,0.628432,0.550497,0.676329,0.778325,0.802537,0.675184,0.706330,0.662196,0.896395,0.445100,0.717379,0.788308,0.807499,0.934998
0.550329,0.584914,0.482768,0.420969,0.502431,0.549668,0.343641,0.492403,0.406346,0.565659,0.539824,0.564931,0.543335,0.559174,0.591787,0.520525,0.621535,0.000000,0.651592,0.481473,0.486000,0.552977,0.500561,0.317770,0.711985,0.365919,0.564897,0.680866,0.506500,0.400513,0.568206,0.428650,0.540290,0.556057,0.756605,0.467410,0.788030,0.381706,0.254892,0.513752,0.664032,0.701689,0.529479,0.658436,0.366021,0.517312,0.539881,0.401874,0.555249,0.794667,0.446271,0.700936,0.444196,0.655482,0.466943,0.690749,0.515829,0.435518,0.560278,0.529140,0.685698,0.543943,0.432141,0.499335,0.631710,0.681663,0.833901,0.635978,0.800355,0.788997,0.407826,0.440027,0.631603,0.518957,0.583899,0.424691,0.552294,0.462801,0.791129,0.766454,0.467736,0.770392,0.416038,0.881154,0.620094,0.555541,0.524238,0.494756,0.629103,0.522109,0.564276,0.718220,0.533175,0.514588,0.458884,0.441087,0.696031,0.593167,0.580348,0.717294,0.695117,0.552274,0.589192,0.554433,0.622454,0.442066,0.815203,0.439929,0.671706,0.587610,0.659794,0.534787,0.635676,0.473751,0.690815,0.631943,0.501369,0.621475,0.757120,0.610991,0.659611,0.834306,0.627747,0.853961,0.763838,0.590831,0.641980,0.621266,0.679501,0.495851,0.571911,0.901744,0.563271,0.750590,0.586421,0.541597,0.613113,0.548319,0.753306,0.460721,0.718994,0.552837,0.550800,0.515552,0.824471,0.716441,0.525147,0.755144,0.499595,0.725060,0.530247,0.786106,0.769836,0.404824,0.745209,0.486382,0.639959,0.719522,0.793482,0.601210,0.550097,0.472762,0.545326,0.696887,0.728753,0.538831,0.817753,0.523748,0.592172,0.687280,0.673745,0.665777,0.499121,0.708658,0.715416,0.529169,0.498717,0.740599,0.569393,0.791628,0.472644,0.733506,0.604639,0.578586,0.658477,0.519909,0.669888,0.715021,0.446735,0.696051,0.593625,0.611470,0.554204,0.523198,0.482757,0.917518,0.422599,0.663791,0.744604,0.768745,0.779576
0.552769,0.500460,0.585362,0.655745,0.713072,0.665146,0.600259,0.646158,0.679440,0.574267,0.604638,0.441147,0.692278,0.582221,0.567253,0.615951,0.592011,0.651592,0.000000,0.601168,0.656905,0.753223,0.686376,0.656832,0.236062,0.665831,0.596768,0.524888,0.542841,0.607469,0.718028,0.651260,0.453615,0.754605,0.784241,0.577592,0.762142,0.671303,0.707606,0.633711,0.659839,0.794363,0.659181,0.809393,0.731343,0.695728,0.710036,0.581431,0.521535,0.681968,0.750180,0.801971,0.608822,0.756940,0.749313,0.746381,0.750996,0.658450,0.677595,0.565503,0.410995,0.627433,0.737760,0.710309,0.655059,0.850521,0.838086,0.617478,0.848861,0.835620,0.654281,0.666824,0.715373,0.678941,0.826992,0.731658,0.692217,0.715601,0.790668,0.550791,0.716021,0.883202,0.659627,0.847669,0.778901,0.639803,0.752298,0.728020,0.682544,0.626095,0.478372,0.839315,0.787454,0.742952,0.700829,0.680586,0.643381,0.547298,0.679303,0.818192,0.729163,0.722663,0.648416,0.651781,0.678198,0.687079,0.835626,0.591477,0.825366,0.562596,0.750785,0.659965,0.637295,0.620117,0.597920,0.543567,0.760703,0.713330,0.798533,0.543978,0.681564,0.845788,0.546108,0.811330,0.724363,0.753321,0.700286,0.790986,0.497133,0.622890,0.762695,0.915968,0.686789,0.824312,0.682546,0.611467,0.674144,0.626890,0.740601,0.637452,0.678171,0.587443,0.613287,0.543723,0.855967,0.786516,0.746842,0.733972,0.728338,0.432497,0.743144,0.764999,0.796130,0.709731,0.751402,0.566848,0.495591,0.637278,0.750716,0.670368,0.488731,0.716350,0.588583,0.658128,0.843852,0.769150,0.856506,0.658317,0.761700,0.627695,0.735939,0.737302,0.691774,0.702986,0.653655,0.653853,0.685779,0.705574,0.686450,0.684690,0.630073,0.768369,0.712252,0.730638,0.769476,0.760391,0.705019,0.510242,0.665569,0.504511,0.750466,0.752520,0.648295,0.752380,0.662832,0.888743,0.709023,0.777925,0.693636,0.809197,0.876441
0.558369,0.604376,0.588869,0.560031,0.671046,0.585498,0.516236,0.611159,0.520415,0.576167,0.673187,0.613876,0.557348,0.590511,0.596464,0.515333,0.388291,0.481473,0.601168,0.000000,0.582109,0.658145,0.787228,0.544101,0.645572,0.506010,0.359278,0.633995,0.727881,0.603375,0.661448,0.519146,0.611640,0.635199,0.739186,0.583628,0.735397,0.552894,0.663070,0.440692,0.752512,0.782169,0.432507,0.754314,0.561195,0.530947,0.545460,0.569427,0.672526,0.786128,0.630148,0.707744,0.538108,0.651589,0.486586,0.706022,0.689875,0.525793,0.592906,0.645814,0.666807,0.622572,0.658066,0.624732,0.795284,0.761429,0.768027,0.691864,0.794511,0.824768,0.601493,0.621426,0.649657,0.590436,0.684460,0.467517,0.634597,0.641868,0.742533,0.738957,0.605574,0.718368,0.548700,0.819270,0.746853,0.617940,0.663919,0.514837,0.642823,0.549703,0.622030,0.683018,0.691007,0.552004,0.213426,0.567584,0.675832,0.571507,0.493126,0.744367,0.789284,0.545746,0.506371,0.599000,0.757104,0.647653,0.879546,0.581858,0.636783,0.631923,0.737522,0.603572,0.679901,0.495901,0.849089,0.529873,0.682016,0.627894,0.711704,0.674795,0.734822,0.817158,0.717008,0.819634,0.759433,0.662674,0.301258,0.599185,0.665253,0.624878,0.695222,0.897843,0.613634,0.644649,0.711792,0.565172,0.681799,0.662881,0.833198,0.637873,0.738160,0.668051,0.622130,0.602123,0.851074,0.727416,0.562691,0.710475,0.480760,0.646036,0.693599,0.832737,0.777919,0.516191,0.760734,0.625948,0.663806,0.712389,0.758811,0.621504,0.642019,0.581546,0.636207,0.621548,0.696392,0.626846,0.758532,0.676165,0.703205,0.725321,0.668648,0.740425,0.467239,0.728784,0.805544,0.600224,0.514899,0.737410,0.765116,0.801584,0.579028,0.750411,0.737460,0.683552,0.579913,0.652674,0.744895,0.678426,0.558962,0.714451,0.624896,0.500652,0.716162,0.653202,0.592697,0.807286,0.488134,0.707035,0.796828,0.765151,0.783013
0.558795,0.600023,0.441796,0.290406,0.508646,0.396927,0.413370,0.497350,0.316376,0.656903,0.634813,0.668810,0.629520,0.570049,0.638179,0.516287,0.559710,0.486000,0.656905,0.582109,0.000000,0.693493,0.631961,0.502805,0.766587,0.320116,0.532297,0.690187,0.559522,0.402381,0.730466,0.219978,0.486237,0.520659,0.711566,0.464858,0.895579,0.526273,0.574023,0.597900,0.746439,0.832676,0.460280,0.556020,0.496882,0.705320,0.572917,0.333399,0.483514,0.817886,0.367844,0.766151,0.293955,0.791415,0.613005,0.837787,0.449239,0.333422,0.655743,0.506570,0.686489,0.606363,0.474448,0.455822,0.592500,0.795904,0.908162,0.686900,0.823128,0.865916,0.316167,0.362188,0.675017,0.443782,0.582553,0.426038,0.556414,0.623795,0.897493,0.753133,0.552187,0.815987,0.230273,0.881904,0.594500,0.613783,0.401902,0.520516,0.640257,0.721348,0.460081,0.817345,0.495980,0.599398,0.635905,0.529039,0.736669,0.554334,0.568992,0.803552,0.793278,0.615249,0.654874,0.404991,0.760987,0.365641,0.850418,0.425432,0.805312,0.607258,0.819347,0.543450,0.558819,0.482861,0.646476,0.523863,0.591187,0.750587,0.827323,0.551176,0.665428,0.854122,0.648008,0.829798,0.762460,0.769341,0.637482,0.756277,0.747150,0.393621,0.651560,0.891062,0.355122,0.764343,0.491431,0.483051,0.697297,0.535671,0.766419,0.354185,0.655895,0.488801,0.465896,0.479650,0.889841,0.850234,0.358918,0.793136,0.501256,0.654069,0.370062,0.843812,0.804726,0.404027,0.605284,0.500863,0.804750,0.663876,0.797876,0.688206,0.482173,0.567834,0.514197,0.710621,0.841375,0.628275,0.878309,0.604611,0.778992,0.770580,0.821643,0.821147,0.526446,0.704446,0.777246,0.681874,0.530654,0.758031,0.639232,0.823590,0.361756,0.796875,0.655898,0.600927,0.751309,0.596184,0.672737,0.671475,0.414508,0.683563,0.555276,0.757091,0.599161,0.441188,0.619732,0.835641,0.496811,0.707876,0.765429,0.804206,0.906156
0.560355,0.639090,0.658384,0.606624,0.631010,0.721023,0.625425,0.598597,0.628220,0.730989,0.724540,0.703664,0.569608,0.710525,0.731694,0.671081,0.739841,0.552977,0.753223,0.658145,0.693493,0.000000,0.649203,0.663203,0.736780,0.635837,0.711699,0.734300,0.693303,0.703063,0.657615,0.663690,0.753075,0.724266,0.717016,0.690629,0.840128,0.668262,0.584899,0.676850,0.773903,0.629130,0.629568,0.673118,0.626973,0.672451,0.522085,0.702333,0.798854,0.821036,0.571092,0.717125,0.733839,0.700369,0.487151,0.655993,0.743282,0.703668,0.742932,0.731534,0.810368,0.770921,0.576555,0.757059,0.762838,0.673122,0.801405,0.678560,0.760509,0.841819,0.674096,0.663555,0.699169,0.601169,0.584196,0.634300,0.673304,0.708037,0.872102,0.745937,0.683940,0.704790,0.691753,0.686630,0.720901,0.740335,0.750598,0.691782,0.693423,0.637747,0.753152,0.738926,0.693079,0.711557,0.636436,0.655037,0.726966,0.763099,0.714177,0.801432,0.812281,0.548787,0.722645,0.685457,0.824275,0.681613,0.780437,0.679067,0.719046,0.771938,0.659230,0.727513,0.820336,0.728247,0.779364,0.701056,0.624320,0.647794,0.712916,0.679059,0.650587,0.821032,0.784869,0.809185,0.771005,0.567880,0.597087,0.455612,0.771963,0.740794,0.690648,0.841374,0.718437,0.749679,0.705048,0.791792,0.747315,0.782629,0.889665,0.728708,0.767120,0.743367,0.682046,0.793231,0.876447,0.732700,0.790663,0.735134,0.758757,0.782198,0.759380,0.723141,0.813455,0.706941,0.731830,0.772363,0.742552,0.747837,0.796998,0.611276,0.776706,0.721926,0.788626,0.746085,0.730942,0.679311,0.810136,0.613301,0.658526,0.800532,0.726020,0.674990,0.758036,0.665428,0.783284,0.639129,0.702871,0.721697,0.765460,0.778330,0.771592,0.726957,0.664689,0.645997,0.746936,0.712052,0.734349,0.837073,0.630829,0.838141,0.602636,0.708703,0.799713,0.691657,0.601001,0.781023,0.749811,0.596804,0.717426,0.747712,0.701872
