0.000000,0.194073,0.426517,0.471035,0.489244,0.510380,0.524144,0.527553,0.531024,0.535494,0.536116,0.537486,0.540897,0.541611,0.542142,0.544979,0.545765,0.550329,0.552769,0.558369,0.558795,0.560355,0.560551,0.562494,0.562981,0.570967,0.571136,0.575397,0.575993,0.578073,0.578388,0.579262,0.580248,0.580362,0.581561,0.583182,0.583807,0.583826,0.585427,0.585462,0.586343,0.587748,0.589705,0.589765,0.591883,0.592702,0.593112,0.596055,0.597229,0.600409,0.600827,0.601370,0.602391,0.602430,0.603003,0.603438,0.603819,0.604154,0.604160,0.605079,0.605221,0.605809,0.605881,0.606463,0.606717,0.606775,0.606908,0.607405,0.607970,0.608743,0.608792,0.608861,0.609248,0.610290,0.610543,0.610664,0.610950,0.611255,0.611378,0.611939,0.612643,0.613119,0.613273,0.613322,0.613325,0.614083,0.614117,0.614335,0.615031,0.615138,0.615293,0.615562,0.616022,0.616420,0.616755,0.618037,0.619226,0.619757,0.619946,0.620342,0.620441
0.194073,0.000000,0.473191,0.527684,0.582973,0.630475,0.560812,0.569857,0.552022,0.580146,0.593854,0.488222,0.556912,0.567514,0.564223,0.567931,0.627185,0.584914,0.500460,0.604376,0.600023,0.639090,0.546003,0.551977,0.529890,0.593852,0.639770,0.620333,0.597912,0.557520,0.682068,0.549478,0.554858,0.643281,0.645031,0.628120,0.554660,0.593781,0.694022,0.622436,0.626336,0.635811,0.598868,0.657817,0.683760,0.584955,0.697113,0.550185,0.557448,0.635567,0.647970,0.597131,0.578324,0.529557,0.629165,0.574464,0.659021,0.630330,0.609105,0.603994,0.567582,0.600829,0.658551,0.579211,0.624352,0.676171,0.536417,0.536048,0.634187,0.661276,0.622840,0.619945,0.615279,0.640751,0.627764,0.655118,0.700988,0.605141,0.590473,0.609450,0.672616,0.662236,0.606513,0.704280,0.590065,0.622259,0.691399,0.676894,0.596459,0.520873,0.582194,0.633875,0.663225,0.691472,0.643116,0.580009,0.634988,0.560327,0.716501,0.632466,0.687441
0.426517,0.473191,0.000000,0.248660,0.504794,0.540801,0.372299,0.180170,0.410948,0.415964,0.409320,0.526221,0.617065,0.524955,0.425409,0.499780,0.485100,0.482768,0.585362,0.588869,0.441796,0.658384,0.672441,0.444502,0.567268,0.486561,0.481766,0.648022,0.493964,0.438321,0.623930,0.463635,0.515944,0.446772,0.763680,0.580718,0.840835,0.438383,0.555161,0.513078,0.622369,0.791383,0.483524,0.678621,0.432319,0.637368,0.629891,0.434816,0.593431,0.738880,0.485717,0.782203,0.520913,0.770059,0.594857,0.799084,0.497362,0.536154,0.558875,0.565138,0.584021,0.575861,0.496735,0.416423,0.717316,0.741546,0.809161,0.603734,0.891424,0.830539,0.423453,0.439949,0.573429,0.446994,0.489587,0.558764,0.616835,0.498124,0.824948,0.776465,0.507559,0.828877,0.465978,0.837371,0.684775,0.454827,0.487976,0.460276,0.613721,0.655237,0.559302,0.833252,0.584467,0.421442,0.640188,0.482075,0.680408,0.586568,0.509559,0.771215,0.502762
0.471035,0.527684,0.248660,0.000000,0.474394,0.468159,0.357992,0.228734,0.307776,0.571958,0.550123,0.551265,0.588332,0.543570,0.572706,0.509646,0.553982,0.420969,0.655745,0.560031,0.290406,0.606624,0.639240,0.411041,0.686928,0.329161,0.522025,0.642759,0.483916,0.359693,0.657567,0.301537,0.522212,0.408692,0.732620,0.528944,0.797560,0.444338,0.540015,0.519964,0.704312,0.750659,0.448954,0.619978,0.415462,0.643036,0.577749,0.340809,0.550412,0.763582,0.426987,0.736807,0.345148,0.737455,0.574279,0.752734,0.379268,0.400824,0.605176,0.517590,0.687664,0.607773,0.417550,0.387851,0.656303,0.760890,0.828129,0.590012,0.804692,0.791800,0.360219,0.382136,0.609433,0.428386,0.335623,0.390918,0.567155,0.535346,0.785070,0.764313,0.511736,0.767908,0.301918,0.872016,0.603581,0.563364,0.396537,0.481504,0.615344,0.629812,0.476494,0.770608,0.480094,0.534496,0.592138,0.446540,0.741313,0.590548,0.512378,0.744836,0.659812
0.489244,0.582973,0.504794,0.474394,0.000000,0.593707,0.465076,0.533154,0.439988,0.677425,0.649643,0.623158,0.746927,0.658145,0.655845,0.523179,0.655231,0.502431,0.713072,0.671046,0.508646,0.631010,0.521765,0.440474,0.751680,0.472055,0.608206,0.707074,0.585027,0.529572,0.718341,0.521612,0.620765,0.567929,0.786198,0.617952,0.807411,0.463083,0.538176,0.654200,0.691597,0.769723,0.556489,0.633813,0.492101,0.738097,0.674443,0.492709,0.647030,0.740950,0.551230,0.774937,0.489566,0.847760,0.627789,0.817688,0.524058,0.534467,0.659522,0.700141,0.784164,0.640649,0.522019,0.553173,0.731579,0.816057,0.842841,0.716321,0.862727,0.819053,0.496301,0.501007,0.639573,0.571419,0.617315,0.442594,0.714106,0.497565,0.785244,0.759075,0.513171,0.817021,0.526427,0.816649,0.673879,0.628053,0.520809,0.542327,0.651749,0.702786,0.641867,0.829378,0.540221,0.557229,0.662235,0.553447,0.748663,0.689988,0.629743,0.813053,0.728668
0.510380,0.630475,0.540801,0.468159,0.593707,0.000000,0.497690,0.534039,0.504618,0.618365,0.589910,0.682930,0.611617,0.511197,0.607947,0.638305,0.569888,0.549668,0.665146,0.585498,0.396927,0.721023,0.652229,0.579948,0.706975,0.442897,0.570377,0.703758,0.581950,0.506252,0.735993,0.503897,0.499671,0.694872,0.704285,0.486348,0.823870,0.571537,0.594670,0.597327,0.749979,0.757527,0.574746,0.647560,0.515384,0.710811,0.551687,0.568256,0.479242,0.734603,0.524634,0.779516,0.595309,0.731232,0.655062,0.719360,0.611120,0.390256,0.616383,0.533775,0.617944,0.593414,0.590554,0.663818,0.607985,0.755746,0.832269,0.642128,0.785855,0.825004,0.534226,0.559745,0.616535,0.598343,0.609979,0.568834,0.557271,0.656838,0.832327,0.743181,0.601791,0.756758,0.547946,0.872517,0.664582,0.628903,0.621381,0.665170,0.629392,0.674034,0.594861,0.817089,0.568883,0.675041,0.651437,0.622491,0.720624,0.591020,0.621534,0.814711,0.747598
0.524144,0.560812,0.372299,0.357992,0.465076,0.497690,0.000000,0.446151,0.307896,0.481358,0.497584,0.515894,0.634835,0.444063,0.468956,0.351998,0.488300,0.343641,0.600259,0.516236,0.413370,0.625425,0.517075,0.300316,0.598303,0.346704,0.408043,0.620540,0.514749,0.418374,0.626506,0.366796,0.510583,0.463028,0.789336,0.443999,0.813746,0.263719,0.492975,0.396885,0.535691,0.758680,0.437453,0.615732,0.362337,0.604283,0.602735,0.328168,0.648556,0.737187,0.443003,0.749542,0.417886,0.788871,0.515899,0.776281,0.503180,0.408943,0.485059,0.516624,0.633969,0.493778,0.445446,0.409779,0.659669,0.686020,0.852308,0.483702,0.796702,0.816449,0.348478,0.373084,0.571957,0.483177,0.556322,0.293693,0.533997,0.334773,0.807857,0.797834,0.338939,0.797169,0.329692,0.842258,0.585637,0.422631,0.484289,0.446726,0.542257,0.595141,0.547303,0.805833,0.528056,0.443135,0.511101,0.387784,0.708214,0.589199,0.417804,0.697656,0.553106
0.527553,0.569857,0.180170,0.228734,0.533154,0.534039,0.446151,0.000000,0.441429,0.560296,0.522377,0.577765,0.608109,0.574318,0.593519,0.568537,0.561092,0.492403,0.646158,0.611159,0.497350,0.598597,0.706843,0.473609,0.661536,0.497650,0.549022,0.673716,0.525196,0.480156,0.611461,0.515891,0.545103,0.483115,0.772041,0.613665,0.825296,0.493549,0.551086,0.602758,0.701221,0.763665,0.536917,0.724775,0.414799,0.626871,0.638095,0.436219,0.648304,0.777493,0.540690,0.816778,0.564837,0.785734,0.629528,0.794605,0.512519,0.583227,0.622784,0.597557,0.668165,0.632184,0.531142,0.475336,0.757086,0.769688,0.834469,0.608498,0.843703,0.869561,0.488644,0.500245,0.638741,0.527082,0.426007,0.542565,0.644853,0.555311,0.814253,0.820485,0.545322,0.792603,0.528840,0.827219,0.742716,0.596454,0.524892,0.531148,0.646912,0.659753,0.603493,0.811940,0.563705,0.512653,0.638364,0.521249,0.717275,0.642543,0.585232,0.775941,0.633141
0.531024,0.552022,0.410948,0.307776,0.439988,0.504618,0.307896,0.441429,0.000000,0.591853,0.590563,0.616842,0.629371,0.567946,0.587302,0.311618,0.537238,0.406346,0.679440,0.520415,0.316376,0.628220,0.561248,0.389182,0.758089,0.287964,0.445137,0.657111,0.535222,0.396156,0.601318,0.296498,0.524571,0.416994,0.746661,0.493304,0.797398,0.398843,0.552171,0.513528,0.721876,0.731294,0.406027,0.550931,0.430393,0.594603,0.604969,0.248135,0.571388,0.763435,0.365041,0.683838,0.372235,0.759156,0.493912,0.773269,0.452737,0.370174,0.561170,0.586155,0.722293,0.536827,0.437812,0.410410,0.648651,0.765934,0.859783,0.555826,0.805465,0.815691,0.316008,0.355123,0.610779,0.402811,0.539940,0.298229,0.559526,0.492889,0.795280,0.746481,0.444363,0.755032,0.286777,0.847149,0.594035,0.472188,0.396737,0.386026,0.582030,0.645872,0.517465,0.737182,0.409494,0.467028,0.540309,0.429822,0.716897,0.557675,0.510890,0.756591,0.704832
0.535494,0.580146,0.415964,0.571958,0.677425,0.618365,0.481358,0.560296,0.591853,0.000000,0.322638,0.559486,0.629911,0.464347,0.095348,0.594671,0.466981,0.565659,0.574267,0.576167,0.656903,0.730989,0.651362,0.478922,0.500682,0.641248,0.484783,0.635027,0.514332,0.569727,0.649257,0.657399,0.533196,0.577495,0.833689,0.546057,0.856282,0.518070,0.654080,0.510789,0.670054,0.815678,0.562683,0.733281,0.598698,0.654601,0.670479,0.623196,0.603772,0.738924,0.629993,0.815102,0.683769,0.757952,0.694493,0.773552,0.710726,0.641090,0.560888,0.620406,0.534801,0.595194,0.654701,0.541698,0.742761,0.720631,0.834693,0.634784,0.906381,0.836144,0.582496,0.592393,0.577045,0.563772,0.738281,0.714310,0.699936,0.547557,0.827314,0.704242,0.580912,0.844821,0.648115,0.856694,0.710805,0.251276,0.618784,0.580253,0.642746,0.710239,0.629861,0.904912,0.711517,0.523201,0.623674,0.605101,0.631050,0.656215,0.498750,0.801631,0.422312
0.536116,0.593854,0.409320,0.550123,0.649643,0.589910,0.497584,0.522377,0.590563,0.322638,0.000000,0.547571,0.650039,0.500936,0.364439,0.671542,0.586840,0.539824,0.604638,0.673187,0.634813,0.724540,0.620773,0.550826,0.513898,0.604655,0.570387,0.632804,0.310380,0.493788,0.712140,0.631929,0.566961,0.617633,0.825253,0.602626,0.883530,0.539614,0.608286,0.556977,0.678404,0.764822,0.624254,0.788567,0.595045,0.706419,0.678670,0.543362,0.618501,0.693368,0.617302,0.799831,0.696780,0.721621,0.650100,0.715856,0.661925,0.649589,0.518438,0.569291,0.637801,0.569822,0.653033,0.557693,0.716090,0.708845,0.838399,0.706462,0.885180,0.866675,0.526519,0.527351,0.576025,0.580863,0.739949,0.738997,0.724342,0.579259,0.878010,0.699521,0.604233,0.806373,0.633175,0.849196,0.752585,0.420836,0.607565,0.640795,0.593725,0.698505,0.633576,0.886248,0.712674,0.541193,0.687764,0.530262,0.699629,0.651549,0.599228,0.804642,0.529871
0.537486,0.488222,0.526221,0.551265,0.623158,0.682930,0.515894,0.577765,0.616842,0.559486,0.547571,0.000000,0.590917,0.528973,0.535580,0.665432,0.680398,0.564931,0.441147,0.613876,0.668810,0.703664,0.602701,0.514135,0.419225,0.641947,0.672798,0.648238,0.573931,0.599942,0.628269,0.614287,0.544892,0.673059,0.747896,0.586284,0.795021,0.558997,0.672897,0.654530,0.590914,0.742492,0.618769,0.769918,0.690098,0.560899,0.688181,0.559054,0.617470,0.607023,0.696370,0.770872,0.586541,0.766617,0.645716,0.769364,0.664467,0.645643,0.628645,0.594995,0.609389,0.613268,0.667043,0.615800,0.705683,0.770310,0.861989,0.600960,0.877795,0.817123,0.644618,0.658238,0.594738,0.616634,0.679373,0.656156,0.698403,0.584553,0.810255,0.652831,0.658197,0.826626,0.602397,0.865103,0.725204,0.622072,0.711990,0.694751,0.601038,0.649406,0.484231,0.814533,0.739250,0.664345,0.606192,0.536466,0.721802,0.615444,0.716124,0.782428,0.701209
0.540897,0.556912,0.617065,0.588332,0.746927,0.611617,0.634835,0.608109,0.629371,0.629911,0.650039,0.590917,0.000000,0.519770,0.677091,0.768412,0.670763,0.543335,0.692278,0.557348,0.629520,0.569608,0.677836,0.622029,0.675764,0.548066,0.681041,0.691789,0.649956,0.620340,0.585327,0.644472,0.599872,0.774867,0.536603,0.613236,0.695930,0.679951,0.668723,0.599152,0.823682,0.624833,0.613698,0.729642,0.676820,0.459393,0.434085,0.707008,0.671687,0.728079,0.664742,0.679878,0.726661,0.639276,0.521899,0.588027,0.737728,0.593062,0.617524,0.590694,0.640774,0.629288,0.693134,0.732412,0.647417,0.628161,0.675753,0.649363,0.768062,0.784276,0.669595,0.680408,0.597055,0.673371,0.604874,0.673357,0.679458,0.669484,0.789763,0.756904,0.744262,0.707352,0.675706,0.646732,0.709418,0.713605,0.748666,0.748054,0.592207,0.477784,0.681145,0.653250,0.730827,0.733661,0.535214,0.597838,0.681079,0.622188,0.673586,0.756330,0.833622
0.541611,0.567514,0.524955,0.543570,0.658145,0.511197,0.444063,0.574318,0.567946,0.464347,0.500936,0.528973,0.519770,0.000000,0.498771,0.596356,0.549211,0.559174,0.582221,0.590511,0.570049,0.710525,0.641415,0.522895,0.584529,0.522384,0.536776,0.698793,0.540222,0.467716,0.699723,0.561869,0.499349,0.687714,0.625149,0.462539,0.747463,0.547014,0.649592,0.486043,0.679662,0.736019,0.488331,0.648257,0.596711,0.637713,0.514160,0.562927,0.566741,0.593519,0.584919,0.756561,0.544368,0.778645,0.632376,0.683565,0.618379,0.498816,0.441683,0.379540,0.439091,0.439187,0.629554,0.622441,0.581499,0.728206,0.803029,0.639789,0.809261,0.777983,0.536541,0.538578,0.535238,0.587549,0.657673,0.598411,0.668643,0.586803,0.764755,0.716404,0.601895,0.766258,0.545027,0.828699,0.625350,0.514992,0.665858,0.692490,0.520854,0.593845,0.561095,0.802951,0.662257,0.659254,0.545478,0.552252,0.709947,0.589914,0.550707,0.766012,0.637230
0.542142,0.564223,0.425409,0.572706,0.655845,0.607947,0.468956,0.593519,0.587302,0.095348,0.364439,0.535580,0.677091,0.498771,0.000000,0.605090,0.489427,0.591787,0.567253,0.596464,0.638179,0.731694,0.649966,0.481114,0.544318,0.619020,0.491987,0.692039,0.505622,0.564719,0.688942,0.620961,0.512841,0.577992,0.815081,0.552417,0.862667,0.514721,0.671878,0.506908,0.648989,0.805413,0.547127,0.729283,0.603781,0.686138,0.666518,0.584449,0.590644,0.734509,0.621162,0.840998,0.648857,0.754951,0.703468,0.783071,0.679485,0.628520,0.554169,0.645577,0.528210,0.547576,0.657343,0.538822,0.747504,0.746491,0.820995,0.607986,0.916347,0.844697,0.594069,0.602140,0.575402,0.565993,0.745841,0.712963,0.689673,0.560837,0.829614,0.728962,0.571999,0.852414,0.615940,0.872390,0.704730,0.245873,0.616700,0.574924,0.623157,0.717374,0.629226,0.922368,0.709549,0.570649,0.654049,0.618073,0.666031,0.637984,0.500023,0.798803,0.406985
0.544979,0.567931,0.499780,0.509646,0.523179,0.638305,0.351998,0.568537,0.311618,0.594671,0.671542,0.665432,0.768412,0.596356,0.605090,0.000000,0.467344,0.520525,0.615951,0.515333,0.516287,0.671081,0.603221,0.411073,0.679869,0.450773,0.355953,0.697048,0.713716,0.550420,0.691030,0.469855,0.611168,0.423949,0.777485,0.481832,0.789824,0.387727,0.583632,0.466342,0.508555,0.844712,0.413074,0.678162,0.453129,0.718071,0.704158,0.397176,0.653190,0.823847,0.535639,0.726544,0.481548,0.814909,0.654923,0.812350,0.603953,0.506748,0.567873,0.715196,0.616774,0.580063,0.515742,0.482230,0.765992,0.778900,0.854374,0.536752,0.818578,0.852350,0.493460,0.504386,0.670935,0.506159,0.679423,0.299189,0.580461,0.446923,0.782097,0.775005,0.383753,0.773506,0.480275,0.842939,0.688146,0.477758,0.524625,0.340511,0.639125,0.698362,0.617309,0.781891,0.563512,0.368432,0.538473,0.484756,0.735604,0.600857,0.507028,0.752645,0.695187
0.545765,0.627185,0.485100,0.553982,0.655231,0.569888,0.488300,0.561092,0.537238,0.466981,0.586840,0.680398,0.670763,0.549211,0.489427,0.467344,0.000000,0.621535,0.592011,0.388291,0.559710,0.739841,0.785923,0.535336,0.598558,0.520911,0.141497,0.639742,0.686625,0.597198,0.638918,0.594228,0.488070,0.609429,0.809195,0.489046,0.847930,0.514963,0.667880,0.369358,0.687157,0.868821,0.368093,0.788942,0.516259,0.686064,0.582250,0.587733,0.643096,0.771379,0.624614,0.864944,0.582936,0.772724,0.731849,0.831998,0.655754,0.524579,0.603659,0.604783,0.636623,0.576513,0.705328,0.596711,0.786478,0.832824,0.856589,0.649760,0.902392,0.885003,0.604565,0.623476,0.640652,0.600310,0.713006,0.570536,0.675223,0.606993,0.822843,0.725202,0.551973,0.829580,0.565469,0.868561,0.757941,0.469891,0.607927,0.481567,0.635967,0.688963,0.652493,0.905910,0.696672,0.456596,0.500332,0.610128,0.567671,0.524998,0.410306,0.732571,0.725222
0.550329,0.584914,0.482768,0.420969,0.502431,0.549668,0.343641,0.492403,0.406346,0.565659,0.539824,0.564931,0.543335,0.559174,0.591787,0.520525,0.621535,0.000000,0.651592,0.481473,0.486000,0.552977,0.500561,0.317770,0.711985,0.365919,0.564897,0.680866,0.506500,0.400513,0.568206,0.428650,0.540290,0.556057,0.756605,0.467410,0.788030,0.381706,0.254892,0.513752,0.664032,0.701689,0.529479,0.658436,0.366021,0.517312,0.539881,0.401874,0.555249,0.794667,0.446271,0.700936,0.444196,0.655482,0.466943,0.690749,0.515829,0.435518,0.560278,0.529140,0.685698,0.543943,0.432141,0.499335,0.631710,0.681663,0.833901,0.635978,0.800355,0.788997,0.407826,0.440027,0.631603,0.518957,0.583899,0.424691,0.552294,0.462801,0.791129,0.766454,0.467736,0.770392,0.416038,0.881154,0.620094,0.555541,0.524238,0.494756,0.629103,0.522109,0.564276,0.718220,0.533175,0.514588,0.458884,0.441087,0.696031,0.593167,0.580348,0.717294,0.695117
0.552769,0.500460,0.585362,0.655745,0.713072,0.665146,0.600259,0.646158,0.679440,0.574267,0.604638,0.441147,0.692278,0.582221,0.567253,0.615951,0.592011,0.651592,0.000000,0.601168,0.656905,0.753223,0.686376,0.656832,0.236062,0.665831,0.596768,0.524888,0.542841,0.607469,0.718028,0.651260,0.453615,0.754605,0.784241,0.577592,0.762142,0.671303,0.707606,0.633711,0.659839,0.794363,0.659181,0.809393,0.731343,0.695728,0.710036,0.581431,0.521535,0.681968,0.750180,0.801971,0.608822,0.756940,0.749313,0.746381,0.750996,0.658450,0.677595,0.565503,0.410995,0.627433,0.737760,0.710309,0.655059,0.850521,0.838086,0.617478,0.848861,0.835620,0.654281,0.666824,0.715373,0.678941,0.826992,0.731658,0.692217,0.715601,0.790668,0.550791,0.716021,0.883202,0.659627,0.847669,0.778901,0.639803,0.752298,0.728020,0.682544,0.626095,0.478372,0.839315,0.787454,0.742952,0.700829,0.680586,0.643381,0.547298,0.679303,0.818192,0.729163
0.558369,0.604376,0.588869,0.560031,0.671046,0.585498,0.516236,0.611159,0.520415,0.576167,0.673187,0.613876,0.557348,0.590511,0.596464,0.515333,0.388291,0.481473,0.601168,0.000000,0.582109,0.658145,0.787228,0.544101,0.645572,0.506010,0.359278,0.633995,0.727881,0.603375,0.661448,0.519146,0.611640,0.635199,0.739186,0.583628,0.735397,0.552894,0.663070,0.440692,0.752512,0.782169,0.432507,0.754314,0.561195,0.530947,0.545460,0.569427,0.672526,0.786128,0.630148,0.707744,0.538108,0.651589,0.486586,0.706022,0.689875,0.525793,0.592906,0.645814,0.666807,0.622572,0.658066,0.624732,0.795284,0.761429,0.768027,0.691864,0.794511,0.824768,0.601493,0.621426,0.649657,0.590436,0.684460,0.467517,0.634597,0.641868,0.742533,0.738957,0.605574,0.718368,0.548700,0.819270,0.746853,0.617940,0.663919,0.514837,0.642823,0.549703,0.622030,0.683018,0.691007,0.552004,0.213426,0.567584,0.675832,0.571507,0.493126,0.744367,0.789284
0.558795,0.600023,0.441796,0.290406,0.508646,0.396927,0.413370,0.497350,0.316376,0.656903,0.634813,0.668810,0.629520,0.570049,0.638179,0.516287,0.559710,0.486000,0.656905,0.582109,0.000000,0.693493,0.631961,0.502805,0.766587,0.320116,0.532297,0.690187,0.559522,0.402381,0.730466,0.219978,0.486237,0.520659,0.711566,0.464858,0.895579,0.526273,0.574023,0.597900,0.746439,0.832676,0.460280,0.556020,0.496882,0.705320,0.572917,0.333399,0.483514,0.817886,0.367844,0.766151,0.293955,0.791415,0.613005,0.837787,0.449239,0.333422,0.655743,0.506570,0.686489,0.606363,0.474448,0.455822,0.592500,0.795904,0.908162,0.686900,0.823128,0.865916,0.316167,0.362188,0.675017,0.443782,0.582553,0.426038,0.556414,0.623795,0.897493,0.753133,0.552187,0.815987,0.230273,0.881904,0.594500,0.613783,0.401902,0.520516,0.640257,0.721348,0.460081,0.817345,0.495980,0.599398,0.635905,0.529039,0.736669,0.554334,0.568992,0.803552,0.793278
0.560355,0.639090,0.658384,0.606624,0.631010,0.721023,0.625425,0.598597,0.628220,0.730989,0.724540,0.703664,0.569608,0.710525,0.731694,0.671081,0.739841,0.552977,0.753223,0.658145,0.693493,0.000000,0.649203,0.663203,0.736780,0.635837,0.711699,0.734300,0.693303,0.703063,0.657615,0.663690,0.753075,0.724266,0.717016,0.690629,0.840128,0.668262,0.584899,0.676850,0.773903,0.629130,0.629568,0.673118,0.626973,0.672451,0.522085,0.702333,0.798854,0.821036,0.571092,0.717125,0.733839,0.700369,0.487151,0.655993,0.743282,0.703668,0.742932,0.731534,0.810368,0.770921,0.576555,0.757059,0.762838,0.673122,0.801405,0.678560,0.760509,0.841819,0.674096,0.663555,0.699169,0.601169,0.584196,0.634300,0.673304,0.708037,0.872102,0.745937,0.683940,0.704790,0.691753,0.686630,0.720901,0.740335,0.750598,0.691782,0.693423,0.637747,0.753152,0.738926,0.693079,0.711557,0.636436,0.655037,0.726966,0.763099,0.714177,0.801432,0.812281
0.560551,0.546003,0.672441,0.639240,0.521765,0.652229,0.517075,0.706843,0.561248,0.651362,0.620773,0.602701,0.677836,0.641415,0.649966,0.603221,0.785923,0.500561,0.686376,0.787228,0.631961,0.649203,0.000000,0.478688,0.676319,0.580204,0.714241,0.709485,0.560164,0.579498,0.684560,0.587401,0.649068,0.708023,0.790377,0.509287,0.735608,0.482582,0.607561,0.699754,0.603809,0.626263,0.707539,0.608604,0.577020,0.646020,0.690663,0.549392,0.666649,0.763142,0.530612,0.616743,0.597536,0.751639,0.617994,0.605281,0.568688,0.602500,0.579678,0.628265,0.681163,0.583184,0.625310,0.650883,0.665472,0.626018,0.784353,0.590298,0.702026,0.832614,0.482934,0.510309,0.554089,0.662049,0.674281,0.585851,0.576360,0.523897,0.756764,0.684030,0.536244,0.625042,0.590105,0.766159,0.593116,0.621021,0.680603,0.677794,0.562842,0.643890,0.590786,0.709696,0.609843,0.687527,0.719099,0.590208,0.699605,0.737075,0.762217,0.784382,0.729019
0.562494,0.551977,0.444502,0.411041,0.440474,0.579948,0.300316,0.473609,0.389182,0.478922,0.550826,0.514135,0.622029,0.522895,0.481114,0.411073,0.535336,0.317770,0.656832,0.544101,0.502805,0.663203,0.478688,0.000000,0.660759,0.403152,0.459285,0.695675,0.542464,0.497259,0.640922,0.439229,0.526148,0.499638,0.758750,0.480123,0.786056,0.136504,0.501750,0.469269,0.538374,0.792214,0.440380,0.676233,0.346383,0.583651,0.605743,0.383808,0.625560,0.743141,0.511419,0.738448,0.463863,0.781151,0.541338,0.747144,0.541241,0.481682,0.509294,0.561088,0.667758,0.500819,0.513894,0.431617,0.766509,0.733343,0.776377,0.508200,0.830046,0.850663,0.436289,0.465707,0.553067,0.515409,0.611435,0.365409,0.583109,0.250266,0.784714,0.778164,0.245763,0.802422,0.435340,0.877580,0.618868,0.417470,0.518438,0.400698,0.529043,0.543183,0.609806,0.814645,0.588621,0.393188,0.504455,0.457581,0.657266,0.572994,0.503577,0.737484,0.712869
0.562981,0.529890,0.567268,0.686928,0.751680,0.706975,0.598303,0.661536,0.758089,0.500682,0.513898,0.419225,0.675764,0.584529,0.544318,0.679869,0.598558,0.711985,0.236062,0.645572,0.766587,0.736780,0.676319,0.660759,0.000000,0.769388,0.642820,0.514914,0.648552,0.661643,0.728622,0.726223,0.562699,0.799204,0.772719,0.643059,0.779224,0.666363,0.803866,0.638962,0.558607,0.855511,0.667727,0.843411,0.788287,0.678234,0.715477,0.722338,0.653106,0.673134,0.782829,0.849043,0.716723,0.769666,0.734245,0.807740,0.772154,0.731661,0.666548,0.584726,0.481087,0.696381,0.797517,0.737437,0.763653,0.787219,0.838860,0.603198,0.922878,0.905472,0.700398,0.696205,0.674646,0.718862,0.830094,0.800820,0.818238,0.639844,0.805175,0.557433,0.750236,0.936734,0.741159,0.884337,0.815653,0.617220,0.790075,0.795204,0.701938,0.681659,0.527698,0.878725,0.835373,0.717212,0.684697,0.679120,0.642052,0.597467,0.644052,0.809019,0.687397
0.570967,0.593852,0.486561,0.329161,0.472055,0.442897,0.346704,0.497650,0.287964,0.641248,0.604655,0.641947,0.548066,0.522384,0.619020,0.450773,0.520911,0.365919,0.665831,0.506010,0.320116,0.635837,0.580204,0.403152,0.769388,0.000000,0.438185,0.676073,0.542482,0.317057,0.676584,0.261825,0.459868,0.491972,0.676357,0.422829,0.811634,0.416441,0.512152,0.435703,0.731818,0.746807,0.386524,0.607914,0.435990,0.647739,0.477833,0.313926,0.510002,0.724914,0.393640,0.692181,0.298496,0.712766,0.520395,0.725950,0.452531,0.197495,0.511330,0.514492,0.668558,0.468160,0.506792,0.413746,0.556949,0.701556,0.857302,0.625692,0.812755,0.827924,0.350387,0.408591,0.590531,0.435714,0.554877,0.297486,0.532958,0.500900,0.848741,0.789418,0.488210,0.720873,0.288269,0.842967,0.591190,0.570746,0.461782,0.496215,0.538765,0.527123,0.514653,0.749198,0.468098,0.566068,0.536208,0.438113,0.720268,0.447368,0.535107,0.768280,0.772074
0.571136,0.639770,0.481766,0.522025,0.608206,0.570377,0.408043,0.549022,0.445137,0.484783,0.570387,0.672798,0.681041,0.536776,0.491987,0.355953,0.141497,0.564897,0.596768,0.359278,0.532297,0.711699,0.714241,0.459285,0.642820,0.438185,0.000000,0.643216,0.642876,0.537600,0.652922,0.504797,0.516896,0.520615,0.767843,0.418363,0.845818,0.432069,0.630746,0.337645,0.654973,0.814452,0.313411,0.759702,0.438213,0.672707,0.542849,0.509350,0.632351,0.770352,0.574845,0.787697,0.514885,0.823001,0.642190,0.812844,0.659237,0.443606,0.546288,0.622190,0.630301,0.520889,0.610349,0.518519,0.752215,0.812423,0.837378,0.628138,0.885545,0.884667,0.535962,0.558476,0.600552,0.554629,0.711155,0.424114,0.603700,0.542062,0.823715,0.750205,0.453274,0.792383,0.507187,0.831827,0.736510,0.453428,0.559167,0.396533,0.563124,0.656243,0.626406,0.862452,0.650451,0.401281,0.454794,0.533726,0.618572,0.508170,0.403897,0.715026,0.692601
0.575397,0.620333,0.648022,0.642759,0.707074,0.703758,0.620540,0.673716,0.657111,0.635027,0.632804,0.648238,0.691789,0.698793,0.692039,0.697048,0.639742,0.680866,0.524888,0.633995,0.690187,0.734300,0.709485,0.695675,0.514914,0.676073,0.643216,0.000000,0.685441,0.695094,0.761993,0.692916,0.567282,0.713211,0.827078,0.693197,0.815921,0.664881,0.739089,0.643985,0.747254,0.867273,0.684152,0.823966,0.715280,0.744882,0.646466,0.685071,0.713444,0.759703,0.751302,0.873613,0.652995,0.772196,0.794782,0.835976,0.738005,0.722035,0.791455,0.652764,0.622359,0.732224,0.717892,0.649962,0.793389,0.789017,0.835138,0.762098,0.891570,0.902267,0.699665,0.728278,0.746375,0.725186,0.861688,0.734144,0.758645,0.657751,0.795031,0.545620,0.732509,0.927738,0.670941,0.830862,0.808634,0.728201,0.753629,0.743427,0.734290,0.712459,0.674598,0.864289,0.774728,0.743868,0.722495,0.680572,0.648130,0.570614,0.680849,0.754183,0.734532
0.575993,0.597912,0.493964,0.483916,0.585027,0.581950,0.514749,0.525196,0.535222,0.514332,0.310380,0.573931,0.649956,0.540222,0.505622,0.713716,0.686625,0.506500,0.542841,0.727881,0.559522,0.693303,0.560164,0.542464,0.648552,0.542482,0.642876,0.685441,0.000000,0.437266,0.692236,0.522340,0.540572,0.622285,0.757582,0.541550,0.779964,0.543360,0.601137,0.632529,0.738181,0.663130,0.645411,0.720468,0.590117,0.698276,0.632770,0.428638,0.544105,0.700761,0.575673,0.756751,0.588716,0.747532,0.634021,0.683958,0.591196,0.575691,0.604163,0.534939,0.594469,0.513123,0.625560,0.527666,0.637540,0.683780,0.821948,0.722986,0.794930,0.795660,0.426338,0.473728,0.546479,0.618733,0.679035,0.678543,0.653666,0.603247,0.803102,0.686301,0.574863,0.715982,0.521277,0.779138,0.700486,0.535138,0.547114,0.630357,0.470859,0.645699,0.579393,0.822480,0.657922,0.624068,0.751419,0.512991,0.703073,0.633353,0.669786,0.742624,0.710452
0.578073,0.557520,0.438321,0.359693,0.529572,0.506252,0.418374,0.480156,0.396156,0.569727,0.493788,0.599942,0.620340,0.467716,0.564719,0.550420,0.597198,0.400513,0.607469,0.603375,0.402381,0.703063,0.579498,0.497259,0.661643,0.317057,0.537600,0.695094,0.437266,0.000000,0.780477,0.329755,0.429338,0.468759,0.735619,0.387402,0.827387,0.538217,0.497220,0.510096,0.762921,0.710357,0.461216,0.600447,0.514586,0.752058,0.576899,0.378379,0.445092,0.704525,0.407789,0.747935,0.384044,0.745405,0.569513,0.735511,0.423785,0.361130,0.516405,0.393842,0.654422,0.474769,0.501835,0.395418,0.550007,0.757396,0.847298,0.632009,0.863184,0.778746,0.303116,0.340952,0.576956,0.451801,0.526889,0.473362,0.595356,0.592449,0.822299,0.734056,0.581678,0.815410,0.342420,0.819950,0.574426,0.555799,0.425035,0.492449,0.590627,0.572763,0.486664,0.817388,0.463546,0.509442,0.625069,0.451866,0.713380,0.527696,0.565828,0.748853,0.694189
0.578388,0.682068,0.623930,0.657567,0.718341,0.735993,0.626506,0.611461,0.601318,0.649257,0.712140,0.628269,0.585327,0.699723,0.688942,0.691030,0.638918,0.568206,0.718028,0.661448,0.730466,0.657615,0.684560,0.640922,0.728622,0.676584,0.652922,0.761993,0.692236,0.780477,0.000000,0.775760,0.648702,0.792668,0.696584,0.685215,0.806620,0.650160,0.627191,0.736402,0.740352,0.744866,0.654253,0.760952,0.660732,0.182216,0.609021,0.704756,0.829265,0.680502,0.756851,0.766887,0.754902,0.772491,0.638659,0.825927,0.746129,0.705978,0.702685,0.735211,0.763826,0.726961,0.763661,0.822991,0.823671,0.781058,0.909358,0.750610,0.797991,0.911468,0.730147,0.725668,0.743829,0.768284,0.700389,0.710795,0.705392,0.743636,0.820818,0.822733,0.634316,0.784906,0.763077,0.787897,0.783689,0.708173,0.811402,0.660746,0.734114,0.709805,0.688160,0.786629,0.747317,0.657987,0.658994,0.721090,0.766444,0.748921,0.728237,0.861844,0.791054
0.579262,0.549478,0.463635,0.301537,0.521612,0.503897,0.366796,0.515891,0.296498,0.657399,0.631929,0.614287,0.644472,0.561869,0.620961,0.469855,0.594228,0.428650,0.651260,0.519146,0.219978,0.663690,0.587401,0.439229,0.726223,0.261825,0.504797,0.692916,0.522340,0.329755,0.775760,0.000000,0.482038,0.496516,0.692412,0.464547,0.811381,0.480230,0.586308,0.519859,0.712130,0.787409,0.396836,0.572928,0.534422,0.698678,0.560622,0.276099,0.491708,0.791198,0.382449,0.705731,0.240222,0.745133,0.563968,0.777294,0.386175,0.340311,0.586452,0.484751,0.676953,0.535658,0.457857,0.403876,0.594769,0.737410,0.874616,0.612841,0.796340,0.785945,0.274322,0.338254,0.590845,0.404689,0.590123,0.339095,0.581431,0.559415,0.821185,0.704871,0.548423,0.801395,0.142664,0.872068,0.563994,0.562433,0.384474,0.490295,0.559555,0.631896,0.409237,0.773176,0.451291,0.575793,0.581699,0.420004,0.719064,0.495640,0.538224,0.740892,0.794342
0.580248,0.554858,0.515944,0.522212,0.620765,0.499671,0.510583,0.545103,0.524571,0.533196,0.566961,0.544892,0.599872,0.499349,0.512841,0.611168,0.488070,0.540290,0.453615,0.611640,0.486237,0.753075,0.649068,0.526148,0.562699,0.459868,0.516896,0.567282,0.540572,0.429338,0.648702,0.482038,0.000000,0.657336,0.657178,0.440924,0.796623,0.579568,0.618381,0.514219,0.763373,0.790475,0.428282,0.680054,0.603313,0.628274,0.495583,0.491522,0.433175,0.683891,0.595933,0.828588,0.496526,0.801772,0.643276,0.778861,0.586768,0.428130,0.663938,0.375199,0.543902,0.582179,0.673199,0.634023,0.571002,0.839378,0.859865,0.592556,0.895321,0.852915,0.570793,0.602514,0.634207,0.574268,0.684551,0.596420,0.654610,0.663449,0.786500,0.736491,0.624007,0.860129,0.490306,0.885939,0.665965,0.550165,0.629413,0.625498,0.591028,0.549183,0.488199,0.875665,0.686964,0.617052,0.591304,0.612066,0.695899,0.349549,0.584915,0.755720,0.779630
0.580362,0.643281,0.446772,0.408692,0.567929,0.694872,0.463028,0.483115,0.416994,0.577495,0.617633,0.673059,0.774867,0.687714,0.577992,0.423949,0.609429,0.556057,0.754605,0.635199,0.520659,0.724266,0.708023,0.499638,0.799204,0.491972,0.520615,0.713211,0.622285,0.468759,0.792668,0.496516,0.657336,0.000000,0.821271,0.575072,0.903757,0.484233,0.553740,0.593871,0.636054,0.813107,0.593731,0.732563,0.460922,0.791954,0.726405,0.454294,0.701824,0.836654,0.536640,0.812574,0.586944,0.845250,0.720483,0.902271,0.490945,0.599096,0.655808,0.695352,0.765524,0.670490,0.434903,0.173019,0.769548,0.795991,0.888859,0.736040,0.884785,0.827722,0.420209,0.448236,0.725748,0.493488,0.592777,0.538763,0.579557,0.498324,0.857843,0.802490,0.476438,0.849716,0.535068,0.891769,0.705647,0.591373,0.300319,0.388078,0.693175,0.753465,0.702199,0.853001,0.520020,0.434458,0.710589,0.584745,0.802033,0.649881,0.628646,0.798890,0.655412
0.581561,0.645031,0.763680,0.732620,0.786198,0.704285,0.789336,0.772041,0.746661,0.833689,0.825253,0.747896,0.536603,0.625149,0.815081,0.777485,0.809195,0.756605,0.784241,0.739186,0.711566,0.717016,0.790377,0.758750,0.772719,0.676357,0.767843,0.827078,0.757582,0.735619,0.696584,0.692412,0.657178,0.821271,0.000000,0.726325,0.607241,0.769050,0.851101,0.767749,0.805058,0.687143,0.704279,0.679954,0.820465,0.606499,0.561774,0.775792,0.758974,0.799135,0.746232,0.588424,0.781093,0.785035,0.631484,0.682763,0.839444,0.701547,0.746145,0.630948,0.711135,0.720989,0.797524,0.827992,0.675425,0.700828,0.671177,0.756613,0.743076,0.661374,0.796663,0.814731,0.696648,0.723556,0.752015,0.712152,0.820020,0.838458,0.640846,0.819016,0.778658,0.674382,0.702199,0.733507,0.693907,0.818717,0.818596,0.806002,0.664560,0.652083,0.677621,0.702448,0.794185,0.801676,0.732402,0.744554,0.763899,0.690285,0.742464,0.652972,0.912489
0.583182,0.628120,0.580718,0.528944,0.617952,0.486348,0.443999,0.613665,0.493304,0.546057,0.602626,0.586284,0.613236,0.462539,0.552417,0.481832,0.489046,0.467410,0.577592,0.583628,0.464858,0.690629,0.509287,0.480123,0.643059,0.422829,0.418363,0.693197,0.541550,0.387402,0.685215,0.464547,0.440924,0.575072,0.726325,0.000000,0.868625,0.522606,0.541626,0.497036,0.658960,0.811882,0.406202,0.668178,0.516632,0.700231,0.474648,0.475833,0.493790,0.698616,0.531939,0.833347,0.509584,0.886642,0.640203,0.738271,0.597711,0.427713,0.571032,0.476147,0.513772,0.470263,0.617634,0.561520,0.545543,0.789111,0.891359,0.626570,0.915157,0.807967,0.405189,0.455686,0.570552,0.519198,0.684916,0.493596,0.462142,0.571834,0.856197,0.726170,0.521931,0.827910,0.472529,0.756915,0.684468,0.520246,0.556465,0.541578,0.499070,0.666094,0.552083,0.870105,0.564698,0.548227,0.582201,0.565268,0.721152,0.518874,0.563487,0.791608,0.711311
0.583807,0.554660,0.840835,0.797560,0.807411,0.823870,0.813746,0.825296,0.797398,0.856282,0.883530,0.795021,0.695930,0.747463,0.862667,0.789824,0.847930,0.788030,0.762142,0.735397,0.895579,0.840128,0.735608,0.786056,0.779224,0.811634,0.845818,0.815921,0.779964,0.827387,0.806620,0.811381,0.796623,0.903757,0.607241,0.868625,0.000000,0.803116,0.846015,0.787838,0.840538,0.675557,0.796881,0.811576,0.839733,0.706348,0.776228,0.811946,0.796111,0.768961,0.894371,0.532397,0.838471,0.650910,0.756729,0.574217,0.809629,0.818206,0.791518,0.792581,0.791315,0.783327,0.777415,0.866139,0.773245,0.626883,0.602185,0.734384,0.569000,0.439472,0.901373,0.908034,0.683748,0.814873,0.762025,0.836544,0.847428,0.798948,0.127432,0.832819,0.816744,0.621261,0.809855,0.653784,0.740604,0.853996,0.936701,0.823145,0.650435,0.588239,0.814195,0.518275,0.838886,0.813065,0.694101,0.704747,0.749796,0.743525,0.815610,0.343430,0.904749
0.583826,0.593781,0.438383,0.444338,0.463083,0.571537,0.263719,0.493549,0.398843,0.518070,0.539614,0.558997,0.679951,0.547014,0.514721,0.387727,0.514963,0.381706,0.671303,0.552894,0.526273,0.668262,0.482582,0.136504,0.666363,0.416441,0.432069,0.664881,0.543360,0.538217,0.650160,0.480230,0.579568,0.484233,0.769050,0.522606,0.803116,0.000000,0.532248,0.471803,0.518028,0.791076,0.507059,0.677311,0.207726,0.609871,0.652539,0.417422,0.665322,0.753173,0.505330,0.771299,0.528427,0.766686,0.586397,0.750821,0.537040,0.479431,0.494373,0.598082,0.686374,0.467647,0.499653,0.428431,0.749395,0.706692,0.804126,0.556704,0.787852,0.862928,0.458448,0.490220,0.530637,0.553628,0.632596,0.372564,0.581019,0.147246,0.787199,0.742716,0.075885,0.793038,0.475786,0.944926,0.636024,0.472257,0.529032,0.412119,0.496187,0.567376,0.620306,0.819097,0.606735,0.412728,0.549141,0.435821,0.651707,0.599157,0.516174,0.710674,0.635433
0.585427,0.694022,0.555161,0.540015,0.538176,0.594670,0.492975,0.551086,0.552171,0.654080,0.608286,0.672897,0.668723,0.649592,0.671878,0.583632,0.667880,0.254892,0.707606,0.663070,0.574023,0.584899,0.607561,0.501750,0.803866,0.512152,0.630746,0.739089,0.601137,0.497220,0.627191,0.586308,0.618381,0.553740,0.851101,0.541626,0.846015,0.532248,0.000000,0.650144,0.666164,0.761979,0.666458,0.724870,0.362113,0.674218,0.628068,0.555428,0.609378,0.851408,0.531398,0.774166,0.586515,0.756551,0.618402,0.821694,0.546865,0.523911,0.672754,0.634108,0.770785,0.655720,0.399889,0.598512,0.707857,0.779739,0.893487,0.714385,0.881581,0.838875,0.496775,0.506813,0.709112,0.620937,0.646098,0.572980,0.606489,0.615075,0.835824,0.797990,0.545769,0.839020,0.606692,0.862797,0.750507,0.684694,0.566132,0.541928,0.727596,0.755989,0.698640,0.818649,0.555083,0.555629,0.625167,0.605230,0.747708,0.689017,0.697284,0.734849,0.739595
0.585462,0.622436,0.513078,0.519964,0.654200,0.597327,0.396885,0.602758,0.513528,0.510789,0.556977,0.654530,0.599152,0.486043,0.506908,0.466342,0.369358,0.513752,0.633711,0.440692,0.597900,0.676850,0.699754,0.469269,0.638962,0.435703,0.337645,0.643985,0.632529,0.510096,0.736402,0.519859,0.514219,0.593871,0.767749,0.497036,0.787838,0.471803,0.650144,0.000000,0.729727,0.831776,0.348023,0.735640,0.545159,0.681343,0.587236,0.555395,0.619917,0.706308,0.555739,0.807346,0.512364,0.768842,0.580705,0.753785,0.632815,0.464199,0.598305,0.577933,0.601013,0.607847,0.633536,0.530460,0.727603,0.785696,0.796428,0.572071,0.824446,0.821052,0.543052,0.537911,0.632799,0.473100,0.704266,0.511788,0.574390,0.561705,0.762362,0.782023,0.559784,0.792187,0.499501,0.792155,0.661525,0.530512,0.597196,0.496129,0.622079,0.562827,0.626122,0.836681,0.694449,0.520268,0.493012,0.587583,0.677971,0.512771,0.343737,0.733243,0.675658
0.586343,0.626336,0.622369,0.704312,0.691597,0.749979,0.535691,0.701221,0.721876,0.670054,0.678404,0.590914,0.823682,0.679662,0.648989,0.508555,0.687157,0.664032,0.659839,0.752512,0.746439,0.773903,0.603809,0.538374,0.558607,0.731818,0.654973,0.747254,0.738181,0.762921,0.740352,0.712130,0.763373,0.636054,0.805058,0.658960,0.840538,0.518028,0.666164,0.729727,0.000000,0.929449,0.757991,0.810676,0.639085,0.750038,0.774129,0.661036,0.824357,0.745268,0.704159,0.811248,0.742063,0.771131,0.790059,0.908614,0.714162,0.791289,0.627370,0.714600,0.642158,0.615478,0.679532,0.667956,0.829677,0.746908,0.837549,0.650456,0.837921,0.766583,0.685199,0.679662,0.652643,0.755222,0.766806,0.604966,0.752290,0.518407,0.791114,0.677595,0.559620,0.826457,0.737755,0.828211,0.809697,0.699654,0.730057,0.671696,0.673229,0.813506,0.677325,0.857973,0.786086,0.590998,0.717190,0.629514,0.753389,0.733787,0.711379,0.745357,0.722205
0.587748,0.635811,0.791383,0.750659,0.769723,0.757527,0.758680,0.763665,0.731294,0.815678,0.764822,0.742492,0.624833,0.736019,0.805413,0.844712,0.868821,0.701689,0.794363,0.782169,0.832676,0.629130,0.626263,0.792214,0.855511,0.746807,0.814452,0.867273,0.663130,0.710357,0.744866,0.787409,0.790475,0.813107,0.687143,0.811882,0.675557,0.791076,0.761979,0.831776,0.929449,0.000000,0.813550,0.551247,0.796566,0.763201,0.695549,0.767386,0.760996,0.824037,0.636849,0.533549,0.809740,0.725540,0.616285,0.469076,0.837982,0.767210,0.771519,0.663408,0.865522,0.793606,0.720843,0.808493,0.676362,0.575752,0.605721,0.791228,0.521089,0.776868,0.752109,0.762668,0.726615,0.754177,0.642414,0.743804,0.737586,0.840879,0.756819,0.933274,0.815817,0.503800,0.771405,0.635934,0.542651,0.773586,0.832274,0.790390,0.720418,0.544805,0.732523,0.563252,0.766857,0.825360,0.795399,0.706902,0.827437,0.827951,0.860767,0.671452,0.892446
0.589705,0.598868,0.483524,0.448954,0.556489,0.574746,0.437453,0.536917,0.406027,0.562683,0.624254,0.618769,0.613698,0.488331,0.547127,0.413074,0.368093,0.529479,0.659181,0.432507,0.460280,0.629568,0.707539,0.440380,0.667727,0.386524,0.313411,0.684152,0.645411,0.461216,0.654253,0.396836,0.428282,0.593731,0.704279,0.406202,0.796881,0.507059,0.666458,0.348023,0.757991,0.813550,0.000000,0.688437,0.534363,0.630960,0.461008,0.455749,0.573564,0.738673,0.495443,0.753997,0.382475,0.837854,0.559471,0.782989,0.570697,0.417448,0.582473,0.589124,0.638314,0.547421,0.599756,0.574580,0.672393,0.845301,0.845385,0.546162,0.904142,0.876766,0.515904,0.530782,0.584125,0.463308,0.663886,0.436546,0.625752,0.589368,0.815986,0.784845,0.562770,0.802102,0.386163,0.868905,0.664362,0.461344,0.556649,0.480370,0.544983,0.599951,0.568984,0.817095,0.577395,0.508815,0.500508,0.500018,0.748348,0.449878,0.396320,0.768526,0.783406
0.589765,0.657817,0.678621,0.619978,0.633813,0.647560,0.615732,0.724775,0.550931,0.733281,0.788567,0.769918,0.729642,0.648257,0.729283,0.678162,0.788942,0.658436,0.809393,0.754314,0.556020,0.673118,0.608604,0.676233,0.843411,0.607914,0.759702,0.823966,0.720468,0.600447,0.760952,0.572928,0.680054,0.732563,0.679954,0.668178,0.811576,0.677311,0.724870,0.735640,0.810676,0.551247,0.688437,0.000000,0.705171,0.778829,0.693982,0.617793,0.667155,0.836867,0.365122,0.647466,0.586542,0.790100,0.552197,0.713438,0.686449,0.584370,0.684713,0.567016,0.787723,0.665618,0.648576,0.706386,0.611639,0.662494,0.790614,0.775702,0.577233,0.713693,0.589983,0.610883,0.695671,0.532594,0.655053,0.621332,0.686657,0.763406,0.803838,0.790389,0.686184,0.672272,0.554742,0.808385,0.153712,0.679775,0.691299,0.707669,0.720880,0.719078,0.575017,0.715105,0.625776,0.786125,0.771377,0.697250,0.839605,0.768954,0.769461,0.750515,0.795191
