0.000000,0.208533,0.329186,0.353257,0.408782,0.413846,0.418369,0.423318,0.428622,0.430054,0.430559,0.432449,0.433880,0.434200,0.435630,0.438320,0.440700,0.442129,0.444470,0.444851,0.445704,0.449899,0.451350,0.451877,0.453685,0.453950,0.455130,0.456453,0.457746,0.457958,0.458623,0.459116,0.461167,0.463784,0.463913,0.465537,0.466683,0.468739,0.468768,0.468794,0.469612,0.471553,0.472558,0.473126,0.473759,0.474057,0.474575,0.476617,0.478345,0.479201,0.479212,0.479339,0.479407,0.479818,0.480293,0.480513,0.481290,0.481539,0.482713,0.482832,0.483886,0.484521,0.485110,0.485744,0.485910,0.485990,0.486013,0.486357,0.487891,0.488001,0.488749,0.489102,0.490462,0.490734,0.490784,0.491345,0.492731,0.492850,0.494249,0.494268,0.494648,0.495354,0.495481,0.495527,0.495821,0.496079,0.496092,0.496412,0.497904,0.497956,0.498602,0.498796,0.499051,0.499363,0.500144,0.501520,0.501640,0.501670,0.502069,0.503478,0.503892
0.208533,0.000000,0.417148,0.397754,0.308184,0.500646,0.474644,0.398717,0.443152,0.438297,0.379067,0.514003,0.470350,0.391692,0.492720,0.508750,0.439366,0.437976,0.463545,0.347874,0.484163,0.466211,0.486656,0.414880,0.477896,0.546167,0.563480,0.525997,0.532205,0.557623,0.525360,0.509767,0.447809,0.500524,0.515026,0.461198,0.333223,0.558098,0.486854,0.525162,0.381388,0.493688,0.451469,0.449800,0.426395,0.495496,0.500515,0.521900,0.433649,0.478220,0.511104,0.517321,0.546505,0.400456,0.498664,0.498987,0.466607,0.526816,0.523209,0.431898,0.412776,0.396269,0.463718,0.502239,0.417827,0.513903,0.494113,0.440226,0.522979,0.510375,0.515947,0.517936,0.540260,0.538756,0.452790,0.456586,0.399400,0.419843,0.490375,0.472430,0.546142,0.483919,0.514279,0.494854,0.467062,0.484184,0.461832,0.507495,0.482888,0.503257,0.483953,0.521783,0.584653,0.575014,0.532787,0.464157,0.570171,0.539023,0.463539,0.533842,0.394677
0.329186,0.417148,0.000000,0.440522,0.568319,0.374107,0.498408,0.509175,0.407674,0.525539,0.116739,0.499776,0.439564,0.548125,0.448054,0.504032,0.476066,0.507664,0.514891,0.455687,0.495294,0.540491,0.415936,0.481740,0.512359,0.371259,0.560762,0.528928,0.359259,0.498292,0.469005,0.429431,0.405777,0.350578,0.577839,0.527415,0.525330,0.576031,0.316253,0.402744,0.541870,0.544322,0.388598,0.531858,0.454455,0.505786,0.542137,0.615397,0.480508,0.560496,0.460574,0.478198,0.455688,0.530636,0.493532,0.549328,0.580010,0.369034,0.396788,0.556890,0.495132,0.513070,0.526011,0.603773,0.461471,0.459689,0.440919,0.520796,0.450553,0.545749,0.532641,0.360993,0.430142,0.530961,0.502372,0.453061,0.448125,0.462233,0.556290,0.334222,0.579435,0.513082,0.540879,0.460527,0.468318,0.566561,0.551134,0.411709,0.540778,0.533565,0.569286,0.554956,0.458197,0.620832,0.451134,0.413398,0.459107,0.533127,0.625380,0.376807,0.490896
0.353257,0.397754,0.440522,0.000000,0.418132,0.519527,0.543214,0.434169,0.594478,0.546782,0.527313,0.499266,0.634462,0.438516,0.414050,0.584796,0.602113,0.561483,0.544680,0.408287,0.635844,0.465561,0.554934,0.619781,0.648028,0.560283,0.550598,0.498813,0.556200,0.538445,0.501701,0.554343,0.384659,0.551856,0.557593,0.555005,0.243279,0.557724,0.608836,0.579515,0.470263,0.580446,0.568232,0.585388,0.416935,0.562610,0.609435,0.599245,0.570824,0.550353,0.594802,0.428695,0.550834,0.505520,0.596722,0.580046,0.597222,0.534764,0.619965,0.486456,0.612857,0.474539,0.547028,0.589840,0.528765,0.582852,0.562835,0.597926,0.613085,0.488641,0.501689,0.569396,0.549589,0.623506,0.419299,0.622494,0.587696,0.607871,0.580758,0.586831,0.601847,0.536985,0.598316,0.560308,0.606183,0.588052,0.553670,0.584137,0.571164,0.631517,0.594334,0.574592,0.576653,0.598791,0.599633,0.592670,0.642585,0.585038,0.561379,0.551636,0.679562
0.408782,0.308184,0.568319,0.418132,0.000000,0.629018,0.596550,0.430333,0.572909,0.487114,0.526147,0.537097,0.570697,0.389734,0.503603,0.557337,0.560687,0.477012,0.485484,0.359011,0.564924,0.199614,0.509988,0.544088,0.590811,0.671072,0.597603,0.517489,0.657345,0.594073,0.559011,0.602353,0.491915,0.619967,0.531349,0.464418,0.387603,0.583591,0.644221,0.495757,0.358876,0.495015,0.581020,0.540420,0.409145,0.525224,0.569310,0.570619,0.484976,0.526573,0.548465,0.459693,0.633908,0.387872,0.606606,0.529570,0.499851,0.652550,0.634489,0.427570,0.506801,0.348182,0.540182,0.652464,0.453146,0.625131,0.503285,0.481252,0.686167,0.517474,0.485117,0.657438,0.626583,0.585579,0.503816,0.624679,0.399656,0.503931,0.506871,0.587203,0.558271,0.549390,0.470001,0.573916,0.484781,0.477458,0.484342,0.624459,0.520849,0.580825,0.495206,0.536328,0.681375,0.654495,0.521194,0.540741,0.674526,0.586686,0.409040,0.647974,0.528839
0.413846,0.500646,0.374107,0.519527,0.629018,0.000000,0.447582,0.556436,0.530504,0.544324,0.462088,0.475723,0.543475,0.611739,0.586717,0.533193,0.641706,0.542552,0.461583,0.551065,0.512921,0.623234,0.429853,0.583966,0.554623,0.216658,0.517469,0.578970,0.326063,0.579936,0.602767,0.176980,0.517298,0.235836,0.510328,0.487325,0.597953,0.439131,0.486152,0.617578,0.669831,0.509946,0.368694,0.534623,0.643606,0.630778,0.561538,0.470891,0.648645,0.535351,0.511922,0.656698,0.570673,0.646125,0.514727,0.544187,0.571009,0.328447,0.516414,0.645830,0.498360,0.671020,0.555001,0.499707,0.621422,0.516852,0.694324,0.507355,0.436129,0.710626,0.707264,0.404453,0.314581,0.639386,0.572187,0.473104,0.615020,0.527170,0.501831,0.501599,0.596035,0.572636,0.507275,0.561845,0.615491,0.534681,0.679583,0.479822,0.497397,0.635873,0.492942,0.518756,0.336576,0.514447,0.553543,0.405231,0.577692,0.537087,0.703541,0.342846,0.596444
0.418369,0.474644,0.498408,0.543214,0.596550,0.447582,0.000000,0.604469,0.502370,0.442321,0.496250,0.508921,0.589908,0.597232,0.694972,0.471147,0.596452,0.512782,0.467571,0.534402,0.434835,0.635345,0.401395,0.436173,0.355392,0.477571,0.567951,0.589741,0.373836,0.621501,0.603810,0.450497,0.613424,0.421878,0.518537,0.438115,0.597840,0.482744,0.473408,0.615143,0.597628,0.484763,0.396273,0.406898,0.665511,0.648702,0.441393,0.501660,0.628954,0.538955,0.554908,0.714576,0.660515,0.544839,0.475122,0.458479,0.480711,0.334690,0.447087,0.674430,0.429767,0.691736,0.456821,0.303758,0.596308,0.558559,0.605066,0.383705,0.504342,0.692685,0.756978,0.409061,0.488602,0.545209,0.629142,0.479145,0.562618,0.534981,0.461394,0.530313,0.547479,0.601767,0.532577,0.660552,0.586565,0.494970,0.557562,0.619609,0.503765,0.608598,0.465478,0.484471,0.555139,0.342101,0.523122,0.377176,0.427613,0.517017,0.747671,0.425373,0.576389
0.423318,0.398717,0.509175,0.434169,0.430333,0.556436,0.604469,0.000000,0.490383,0.466866,0.557421,0.493980,0.638327,0.429127,0.499547,0.543587,0.512871,0.495475,0.498112,0.495567,0.532827,0.486369,0.522106,0.568814,0.562088,0.577828,0.574835,0.383452,0.612847,0.491587,0.552036,0.553099,0.420741,0.608129,0.495639,0.523071,0.470036,0.576920,0.638339,0.569573,0.471959,0.481994,0.652250,0.503254,0.444085,0.545997,0.594077,0.608205,0.550131,0.474027,0.484571,0.521941,0.602326,0.483967,0.554329,0.500188,0.520273,0.571488,0.621520,0.533684,0.548822,0.511871,0.557010,0.636986,0.538193,0.561041,0.619202,0.514579,0.653686,0.653915,0.578202,0.647763,0.576395,0.557441,0.431961,0.632184,0.588376,0.573810,0.494139,0.640058,0.502325,0.536810,0.461850,0.554057,0.592295,0.493582,0.600443,0.542101,0.485366,0.515409,0.496247,0.502722,0.540521,0.630368,0.601777,0.648719,0.654896,0.576083,0.510818,0.654344,0.662038
0.428622,0.443152,0.407674,0.594478,0.572909,0.530504,0.502370,0.490383,0.000000,0.468302,0.472643,0.512029,0.416379,0.530643,0.669581,0.458537,0.412947,0.480073,0.515469,0.590165,0.470395,0.584104,0.505366,0.441544,0.476245,0.511558,0.523776,0.545132,0.550197,0.559304,0.464202,0.554455,0.510679,0.542894,0.497693,0.513046,0.634290,0.532064,0.581216,0.447583,0.602243,0.493145,0.561658,0.446103,0.498897,0.549415,0.574782,0.579330,0.461083,0.404112,0.480841,0.638680,0.542989,0.574526,0.557658,0.515388,0.499728,0.523269,0.385287,0.720297,0.405780,0.688515,0.516717,0.597803,0.603473,0.479842,0.628622,0.454372,0.585728,0.657650,0.718399,0.515298,0.572647,0.491278,0.630512,0.581775,0.570993,0.512359,0.531434,0.555017,0.475662,0.459022,0.462460,0.478374,0.646560,0.518618,0.631354,0.507556,0.455576,0.440077,0.543722,0.562613,0.545600,0.560615,0.448527,0.555612,0.491681,0.507137,0.600117,0.601870,0.472305
0.430054,0.438297,0.525539,0.546782,0.487114,0.544324,0.442321,0.466866,0.468302,0.000000,0.539299,0.377037,0.564650,0.403542,0.648342,0.314966,0.519483,0.383852,0.296063,0.508214,0.336481,0.524398,0.430382,0.398395,0.368238,0.514899,0.491890,0.437753,0.452447,0.665930,0.624241,0.481084,0.545429,0.445825,0.306788,0.322869,0.597198,0.396535,0.490691,0.594919,0.514938,0.321275,0.462458,0.330545,0.601363,0.506609,0.504761,0.420165,0.540540,0.295745,0.546303,0.546305,0.653946,0.532690,0.398955,0.329930,0.325380,0.422750,0.645101,0.695645,0.313765,0.552756,0.364477,0.534373,0.576995,0.568367,0.631359,0.299540,0.499768,0.651332,0.733767,0.480654,0.515732,0.362825,0.540842,0.489039,0.527549,0.618190,0.305426,0.523705,0.222376,0.522776,0.297152,0.663470,0.648297,0.306443,0.548302,0.629153,0.358942,0.575020,0.312458,0.374108,0.548202,0.619541,0.565808,0.451164,0.648535,0.438127,0.517194,0.484992,0.571261
0.430559,0.379067,0.116739,0.527313,0.526147,0.462088,0.496250,0.557421,0.472643,0.539299,0.000000,0.557032,0.455085,0.598855,0.520973,0.529897,0.491699,0.468955,0.529013,0.398562,0.476918,0.618635,0.427626,0.436874,0.511074,0.485595,0.614499,0.591920,0.404111,0.589497,0.556806,0.494974,0.439885,0.377161,0.632229,0.518665,0.494256,0.642405,0.311696,0.486810,0.493933,0.566671,0.328835,0.542767,0.482707,0.527724,0.548203,0.674032,0.465113,0.586472,0.520420,0.568622,0.524608,0.488124,0.524352,0.548192,0.570731,0.387658,0.469700,0.522763,0.483352,0.487049,0.507561,0.609229,0.424058,0.497725,0.437205,0.479523,0.488726,0.579103,0.574936,0.355194,0.525241,0.566653,0.561362,0.430476,0.382653,0.425440,0.552344,0.244627,0.624969,0.564361,0.578499,0.525721,0.448540,0.557797,0.543652,0.483780,0.540751,0.577294,0.571114,0.556996,0.587452,0.689148,0.474535,0.338368,0.528886,0.536206,0.620908,0.361257,0.414270
0.432449,0.514003,0.499776,0.499266,0.537097,0.475723,0.508921,0.493980,0.512029,0.377037,0.557032,0.000000,0.552248,0.542701,0.539976,0.285344,0.661711,0.381413,0.287264,0.561891,0.358424,0.543662,0.272809,0.489263,0.446052,0.487855,0.507467,0.374157,0.438219,0.656076,0.568447,0.471424,0.542874,0.401867,0.252902,0.334021,0.551798,0.407809,0.515583,0.692889,0.560858,0.215912,0.512081,0.453653,0.572330,0.415738,0.492757,0.531311,0.466519,0.391284,0.461951,0.531066,0.402653,0.561083,0.421985,0.341198,0.307539,0.475747,0.638189,0.620827,0.484986,0.574244,0.399061,0.545310,0.593421,0.497316,0.580240,0.375108,0.523026,0.728276,0.597645,0.440650,0.500296,0.451865,0.631083,0.507239,0.568628,0.561584,0.251569,0.452130,0.381085,0.623216,0.279618,0.604375,0.608577,0.220456,0.458065,0.491889,0.394567,0.596174,0.286671,0.254447,0.538849,0.568158,0.567057,0.475503,0.666198,0.430749,0.574775,0.527685,0.603171
0.433880,0.470350,0.439564,0.634462,0.570697,0.543475,0.589908,0.638327,0.416379,0.564650,0.455085,0.552248,0.000000,0.564133,0.646058,0.508266,0.420243,0.442285,0.607365,0.600179,0.486972,0.626265,0.484219,0.441319,0.442886,0.622752,0.540039,0.584572,0.561311,0.669775,0.464077,0.590382,0.646879,0.595693,0.626242,0.579298,0.675763,0.578809,0.586198,0.509882,0.638250,0.589375,0.498377,0.500309,0.562724,0.503613,0.569087,0.624881,0.547766,0.540267,0.635936,0.591716,0.516743,0.605927,0.587237,0.534442,0.551506,0.588245,0.486196,0.657745,0.476644,0.594186,0.500453,0.613794,0.579384,0.357503,0.556840,0.547760,0.545268,0.705029,0.609563,0.475498,0.601581,0.551647,0.677533,0.514182,0.535103,0.407032,0.573716,0.482127,0.634448,0.618361,0.604077,0.606970,0.612553,0.598860,0.575771,0.563367,0.559532,0.562026,0.537491,0.518376,0.647573,0.696223,0.530829,0.495479,0.599777,0.540445,0.616145,0.624985,0.139614
0.434200,0.391692,0.548125,0.438516,0.389734,0.611739,0.597232,0.429127,0.530643,0.403542,0.598855,0.542701,0.564133,0.000000,0.575975,0.566763,0.490674,0.492009,0.482349,0.551288,0.575688,0.447696,0.580494,0.598489,0.546310,0.622948,0.511191,0.451384,0.666033,0.621574,0.540222,0.603492,0.497806,0.642460,0.500201,0.519368,0.500751,0.582713,0.614054,0.564837,0.504095,0.517334,0.641658,0.508074,0.488355,0.538068,0.609919,0.562565,0.541199,0.539188,0.598825,0.491654,0.685608,0.498430,0.506172,0.525617,0.519096,0.649871,0.649589,0.593925,0.536414,0.440765,0.557595,0.649482,0.441727,0.620714,0.564514,0.535953,0.593417,0.549283,0.602294,0.653076,0.616087,0.542083,0.447145,0.620683,0.499575,0.599720,0.524021,0.631829,0.489207,0.594337,0.471217,0.604451,0.556662,0.514028,0.553730,0.597751,0.490171,0.628193,0.524037,0.552097,0.624716,0.655205,0.608896,0.637919,0.692912,0.546898,0.537759,0.670348,0.588755
0.435630,0.492720,0.448054,0.414050,0.503603,0.586717,0.694972,0.499547,0.669581,0.648342,0.520973,0.539976,0.646058,0.575975,0.000000,0.655538,0.673036,0.629007,0.623174,0.507147,0.697783,0.557720,0.580803,0.713125,0.732788,0.569061,0.712015,0.517400,0.540510,0.608275,0.589849,0.547522,0.486010,0.553110,0.649431,0.647702,0.468039,0.645314,0.681624,0.546562,0.469488,0.582458,0.647602,0.743812,0.449631,0.521468,0.694232,0.714837,0.486721,0.671435,0.565895,0.448220,0.402815,0.444459,0.647316,0.719158,0.687917,0.651712,0.672967,0.219517,0.668185,0.448927,0.690654,0.661255,0.614369,0.582672,0.540451,0.649663,0.666010,0.516029,0.183549,0.700962,0.528341,0.721279,0.483278,0.709368,0.577224,0.573173,0.600026,0.575609,0.682516,0.573627,0.591780,0.564411,0.546498,0.579556,0.546154,0.494334,0.693044,0.560709,0.611762,0.571804,0.561277,0.730162,0.616389,0.616729,0.716247,0.714311,0.473277,0.624885,0.660318
0.438320,0.508750,0.504032,0.584796,0.557337,0.533193,0.471147,0.543587,0.458537,0.314966,0.529897,0.285344,0.508266,0.566763,0.655538,0.000000,0.634250,0.417606,0.319619,0.610442,0.268675,0.578422,0.252444,0.419869,0.356156,0.539680,0.472142,0.417866,0.399604,0.666433,0.529114,0.557795,0.581461,0.441253,0.313645,0.366740,0.646807,0.471108,0.460017,0.688649,0.631940,0.289755,0.466454,0.400690,0.613415,0.463014,0.410064,0.515834,0.508581,0.354348,0.458095,0.551294,0.527145,0.592482,0.382248,0.256381,0.316157,0.465758,0.609819,0.732056,0.450748,0.603937,0.321635,0.501347,0.604637,0.546107,0.608833,0.284625,0.451688,0.725760,0.721787,0.395122,0.561432,0.361102,0.666043,0.443481,0.555504,0.563839,0.326900,0.450033,0.312169,0.655559,0.326212,0.703577,0.614322,0.280647,0.522358,0.588595,0.360104,0.597360,0.357891,0.352855,0.578472,0.532902,0.528691,0.450036,0.642723,0.404191,0.549327,0.489091,0.573423
0.440700,0.439366,0.476066,0.602113,0.560687,0.641706,0.596452,0.512871,0.412947,0.519483,0.491699,0.661711,0.420243,0.490674,0.673036,0.634250,0.000000,0.543558,0.600721,0.611551,0.562707,0.594159,0.619953,0.500718,0.548591,0.628013,0.603692,0.594004,0.679543,0.527463,0.542827,0.613006,0.509075,0.686216,0.641184,0.611721,0.608586,0.641921,0.607138,0.443395,0.629386,0.654445,0.634207,0.561248,0.517195,0.586764,0.594875,0.596834,0.503296,0.594685,0.570949,0.648848,0.680021,0.604310,0.576745,0.656647,0.632292,0.581264,0.433152,0.718543,0.514651,0.637474,0.584585,0.674936,0.614528,0.492286,0.633446,0.600442,0.660302,0.621185,0.719228,0.582123,0.625487,0.548739,0.557187,0.603173,0.600404,0.570591,0.636410,0.569261,0.577181,0.533256,0.619968,0.498738,0.633320,0.673482,0.682292,0.629903,0.568513,0.464271,0.643154,0.635767,0.660107,0.706387,0.582440,0.650055,0.524169,0.634645,0.679236,0.707872,0.475918
0.442129,0.437976,0.507664,0.561483,0.477012,0.542552,0.512782,0.495475,0.480073,0.383852,0.468955,0.381413,0.442285,0.492009,0.629007,0.417606,0.543558,0.000000,0.361046,0.531972,0.415159,0.585716,0.380383,0.457910,0.461830,0.545948,0.260175,0.445843,0.541486,0.661934,0.591682,0.503488,0.535140,0.500076,0.376965,0.352945,0.534286,0.404843,0.505607,0.584434,0.541903,0.337712,0.451664,0.426127,0.598455,0.457031,0.533445,0.498609,0.496430,0.355717,0.525046,0.493771,0.490685,0.556785,0.494010,0.375682,0.386216,0.526919,0.611787,0.606281,0.382740,0.475175,0.469477,0.602933,0.565814,0.487043,0.617163,0.380343,0.574225,0.780147,0.632552,0.497468,0.534638,0.507915,0.660104,0.468922,0.493058,0.430648,0.369286,0.447553,0.424472,0.542425,0.366508,0.645261,0.674233,0.332585,0.617689,0.540103,0.388849,0.637331,0.341851,0.365783,0.542984,0.641874,0.512317,0.431022,0.612481,0.424578,0.561402,0.540744,0.391581
0.444470,0.463545,0.514891,0.544680,0.485484,0.461583,0.467571,0.498112,0.515469,0.296063,0.529013,0.287264,0.607365,0.482349,0.623174,0.319619,0.600721,0.361046,0.000000,0.553549,0.355550,0.534873,0.326049,0.489904,0.460734,0.404688,0.449598,0.412272,0.364155,0.651374,0.663625,0.444792,0.572994,0.315872,0.255783,0.160048,0.610120,0.342934,0.432327,0.640320,0.581595,0.232822,0.426335,0.402725,0.587562,0.464924,0.451696,0.369116,0.458502,0.362047,0.454174,0.569242,0.615223,0.535438,0.300247,0.366165,0.324449,0.427354,0.667731,0.705643,0.390271,0.592969,0.385451,0.484553,0.620934,0.606214,0.632448,0.359349,0.460928,0.692497,0.716944,0.445789,0.442340,0.371692,0.634899,0.421203,0.544729,0.621473,0.148593,0.406823,0.317526,0.549506,0.254235,0.626293,0.631223,0.230022,0.555020,0.652482,0.304881,0.586986,0.239973,0.280959,0.552846,0.584956,0.527891,0.395171,0.621138,0.390984,0.552335,0.462427,0.624307
0.444851,0.347874,0.455687,0.408287,0.359011,0.551065,0.534402,0.495567,0.590165,0.508214,0.398562,0.561891,0.600179,0.551288,0.507147,0.610442,0.611551,0.531972,0.553549,0.000000,0.568104,0.551920,0.564311,0.535421,0.579433,0.612029,0.680235,0.599816,0.561510,0.647629,0.610068,0.570138,0.507755,0.516288,0.614719,0.525019,0.349704,0.598789,0.538341,0.551074,0.341685,0.551242,0.470787,0.551278,0.485950,0.598407,0.660257,0.664747,0.563695,0.561753,0.650108,0.523805,0.634762,0.449141,0.565554,0.544609,0.582337,0.494293,0.627459,0.409205,0.519629,0.405344,0.538570,0.626054,0.453674,0.626352,0.478210,0.472611,0.646775,0.517346,0.500560,0.564175,0.555205,0.658555,0.471799,0.578199,0.461425,0.524938,0.553796,0.506060,0.618983,0.533174,0.611115,0.574537,0.535400,0.538765,0.483788,0.620077,0.587919,0.634355,0.558920,0.579317,0.684804,0.676968,0.673286,0.483708,0.645331,0.610580,0.455078,0.493691,0.546666
0.445704,0.484163,0.495294,0.635844,0.564924,0.512921,0.434835,0.532827,0.470395,0.336481,0.476918,0.358424,0.486972,0.575688,0.697783,0.268675,0.562707,0.415159,0.355550,0.568104,0.000000,0.594340,0.288077,0.373086,0.337788,0.537091,0.514752,0.485281,0.413126,0.620930,0.560054,0.526020,0.567707,0.431441,0.356052,0.384007,0.631099,0.519597,0.436360,0.639306,0.567512,0.315825,0.429141,0.343577,0.622995,0.498561,0.502644,0.496651,0.500801,0.384635,0.536472,0.581796,0.581134,0.563433,0.360053,0.302930,0.356419,0.412455,0.586646,0.717136,0.382927,0.586685,0.339415,0.487230,0.608308,0.515636,0.594540,0.289305,0.463205,0.716910,0.772234,0.353199,0.543761,0.397991,0.670004,0.397590,0.555651,0.542452,0.302444,0.422666,0.378126,0.634277,0.374180,0.640657,0.584703,0.328797,0.509735,0.615768,0.385217,0.603408,0.328017,0.305019,0.594056,0.560212,0.478875,0.422987,0.627551,0.380000,0.596069,0.482770,0.519672
0.449899,0.466211,0.540491,0.465561,0.199614,0.623234,0.635345,0.486369,0.584104,0.524398,0.618635,0.543662,0.626265,0.447696,0.557720,0.578422,0.594159,0.585716,0.534873,0.551920,0.594340,0.000000,0.567225,0.638084,0.675958,0.643478,0.613966,0.520043,0.640895,0.603290,0.560339,0.634249,0.526713,0.629080,0.535422,0.556098,0.601485,0.620713,0.658232,0.502775,0.500137,0.548957,0.644050,0.634791,0.438610,0.556732,0.564032,0.559033,0.538833,0.572877,0.531442,0.517644,0.669792,0.561419,0.621940,0.569463,0.575827,0.681655,0.651605,0.591307,0.591777,0.543410,0.630306,0.712618,0.571220,0.656604,0.604982,0.569070,0.660277,0.604244,0.569544,0.670421,0.613905,0.560255,0.498529,0.663990,0.565681,0.624873,0.571043,0.656283,0.604109,0.583378,0.512306,0.574736,0.573047,0.567894,0.623564,0.643899,0.557598,0.627193,0.579521,0.592427,0.654267,0.660161,0.546534,0.630622,0.704489,0.645858,0.554864,0.689653,0.669148
0.451350,0.486656,0.415936,0.554934,0.509988,0.429853,0.401395,0.522106,0.505366,0.430382,0.427626,0.272809,0.484219,0.580494,0.580803,0.252444,0.619953,0.380383,0.326049,0.564311,0.288077,0.567225,0.000000,0.401535,0.374930,0.425074,0.519051,0.494476,0.312261,0.641783,0.548674,0.420942,0.572476,0.306819,0.366839,0.372811,0.571718,0.461777,0.408776,0.694857,0.616161,0.281490,0.400510,0.444023,0.576921,0.464084,0.454648,0.503667,0.468088,0.482852,0.444683,0.499509,0.414368,0.576980,0.359766,0.351509,0.413845,0.398829,0.520417,0.627244,0.408861,0.505790,0.350384,0.429890,0.547528,0.415566,0.549701,0.321711,0.389464,0.670818,0.644118,0.319359,0.419379,0.468626,0.616946,0.364318,0.461437,0.474957,0.298822,0.360953,0.449699,0.632656,0.385165,0.618463,0.534723,0.276959,0.451563,0.441295,0.427379,0.569215,0.332806,0.300520,0.517522,0.538454,0.488419,0.357600,0.580217,0.451575,0.591807,0.470338,0.498960
0.451877,0.414880,0.481740,0.619781,0.544088,0.583966,0.436173,0.568814,0.441544,0.398395,0.436874,0.489263,0.441319,0.598489,0.713125,0.419869,0.500718,0.457910,0.489904,0.535421,0.373086,0.638084,0.401535,0.000000,0.271358,0.588764,0.612887,0.582801,0.463312,0.621355,0.602794,0.590695,0.631691,0.531574,0.493375,0.487546,0.563659,0.560416,0.471004,0.614385,0.568552,0.456416,0.445844,0.340679,0.621284,0.581622,0.540108,0.527589,0.544303,0.443400,0.544245,0.635631,0.623625,0.557562,0.435195,0.460870,0.424800,0.472200,0.478205,0.672034,0.289536,0.606503,0.346775,0.530279,0.521759,0.440030,0.568816,0.380230,0.522165,0.660984,0.706370,0.377783,0.595235,0.436432,0.687489,0.440467,0.438762,0.433539,0.446783,0.461569,0.491960,0.575741,0.489494,0.674782,0.594014,0.447442,0.523122,0.573144,0.388956,0.513590,0.437343,0.473537,0.613072,0.649733,0.562983,0.440342,0.540756,0.377660,0.638897,0.532595,0.398900
0.453685,0.477896,0.512359,0.648028,0.590811,0.554623,0.355392,0.562088,0.476245,0.368238,0.511074,0.446052,0.442886,0.546310,0.732788,0.356156,0.548591,0.461830,0.460734,0.579433,0.337788,0.675958,0.374930,0.271358,0.000000,0.558503,0.581877,0.566588,0.404793,0.609810,0.588912,0.552000,0.663769,0.509211,0.479611,0.465954,0.616213,0.536469,0.449980,0.661353,0.607708,0.447686,0.416255,0.320486,0.655407,0.582901,0.495161,0.513842,0.575355,0.458919,0.570444,0.609453,0.609590,0.546515,0.410583,0.375269,0.406571,0.470912,0.474398,0.709731,0.325343,0.603359,0.296654,0.479902,0.547607,0.448418,0.571594,0.380644,0.480660,0.703910,0.759643,0.354600,0.547606,0.422289,0.667011,0.437739,0.493380,0.453447,0.431274,0.467680,0.472791,0.616639,0.472301,0.704474,0.557182,0.448886,0.473237,0.598854,0.403266,0.553497,0.413757,0.439763,0.631759,0.564771,0.541017,0.418350,0.491188,0.428053,0.655571,0.488631,0.453162
0.453950,0.546167,0.371259,0.560283,0.671072,0.216658,0.477571,0.577828,0.511558,0.514899,0.485595,0.487855,0.622752,0.622948,0.569061,0.539680,0.628013,0.545948,0.404688,0.612029,0.537091,0.643478,0.425074,0.588764,0.558503,0.000000,0.580261,0.577510,0.344603,0.585069,0.647150,0.217841,0.567358,0.214942,0.516409,0.489819,0.629794,0.460617,0.433903,0.637223,0.694760,0.489101,0.426787,0.566209,0.632802,0.623864,0.598149,0.500797,0.580526,0.570554,0.439489,0.615930,0.513755,0.649562,0.500522,0.583483,0.609897,0.357229,0.517479,0.660376,0.467546,0.668763,0.593904,0.526709,0.657594,0.516365,0.685422,0.519075,0.392400,0.694302,0.698421,0.446089,0.272960,0.596820,0.575941,0.447806,0.600696,0.581785,0.421524,0.456180,0.580055,0.550650,0.502134,0.535829,0.616035,0.510241,0.694437,0.470568,0.525995,0.611951,0.476300,0.516061,0.389741,0.584312,0.538293,0.431104,0.551891,0.577701,0.683290,0.405027,0.662318
0.455130,0.563480,0.560762,0.550598,0.597603,0.517469,0.567951,0.574835,0.523776,0.491890,0.614499,0.507467,0.540039,0.511191,0.712015,0.472142,0.603692,0.260175,0.449598,0.680235,0.514752,0.613966,0.519051,0.612887,0.581877,0.580261,0.000000,0.509741,0.568925,0.632617,0.572060,0.547087,0.599153,0.562895,0.429917,0.448666,0.667451,0.448773,0.584942,0.617418,0.691046,0.501098,0.530636,0.547000,0.696256,0.535944,0.568155,0.522849,0.630168,0.486537,0.604994,0.591000,0.611811,0.634920,0.497896,0.410137,0.530994,0.559351,0.639537,0.769177,0.578322,0.644430,0.596244,0.666332,0.720360,0.599553,0.678974,0.536324,0.546694,0.754472,0.744517,0.559129,0.573806,0.560001,0.718329,0.503120,0.656653,0.588320,0.528459,0.587934,0.529231,0.613558,0.471030,0.707073,0.759853,0.504863,0.735433,0.667271,0.478800,0.709679,0.522818,0.499635,0.518711,0.623655,0.618018,0.535063,0.643203,0.499705,0.662363,0.561663,0.620769
0.456453,0.525997,0.528928,0.498813,0.517489,0.578970,0.589741,0.383452,0.545132,0.437753,0.591920,0.374157,0.584572,0.451384,0.517400,0.417866,0.594004,0.445843,0.412272,0.599816,0.485281,0.520043,0.494476,0.582801,0.566588,0.577510,0.509741,0.000000,0.584513,0.597919,0.609651,0.556800,0.505290,0.565573,0.392535,0.452585,0.591052,0.494726,0.628453,0.552295,0.513518,0.378792,0.641237,0.526331,0.472423,0.426046,0.572152,0.580267,0.509978,0.395972,0.488353,0.493025,0.540662,0.571799,0.505208,0.421730,0.478194,0.590945,0.724154,0.647981,0.581380,0.569776,0.519126,0.684742,0.613671,0.604076,0.569184,0.519977,0.618489,0.713334,0.599488,0.590212,0.619971,0.494990,0.604668,0.604604,0.605249,0.618665,0.423597,0.537189,0.371656,0.606456,0.345672,0.577307,0.577409,0.386248,0.575659,0.598316,0.433062,0.622362,0.445687,0.440160,0.557737,0.587241,0.547543,0.631660,0.672366,0.514826,0.568060,0.575826,0.670428
0.457746,0.532205,0.359259,0.556200,0.657345,0.326063,0.373836,0.612847,0.550197,0.452447,0.404111,0.438219,0.561311,0.666033,0.540510,0.399604,0.679543,0.541486,0.364155,0.561510,0.413126,0.640895,0.312261,0.463312,0.404793,0.344603,0.568925,0.584513,0.000000,0.612030,0.638673,0.339780,0.569817,0.220607,0.462800,0.427667,0.632327,0.482837,0.394252,0.684882,0.641536,0.403864,0.235910,0.451948,0.659063,0.585241,0.504525,0.495798,0.566804,0.508731,0.525359,0.620772,0.509029,0.575148,0.380632,0.470674,0.480479,0.311015,0.502690,0.675385,0.407844,0.666987,0.395159,0.444749,0.621931,0.486388,0.609311,0.431135,0.327584,0.683871,0.694174,0.231943,0.335138,0.528423,0.638927,0.335719,0.557913,0.526501,0.337884,0.365836,0.500579,0.596653,0.463681,0.633880,0.566629,0.416249,0.580646,0.552906,0.435150,0.592227,0.379769,0.362658,0.513037,0.547501,0.549804,0.223887,0.557859,0.507103,0.691321,0.236392,0.584750
0.457958,0.557623,0.498292,0.538445,0.594073,0.579936,0.621501,0.491587,0.559304,0.665930,0.589497,0.656076,0.669775,0.621574,0.608275,0.666433,0.527463,0.661934,0.651374,0.647629,0.620930,0.603290,0.641783,0.621355,0.609810,0.585069,0.632617,0.597919,0.612030,0.000000,0.597217,0.600163,0.584058,0.630031,0.680455,0.624745,0.617658,0.681625,0.612254,0.559508,0.577221,0.683965,0.663119,0.637665,0.596630,0.692040,0.668732,0.648955,0.673595,0.686617,0.487204,0.657447,0.643857,0.637284,0.650423,0.689135,0.709606,0.551410,0.421504,0.702571,0.609079,0.669230,0.685437,0.638574,0.645504,0.648299,0.677277,0.685742,0.652873,0.649948,0.676277,0.677895,0.591911,0.662061,0.617188,0.676158,0.634323,0.583381,0.689997,0.747798,0.661555,0.582554,0.626599,0.576950,0.688597,0.702850,0.708268,0.636430,0.635366,0.542412,0.694665,0.675003,0.612130,0.598429,0.615303,0.666705,0.443131,0.667814,0.713926,0.634587,0.738726
0.458623,0.525360,0.469005,0.501701,0.559011,0.602767,0.603810,0.552036,0.464202,0.624241,0.556806,0.568447,0.464077,0.540222,0.589849,0.529114,0.542827,0.591682,0.663625,0.610068,0.560054,0.560339,0.548674,0.602794,0.588912,0.647150,0.572060,0.609651,0.638673,0.597217,0.000000,0.678036,0.543373,0.638449,0.642777,0.651594,0.605671,0.631087,0.685570,0.517667,0.686174,0.627779,0.631646,0.617865,0.512916,0.575817,0.653318,0.653840,0.570706,0.582549,0.655964,0.612183,0.608857,0.663508,0.605118,0.539637,0.630978,0.602849,0.503108,0.640466,0.624833,0.634989,0.597478,0.636819,0.639489,0.438497,0.639150,0.651478,0.541579,0.682804,0.601326,0.568156,0.659866,0.679684,0.596165,0.596102,0.663942,0.337365,0.612691,0.593247,0.652707,0.577986,0.622925,0.618696,0.663042,0.625104,0.645668,0.585286,0.618849,0.658946,0.618500,0.619358,0.630999,0.676899,0.532722,0.631878,0.616461,0.583742,0.618762,0.652030,0.528811
0.459116,0.509767,0.429431,0.554343,0.602353,0.176980,0.450497,0.553099,0.554455,0.481084,0.494974,0.471424,0.590382,0.603492,0.547522,0.557795,0.613006,0.503488,0.444792,0.570138,0.526020,0.634249,0.420942,0.590695,0.552000,0.217841,0.547087,0.556800,0.339780,0.600163,0.678036,0.000000,0.534948,0.231379,0.494390,0.376482,0.564889,0.356696,0.483756,0.638723,0.639285,0.465747,0.340438,0.515070,0.639829,0.613387,0.565991,0.431699,0.610788,0.535803,0.507531,0.633593,0.512892,0.574235,0.523180,0.532272,0.549257,0.368272,0.536178,0.636729,0.459783,0.630656,0.584475,0.488765,0.648409,0.518964,0.695383,0.500035,0.420421,0.717495,0.675692,0.483560,0.261863,0.628806,0.581271,0.422624,0.606513,0.532693,0.445715,0.555449,0.565006,0.558810,0.422647,0.531489,0.639292,0.473536,0.726467,0.503810,0.509579,0.607179,0.376711,0.454846,0.381129,0.539163,0.546198,0.321329,0.593085,0.548671,0.682469,0.360344,0.608194
0.461167,0.447809,0.405777,0.384659,0.491915,0.517298,0.613424,0.420741,0.510679,0.545429,0.439885,0.542874,0.646879,0.497806,0.486010,0.581461,0.509075,0.535140,0.572994,0.507755,0.567707,0.526713,0.572476,0.631691,0.663769,0.567358,0.599153,0.505290,0.569817,0.584058,0.543373,0.534948,0.000000,0.553989,0.552698,0.568646,0.438289,0.620823,0.579428,0.512583,0.518183,0.602345,0.601045,0.615715,0.494983,0.570853,0.657173,0.640289,0.510107,0.518854,0.534670,0.567191,0.556303,0.511923,0.634403,0.544607,0.580783,0.486057,0.617252,0.606524,0.614274,0.564633,0.605630,0.719741,0.584427,0.640893,0.597122,0.555597,0.640108,0.617166,0.579850,0.601381,0.546561,0.641764,0.490270,0.655696,0.609826,0.591284,0.619767,0.534940,0.545508,0.527152,0.531404,0.492727,0.608822,0.600471,0.690901,0.536283,0.556024,0.556867,0.597630,0.615674,0.515995,0.662849,0.552244,0.600243,0.679204,0.618697,0.614313,0.484143,0.679611
0.463784,0.500524,0.350578,0.551856,0.619967,0.235836,0.421878,0.608129,0.542894,0.445825,0.377161,0.401867,0.595693,0.642460,0.553110,0.441253,0.686216,0.500076,0.315872,0.516288,0.431441,0.629080,0.306819,0.531574,0.509211,0.214942,0.562895,0.565573,0.220607,0.630031,0.638449,0.231379,0.553989,0.000000,0.449726,0.396064,0.607562,0.425423,0.384897,0.668445,0.649110,0.384385,0.292216,0.522474,0.629897,0.587760,0.532024,0.472442,0.557866,0.520492,0.438378,0.629478,0.519600,0.568711,0.374069,0.477181,0.503455,0.273647,0.539218,0.632403,0.441359,0.647174,0.475312,0.443342,0.608502,0.516132,0.612142,0.430248,0.374906,0.706116,0.682662,0.351965,0.257094,0.548836,0.596895,0.390999,0.543546,0.515173,0.307340,0.341210,0.544823,0.599703,0.434702,0.570610,0.611248,0.384184,0.616655,0.508727,0.483274,0.628911,0.371458,0.397791,0.441415,0.593368,0.524443,0.283134,0.566907,0.532490,0.636011,0.303668,0.610485
0.463913,0.515026,0.577839,0.557593,0.531349,0.510328,0.518537,0.495639,0.497693,0.306788,0.632229,0.252902,0.626242,0.500201,0.649431,0.313645,0.641184,0.376965,0.255783,0.614719,0.356052,0.535422,0.366839,0.493375,0.479611,0.516409,0.429917,0.392535,0.462800,0.680455,0.642777,0.494390,0.552698,0.449726,0.000000,0.312652,0.621407,0.322779,0.571275,0.645128,0.568075,0.200831,0.535448,0.391506,0.640251,0.499670,0.549111,0.431439,0.505982,0.317719,0.515786,0.545964,0.558139,0.574730,0.397442,0.313191,0.289502,0.483835,0.663732,0.729709,0.413735,0.611703,0.438443,0.528828,0.647831,0.575314,0.692166,0.407802,0.499456,0.715318,0.733299,0.478291,0.511928,0.396606,0.650003,0.471863,0.604322,0.633471,0.244496,0.569193,0.308196,0.603081,0.245683,0.607156,0.692254,0.218296,0.547909,0.593630,0.339011,0.587915,0.259846,0.291059,0.535885,0.590457,0.564767,0.507380,0.651001,0.388838,0.607951,0.538944,0.655208
0.465537,0.461198,0.527415,0.555005,0.464418,0.487325,0.438115,0.523071,0.513046,0.322869,0.518665,0.334021,0.579298,0.519368,0.647702,0.366740,0.611721,0.352945,0.160048,0.525019,0.384007,0.556098,0.372811,0.487546,0.465954,0.489819,0.448666,0.452585,0.427667,0.624745,0.651594,0.376482,0.568646,0.396064,0.312652,0.000000,0.595235,0.332469,0.425379,0.606133,0.577499,0.309885,0.413853,0.379225,0.603215,0.516797,0.497444,0.391074,0.534739,0.375834,0.489944,0.615135,0.618044,0.488663,0.390260,0.378934,0.364124,0.422003,0.615691,0.711263,0.424165,0.617798,0.415943,0.467205,0.588970,0.575409,0.617858,0.364156,0.488735,0.717570,0.712702,0.493753,0.434052,0.449118,0.655857,0.430077,0.514590,0.619513,0.264012,0.517849,0.373784,0.509203,0.269562,0.589267,0.646682,0.298849,0.586275,0.631043,0.350195,0.553307,0.209465,0.315483,0.549501,0.569710,0.513615,0.340602,0.590297,0.390712,0.582910,0.462797,0.576145
0.466683,0.333223,0.525330,0.243279,0.387603,0.597953,0.597840,0.470036,0.634290,0.597198,0.494256,0.551798,0.675763,0.500751,0.468039,0.646807,0.608586,0.534286,0.610120,0.349704,0.631099,0.601485,0.571718,0.563659,0.616213,0.629794,0.667451,0.591052,0.632327,0.617658,0.605671,0.564889,0.438289,0.607562,0.621407,0.595235,0.000000,0.663847,0.630803,0.645468,0.394323,0.574038,0.592270,0.626800,0.462710,0.632692,0.670649,0.697167,0.541751,0.576503,0.630533,0.445422,0.539332,0.502773,0.620151,0.598293,0.560785,0.602672,0.667553,0.408494,0.558513,0.363799,0.559292,0.640363,0.517381,0.639890,0.604005,0.553605,0.692049,0.533691,0.513099,0.628726,0.624978,0.693456,0.445708,0.641822,0.529352,0.518173,0.585194,0.573670,0.628506,0.582268,0.628178,0.604105,0.617448,0.556871,0.547239,0.595348,0.581633,0.663298,0.598678,0.597048,0.722828,0.667219,0.647446,0.588129,0.687016,0.611068,0.531254,0.601126,0.612262
0.468739,0.558098,0.576031,0.557724,0.583591,0.439131,0.482744,0.576920,0.532064,0.396535,0.642405,0.407809,0.578809,0.582713,0.645314,0.471108,0.641921,0.404843,0.342934,0.598789,0.519597,0.620713,0.461777,0.560416,0.536469,0.460617,0.448773,0.494726,0.482837,0.681625,0.631087,0.356696,0.620823,0.425423,0.322779,0.332469,0.663847,0.000000,0.574494,0.645824,0.651909,0.345393,0.465304,0.484525,0.695716,0.551414,0.587502,0.307838,0.633806,0.407900,0.610730,0.619742,0.592507,0.586945,0.491588,0.473200,0.466863,0.505136,0.605842,0.662765,0.453743,0.674183,0.549162,0.528445,0.709160,0.484409,0.696096,0.512841,0.548929,0.785089,0.678928,0.559928,0.420928,0.507772,0.691601,0.490975,0.637785,0.555293,0.344118,0.649688,0.492146,0.555987,0.365515,0.638194,0.754474,0.362625,0.682622,0.640700,0.477232,0.623145,0.316932,0.357059,0.501067,0.577477,0.551093,0.432419,0.619914,0.501456,0.657728,0.515706,0.644976
0.468768,0.486854,0.316253,0.608836,0.644221,0.486152,0.473408,0.638339,0.581216,0.490691,0.311696,0.515583,0.586198,0.614054,0.681624,0.460017,0.607138,0.505607,0.432327,0.538341,0.436360,0.658232,0.408776,0.471004,0.449980,0.433903,0.584942,0.628453,0.394252,0.612254,0.685570,0.483756,0.579428,0.384897,0.571275,0.425379,0.630803,0.574494,0.000000,0.627142,0.667210,0.519591,0.433602,0.504482,0.641878,0.627862,0.505763,0.546013,0.590770,0.570281,0.532541,0.632621,0.622389,0.583208,0.404110,0.512205,0.554328,0.413755,0.515673,0.708527,0.505283,0.644982,0.447844,0.511886,0.511576,0.556490,0.569064,0.444785,0.413650,0.657421,0.747258,0.392070,0.452551,0.459702,0.635186,0.371477,0.490894,0.624134,0.514122,0.377943,0.558618,0.571138,0.521985,0.598241,0.533484,0.533676,0.589899,0.549139,0.466511,0.558551,0.517922,0.529066,0.574348,0.620753,0.556754,0.419267,0.499581,0.437936,0.725966,0.420708,0.586993
0.468794,0.525162,0.402744,0.579515,0.495757,0.617578,0.615143,0.569573,0.447583,0.594919,0.486810,0.692889,0.509882,0.564837,0.546562,0.688649,0.443395,0.584434,0.640320,0.551074,0.639306,0.502775,0.694857,0.614385,0.661353,0.637223,0.617418,0.552295,0.684882,0.559508,0.517667,0.638723,0.512583,0.668445,0.645128,0.606133,0.645468,0.645824,0.627142,0.000000,0.591372,0.665197,0.658019,0.573196,0.440153,0.614368,0.719814,0.643840,0.562174,0.575475,0.573677,0.559607,0.688624,0.562318,0.669516,0.660942,0.694686,0.592342,0.535704,0.642005,0.559573,0.583906,0.688298,0.684464,0.683365,0.621540,0.694892,0.626598,0.690963,0.605647,0.626082,0.689058,0.604202,0.629153,0.626383,0.707745,0.652218,0.623265,0.707820,0.639550,0.597154,0.507184,0.629840,0.533107,0.651321,0.694705,0.742599,0.683013,0.620062,0.542230,0.688290,0.738280,0.644346,0.658447,0.468761,0.692995,0.603951,0.627573,0.541052,0.649671,0.590262
0.469612,0.381388,0.541870,0.470263,0.358876,0.669831,0.597628,0.471959,0.602243,0.514938,0.493933,0.560858,0.638250,0.504095,0.469488,0.631940,0.629386,0.541903,0.581595,0.341685,0.567512,0.500137,0.616161,0.568552,0.607708,0.694760,0.691046,0.513518,0.641536,0.577221,0.686174,0.639285,0.518183,0.649110,0.568075,0.577499,0.394323,0.651909,0.667210,0.591372,0.000000,0.530521,0.545693,0.595076,0.520693,0.581789,0.701931,0.696412,0.556459,0.547251,0.595913,0.533879,0.635904,0.377765,0.615614,0.615385,0.562353,0.607123,0.657654,0.388195,0.530245,0.408317,0.617378,0.654021,0.490890,0.649993,0.527281,0.534795,0.723514,0.557851,0.484835,0.637121,0.650208,0.623843,0.517081,0.651385,0.535876,0.542066,0.540817,0.639549,0.603321,0.617375,0.561592,0.584220,0.583226,0.531416,0.473780,0.659610,0.596982,0.632171,0.525580,0.524562,0.746589,0.673921,0.567800,0.587506,0.681881,0.616287,0.453595,0.612943,0.592497
0.471553,0.493688,0.544322,0.580446,0.495015,0.509946,0.484763,0.481994,0.493145,0.321275,0.566671,0.215912,0.589375,0.517334,0.582458,0.289755,0.654445,0.337712,0.232822,0.551242,0.315825,0.548957,0.281490,0.456416,0.447686,0.489101,0.501098,0.378792,0.403864,0.683965,0.627779,0.465747,0.602345,0.384385,0.200831,0.309885,0.574038,0.345393,0.519591,0.665197,0.530521,0.000000,0.475384,0.401136,0.589979,0.458806,0.522147,0.446840,0.457117,0.331002,0.507849,0.493226,0.486123,0.509019,0.362256,0.311927,0.255453,0.478435,0.632175,0.630980,0.404672,0.511714,0.386718,0.494978,0.614626,0.486879,0.605627,0.322904,0.552155,0.707993,0.672765,0.456650,0.474239,0.403813,0.664079,0.502388,0.542727,0.541693,0.157621,0.495087,0.328343,0.620562,0.219097,0.592584,0.605819,0.038414,0.497343,0.579346,0.350487,0.582768,0.199341,0.192614,0.594037,0.580249,0.498121,0.453571,0.620456,0.368183,0.536794,0.517623,0.608780
0.472558,0.451469,0.388598,0.568232,0.581020,0.368694,0.396273,0.652250,0.561658,0.462458,0.328835,0.512081,0.498377,0.641658,0.647602,0.466454,0.634207,0.451664,0.426335,0.470787,0.429141,0.644050,0.400510,0.445844,0.416255,0.426787,0.530636,0.641237,0.235910,0.663119,0.631646,0.340438,0.601045,0.292216,0.535448,0.413853,0.592270,0.465304,0.433602,0.658019,0.545693,0.475384,0.000000,0.458041,0.640811,0.611414,0.522797,0.502006,0.582192,0.502962,0.618414,0.676680,0.553849,0.512714,0.447974,0.496393,0.510024,0.353087,0.495498,0.616241,0.386607,0.620798,0.453391,0.506959,0.512725,0.498092,0.591516,0.459953,0.396670,0.709758,0.709743,0.288794,0.386369,0.596060,0.641812,0.306457,0.492474,0.462252,0.411092,0.368357,0.586348,0.565697,0.518966,0.595827,0.563200,0.491155,0.610160,0.599983,0.487817,0.697258,0.399482,0.380604,0.569052,0.631167,0.474447,0.100948,0.590020,0.540012,0.659345,0.266265,0.444205
0.473126,0.449800,0.531858,0.585388,0.540420,0.534623,0.406898,0.503254,0.446103,0.330545,0.542767,0.453653,0.500309,0.508074,0.743812,0.400690,0.561248,0.426127,0.402725,0.551278,0.343577,0.634791,0.444023,0.340679,0.320486,0.566209,0.547000,0.526331,0.451948,0.637665,0.617865,0.515070,0.615715,0.522474,0.391506,0.379225,0.626800,0.484525,0.504482,0.573196,0.595076,0.401136,0.458041,0.000000,0.630454,0.545792,0.564157,0.525126,0.557096,0.383828,0.553261,0.612481,0.636150,0.537764,0.469654,0.383211,0.367180,0.508954,0.532016,0.760084,0.321535,0.602186,0.352739,0.494497,0.561041,0.527292,0.650026,0.383086,0.471292,0.705656,0.786635,0.434258,0.566471,0.400531,0.682103,0.452326,0.528714,0.544856,0.397254,0.542313,0.382439,0.585714,0.385985,0.678815,0.631061,0.411079,0.552896,0.638650,0.333514,0.570424,0.364742,0.425423,0.593837,0.537415,0.521345,0.466638,0.575955,0.423734,0.646034,0.488559,0.486742
