0.000000,0.253355,0.266148,0.380575,0.395345,0.415462,0.434074,0.441275,0.443193,0.456003,0.457886,0.463911,0.466052,0.470518,0.474014,0.478427,0.484904,0.489645,0.489791,0.490334,0.491842,0.500512,0.500882,0.501368,0.510144,0.512395,0.512656,0.513027,0.514103,0.515523,0.518232,0.519452,0.520528,0.520722,0.520860,0.521490,0.524267,0.526136,0.526892,0.527302,0.527528,0.532843,0.532905,0.535821,0.536566,0.537259,0.538021,0.538932,0.540182,0.540642,0.541531,0.541987,0.542441,0.542543,0.542642,0.542956,0.542973,0.543444,0.543726,0.544232,0.544324,0.545796,0.545817,0.546206,0.547299,0.547772,0.547822,0.548177,0.549016,0.551262,0.551375,0.551651,0.551659,0.552045,0.552059,0.552280,0.552835,0.552859,0.552859,0.553340,0.554977,0.555304,0.555339,0.555589,0.555869,0.556514,0.556581,0.557372,0.557872,0.558199,0.558575,0.558911,0.559108,0.559518,0.559690,0.559699,0.559848,0.560152,0.560677,0.560821,0.561268
0.253355,0.000000,0.204028,0.368656,0.413609,0.305696,0.465422,0.519432,0.455044,0.487837,0.460153,0.600172,0.558643,0.483231,0.470593,0.531519,0.547497,0.565068,0.499343,0.543439,0.569583,0.598465,0.529792,0.321245,0.471156,0.447449,0.528461,0.560166,0.498199,0.552476,0.491356,0.518335,0.579372,0.507752,0.526899,0.553093,0.479716,0.665789,0.552056,0.460151,0.627014,0.546434,0.581930,0.510531,0.528990,0.476549,0.455557,0.579507,0.621536,0.558237,0.583830,0.489182,0.580975,0.570232,0.460114,0.608240,0.614214,0.565857,0.578667,0.524228,0.521634,0.557748,0.546504,0.460307,0.617449,0.534548,0.623633,0.633838,0.565310,0.523420,0.571882,0.537312,0.612805,0.563578,0.583558,0.606218,0.545296,0.392723,0.598556,0.584934,0.681571,0.628372,0.602464,0.588907,0.533995,0.635074,0.479088,0.574321,0.473213,0.371699,0.580483,0.449133,0.447040,0.572963,0.544170,0.549594,0.678813,0.676584,0.545133,0.620046,0.555536
0.266148,0.204028,0.000000,0.289887,0.419570,0.378591,0.502311,0.542187,0.487294,0.476827,0.487321,0.581749,0.542723,0.488311,0.486543,0.523488,0.564444,0.510790,0.484646,0.517796,0.594896,0.542283,0.561041,0.336704,0.486377,0.454230,0.532073,0.558123,0.472980,0.568283,0.490359,0.539766,0.520764,0.511121,0.513058,0.597052,0.485148,0.668021,0.610643,0.485042,0.670299,0.558052,0.619041,0.524569,0.577412,0.473366,0.383726,0.592333,0.648439,0.565641,0.586582,0.514738,0.596180,0.544939,0.377684,0.629581,0.589416,0.552320,0.612618,0.496959,0.539632,0.583200,0.538358,0.535966,0.632253,0.490661,0.630424,0.644887,0.493092,0.562612,0.570568,0.545172,0.654988,0.571225,0.588709,0.636096,0.464106,0.445496,0.586405,0.592812,0.676759,0.614901,0.524055,0.589914,0.569196,0.627296,0.494375,0.619079,0.558844,0.476094,0.489990,0.508405,0.408999,0.548346,0.564057,0.402155,0.691857,0.669885,0.556053,0.588034,0.526342
0.380575,0.368656,0.289887,0.000000,0.534877,0.152311,0.465345,0.594898,0.460114,0.549377,0.402886,0.642331,0.605599,0.524381,0.453996,0.587799,0.514424,0.586191,0.549951,0.608778,0.601755,0.622928,0.622580,0.401599,0.479343,0.516553,0.463016,0.679739,0.466155,0.611345,0.621436,0.552087,0.680231,0.565190,0.563617,0.556458,0.555387,0.648890,0.619601,0.551848,0.535547,0.608798,0.606053,0.503005,0.617846,0.541390,0.381493,0.501888,0.694078,0.605441,0.560841,0.473258,0.721695,0.530769,0.383667,0.726439,0.650747,0.539883,0.655674,0.583015,0.603613,0.583171,0.625547,0.496694,0.640103,0.532714,0.711112,0.716554,0.627471,0.671067,0.539370,0.550634,0.656458,0.553996,0.665665,0.573906,0.529480,0.471529,0.620779,0.588679,0.706331,0.666771,0.605166,0.620224,0.505882,0.579790,0.522127,0.669876,0.529862,0.426522,0.460148,0.600056,0.423340,0.625369,0.543945,0.491331,0.731243,0.712769,0.706846,0.661738,0.473962
0.395345,0.413609,0.419570,0.534877,0.000000,0.542781,0.620206,0.649078,0.562663,0.619116,0.635070,0.651387,0.620745,0.627361,0.515616,0.670535,0.649050,0.630917,0.632729,0.667240,0.576396,0.611384,0.621905,0.584461,0.656937,0.603504,0.683566,0.663326,0.591935,0.667141,0.510383,0.591604,0.556676,0.629171,0.685795,0.661024,0.648856,0.701114,0.655715,0.638295,0.694953,0.673650,0.709190,0.606540,0.693202,0.679540,0.655371,0.667118,0.724711,0.726927,0.709355,0.637283,0.576168,0.666593,0.657518,0.642697,0.706073,0.762682,0.673686,0.668045,0.665713,0.624510,0.688289,0.655411,0.685128,0.650476,0.650602,0.627115,0.672412,0.696239,0.731578,0.665159,0.687223,0.689021,0.718817,0.570753,0.637710,0.625361,0.701937,0.632981,0.666622,0.728808,0.632407,0.646280,0.682421,0.746621,0.619186,0.670961,0.643625,0.639162,0.666951,0.617880,0.634120,0.703254,0.634621,0.693727,0.718345,0.684001,0.578725,0.716943,0.639025
0.415462,0.305696,0.378591,0.152311,0.542781,0.000000,0.495547,0.576494,0.438954,0.591842,0.395467,0.677411,0.636223,0.596470,0.496094,0.603694,0.527951,0.630926,0.584027,0.645436,0.596719,0.671997,0.592706,0.447253,0.517822,0.514282,0.470608,0.646739,0.507696,0.616829,0.614804,0.530301,0.707330,0.597779,0.587403,0.578367,0.545532,0.676321,0.604458,0.549562,0.496957,0.579419,0.628031,0.523783,0.572565,0.559034,0.476277,0.514125,0.697665,0.613409,0.626594,0.519667,0.697282,0.600003,0.463660,0.717093,0.648117,0.625167,0.644357,0.575259,0.599647,0.603166,0.663420,0.495204,0.651432,0.587787,0.688754,0.731456,0.696884,0.652161,0.614792,0.534592,0.705874,0.572642,0.683758,0.587207,0.591862,0.411884,0.648833,0.603157,0.736584,0.702739,0.652526,0.638018,0.462400,0.595622,0.490094,0.656256,0.466352,0.366522,0.537832,0.521875,0.453846,0.646030,0.514855,0.624600,0.721201,0.766727,0.686593,0.712949,0.518757
0.434074,0.465422,0.502311,0.465345,0.620206,0.495547,0.000000,0.584567,0.430675,0.609491,0.432936,0.656667,0.584208,0.632384,0.490539,0.683326,0.497958,0.606968,0.657014,0.652186,0.572684,0.600303,0.559787,0.565048,0.386944,0.512564,0.392061,0.610595,0.476899,0.543571,0.628477,0.515662,0.753672,0.515316,0.653794,0.502337,0.578184,0.613387,0.456327,0.506416,0.584059,0.517172,0.509097,0.331250,0.706008,0.526927,0.626287,0.634314,0.700399,0.551485,0.518125,0.410901,0.715552,0.564879,0.433361,0.611958,0.687472,0.564125,0.543738,0.598137,0.585851,0.581155,0.595356,0.463692,0.692564,0.533077,0.650279,0.616839,0.683094,0.632746,0.556428,0.502000,0.534779,0.511571,0.687973,0.520351,0.698937,0.643909,0.655842,0.438941,0.598144,0.566630,0.660699,0.653814,0.585409,0.689984,0.586075,0.649114,0.628604,0.452468,0.652232,0.675891,0.522332,0.695302,0.633885,0.585326,0.631122,0.616524,0.704295,0.685822,0.619861
0.441275,0.519432,0.542187,0.594898,0.649078,0.576494,0.584567,0.000000,0.631596,0.519368,0.606267,0.512854,0.562565,0.614613,0.568987,0.403542,0.577355,0.607736,0.590536,0.482349,0.638407,0.594168,0.488355,0.679666,0.632786,0.571177,0.602770,0.434200,0.685725,0.594337,0.657666,0.486242,0.632489,0.722561,0.517278,0.755778,0.391692,0.650151,0.564837,0.658261,0.693512,0.490674,0.650329,0.671388,0.534130,0.658738,0.686551,0.657864,0.500201,0.640005,0.692654,0.601631,0.547331,0.697799,0.599878,0.447696,0.471217,0.666859,0.631243,0.751854,0.747206,0.620561,0.708075,0.656602,0.489207,0.678055,0.668435,0.637419,0.701682,0.572185,0.739440,0.595481,0.725080,0.623615,0.582713,0.628193,0.528742,0.677759,0.593479,0.669552,0.634828,0.641256,0.655117,0.490171,0.743605,0.517718,0.662656,0.539188,0.624693,0.596936,0.679754,0.504095,0.626087,0.524037,0.649859,0.681363,0.624650,0.667190,0.714277,0.616087,0.751252
0.443193,0.455044,0.487294,0.460114,0.562663,0.438954,0.430675,0.631596,0.000000,0.602729,0.424725,0.679907,0.483652,0.673290,0.460749,0.665712,0.455256,0.572438,0.534514,0.616545,0.529583,0.568079,0.608412,0.567991,0.386133,0.506073,0.485276,0.569632,0.401689,0.585088,0.631796,0.579656,0.766950,0.533169,0.575966,0.397549,0.606802,0.524403,0.541477,0.579766,0.571880,0.581050,0.406778,0.491728,0.702210,0.486999,0.635536,0.583153,0.654394,0.624309,0.470308,0.566154,0.731607,0.602926,0.571824,0.647686,0.684402,0.535218,0.649596,0.691058,0.603293,0.561972,0.564802,0.455522,0.701206,0.554476,0.707107,0.656368,0.652480,0.636547,0.469365,0.614436,0.535074,0.556366,0.617863,0.523449,0.718075,0.655231,0.583265,0.628186,0.661255,0.611385,0.612916,0.618189,0.639127,0.742534,0.560821,0.659150,0.607676,0.561469,0.642923,0.677739,0.631927,0.633867,0.689743,0.565160,0.689993,0.735702,0.787403,0.600657,0.533922
0.456003,0.487837,0.476827,0.549377,0.619116,0.591842,0.609491,0.519368,0.602729,0.000000,0.657277,0.573460,0.391074,0.777698,0.538093,0.322869,0.685318,0.396990,0.499087,0.160048,0.545006,0.402502,0.603215,0.547466,0.640737,0.578011,0.635887,0.465537,0.686800,0.509203,0.680567,0.452043,0.548764,0.591715,0.501053,0.619573,0.461198,0.713313,0.606133,0.661096,0.730066,0.611721,0.666960,0.681876,0.404474,0.554661,0.629111,0.730181,0.312652,0.503867,0.565959,0.587568,0.643075,0.688719,0.566137,0.556098,0.269562,0.487142,0.634689,0.796438,0.312453,0.522804,0.577383,0.623651,0.373784,0.651158,0.620179,0.533961,0.502249,0.367699,0.551543,0.638556,0.611851,0.568611,0.332469,0.553307,0.526961,0.726860,0.504972,0.660014,0.713178,0.620047,0.587593,0.350195,0.712016,0.571439,0.667786,0.375834,0.558230,0.619766,0.544689,0.577499,0.624456,0.209465,0.747314,0.487246,0.663469,0.693430,0.675018,0.434052,0.681094
0.457886,0.460153,0.487321,0.402886,0.635070,0.395467,0.432936,0.606267,0.424725,0.657277,0.000000,0.751875,0.603637,0.663726,0.482508,0.723428,0.507722,0.678615,0.584796,0.690226,0.634137,0.675655,0.612575,0.493296,0.514245,0.549443,0.526894,0.653255,0.570427,0.668993,0.680546,0.519718,0.764721,0.649790,0.639107,0.551719,0.624273,0.616088,0.597958,0.604006,0.484735,0.612931,0.585491,0.516743,0.728662,0.515000,0.585937,0.562737,0.783995,0.682552,0.567415,0.575162,0.717603,0.664835,0.578933,0.617946,0.727262,0.603550,0.731054,0.649577,0.654111,0.654511,0.722180,0.424294,0.787574,0.653683,0.700167,0.746082,0.728034,0.716688,0.555397,0.536468,0.629923,0.634129,0.680479,0.556005,0.754396,0.613622,0.672031,0.632396,0.705975,0.695864,0.691955,0.714181,0.579962,0.647932,0.575901,0.786306,0.607132,0.531504,0.657741,0.701464,0.547864,0.695019,0.653275,0.643768,0.689910,0.689522,0.760098,0.655268,0.536060
0.463911,0.600172,0.581749,0.642331,0.651387,0.677411,0.656667,0.512854,0.679907,0.573460,0.751875,0.000000,0.655508,0.702133,0.603876,0.483227,0.630017,0.646050,0.707242,0.532115,0.552161,0.669072,0.501445,0.734475,0.668729,0.539245,0.602360,0.526505,0.675804,0.584426,0.647664,0.570806,0.629297,0.689243,0.579755,0.727059,0.509234,0.650851,0.591010,0.719013,0.694573,0.605912,0.720659,0.762956,0.571095,0.689155,0.754722,0.702327,0.509315,0.502899,0.701601,0.572176,0.582018,0.587722,0.689053,0.506041,0.480321,0.726090,0.595888,0.752317,0.761229,0.701362,0.721468,0.689154,0.527446,0.696210,0.611071,0.622398,0.733299,0.690367,0.698337,0.690883,0.740324,0.638884,0.668228,0.647197,0.345102,0.735862,0.730795,0.692309,0.651196,0.656805,0.702095,0.545794,0.755159,0.498361,0.677507,0.535903,0.671277,0.699734,0.677210,0.374895,0.712665,0.565436,0.683522,0.734303,0.667161,0.663164,0.731067,0.587758,0.761649
0.466052,0.558643,0.542723,0.605599,0.620745,0.636223,0.584208,0.562565,0.483652,0.391074,0.603637,0.655508,0.000000,0.713772,0.604991,0.420165,0.679818,0.222414,0.428541,0.369116,0.597910,0.232424,0.717068,0.646379,0.472714,0.592038,0.624743,0.476617,0.542169,0.575847,0.759414,0.539411,0.697153,0.603672,0.572026,0.481276,0.521900,0.673931,0.643840,0.651500,0.695580,0.596834,0.564602,0.497600,0.513810,0.526075,0.731162,0.766761,0.431439,0.708305,0.471769,0.686122,0.761940,0.747289,0.662149,0.559033,0.434535,0.498930,0.692785,0.812078,0.516094,0.549570,0.540192,0.624778,0.510308,0.612309,0.768842,0.624908,0.570432,0.445428,0.462152,0.641570,0.550646,0.647462,0.307838,0.600271,0.680860,0.822852,0.424476,0.652284,0.743220,0.637925,0.638992,0.448152,0.697103,0.660349,0.777973,0.431816,0.691853,0.750888,0.708361,0.696412,0.665782,0.409736,0.781958,0.492676,0.705735,0.689327,0.757265,0.506658,0.688793
0.470518,0.483231,0.488311,0.524381,0.627361,0.596470,0.632384,0.614613,0.673290,0.777698,0.663726,0.702133,0.713772,0.000000,0.723065,0.712018,0.654410,0.737883,0.668577,0.767137,0.722567,0.733364,0.732980,0.651567,0.633359,0.711920,0.625200,0.713496,0.624457,0.718826,0.727592,0.658114,0.738498,0.718766,0.652665,0.734090,0.680361,0.785711,0.730610,0.649620,0.720899,0.668109,0.671697,0.654776,0.758022,0.694270,0.677230,0.739989,0.844212,0.782655,0.712471,0.686945,0.681712,0.723287,0.668087,0.782269,0.828871,0.762963,0.709808,0.700917,0.782680,0.743238,0.660867,0.698171,0.761170,0.685071,0.817710,0.790912,0.714396,0.717582,0.716422,0.689039,0.736288,0.775079,0.802163,0.709381,0.726455,0.675331,0.728530,0.679718,0.768769,0.679343,0.785761,0.764347,0.628851,0.700304,0.712698,0.787866,0.703354,0.644453,0.752608,0.717233,0.638880,0.800808,0.662355,0.643192,0.753159,0.715925,0.639825,0.693289,0.804300
0.474014,0.470593,0.486543,0.453996,0.515616,0.496094,0.490539,0.568987,0.460749,0.538093,0.482508,0.603876,0.604991,0.723065,0.000000,0.601600,0.490389,0.636041,0.640371,0.555877,0.458149,0.626085,0.420155,0.492896,0.548242,0.433482,0.485470,0.548923,0.529318,0.489133,0.565448,0.471042,0.633389,0.676415,0.620536,0.470911,0.458753,0.491904,0.547633,0.633549,0.547988,0.515392,0.602272,0.584017,0.580102,0.560975,0.544802,0.568206,0.601964,0.595249,0.487539,0.531500,0.630916,0.573163,0.511507,0.546679,0.580672,0.671664,0.605787,0.718589,0.690487,0.513045,0.707321,0.348123,0.605675,0.621554,0.593816,0.563088,0.763970,0.695290,0.498537,0.599926,0.569582,0.562703,0.621424,0.394278,0.542095,0.605515,0.702524,0.594807,0.561982,0.612230,0.604675,0.560768,0.600410,0.645109,0.474254,0.574196,0.429008,0.539939,0.406610,0.583993,0.551410,0.577360,0.584589,0.687238,0.570185,0.626586,0.699682,0.596891,0.534802
0.478427,0.531519,0.523488,0.587799,0.670535,0.603694,0.683326,0.403542,0.665712,0.322869,0.723428,0.483227,0.420165,0.712018,0.601600,0.000000,0.689348,0.402092,0.534542,0.296063,0.593978,0.447609,0.601363,0.653780,0.654154,0.669585,0.635349,0.430054,0.653925,0.522776,0.626220,0.526352,0.542545,0.684472,0.532851,0.707337,0.438297,0.734159,0.594919,0.665345,0.778926,0.519483,0.713178,0.730660,0.331826,0.670056,0.709041,0.785178,0.306788,0.579269,0.654156,0.672224,0.551729,0.673169,0.608237,0.524398,0.297152,0.560702,0.644188,0.776633,0.642775,0.619193,0.582642,0.665589,0.222376,0.715227,0.666550,0.571771,0.595144,0.403031,0.664521,0.645652,0.704411,0.610229,0.396535,0.575020,0.478007,0.721918,0.518791,0.630566,0.732846,0.662401,0.598140,0.358942,0.710180,0.510184,0.708012,0.295745,0.586146,0.717174,0.587895,0.514938,0.661494,0.312458,0.713978,0.541187,0.653107,0.732965,0.631654,0.515732,0.765709
0.484904,0.547497,0.564444,0.514424,0.649050,0.527951,0.497958,0.577355,0.455256,0.685318,0.507722,0.630017,0.679818,0.654410,0.490389,0.689348,0.000000,0.723974,0.658962,0.695269,0.539498,0.751737,0.532768,0.604639,0.557944,0.509469,0.514241,0.571360,0.586041,0.560957,0.625853,0.560319,0.714335,0.669427,0.636075,0.550389,0.557948,0.578615,0.514671,0.657077,0.618687,0.593959,0.585301,0.642931,0.726665,0.629288,0.670858,0.640743,0.702131,0.618595,0.620885,0.566178,0.664288,0.632875,0.588838,0.577161,0.715470,0.649561,0.551059,0.633650,0.735916,0.597001,0.666684,0.497761,0.698569,0.622007,0.671734,0.664463,0.786223,0.763293,0.603264,0.597739,0.644386,0.587776,0.673680,0.568184,0.663478,0.615355,0.699335,0.690202,0.576988,0.637440,0.631143,0.660223,0.624154,0.743075,0.549348,0.665119,0.603092,0.559924,0.628451,0.608647,0.622924,0.711301,0.620759,0.692042,0.593503,0.663929,0.767256,0.653382,0.626745
0.489645,0.565068,0.510790,0.586191,0.630917,0.630926,0.606968,0.607736,0.572438,0.396990,0.678615,0.646050,0.222414,0.737883,0.636041,0.402092,0.723974,0.000000,0.453451,0.394139,0.605369,0.178045,0.726356,0.552163,0.544071,0.629688,0.672586,0.530842,0.545318,0.568416,0.787802,0.593995,0.715057,0.604002,0.580577,0.568261,0.579277,0.740311,0.691132,0.593031,0.761727,0.653678,0.629318,0.508579,0.476052,0.520649,0.635277,0.809374,0.435841,0.673942,0.470522,0.711375,0.783749,0.680521,0.659471,0.622258,0.440665,0.449398,0.707144,0.801079,0.484801,0.527170,0.525040,0.659882,0.533699,0.561646,0.751004,0.585871,0.458240,0.474675,0.474037,0.683377,0.502240,0.654514,0.286856,0.658005,0.612810,0.729585,0.449807,0.702346,0.755888,0.656221,0.638947,0.499158,0.702510,0.629555,0.758520,0.441738,0.724503,0.724983,0.725482,0.668800,0.669759,0.408518,0.788799,0.431031,0.742787,0.690440,0.808606,0.479464,0.690315
0.489791,0.499343,0.484646,0.549951,0.632729,0.584027,0.657014,0.590536,0.534514,0.499087,0.584796,0.707242,0.428541,0.668577,0.640371,0.534542,0.658962,0.453451,0.000000,0.499786,0.709909,0.458171,0.727742,0.579345,0.548475,0.578261,0.596866,0.583558,0.522930,0.660144,0.741112,0.604233,0.723183,0.531604,0.500159,0.607427,0.602272,0.751276,0.763239,0.600848,0.766750,0.674389,0.516137,0.592925,0.643997,0.497177,0.680484,0.690363,0.558351,0.755013,0.636185,0.627063,0.742456,0.681766,0.637776,0.615265,0.581460,0.601906,0.808355,0.720386,0.590926,0.670937,0.646665,0.683007,0.647573,0.602995,0.790248,0.735267,0.599069,0.525724,0.648045,0.601774,0.670489,0.643619,0.548634,0.682887,0.696277,0.717456,0.460291,0.725082,0.825820,0.786512,0.663028,0.590506,0.654388,0.688578,0.665142,0.644391,0.712975,0.655671,0.717660,0.689940,0.598418,0.553317,0.762486,0.594318,0.744342,0.725580,0.744776,0.634807,0.696066
0.490334,0.543439,0.517796,0.608778,0.667240,0.645436,0.652186,0.482349,0.616545,0.160048,0.690226,0.532115,0.369116,0.767137,0.555877,0.296063,0.695269,0.394139,0.499786,0.000000,0.605507,0.373016,0.587562,0.579271,0.653496,0.603506,0.658304,0.444470,0.702940,0.549506,0.669400,0.512141,0.582390,0.631035,0.476957,0.687949,0.463545,0.723758,0.640320,0.696928,0.727449,0.600721,0.701979,0.703000,0.419764,0.606509,0.652130,0.802012,0.255783,0.647000,0.554943,0.652310,0.644998,0.733655,0.624897,0.534873,0.254235,0.508078,0.694607,0.775023,0.514410,0.626218,0.558282,0.659195,0.317526,0.680146,0.552243,0.491310,0.583868,0.330029,0.647624,0.659623,0.613063,0.618109,0.342934,0.586986,0.546078,0.729717,0.485481,0.692557,0.716414,0.603692,0.626601,0.304881,0.718776,0.567115,0.706162,0.362047,0.605543,0.727711,0.591353,0.581595,0.652181,0.239973,0.703680,0.505273,0.656971,0.706297,0.688062,0.442340,0.713602
0.491842,0.569583,0.594896,0.601755,0.576396,0.596719,0.572684,0.638407,0.529583,0.545006,0.634137,0.552161,0.597910,0.722567,0.458149,0.593978,0.539498,0.605369,0.709909,0.605507,0.000000,0.616122,0.534303,0.660076,0.581915,0.424051,0.607284,0.562174,0.602181,0.521792,0.656115,0.533634,0.701056,0.586377,0.694092,0.491786,0.566708,0.608975,0.588541,0.604547,0.646005,0.612806,0.680373,0.611954,0.591510,0.517477,0.803657,0.655397,0.584088,0.509987,0.569674,0.624134,0.709466,0.586195,0.623064,0.630128,0.594447,0.679989,0.582173,0.765888,0.660392,0.593346,0.627331,0.487355,0.615203,0.631212,0.609965,0.573348,0.716394,0.704192,0.617322,0.685231,0.580469,0.528367,0.653614,0.389828,0.604829,0.791307,0.734593,0.564890,0.586279,0.553847,0.565916,0.566749,0.667281,0.630668,0.636195,0.534795,0.472053,0.645304,0.520129,0.584895,0.697002,0.625848,0.717360,0.687784,0.622072,0.569355,0.695901,0.580146,0.734579
0.500512,0.598465,0.542283,0.622928,0.611384,0.671997,0.600303,0.594168,0.568079,0.402502,0.675655,0.669072,0.232424,0.733364,0.626085,0.447609,0.751737,0.178045,0.458171,0.373016,0.616122,0.000000,0.780276,0.606251,0.512766,0.674509,0.657396,0.558994,0.573459,0.566827,0.800376,0.602583,0.703149,0.535906,0.591108,0.546625,0.604692,0.712912,0.705688,0.656153,0.738084,0.655431,0.655547,0.478025,0.536781,0.561523,0.673778,0.792319,0.494570,0.704835,0.427277,0.724026,0.768219,0.716956,0.722459,0.615855,0.436060,0.460517,0.660683,0.809943,0.541091,0.551243,0.464959,0.712194,0.534370,0.557909,0.740779,0.571092,0.432167,0.486472,0.477342,0.708505,0.481842,0.695964,0.366202,0.631203,0.692373,0.771440,0.374576,0.677123,0.775426,0.553455,0.613150,0.502612,0.693143,0.675377,0.796131,0.514862,0.766926,0.826379,0.740517,0.741020,0.700506,0.447115,0.794105,0.432525,0.731074,0.633489,0.838376,0.453445,0.669650
0.500882,0.529792,0.561041,0.622580,0.621905,0.592706,0.559787,0.488355,0.608412,0.603215,0.612575,0.501445,0.717068,0.732980,0.420155,0.601363,0.532768,0.726356,0.727742,0.587562,0.534303,0.780276,0.000000,0.595412,0.646755,0.450485,0.461376,0.473759,0.672880,0.518168,0.662135,0.489262,0.673537,0.742021,0.618318,0.649957,0.426395,0.570254,0.440153,0.669995,0.642592,0.517195,0.710975,0.693958,0.555333,0.590407,0.592705,0.600335,0.640251,0.605583,0.671419,0.516634,0.616147,0.568413,0.495864,0.438610,0.566915,0.742678,0.628496,0.577463,0.746527,0.605842,0.719280,0.507967,0.625198,0.582329,0.562282,0.587135,0.821789,0.653132,0.718971,0.479129,0.658494,0.531433,0.695716,0.507445,0.535821,0.560406,0.776862,0.629414,0.562095,0.620624,0.720207,0.574439,0.541993,0.540158,0.423401,0.570865,0.519323,0.533549,0.552168,0.520693,0.535630,0.635126,0.439060,0.772722,0.571317,0.631679,0.713342,0.641424,0.654911
0.501368,0.321245,0.336704,0.401599,0.584461,0.447253,0.565048,0.679666,0.567991,0.547466,0.493296,0.734475,0.646379,0.651567,0.492896,0.653780,0.604639,0.552163,0.579345,0.579271,0.660076,0.606251,0.595412,0.000000,0.518765,0.438800,0.595618,0.667513,0.591054,0.592528,0.566920,0.602901,0.715020,0.608161,0.593483,0.608406,0.565142,0.679439,0.659558,0.531722,0.686451,0.672118,0.723237,0.549586,0.628515,0.429969,0.286019,0.627272,0.733178,0.674771,0.628229,0.585750,0.723909,0.514130,0.489456,0.661246,0.700756,0.509719,0.704220,0.509156,0.511842,0.601459,0.621871,0.533380,0.684493,0.474969,0.680486,0.680449,0.531336,0.589583,0.599468,0.558545,0.666415,0.578886,0.665639,0.683752,0.643789,0.328788,0.680107,0.694548,0.701191,0.687948,0.652499,0.652980,0.499393,0.741709,0.463043,0.662253,0.584583,0.461087,0.613555,0.626929,0.430844,0.614612,0.541775,0.470386,0.746951,0.740962,0.719291,0.655394,0.463694
0.510144,0.471156,0.486377,0.479343,0.656937,0.517822,0.386944,0.632786,0.386133,0.640737,0.514245,0.668729,0.472714,0.633359,0.548242,0.654154,0.557944,0.544071,0.548475,0.653496,0.581915,0.512766,0.646755,0.518765,0.000000,0.441997,0.373332,0.632369,0.237880,0.609172,0.706651,0.556542,0.775407,0.379858,0.602674,0.440895,0.630704,0.607253,0.553573,0.461500,0.706637,0.571589,0.519154,0.288072,0.699926,0.388215,0.639025,0.620584,0.703419,0.650266,0.490918,0.503492,0.740749,0.585042,0.492484,0.613702,0.664284,0.477197,0.627974,0.641476,0.633928,0.629918,0.466953,0.487468,0.695646,0.362249,0.733917,0.749206,0.616099,0.559497,0.483499,0.523446,0.562705,0.513267,0.613073,0.567146,0.651668,0.673015,0.562997,0.652040,0.735476,0.552097,0.635860,0.636053,0.584924,0.652297,0.512073,0.612892,0.658997,0.462931,0.670792,0.631806,0.508344,0.647542,0.671887,0.482333,0.745176,0.704512,0.729442,0.672262,0.649037
0.512395,0.447449,0.454230,0.516553,0.603504,0.514282,0.512564,0.571177,0.506073,0.578011,0.549443,0.539245,0.592038,0.711920,0.433482,0.669585,0.509469,0.629688,0.578261,0.603506,0.424051,0.674509,0.450485,0.438800,0.441997,0.000000,0.467910,0.521024,0.462702,0.596778,0.638234,0.514307,0.702939,0.583253,0.598522,0.435347,0.469162,0.628253,0.581169,0.526731,0.629897,0.535430,0.629175,0.511152,0.623067,0.310207,0.529798,0.577796,0.645586,0.565523,0.609472,0.542653,0.696647,0.541575,0.510690,0.573680,0.617917,0.631426,0.667912,0.596091,0.650448,0.600549,0.665546,0.444579,0.708963,0.484250,0.687127,0.681552,0.682155,0.635449,0.607780,0.513636,0.647529,0.476918,0.668800,0.479903,0.500497,0.503006,0.698651,0.682598,0.691906,0.602329,0.621135,0.605184,0.524451,0.567287,0.398217,0.597951,0.511347,0.435101,0.539298,0.498385,0.478734,0.578500,0.536678,0.656329,0.737101,0.744051,0.723885,0.601912,0.700440
0.512656,0.528461,0.532073,0.463016,0.683566,0.470608,0.392061,0.602770,0.485276,0.635887,0.526894,0.602360,0.624743,0.625200,0.485470,0.635349,0.514241,0.672586,0.596866,0.658304,0.607284,0.657396,0.461376,0.595618,0.373332,0.467910,0.000000,0.586568,0.417969,0.547730,0.660597,0.559731,0.736774,0.540700,0.623276,0.502871,0.571960,0.628168,0.423039,0.606411,0.608725,0.542331,0.544818,0.458334,0.654564,0.428815,0.603650,0.588480,0.685953,0.574699,0.523761,0.424015,0.695301,0.531936,0.413099,0.613608,0.623826,0.619377,0.614487,0.584786,0.667855,0.643463,0.611194,0.525399,0.653653,0.439839,0.699104,0.703233,0.763724,0.625402,0.532865,0.453078,0.577084,0.520380,0.669953,0.527840,0.670196,0.583231,0.740051,0.489587,0.716066,0.575518,0.735979,0.652281,0.463330,0.581047,0.466339,0.621318,0.632535,0.390676,0.643471,0.662742,0.481955,0.647784,0.586162,0.628980,0.650382,0.713788,0.723384,0.612786,0.678907
0.513027,0.560166,0.558123,0.679739,0.663326,0.646739,0.610595,0.434200,0.569632,0.465537,0.653255,0.526505,0.476617,0.713496,0.548923,0.430054,0.571360,0.530842,0.583558,0.444470,0.562174,0.558994,0.473759,0.667513,0.632369,0.521024,0.586568,0.000000,0.656202,0.495354,0.650239,0.512427,0.614282,0.689845,0.674908,0.629370,0.208533,0.668044,0.468794,0.703986,0.686533,0.440700,0.624816,0.695012,0.521180,0.505075,0.752609,0.732948,0.463913,0.659402,0.598007,0.616313,0.594072,0.713392,0.645613,0.449899,0.495481,0.573736,0.598368,0.757973,0.657699,0.592287,0.582633,0.595166,0.494648,0.627699,0.604155,0.616178,0.701853,0.507120,0.641687,0.560871,0.638877,0.599699,0.468739,0.497956,0.522147,0.742818,0.649835,0.655316,0.640115,0.566020,0.594332,0.497904,0.724875,0.623768,0.660085,0.479201,0.602815,0.646548,0.650420,0.469612,0.631470,0.498602,0.725054,0.595639,0.644166,0.686534,0.649452,0.490462,0.758275
0.514103,0.498199,0.472980,0.466155,0.591935,0.507696,0.476899,0.685725,0.401689,0.686800,0.570427,0.675804,0.542169,0.624457,0.529318,0.653925,0.586041,0.545318,0.522930,0.702940,0.602181,0.573459,0.672880,0.591054,0.237880,0.462702,0.417969,0.656202,0.000000,0.614422,0.609618,0.580837,0.680785,0.391258,0.648696,0.439100,0.650498,0.638226,0.547744,0.537303,0.716309,0.538666,0.523399,0.394230,0.698657,0.438006,0.680252,0.612742,0.733339,0.616072,0.529202,0.499616,0.692145,0.530938,0.483293,0.698821,0.694217,0.554617,0.674780,0.599851,0.709297,0.648042,0.569739,0.500848,0.699688,0.456199,0.755782,0.776023,0.635632,0.635544,0.495058,0.568869,0.569635,0.525871,0.657735,0.569347,0.671999,0.690991,0.603311,0.658278,0.715969,0.585241,0.615477,0.660305,0.545687,0.702216,0.549999,0.686158,0.644254,0.485777,0.653935,0.660323,0.534233,0.665417,0.681082,0.531678,0.774842,0.733602,0.627586,0.666796,0.732784
0.515523,0.552476,0.568283,0.611345,0.667141,0.616829,0.543571,0.594337,0.585088,0.509203,0.668993,0.584426,0.575847,0.718826,0.489133,0.522776,0.560957,0.568416,0.660144,0.549506,0.521792,0.566827,0.518168,0.592528,0.609172,0.596778,0.547730,0.495354,0.614422,0.000000,0.632366,0.437182,0.649436,0.663715,0.684700,0.601751,0.483919,0.586163,0.507184,0.674966,0.681285,0.533256,0.726822,0.638014,0.516528,0.577803,0.695298,0.691846,0.603081,0.563383,0.614383,0.540978,0.681215,0.672833,0.535446,0.583378,0.516582,0.693969,0.597449,0.663279,0.556222,0.609446,0.591333,0.519550,0.589042,0.626675,0.650482,0.626514,0.685674,0.562620,0.638562,0.592021,0.639325,0.556631,0.555987,0.477265,0.579328,0.700513,0.726046,0.547426,0.564631,0.604542,0.625066,0.571835,0.613089,0.720119,0.662286,0.494354,0.552494,0.601691,0.572928,0.617375,0.597501,0.600621,0.679438,0.678791,0.615973,0.577816,0.605320,0.522003,0.730543
0.518232,0.491356,0.490359,0.621436,0.510383,0.614804,0.628477,0.657666,0.631796,0.680567,0.680546,0.647664,0.759414,0.727592,0.565448,0.626220,0.625853,0.787802,0.741112,0.669400,0.656115,0.800376,0.662135,0.566920,0.706651,0.638234,0.660597,0.650239,0.609618,0.632366,0.000000,0.602844,0.359004,0.684401,0.708631,0.748220,0.621368,0.677154,0.580544,0.658871,0.746254,0.532497,0.729155,0.738236,0.725568,0.759437,0.669264,0.654086,0.763268,0.704102,0.827143,0.638355,0.365591,0.594008,0.579068,0.746959,0.714315,0.789596,0.683861,0.447842,0.758003,0.742341,0.740010,0.699469,0.617426,0.691839,0.564492,0.704563,0.761387,0.663155,0.797639,0.627342,0.840551,0.685859,0.784394,0.636717,0.678125,0.601641,0.767792,0.554417,0.625248,0.753934,0.663467,0.704572,0.719211,0.761553,0.621809,0.693054,0.657316,0.669522,0.673865,0.630254,0.620016,0.696440,0.618976,0.757179,0.744681,0.704983,0.329281,0.781601,0.742443
0.519452,0.518335,0.539766,0.552087,0.591604,0.530301,0.515662,0.486242,0.579656,0.452043,0.519718,0.570806,0.539411,0.658114,0.471042,0.526352,0.560319,0.593995,0.604233,0.512141,0.533634,0.602583,0.489262,0.602901,0.556542,0.514307,0.559731,0.512427,0.580837,0.437182,0.602844,0.000000,0.581449,0.611531,0.591606,0.639932,0.440924,0.660526,0.567098,0.643778,0.689094,0.468831,0.699794,0.604250,0.516942,0.607741,0.720188,0.709830,0.573953,0.588952,0.657285,0.499477,0.597623,0.724825,0.493201,0.525165,0.488146,0.683437,0.670429,0.669141,0.655793,0.701856,0.710264,0.512524,0.617131,0.718559,0.607734,0.627946,0.754285,0.515552,0.680359,0.526679,0.701299,0.573198,0.573573,0.445465,0.505050,0.751057,0.641815,0.614511,0.675983,0.644553,0.659463,0.522779,0.699646,0.572958,0.626756,0.534532,0.463315,0.508722,0.508667,0.468393,0.516971,0.462374,0.663407,0.682760,0.627365,0.620850,0.569411,0.617453,0.773291
0.520528,0.579372,0.520764,0.680231,0.556676,0.707330,0.753672,0.632489,0.766950,0.548764,0.764721,0.629297,0.697153,0.738498,0.633389,0.542545,0.714335,0.715057,0.723183,0.582390,0.701056,0.703149,0.673537,0.715020,0.775407,0.702939,0.736774,0.614282,0.680785,0.649436,0.359004,0.581449,0.000000,0.712022,0.726920,0.790504,0.581845,0.707905,0.648722,0.746267,0.831232,0.548225,0.795891,0.830632,0.602992,0.826590,0.724737,0.756619,0.660049,0.610876,0.777501,0.665116,0.154359,0.731584,0.665244,0.679477,0.537297,0.779602,0.680051,0.602889,0.741909,0.659915,0.767224,0.779584,0.561265,0.726964,0.585840,0.653805,0.717031,0.675529,0.731909,0.743515,0.800738,0.698791,0.663900,0.669190,0.621873,0.738423,0.676313,0.638340,0.667565,0.710413,0.617575,0.558357,0.756959,0.689569,0.714835,0.598535,0.688188,0.749862,0.661680,0.644242,0.729770,0.588502,0.684362,0.744145,0.759108,0.682375,0.367098,0.707169,0.739715
0.520722,0.507752,0.511121,0.565190,0.629171,0.597779,0.515316,0.722561,0.533169,0.591715,0.649790,0.689243,0.603672,0.718766,0.676415,0.684472,0.669427,0.604002,0.531604,0.631035,0.586377,0.535906,0.742021,0.608161,0.379858,0.583253,0.540700,0.689845,0.391258,0.663715,0.684401,0.611531,0.712022,0.000000,0.678195,0.587136,0.695456,0.749332,0.637917,0.588176,0.786270,0.653563,0.578348,0.451061,0.789029,0.542152,0.704525,0.684507,0.695227,0.545926,0.568169,0.464284,0.745261,0.572787,0.513381,0.736840,0.690599,0.536948,0.591177,0.679875,0.586364,0.725827,0.440154,0.639300,0.737406,0.471521,0.713588,0.697752,0.538071,0.574632,0.610171,0.637436,0.534763,0.571317,0.659213,0.678795,0.734087,0.765845,0.551623,0.633786,0.781733,0.578392,0.573514,0.650085,0.628457,0.765230,0.686912,0.693192,0.738180,0.587537,0.721550,0.733458,0.627672,0.682956,0.751430,0.526436,0.747783,0.678054,0.729365,0.668104,0.721322
0.520860,0.526899,0.513058,0.563617,0.685795,0.587403,0.653794,0.517278,0.575966,0.501053,0.639107,0.579755,0.572026,0.652665,0.620536,0.532851,0.636075,0.580577,0.500159,0.476957,0.694092,0.591108,0.618318,0.593483,0.602674,0.598522,0.623276,0.674908,0.648696,0.684700,0.708631,0.591606,0.726920,0.678195,0.000000,0.750204,0.611003,0.755930,0.713578,0.665951,0.735161,0.680520,0.648177,0.713311,0.616930,0.642777,0.639440,0.693347,0.505361,0.705089,0.741238,0.696019,0.681357,0.668713,0.658240,0.532444,0.486785,0.590790,0.750561,0.737075,0.677576,0.733513,0.635855,0.655663,0.535874,0.643146,0.713762,0.725269,0.671253,0.542767,0.747249,0.676785,0.776320,0.616378,0.625300,0.694698,0.667627,0.654079,0.539627,0.731877,0.812678,0.721811,0.724350,0.525364,0.669244,0.564808,0.648607,0.567082,0.753797,0.706163,0.752877,0.663326,0.691195,0.516346,0.683916,0.580015,0.711706,0.721545,0.795401,0.659443,0.722271
0.521490,0.553093,0.597052,0.556458,0.661024,0.578367,0.502337,0.755778,0.397549,0.619573,0.551719,0.727059,0.481276,0.734090,0.470911,0.707337,0.550389,0.568261,0.607427,0.687949,0.491786,0.546625,0.649957,0.608406,0.440895,0.435347,0.502871,0.629370,0.439100,0.601751,0.748220,0.639932,0.790504,0.587136,0.750204,0.000000,0.662435,0.537111,0.593099,0.670155,0.644463,0.646677,0.518756,0.467277,0.663177,0.420562,0.636410,0.570958,0.671754,0.643947,0.347049,0.594330,0.847419,0.595335,0.643158,0.682505,0.692780,0.584564,0.637700,0.709347,0.641442,0.530174,0.645621,0.432743,0.745250,0.537141,0.748663,0.609704,0.695262,0.703803,0.327083,0.692687,0.444092,0.623496,0.594398,0.504985,0.714539,0.695942,0.644385,0.652676,0.689901,0.545844,0.642283,0.679300,0.591747,0.695773,0.547140,0.710440,0.575710,0.607611,0.558638,0.716597,0.685843,0.670209,0.732202,0.624568,0.720256,0.795981,0.805565,0.536255,0.656512
0.524267,0.479716,0.485148,0.555387,0.648856,0.545532,0.578184,0.391692,0.606802,0.461198,0.624273,0.509234,0.521900,0.680361,0.458753,0.438297,0.557948,0.579277,0.602272,0.463545,0.566708,0.604692,0.426395,0.565142,0.630704,0.469162,0.571960,0.208533,0.650498,0.483919,0.621368,0.440924,0.581845,0.695456,0.611003,0.662435,0.000000,0.711101,0.525162,0.638703,0.724131,0.439366,0.630568,0.729947,0.493134,0.572184,0.656641,0.704874,0.515026,0.574920,0.607725,0.527216,0.562571,0.678110,0.511770,0.466211,0.514279,0.595599,0.631651,0.748026,0.647571,0.591979,0.674796,0.587134,0.546142,0.702096,0.635503,0.601407,0.681422,0.548924,0.639527,0.559769,0.642115,0.563571,0.558098,0.503257,0.420629,0.667004,0.620071,0.600109,0.663142,0.604648,0.584649,0.482888,0.715856,0.630068,0.628130,0.478220,0.482050,0.531726,0.526170,0.381388,0.501980,0.483953,0.654482,0.615590,0.607917,0.703459,0.575424,0.540260,0.698688
0.526136,0.665789,0.668021,0.648890,0.701114,0.676321,0.613387,0.650151,0.524403,0.713313,0.616088,0.650851,0.673931,0.785711,0.491904,0.734159,0.578615,0.740311,0.751276,0.723758,0.608975,0.712912,0.570254,0.679439,0.607253,0.628253,0.628168,0.668044,0.638226,0.586163,0.677154,0.660526,0.707905,0.749332,0.755930,0.537111,0.711101,0.000000,0.620319,0.764633,0.575048,0.709138,0.664542,0.682664,0.649570,0.684941,0.680417,0.567507,0.737644,0.686073,0.575480,0.710349,0.711299,0.671085,0.751314,0.594744,0.715638,0.698921,0.585422,0.683149,0.803495,0.584718,0.746616,0.616654,0.724333,0.648664,0.616158,0.657193,0.792940,0.822671,0.591880,0.679033,0.664074,0.661867,0.693953,0.556968,0.688832,0.727388,0.761997,0.618918,0.442732,0.534323,0.614885,0.689421,0.615498,0.755137,0.627991,0.741604,0.627537,0.716182,0.614304,0.714357,0.743872,0.741906,0.580302,0.719368,0.668150,0.590968,0.769031,0.582759,0.643232
0.526892,0.552056,0.610643,0.619601,0.655715,0.604458,0.456327,0.564837,0.541477,0.606133,0.597958,0.591010,0.643840,0.730610,0.547633,0.594919,0.514671,0.691132,0.763239,0.640320,0.588541,0.705688,0.440153,0.659558,0.553573,0.581169,0.423039,0.468794,0.547744,0.507184,0.580544,0.567098,0.648722,0.637917,0.713578,0.593099,0.525162,0.620319,0.000000,0.689133,0.691547,0.443395,0.592239,0.597993,0.639749,0.570784,0.653889,0.649023,0.645128,0.547777,0.582683,0.455406,0.626451,0.547138,0.492336,0.502775,0.629840,0.635745,0.521387,0.668887,0.671416,0.641874,0.632805,0.522411,0.597154,0.567485,0.609641,0.585090,0.756290,0.672485,0.602920,0.508933,0.573845,0.495404,0.645824,0.542230,0.620476,0.660755,0.755475,0.544990,0.630471,0.566653,0.685720,0.620062,0.643995,0.675038,0.564285,0.575475,0.632147,0.538149,0.672271,0.591372,0.583278,0.688290,0.623158,0.681488,0.649132,0.698282,0.668916,0.604202,0.706295
0.527302,0.460151,0.485042,0.551848,0.638295,0.549562,0.506416,0.658261,0.579766,0.661096,0.604006,0.719013,0.651500,0.649620,0.633549,0.665345,0.657077,0.593031,0.600848,0.696928,0.604547,0.656153,0.669995,0.531722,0.461500,0.526731,0.606411,0.703986,0.537303,0.674966,0.658871,0.643778,0.746267,0.588176,0.665951,0.670155,0.638703,0.764633,0.689133,0.000000,0.762794,0.653455,0.636074,0.587936,0.744547,0.519795,0.662896,0.674806,0.745292,0.618224,0.654225,0.589829,0.690793,0.546642,0.550844,0.713346,0.698618,0.603629,0.717976,0.631627,0.547312,0.679542,0.639400,0.554268,0.745972,0.569464,0.702972,0.780028,0.605791,0.656853,0.682453,0.615116,0.641473,0.532032,0.739505,0.659588,0.705130,0.645693,0.632791,0.652781,0.733107,0.755344,0.652754,0.694677,0.705910,0.695583,0.623852,0.658015,0.659574,0.571365,0.717882,0.692859,0.562840,0.662505,0.722333,0.619376,0.776863,0.763174,0.703940,0.806606,0.666248
0.527528,0.627014,0.670299,0.535547,0.694953,0.496957,0.584059,0.693512,0.571880,0.730066,0.484735,0.694573,0.695580,0.720899,0.547988,0.778926,0.618687,0.761727,0.766750,0.727449,0.646005,0.738084,0.642592,0.686451,0.706637,0.629897,0.608725,0.686533,0.716309,0.681285,0.746254,0.689094,0.831232,0.786270,0.735161,0.644463,0.724131,0.575048,0.691547,0.762794,0.000000,0.722879,0.724928,0.673062,0.764977,0.653267,0.712631,0.624999,0.770271,0.765873,0.637995,0.691551,0.818453,0.724175,0.714667,0.715838,0.722063,0.764539,0.682730,0.685121,0.768586,0.658090,0.799729,0.558294,0.741277,0.723547,0.715949,0.778202,0.806589,0.827611,0.683131,0.726665,0.704041,0.686923,0.713761,0.658706,0.724016,0.727568,0.801273,0.739713,0.674180,0.725308,0.721750,0.679506,0.543845,0.686952,0.635060,0.756652,0.639569,0.650114,0.683995,0.746630,0.750412,0.728746,0.666158,0.801848,0.738793,0.620957,0.860517,0.681488,0.624917
0.532843,0.546434,0.558052,0.608798,0.673650,0.579419,0.517172,0.490674,0.581050,0.611721,0.612931,0.605912,0.596834,0.668109,0.515392,0.519483,0.593959,0.653678,0.674389,0.600721,0.612806,0.655431,0.517195,0.672118,0.571589,0.535430,0.542331,0.440700,0.538666,0.533256,0.532497,0.468831,0.548225,0.653563,0.680520,0.646677,0.439366,0.709138,0.443395,0.653455,0.722879,0.000000,0.662780,0.594150,0.591411,0.580551,0.714941,0.660483,0.641184,0.615196,0.641888,0.501553,0.494098,0.641032,0.515255,0.594159,0.619968,0.674744,0.582130,0.636379,0.696844,0.671296,0.625201,0.505368,0.577181,0.667433,0.627015,0.630478,0.759362,0.559836,0.670245,0.552417,0.664881,0.571192,0.641921,0.464271,0.637147,0.703951,0.657407,0.504997,0.664759,0.567258,0.587491,0.568513,0.652518,0.659554,0.662123,0.594685,0.612852,0.542986,0.610616,0.629386,0.576450,0.643154,0.696200,0.678988,0.675870,0.654458,0.499102,0.625487,0.809908
0.532905,0.581930,0.619041,0.606053,0.709190,0.628031,0.509097,0.650329,0.406778,0.666960,0.585491,0.720659,0.564602,0.671697,0.602272,0.713178,0.585301,0.629318,0.516137,0.701979,0.680373,0.655547,0.710975,0.723237,0.519154,0.629175,0.544818,0.624816,0.523399,0.726822,0.729155,0.699794,0.795891,0.578348,0.648177,0.518756,0.630568,0.664542,0.592239,0.636074,0.724928,0.662780,0.000000,0.625021,0.773118,0.591343,0.737621,0.712455,0.695547,0.657892,0.529750,0.597316,0.766781,0.638594,0.655633,0.715395,0.743923,0.585844,0.663646,0.775031,0.654638,0.644898,0.669682,0.516625,0.770646,0.691865,0.774037,0.695662,0.667660,0.726401,0.501806,0.715034,0.549999,0.664384,0.650473,0.659292,0.780203,0.772513,0.587902,0.689372,0.757410,0.670596,0.688544,0.744230,0.696979,0.773066,0.678539,0.729318,0.707707,0.686850,0.724528,0.755695,0.745801,0.709268,0.823440,0.619701,0.708123,0.770202,0.779604,0.661866,0.682636
0.535821,0.510531,0.524569,0.503005,0.606540,0.523783,0.331250,0.671388,0.491728,0.681876,0.516743,0.762956,0.497600,0.654776,0.584017,0.730660,0.642931,0.508579,0.592925,0.703000,0.611954,0.478025,0.693958,0.549586,0.288072,0.511152,0.458334,0.695012,0.394230,0.638014,0.738236,0.604250,0.830632,0.451061,0.713311,0.467277,0.729947,0.682664,0.597993,0.587936,0.673062,0.594150,0.625021,0.000000,0.725224,0.482506,0.655237,0.657768,0.762146,0.754011,0.499764,0.528131,0.803031,0.649283,0.531978,0.668639,0.738210,0.622163,0.659068,0.621939,0.661614,0.629873,0.585922,0.552111,0.778842,0.400752,0.770490,0.716426,0.679519,0.631059,0.533065,0.502904,0.558582,0.678152,0.644355,0.617092,0.737790,0.691108,0.643560,0.607310,0.712553,0.596481,0.720475,0.782602,0.533262,0.652573,0.552034,0.738484,0.710420,0.479533,0.704356,0.701798,0.502066,0.712629,0.630425,0.588569,0.765475,0.648360,0.792897,0.696812,0.721470
