0.000000,0.145440,0.218002,0.273569,0.273595,0.301764,0.355179,0.373298,0.382744,0.386115,0.389447,0.390620,0.406544,0.409623,0.409908,0.411802,0.411967,0.413583,0.414293,0.415523,0.416409,0.416852,0.418207,0.419878,0.420196,0.422182,0.425658,0.427030,0.427997,0.429884,0.431476,0.436356,0.437151,0.437546,0.438443,0.439433,0.442401,0.442566,0.443571,0.443624,0.445531,0.446302,0.446482,0.446580,0.447832,0.450079,0.451367,0.451826,0.451842,0.452124,0.453416,0.453784,0.455157,0.456273,0.456431,0.458340,0.458374,0.459409,0.459783,0.459897,0.461282,0.461355,0.461422,0.461872,0.462191,0.462359,0.462413,0.464710,0.465927,0.466012,0.466339,0.466516,0.467338,0.468021,0.468111,0.468624,0.468913,0.469051,0.469964,0.470108,0.470545,0.471379,0.473010,0.473036,0.473978,0.474133,0.474273,0.474467,0.474928,0.476473,0.476708,0.476955,0.477022,0.478264,0.478522,0.478557,0.482521,0.483152,0.483337,0.483447,0.483722,0.483828,0.483834,0.484267,0.484758,0.485416,0.485806,0.485811,0.485837,0.485925,0.486155,0.486853,0.487145,0.487440,0.488258,0.488598,0.488613,0.490227,0.490616,0.490976,0.491293,0.491482,0.492779,0.493696,0.494013,0.494127,0.494357,0.495467,0.495552,0.495961,0.495996,0.496167,0.496465,0.496582,0.496698,0.497786,0.498082,0.498573,0.499128,0.499371,0.499650,0.500274,0.500334,0.500796,0.500947,0.501724,0.501800,0.501896,0.502650,0.502865,0.503396,0.503720,0.503903,0.504213,0.504422,0.505458,0.505519,0.505680,0.505857,0.506256,0.506892,0.506928,0.507117,0.507307,0.508257,0.508642,0.508781,0.509271,0.509331,0.509348,0.509743,0.509965,0.510333,0.510588,0.510612,0.510925,0.512447,0.512452,0.513764,0.513938,0.514484,0.514544,0.515044,0.515095,0.515309,0.515596,0.515886,0.516213,0.516586,0.516738,0.516814,0.516850,0.516932,0.516951,0.516968,0.517289,0.517522,0.517554,0.517645,0.517653,0.518341
0.145440,0.000000,0.246051,0.288000,0.305942,0.334235,0.365942,0.364155,0.393515,0.424303,0.425843,0.385335,0.445244,0.385465,0.459739,0.419991,0.472270,0.408036,0.415840,0.395841,0.389566,0.474474,0.420542,0.406234,0.415924,0.432951,0.433725,0.440297,0.418568,0.450417,0.428246,0.419304,0.473103,0.434103,0.498553,0.490187,0.499703,0.477728,0.440776,0.451196,0.427468,0.437567,0.433744,0.520311,0.437163,0.477744,0.405598,0.443182,0.456795,0.441573,0.412670,0.463075,0.427525,0.462659,0.453056,0.456056,0.428647,0.425112,0.411320,0.451306,0.476750,0.422518,0.444033,0.419784,0.458628,0.438968,0.461252,0.507000,0.431314,0.464595,0.529339,0.477025,0.429981,0.480728,0.486356,0.523085,0.459455,0.481959,0.437134,0.474820,0.448088,0.430379,0.463194,0.443012,0.419991,0.464718,0.504596,0.442079,0.466545,0.486577,0.487512,0.478761,0.436396,0.450209,0.443913,0.478015,0.446685,0.450762,0.455868,0.441532,0.501538,0.451152,0.469275,0.553464,0.555994,0.466271,0.468905,0.508412,0.488396,0.454598,0.444433,0.451924,0.543837,0.463268,0.478695,0.474350,0.504674,0.460226,0.499311,0.529256,0.518854,0.506171,0.463518,0.502301,0.538179,0.496856,0.468517,0.455000,0.540708,0.490787,0.487935,0.506386,0.463087,0.474823,0.491667,0.524203,0.466858,0.466552,0.477682,0.506545,0.479479,0.522383,0.472492,0.470124,0.516380,0.497165,0.476483,0.519689,0.442801,0.534017,0.588867,0.482299,0.543296,0.522308,0.491911,0.505630,0.498385,0.479515,0.502764,0.527511,0.533765,0.455416,0.475222,0.508349,0.498310,0.499074,0.514485,0.484983,0.485677,0.491775,0.478773,0.480509,0.516291,0.509715,0.539127,0.495213,0.509483,0.494042,0.549742,0.543278,0.563171,0.556114,0.580843,0.503971,0.469021,0.452327,0.497218,0.468309,0.454049,0.482134,0.485425,0.497936,0.520232,0.492920,0.549108,0.532199,0.478955,0.509598,0.506048,0.510755,0.537679
0.218002,0.246051,0.000000,0.314587,0.415996,0.285633,0.244568,0.435172,0.387093,0.475077,0.485454,0.469487,0.475716,0.438845,0.424088,0.314568,0.451094,0.492166,0.321666,0.412987,0.268311,0.448538,0.400914,0.407908,0.264053,0.217884,0.417314,0.460414,0.434303,0.602764,0.295960,0.365380,0.524107,0.462985,0.581220,0.468497,0.574980,0.579590,0.461927,0.393960,0.440317,0.210194,0.414342,0.532660,0.423152,0.501096,0.431208,0.461864,0.338438,0.440616,0.427676,0.418629,0.478731,0.463809,0.592578,0.461113,0.394380,0.395448,0.455840,0.491888,0.343279,0.396304,0.367409,0.452998,0.334615,0.448577,0.480007,0.550705,0.424247,0.553786,0.522018,0.478925,0.436108,0.486542,0.418096,0.474994,0.443877,0.504893,0.512895,0.456861,0.469706,0.444045,0.424467,0.447390,0.474166,0.484851,0.445836,0.406597,0.451190,0.394040,0.477969,0.504327,0.474883,0.452644,0.467609,0.329468,0.427636,0.469020,0.420769,0.438661,0.500821,0.494494,0.554570,0.566393,0.536905,0.501673,0.468186,0.468079,0.459408,0.439831,0.490821,0.477883,0.508848,0.458132,0.526788,0.455040,0.526017,0.474731,0.426814,0.522437,0.514268,0.398658,0.443341,0.534549,0.505963,0.469365,0.523800,0.445608,0.507544,0.556914,0.419999,0.425124,0.313125,0.452871,0.470227,0.546848,0.494712,0.523080,0.520126,0.352290,0.345238,0.406068,0.410328,0.531430,0.396760,0.556734,0.454810,0.551364,0.505338,0.574284,0.549573,0.410515,0.554251,0.503411,0.441456,0.450524,0.521390,0.341999,0.525830,0.607571,0.594617,0.461375,0.498469,0.643008,0.524875,0.574895,0.555061,0.407487,0.505366,0.397068,0.530006,0.504469,0.485844,0.377396,0.614620,0.322998,0.462783,0.496257,0.607600,0.638042,0.639219,0.527510,0.567744,0.464696,0.472583,0.476958,0.570340,0.500639,0.525737,0.473778,0.375481,0.324433,0.530655,0.528607,0.538633,0.540429,0.482558,0.471688,0.534095,0.491648,0.478775
0.273569,0.288000,0.314587,0.000000,0.311517,0.275720,0.267764,0.199323,0.275830,0.430338,0.411506,0.307686,0.411788,0.300929,0.481891,0.319383,0.512739,0.353670,0.274863,0.240318,0.310266,0.517004,0.372334,0.328291,0.314088,0.384746,0.268729,0.325547,0.317105,0.586289,0.414816,0.251153,0.527305,0.251078,0.696489,0.442524,0.560488,0.495843,0.281780,0.295339,0.303556,0.439747,0.288339,0.618315,0.258978,0.488552,0.251359,0.264449,0.461365,0.318596,0.244463,0.408001,0.310115,0.207286,0.493941,0.323145,0.242123,0.226815,0.276591,0.386656,0.343831,0.284296,0.354759,0.305631,0.326786,0.232984,0.527825,0.535763,0.259883,0.508912,0.521977,0.299473,0.266936,0.524234,0.533285,0.615742,0.349492,0.556426,0.282451,0.368815,0.296054,0.279590,0.377605,0.336662,0.250802,0.375229,0.541195,0.237485,0.404309,0.522671,0.308463,0.241184,0.194179,0.265725,0.282403,0.340396,0.332118,0.255138,0.287449,0.301527,0.329965,0.251740,0.466513,0.557660,0.593486,0.315528,0.348971,0.329057,0.292330,0.289527,0.255591,0.318637,0.500555,0.299350,0.459145,0.343095,0.612077,0.314628,0.465029,0.423678,0.362615,0.448244,0.314801,0.550401,0.621416,0.392272,0.293804,0.303683,0.572542,0.395210,0.349518,0.548781,0.491874,0.342961,0.396368,0.527176,0.320612,0.269340,0.284517,0.410905,0.334865,0.409014,0.352763,0.334268,0.422241,0.430335,0.347082,0.540399,0.315199,0.424996,0.595670,0.417119,0.554966,0.382648,0.338483,0.456988,0.458844,0.362538,0.294453,0.587302,0.519106,0.493426,0.334464,0.589473,0.389943,0.350562,0.438041,0.364984,0.307014,0.380299,0.304324,0.385929,0.355319,0.340600,0.493504,0.509009,0.330001,0.273648,0.618751,0.342180,0.687273,0.499972,0.559810,0.351979,0.320486,0.295507,0.434739,0.333104,0.365676,0.318897,0.471198,0.496506,0.511284,0.374820,0.519515,0.431272,0.359453,0.352097,0.254461,0.436095,0.563637
0.273595,0.305942,0.415996,0.311517,0.000000,0.413962,0.481133,0.302927,0.520441,0.535663,0.547986,0.489758,0.412334,0.509447,0.564888,0.382204,0.511990,0.433682,0.515727,0.541314,0.455734,0.514593,0.506567,0.545975,0.543326,0.596266,0.451872,0.567837,0.507678,0.509438,0.514841,0.494504,0.442093,0.468212,0.562720,0.413293,0.574598,0.520311,0.565619,0.496516,0.478821,0.591791,0.559610,0.570595,0.554053,0.492174,0.524236,0.392347,0.556769,0.541543,0.517057,0.625154,0.578383,0.508050,0.519031,0.543207,0.535057,0.530973,0.519438,0.522381,0.602665,0.481786,0.606233,0.410296,0.577847,0.538590,0.500568,0.472829,0.540637,0.571334,0.607751,0.528740,0.536797,0.498579,0.591359,0.627926,0.550194,0.633767,0.494510,0.619360,0.573029,0.549406,0.586888,0.603402,0.515920,0.468124,0.605838,0.549528,0.589476,0.563030,0.494691,0.537774,0.497053,0.576586,0.550507,0.604058,0.594723,0.436800,0.555686,0.556052,0.568895,0.481553,0.554803,0.521947,0.662661,0.549467,0.614610,0.503097,0.537757,0.565113,0.543033,0.609188,0.627212,0.585696,0.518107,0.625028,0.633506,0.450061,0.631354,0.574930,0.529507,0.641083,0.562320,0.637088,0.579029,0.615146,0.583569,0.520067,0.585958,0.434522,0.516777,0.630659,0.600313,0.495043,0.553637,0.573446,0.578396,0.537250,0.517212,0.610692,0.626246,0.621148,0.515384,0.497999,0.615840,0.567665,0.617904,0.562369,0.582480,0.651838,0.670881,0.537098,0.575803,0.572156,0.558414,0.611722,0.595719,0.627271,0.605920,0.533514,0.564891,0.594532,0.617695,0.486054,0.548394,0.528781,0.526524,0.487960,0.503980,0.577710,0.552474,0.526567,0.510290,0.531941,0.548032,0.617526,0.520175,0.487362,0.582684,0.572579,0.583652,0.582202,0.497674,0.617208,0.570778,0.534647,0.404715,0.551578,0.585821,0.542438,0.590463,0.625572,0.595065,0.598116,0.611235,0.593692,0.544170,0.616332,0.539476,0.612705,0.639384
0.301764,0.334235,0.285633,0.275720,0.413962,0.000000,0.119707,0.398401,0.421058,0.396404,0.460770,0.433939,0.439723,0.410703,0.569291,0.237169,0.580898,0.372025,0.222759,0.391068,0.236800,0.598920,0.131358,0.350737,0.201297,0.422035,0.326862,0.448209,0.448707,0.595222,0.251309,0.224388,0.521264,0.325375,0.625571,0.336764,0.485862,0.549430,0.362070,0.344779,0.351326,0.440805,0.404145,0.628934,0.198366,0.458953,0.314534,0.480547,0.441114,0.356267,0.327783,0.434606,0.386495,0.414879,0.537888,0.359802,0.209336,0.210855,0.374312,0.461529,0.328541,0.368787,0.445736,0.340711,0.336847,0.408010,0.557457,0.493961,0.317863,0.546524,0.516393,0.363820,0.328047,0.452403,0.561013,0.501912,0.482019,0.566263,0.421951,0.430602,0.419168,0.328461,0.412303,0.400504,0.362446,0.467578,0.506228,0.260025,0.421746,0.555869,0.373670,0.465547,0.398172,0.337132,0.337847,0.351089,0.372620,0.376404,0.218222,0.443098,0.405296,0.454585,0.509837,0.506769,0.560894,0.424038,0.408461,0.354473,0.349556,0.325858,0.376353,0.408108,0.496160,0.327541,0.492355,0.337188,0.643288,0.494080,0.474111,0.473366,0.444828,0.419440,0.469288,0.651130,0.647766,0.460311,0.393248,0.297584,0.576051,0.434752,0.484883,0.578278,0.391248,0.467063,0.418883,0.642606,0.387920,0.457975,0.468047,0.335868,0.391794,0.417264,0.471825,0.408464,0.364663,0.475683,0.344164,0.574844,0.371246,0.560058,0.585981,0.446084,0.508383,0.393365,0.430111,0.456033,0.297519,0.376470,0.462409,0.644272,0.649298,0.443576,0.396570,0.613909,0.410649,0.458672,0.428556,0.365402,0.451988,0.452129,0.420829,0.435569,0.386605,0.381998,0.533764,0.473309,0.362524,0.409903,0.661208,0.593741,0.624636,0.534102,0.547538,0.388242,0.397110,0.429824,0.533476,0.384243,0.433060,0.502934,0.528351,0.537326,0.576160,0.396991,0.553881,0.430266,0.398474,0.437929,0.528263,0.481977,0.540325
0.355179,0.365942,0.244568,0.267764,0.481133,0.119707,0.000000,0.360037,0.374617,0.440781,0.449506,0.459391,0.470272,0.388703,0.548552,0.188050,0.594924,0.380505,0.144847,0.347315,0.193164,0.544846,0.195871,0.345973,0.229205,0.354948,0.331633,0.416713,0.435074,0.670496,0.235207,0.184501,0.579112,0.296089,0.634292,0.401947,0.558343,0.585811,0.339196,0.284546,0.283441,0.363779,0.379085,0.667018,0.203638,0.486974,0.255310,0.417147,0.394067,0.289472,0.225335,0.407276,0.361610,0.391062,0.522246,0.349443,0.176407,0.168256,0.337656,0.490940,0.277056,0.302141,0.382569,0.297481,0.280801,0.367418,0.578162,0.519868,0.256145,0.571787,0.543396,0.303846,0.239736,0.490884,0.573805,0.554702,0.390988,0.557729,0.412099,0.363081,0.379976,0.277113,0.387315,0.393959,0.302831,0.416205,0.533927,0.152595,0.392647,0.565300,0.316309,0.431205,0.373820,0.266353,0.293388,0.258220,0.294451,0.308953,0.211441,0.353169,0.346595,0.391651,0.524110,0.556555,0.604848,0.398618,0.425732,0.306496,0.280929,0.277476,0.369869,0.384994,0.474565,0.272716,0.490797,0.331260,0.670204,0.415054,0.437827,0.454860,0.387518,0.351179,0.414455,0.621472,0.627449,0.374322,0.365830,0.272474,0.597937,0.462879,0.404856,0.581860,0.361358,0.440041,0.379649,0.648888,0.321996,0.447919,0.387009,0.319191,0.289462,0.312632,0.428680,0.378980,0.336974,0.439347,0.348065,0.590334,0.356150,0.517082,0.556834,0.387180,0.547368,0.376771,0.349171,0.391293,0.356436,0.314560,0.421076,0.683585,0.655460,0.428286,0.386064,0.678656,0.372083,0.467852,0.381543,0.311248,0.402109,0.408782,0.362958,0.381924,0.334019,0.316288,0.573053,0.422477,0.275236,0.352700,0.671320,0.584157,0.669676,0.493875,0.581339,0.370694,0.329502,0.357122,0.522150,0.353073,0.394733,0.427704,0.488847,0.500226,0.574107,0.360945,0.539401,0.412189,0.353414,0.412703,0.494788,0.393332,0.493485
0.373298,0.364155,0.435172,0.199323,0.302927,0.398401,0.360037,0.000000,0.364767,0.499224,0.443106,0.337579,0.422586,0.394947,0.513157,0.348011,0.535896,0.353223,0.372814,0.285259,0.366497,0.513284,0.466158,0.410546,0.447322,0.511268,0.293879,0.396042,0.401415,0.613630,0.506690,0.345969,0.551387,0.328309,0.653457,0.424875,0.551000,0.518040,0.381544,0.355690,0.375990,0.534991,0.391748,0.625791,0.399514,0.451876,0.359378,0.257890,0.513971,0.417812,0.337659,0.513689,0.420108,0.278301,0.501933,0.387059,0.380142,0.354322,0.358709,0.480706,0.467181,0.345006,0.426184,0.302686,0.470772,0.352307,0.545309,0.490821,0.361371,0.561348,0.553814,0.358034,0.369664,0.483311,0.563696,0.636673,0.409962,0.606943,0.355330,0.467824,0.429831,0.397415,0.467502,0.442452,0.303499,0.387174,0.581659,0.350505,0.508583,0.555088,0.338415,0.276950,0.287012,0.364405,0.368546,0.444138,0.463841,0.280005,0.435369,0.344650,0.379551,0.285463,0.516782,0.526573,0.617203,0.433911,0.438409,0.349654,0.348621,0.402991,0.353683,0.442150,0.535352,0.418653,0.511135,0.465754,0.640922,0.295358,0.549874,0.456548,0.355875,0.522538,0.409048,0.537545,0.616926,0.464735,0.419682,0.366545,0.539884,0.370037,0.384564,0.588269,0.541714,0.373750,0.439577,0.587913,0.372908,0.352557,0.326841,0.534186,0.454301,0.492569,0.376981,0.384400,0.521401,0.508723,0.477140,0.577018,0.425622,0.422205,0.646737,0.507927,0.560125,0.428646,0.426155,0.521318,0.502291,0.483016,0.394232,0.647289,0.633453,0.538433,0.458055,0.570103,0.398096,0.417723,0.446607,0.375345,0.289749,0.420808,0.353714,0.419318,0.352817,0.372505,0.495176,0.556224,0.348766,0.312332,0.586698,0.331968,0.690878,0.522446,0.521265,0.428228,0.399649,0.335755,0.344818,0.391681,0.446510,0.391947,0.536277,0.578993,0.519262,0.404664,0.574324,0.448858,0.413882,0.418448,0.316438,0.481698,0.578208
0.382744,0.393515,0.387093,0.275830,0.520441,0.421058,0.374617,0.364767,0.000000,0.417137,0.210885,0.371556,0.392230,0.408711,0.451889,0.489384,0.514478,0.432954,0.381054,0.250543,0.444295,0.479106,0.514079,0.342464,0.417412,0.409891,0.301698,0.362257,0.431785,0.642925,0.525342,0.370433,0.424113,0.402364,0.670583,0.538192,0.554490,0.478143,0.357714,0.346697,0.426318,0.425489,0.315639,0.675339,0.366840,0.411411,0.365304,0.438665,0.470485,0.329753,0.358208,0.327541,0.290739,0.257105,0.430034,0.383471,0.348253,0.347584,0.383536,0.379412,0.362592,0.385480,0.263011,0.458091,0.373957,0.254701,0.467492,0.436662,0.359588,0.512258,0.542044,0.310481,0.352557,0.453126,0.580217,0.619367,0.435111,0.521766,0.407429,0.204414,0.267981,0.366783,0.326014,0.330680,0.380947,0.419136,0.584909,0.347620,0.356910,0.467164,0.334474,0.330326,0.382767,0.363082,0.384663,0.329338,0.403632,0.413262,0.397745,0.334247,0.302777,0.369669,0.520182,0.467525,0.569599,0.379950,0.374478,0.387892,0.373446,0.362124,0.394028,0.301635,0.524390,0.373506,0.461809,0.370344,0.623490,0.447741,0.480682,0.428270,0.369531,0.450732,0.381831,0.543183,0.578507,0.468728,0.315906,0.419504,0.588302,0.530308,0.433765,0.588468,0.595712,0.370010,0.443038,0.534640,0.325091,0.409177,0.440291,0.466246,0.344583,0.375105,0.490914,0.458604,0.404626,0.538831,0.375034,0.479549,0.339714,0.399666,0.588782,0.484455,0.513696,0.424788,0.334863,0.473142,0.577781,0.379260,0.405290,0.580153,0.523750,0.527407,0.312143,0.693151,0.363500,0.457532,0.581407,0.490202,0.428269,0.409960,0.402794,0.495359,0.384780,0.368357,0.425071,0.436795,0.402268,0.376417,0.609166,0.447857,0.715272,0.429125,0.493641,0.301146,0.376462,0.394441,0.503664,0.407055,0.436386,0.446090,0.558125,0.566877,0.527127,0.394549,0.429373,0.474441,0.473200,0.312435,0.420911,0.529433,0.575871
0.386115,0.424303,0.475077,0.430338,0.535663,0.396404,0.440781,0.499224,0.417137,0.000000,0.474423,0.411708,0.492784,0.437096,0.534210,0.499803,0.574509,0.495838,0.458819,0.414792,0.440929,0.582085,0.443246,0.449198,0.520429,0.546479,0.457288,0.469185,0.422409,0.608212,0.484915,0.496812,0.509997,0.392364,0.602074,0.559617,0.622999,0.570775,0.270553,0.490828,0.437431,0.594670,0.375582,0.705345,0.449662,0.544580,0.519739,0.601286,0.458308,0.407019,0.525991,0.393121,0.486599,0.450599,0.562285,0.456398,0.494553,0.501689,0.420262,0.526380,0.465547,0.500023,0.508908,0.574781,0.494923,0.437076,0.537412,0.500741,0.516679,0.578672,0.629708,0.549069,0.501521,0.548739,0.655360,0.656702,0.446971,0.494690,0.501382,0.444346,0.474187,0.504622,0.355665,0.359221,0.550880,0.553709,0.645462,0.529812,0.297781,0.659835,0.555888,0.520159,0.552786,0.514395,0.544370,0.481867,0.522045,0.538324,0.497138,0.571647,0.550013,0.547771,0.516640,0.577305,0.674190,0.502004,0.287642,0.499604,0.512467,0.493471,0.557344,0.462320,0.613732,0.507822,0.453942,0.446218,0.559720,0.578221,0.477579,0.521593,0.582968,0.479076,0.432189,0.668899,0.575599,0.566544,0.480214,0.484052,0.583572,0.395886,0.628705,0.631690,0.626363,0.527978,0.502464,0.597145,0.535606,0.509021,0.563667,0.513848,0.398832,0.248385,0.469081,0.484786,0.252021,0.559827,0.455028,0.582273,0.373756,0.560802,0.634503,0.450337,0.482494,0.525184,0.450765,0.521341,0.560197,0.395649,0.423674,0.561959,0.573055,0.452256,0.482735,0.710079,0.530240,0.463609,0.541743,0.549121,0.538612,0.448098,0.549816,0.482334,0.588099,0.471403,0.585931,0.572754,0.575531,0.556153,0.591633,0.565231,0.711600,0.618580,0.581888,0.467888,0.491045,0.490861,0.584023,0.599929,0.544562,0.585137,0.603278,0.646040,0.591278,0.492486,0.615608,0.573213,0.541694,0.507939,0.593986,0.543205,0.656662
0.389447,0.425843,0.485454,0.411506,0.547986,0.460770,0.449506,0.443106,0.210885,0.474423,0.000000,0.434867,0.381368,0.512374,0.516472,0.520113,0.524164,0.447002,0.456730,0.373198,0.559030,0.483061,0.544510,0.408434,0.521768,0.552461,0.359858,0.465294,0.538308,0.574832,0.576355,0.457043,0.439839,0.487698,0.560207,0.537213,0.529121,0.400059,0.461388,0.451016,0.519854,0.544564,0.457050,0.643595,0.497597,0.359021,0.480729,0.553975,0.521907,0.425998,0.476113,0.407619,0.388775,0.356704,0.423901,0.481804,0.479492,0.460068,0.489518,0.466787,0.481945,0.497797,0.397159,0.534488,0.498403,0.362262,0.401526,0.362249,0.489786,0.462142,0.550619,0.341424,0.486516,0.406371,0.580852,0.613213,0.531967,0.573719,0.538016,0.293382,0.397815,0.498137,0.429995,0.487256,0.500988,0.451596,0.625385,0.466444,0.453211,0.458989,0.356146,0.432293,0.544348,0.470896,0.481480,0.466833,0.504889,0.509534,0.530885,0.433324,0.318642,0.509335,0.568312,0.374011,0.575404,0.544074,0.511135,0.436029,0.432424,0.507536,0.514166,0.433453,0.531989,0.517271,0.500051,0.460303,0.623642,0.529173,0.518734,0.397333,0.369827,0.553776,0.535329,0.520585,0.602648,0.522378,0.443144,0.537538,0.523916,0.533431,0.590239,0.604144,0.641348,0.420877,0.497733,0.494347,0.399269,0.482029,0.528955,0.608044,0.507512,0.480555,0.561448,0.590154,0.501826,0.562161,0.479843,0.418569,0.486344,0.520425,0.582836,0.533780,0.501654,0.420739,0.477428,0.543790,0.592459,0.521362,0.492773,0.567485,0.541106,0.591194,0.470141,0.573042,0.423844,0.561976,0.619618,0.548390,0.534710,0.507774,0.455533,0.569009,0.373173,0.465330,0.400752,0.525746,0.416047,0.487123,0.612465,0.512493,0.574781,0.407855,0.456199,0.454584,0.436756,0.527931,0.498573,0.467870,0.485958,0.619853,0.634476,0.625505,0.525608,0.459088,0.426274,0.476509,0.576474,0.422834,0.532456,0.627091,0.616254
0.390620,0.385335,0.469487,0.307686,0.489758,0.433939,0.459391,0.337579,0.371556,0.411708,0.434867,0.000000,0.445727,0.470399,0.562327,0.474387,0.579379,0.337377,0.436274,0.197893,0.456133,0.603575,0.515692,0.411275,0.524595,0.528228,0.243410,0.186134,0.452322,0.617646,0.562751,0.481957,0.568497,0.407115,0.682789,0.555009,0.607782,0.505523,0.432848,0.429984,0.428176,0.545687,0.454225,0.628182,0.467808,0.449468,0.432718,0.413420,0.512719,0.423903,0.440090,0.508890,0.425880,0.354840,0.506583,0.419817,0.462308,0.448480,0.354490,0.459117,0.473813,0.406244,0.455792,0.466079,0.446086,0.296800,0.484884,0.526843,0.483350,0.474788,0.601312,0.385245,0.439101,0.491417,0.623384,0.681193,0.491694,0.563828,0.406548,0.425862,0.351326,0.443507,0.410342,0.439939,0.429259,0.400570,0.632298,0.462107,0.415842,0.582934,0.397186,0.362060,0.407925,0.428678,0.500407,0.446107,0.495742,0.435842,0.508230,0.405064,0.399502,0.206004,0.549740,0.529689,0.667800,0.497895,0.463987,0.411686,0.397549,0.485806,0.401677,0.390294,0.609542,0.468743,0.461148,0.454056,0.621201,0.406413,0.569148,0.358085,0.403024,0.542018,0.514156,0.611163,0.652727,0.478268,0.411146,0.445573,0.435782,0.493675,0.507163,0.610491,0.636976,0.399508,0.428490,0.529118,0.418100,0.442023,0.410828,0.569468,0.505815,0.462440,0.341956,0.498627,0.438293,0.447311,0.470319,0.520268,0.460619,0.436480,0.612049,0.437984,0.558793,0.383003,0.440498,0.551062,0.609292,0.492893,0.406265,0.609527,0.589401,0.575702,0.424495,0.678414,0.457063,0.462743,0.529165,0.392884,0.453085,0.168321,0.339101,0.470835,0.429678,0.322261,0.490910,0.582734,0.412755,0.411727,0.638347,0.438691,0.662220,0.503809,0.575221,0.489715,0.455653,0.315364,0.473310,0.439872,0.458707,0.420670,0.645786,0.592495,0.409800,0.406366,0.514426,0.473189,0.480395,0.364323,0.399782,0.550946,0.659069
0.406544,0.445244,0.475716,0.411788,0.412334,0.439723,0.470272,0.422586,0.392230,0.492784,0.381368,0.445727,0.000000,0.515654,0.487468,0.447918,0.516465,0.459860,0.498084,0.491588,0.460155,0.465800,0.531793,0.453499,0.543465,0.552729,0.363809,0.463910,0.493566,0.550400,0.536793,0.527986,0.359581,0.469451,0.546571,0.467717,0.621094,0.539545,0.474974,0.479708,0.477915,0.558448,0.497303,0.614527,0.519682,0.376972,0.546080,0.514248,0.514961,0.437369,0.536186,0.493678,0.461891,0.469270,0.397421,0.454425,0.517453,0.514387,0.491738,0.458090,0.486318,0.432282,0.523671,0.508193,0.510833,0.477197,0.485213,0.359968,0.551387,0.435318,0.642166,0.398612,0.528287,0.394846,0.561939,0.648183,0.490613,0.578484,0.557035,0.459032,0.540898,0.545875,0.409002,0.540823,0.531860,0.487672,0.674690,0.526264,0.437661,0.476104,0.412772,0.539963,0.542696,0.540714,0.551335,0.471539,0.537864,0.477084,0.541556,0.530387,0.382671,0.541151,0.620684,0.416529,0.642452,0.550162,0.525280,0.446848,0.460304,0.548544,0.574902,0.490967,0.610826,0.558245,0.479418,0.522878,0.625151,0.553200,0.561286,0.426141,0.365059,0.558756,0.580586,0.640296,0.558140,0.553551,0.499908,0.573632,0.492412,0.443668,0.562177,0.622326,0.638904,0.475068,0.362605,0.554599,0.452086,0.571987,0.550938,0.584018,0.518032,0.471366,0.509141,0.631164,0.494633,0.560234,0.524632,0.508643,0.515349,0.632068,0.631702,0.513251,0.452213,0.404651,0.447527,0.582007,0.598961,0.527832,0.532747,0.468125,0.459129,0.536637,0.499735,0.560965,0.454791,0.469907,0.579761,0.546292,0.575647,0.518130,0.523633,0.467922,0.343066,0.480732,0.400501,0.600057,0.430570,0.489862,0.591731,0.569594,0.606193,0.441552,0.367282,0.551813,0.476565,0.571108,0.458055,0.483091,0.450713,0.564586,0.615704,0.633826,0.557688,0.611341,0.534423,0.514173,0.546901,0.562335,0.600691,0.613116,0.679571
0.409623,0.385465,0.438845,0.300929,0.509447,0.410703,0.388703,0.394947,0.408711,0.437096,0.512374,0.470399,0.515654,0.000000,0.373497,0.458666,0.502467,0.524201,0.356756,0.406220,0.397359,0.489124,0.456288,0.326939,0.437954,0.499976,0.478838,0.444983,0.100737,0.552486,0.466835,0.375756,0.616899,0.398995,0.650833,0.568510,0.580435,0.559612,0.309156,0.416149,0.367520,0.554623,0.335793,0.692503,0.354895,0.634777,0.338459,0.462526,0.542159,0.408213,0.337454,0.448070,0.431342,0.398859,0.619063,0.305660,0.365412,0.353491,0.347782,0.484052,0.402383,0.432363,0.415353,0.468197,0.417484,0.457017,0.599199,0.652157,0.354398,0.535088,0.605091,0.471856,0.367986,0.619640,0.535564,0.602894,0.121922,0.589175,0.395597,0.479053,0.440400,0.376450,0.389001,0.382925,0.388785,0.539497,0.584581,0.369599,0.456387,0.596813,0.466215,0.430120,0.387985,0.367390,0.357013,0.412231,0.373642,0.413898,0.412194,0.462212,0.448331,0.469367,0.496731,0.710544,0.574909,0.376535,0.370868,0.430266,0.419461,0.389148,0.403605,0.439148,0.560337,0.391820,0.568494,0.391610,0.623956,0.453839,0.411202,0.565507,0.475393,0.388693,0.344301,0.459264,0.509569,0.432067,0.395511,0.382641,0.662758,0.484260,0.473143,0.561358,0.570748,0.514402,0.546669,0.541655,0.459407,0.429688,0.427565,0.469367,0.317291,0.386515,0.391782,0.442302,0.434227,0.533288,0.393203,0.647307,0.366478,0.548913,0.648553,0.495123,0.647930,0.515432,0.421768,0.437597,0.556383,0.342283,0.377583,0.589649,0.598469,0.501826,0.444280,0.687531,0.490984,0.265189,0.507830,0.471639,0.415740,0.471787,0.490905,0.473960,0.556470,0.465401,0.636933,0.580096,0.437982,0.461821,0.546813,0.490869,0.677093,0.672285,0.661422,0.424529,0.443011,0.403097,0.553364,0.419341,0.474216,0.396410,0.547861,0.575145,0.617816,0.441494,0.692119,0.511906,0.423370,0.520406,0.479840,0.396332,0.591695
0.409908,0.459739,0.424088,0.481891,0.564888,0.569291,0.548552,0.513157,0.451889,0.534210,0.516472,0.562327,0.487468,0.373497,0.000000,0.543806,0.179852,0.651086,0.462141,0.515965,0.532043,0.167237,0.630064,0.355178,0.590356,0.552226,0.589393,0.522134,0.387938,0.517561,0.569623,0.527820,0.551458,0.572180,0.583435,0.659847,0.425816,0.542549,0.486003,0.541204,0.524665,0.484326,0.446224,0.571895,0.592960,0.613841,0.508493,0.567294,0.505009,0.540042,0.505509,0.386213,0.558157,0.518134,0.629135,0.372687,0.552130,0.567027,0.541266,0.619888,0.473644,0.553425,0.460460,0.629470,0.506758,0.585672,0.570937,0.670858,0.492151,0.493686,0.398527,0.576370,0.496090,0.573898,0.364628,0.372645,0.393927,0.556513,0.579066,0.526728,0.586891,0.501418,0.497731,0.544063,0.575095,0.613677,0.447627,0.576594,0.522870,0.541416,0.590443,0.575086,0.585216,0.557917,0.532921,0.478044,0.498543,0.595571,0.595359,0.545691,0.517316,0.614951,0.649317,0.656948,0.311461,0.515949,0.492080,0.573959,0.572853,0.481098,0.628070,0.617320,0.385480,0.533550,0.610204,0.592865,0.429105,0.546827,0.394094,0.623490,0.499959,0.322061,0.497012,0.444955,0.180214,0.489892,0.563012,0.560271,0.618366,0.645870,0.499831,0.410329,0.616738,0.569156,0.566945,0.442649,0.581723,0.577528,0.586945,0.570326,0.471856,0.503265,0.524669,0.654322,0.527925,0.658341,0.598028,0.603315,0.599614,0.610948,0.578951,0.572785,0.633914,0.599645,0.553971,0.577055,0.654101,0.455942,0.553421,0.549989,0.529152,0.538931,0.619436,0.655345,0.602831,0.444424,0.658814,0.603532,0.563839,0.560848,0.610476,0.620827,0.602443,0.548769,0.641295,0.499111,0.557591,0.614268,0.244902,0.550069,0.617503,0.626115,0.685230,0.591805,0.568403,0.602099,0.665753,0.578160,0.574309,0.507682,0.591622,0.526967,0.594998,0.625181,0.660152,0.579682,0.631556,0.588208,0.590033,0.554164,0.445984
0.411802,0.419991,0.314568,0.319383,0.382204,0.237169,0.188050,0.348011,0.489384,0.499803,0.520113,0.474387,0.447918,0.458666,0.543806,0.000000,0.547125,0.418146,0.246126,0.433145,0.220716,0.528018,0.316701,0.425074,0.357577,0.432744,0.367361,0.463985,0.451401,0.667350,0.306394,0.281829,0.576888,0.369987,0.607381,0.321408,0.609919,0.608213,0.426273,0.341788,0.332960,0.419488,0.459903,0.678470,0.331719,0.475181,0.375218,0.431832,0.391328,0.340476,0.367365,0.528632,0.495761,0.423085,0.526244,0.424524,0.319608,0.297298,0.436564,0.527293,0.362977,0.345581,0.482480,0.334250,0.351850,0.439920,0.548762,0.481787,0.384749,0.563764,0.563595,0.383702,0.394103,0.455780,0.577979,0.605595,0.443070,0.590753,0.448335,0.459165,0.496154,0.409320,0.443638,0.516204,0.404879,0.386420,0.575068,0.300228,0.437056,0.558313,0.345923,0.517774,0.441236,0.398733,0.426011,0.348079,0.421483,0.335442,0.337697,0.439151,0.426795,0.431014,0.566711,0.522397,0.634039,0.475852,0.533652,0.327055,0.352035,0.416928,0.496511,0.496192,0.547016,0.428220,0.527160,0.451384,0.650667,0.464372,0.474265,0.490309,0.405954,0.444450,0.503637,0.672332,0.622062,0.445043,0.496058,0.345709,0.561305,0.421265,0.449390,0.592038,0.435242,0.440597,0.419799,0.669816,0.421477,0.487009,0.448175,0.409058,0.394588,0.391947,0.419657,0.444844,0.356128,0.458564,0.468903,0.541581,0.485211,0.637587,0.625868,0.373346,0.538335,0.442162,0.388570,0.464259,0.466612,0.381577,0.498704,0.635405,0.624795,0.466918,0.517249,0.612497,0.410778,0.513371,0.402870,0.311232,0.432018,0.436524,0.443931,0.427030,0.360698,0.332907,0.573555,0.474712,0.321187,0.381434,0.661781,0.618994,0.666336,0.478776,0.520440,0.503326,0.417753,0.429131,0.485053,0.435994,0.474136,0.450535,0.503482,0.509423,0.616282,0.452771,0.556797,0.512258,0.425327,0.459779,0.528649,0.457021,0.575049
0.411967,0.472270,0.451094,0.512739,0.511990,0.580898,0.594924,0.535896,0.514478,0.574509,0.524164,0.579379,0.516465,0.502467,0.179852,0.547125,0.000000,0.628222,0.528598,0.567751,0.585000,0.110966,0.663500,0.490159,0.635214,0.603529,0.593848,0.544753,0.389598,0.545462,0.603377,0.560548,0.558565,0.642136,0.582792,0.619266,0.427581,0.508453,0.593310,0.553587,0.644739,0.539623,0.533733,0.531390,0.629809,0.575814,0.529025,0.544851,0.535729,0.612070,0.569349,0.480716,0.629793,0.561123,0.639287,0.518627,0.605404,0.612653,0.621033,0.622424,0.545323,0.603925,0.541093,0.625047,0.533703,0.599374,0.568646,0.620271,0.564509,0.507414,0.348054,0.605249,0.569139,0.536160,0.424886,0.438922,0.484692,0.552525,0.653547,0.561914,0.630288,0.532983,0.621827,0.628955,0.605514,0.619221,0.414707,0.626898,0.610717,0.561800,0.615316,0.610032,0.602642,0.618947,0.580938,0.536288,0.608000,0.654445,0.646010,0.623845,0.570279,0.625102,0.641333,0.611182,0.409413,0.551096,0.592226,0.621596,0.627015,0.569345,0.652923,0.694583,0.398976,0.603505,0.594446,0.683021,0.505464,0.539200,0.483788,0.642891,0.535968,0.432079,0.591314,0.515904,0.277431,0.542984,0.651077,0.642448,0.587761,0.655236,0.505027,0.448518,0.639486,0.603793,0.646415,0.490002,0.611047,0.586609,0.610543,0.616243,0.604093,0.596542,0.564715,0.669857,0.611534,0.668721,0.687795,0.604444,0.672463,0.688961,0.571513,0.555140,0.626209,0.640674,0.580727,0.619608,0.693225,0.592772,0.616617,0.547168,0.491168,0.574473,0.683870,0.632406,0.622678,0.559179,0.716443,0.589688,0.614934,0.599580,0.656473,0.677344,0.616550,0.558402,0.616923,0.556008,0.602101,0.660143,0.287314,0.577985,0.621615,0.603597,0.633028,0.672739,0.646882,0.648081,0.635280,0.648193,0.656928,0.544838,0.615446,0.594318,0.624830,0.629895,0.636264,0.608562,0.681916,0.611879,0.589094,0.620529,0.482754
0.413583,0.408036,0.492166,0.353670,0.433682,0.372025,0.380505,0.353223,0.432954,0.495838,0.447002,0.337377,0.459860,0.524201,0.651086,0.418146,0.628222,0.000000,0.445014,0.356971,0.425508,0.599135,0.483083,0.556814,0.498968,0.577608,0.302393,0.410263,0.526437,0.644233,0.539560,0.449409,0.513992,0.436947,0.605845,0.441677,0.612218,0.530902,0.507726,0.401073,0.408143,0.571489,0.551353,0.667510,0.437577,0.370059,0.474596,0.469001,0.469666,0.432231,0.463671,0.573780,0.532623,0.398461,0.471707,0.550262,0.450309,0.428613,0.413669,0.528427,0.451880,0.376423,0.509706,0.330424,0.412359,0.360269,0.494190,0.422908,0.498130,0.553296,0.604081,0.374344,0.480593,0.399220,0.671446,0.690329,0.535626,0.517389,0.506060,0.445528,0.487220,0.502958,0.499753,0.516611,0.440221,0.325190,0.633146,0.436470,0.470787,0.581396,0.391226,0.392030,0.426944,0.454122,0.507082,0.420151,0.503744,0.434656,0.486080,0.407162,0.435955,0.319725,0.631220,0.416685,0.679251,0.597616,0.576610,0.414345,0.381663,0.521798,0.442689,0.485089,0.600833,0.501945,0.468054,0.523829,0.679433,0.471915,0.616604,0.409996,0.410311,0.605270,0.511573,0.614671,0.711785,0.561809,0.487740,0.475455,0.502569,0.502916,0.493697,0.705656,0.586180,0.464988,0.450485,0.584279,0.401318,0.512360,0.480047,0.583232,0.556176,0.532836,0.415949,0.517119,0.505023,0.449785,0.534707,0.475967,0.532631,0.528766,0.666639,0.459769,0.498559,0.375680,0.474304,0.604797,0.595331,0.557907,0.508796,0.672680,0.665058,0.598298,0.521308,0.614104,0.452913,0.582423,0.502204,0.225039,0.461525,0.423707,0.422819,0.421953,0.379292,0.406115,0.437037,0.541393,0.384053,0.403156,0.705115,0.542678,0.685546,0.461904,0.531927,0.540688,0.421837,0.337962,0.389546,0.432906,0.468424,0.445801,0.639923,0.624215,0.468725,0.429285,0.450609,0.456803,0.422844,0.385778,0.469326,0.512392,0.640686
0.414293,0.415840,0.321666,0.274863,0.515727,0.222759,0.144847,0.372814,0.381054,0.458819,0.456730,0.436274,0.498084,0.356756,0.462141,0.246126,0.528598,0.445014,0.000000,0.305463,0.238707,0.549692,0.296733,0.225161,0.300805,0.401754,0.336222,0.353413,0.393398,0.681796,0.337797,0.129575,0.671549,0.229648,0.710017,0.483414,0.588712,0.583016,0.303209,0.267500,0.216765,0.401034,0.390670,0.661792,0.176592,0.560899,0.156125,0.350084,0.435984,0.222183,0.158724,0.411593,0.301852,0.361093,0.555399,0.217479,0.113639,0.108962,0.290725,0.521982,0.299381,0.303191,0.386462,0.260393,0.295398,0.357983,0.645266,0.608761,0.172413,0.535422,0.535584,0.257755,0.159456,0.555688,0.544440,0.592024,0.403123,0.574112,0.347601,0.326183,0.314842,0.165268,0.382556,0.390804,0.217714,0.427137,0.518403,0.115661,0.387829,0.611015,0.279121,0.401271,0.315497,0.186852,0.204406,0.285331,0.174857,0.241072,0.157980,0.312572,0.302696,0.335993,0.505654,0.612431,0.596476,0.292595,0.396423,0.233731,0.200859,0.174092,0.332531,0.344572,0.501704,0.188742,0.512770,0.289106,0.606126,0.315088,0.366533,0.445020,0.325325,0.236433,0.395844,0.612227,0.578360,0.236469,0.298077,0.172089,0.641537,0.488229,0.359749,0.535556,0.445238,0.431667,0.319377,0.611858,0.251993,0.405148,0.323917,0.359879,0.294629,0.335097,0.388739,0.317630,0.296272,0.428976,0.304302,0.595020,0.325377,0.522273,0.536513,0.375289,0.599408,0.359844,0.316704,0.378888,0.406160,0.259938,0.313294,0.725781,0.658873,0.500648,0.353810,0.741208,0.325305,0.381578,0.307220,0.280634,0.335986,0.376629,0.266643,0.312141,0.303638,0.270066,0.624130,0.454143,0.220872,0.275190,0.614950,0.554339,0.686427,0.509642,0.635821,0.339111,0.241360,0.311804,0.568455,0.282695,0.340983,0.383400,0.503110,0.482399,0.606489,0.313491,0.563457,0.367334,0.309873,0.375044,0.425353,0.325780,0.520624
0.415523,0.395841,0.412987,0.240318,0.541314,0.391068,0.347315,0.285259,0.250543,0.414792,0.373198,0.197893,0.491588,0.406220,0.515965,0.433145,0.567751,0.356971,0.305463,0.000000,0.396092,0.577085,0.485614,0.305037,0.417139,0.424983,0.215385,0.237501,0.396287,0.694367,0.520636,0.334016,0.593461,0.290364,0.723212,0.538885,0.588813,0.527820,0.328141,0.321005,0.362301,0.483617,0.354534,0.691094,0.314660,0.494574,0.302023,0.323922,0.513880,0.315839,0.296657,0.429554,0.309395,0.214504,0.504453,0.301182,0.297163,0.282039,0.307507,0.433070,0.337512,0.311059,0.320533,0.332576,0.314377,0.216841,0.564595,0.566740,0.309776,0.526877,0.530718,0.280078,0.304318,0.537967,0.626393,0.660787,0.420660,0.570375,0.338832,0.303054,0.244006,0.318302,0.372014,0.352731,0.290748,0.376512,0.581138,0.283076,0.405973,0.627410,0.314383,0.211897,0.249519,0.278168,0.342957,0.305635,0.359365,0.308056,0.339939,0.289417,0.294766,0.195154,0.540167,0.565511,0.591674,0.351746,0.393701,0.333777,0.293798,0.326122,0.261988,0.300912,0.543977,0.317945,0.477708,0.355921,0.678763,0.327714,0.514999,0.389335,0.340639,0.446088,0.374391,0.578706,0.627574,0.370018,0.279735,0.340249,0.532321,0.474279,0.390723,0.613518,0.580027,0.332683,0.374548,0.538018,0.291361,0.349386,0.293732,0.434272,0.380697,0.387101,0.335202,0.405693,0.382632,0.429148,0.363626,0.563396,0.343323,0.240938,0.535307,0.423190,0.576480,0.350869,0.343466,0.484473,0.540196,0.393602,0.309143,0.711560,0.606186,0.548972,0.316229,0.751125,0.373068,0.392418,0.501951,0.371816,0.317985,0.220037,0.222684,0.411314,0.351444,0.256695,0.488384,0.505316,0.322101,0.301474,0.642047,0.357631,0.732552,0.469057,0.624473,0.326917,0.320450,0.249871,0.457368,0.316213,0.348921,0.343260,0.600961,0.581561,0.434270,0.323681,0.476486,0.422566,0.397141,0.278025,0.296546,0.498092,0.596947
0.416409,0.389566,0.268311,0.310266,0.455734,0.236800,0.193164,0.366497,0.444295,0.440929,0.559030,0.456133,0.460155,0.397359,0.532043,0.220716,0.585000,0.425508,0.238707,0.396092,0.000000,0.578539,0.293230,0.398671,0.249907,0.326778,0.360476,0.462146,0.391120,0.662006,0.292031,0.241218,0.574743,0.325643,0.699080,0.453016,0.642697,0.675138,0.357417,0.331354,0.277928,0.351520,0.384403,0.660761,0.294302,0.523508,0.319289,0.402803,0.391160,0.302570,0.310690,0.438081,0.440323,0.438217,0.567521,0.389320,0.277672,0.266150,0.346528,0.521047,0.295818,0.318473,0.410363,0.350358,0.319946,0.445722,0.590149,0.531418,0.317172,0.629433,0.614593,0.363741,0.320305,0.492901,0.546417,0.608025,0.383389,0.588905,0.409607,0.426265,0.474820,0.337411,0.353150,0.389150,0.343104,0.441248,0.520643,0.288117,0.372059,0.467423,0.373280,0.481184,0.394798,0.329298,0.352939,0.289466,0.364486,0.340790,0.293301,0.349044,0.420333,0.421903,0.519565,0.630348,0.687823,0.411703,0.384339,0.331854,0.313331,0.332593,0.418071,0.430686,0.568784,0.350300,0.505941,0.381131,0.612899,0.453064,0.402149,0.495525,0.445160,0.395340,0.401899,0.650496,0.583309,0.446662,0.461428,0.301286,0.616926,0.446721,0.384791,0.508747,0.331936,0.481550,0.355300,0.721345,0.362292,0.475383,0.428618,0.331701,0.293932,0.379582,0.331517,0.354778,0.342035,0.494784,0.390535,0.629484,0.400108,0.626755,0.715723,0.391762,0.562805,0.407621,0.356455,0.454128,0.391851,0.264282,0.439470,0.656418,0.664439,0.431155,0.436215,0.730553,0.403950,0.479843,0.403007,0.300288,0.380416,0.414751,0.399683,0.383179,0.379346,0.349865,0.593577,0.394269,0.341605,0.362271,0.644081,0.631765,0.734329,0.577981,0.559911,0.395881,0.372772,0.354891,0.530588,0.383862,0.455922,0.391623,0.387777,0.380505,0.632237,0.403457,0.649686,0.433795,0.334315,0.459515,0.511676,0.396945,0.541377
0.416852,0.474474,0.448538,0.517004,0.514593,0.598920,0.544846,0.513284,0.479106,0.582085,0.483061,0.603575,0.465800,0.489124,0.167237,0.528018,0.110966,0.599135,0.549692,0.577085,0.578539,0.000000,0.622673,0.511899,0.645806,0.593346,0.601999,0.587652,0.441918,0.503405,0.592548,0.582828,0.507361,0.659223,0.540225,0.618521,0.426555,0.505395,0.574821,0.578981,0.632602,0.540484,0.512734,0.540680,0.645494,0.541382,0.589234,0.583527,0.516832,0.633777,0.541453,0.474251,0.636495,0.548542,0.620376,0.549580,0.634851,0.635978,0.626429,0.609179,0.533946,0.605098,0.520519,0.657049,0.559325,0.603076,0.557569,0.596320,0.583977,0.472473,0.407819,0.627090,0.555402,0.514435,0.433881,0.412708,0.363151,0.532880,0.640568,0.531555,0.642584,0.605910,0.575801,0.620450,0.626410,0.614601,0.480291,0.625317,0.588018,0.494665,0.633694,0.612930,0.628842,0.624882,0.601287,0.508863,0.618502,0.670244,0.660348,0.611620,0.576488,0.652540,0.696557,0.589830,0.418211,0.602392,0.591463,0.618313,0.620892,0.603268,0.682601,0.717560,0.328767,0.624308,0.574766,0.655472,0.531284,0.595118,0.486884,0.661049,0.532787,0.446146,0.573101,0.482587,0.257324,0.568546,0.658815,0.655272,0.583133,0.647914,0.554922,0.465932,0.638149,0.608454,0.638865,0.492829,0.635568,0.599408,0.616015,0.633186,0.544265,0.530315,0.584221,0.698586,0.601974,0.691035,0.660640,0.585839,0.674307,0.676220,0.597083,0.580069,0.566732,0.646929,0.591300,0.605313,0.681131,0.567153,0.619762,0.497639,0.468355,0.555445,0.693324,0.595053,0.647379,0.544111,0.736184,0.634846,0.617861,0.615451,0.666554,0.686642,0.630170,0.588749,0.566506,0.546010,0.604228,0.667734,0.293665,0.576480,0.580403,0.599139,0.593505,0.670417,0.650165,0.650562,0.591744,0.651587,0.655816,0.577761,0.608189,0.605067,0.616007,0.653703,0.618676,0.634460,0.690847,0.605215,0.611142,0.593511,0.408427
