0.000000,0.145440,0.218002,0.273569,0.273595,0.301764,0.355179,0.373298,0.382744,0.386115,0.389447,0.390620,0.406544,0.409623,0.409908,0.411802,0.411967,0.413583,0.414293,0.415523,0.416409,0.416852,0.418207,0.419878,0.420196,0.422182,0.425658,0.427030,0.427997,0.429884,0.431476,0.436356,0.437151,0.437546,0.438443,0.439433,0.442401,0.442566,0.443571,0.443624,0.445531,0.446302,0.446482,0.446580,0.447832,0.450079,0.451367,0.451826,0.451842,0.452124,0.453416,0.453784,0.455157,0.456273,0.456431,0.458340,0.458374,0.459409,0.459783,0.459897,0.461282,0.461355,0.461422,0.461872,0.462191,0.462359,0.462413,0.464710,0.465927,0.466012,0.466339,0.466516,0.467338,0.468021,0.468111,0.468624,0.468913,0.469051,0.469964,0.470108,0.470545,0.471379,0.473010,0.473036,0.473978,0.474133,0.474273,0.474467,0.474928,0.476473,0.476708,0.476955,0.477022,0.478264,0.478522,0.478557,0.482521,0.483152,0.483337,0.483447,0.483722
0.145440,0.000000,0.246051,0.288000,0.305942,0.334235,0.365942,0.364155,0.393515,0.424303,0.425843,0.385335,0.445244,0.385465,0.459739,0.419991,0.472270,0.408036,0.415840,0.395841,0.389566,0.474474,0.420542,0.406234,0.415924,0.432951,0.433725,0.440297,0.418568,0.450417,0.428246,0.419304,0.473103,0.434103,0.498553,0.490187,0.499703,0.477728,0.440776,0.451196,0.427468,0.437567,0.433744,0.520311,0.437163,0.477744,0.405598,0.443182,0.456795,0.441573,0.412670,0.463075,0.427525,0.462659,0.453056,0.456056,0.428647,0.425112,0.411320,0.451306,0.476750,0.422518,0.444033,0.419784,0.458628,0.438968,0.461252,0.507000,0.431314,0.464595,0.529339,0.477025,0.429981,0.480728,0.486356,0.523085,0.459455,0.481959,0.437134,0.474820,0.448088,0.430379,0.463194,0.443012,0.419991,0.464718,0.504596,0.442079,0.466545,0.486577,0.487512,0.478761,0.436396,0.450209,0.443913,0.478015,0.446685,0.450762,0.455868,0.441532,0.501538
0.218002,0.246051,0.000000,0.314587,0.415996,0.285633,0.244568,0.435172,0.387093,0.475077,0.485454,0.469487,0.475716,0.438845,0.424088,0.314568,0.451094,0.492166,0.321666,0.412987,0.268311,0.448538,0.400914,0.407908,0.264053,0.217884,0.417314,0.460414,0.434303,0.602764,0.295960,0.365380,0.524107,0.462985,0.581220,0.468497,0.574980,0.579590,0.461927,0.393960,0.440317,0.210194,0.414342,0.532660,0.423152,0.501096,0.431208,0.461864,0.338438,0.440616,0.427676,0.418629,0.478731,0.463809,0.592578,0.461113,0.394380,0.395448,0.455840,0.491888,0.343279,0.396304,0.367409,0.452998,0.334615,0.448577,0.480007,0.550705,0.424247,0.553786,0.522018,0.478925,0.436108,0.486542,0.418096,0.474994,0.443877,0.504893,0.512895,0.456861,0.469706,0.444045,0.424467,0.447390,0.474166,0.484851,0.445836,0.406597,0.451190,0.394040,0.477969,0.504327,0.474883,0.452644,0.467609,0.329468,0.427636,0.469020,0.420769,0.438661,0.500821
0.273569,0.288000,0.314587,0.000000,0.311517,0.275720,0.267764,0.199323,0.275830,0.430338,0.411506,0.307686,0.411788,0.300929,0.481891,0.319383,0.512739,0.353670,0.274863,0.240318,0.310266,0.517004,0.372334,0.328291,0.314088,0.384746,0.268729,0.325547,0.317105,0.586289,0.414816,0.251153,0.527305,0.251078,0.696489,0.442524,0.560488,0.495843,0.281780,0.295339,0.303556,0.439747,0.288339,0.618315,0.258978,0.488552,0.251359,0.264449,0.461365,0.318596,0.244463,0.408001,0.310115,0.207286,0.493941,0.323145,0.242123,0.226815,0.276591,0.386656,0.343831,0.284296,0.354759,0.305631,0.326786,0.232984,0.527825,0.535763,0.259883,0.508912,0.521977,0.299473,0.266936,0.524234,0.533285,0.615742,0.349492,0.556426,0.282451,0.368815,0.296054,0.279590,0.377605,0.336662,0.250802,0.375229,0.541195,0.237485,0.404309,0.522671,0.308463,0.241184,0.194179,0.265725,0.282403,0.340396,0.332118,0.255138,0.287449,0.301527,0.329965
0.273595,0.305942,0.415996,0.311517,0.000000,0.413962,0.481133,0.302927,0.520441,0.535663,0.547986,0.489758,0.412334,0.509447,0.564888,0.382204,0.511990,0.433682,0.515727,0.541314,0.455734,0.514593,0.506567,0.545975,0.543326,0.596266,0.451872,0.567837,0.507678,0.509438,0.514841,0.494504,0.442093,0.468212,0.562720,0.413293,0.574598,0.520311,0.565619,0.496516,0.478821,0.591791,0.559610,0.570595,0.554053,0.492174,0.524236,0.392347,0.556769,0.541543,0.517057,0.625154,0.578383,0.508050,0.519031,0.543207,0.535057,0.530973,0.519438,0.522381,0.602665,0.481786,0.606233,0.410296,0.577847,0.538590,0.500568,0.472829,0.540637,0.571334,0.607751,0.528740,0.536797,0.498579,0.591359,0.627926,0.550194,0.633767,0.494510,0.619360,0.573029,0.549406,0.586888,0.603402,0.515920,0.468124,0.605838,0.549528,0.589476,0.563030,0.494691,0.537774,0.497053,0.576586,0.550507,0.604058,0.594723,0.436800,0.555686,0.556052,0.568895
0.301764,0.334235,0.285633,0.275720,0.413962,0.000000,0.119707,0.398401,0.421058,0.396404,0.460770,0.433939,0.439723,0.410703,0.569291,0.237169,0.580898,0.372025,0.222759,0.391068,0.236800,0.598920,0.131358,0.350737,0.201297,0.422035,0.326862,0.448209,0.448707,0.595222,0.251309,0.224388,0.521264,0.325375,0.625571,0.336764,0.485862,0.549430,0.362070,0.344779,0.351326,0.440805,0.404145,0.628934,0.198366,0.458953,0.314534,0.480547,0.441114,0.356267,0.327783,0.434606,0.386495,0.414879,0.537888,0.359802,0.209336,0.210855,0.374312,0.461529,0.328541,0.368787,0.445736,0.340711,0.336847,0.408010,0.557457,0.493961,0.317863,0.546524,0.516393,0.363820,0.328047,0.452403,0.561013,0.501912,0.482019,0.566263,0.421951,0.430602,0.419168,0.328461,0.412303,0.400504,0.362446,0.467578,0.506228,0.260025,0.421746,0.555869,0.373670,0.465547,0.398172,0.337132,0.337847,0.351089,0.372620,0.376404,0.218222,0.443098,0.405296
0.355179,0.365942,0.244568,0.267764,0.481133,0.119707,0.000000,0.360037,0.374617,0.440781,0.449506,0.459391,0.470272,0.388703,0.548552,0.188050,0.594924,0.380505,0.144847,0.347315,0.193164,0.544846,0.195871,0.345973,0.229205,0.354948,0.331633,0.416713,0.435074,0.670496,0.235207,0.184501,0.579112,0.296089,0.634292,0.401947,0.558343,0.585811,0.339196,0.284546,0.283441,0.363779,0.379085,0.667018,0.203638,0.486974,0.255310,0.417147,0.394067,0.289472,0.225335,0.407276,0.361610,0.391062,0.522246,0.349443,0.176407,0.168256,0.337656,0.490940,0.277056,0.302141,0.382569,0.297481,0.280801,0.367418,0.578162,0.519868,0.256145,0.571787,0.543396,0.303846,0.239736,0.490884,0.573805,0.554702,0.390988,0.557729,0.412099,0.363081,0.379976,0.277113,0.387315,0.393959,0.302831,0.416205,0.533927,0.152595,0.392647,0.565300,0.316309,0.431205,0.373820,0.266353,0.293388,0.258220,0.294451,0.308953,0.211441,0.353169,0.346595
0.373298,0.364155,0.435172,0.199323,0.302927,0.398401,0.360037,0.000000,0.364767,0.499224,0.443106,0.337579,0.422586,0.394947,0.513157,0.348011,0.535896,0.353223,0.372814,0.285259,0.366497,0.513284,0.466158,0.410546,0.447322,0.511268,0.293879,0.396042,0.401415,0.613630,0.506690,0.345969,0.551387,0.328309,0.653457,0.424875,0.551000,0.518040,0.381544,0.355690,0.375990,0.534991,0.391748,0.625791,0.399514,0.451876,0.359378,0.257890,0.513971,0.417812,0.337659,0.513689,0.420108,0.278301,0.501933,0.387059,0.380142,0.354322,0.358709,0.480706,0.467181,0.345006,0.426184,0.302686,0.470772,0.352307,0.545309,0.490821,0.361371,0.561348,0.553814,0.358034,0.369664,0.483311,0.563696,0.636673,0.409962,0.606943,0.355330,0.467824,0.429831,0.397415,0.467502,0.442452,0.303499,0.387174,0.581659,0.350505,0.508583,0.555088,0.338415,0.276950,0.287012,0.364405,0.368546,0.444138,0.463841,0.280005,0.435369,0.344650,0.379551
0.382744,0.393515,0.387093,0.275830,0.520441,0.421058,0.374617,0.364767,0.000000,0.417137,0.210885,0.371556,0.392230,0.408711,0.451889,0.489384,0.514478,0.432954,0.381054,0.250543,0.444295,0.479106,0.514079,0.342464,0.417412,0.409891,0.301698,0.362257,0.431785,0.642925,0.525342,0.370433,0.424113,0.402364,0.670583,0.538192,0.554490,0.478143,0.357714,0.346697,0.426318,0.425489,0.315639,0.675339,0.366840,0.411411,0.365304,0.438665,0.470485,0.329753,0.358208,0.327541,0.290739,0.257105,0.430034,0.383471,0.348253,0.347584,0.383536,0.379412,0.362592,0.385480,0.263011,0.458091,0.373957,0.254701,0.467492,0.436662,0.359588,0.512258,0.542044,0.310481,0.352557,0.453126,0.580217,0.619367,0.435111,0.521766,0.407429,0.204414,0.267981,0.366783,0.326014,0.330680,0.380947,0.419136,0.584909,0.347620,0.356910,0.467164,0.334474,0.330326,0.382767,0.363082,0.384663,0.329338,0.403632,0.413262,0.397745,0.334247,0.302777
0.386115,0.424303,0.475077,0.430338,0.535663,0.396404,0.440781,0.499224,0.417137,0.000000,0.474423,0.411708,0.492784,0.437096,0.534210,0.499803,0.574509,0.495838,0.458819,0.414792,0.440929,0.582085,0.443246,0.449198,0.520429,0.546479,0.457288,0.469185,0.422409,0.608212,0.484915,0.496812,0.509997,0.392364,0.602074,0.559617,0.622999,0.570775,0.270553,0.490828,0.437431,0.594670,0.375582,0.705345,0.449662,0.544580,0.519739,0.601286,0.458308,0.407019,0.525991,0.393121,0.486599,0.450599,0.562285,0.456398,0.494553,0.501689,0.420262,0.526380,0.465547,0.500023,0.508908,0.574781,0.494923,0.437076,0.537412,0.500741,0.516679,0.578672,0.629708,0.549069,0.501521,0.548739,0.655360,0.656702,0.446971,0.494690,0.501382,0.444346,0.474187,0.504622,0.355665,0.359221,0.550880,0.553709,0.645462,0.529812,0.297781,0.659835,0.555888,0.520159,0.552786,0.514395,0.544370,0.481867,0.522045,0.538324,0.497138,0.571647,0.550013
0.389447,0.425843,0.485454,0.411506,0.547986,0.460770,0.449506,0.443106,0.210885,0.474423,0.000000,0.434867,0.381368,0.512374,0.516472,0.520113,0.524164,0.447002,0.456730,0.373198,0.559030,0.483061,0.544510,0.408434,0.521768,0.552461,0.359858,0.465294,0.538308,0.574832,0.576355,0.457043,0.439839,0.487698,0.560207,0.537213,0.529121,0.400059,0.461388,0.451016,0.519854,0.544564,0.457050,0.643595,0.497597,0.359021,0.480729,0.553975,0.521907,0.425998,0.476113,0.407619,0.388775,0.356704,0.423901,0.481804,0.479492,0.460068,0.489518,0.466787,0.481945,0.497797,0.397159,0.534488,0.498403,0.362262,0.401526,0.362249,0.489786,0.462142,0.550619,0.341424,0.486516,0.406371,0.580852,0.613213,0.531967,0.573719,0.538016,0.293382,0.397815,0.498137,0.429995,0.487256,0.500988,0.451596,0.625385,0.466444,0.453211,0.458989,0.356146,0.432293,0.544348,0.470896,0.481480,0.466833,0.504889,0.509534,0.530885,0.433324,0.318642
0.390620,0.385335,0.469487,0.307686,0.489758,0.433939,0.459391,0.337579,0.371556,0.411708,0.434867,0.000000,0.445727,0.470399,0.562327,0.474387,0.579379,0.337377,0.436274,0.197893,0.456133,0.603575,0.515692,0.411275,0.524595,0.528228,0.243410,0.186134,0.452322,0.617646,0.562751,0.481957,0.568497,0.407115,0.682789,0.555009,0.607782,0.505523,0.432848,0.429984,0.428176,0.545687,0.454225,0.628182,0.467808,0.449468,0.432718,0.413420,0.512719,0.423903,0.440090,0.508890,0.425880,0.354840,0.506583,0.419817,0.462308,0.448480,0.354490,0.459117,0.473813,0.406244,0.455792,0.466079,0.446086,0.296800,0.484884,0.526843,0.483350,0.474788,0.601312,0.385245,0.439101,0.491417,0.623384,0.681193,0.491694,0.563828,0.406548,0.425862,0.351326,0.443507,0.410342,0.439939,0.429259,0.400570,0.632298,0.462107,0.415842,0.582934,0.397186,0.362060,0.407925,0.428678,0.500407,0.446107,0.495742,0.435842,0.508230,0.405064,0.399502
0.406544,0.445244,0.475716,0.411788,0.412334,0.439723,0.470272,0.422586,0.392230,0.492784,0.381368,0.445727,0.000000,0.515654,0.487468,0.447918,0.516465,0.459860,0.498084,0.491588,0.460155,0.465800,0.531793,0.453499,0.543465,0.552729,0.363809,0.463910,0.493566,0.550400,0.536793,0.527986,0.359581,0.469451,0.546571,0.467717,0.621094,0.539545,0.474974,0.479708,0.477915,0.558448,0.497303,0.614527,0.519682,0.376972,0.546080,0.514248,0.514961,0.437369,0.536186,0.493678,0.461891,0.469270,0.397421,0.454425,0.517453,0.514387,0.491738,0.458090,0.486318,0.432282,0.523671,0.508193,0.510833,0.477197,0.485213,0.359968,0.551387,0.435318,0.642166,0.398612,0.528287,0.394846,0.561939,0.648183,0.490613,0.578484,0.557035,0.459032,0.540898,0.545875,0.409002,0.540823,0.531860,0.487672,0.674690,0.526264,0.437661,0.476104,0.412772,0.539963,0.542696,0.540714,0.551335,0.471539,0.537864,0.477084,0.541556,0.530387,0.382671
0.409623,0.385465,0.438845,0.300929,0.509447,0.410703,0.388703,0.394947,0.408711,0.437096,0.512374,0.470399,0.515654,0.000000,0.373497,0.458666,0.502467,0.524201,0.356756,0.406220,0.397359,0.489124,0.456288,0.326939,0.437954,0.499976,0.478838,0.444983,0.100737,0.552486,0.466835,0.375756,0.616899,0.398995,0.650833,0.568510,0.580435,0.559612,0.309156,0.416149,0.367520,0.554623,0.335793,0.692503,0.354895,0.634777,0.338459,0.462526,0.542159,0.408213,0.337454,0.448070,0.431342,0.398859,0.619063,0.305660,0.365412,0.353491,0.347782,0.484052,0.402383,0.432363,0.415353,0.468197,0.417484,0.457017,0.599199,0.652157,0.354398,0.535088,0.605091,0.471856,0.367986,0.619640,0.535564,0.602894,0.121922,0.589175,0.395597,0.479053,0.440400,0.376450,0.389001,0.382925,0.388785,0.539497,0.584581,0.369599,0.456387,0.596813,0.466215,0.430120,0.387985,0.367390,0.357013,0.412231,0.373642,0.413898,0.412194,0.462212,0.448331
0.409908,0.459739,0.424088,0.481891,0.564888,0.569291,0.548552,0.513157,0.451889,0.534210,0.516472,0.562327,0.487468,0.373497,0.000000,0.543806,0.179852,0.651086,0.462141,0.515965,0.532043,0.167237,0.630064,0.355178,0.590356,0.552226,0.589393,0.522134,0.387938,0.517561,0.569623,0.527820,0.551458,0.572180,0.583435,0.659847,0.425816,0.542549,0.486003,0.541204,0.524665,0.484326,0.446224,0.571895,0.592960,0.613841,0.508493,0.567294,0.505009,0.540042,0.505509,0.386213,0.558157,0.518134,0.629135,0.372687,0.552130,0.567027,0.541266,0.619888,0.473644,0.553425,0.460460,0.629470,0.506758,0.585672,0.570937,0.670858,0.492151,0.493686,0.398527,0.576370,0.496090,0.573898,0.364628,0.372645,0.393927,0.556513,0.579066,0.526728,0.586891,0.501418,0.497731,0.544063,0.575095,0.613677,0.447627,0.576594,0.522870,0.541416,0.590443,0.575086,0.585216,0.557917,0.532921,0.478044,0.498543,0.595571,0.595359,0.545691,0.517316
0.411802,0.419991,0.314568,0.319383,0.382204,0.237169,0.188050,0.348011,0.489384,0.499803,0.520113,0.474387,0.447918,0.458666,0.543806,0.000000,0.547125,0.418146,0.246126,0.433145,0.220716,0.528018,0.316701,0.425074,0.357577,0.432744,0.367361,0.463985,0.451401,0.667350,0.306394,0.281829,0.576888,0.369987,0.607381,0.321408,0.609919,0.608213,0.426273,0.341788,0.332960,0.419488,0.459903,0.678470,0.331719,0.475181,0.375218,0.431832,0.391328,0.340476,0.367365,0.528632,0.495761,0.423085,0.526244,0.424524,0.319608,0.297298,0.436564,0.527293,0.362977,0.345581,0.482480,0.334250,0.351850,0.439920,0.548762,0.481787,0.384749,0.563764,0.563595,0.383702,0.394103,0.455780,0.577979,0.605595,0.443070,0.590753,0.448335,0.459165,0.496154,0.409320,0.443638,0.516204,0.404879,0.386420,0.575068,0.300228,0.437056,0.558313,0.345923,0.517774,0.441236,0.398733,0.426011,0.348079,0.421483,0.335442,0.337697,0.439151,0.426795
0.411967,0.472270,0.451094,0.512739,0.511990,0.580898,0.594924,0.535896,0.514478,0.574509,0.524164,0.579379,0.516465,0.502467,0.179852,0.547125,0.000000,0.628222,0.528598,0.567751,0.585000,0.110966,0.663500,0.490159,0.635214,0.603529,0.593848,0.544753,0.389598,0.545462,0.603377,0.560548,0.558565,0.642136,0.582792,0.619266,0.427581,0.508453,0.593310,0.553587,0.644739,0.539623,0.533733,0.531390,0.629809,0.575814,0.529025,0.544851,0.535729,0.612070,0.569349,0.480716,0.629793,0.561123,0.639287,0.518627,0.605404,0.612653,0.621033,0.622424,0.545323,0.603925,0.541093,0.625047,0.533703,0.599374,0.568646,0.620271,0.564509,0.507414,0.348054,0.605249,0.569139,0.536160,0.424886,0.438922,0.484692,0.552525,0.653547,0.561914,0.630288,0.532983,0.621827,0.628955,0.605514,0.619221,0.414707,0.626898,0.610717,0.561800,0.615316,0.610032,0.602642,0.618947,0.580938,0.536288,0.608000,0.654445,0.646010,0.623845,0.570279
0.413583,0.408036,0.492166,0.353670,0.433682,0.372025,0.380505,0.353223,0.432954,0.495838,0.447002,0.337377,0.459860,0.524201,0.651086,0.418146,0.628222,0.000000,0.445014,0.356971,0.425508,0.599135,0.483083,0.556814,0.498968,0.577608,0.302393,0.410263,0.526437,0.644233,0.539560,0.449409,0.513992,0.436947,0.605845,0.441677,0.612218,0.530902,0.507726,0.401073,0.408143,0.571489,0.551353,0.667510,0.437577,0.370059,0.474596,0.469001,0.469666,0.432231,0.463671,0.573780,0.532623,0.398461,0.471707,0.550262,0.450309,0.428613,0.413669,0.528427,0.451880,0.376423,0.509706,0.330424,0.412359,0.360269,0.494190,0.422908,0.498130,0.553296,0.604081,0.374344,0.480593,0.399220,0.671446,0.690329,0.535626,0.517389,0.506060,0.445528,0.487220,0.502958,0.499753,0.516611,0.440221,0.325190,0.633146,0.436470,0.470787,0.581396,0.391226,0.392030,0.426944,0.454122,0.507082,0.420151,0.503744,0.434656,0.486080,0.407162,0.435955
0.414293,0.415840,0.321666,0.274863,0.515727,0.222759,0.144847,0.372814,0.381054,0.458819,0.456730,0.436274,0.498084,0.356756,0.462141,0.246126,0.528598,0.445014,0.000000,0.305463,0.238707,0.549692,0.296733,0.225161,0.300805,0.401754,0.336222,0.353413,0.393398,0.681796,0.337797,0.129575,0.671549,0.229648,0.710017,0.483414,0.588712,0.583016,0.303209,0.267500,0.216765,0.401034,0.390670,0.661792,0.176592,0.560899,0.156125,0.350084,0.435984,0.222183,0.158724,0.411593,0.301852,0.361093,0.555399,0.217479,0.113639,0.108962,0.290725,0.521982,0.299381,0.303191,0.386462,0.260393,0.295398,0.357983,0.645266,0.608761,0.172413,0.535422,0.535584,0.257755,0.159456,0.555688,0.544440,0.592024,0.403123,0.574112,0.347601,0.326183,0.314842,0.165268,0.382556,0.390804,0.217714,0.427137,0.518403,0.115661,0.387829,0.611015,0.279121,0.401271,0.315497,0.186852,0.204406,0.285331,0.174857,0.241072,0.157980,0.312572,0.302696
0.415523,0.395841,0.412987,0.240318,0.541314,0.391068,0.347315,0.285259,0.250543,0.414792,0.373198,0.197893,0.491588,0.406220,0.515965,0.433145,0.567751,0.356971,0.305463,0.000000,0.396092,0.577085,0.485614,0.305037,0.417139,0.424983,0.215385,0.237501,0.396287,0.694367,0.520636,0.334016,0.593461,0.290364,0.723212,0.538885,0.588813,0.527820,0.328141,0.321005,0.362301,0.483617,0.354534,0.691094,0.314660,0.494574,0.302023,0.323922,0.513880,0.315839,0.296657,0.429554,0.309395,0.214504,0.504453,0.301182,0.297163,0.282039,0.307507,0.433070,0.337512,0.311059,0.320533,0.332576,0.314377,0.216841,0.564595,0.566740,0.309776,0.526877,0.530718,0.280078,0.304318,0.537967,0.626393,0.660787,0.420660,0.570375,0.338832,0.303054,0.244006,0.318302,0.372014,0.352731,0.290748,0.376512,0.581138,0.283076,0.405973,0.627410,0.314383,0.211897,0.249519,0.278168,0.342957,0.305635,0.359365,0.308056,0.339939,0.289417,0.294766
0.416409,0.389566,0.268311,0.310266,0.455734,0.236800,0.193164,0.366497,0.444295,0.440929,0.559030,0.456133,0.460155,0.397359,0.532043,0.220716,0.585000,0.425508,0.238707,0.396092,0.000000,0.578539,0.293230,0.398671,0.249907,0.326778,0.360476,0.462146,0.391120,0.662006,0.292031,0.241218,0.574743,0.325643,0.699080,0.453016,0.642697,0.675138,0.357417,0.331354,0.277928,0.351520,0.384403,0.660761,0.294302,0.523508,0.319289,0.402803,0.391160,0.302570,0.310690,0.438081,0.440323,0.438217,0.567521,0.389320,0.277672,0.266150,0.346528,0.521047,0.295818,0.318473,0.410363,0.350358,0.319946,0.445722,0.590149,0.531418,0.317172,0.629433,0.614593,0.363741,0.320305,0.492901,0.546417,0.608025,0.383389,0.588905,0.409607,0.426265,0.474820,0.337411,0.353150,0.389150,0.343104,0.441248,0.520643,0.288117,0.372059,0.467423,0.373280,0.481184,0.394798,0.329298,0.352939,0.289466,0.364486,0.340790,0.293301,0.349044,0.420333
0.416852,0.474474,0.448538,0.517004,0.514593,0.598920,0.544846,0.513284,0.479106,0.582085,0.483061,0.603575,0.465800,0.489124,0.167237,0.528018,0.110966,0.599135,0.549692,0.577085,0.578539,0.000000,0.622673,0.511899,0.645806,0.593346,0.601999,0.587652,0.441918,0.503405,0.592548,0.582828,0.507361,0.659223,0.540225,0.618521,0.426555,0.505395,0.574821,0.578981,0.632602,0.540484,0.512734,0.540680,0.645494,0.541382,0.589234,0.583527,0.516832,0.633777,0.541453,0.474251,0.636495,0.548542,0.620376,0.549580,0.634851,0.635978,0.626429,0.609179,0.533946,0.605098,0.520519,0.657049,0.559325,0.603076,0.557569,0.596320,0.583977,0.472473,0.407819,0.627090,0.555402,0.514435,0.433881,0.412708,0.363151,0.532880,0.640568,0.531555,0.642584,0.605910,0.575801,0.620450,0.626410,0.614601,0.480291,0.625317,0.588018,0.494665,0.633694,0.612930,0.628842,0.624882,0.601287,0.508863,0.618502,0.670244,0.660348,0.611620,0.576488
0.418207,0.420542,0.400914,0.372334,0.506567,0.131358,0.195871,0.466158,0.514079,0.443246,0.544510,0.515692,0.531793,0.456288,0.630064,0.316701,0.663500,0.483083,0.296733,0.485614,0.293230,0.622673,0.000000,0.440034,0.310775,0.498321,0.439374,0.518420,0.505143,0.642765,0.352942,0.305971,0.632925,0.388440,0.700698,0.447491,0.557245,0.637396,0.398552,0.438262,0.393152,0.537118,0.445227,0.672584,0.290168,0.542760,0.398527,0.536813,0.517352,0.415853,0.385205,0.505694,0.460091,0.510091,0.609006,0.438255,0.303321,0.301492,0.425479,0.548835,0.434097,0.472237,0.549684,0.425665,0.452814,0.522531,0.660055,0.580333,0.401399,0.612467,0.583709,0.439162,0.389336,0.543547,0.608460,0.547535,0.479659,0.608978,0.444064,0.514032,0.512804,0.415561,0.475703,0.464152,0.444248,0.562476,0.571817,0.340309,0.462627,0.618567,0.448602,0.548492,0.487056,0.405928,0.408890,0.444745,0.460127,0.431461,0.301498,0.529900,0.486180
0.419878,0.406234,0.407908,0.328291,0.545975,0.350737,0.345973,0.410546,0.342464,0.449198,0.408434,0.411275,0.453499,0.326939,0.355178,0.425074,0.490159,0.556814,0.225161,0.305037,0.398671,0.511899,0.440034,0.000000,0.417669,0.487312,0.376552,0.374726,0.372189,0.637837,0.452470,0.292878,0.622914,0.288306,0.673043,0.557436,0.581457,0.528620,0.303208,0.401970,0.343001,0.487494,0.402084,0.641466,0.293564,0.603788,0.239134,0.397091,0.559143,0.312422,0.258669,0.399785,0.260658,0.359494,0.580832,0.104989,0.244377,0.266775,0.355748,0.451893,0.352154,0.398138,0.416180,0.425304,0.380177,0.389912,0.609645,0.664929,0.253714,0.470918,0.564613,0.351453,0.240959,0.614188,0.531539,0.595230,0.401081,0.584709,0.358349,0.396811,0.292129,0.225578,0.364997,0.386440,0.290442,0.526092,0.618495,0.292502,0.426875,0.649314,0.363712,0.378910,0.353761,0.298009,0.263190,0.380979,0.333538,0.333909,0.270503,0.365579,0.316651
0.420196,0.415924,0.264053,0.314088,0.543326,0.201297,0.229205,0.447322,0.417412,0.520429,0.521768,0.524595,0.543465,0.437954,0.590356,0.357577,0.635214,0.498968,0.300805,0.417139,0.249907,0.645806,0.310775,0.417669,0.000000,0.267706,0.418660,0.508194,0.453021,0.700484,0.330062,0.248344,0.663743,0.351073,0.734926,0.435339,0.572553,0.672974,0.401854,0.352881,0.384383,0.276075,0.362887,0.625857,0.249839,0.580877,0.341310,0.481727,0.463937,0.428783,0.353662,0.401414,0.420455,0.439482,0.650175,0.448412,0.259825,0.246629,0.406479,0.504202,0.285981,0.360511,0.357663,0.422571,0.294763,0.434556,0.583993,0.615468,0.328373,0.691693,0.548466,0.431451,0.377452,0.576400,0.515050,0.563070,0.472849,0.611595,0.482943,0.431312,0.445019,0.376062,0.472221,0.322446,0.408291,0.495699,0.431841,0.283982,0.490688,0.409151,0.459492,0.457304,0.415329,0.375985,0.353278,0.282498,0.374543,0.370809,0.283945,0.362042,0.481654
0.422182,0.432951,0.217884,0.384746,0.596266,0.422035,0.354948,0.511268,0.409891,0.546479,0.552461,0.528228,0.552729,0.499976,0.552226,0.432744,0.603529,0.577608,0.401754,0.424983,0.326778,0.593346,0.498321,0.487312,0.267706,0.000000,0.464405,0.469562,0.497999,0.739993,0.425099,0.409295,0.570776,0.488688,0.690780,0.599543,0.699064,0.689854,0.474939,0.387850,0.475242,0.246537,0.372484,0.629904,0.425555,0.590069,0.454497,0.482455,0.407300,0.434352,0.436718,0.418969,0.487997,0.482102,0.633123,0.530935,0.428069,0.424225,0.420155,0.483439,0.336308,0.419504,0.336053,0.515925,0.335557,0.464760,0.567922,0.600865,0.431918,0.668327,0.582972,0.500076,0.450239,0.584772,0.511489,0.643129,0.490647,0.610459,0.521508,0.448638,0.450618,0.476085,0.463446,0.405080,0.482547,0.523313,0.507913,0.418765,0.477376,0.438444,0.535726,0.505686,0.465855,0.460370,0.487998,0.318325,0.414045,0.456378,0.429565,0.409557,0.521515
0.425658,0.433725,0.417314,0.268729,0.451872,0.326862,0.331633,0.293879,0.301698,0.457288,0.359858,0.243410,0.363809,0.478838,0.589393,0.367361,0.593848,0.302393,0.336222,0.215385,0.360476,0.601999,0.439374,0.376552,0.418660,0.464405,0.000000,0.265624,0.485344,0.666408,0.468685,0.339699,0.504052,0.339176,0.680930,0.448550,0.632313,0.505054,0.397450,0.278972,0.379748,0.494434,0.460003,0.665457,0.340711,0.316973,0.384889,0.351594,0.462524,0.330156,0.381707,0.450002,0.367499,0.298888,0.449360,0.377266,0.332365,0.314159,0.344163,0.427824,0.359500,0.323792,0.445455,0.306727,0.350049,0.226151,0.486931,0.363919,0.386319,0.462853,0.660702,0.205193,0.381382,0.354199,0.601861,0.714834,0.511732,0.588391,0.422634,0.363155,0.328037,0.396111,0.413081,0.428558,0.329302,0.347580,0.657508,0.325228,0.396760,0.552797,0.236133,0.314895,0.312193,0.372683,0.390532,0.334500,0.428817,0.357310,0.371918,0.347577,0.254424
0.427030,0.440297,0.460414,0.325547,0.567837,0.448209,0.416713,0.396042,0.362257,0.469185,0.465294,0.186134,0.463910,0.444983,0.522134,0.463985,0.544753,0.410263,0.353413,0.237501,0.462146,0.587652,0.518420,0.374726,0.508194,0.469562,0.265624,0.000000,0.457993,0.699160,0.584523,0.387299,0.587617,0.385743,0.752243,0.587664,0.624865,0.574392,0.391229,0.382088,0.387487,0.517756,0.453700,0.678219,0.401800,0.507314,0.339780,0.393517,0.524909,0.380952,0.352684,0.483187,0.369423,0.367687,0.515730,0.351708,0.363746,0.372864,0.347148,0.458653,0.430632,0.404097,0.447058,0.380442,0.394208,0.324607,0.578179,0.570488,0.393552,0.458775,0.595476,0.338351,0.345346,0.551191,0.608974,0.674752,0.497579,0.620314,0.427243,0.418784,0.350984,0.341009,0.472454,0.445401,0.359864,0.427070,0.622474,0.369294,0.459118,0.636140,0.365653,0.387444,0.372046,0.383110,0.401475,0.402299,0.368171,0.407762,0.399370,0.368800,0.340912
0.427997,0.418568,0.434303,0.317105,0.507678,0.448707,0.435074,0.401415,0.431785,0.422409,0.538308,0.452322,0.493566,0.100737,0.387938,0.451401,0.389598,0.526437,0.393398,0.396287,0.391120,0.441918,0.505143,0.372189,0.453021,0.497999,0.485344,0.457993,0.000000,0.597882,0.458594,0.416542,0.611975,0.430979,0.650900,0.549265,0.615902,0.572133,0.331536,0.412057,0.417645,0.534883,0.336473,0.680842,0.413866,0.634563,0.369209,0.455302,0.501931,0.433080,0.400382,0.441199,0.456546,0.384386,0.611441,0.348017,0.415379,0.403476,0.372978,0.491795,0.390096,0.426210,0.416997,0.502015,0.390826,0.452899,0.568595,0.633188,0.403393,0.583321,0.515895,0.478646,0.424053,0.594526,0.548898,0.642050,0.088039,0.565000,0.453635,0.487724,0.470818,0.398917,0.363523,0.388889,0.443270,0.537175,0.531865,0.428070,0.454802,0.585066,0.481100,0.425109,0.417599,0.416440,0.424961,0.392324,0.431897,0.445398,0.467173,0.501361,0.459342
0.429884,0.450417,0.602764,0.586289,0.509438,0.595222,0.670496,0.613630,0.642925,0.608212,0.574832,0.617646,0.550400,0.552486,0.517561,0.667350,0.545462,0.644233,0.681796,0.694367,0.662006,0.503405,0.642765,0.637837,0.700484,0.739993,0.666408,0.699160,0.597882,0.000000,0.678624,0.686033,0.575518,0.664303,0.536994,0.689713,0.474083,0.394926,0.695496,0.711934,0.633535,0.767445,0.696887,0.603676,0.685342,0.551516,0.668012,0.726038,0.603975,0.741740,0.661066,0.691650,0.677167,0.730625,0.593602,0.653364,0.693862,0.690727,0.663888,0.620993,0.715371,0.712893,0.740373,0.693410,0.742567,0.749712,0.561753,0.552097,0.684281,0.527612,0.630008,0.696162,0.670994,0.555470,0.545643,0.559109,0.609493,0.624967,0.697693,0.748144,0.756719,0.682427,0.688127,0.723403,0.720102,0.622767,0.630241,0.702569,0.677773,0.614728,0.729775,0.767271,0.748282,0.672474,0.677057,0.761726,0.618622,0.663407,0.712709,0.721989,0.697138
0.431476,0.428246,0.295960,0.414816,0.514841,0.251309,0.235207,0.506690,0.525342,0.484915,0.576355,0.562751,0.536793,0.466835,0.569623,0.306394,0.603377,0.539560,0.337797,0.520636,0.292031,0.592548,0.352942,0.452470,0.330062,0.425099,0.468685,0.584523,0.458594,0.678624,0.000000,0.376150,0.607049,0.457909,0.647202,0.391632,0.637613,0.680980,0.439574,0.412759,0.470353,0.429279,0.482135,0.707060,0.377397,0.609748,0.474436,0.577835,0.397024,0.460150,0.482865,0.477423,0.545001,0.531220,0.627132,0.500641,0.388781,0.390766,0.524703,0.586567,0.387635,0.494483,0.505383,0.483701,0.408124,0.539374,0.604719,0.585162,0.472746,0.624542,0.588943,0.518874,0.488008,0.544338,0.533529,0.568077,0.467069,0.591850,0.506028,0.535693,0.564504,0.489036,0.466777,0.505948,0.527018,0.606403,0.566981,0.409026,0.477735,0.522038,0.509487,0.606755,0.563333,0.497768,0.511168,0.397251,0.460111,0.482457,0.416577,0.526114,0.512804
0.436356,0.419304,0.365380,0.251153,0.494504,0.224388,0.184501,0.345969,0.370433,0.496812,0.457043,0.481957,0.527986,0.375756,0.527820,0.281829,0.560548,0.449409,0.129575,0.334016,0.241218,0.582828,0.305971,0.292878,0.248344,0.409295,0.339699,0.387299,0.416542,0.686033,0.376150,0.000000,0.658777,0.238008,0.759975,0.486364,0.566240,0.576550,0.333979,0.240300,0.246462,0.395745,0.379918,0.671613,0.170628,0.564783,0.154005,0.355776,0.512113,0.264110,0.153074,0.409219,0.311194,0.354780,0.569227,0.277248,0.105006,0.096050,0.308848,0.507921,0.317745,0.307112,0.361758,0.277634,0.311912,0.377136,0.668322,0.603204,0.156492,0.583680,0.568481,0.282616,0.166846,0.583739,0.567074,0.614472,0.425186,0.622550,0.365478,0.335821,0.324686,0.176856,0.440034,0.371515,0.190004,0.422915,0.517913,0.110263,0.464147,0.586527,0.303388,0.388044,0.292707,0.180839,0.165281,0.302047,0.204984,0.226773,0.145186,0.307197,0.333453
0.437151,0.473103,0.524107,0.527305,0.442093,0.521264,0.579112,0.551387,0.424113,0.509997,0.439839,0.568497,0.359581,0.616899,0.551458,0.576888,0.558565,0.513992,0.671549,0.593461,0.574743,0.507361,0.632925,0.622914,0.663743,0.570776,0.504052,0.587617,0.611975,0.575518,0.607049,0.658777,0.000000,0.663348,0.573890,0.548921,0.638031,0.579261,0.619066,0.583621,0.662691,0.602947,0.553945,0.658016,0.673563,0.400001,0.693172,0.624782,0.513858,0.569504,0.685893,0.529138,0.594433,0.577085,0.477520,0.654141,0.676818,0.685534,0.609541,0.463330,0.631869,0.623207,0.549506,0.618490,0.616817,0.594197,0.428815,0.373332,0.676719,0.553541,0.639114,0.600884,0.687798,0.396403,0.606308,0.656018,0.615777,0.588480,0.671598,0.555391,0.651417,0.698056,0.466339,0.594611,0.687980,0.578462,0.720037,0.701085,0.524529,0.487059,0.625866,0.670449,0.682186,0.703152,0.696680,0.624901,0.695909,0.701197,0.672673,0.673403,0.590179
0.437546,0.434103,0.462985,0.251078,0.468212,0.325375,0.296089,0.328309,0.402364,0.392364,0.487698,0.407115,0.469451,0.398995,0.572180,0.369987,0.642136,0.436947,0.229648,0.290364,0.325643,0.659223,0.388440,0.288306,0.351073,0.488688,0.339176,0.385743,0.430979,0.664303,0.457909,0.238008,0.663348,0.000000,0.732480,0.535839,0.636763,0.594801,0.222562,0.331930,0.181395,0.532292,0.349716,0.732958,0.228751,0.615168,0.211888,0.342102,0.583150,0.300563,0.204647,0.455584,0.288483,0.358632,0.567165,0.260535,0.211978,0.203868,0.292532,0.516162,0.349618,0.295937,0.455206,0.291756,0.355059,0.356497,0.688649,0.641631,0.215579,0.577310,0.631301,0.320131,0.230603,0.647879,0.641938,0.696360,0.457669,0.629627,0.297080,0.400199,0.305993,0.247007,0.434949,0.319691,0.241501,0.402417,0.616627,0.212379,0.439105,0.674108,0.335751,0.366431,0.305398,0.236405,0.223392,0.360092,0.280626,0.158448,0.238888,0.328923,0.344546
0.438443,0.498553,0.581220,0.696489,0.562720,0.625571,0.634292,0.653457,0.670583,0.602074,0.560207,0.682789,0.546571,0.650833,0.583435,0.607381,0.582792,0.605845,0.710017,0.723212,0.699080,0.540225,0.700698,0.673043,0.734926,0.690780,0.680930,0.752243,0.650900,0.536994,0.647202,0.759975,0.573890,0.732480,0.000000,0.609089,0.622509,0.544966,0.645330,0.670737,0.722362,0.692611,0.692902,0.600440,0.757528,0.597363,0.753762,0.769045,0.601597,0.732384,0.758825,0.681534,0.765793,0.717397,0.594037,0.734238,0.780733,0.773385,0.712471,0.694235,0.692987,0.672870,0.675144,0.740874,0.681111,0.738354,0.558583,0.537231,0.764671,0.580828,0.635749,0.759279,0.765564,0.573208,0.649887,0.636674,0.659493,0.585165,0.828274,0.700551,0.764893,0.766369,0.655157,0.750348,0.786434,0.676785,0.659574,0.780439,0.636717,0.602916,0.744084,0.715346,0.780417,0.772103,0.774915,0.704762,0.725457,0.755611,0.794067,0.781400,0.736108
0.439433,0.490187,0.468497,0.442524,0.413293,0.336764,0.401947,0.424875,0.538192,0.559617,0.537213,0.555009,0.467717,0.568510,0.659847,0.321408,0.619266,0.441677,0.483414,0.538885,0.453016,0.618521,0.447491,0.557436,0.435339,0.599543,0.448550,0.587664,0.549265,0.689713,0.391632,0.486364,0.548921,0.535839,0.609089,0.000000,0.606330,0.619146,0.556417,0.474801,0.562578,0.567454,0.565562,0.640842,0.445982,0.536037,0.540138,0.546276,0.473866,0.562313,0.560971,0.624957,0.635866,0.437654,0.533945,0.591905,0.509175,0.474387,0.599833,0.622625,0.496354,0.480492,0.637227,0.434846,0.468754,0.478701,0.537895,0.453352,0.559044,0.654465,0.546827,0.451606,0.593363,0.478983,0.695789,0.632663,0.580081,0.597400,0.568502,0.576088,0.615429,0.586405,0.576937,0.599379,0.522186,0.526249,0.633207,0.505476,0.612381,0.562775,0.402386,0.512086,0.521109,0.546672,0.562198,0.487386,0.627045,0.501769,0.518497,0.577451,0.480485
0.442401,0.499703,0.574980,0.560488,0.574598,0.485862,0.558343,0.551000,0.554490,0.622999,0.529121,0.607782,0.621094,0.580435,0.425816,0.609919,0.427581,0.612218,0.588712,0.588813,0.642697,0.426555,0.557245,0.581457,0.572553,0.699064,0.632313,0.624865,0.615902,0.474083,0.637613,0.566240,0.638031,0.636763,0.622509,0.606330,0.000000,0.373496,0.652409,0.607286,0.657520,0.655920,0.613519,0.593976,0.572453,0.642882,0.568369,0.645796,0.659527,0.697405,0.564674,0.565467,0.625476,0.553692,0.642344,0.600625,0.592390,0.597985,0.659304,0.684578,0.567657,0.643462,0.628809,0.659146,0.581100,0.642920,0.631192,0.655214,0.567851,0.549144,0.307996,0.645435,0.575331,0.663544,0.446961,0.194721,0.624124,0.633180,0.656928,0.606218,0.645740,0.585351,0.732000,0.677963,0.597498,0.639569,0.279060,0.618579,0.703710,0.609595,0.649774,0.600696,0.600438,0.599363,0.566186,0.570906,0.574733,0.645333,0.600150,0.619350,0.610812
0.442566,0.477728,0.579590,0.495843,0.520311,0.549430,0.585811,0.518040,0.478143,0.570775,0.400059,0.505523,0.539545,0.559612,0.542549,0.608213,0.508453,0.530902,0.583016,0.527820,0.675138,0.505395,0.637396,0.528620,0.672974,0.689854,0.505054,0.574392,0.572133,0.394926,0.680980,0.576550,0.579261,0.594801,0.544966,0.619146,0.373496,0.000000,0.600396,0.556645,0.633215,0.667792,0.605838,0.627704,0.577996,0.490017,0.546515,0.572294,0.572373,0.638998,0.545851,0.598338,0.594511,0.498454,0.580588,0.559625,0.581411,0.571483,0.578582,0.578328,0.594183,0.598619,0.600352,0.618996,0.590454,0.505637,0.497477,0.506106,0.572285,0.415690,0.553933,0.535103,0.558953,0.517524,0.525825,0.582630,0.599476,0.581282,0.623440,0.571932,0.575260,0.565027,0.600692,0.618938,0.553646,0.527894,0.598846,0.579812,0.630670,0.615376,0.541887,0.531307,0.589247,0.563252,0.533878,0.603309,0.605348,0.586288,0.596410,0.581067,0.516324
0.443571,0.440776,0.461927,0.281780,0.565619,0.362070,0.339196,0.381544,0.357714,0.270553,0.461388,0.432848,0.474974,0.309156,0.486003,0.426273,0.593310,0.507726,0.303209,0.328141,0.357417,0.574821,0.398552,0.303208,0.401854,0.474939,0.397450,0.391229,0.331536,0.695496,0.439574,0.333979,0.619066,0.222562,0.645330,0.556417,0.652409,0.600396,0.000000,0.400892,0.306453,0.546058,0.266733,0.792723,0.302988,0.646931,0.306976,0.445970,0.548195,0.330258,0.305918,0.337500,0.343755,0.327648,0.599527,0.290835,0.298633,0.301735,0.323357,0.493471,0.347672,0.365086,0.407108,0.422282,0.369635,0.338916,0.614761,0.630251,0.317207,0.584438,0.612573,0.394476,0.296012,0.618305,0.632164,0.667343,0.336602,0.629975,0.353653,0.366642,0.339003,0.305963,0.322558,0.290919,0.351503,0.496246,0.628405,0.320629,0.344509,0.636026,0.401438,0.360429,0.364913,0.337779,0.336925,0.349400,0.385394,0.318933,0.333947,0.378726,0.378887
0.443624,0.451196,0.393960,0.295339,0.496516,0.344779,0.284546,0.355690,0.346697,0.490828,0.451016,0.429984,0.479708,0.416149,0.541204,0.341788,0.553587,0.401073,0.267500,0.321005,0.331354,0.578981,0.438262,0.401970,0.352881,0.387850,0.278972,0.382088,0.412057,0.711934,0.412759,0.240300,0.583621,0.331930,0.670737,0.474801,0.607286,0.556645,0.400892,0.000000,0.314520,0.390229,0.399727,0.676172,0.268678,0.494746,0.325355,0.387556,0.413189,0.308337,0.320428,0.466558,0.405864,0.344884,0.538536,0.399989,0.288193,0.271673,0.305179,0.488361,0.282694,0.280728,0.325602,0.357261,0.289944,0.346556,0.561158,0.472476,0.319954,0.622896,0.568065,0.315717,0.331343,0.504530,0.574271,0.673077,0.436189,0.496644,0.413197,0.356435,0.381430,0.345431,0.390320,0.388420,0.315550,0.379534,0.537922,0.261331,0.421288,0.579891,0.331877,0.402401,0.319695,0.330301,0.325839,0.292238,0.324012,0.319842,0.316548,0.331284,0.355848
0.445531,0.427468,0.440317,0.303556,0.478821,0.351326,0.283441,0.375990,0.426318,0.437431,0.519854,0.428176,0.477915,0.367520,0.524665,0.332960,0.644739,0.408143,0.216765,0.362301,0.277928,0.632602,0.393152,0.343001,0.384383,0.475242,0.379748,0.387487,0.417645,0.633535,0.470353,0.246462,0.662691,0.181395,0.722362,0.562578,0.657520,0.633215,0.306453,0.314520,0.000000,0.479156,0.397855,0.673197,0.264626,0.570584,0.258158,0.387319,0.526198,0.275447,0.235392,0.460469,0.343174,0.441352,0.545655,0.312759,0.238964,0.234656,0.282036,0.504668,0.364508,0.279880,0.442852,0.310036,0.362390,0.417179,0.605632,0.607736,0.260835,0.564708,0.681756,0.317076,0.251826,0.578396,0.610170,0.673002,0.414442,0.622819,0.337040,0.391513,0.354677,0.281588,0.378354,0.369230,0.282064,0.385492,0.597005,0.234720,0.383208,0.631286,0.336981,0.450363,0.366753,0.260079,0.267896,0.364511,0.266890,0.228381,0.282395,0.328753,0.347290
0.446302,0.437567,0.210194,0.439747,0.591791,0.440805,0.363779,0.534991,0.425489,0.594670,0.544564,0.545687,0.558448,0.554623,0.484326,0.419488,0.539623,0.571489,0.401034,0.483617,0.351520,0.540484,0.537118,0.487494,0.276075,0.246537,0.494434,0.517756,0.534883,0.767445,0.429279,0.395745,0.602947,0.532292,0.692611,0.567454,0.655920,0.667792,0.546058,0.390229,0.479156,0.000000,0.442977,0.599462,0.487940,0.553029,0.485390,0.514541,0.370167,0.481953,0.481439,0.422129,0.530826,0.510093,0.645661,0.547454,0.458076,0.451607,0.495337,0.563437,0.358071,0.429559,0.323055,0.528038,0.330676,0.483898,0.469175,0.573194,0.478133,0.656973,0.585681,0.490090,0.489824,0.508618,0.446282,0.583442,0.533157,0.579632,0.601887,0.441919,0.511863,0.497737,0.475186,0.457110,0.543632,0.486228,0.479087,0.455853,0.523049,0.398637,0.512039,0.536226,0.565226,0.517012,0.529668,0.317127,0.478656,0.521222,0.505062,0.427045,0.514283
0.446482,0.433744,0.414342,0.288339,0.559610,0.404145,0.379085,0.391748,0.315639,0.375582,0.457050,0.454225,0.497303,0.335793,0.446224,0.459903,0.533733,0.551353,0.390670,0.354534,0.384403,0.512734,0.445227,0.402084,0.362887,0.372484,0.460003,0.453700,0.336473,0.696887,0.482135,0.379918,0.553945,0.349716,0.692902,0.565562,0.613519,0.605838,0.266733,0.399727,0.397855,0.442977,0.000000,0.734952,0.371792,0.577956,0.391110,0.482412,0.471511,0.415441,0.384239,0.328458,0.388691,0.350447,0.605621,0.404037,0.383173,0.364378,0.329091,0.416290,0.389548,0.400490,0.327814,0.498316,0.384414,0.360948,0.605370,0.588076,0.385745,0.645456,0.547315,0.464356,0.401758,0.612271,0.533409,0.635116,0.335540,0.533194,0.404175,0.391535,0.360231,0.417195,0.361017,0.242775,0.439440,0.492345,0.539218,0.381426,0.389220,0.576124,0.487199,0.388797,0.395482,0.394860,0.415920,0.367181,0.400855,0.364193,0.401144,0.399915,0.468040
0.446580,0.520311,0.532660,0.618315,0.570595,0.628934,0.667018,0.625791,0.675339,0.705345,0.643595,0.628182,0.614527,0.692503,0.571895,0.678470,0.531390,0.667510,0.661792,0.691094,0.660761,0.540680,0.672584,0.641466,0.625857,0.629904,0.665457,0.678219,0.680842,0.603676,0.707060,0.671613,0.658016,0.732958,0.600440,0.640842,0.593976,0.627704,0.792723,0.676172,0.673197,0.599462,0.734952,0.000000,0.731022,0.638824,0.692167,0.708279,0.609324,0.706318,0.698070,0.652402,0.694105,0.719414,0.711425,0.681160,0.710319,0.711325,0.726292,0.691899,0.689387,0.684072,0.679530,0.713431,0.673922,0.717453,0.637719,0.652054,0.687757,0.625046,0.623703,0.715761,0.694649,0.648121,0.560797,0.561843,0.696053,0.639758,0.766990,0.721747,0.728902,0.688999,0.762787,0.721291,0.684936,0.680169,0.590613,0.726960,0.760516,0.599566,0.743855,0.717353,0.699291,0.723113,0.701045,0.673942,0.711617,0.754482,0.728896,0.712970,0.727129
