0.000000,0.190110,0.225871,0.230889,0.239852,0.258183,0.259066,0.271582,0.271951,0.277660,0.281996,0.288895,0.296424,0.298671,0.311878,0.320657,0.321473,0.322280,0.324097,0.328905,0.330264,0.330417,0.334896,0.343840,0.344318,0.346383,0.350607,0.352753,0.353103,0.353144,0.354926,0.355799,0.356145,0.356183,0.356223,0.357141,0.357245,0.365371,0.366998,0.368127,0.370244,0.370272,0.372750,0.376215,0.376850,0.376938,0.377588,0.379966,0.381322,0.382781,0.383849,0.384930,0.385038,0.385404,0.386085,0.387639,0.388210,0.388856,0.391685,0.393061,0.393374,0.394368,0.394850,0.395451,0.395642,0.398133,0.398309,0.402201,0.403156,0.404047,0.404272,0.404365,0.404481,0.404520,0.405230,0.405740,0.407509,0.408468,0.408581,0.409017,0.409334,0.409377,0.410446,0.410599,0.411301,0.414280,0.414473,0.414874,0.415047,0.415663,0.417481,0.418714,0.420065,0.420331,0.420452,0.420456,0.421553,0.421692,0.424727,0.424827,0.424875,0.425341,0.425672,0.426391,0.426583,0.427603,0.427863,0.427916,0.428891,0.429045,0.429068,0.429567,0.429821,0.430741,0.432141,0.432543,0.432705,0.432777,0.433137,0.433562,0.433827,0.434058,0.434179,0.434529,0.435402,0.435415,0.436334,0.437710,0.437746,0.437913,0.438018,0.438090,0.438365,0.440515,0.440974,0.441092,0.441378,0.441503,0.442072,0.442094,0.442280,0.442346,0.442645,0.443029,0.443943,0.444266,0.444311,0.445817,0.446655,0.447723,0.447786,0.447884,0.448756,0.449327,0.449490,0.449537,0.449721,0.449776,0.450272,0.450648,0.450972,0.451059,0.451297,0.451342,0.451390,0.451490,0.452311,0.452693,0.453847,0.454208,0.455628,0.457102,0.457918,0.458205,0.458382,0.458520,0.458550,0.458749,0.458838,0.459573,0.459597,0.460437,0.460925,0.460996,0.461026,0.461512,0.461562,0.462247,0.462264,0.462877,0.463141,0.463393,0.464034,0.464244,0.464518,0.464745,0.464951,0.465055,0.465592,0.465797,0.465852
0.190110,0.000000,0.287922,0.330961,0.342121,0.278214,0.310727,0.368477,0.299052,0.334316,0.366194,0.241661,0.313540,0.233980,0.272813,0.384423,0.426309,0.330270,0.354576,0.388726,0.344505,0.329588,0.429935,0.275078,0.372831,0.421578,0.344483,0.315744,0.380702,0.379543,0.383301,0.349807,0.349013,0.307718,0.423634,0.367279,0.389605,0.411624,0.354139,0.301476,0.319681,0.366064,0.347424,0.388312,0.301890,0.396913,0.375243,0.259432,0.401673,0.357536,0.371335,0.431597,0.344599,0.240502,0.404847,0.318385,0.437775,0.468279,0.388607,0.421126,0.390744,0.407978,0.276216,0.411385,0.458478,0.371049,0.432650,0.500490,0.499912,0.420279,0.458964,0.515296,0.374228,0.452023,0.353491,0.346069,0.355358,0.496126,0.412674,0.437591,0.432032,0.455161,0.382428,0.466686,0.455050,0.439864,0.502465,0.487971,0.422055,0.441422,0.405291,0.432967,0.477452,0.496770,0.475912,0.549789,0.478503,0.361162,0.499912,0.432612,0.490615,0.493634,0.441915,0.417783,0.490526,0.432705,0.506280,0.441739,0.491986,0.445517,0.446700,0.516224,0.464096,0.427820,0.467965,0.544472,0.511849,0.443882,0.412478,0.481756,0.495882,0.468101,0.475916,0.490078,0.447132,0.464599,0.492118,0.475184,0.517131,0.452196,0.508866,0.457588,0.463073,0.438836,0.500554,0.469244,0.450354,0.486003,0.452985,0.514019,0.468382,0.438108,0.423729,0.491856,0.525534,0.410149,0.442775,0.376087,0.401431,0.477868,0.393137,0.338380,0.493715,0.371307,0.478313,0.507028,0.462898,0.420977,0.525143,0.421475,0.538533,0.518944,0.519166,0.477695,0.414305,0.471076,0.443367,0.500214,0.478168,0.498058,0.439835,0.479051,0.499868,0.427165,0.434518,0.478468,0.481717,0.466394,0.488902,0.452209,0.423522,0.484326,0.465902,0.518878,0.492522,0.440005,0.533295,0.464011,0.453232,0.372682,0.441540,0.469760,0.529072,0.487997,0.516686,0.449786,0.484508,0.554594,0.440997,0.466498,0.516287
0.225871,0.287922,0.000000,0.288111,0.245975,0.273627,0.370350,0.317812,0.357209,0.295257,0.320535,0.309746,0.316707,0.331979,0.335400,0.270112,0.346113,0.339350,0.334056,0.353899,0.258034,0.312491,0.348714,0.345710,0.355052,0.400987,0.352796,0.343152,0.357720,0.321301,0.358310,0.393694,0.335552,0.401004,0.328000,0.378017,0.445882,0.322519,0.380832,0.374737,0.364259,0.470019,0.382047,0.416256,0.350039,0.372741,0.345522,0.362477,0.418892,0.391914,0.471469,0.391715,0.427978,0.373737,0.449463,0.408860,0.427846,0.453532,0.396489,0.426471,0.360322,0.364324,0.419587,0.328413,0.461196,0.392123,0.367564,0.348097,0.379977,0.389618,0.435319,0.417490,0.404114,0.500872,0.387075,0.344200,0.384668,0.459289,0.469414,0.442261,0.424181,0.452968,0.360689,0.472496,0.483035,0.455937,0.500285,0.462901,0.465646,0.384673,0.393595,0.515001,0.469828,0.421037,0.527645,0.416557,0.441816,0.424708,0.467747,0.517017,0.454493,0.492271,0.519277,0.444254,0.474194,0.483764,0.483564,0.393949,0.451383,0.419398,0.470912,0.478347,0.423908,0.445059,0.416858,0.430607,0.469433,0.500399,0.340227,0.408375,0.392159,0.416351,0.449064,0.496814,0.391845,0.482319,0.437182,0.480953,0.460225,0.471080,0.467719,0.459037,0.388529,0.490822,0.454068,0.472151,0.382166,0.482038,0.416977,0.482040,0.416937,0.461284,0.463359,0.425211,0.469870,0.542806,0.491813,0.456180,0.451963,0.486210,0.425783,0.421411,0.461091,0.498942,0.368325,0.470321,0.444478,0.396972,0.457766,0.473671,0.469573,0.462077,0.484687,0.436811,0.500177,0.456563,0.438915,0.452261,0.442768,0.451876,0.493022,0.483623,0.519836,0.456329,0.424519,0.471075,0.483933,0.451621,0.422696,0.481866,0.407297,0.504075,0.413588,0.515184,0.495791,0.552009,0.447220,0.530082,0.570532,0.456715,0.459568,0.492473,0.482725,0.563794,0.518533,0.553253,0.482229,0.515203,0.489598,0.492470,0.468593
0.230889,0.330961,0.288111,0.000000,0.258518,0.192149,0.398195,0.310195,0.322728,0.367276,0.303908,0.297282,0.225492,0.343605,0.332100,0.400731,0.276074,0.347467,0.200642,0.434344,0.353007,0.346728,0.329909,0.361054,0.286008,0.358949,0.298224,0.382250,0.353282,0.414702,0.383985,0.345792,0.427926,0.430382,0.391831,0.413329,0.470303,0.407069,0.398466,0.357172,0.321106,0.368156,0.402604,0.344333,0.283803,0.412138,0.422452,0.290979,0.370488,0.347278,0.366777,0.446662,0.425690,0.372751,0.407358,0.383550,0.425097,0.388522,0.424827,0.453686,0.343690,0.380548,0.444601,0.443057,0.373722,0.344784,0.345596,0.417850,0.564517,0.324257,0.371553,0.471965,0.386508,0.440161,0.427529,0.450424,0.427344,0.451037,0.489324,0.377538,0.405360,0.419232,0.447166,0.392451,0.385694,0.442779,0.531042,0.588763,0.441616,0.375389,0.468267,0.428412,0.366239,0.576373,0.534858,0.579690,0.505692,0.427766,0.439909,0.402951,0.401335,0.515759,0.396933,0.411213,0.439435,0.474493,0.505917,0.401290,0.329057,0.453529,0.463870,0.510562,0.338395,0.456033,0.399768,0.592477,0.407731,0.437142,0.484766,0.426144,0.553124,0.509448,0.484884,0.526152,0.398534,0.352398,0.490948,0.508096,0.458242,0.461757,0.373115,0.448672,0.455341,0.431990,0.493836,0.453718,0.399239,0.504169,0.442883,0.508545,0.459174,0.512813,0.391718,0.452337,0.506898,0.516715,0.347530,0.473688,0.417914,0.540087,0.400356,0.461017,0.563256,0.531044,0.493733,0.355915,0.421253,0.401736,0.432704,0.520768,0.437315,0.472922,0.514017,0.436450,0.522067,0.489285,0.469254,0.505737,0.463372,0.459550,0.454020,0.509669,0.418285,0.497744,0.375035,0.424225,0.483603,0.409270,0.407662,0.422693,0.439150,0.477817,0.392639,0.453883,0.496950,0.513037,0.503497,0.513668,0.539015,0.393956,0.436046,0.407351,0.524478,0.443112,0.536304,0.460566,0.440631,0.504753,0.497789,0.394415,0.496862
0.239852,0.342121,0.245975,0.258518,0.000000,0.265918,0.380550,0.298515,0.284740,0.335285,0.228206,0.267084,0.311712,0.291051,0.365727,0.390848,0.282390,0.406347,0.336363,0.463289,0.255990,0.382155,0.208848,0.379851,0.378585,0.387743,0.404445,0.341478,0.315221,0.349834,0.358216,0.333140,0.346632,0.454784,0.335236,0.425842,0.485647,0.365153,0.441240,0.396103,0.394814,0.362462,0.397687,0.393342,0.362575,0.373017,0.366257,0.381191,0.411291,0.388186,0.337269,0.444003,0.506314,0.420987,0.348951,0.350807,0.348985,0.453475,0.360997,0.407616,0.367572,0.364928,0.452846,0.377151,0.378156,0.424999,0.468503,0.410277,0.515177,0.395066,0.389239,0.462387,0.439284,0.493514,0.366922,0.404866,0.384949,0.476686,0.484442,0.304617,0.442872,0.455991,0.441671,0.424357,0.324284,0.505441,0.532871,0.566759,0.404788,0.381721,0.489306,0.432779,0.365979,0.488753,0.556594,0.517924,0.511891,0.381177,0.553479,0.418586,0.476406,0.466017,0.422279,0.410451,0.540616,0.494499,0.557265,0.434340,0.429902,0.495393,0.547211,0.531604,0.450581,0.458619,0.430615,0.490586,0.436668,0.457090,0.414557,0.419031,0.463386,0.439390,0.542940,0.523522,0.390969,0.422365,0.542902,0.563465,0.442305,0.393634,0.405078,0.493920,0.410231,0.476841,0.518906,0.506318,0.366025,0.408847,0.470631,0.536532,0.502651,0.556470,0.436918,0.518109,0.560945,0.528264,0.452234,0.399058,0.365395,0.537828,0.386252,0.482712,0.517584,0.552850,0.473584,0.350275,0.384127,0.473382,0.404459,0.529127,0.450018,0.523785,0.551168,0.391566,0.539807,0.487672,0.367861,0.527955,0.482668,0.521769,0.418583,0.529877,0.390607,0.525672,0.352477,0.375259,0.478523,0.391895,0.372370,0.434881,0.477096,0.568978,0.343023,0.494077,0.443024,0.479027,0.533362,0.515427,0.549927,0.400401,0.449315,0.418174,0.484394,0.555207,0.583779,0.491006,0.505238,0.526843,0.546401,0.430700,0.561253
0.258183,0.278214,0.273627,0.192149,0.265918,0.000000,0.428845,0.358153,0.326339,0.399537,0.312085,0.263333,0.204837,0.302052,0.304762,0.401255,0.293532,0.329319,0.197753,0.357383,0.338663,0.341675,0.355932,0.347926,0.314935,0.403745,0.316712,0.354003,0.327515,0.390813,0.368871,0.352917,0.354531,0.381074,0.329034,0.350612,0.420945,0.379860,0.333423,0.317915,0.294561,0.385766,0.326557,0.427064,0.258686,0.378751,0.363048,0.232844,0.378566,0.298246,0.398861,0.408927,0.401405,0.359153,0.412880,0.319125,0.420854,0.431066,0.433872,0.330630,0.314019,0.351005,0.319197,0.360791,0.416032,0.316149,0.353786,0.455062,0.536817,0.347076,0.402858,0.464906,0.354758,0.408622,0.397984,0.367217,0.341563,0.510644,0.418457,0.390819,0.400096,0.423296,0.375352,0.440651,0.440692,0.457815,0.471188,0.544810,0.418874,0.356854,0.437915,0.353435,0.418567,0.554431,0.555955,0.578275,0.454794,0.438048,0.431840,0.352759,0.458602,0.462973,0.366428,0.415866,0.433810,0.473246,0.501477,0.381548,0.378512,0.422512,0.446455,0.508181,0.362419,0.486597,0.457084,0.588016,0.438889,0.402948,0.384636,0.400079,0.499288,0.391996,0.443186,0.488599,0.431175,0.375596,0.491097,0.478069,0.424506,0.460575,0.453982,0.459378,0.450303,0.431122,0.502398,0.431865,0.396192,0.499389,0.405530,0.485866,0.466100,0.449283,0.326238,0.459353,0.515585,0.403116,0.302219,0.369517,0.373953,0.530855,0.320917,0.315394,0.578090,0.505040,0.486919,0.369577,0.432604,0.349126,0.395385,0.452310,0.501935,0.487545,0.510516,0.429401,0.469826,0.436254,0.447433,0.514571,0.453229,0.447958,0.371022,0.457426,0.472046,0.451747,0.379878,0.419830,0.447304,0.408428,0.323078,0.362353,0.379528,0.480734,0.405317,0.503188,0.464689,0.469965,0.496636,0.534465,0.436236,0.337054,0.353265,0.411137,0.509853,0.571363,0.499744,0.380300,0.448593,0.576498,0.460873,0.398081,0.516393
0.259066,0.310727,0.370350,0.398195,0.380550,0.428845,0.000000,0.537654,0.393103,0.396632,0.434804,0.399585,0.475044,0.444452,0.358307,0.476201,0.524320,0.511939,0.512222,0.463163,0.494142,0.441434,0.462169,0.419828,0.563085,0.444018,0.521763,0.411788,0.524889,0.454844,0.524115,0.517050,0.514448,0.484171,0.449729,0.476895,0.595505,0.455694,0.522530,0.474940,0.560536,0.498147,0.576494,0.428859,0.493261,0.472346,0.505384,0.525275,0.435687,0.497904,0.489020,0.570541,0.462990,0.447126,0.389917,0.479073,0.504683,0.557319,0.469897,0.453862,0.537322,0.536301,0.488566,0.438700,0.542383,0.519163,0.552980,0.462986,0.553539,0.517365,0.514481,0.539094,0.507215,0.503574,0.448709,0.559267,0.470384,0.572646,0.577888,0.518780,0.414774,0.621125,0.592489,0.643538,0.510353,0.568513,0.620454,0.466508,0.445837,0.524746,0.592998,0.383337,0.494276,0.438525,0.495748,0.502559,0.611381,0.513750,0.673284,0.443766,0.576885,0.548263,0.387793,0.525834,0.677070,0.626463,0.568163,0.641481,0.589511,0.639945,0.531194,0.474851,0.584509,0.331611,0.524038,0.498033,0.551185,0.488407,0.508923,0.618677,0.462873,0.386220,0.663092,0.670847,0.516891,0.491456,0.652393,0.633272,0.548958,0.515724,0.566752,0.562287,0.631397,0.513990,0.668063,0.649865,0.620435,0.497478,0.613765,0.663987,0.645663,0.661441,0.575559,0.636969,0.672247,0.465496,0.569840,0.572238,0.494493,0.631529,0.558379,0.582091,0.569029,0.473433,0.539490,0.606766,0.632997,0.614175,0.628620,0.599730,0.617490,0.708244,0.679017,0.554011,0.489541,0.629775,0.541798,0.630713,0.650756,0.656256,0.545277,0.615285,0.532977,0.601638,0.556558,0.499414,0.593526,0.422261,0.616086,0.427472,0.607948,0.677117,0.606662,0.521734,0.593744,0.613234,0.672187,0.494065,0.558355,0.546168,0.584731,0.562607,0.570094,0.479654,0.692852,0.488562,0.634275,0.601407,0.645583,0.654255,0.713631
0.271582,0.368477,0.317812,0.310195,0.298515,0.358153,0.537654,0.000000,0.348274,0.382680,0.257268,0.382205,0.320145,0.385938,0.514723,0.403080,0.273799,0.386123,0.294020,0.589248,0.306630,0.414575,0.353444,0.498450,0.345737,0.475145,0.376124,0.497773,0.314284,0.438030,0.426747,0.359253,0.462929,0.493282,0.550717,0.447287,0.421285,0.462995,0.457369,0.407834,0.408141,0.467092,0.393355,0.495195,0.426225,0.539619,0.486195,0.396732,0.509118,0.436676,0.462378,0.423068,0.500073,0.515752,0.536053,0.494806,0.416529,0.450096,0.428405,0.563792,0.371151,0.371911,0.545317,0.550171,0.447699,0.496164,0.462626,0.491147,0.558391,0.438110,0.480195,0.466994,0.489558,0.495516,0.542969,0.451567,0.472022,0.421137,0.441930,0.380623,0.564971,0.447112,0.444256,0.426257,0.424098,0.478512,0.518466,0.603151,0.505070,0.372510,0.431819,0.591889,0.397696,0.665816,0.545869,0.645544,0.493188,0.466805,0.430346,0.609246,0.462819,0.472027,0.615874,0.504130,0.436691,0.440621,0.561375,0.418063,0.466552,0.375813,0.569506,0.500050,0.464855,0.621771,0.368593,0.657656,0.531564,0.565401,0.575196,0.384118,0.591570,0.633675,0.426552,0.506210,0.499830,0.558841,0.440406,0.469916,0.495493,0.419758,0.417256,0.502021,0.368802,0.572733,0.458243,0.490922,0.377176,0.588617,0.408278,0.454617,0.430651,0.453382,0.483956,0.484275,0.468617,0.592528,0.467601,0.477411,0.509200,0.511486,0.504226,0.559671,0.542383,0.617657,0.622611,0.373228,0.480275,0.398584,0.434307,0.498623,0.446278,0.415828,0.474754,0.493236,0.624152,0.501071,0.505595,0.505329,0.450418,0.465828,0.525027,0.549619,0.450307,0.485183,0.472303,0.537278,0.491564,0.611691,0.396676,0.599689,0.416407,0.495844,0.455432,0.447632,0.481733,0.537404,0.461934,0.612545,0.605336,0.479205,0.509834,0.528273,0.553698,0.606148,0.487150,0.609122,0.497894,0.493513,0.503925,0.476089,0.456488
0.271951,0.299052,0.357209,0.322728,0.284740,0.326339,0.393103,0.348274,0.000000,0.367605,0.289209,0.348682,0.292002,0.352192,0.433153,0.432095,0.399333,0.462810,0.356857,0.576841,0.393509,0.442027,0.425295,0.422846,0.441825,0.471496,0.466409,0.457069,0.428332,0.414977,0.442969,0.440185,0.434677,0.475759,0.507963,0.450283,0.499700,0.441427,0.454810,0.272112,0.450186,0.421581,0.430899,0.377592,0.361047,0.479854,0.457193,0.356973,0.459357,0.382318,0.359901,0.392110,0.522515,0.457348,0.511892,0.386565,0.399401,0.463707,0.511887,0.484184,0.397807,0.481750,0.469692,0.543778,0.430893,0.385575,0.404573,0.505162,0.562381,0.445189,0.411054,0.508926,0.470471,0.468969,0.513398,0.412006,0.392801,0.482569,0.558919,0.368154,0.515583,0.485954,0.466625,0.501615,0.400557,0.510533,0.549970,0.630923,0.462347,0.519857,0.559965,0.402359,0.425026,0.666433,0.482062,0.653543,0.580801,0.453118,0.507612,0.428713,0.542139,0.449125,0.434496,0.522785,0.493732,0.375980,0.616337,0.496484,0.510402,0.452030,0.535226,0.518506,0.498883,0.571511,0.495503,0.663602,0.476596,0.423014,0.559500,0.510202,0.573700,0.560169,0.498050,0.571697,0.500100,0.493201,0.553546,0.519895,0.464092,0.489639,0.503331,0.552967,0.551787,0.459730,0.555963,0.531497,0.519299,0.508783,0.460113,0.485791,0.552218,0.397678,0.502532,0.542456,0.485942,0.506021,0.353825,0.486189,0.434929,0.630438,0.461744,0.528275,0.570468,0.432220,0.613620,0.507167,0.479412,0.482495,0.485791,0.597768,0.528265,0.541618,0.586833,0.466091,0.575158,0.559073,0.451364,0.563941,0.574205,0.457014,0.463069,0.583897,0.386356,0.587519,0.493277,0.509438,0.532857,0.539363,0.488784,0.496494,0.482011,0.550328,0.492841,0.551436,0.442877,0.563497,0.519497,0.527298,0.490528,0.424624,0.418709,0.481223,0.548409,0.509738,0.549725,0.409057,0.480993,0.484805,0.559635,0.491814,0.560549
0.277660,0.334316,0.295257,0.367276,0.335285,0.399537,0.396632,0.382680,0.367605,0.000000,0.416925,0.409677,0.408833,0.429245,0.415331,0.281706,0.472369,0.419188,0.456284,0.427824,0.437085,0.453011,0.528857,0.432918,0.381927,0.380307,0.384999,0.434858,0.485732,0.259819,0.497127,0.480014,0.401730,0.456956,0.369305,0.408419,0.457353,0.271825,0.463442,0.411109,0.385268,0.481041,0.411332,0.437774,0.450756,0.455668,0.399852,0.460060,0.381071,0.479117,0.518660,0.437158,0.415518,0.441109,0.453249,0.518740,0.579808,0.457347,0.537682,0.459800,0.492505,0.531120,0.478397,0.410463,0.578183,0.385493,0.427995,0.440229,0.463333,0.371237,0.451389,0.442266,0.498967,0.545151,0.451298,0.272114,0.499408,0.412171,0.452138,0.550076,0.435303,0.483998,0.453331,0.534606,0.573180,0.504566,0.516351,0.479177,0.476889,0.542945,0.489842,0.529263,0.576059,0.469823,0.580390,0.446304,0.476353,0.590697,0.498643,0.537692,0.458298,0.480635,0.526668,0.530610,0.489477,0.461291,0.568021,0.448466,0.506193,0.469645,0.566240,0.493498,0.469773,0.526981,0.476379,0.459690,0.483832,0.540381,0.436361,0.545291,0.528981,0.459835,0.490252,0.510097,0.519974,0.538001,0.543286,0.455082,0.434121,0.595463,0.498610,0.508428,0.572416,0.522642,0.545333,0.511985,0.531454,0.510631,0.484759,0.457662,0.502848,0.515298,0.480669,0.509809,0.508280,0.587559,0.532181,0.555203,0.526018,0.575361,0.543897,0.504332,0.550343,0.588232,0.499486,0.594486,0.553357,0.495711,0.599891,0.504821,0.473656,0.482641,0.564420,0.598444,0.573931,0.500499,0.605704,0.523435,0.481160,0.434930,0.560211,0.546949,0.620401,0.540076,0.561193,0.555022,0.495634,0.515812,0.582257,0.469975,0.508407,0.519494,0.537080,0.545770,0.469363,0.584758,0.464960,0.615168,0.604960,0.509164,0.560100,0.494784,0.453677,0.573413,0.496734,0.560009,0.541689,0.538856,0.522917,0.447558,0.511974
0.281996,0.366194,0.320535,0.303908,0.228206,0.312085,0.434804,0.257268,0.289209,0.416925,0.000000,0.336122,0.305351,0.361017,0.474139,0.414904,0.225874,0.471306,0.361770,0.595167,0.340738,0.434215,0.321877,0.458154,0.484335,0.526002,0.482594,0.452618,0.268712,0.428261,0.383112,0.293525,0.445310,0.504640,0.509372,0.481775,0.549133,0.439917,0.437808,0.388975,0.478568,0.372514,0.449076,0.444957,0.390358,0.484065,0.466666,0.365312,0.505176,0.455409,0.300787,0.443949,0.575680,0.490395,0.479413,0.455184,0.302613,0.538742,0.421884,0.501718,0.275081,0.406542,0.527291,0.542614,0.366993,0.510688,0.532806,0.522255,0.665015,0.485520,0.492959,0.542471,0.534391,0.551383,0.489441,0.483307,0.335322,0.533944,0.541609,0.107352,0.585279,0.468194,0.497900,0.475257,0.217804,0.571996,0.602593,0.653372,0.425442,0.403038,0.563459,0.521353,0.333061,0.626624,0.551090,0.646652,0.572135,0.356985,0.540738,0.493372,0.562497,0.542878,0.498277,0.469953,0.527372,0.510542,0.613845,0.537613,0.542001,0.520033,0.613758,0.546695,0.546922,0.574659,0.469051,0.627135,0.595313,0.493702,0.579298,0.467656,0.580451,0.547657,0.555810,0.577499,0.524671,0.520288,0.533937,0.580707,0.540908,0.322118,0.416469,0.593671,0.499480,0.556667,0.533678,0.538923,0.455070,0.434112,0.425763,0.569989,0.571508,0.568607,0.453943,0.566076,0.533538,0.611168,0.487918,0.498510,0.407970,0.558444,0.489222,0.592220,0.565562,0.559923,0.608825,0.258707,0.443455,0.459606,0.353520,0.604606,0.533392,0.525742,0.548638,0.420689,0.615107,0.607561,0.378900,0.547717,0.577314,0.530762,0.536692,0.563302,0.365637,0.566840,0.417397,0.459859,0.598984,0.525077,0.321458,0.575034,0.434343,0.623650,0.487408,0.537968,0.534221,0.452930,0.588202,0.561885,0.624153,0.510767,0.496671,0.533360,0.623311,0.548539,0.598224,0.533797,0.605688,0.551591,0.614186,0.486776,0.598978
0.288895,0.241661,0.309746,0.297282,0.267084,0.263333,0.399585,0.382205,0.348682,0.409677,0.336122,0.000000,0.285059,0.058877,0.204190,0.456841,0.382311,0.357159,0.277263,0.434634,0.305242,0.286045,0.338745,0.267327,0.368279,0.466000,0.346892,0.231955,0.350798,0.410419,0.373175,0.241899,0.335939,0.355378,0.397846,0.424310,0.488031,0.441940,0.371853,0.343605,0.313248,0.320246,0.332770,0.426269,0.259363,0.329433,0.333379,0.284550,0.413630,0.315103,0.354876,0.467805,0.471745,0.295291,0.375053,0.208315,0.436697,0.481719,0.337453,0.432824,0.353139,0.353001,0.390130,0.374419,0.409753,0.330718,0.438048,0.499682,0.628573,0.385181,0.433239,0.559357,0.337551,0.483042,0.240134,0.347496,0.343225,0.554849,0.460371,0.362827,0.479992,0.456670,0.372606,0.390740,0.376774,0.500940,0.563556,0.590651,0.329837,0.352351,0.440550,0.389135,0.402407,0.549514,0.604302,0.583902,0.532485,0.415434,0.530319,0.330794,0.495287,0.557880,0.356994,0.374677,0.523207,0.495725,0.602991,0.450295,0.453159,0.499856,0.442018,0.613976,0.457183,0.409769,0.503278,0.571049,0.469111,0.436003,0.389826,0.441970,0.536323,0.467723,0.560058,0.534698,0.400578,0.333742,0.542586,0.561618,0.539912,0.422639,0.476756,0.509398,0.436175,0.382475,0.517501,0.479686,0.420406,0.412965,0.482959,0.581406,0.490181,0.532191,0.340760,0.525257,0.559083,0.433459,0.415043,0.284610,0.336805,0.531575,0.323906,0.281236,0.518845,0.440815,0.497260,0.429430,0.354175,0.418558,0.470568,0.498574,0.514701,0.530958,0.580960,0.411603,0.398441,0.461852,0.365911,0.547562,0.503708,0.520328,0.294590,0.494684,0.468635,0.513992,0.290499,0.321573,0.468383,0.383444,0.372244,0.455836,0.459220,0.502663,0.481539,0.559814,0.560610,0.394242,0.557608,0.450755,0.455954,0.260652,0.392014,0.318979,0.501763,0.539111,0.595044,0.389920,0.491794,0.625153,0.486858,0.425576,0.565709
0.296424,0.313540,0.316707,0.225492,0.311712,0.204837,0.475044,0.320145,0.292002,0.408833,0.305351,0.285059,0.000000,0.321155,0.318160,0.407907,0.297026,0.378100,0.201037,0.481509,0.368156,0.349720,0.386383,0.344435,0.374710,0.386209,0.398058,0.354614,0.357507,0.398595,0.396040,0.353983,0.435668,0.399405,0.378877,0.388396,0.514588,0.404733,0.395933,0.289070,0.369936,0.383173,0.368551,0.407815,0.108031,0.424241,0.430681,0.048606,0.396982,0.395385,0.370332,0.398058,0.507826,0.361255,0.419947,0.334562,0.375153,0.491559,0.455715,0.421419,0.298777,0.365425,0.385214,0.400509,0.434193,0.345749,0.398735,0.526010,0.620728,0.402675,0.420654,0.584051,0.430520,0.481383,0.357758,0.372829,0.344691,0.528475,0.507174,0.351852,0.405978,0.421417,0.386137,0.498313,0.380358,0.505702,0.518112,0.627835,0.388753,0.382346,0.501849,0.443666,0.428324,0.641778,0.580703,0.640258,0.499154,0.394043,0.454640,0.414471,0.558681,0.555130,0.427735,0.376249,0.451410,0.465222,0.571421,0.499326,0.311740,0.512642,0.566976,0.566854,0.433459,0.500317,0.526247,0.649509,0.469255,0.456387,0.418537,0.463105,0.564179,0.490059,0.509685,0.530400,0.472035,0.412114,0.469899,0.521541,0.557725,0.422219,0.496809,0.482956,0.483423,0.372387,0.483556,0.452867,0.457984,0.499227,0.407891,0.518288,0.523402,0.490258,0.311697,0.479436,0.504189,0.526542,0.288896,0.445199,0.392339,0.503606,0.371071,0.398829,0.598783,0.525260,0.536621,0.373954,0.386026,0.377731,0.402048,0.531949,0.552065,0.512988,0.521031,0.438582,0.569273,0.520289,0.424798,0.512979,0.554507,0.463684,0.461010,0.455214,0.465677,0.499360,0.367021,0.415932,0.527873,0.410903,0.372032,0.413520,0.387467,0.481405,0.488877,0.598754,0.567678,0.486138,0.522326,0.536257,0.546493,0.394314,0.480705,0.408975,0.575164,0.571935,0.529778,0.447255,0.472332,0.647698,0.498425,0.387121,0.560878
0.298671,0.233980,0.331979,0.343605,0.291051,0.302052,0.444452,0.385938,0.352192,0.429245,0.361017,0.058877,0.321155,0.000000,0.244798,0.497456,0.419983,0.368718,0.303149,0.430683,0.311245,0.294854,0.362544,0.243214,0.382605,0.512759,0.374829,0.216571,0.395862,0.436583,0.376668,0.261899,0.326278,0.322854,0.437319,0.461118,0.461121,0.474221,0.389665,0.396124,0.320472,0.330053,0.323223,0.454779,0.280319,0.342458,0.369778,0.317839,0.464796,0.326940,0.353859,0.520847,0.471685,0.293904,0.452150,0.190246,0.423097,0.481531,0.381706,0.461818,0.391485,0.352251,0.383562,0.413980,0.422395,0.333597,0.485138,0.527071,0.603740,0.441306,0.446393,0.598285,0.305541,0.505130,0.286754,0.353260,0.364236,0.565511,0.506947,0.380205,0.539973,0.480729,0.380080,0.395873,0.402553,0.498757,0.584532,0.581275,0.398126,0.415204,0.457853,0.434171,0.461741,0.607044,0.604018,0.609518,0.565789,0.410885,0.558825,0.389857,0.543338,0.570678,0.424902,0.416828,0.553515,0.517830,0.609601,0.446120,0.495450,0.502579,0.406425,0.645352,0.496559,0.467412,0.524942,0.608424,0.500820,0.411188,0.380517,0.464138,0.550290,0.541212,0.583282,0.545715,0.405980,0.380384,0.576679,0.601543,0.580211,0.456513,0.546422,0.544720,0.454685,0.375693,0.550496,0.498303,0.435160,0.431172,0.511254,0.604113,0.480038,0.534162,0.390852,0.549731,0.589817,0.453805,0.414075,0.226251,0.348898,0.567400,0.337868,0.253771,0.530650,0.426756,0.485345,0.470758,0.360302,0.480890,0.467796,0.526314,0.525562,0.548107,0.605637,0.391997,0.393536,0.469385,0.362618,0.564794,0.543871,0.560372,0.305150,0.539467,0.468782,0.538901,0.266927,0.343636,0.469957,0.457805,0.443735,0.525448,0.489982,0.526176,0.482083,0.603140,0.582541,0.419704,0.585729,0.428038,0.451549,0.276212,0.358913,0.365410,0.532284,0.550571,0.629819,0.425945,0.493033,0.639620,0.518350,0.476970,0.599669
0.311878,0.272813,0.335400,0.332100,0.365727,0.304762,0.358307,0.514723,0.433153,0.415331,0.474139,0.204190,0.318160,0.244798,0.000000,0.467717,0.480819,0.412448,0.338692,0.390881,0.435007,0.321778,0.386384,0.288634,0.409251,0.382214,0.403650,0.277222,0.473198,0.434326,0.424058,0.425685,0.421269,0.342713,0.357732,0.407590,0.540566,0.454876,0.451375,0.401835,0.396914,0.390868,0.463861,0.441865,0.292084,0.359027,0.404740,0.330220,0.444203,0.341739,0.408212,0.566244,0.428315,0.317638,0.353341,0.292605,0.482896,0.503448,0.427796,0.448518,0.434379,0.422214,0.431121,0.397208,0.501243,0.284790,0.441264,0.436923,0.621888,0.391085,0.419140,0.557936,0.364684,0.488034,0.284662,0.438741,0.457134,0.580184,0.533350,0.499764,0.399190,0.533678,0.494994,0.504347,0.496630,0.490254,0.580845,0.546942,0.320181,0.428301,0.465048,0.420622,0.464901,0.487055,0.623625,0.510744,0.569596,0.456884,0.619086,0.383759,0.529610,0.575592,0.410105,0.447783,0.619585,0.596389,0.580602,0.479744,0.397604,0.587753,0.427356,0.581998,0.463784,0.263193,0.556168,0.514981,0.484819,0.482420,0.415621,0.542490,0.510318,0.483988,0.646408,0.579981,0.395319,0.315528,0.600862,0.607874,0.566493,0.478087,0.532078,0.465421,0.536253,0.328751,0.618121,0.553962,0.516737,0.448970,0.512623,0.629555,0.523010,0.579965,0.422732,0.586642,0.638504,0.448787,0.415043,0.391599,0.372340,0.578421,0.383131,0.310635,0.546194,0.467409,0.443678,0.534445,0.402167,0.494043,0.548045,0.547916,0.592179,0.650817,0.658935,0.502523,0.351137,0.490104,0.440822,0.610851,0.529126,0.572668,0.331517,0.532213,0.516389,0.555824,0.340868,0.290826,0.492923,0.276238,0.498571,0.424723,0.535438,0.540831,0.549405,0.597012,0.587321,0.508636,0.623198,0.481345,0.482986,0.355130,0.411782,0.397551,0.465189,0.517405,0.662506,0.415298,0.468693,0.652208,0.542152,0.523437,0.634025
0.320657,0.384423,0.270112,0.400731,0.390848,0.401255,0.476201,0.403080,0.432095,0.281706,0.414904,0.456841,0.407907,0.497456,0.467717,0.000000,0.440482,0.396991,0.438010,0.460573,0.423646,0.449451,0.540329,0.462523,0.418871,0.444853,0.420384,0.487084,0.419340,0.253971,0.451156,0.514878,0.392846,0.439743,0.394100,0.400770,0.476282,0.291449,0.435093,0.460725,0.417654,0.521602,0.473963,0.449033,0.454702,0.468251,0.378815,0.462616,0.417531,0.524338,0.491499,0.374828,0.431868,0.462008,0.517762,0.578857,0.531359,0.575328,0.488072,0.522335,0.475376,0.508952,0.544971,0.386861,0.581829,0.496191,0.448714,0.467894,0.466740,0.482442,0.535279,0.514886,0.559192,0.621030,0.497811,0.345368,0.490705,0.510355,0.481487,0.544418,0.488323,0.415990,0.435194,0.548338,0.587068,0.504638,0.497625,0.511700,0.500611,0.510549,0.473887,0.609619,0.549604,0.483020,0.627950,0.500227,0.459377,0.540212,0.484823,0.621379,0.584903,0.527006,0.592192,0.527867,0.474977,0.473486,0.543866,0.491813,0.531122,0.508758,0.590838,0.538409,0.539841,0.578158,0.541733,0.470844,0.575172,0.636676,0.425665,0.487305,0.428984,0.478475,0.501987,0.501491,0.550304,0.555033,0.431485,0.502859,0.530002,0.557910,0.542703,0.522111,0.498902,0.617169,0.468224,0.452827,0.504733,0.590517,0.503896,0.513825,0.489993,0.463600,0.515397,0.467750,0.482950,0.659484,0.552340,0.589597,0.521636,0.469312,0.588543,0.528111,0.528750,0.588254,0.558182,0.566837,0.561641,0.488276,0.577653,0.494162,0.578967,0.492547,0.485789,0.560199,0.650688,0.518372,0.564004,0.449629,0.525393,0.410486,0.609470,0.462860,0.604697,0.509040,0.588743,0.616729,0.567872,0.540805,0.536280,0.512187,0.525244,0.528564,0.526303,0.628717,0.528808,0.529163,0.505509,0.642934,0.665050,0.579643,0.596026,0.519020,0.550314,0.576008,0.532405,0.649709,0.565376,0.630864,0.542589,0.467804,0.540495
0.321473,0.426309,0.346113,0.276074,0.282390,0.293532,0.524320,0.273799,0.399333,0.472369,0.225874,0.382311,0.297026,0.419983,0.480819,0.440482,0.000000,0.448235,0.335139,0.625705,0.364192,0.454168,0.333965,0.514607,0.460790,0.431825,0.481192,0.508085,0.287964,0.474699,0.386979,0.322855,0.527785,0.542417,0.509693,0.523108,0.551815,0.462722,0.487326,0.387228,0.499261,0.465866,0.486389,0.488024,0.407804,0.548675,0.537800,0.359592,0.519717,0.474456,0.447338,0.400341,0.586754,0.531433,0.527947,0.485728,0.361985,0.551184,0.418579,0.500358,0.186442,0.342358,0.487694,0.555301,0.427461,0.525766,0.485677,0.483122,0.674683,0.536006,0.528794,0.612084,0.509233,0.535600,0.512571,0.525024,0.413209,0.587865,0.526082,0.279086,0.566766,0.468328,0.501856,0.484013,0.323695,0.543374,0.573642,0.598637,0.538061,0.323068,0.508679,0.541896,0.344465,0.627512,0.531224,0.615048,0.557495,0.382293,0.514979,0.530153,0.583229,0.633025,0.545825,0.457317,0.507729,0.526233,0.577350,0.538007,0.478646,0.510603,0.631079,0.575109,0.559920,0.608191,0.419231,0.618304,0.606800,0.509339,0.596713,0.439923,0.575008,0.579136,0.532261,0.575403,0.533304,0.557490,0.463216,0.543754,0.610925,0.349738,0.346298,0.563135,0.475822,0.544979,0.462325,0.505494,0.410005,0.499115,0.407156,0.546380,0.514578,0.542449,0.394408,0.511092,0.492096,0.593024,0.472071,0.493843,0.477288,0.517389,0.394563,0.582456,0.577580,0.655181,0.641902,0.140011,0.473494,0.401213,0.277646,0.582793,0.556999,0.460861,0.485968,0.464147,0.635598,0.608635,0.436118,0.543635,0.589240,0.530097,0.600265,0.505729,0.404335,0.512155,0.459244,0.509228,0.558163,0.569511,0.214949,0.554976,0.407579,0.558467,0.492597,0.466435,0.655108,0.476257,0.533463,0.605166,0.604245,0.488758,0.535470,0.599060,0.634557,0.613888,0.553553,0.541353,0.567508,0.565800,0.563294,0.478333,0.592474
0.322280,0.330270,0.339350,0.347467,0.406347,0.329319,0.511939,0.386123,0.462810,0.419188,0.471306,0.357159,0.378100,0.368718,0.412448,0.396991,0.448235,0.000000,0.394752,0.418988,0.310368,0.289165,0.422052,0.456140,0.248079,0.503923,0.229491,0.492993,0.378817,0.479163,0.420049,0.406481,0.359377,0.365365,0.526934,0.275396,0.297567,0.532753,0.364220,0.442785,0.244342,0.481098,0.306185,0.507882,0.426370,0.548893,0.370469,0.407820,0.474008,0.507199,0.521777,0.277259,0.331084,0.453611,0.568278,0.481437,0.564475,0.428150,0.411810,0.639554,0.497353,0.385709,0.601802,0.487746,0.437846,0.436049,0.433780,0.555283,0.483121,0.438737,0.499585,0.426034,0.399020,0.597974,0.511613,0.419069,0.576940,0.326684,0.323707,0.567032,0.551370,0.229273,0.328019,0.463689,0.564425,0.284166,0.374875,0.596828,0.492693,0.387102,0.152233,0.620472,0.519806,0.605801,0.647855,0.603729,0.312353,0.552537,0.383463,0.650944,0.399945,0.475176,0.645948,0.485693,0.384494,0.356222,0.343196,0.242999,0.458121,0.384917,0.438167,0.444699,0.325635,0.602835,0.515836,0.610772,0.527001,0.653528,0.503892,0.228727,0.612042,0.630790,0.356241,0.361463,0.502114,0.550122,0.306359,0.371824,0.425138,0.577649,0.537844,0.307400,0.279106,0.663552,0.308524,0.238751,0.265961,0.652535,0.450112,0.390626,0.170985,0.394825,0.475801,0.273009,0.349109,0.633209,0.540498,0.465293,0.544670,0.261804,0.539115,0.465805,0.257430,0.557271,0.536924,0.540119,0.487770,0.369840,0.570595,0.306556,0.408385,0.353803,0.312804,0.584603,0.487917,0.325760,0.550491,0.327630,0.271542,0.399067,0.483935,0.274641,0.582058,0.226441,0.524634,0.633801,0.453149,0.620510,0.508804,0.577191,0.427916,0.432089,0.376577,0.498295,0.483818,0.453550,0.435848,0.558860,0.637265,0.563644,0.577976,0.461843,0.493047,0.589074,0.393638,0.660080,0.396684,0.486467,0.408552,0.449926,0.302805
0.324097,0.354576,0.334056,0.200642,0.336363,0.197753,0.512222,0.294020,0.356857,0.456284,0.361770,0.277263,0.201037,0.303149,0.338692,0.438010,0.335139,0.394752,0.000000,0.475147,0.394498,0.377462,0.370328,0.355360,0.281684,0.429354,0.312479,0.366385,0.366212,0.466988,0.447636,0.370849,0.418811,0.432736,0.421348,0.447194,0.514189,0.431024,0.391673,0.333090,0.303416,0.387468,0.355798,0.455300,0.234912,0.400375,0.407541,0.238096,0.432283,0.315841,0.397759,0.472120,0.473896,0.378453,0.425573,0.300628,0.417889,0.409988,0.477639,0.429738,0.364502,0.398140,0.411014,0.437385,0.432393,0.334613,0.341715,0.507819,0.592392,0.366169,0.390457,0.500175,0.379381,0.431567,0.386666,0.422039,0.413396,0.502323,0.536590,0.404280,0.434296,0.459762,0.408896,0.399375,0.439471,0.462334,0.548577,0.638831,0.413421,0.405791,0.468538,0.417797,0.448573,0.655140,0.621021,0.652962,0.543974,0.444297,0.419051,0.397056,0.460094,0.497832,0.411147,0.442690,0.419933,0.497853,0.566357,0.430257,0.376164,0.464805,0.485049,0.525795,0.375457,0.499825,0.469010,0.665583,0.384135,0.454574,0.467112,0.427611,0.569800,0.510240,0.479509,0.536563,0.435240,0.334952,0.479062,0.500780,0.475513,0.465473,0.467750,0.470620,0.451290,0.421368,0.513053,0.481066,0.425436,0.539398,0.446678,0.501297,0.470449,0.468796,0.354321,0.497978,0.525357,0.454508,0.239615,0.419702,0.436006,0.569612,0.354537,0.388960,0.619253,0.534491,0.553663,0.384948,0.440534,0.395570,0.430217,0.534706,0.498935,0.479102,0.555396,0.465774,0.525023,0.456398,0.472880,0.555301,0.493321,0.453546,0.344456,0.545676,0.497859,0.530178,0.357483,0.390247,0.450801,0.397522,0.394133,0.442800,0.433181,0.468031,0.452888,0.540956,0.497327,0.543715,0.535308,0.558517,0.477647,0.332055,0.375565,0.334026,0.556231,0.559218,0.522702,0.398683,0.483995,0.576633,0.470944,0.421776,0.527558
0.328905,0.388726,0.353899,0.434344,0.463289,0.357383,0.463163,0.589248,0.576841,0.427824,0.595167,0.434634,0.481509,0.430683,0.390881,0.460573,0.625705,0.418988,0.475147,0.000000,0.510256,0.365229,0.529809,0.311361,0.423662,0.443658,0.423428,0.382142,0.566334,0.448399,0.495402,0.517554,0.365460,0.334454,0.294902,0.437148,0.420607,0.408750,0.409266,0.631863,0.397050,0.483990,0.473758,0.441242,0.409713,0.385173,0.394505,0.502716,0.328521,0.481136,0.563757,0.553332,0.330482,0.351949,0.427169,0.468752,0.629227,0.498030,0.527024,0.445565,0.633089,0.496007,0.431779,0.260580,0.511926,0.490357,0.504152,0.465971,0.367209,0.463608,0.510029,0.544519,0.484165,0.570408,0.416225,0.475068,0.526923,0.568496,0.485424,0.669027,0.393687,0.542283,0.453236,0.548446,0.680428,0.471149,0.561610,0.382713,0.574465,0.531099,0.470789,0.515832,0.612839,0.336460,0.681766,0.340463,0.529445,0.606460,0.575953,0.505452,0.512994,0.612362,0.476105,0.542561,0.579736,0.623782,0.477702,0.500360,0.410690,0.580956,0.497297,0.598279,0.485076,0.498406,0.540543,0.366904,0.521386,0.548199,0.256042,0.608050,0.440428,0.409557,0.609223,0.542389,0.471271,0.517153,0.595997,0.581155,0.537393,0.666698,0.562577,0.466793,0.581056,0.518219,0.631656,0.535300,0.561659,0.623477,0.617286,0.594622,0.519614,0.606228,0.562597,0.504286,0.635201,0.525406,0.553352,0.511876,0.497290,0.593702,0.570422,0.387477,0.635429,0.462032,0.316129,0.675123,0.523334,0.568312,0.677770,0.523124,0.532785,0.634228,0.590720,0.634632,0.511138,0.486266,0.596268,0.562389,0.569962,0.581558,0.512775,0.557754,0.645609,0.510913,0.507899,0.578225,0.558157,0.461737,0.646806,0.415561,0.604789,0.549705,0.524052,0.632316,0.586254,0.602096,0.657152,0.587917,0.563597,0.526807,0.540108,0.492468,0.507010,0.506124,0.621998,0.561066,0.476801,0.665980,0.556112,0.535080,0.612329
0.330264,0.344505,0.258034,0.353007,0.255990,0.338663,0.494142,0.306630,0.393509,0.437085,0.340738,0.305242,0.368156,0.311245,0.435007,0.423646,0.364192,0.310368,0.394498,0.510256,0.000000,0.350449,0.351694,0.417685,0.351189,0.511426,0.363464,0.412837,0.351892,0.443310,0.319391,0.351550,0.359281,0.446749,0.528377,0.460405,0.429148,0.471332,0.480921,0.428458,0.377956,0.415041,0.432173,0.463452,0.412646,0.472040,0.384958,0.406832,0.555160,0.393309,0.411880,0.390166,0.506180,0.440943,0.545106,0.410417,0.396750,0.458638,0.275533,0.552035,0.369567,0.294549,0.521080,0.510459,0.410432,0.430595,0.497342,0.492099,0.543487,0.460158,0.481227,0.453381,0.386614,0.506507,0.444707,0.440018,0.461462,0.442541,0.435564,0.414535,0.558052,0.413384,0.405486,0.442290,0.448519,0.414459,0.496833,0.622164,0.491398,0.302322,0.335081,0.572698,0.426588,0.586238,0.548960,0.551211,0.457014,0.402710,0.566034,0.560647,0.493272,0.458695,0.591549,0.429002,0.568046,0.450089,0.518032,0.328122,0.473457,0.449798,0.437081,0.542238,0.473190,0.555754,0.462682,0.574104,0.502923,0.512775,0.500280,0.290047,0.548415,0.592783,0.510318,0.466232,0.386886,0.525027,0.440912,0.564355,0.501628,0.413257,0.502881,0.412079,0.191976,0.561867,0.428970,0.443935,0.218807,0.529993,0.463041,0.558692,0.343776,0.506116,0.516496,0.421527,0.496360,0.530509,0.519726,0.342880,0.432038,0.418823,0.421047,0.452878,0.357565,0.570949,0.543841,0.448819,0.460932,0.417354,0.426382,0.467220,0.482769,0.481880,0.460233,0.410411,0.486328,0.431543,0.386169,0.468067,0.394054,0.516427,0.480079,0.466047,0.489264,0.392499,0.432919,0.527980,0.445866,0.567221,0.411899,0.566803,0.451083,0.558439,0.317749,0.497202,0.483986,0.456227,0.540212,0.478329,0.519536,0.459408,0.439710,0.505767,0.527429,0.580156,0.582322,0.579299,0.428353,0.534854,0.551671,0.550075,0.440600
0.330417,0.329588,0.312491,0.346728,0.382155,0.341675,0.441434,0.414575,0.442027,0.453011,0.434215,0.286045,0.349720,0.294854,0.321778,0.449451,0.454168,0.289165,0.377462,0.365229,0.350449,0.000000,0.371622,0.294703,0.396568,0.482915,0.381870,0.296649,0.408310,0.482252,0.354880,0.356644,0.356146,0.242509,0.450093,0.438910,0.414559,0.497363,0.365092,0.444079,0.379555,0.381396,0.376695,0.399842,0.305913,0.419412,0.377702,0.360291,0.482243,0.390742,0.431660,0.480449,0.437149,0.311900,0.491294,0.381918,0.447385,0.491049,0.316886,0.555310,0.474968,0.278387,0.518544,0.350855,0.358062,0.453523,0.490725,0.507828,0.513563,0.438779,0.517769,0.561415,0.380950,0.540693,0.376760,0.433284,0.442260,0.533274,0.421734,0.456915,0.484084,0.421342,0.360001,0.471678,0.446530,0.427761,0.503031,0.509165,0.441301,0.308392,0.416738,0.565455,0.379865,0.492657,0.664802,0.504654,0.475956,0.440577,0.541985,0.523676,0.475543,0.561717,0.523460,0.398063,0.544209,0.491669,0.480232,0.411112,0.390077,0.468597,0.458253,0.515500,0.408983,0.447882,0.449733,0.517288,0.531449,0.490927,0.341569,0.423534,0.468215,0.581759,0.509600,0.504132,0.399430,0.489141,0.527568,0.547777,0.555593,0.482655,0.533486,0.410668,0.424175,0.481854,0.535963,0.445051,0.373569,0.540059,0.548747,0.566008,0.449798,0.557728,0.435969,0.444549,0.544376,0.565031,0.500679,0.364797,0.419854,0.515201,0.442950,0.348163,0.482743,0.483325,0.386433,0.498917,0.436763,0.484262,0.550051,0.461676,0.542753,0.541950,0.535814,0.451164,0.475703,0.450596,0.390412,0.467096,0.471900,0.492656,0.490247,0.524747,0.429162,0.462111,0.338693,0.464361,0.553272,0.490889,0.510550,0.546506,0.519614,0.527694,0.398239,0.520492,0.539751,0.549239,0.578870,0.455066,0.616508,0.447782,0.496616,0.492545,0.566918,0.499892,0.583728,0.589758,0.466473,0.591700,0.517406,0.548059,0.541185
