0.000000,0.235342,0.377733,0.405877,0.435230,0.437374,0.444244,0.446036,0.457146,0.458587,0.462964,0.463624,0.464518,0.467798,0.469485,0.472984,0.474600,0.475554,0.475620,0.475737,0.476241,0.480025,0.480293,0.481382,0.482346,0.486403,0.487277,0.488933,0.489268,0.491255,0.492422,0.493891,0.494313,0.495257,0.500219,0.500794,0.501683,0.502418,0.502942,0.503827,0.504444,0.505288,0.505678,0.507247,0.507881,0.508412,0.509828,0.509996,0.510248,0.510935,0.511669,0.512357,0.513844,0.514400,0.514804,0.515564,0.515685,0.516053,0.516077,0.516510,0.517191,0.517683,0.518016,0.518134,0.518573,0.518929,0.519233,0.519293,0.520443,0.520751,0.521523,0.523341,0.523358,0.526942,0.527817,0.528796,0.529081,0.529094,0.529511,0.529824,0.530242,0.530695,0.531054,0.531244,0.531528,0.531919,0.532179,0.533280,0.534225,0.536491,0.537494,0.537785,0.538915,0.540348,0.540395,0.541148,0.541293,0.541361,0.541666,0.542029,0.542660
0.235342,0.000000,0.272116,0.403738,0.388367,0.438695,0.410985,0.394554,0.512722,0.409745,0.434932,0.447051,0.550263,0.398615,0.395564,0.550514,0.492541,0.491530,0.432060,0.569215,0.547345,0.437718,0.474914,0.417046,0.523167,0.499575,0.575900,0.605849,0.547794,0.570959,0.464359,0.500259,0.488365,0.388493,0.428704,0.535527,0.434011,0.548375,0.514032,0.551866,0.515815,0.597567,0.517808,0.509403,0.584887,0.562183,0.513411,0.369554,0.505124,0.629060,0.564571,0.530922,0.593212,0.619594,0.595084,0.502635,0.524001,0.551992,0.569409,0.484880,0.561856,0.522297,0.394622,0.603222,0.356713,0.477975,0.517529,0.427466,0.481696,0.482321,0.623891,0.614371,0.483476,0.583477,0.641326,0.512424,0.601526,0.588371,0.589357,0.619735,0.501333,0.565475,0.580106,0.476472,0.561534,0.554748,0.458222,0.513048,0.518410,0.577864,0.651217,0.607420,0.636129,0.499394,0.569767,0.504020,0.456886,0.599201,0.533701,0.606188,0.541253
0.377733,0.272116,0.000000,0.532142,0.316039,0.526129,0.379650,0.564993,0.509054,0.481108,0.406912,0.478920,0.576758,0.458367,0.253392,0.593887,0.491781,0.587768,0.527298,0.564712,0.567090,0.561993,0.555909,0.333627,0.620614,0.534940,0.550834,0.619919,0.489484,0.558104,0.454691,0.556780,0.475673,0.519357,0.462374,0.608142,0.502881,0.510757,0.631582,0.659611,0.644945,0.650077,0.552088,0.480463,0.670549,0.666419,0.512477,0.557981,0.543326,0.698192,0.556834,0.554833,0.613808,0.613737,0.654735,0.505195,0.637042,0.537739,0.585673,0.497579,0.544014,0.603711,0.574764,0.607901,0.500093,0.572157,0.526021,0.455487,0.503015,0.545611,0.607337,0.648388,0.446081,0.700369,0.666739,0.578122,0.625006,0.574267,0.634760,0.588789,0.501521,0.587104,0.539307,0.447318,0.536429,0.701147,0.602601,0.626355,0.639862,0.583504,0.667669,0.616006,0.618053,0.479630,0.662542,0.500557,0.426663,0.708680,0.570129,0.539404,0.558029
0.405877,0.403738,0.532142,0.000000,0.403235,0.424646,0.306014,0.354342,0.434538,0.510772,0.359710,0.495104,0.351685,0.326753,0.541518,0.460380,0.509415,0.434580,0.261468,0.466033,0.609244,0.298443,0.518987,0.444940,0.343648,0.392919,0.531552,0.445150,0.479707,0.505364,0.409785,0.341432,0.597646,0.446775,0.530758,0.459318,0.559561,0.456105,0.380773,0.352662,0.493343,0.335883,0.614943,0.361492,0.421107,0.331073,0.478050,0.402621,0.397000,0.479189,0.418087,0.632549,0.462883,0.551876,0.379491,0.659271,0.359048,0.511108,0.434831,0.525151,0.345933,0.679414,0.470686,0.559988,0.382280,0.413614,0.465336,0.342733,0.350930,0.633354,0.434560,0.411512,0.611444,0.344701,0.525974,0.326303,0.512453,0.453726,0.372934,0.510725,0.545471,0.353639,0.673123,0.428814,0.611141,0.422063,0.576701,0.398341,0.413845,0.627109,0.610204,0.455187,0.487643,0.494150,0.399402,0.609391,0.618079,0.426601,0.445430,0.545856,0.400052
0.435230,0.388367,0.316039,0.403235,0.000000,0.392502,0.348284,0.515328,0.388402,0.410334,0.396846,0.441321,0.416588,0.353553,0.371707,0.413228,0.458374,0.531526,0.360593,0.334839,0.622049,0.437824,0.574875,0.210376,0.488545,0.473727,0.543781,0.459070,0.488367,0.354479,0.365775,0.395861,0.371131,0.511076,0.464928,0.423620,0.563391,0.455390,0.546761,0.538476,0.644594,0.497091,0.524112,0.358342,0.458001,0.478395,0.427341,0.496174,0.459789,0.521203,0.473444,0.613387,0.443648,0.460319,0.572095,0.570917,0.463798,0.416025,0.380036,0.440109,0.361378,0.628098,0.608065,0.578089,0.410981,0.523571,0.452473,0.364657,0.371555,0.608729,0.424275,0.403107,0.451422,0.525970,0.471681,0.329057,0.522504,0.423859,0.517426,0.401417,0.470026,0.375867,0.562899,0.352807,0.463410,0.618460,0.586507,0.474496,0.557580,0.532097,0.634057,0.495620,0.594496,0.436786,0.497554,0.386325,0.430991,0.597882,0.442321,0.373690,0.508996
0.437374,0.438695,0.526129,0.424646,0.392502,0.000000,0.471024,0.480101,0.459021,0.240259,0.541183,0.490366,0.437689,0.499961,0.544393,0.440949,0.593772,0.557078,0.460527,0.424331,0.592635,0.455879,0.514215,0.490496,0.450223,0.544042,0.562718,0.477333,0.610786,0.442374,0.518994,0.496068,0.507546,0.486558,0.555584,0.457704,0.642515,0.517135,0.509543,0.527821,0.570812,0.558044,0.710686,0.497805,0.473291,0.501344,0.512285,0.462244,0.516264,0.589332,0.497400,0.596324,0.449407,0.494820,0.560058,0.723836,0.525524,0.592291,0.449062,0.578733,0.524816,0.553077,0.575071,0.604553,0.441486,0.515625,0.583350,0.517518,0.479304,0.584146,0.543655,0.474328,0.556575,0.557821,0.520694,0.478671,0.519602,0.551259,0.511263,0.500037,0.647853,0.463369,0.737610,0.497555,0.577053,0.543887,0.565970,0.549229,0.524412,0.617277,0.694656,0.503230,0.608502,0.442474,0.513966,0.518963,0.528112,0.571504,0.542639,0.573171,0.540180
0.444244,0.410985,0.379650,0.306014,0.348284,0.471024,0.000000,0.556414,0.382483,0.538387,0.281347,0.523838,0.387044,0.276380,0.399935,0.532749,0.438358,0.527769,0.295642,0.478161,0.533831,0.471004,0.540506,0.341471,0.484031,0.471207,0.576480,0.552922,0.524545,0.510957,0.262644,0.450520,0.489189,0.583653,0.538803,0.554279,0.602472,0.480355,0.532103,0.512323,0.644897,0.495873,0.571225,0.404430,0.567032,0.485441,0.351224,0.561712,0.469132,0.565187,0.440170,0.584374,0.404650,0.571334,0.489020,0.582495,0.471934,0.496741,0.429540,0.461383,0.375251,0.708114,0.554919,0.506770,0.497807,0.538782,0.412901,0.182879,0.413791,0.567410,0.467257,0.498283,0.540095,0.532092,0.584570,0.383709,0.578300,0.454176,0.514320,0.506320,0.481934,0.386945,0.551737,0.376134,0.523686,0.626153,0.622264,0.505134,0.529571,0.532744,0.591058,0.458783,0.589237,0.445207,0.515958,0.510569,0.528543,0.596411,0.487951,0.478809,0.505086
0.446036,0.394554,0.564993,0.354342,0.515328,0.480101,0.556414,0.000000,0.526049,0.572734,0.505121,0.570367,0.435188,0.489826,0.627456,0.525354,0.550706,0.492121,0.386134,0.535737,0.616210,0.179305,0.535965,0.631025,0.384154,0.442398,0.556736,0.482695,0.460839,0.583199,0.611213,0.384668,0.641607,0.550634,0.550024,0.536509,0.552325,0.462569,0.392654,0.424459,0.462241,0.455517,0.666025,0.458252,0.456588,0.371832,0.639648,0.476920,0.438205,0.574749,0.531196,0.667342,0.612924,0.608127,0.459410,0.633380,0.383713,0.639369,0.528030,0.562183,0.444119,0.635655,0.530733,0.631301,0.410681,0.320143,0.629387,0.596882,0.430064,0.649741,0.554301,0.534278,0.724159,0.413306,0.598732,0.460067,0.568159,0.532846,0.469754,0.569111,0.602718,0.429068,0.704403,0.573244,0.694647,0.383605,0.538248,0.432502,0.377247,0.673908,0.663830,0.502404,0.529447,0.620017,0.427838,0.661349,0.705688,0.360442,0.505610,0.644887,0.485833
0.457146,0.512722,0.509054,0.434538,0.388402,0.459021,0.382483,0.526049,0.000000,0.564882,0.405617,0.587072,0.315835,0.470759,0.505546,0.264460,0.573861,0.606249,0.443578,0.289468,0.703388,0.481147,0.600606,0.411668,0.312304,0.429825,0.593494,0.359044,0.457483,0.306666,0.490875,0.416672,0.564251,0.731619,0.620339,0.282395,0.677579,0.410772,0.465794,0.419647,0.560196,0.393863,0.638457,0.355386,0.342473,0.462955,0.369388,0.695503,0.416966,0.436195,0.448894,0.738570,0.396326,0.314506,0.417158,0.686014,0.497156,0.481272,0.390965,0.598644,0.281608,0.794475,0.705449,0.544768,0.626730,0.563751,0.401696,0.463142,0.350341,0.746938,0.352848,0.330197,0.599217,0.404418,0.302498,0.407022,0.476194,0.405800,0.439181,0.297184,0.638123,0.275090,0.644028,0.454894,0.619830,0.600268,0.619643,0.543816,0.560595,0.683892,0.642316,0.402686,0.439598,0.483635,0.459572,0.575029,0.659236,0.539202,0.442590,0.488056,0.453271
0.458587,0.409745,0.481108,0.510772,0.410334,0.240259,0.538387,0.572734,0.564882,0.000000,0.620225,0.541179,0.556489,0.568932,0.604257,0.513486,0.661321,0.566478,0.523145,0.511314,0.613176,0.583302,0.523683,0.528377,0.569164,0.635519,0.586191,0.561353,0.620001,0.501338,0.609335,0.577121,0.570329,0.462717,0.467018,0.540055,0.653811,0.665907,0.588825,0.675263,0.602649,0.645964,0.769951,0.608998,0.571526,0.583671,0.578013,0.458917,0.652431,0.695409,0.685018,0.565533,0.631615,0.552405,0.645150,0.732098,0.586350,0.674017,0.579945,0.667588,0.615815,0.540578,0.568415,0.653087,0.483344,0.588533,0.634273,0.556270,0.608319,0.558795,0.598376,0.571872,0.593879,0.644266,0.612993,0.582688,0.585772,0.675465,0.614251,0.570608,0.680730,0.647887,0.800409,0.633763,0.613128,0.647962,0.624791,0.606860,0.546029,0.641399,0.729133,0.643369,0.661757,0.576456,0.621998,0.601017,0.466619,0.718573,0.678863,0.588626,0.640390
0.462964,0.434932,0.406912,0.359710,0.396846,0.541183,0.281347,0.505121,0.405617,0.620225,0.000000,0.564975,0.485962,0.454608,0.435228,0.529965,0.551460,0.559714,0.481154,0.495844,0.635174,0.398974,0.589997,0.403366,0.472073,0.470963,0.566404,0.584266,0.376611,0.524753,0.410518,0.514988,0.602484,0.620957,0.596164,0.550211,0.572914,0.407561,0.466342,0.472625,0.634466,0.471921,0.641551,0.272883,0.590106,0.549236,0.484093,0.622034,0.471858,0.590127,0.337824,0.653655,0.537020,0.548084,0.499470,0.576099,0.602626,0.472978,0.568386,0.577799,0.317009,0.745286,0.617747,0.569996,0.587106,0.549301,0.509937,0.369507,0.311020,0.684749,0.472062,0.511309,0.532819,0.547084,0.555028,0.454651,0.568609,0.336699,0.548949,0.510854,0.587056,0.322058,0.581721,0.375024,0.647962,0.626570,0.615354,0.617494,0.571945,0.592040,0.596203,0.331974,0.644424,0.555874,0.606656,0.634165,0.640143,0.529401,0.399922,0.529808,0.486620
0.463624,0.447051,0.478920,0.495104,0.441321,0.490366,0.523838,0.570367,0.587072,0.541179,0.564975,0.000000,0.557013,0.418287,0.528216,0.633104,0.470505,0.541052,0.455184,0.626737,0.508496,0.546783,0.621601,0.528972,0.576728,0.526031,0.549540,0.563027,0.576993,0.661977,0.499953,0.498581,0.447274,0.380918,0.609033,0.628714,0.536151,0.578976,0.599985,0.614923,0.620959,0.626291,0.546633,0.554531,0.570629,0.496550,0.595803,0.400428,0.522470,0.613134,0.592870,0.530554,0.632352,0.628068,0.643682,0.619765,0.474800,0.564296,0.500390,0.463976,0.598814,0.634896,0.553251,0.649874,0.538241,0.622352,0.606787,0.504910,0.544182,0.499998,0.611431,0.622342,0.547518,0.582364,0.654738,0.518825,0.626690,0.625389,0.564531,0.625182,0.522366,0.615439,0.589351,0.528626,0.400380,0.597836,0.690638,0.506446,0.611512,0.526843,0.628422,0.677589,0.635833,0.442871,0.526516,0.459504,0.485681,0.643385,0.572290,0.616066,0.571857
0.464518,0.550263,0.576758,0.351685,0.416588,0.437689,0.387044,0.435188,0.315835,0.556489,0.485962,0.557013,0.000000,0.465342,0.593660,0.287949,0.582140,0.533672,0.378302,0.239432,0.665879,0.407884,0.524802,0.460054,0.308885,0.435135,0.569151,0.295195,0.542202,0.300268,0.466212,0.344651,0.567696,0.647663,0.647335,0.317055,0.615021,0.488509,0.395273,0.273063,0.506659,0.347740,0.614022,0.397862,0.250065,0.335995,0.351642,0.578347,0.413114,0.430318,0.450310,0.711779,0.340401,0.392568,0.386391,0.667746,0.396838,0.495680,0.246444,0.566233,0.299618,0.767029,0.711161,0.520369,0.543870,0.506523,0.380617,0.413635,0.366687,0.668823,0.365754,0.252421,0.707331,0.362528,0.338315,0.392899,0.496325,0.356869,0.334311,0.234602,0.636066,0.320003,0.670798,0.509619,0.615333,0.435898,0.631538,0.448720,0.430595,0.650026,0.576127,0.448777,0.412296,0.533352,0.391983,0.546394,0.673743,0.424969,0.384736,0.466174,0.473802
0.467798,0.398615,0.458367,0.326753,0.353553,0.499961,0.276380,0.489826,0.470759,0.568932,0.454608,0.418287,0.465342,0.000000,0.471832,0.578106,0.266628,0.447236,0.107122,0.534800,0.564981,0.437402,0.540392,0.408998,0.508538,0.440911,0.575540,0.613365,0.539774,0.558820,0.295198,0.338254,0.397015,0.520494,0.531720,0.571648,0.525149,0.488469,0.506737,0.567084,0.540266,0.547016,0.390130,0.493893,0.593160,0.354473,0.495101,0.468844,0.431286,0.580245,0.546340,0.580013,0.520828,0.661706,0.582191,0.588135,0.288921,0.513667,0.445146,0.265814,0.480541,0.654623,0.577757,0.534745,0.458719,0.498863,0.526390,0.285633,0.469487,0.571043,0.586878,0.589681,0.572825,0.519524,0.660168,0.329604,0.619945,0.556816,0.510626,0.589625,0.296241,0.469274,0.569964,0.433366,0.433838,0.566618,0.685177,0.351199,0.483997,0.472607,0.585042,0.568482,0.625963,0.367975,0.300838,0.401752,0.433492,0.543794,0.511515,0.554071,0.458969
0.469485,0.395564,0.253392,0.541518,0.371707,0.544393,0.399935,0.627456,0.505546,0.604257,0.435228,0.528216,0.593660,0.471832,0.000000,0.618827,0.516306,0.610679,0.530770,0.599120,0.646700,0.564789,0.609197,0.385364,0.591457,0.494870,0.670603,0.607830,0.508579,0.592224,0.440732,0.556470,0.510792,0.622852,0.571762,0.622701,0.631793,0.395454,0.655360,0.679645,0.658566,0.615823,0.582066,0.437233,0.617785,0.632971,0.519333,0.625235,0.472442,0.641974,0.474652,0.663014,0.548512,0.615673,0.609716,0.645950,0.641318,0.576840,0.602367,0.507298,0.537929,0.676986,0.602856,0.618712,0.577067,0.640889,0.541806,0.433705,0.439326,0.649575,0.603439,0.635716,0.537103,0.640029,0.657188,0.527770,0.642311,0.607221,0.654624,0.607727,0.544818,0.484372,0.624490,0.390170,0.554819,0.752375,0.635837,0.625799,0.693426,0.626800,0.707871,0.595254,0.615869,0.391236,0.658305,0.523150,0.537091,0.705601,0.579001,0.557578,0.518271
0.472984,0.550514,0.593887,0.460380,0.413228,0.440949,0.532749,0.525354,0.264460,0.513486,0.529965,0.633104,0.287949,0.578106,0.618827,0.000000,0.670964,0.622889,0.517380,0.128241,0.751665,0.468894,0.564371,0.451384,0.304975,0.484187,0.631664,0.326173,0.554111,0.119562,0.584259,0.434784,0.623168,0.728379,0.655801,0.075940,0.671099,0.510507,0.454479,0.407380,0.531907,0.323699,0.672304,0.358823,0.250713,0.430506,0.422957,0.661568,0.443657,0.433173,0.477008,0.825637,0.433301,0.155374,0.372197,0.696443,0.492443,0.513541,0.394649,0.667690,0.300275,0.812614,0.792080,0.579141,0.626608,0.618030,0.426683,0.556425,0.344494,0.791681,0.378634,0.243198,0.654591,0.350104,0.161751,0.432086,0.482754,0.450623,0.459661,0.237541,0.703752,0.308609,0.748277,0.487011,0.686079,0.594407,0.598326,0.548413,0.564564,0.703240,0.654442,0.447959,0.411127,0.576188,0.448152,0.618139,0.697469,0.494906,0.466890,0.508662,0.454295
0.474600,0.492541,0.491781,0.509415,0.458374,0.593772,0.438358,0.550706,0.573861,0.661321,0.551460,0.470505,0.582140,0.266628,0.516306,0.670964,0.000000,0.548027,0.357089,0.644090,0.515532,0.550870,0.612817,0.568029,0.595514,0.446388,0.604588,0.638086,0.551491,0.656323,0.496195,0.418166,0.342208,0.610391,0.610589,0.681758,0.563064,0.517716,0.641976,0.660460,0.590610,0.645375,0.367853,0.582878,0.672319,0.396639,0.583361,0.614142,0.489834,0.618577,0.607640,0.544214,0.578161,0.706621,0.667836,0.571806,0.328153,0.575831,0.501405,0.082404,0.633208,0.720138,0.688342,0.631370,0.601823,0.539102,0.594685,0.503826,0.594130,0.588391,0.612026,0.676197,0.500948,0.633787,0.720320,0.514799,0.709617,0.601606,0.580681,0.661116,0.121227,0.642184,0.616187,0.520709,0.457028,0.636923,0.688125,0.418525,0.606660,0.504319,0.665239,0.636902,0.614243,0.421665,0.368594,0.422245,0.478212,0.662643,0.617585,0.570239,0.521616
0.475554,0.491530,0.587768,0.434580,0.531526,0.557078,0.527769,0.492121,0.606249,0.566478,0.559714,0.541052,0.533672,0.447236,0.610679,0.622889,0.548027,0.000000,0.455984,0.632085,0.548278,0.468877,0.519168,0.581356,0.559911,0.553852,0.600640,0.659977,0.615931,0.684501,0.500238,0.528288,0.548029,0.553008,0.548630,0.607371,0.458666,0.580797,0.363853,0.591076,0.341425,0.481843,0.588292,0.522503,0.635647,0.535113,0.619529,0.518337,0.550203,0.664450,0.621416,0.601450,0.621131,0.714031,0.513368,0.574221,0.499905,0.637727,0.571508,0.552889,0.544870,0.630666,0.568845,0.512180,0.568388,0.523301,0.644585,0.520332,0.503175,0.645557,0.719049,0.599367,0.712818,0.498987,0.702385,0.541993,0.633751,0.637962,0.525823,0.663605,0.558320,0.560277,0.654074,0.536245,0.588821,0.493567,0.647671,0.541398,0.331084,0.533795,0.487736,0.678576,0.552836,0.533589,0.545590,0.553169,0.543496,0.489440,0.594888,0.694242,0.589937
0.475620,0.432060,0.527298,0.261468,0.360593,0.460527,0.295642,0.386134,0.443578,0.523145,0.481154,0.455184,0.378302,0.107122,0.530770,0.517380,0.357089,0.455984,0.000000,0.482265,0.589134,0.319890,0.504258,0.447051,0.416315,0.401693,0.559522,0.514812,0.507322,0.526244,0.364535,0.190939,0.471849,0.499598,0.500852,0.520953,0.620830,0.468892,0.415272,0.474548,0.494695,0.449730,0.545764,0.470389,0.478094,0.194137,0.532622,0.425303,0.405985,0.525568,0.554291,0.646204,0.520102,0.598546,0.473880,0.686471,0.128159,0.555712,0.365153,0.363498,0.424542,0.633121,0.581563,0.564941,0.363012,0.421858,0.572430,0.325551,0.438362,0.644799,0.527275,0.517986,0.625393,0.407478,0.590037,0.287648,0.587562,0.562929,0.405628,0.536689,0.414634,0.418133,0.701037,0.475696,0.469371,0.468641,0.646921,0.177929,0.358203,0.519324,0.640165,0.550241,0.534691,0.375098,0.183068,0.484590,0.501208,0.463640,0.556123,0.552515,0.413735
0.475737,0.569215,0.564712,0.466033,0.334839,0.424331,0.478161,0.535737,0.289468,0.511314,0.495844,0.626737,0.239432,0.534800,0.599120,0.128241,0.644090,0.632085,0.482265,0.000000,0.734395,0.493474,0.556775,0.396129,0.361606,0.516557,0.560839,0.321553,0.559061,0.068490,0.501175,0.428903,0.568197,0.720084,0.651749,0.192887,0.702554,0.527464,0.476419,0.391487,0.589836,0.375910,0.628212,0.359561,0.252616,0.433961,0.367686,0.657406,0.498115,0.408256,0.473051,0.752508,0.354208,0.237106,0.437434,0.704320,0.496053,0.441114,0.345366,0.648887,0.316217,0.782401,0.761912,0.535446,0.593021,0.620158,0.385605,0.492000,0.348620,0.742011,0.370046,0.191897,0.649503,0.396133,0.196230,0.362340,0.489492,0.383712,0.475916,0.213795,0.682547,0.321987,0.696109,0.474027,0.625893,0.587403,0.640728,0.547403,0.575428,0.684480,0.586648,0.438060,0.507081,0.591852,0.431040,0.570282,0.648426,0.509152,0.410881,0.414531,0.504604
0.476241,0.547345,0.567090,0.609244,0.622049,0.592635,0.533831,0.616210,0.703388,0.613176,0.635174,0.508496,0.665879,0.564981,0.646700,0.751665,0.515532,0.548278,0.589134,0.734395,0.000000,0.614660,0.514292,0.698656,0.708767,0.702770,0.521904,0.674473,0.688212,0.744510,0.561742,0.618227,0.494498,0.627159,0.587039,0.798747,0.641576,0.668068,0.646694,0.699099,0.577900,0.749551,0.623088,0.712283,0.761694,0.629738,0.651940,0.662140,0.710692,0.734907,0.700201,0.358352,0.637554,0.755922,0.765863,0.621352,0.608781,0.692626,0.603135,0.551486,0.770011,0.484785,0.663526,0.615256,0.698779,0.576363,0.676987,0.619834,0.720736,0.292503,0.739172,0.776540,0.689839,0.783956,0.771988,0.697703,0.724379,0.758293,0.702218,0.760981,0.563868,0.785078,0.630416,0.689079,0.448257,0.631673,0.719127,0.639134,0.470488,0.344333,0.601972,0.716426,0.695403,0.576932,0.645157,0.533145,0.539454,0.681230,0.774285,0.697312,0.717827
0.480025,0.437718,0.561993,0.298443,0.437824,0.455879,0.471004,0.179305,0.481147,0.583302,0.398974,0.546783,0.407884,0.437402,0.564789,0.468894,0.550870,0.468877,0.319890,0.493474,0.614660,0.000000,0.522116,0.545504,0.319318,0.383664,0.541094,0.477751,0.398161,0.540232,0.541202,0.311912,0.634546,0.564018,0.558056,0.486324,0.556066,0.392771,0.379988,0.367946,0.474174,0.381733,0.649437,0.367695,0.451201,0.305907,0.642421,0.485234,0.365937,0.531079,0.473864,0.681879,0.587671,0.555919,0.427165,0.608091,0.334779,0.572612,0.478742,0.549977,0.349384,0.670004,0.605441,0.615629,0.371795,0.252600,0.620072,0.545154,0.337690,0.650822,0.546218,0.492015,0.672136,0.389044,0.553395,0.407932,0.537708,0.492223,0.400643,0.511450,0.593299,0.330189,0.682497,0.525949,0.648741,0.377319,0.577605,0.366358,0.343061,0.617335,0.650417,0.479991,0.502719,0.553218,0.383017,0.639669,0.668834,0.320684,0.506469,0.655140,0.393036
0.480293,0.474914,0.555909,0.518987,0.574875,0.514215,0.540506,0.535965,0.600606,0.523683,0.589997,0.621601,0.524802,0.540392,0.609197,0.564371,0.612817,0.519168,0.504258,0.556775,0.514292,0.522116,0.000000,0.637697,0.518716,0.649847,0.607791,0.576302,0.595402,0.593598,0.588137,0.560637,0.624301,0.624138,0.486947,0.619044,0.665427,0.634955,0.508073,0.649300,0.489572,0.610129,0.709610,0.602609,0.571286,0.532282,0.609957,0.588122,0.647527,0.722737,0.611899,0.563708,0.638052,0.661957,0.616192,0.728324,0.506872,0.667677,0.604778,0.598590,0.559264,0.485874,0.619067,0.595638,0.577904,0.556069,0.621063,0.588340,0.586240,0.570616,0.650434,0.621633,0.674197,0.637396,0.660605,0.608889,0.656955,0.686060,0.653882,0.631940,0.654883,0.601210,0.773887,0.635344,0.627315,0.636024,0.672258,0.646648,0.468198,0.574780,0.673520,0.651282,0.587486,0.606327,0.536985,0.630080,0.602681,0.588609,0.661581,0.720213,0.637942
0.481382,0.417046,0.333627,0.444940,0.210376,0.490496,0.341471,0.631025,0.411668,0.528377,0.403366,0.528972,0.460054,0.408998,0.385364,0.451384,0.568029,0.581356,0.447051,0.396129,0.698656,0.545504,0.637697,0.000000,0.511917,0.501636,0.604079,0.532079,0.513886,0.385203,0.332968,0.479586,0.454219,0.585032,0.593403,0.457774,0.565095,0.487535,0.579440,0.586593,0.692953,0.535692,0.487739,0.392255,0.531438,0.596621,0.376302,0.591986,0.497420,0.544260,0.468961,0.680684,0.451471,0.476482,0.591610,0.548937,0.585807,0.455286,0.441149,0.542987,0.406366,0.715022,0.616025,0.507860,0.553108,0.554681,0.373684,0.340149,0.401836,0.677191,0.508664,0.460382,0.530971,0.566129,0.487861,0.410042,0.593666,0.471070,0.572334,0.453836,0.569406,0.420853,0.502105,0.345908,0.509324,0.695690,0.602492,0.549790,0.625899,0.574804,0.629009,0.543421,0.648727,0.499862,0.598277,0.445286,0.506853,0.652246,0.491196,0.467510,0.519863
0.482346,0.523167,0.620614,0.343648,0.488545,0.450223,0.484031,0.384154,0.312304,0.569164,0.472073,0.576728,0.308885,0.508538,0.591457,0.304975,0.595514,0.559911,0.416315,0.361606,0.708767,0.319318,0.518716,0.511917,0.000000,0.348787,0.601722,0.325755,0.400807,0.385889,0.553225,0.357351,0.620620,0.693550,0.599680,0.316140,0.579020,0.360062,0.358650,0.385338,0.451097,0.333395,0.676272,0.384102,0.256833,0.336972,0.430102,0.597795,0.296690,0.452104,0.450099,0.728824,0.441922,0.400055,0.388401,0.654407,0.386115,0.561745,0.422075,0.565128,0.283922,0.772736,0.719860,0.589360,0.562410,0.434675,0.415782,0.496399,0.321922,0.725014,0.372651,0.306417,0.649113,0.330896,0.374239,0.416896,0.461672,0.443320,0.392051,0.389306,0.674214,0.267511,0.745609,0.500307,0.671894,0.508517,0.551658,0.457820,0.448288,0.738105,0.661889,0.443894,0.366435,0.518611,0.394632,0.566173,0.760656,0.431095,0.429363,0.600674,0.361220
0.486403,0.499575,0.534940,0.392919,0.473727,0.544042,0.471207,0.442398,0.429825,0.635519,0.470963,0.526031,0.435135,0.440911,0.494870,0.484187,0.446388,0.553852,0.401693,0.516557,0.702770,0.383664,0.649847,0.501636,0.348787,0.000000,0.618151,0.446258,0.363225,0.569213,0.543075,0.344682,0.566123,0.615393,0.666414,0.463283,0.573890,0.303769,0.501138,0.487451,0.594463,0.408305,0.589594,0.406052,0.430101,0.364749,0.558802,0.605092,0.106501,0.525122,0.497583,0.690458,0.574137,0.549480,0.387336,0.584451,0.376039,0.634449,0.509849,0.516007,0.380311,0.777284,0.716574,0.639788,0.614120,0.487042,0.565251,0.502970,0.393653,0.743907,0.476462,0.504298,0.623076,0.406908,0.546456,0.482279,0.594398,0.525862,0.385186,0.548841,0.563636,0.381611,0.650097,0.407551,0.618479,0.522951,0.597706,0.442756,0.545420,0.642155,0.634081,0.543929,0.384595,0.462693,0.439049,0.641745,0.687156,0.501224,0.522970,0.608259,0.160278
0.487277,0.575900,0.550834,0.531552,0.543781,0.562718,0.576480,0.556736,0.593494,0.586191,0.566404,0.549540,0.569151,0.575540,0.670603,0.631664,0.604588,0.600640,0.559522,0.560839,0.521904,0.541094,0.607791,0.604079,0.601722,0.618151,0.000000,0.579945,0.532671,0.642408,0.644444,0.527138,0.601482,0.610419,0.570437,0.647470,0.615256,0.612912,0.608017,0.560050,0.664949,0.564110,0.692042,0.591098,0.645794,0.554724,0.677413,0.619727,0.610232,0.691463,0.608497,0.489966,0.646359,0.631084,0.578737,0.645054,0.555216,0.617785,0.640920,0.602341,0.582945,0.576749,0.627248,0.647079,0.631315,0.596769,0.695140,0.651939,0.605118,0.514462,0.621355,0.653755,0.650205,0.585979,0.665379,0.641971,0.575107,0.634857,0.564958,0.646180,0.660856,0.615935,0.710614,0.671290,0.646568,0.559770,0.633032,0.593429,0.586229,0.566533,0.534909,0.614906,0.707670,0.629898,0.583768,0.614720,0.645945,0.616481,0.617503,0.655007,0.642289
0.488933,0.605849,0.619919,0.445150,0.459070,0.477333,0.552922,0.482695,0.359044,0.561353,0.584266,0.563027,0.295195,0.613365,0.607830,0.326173,0.638086,0.659977,0.514812,0.321553,0.674473,0.477751,0.576302,0.532079,0.325755,0.446258,0.579945,0.000000,0.509914,0.354223,0.603492,0.394252,0.612560,0.706068,0.676356,0.351559,0.724643,0.502249,0.493662,0.444163,0.577981,0.469690,0.719386,0.466532,0.102434,0.394887,0.441173,0.691101,0.447341,0.332721,0.497286,0.729502,0.392190,0.361793,0.437199,0.768534,0.462062,0.601351,0.408034,0.668621,0.413395,0.751101,0.818324,0.565350,0.657811,0.583270,0.428588,0.601182,0.455956,0.686016,0.350841,0.314111,0.704522,0.382450,0.343089,0.479912,0.397772,0.506295,0.500877,0.391495,0.706626,0.405343,0.779027,0.596807,0.608658,0.581927,0.547379,0.537458,0.590305,0.692895,0.649437,0.472304,0.456498,0.593090,0.452704,0.656598,0.714294,0.550412,0.533089,0.574318,0.483641
0.489268,0.547794,0.489484,0.479707,0.488367,0.610786,0.524545,0.460839,0.457483,0.620001,0.376611,0.576993,0.542202,0.539774,0.508579,0.554111,0.551491,0.615931,0.507322,0.559061,0.688212,0.398161,0.595402,0.513886,0.400807,0.363225,0.532671,0.509914,0.000000,0.619550,0.625257,0.444993,0.658755,0.649841,0.653262,0.556093,0.533744,0.162561,0.522137,0.552181,0.603633,0.449131,0.695168,0.459051,0.546626,0.458667,0.600230,0.651814,0.406477,0.601766,0.526251,0.650346,0.629807,0.569879,0.474223,0.578230,0.492630,0.621228,0.643681,0.584998,0.335023,0.750119,0.728394,0.618162,0.658092,0.546857,0.574996,0.564103,0.455017,0.703738,0.447333,0.553932,0.573613,0.501273,0.590288,0.603503,0.564481,0.495233,0.497327,0.596219,0.626038,0.386397,0.654140,0.484820,0.660001,0.621019,0.638195,0.532623,0.609387,0.692432,0.602293,0.525831,0.489524,0.595291,0.548412,0.700747,0.691065,0.564213,0.523467,0.674454,0.421038
0.491255,0.570959,0.558104,0.505364,0.354479,0.442374,0.510957,0.583199,0.306666,0.501338,0.524753,0.661977,0.300268,0.558820,0.592224,0.119562,0.656323,0.684501,0.526244,0.068490,0.744510,0.540232,0.593598,0.385203,0.385889,0.569213,0.642408,0.354223,0.619550,0.000000,0.532234,0.495412,0.593954,0.734810,0.677035,0.210990,0.758118,0.583697,0.514698,0.469585,0.604607,0.460899,0.642411,0.401100,0.289623,0.483891,0.353584,0.679722,0.548867,0.444860,0.514606,0.749835,0.368701,0.234217,0.522006,0.718458,0.549890,0.462112,0.403035,0.665513,0.352054,0.794611,0.754320,0.583232,0.617758,0.633145,0.367769,0.507868,0.389412,0.735788,0.385544,0.236008,0.655760,0.471441,0.203144,0.404302,0.518744,0.419503,0.553426,0.241650,0.687439,0.359628,0.718175,0.471369,0.653056,0.673472,0.643274,0.598155,0.606847,0.697035,0.688184,0.465421,0.549235,0.624763,0.492524,0.602559,0.651006,0.571321,0.457873,0.465007,0.539753
0.492422,0.464359,0.454691,0.409785,0.365775,0.518994,0.262644,0.611213,0.490875,0.609335,0.410518,0.499953,0.466212,0.295198,0.440732,0.584259,0.496195,0.500238,0.364535,0.501175,0.561742,0.541202,0.588137,0.332968,0.553225,0.543075,0.644444,0.603492,0.625257,0.532234,0.000000,0.507074,0.486271,0.589954,0.588276,0.606070,0.555434,0.561790,0.538261,0.561921,0.619986,0.554135,0.439175,0.423727,0.630447,0.588221,0.485544,0.563159,0.543908,0.579201,0.465730,0.629345,0.472458,0.575616,0.598462,0.522263,0.554283,0.477612,0.514818,0.497474,0.455601,0.712791,0.569916,0.329296,0.530745,0.595807,0.502067,0.301371,0.427340,0.631559,0.593086,0.542285,0.628348,0.584720,0.568211,0.399009,0.652850,0.505065,0.580933,0.545306,0.528562,0.446684,0.474853,0.422287,0.503441,0.631861,0.707349,0.544188,0.542416,0.478103,0.539740,0.539472,0.680544,0.503498,0.573664,0.479561,0.548611,0.576730,0.509951,0.517310,0.577209
0.493891,0.500259,0.556780,0.341432,0.395861,0.496068,0.450520,0.384668,0.416672,0.577121,0.514988,0.498581,0.344651,0.338254,0.556470,0.434784,0.418166,0.528288,0.190939,0.428903,0.618227,0.311912,0.560637,0.479586,0.357351,0.344682,0.527138,0.394252,0.444993,0.495412,0.507074,0.000000,0.543675,0.614055,0.559706,0.432629,0.611794,0.404325,0.435178,0.419413,0.509251,0.340709,0.584656,0.429818,0.380420,0.167405,0.558583,0.551229,0.329323,0.448330,0.542204,0.724970,0.477350,0.528512,0.384167,0.671061,0.155885,0.563227,0.342370,0.411506,0.399438,0.705153,0.711217,0.570714,0.459441,0.414104,0.553772,0.485573,0.394325,0.704630,0.437258,0.438831,0.625183,0.301115,0.522713,0.328297,0.513697,0.528880,0.341137,0.471282,0.491565,0.382624,0.726206,0.512623,0.532909,0.438136,0.633326,0.174697,0.412242,0.596764,0.630550,0.530653,0.406853,0.395795,0.196378,0.542162,0.578899,0.444309,0.538259,0.562774,0.369217
0.494313,0.488365,0.475673,0.597646,0.371131,0.507546,0.489189,0.641607,0.564251,0.570329,0.602484,0.447274,0.567696,0.397015,0.510792,0.623168,0.342208,0.548029,0.471849,0.568197,0.494498,0.634546,0.624301,0.454219,0.620620,0.566123,0.601482,0.612560,0.658755,0.593954,0.486271,0.543675,0.000000,0.605060,0.578996,0.631677,0.534370,0.637180,0.618447,0.680681,0.597379,0.699599,0.504435,0.587360,0.634092,0.596079,0.559197,0.621163,0.617956,0.652481,0.675483,0.491860,0.595009,0.642808,0.739221,0.597436,0.552038,0.538220,0.382486,0.384356,0.632377,0.617664,0.692327,0.620256,0.602383,0.594057,0.583156,0.500218,0.600925,0.532935,0.638943,0.614576,0.506764,0.720671,0.669771,0.486933,0.655638,0.575140,0.635809,0.586472,0.365793,0.645563,0.604228,0.521373,0.231912,0.706151,0.606141,0.572932,0.597763,0.481656,0.660390,0.668359,0.676506,0.405718,0.553072,0.104036,0.389280,0.687751,0.581227,0.470604,0.643934
0.495257,0.388493,0.519357,0.446775,0.511076,0.486558,0.583653,0.550634,0.731619,0.462717,0.620957,0.380918,0.647663,0.520494,0.622852,0.728379,0.610391,0.553008,0.499598,0.720084,0.627159,0.564018,0.624138,0.585032,0.693550,0.615393,0.610419,0.706068,0.649841,0.734810,0.589954,0.614055,0.605060,0.000000,0.596805,0.766337,0.608920,0.687887,0.612501,0.654404,0.646406,0.651678,0.674152,0.674896,0.723775,0.611669,0.769805,0.098479,0.637934,0.729626,0.677405,0.510749,0.806581,0.770286,0.695963,0.659777,0.579389,0.656288,0.693156,0.616019,0.709129,0.611483,0.405375,0.740703,0.410455,0.601863,0.794482,0.586256,0.684087,0.514287,0.767706,0.739814,0.572848,0.633075,0.784552,0.596045,0.717428,0.689612,0.662751,0.781509,0.637739,0.755126,0.708399,0.612391,0.615921,0.592209,0.679764,0.571686,0.618906,0.574491,0.720389,0.744435,0.738269,0.636295,0.651822,0.622913,0.523062,0.665751,0.633203,0.732812,0.633590
0.500219,0.428704,0.462374,0.530758,0.464928,0.555584,0.538803,0.550024,0.620339,0.467018,0.596164,0.609033,0.647335,0.531720,0.571762,0.655801,0.610589,0.548630,0.500852,0.651749,0.587039,0.558056,0.486947,0.593403,0.599680,0.666414,0.570437,0.676356,0.653262,0.677035,0.588276,0.559706,0.578996,0.596805,0.000000,0.653608,0.642621,0.696492,0.544607,0.707185,0.585615,0.629322,0.738436,0.624378,0.689633,0.591614,0.641766,0.573392,0.668758,0.719078,0.675401,0.598407,0.727366,0.692491,0.641522,0.691288,0.576137,0.654646,0.584796,0.588391,0.645337,0.494061,0.552732,0.683734,0.472780,0.509322,0.639213,0.564967,0.623920,0.619723,0.685314,0.716177,0.596901,0.644719,0.715289,0.555050,0.630477,0.710212,0.645978,0.680694,0.586033,0.676603,0.738458,0.616515,0.627290,0.669122,0.662410,0.640067,0.495319,0.628564,0.720744,0.615421,0.642396,0.525969,0.606655,0.601173,0.495768,0.675022,0.707658,0.653833,0.674455
0.500794,0.535527,0.608142,0.459318,0.423620,0.457704,0.554279,0.536509,0.282395,0.540055,0.550211,0.628714,0.317055,0.571648,0.622701,0.075940,0.681758,0.607371,0.520953,0.192887,0.798747,0.486324,0.619044,0.457774,0.316140,0.463283,0.647470,0.351559,0.556093,0.210990,0.606070,0.432629,0.631677,0.766337,0.653608,0.000000,0.660115,0.498770,0.469254,0.408770,0.551861,0.337805,0.707790,0.373294,0.250052,0.439792,0.419995,0.683036,0.432776,0.431525,0.510466,0.875113,0.459213,0.157445,0.362175,0.738899,0.486775,0.499504,0.389145,0.679149,0.321126,0.837330,0.793034,0.568391,0.620123,0.618442,0.424826,0.549703,0.342968,0.837561,0.382080,0.267120,0.637872,0.325288,0.195678,0.416738,0.493334,0.509616,0.421261,0.269700,0.705714,0.325143,0.774405,0.477720,0.695004,0.573468,0.586691,0.545652,0.583615,0.750721,0.671779,0.467938,0.398894,0.571793,0.445731,0.624525,0.694356,0.523848,0.485083,0.515193,0.462171
0.501683,0.434011,0.502881,0.559561,0.563391,0.642515,0.602472,0.552325,0.677579,0.653811,0.572914,0.536151,0.615021,0.525149,0.631793,0.671099,0.563064,0.458666,0.620830,0.702554,0.641576,0.556066,0.665427,0.565095,0.579020,0.573890,0.615256,0.724643,0.533744,0.758118,0.555434,0.611794,0.534370,0.608920,0.642621,0.660115,0.000000,0.561901,0.601723,0.598425,0.541323,0.503073,0.523322,0.591460,0.732981,0.673518,0.689686,0.587070,0.556155,0.739566,0.649948,0.601896,0.756886,0.724247,0.540535,0.273200,0.641651,0.626462,0.658783,0.521255,0.612452,0.720807,0.620117,0.596987,0.658230,0.585148,0.636017,0.575208,0.569155,0.579950,0.736077,0.690672,0.571007,0.562138,0.745018,0.695630,0.676754,0.591891,0.532463,0.697575,0.559981,0.653017,0.501096,0.578930,0.614204,0.526092,0.656183,0.606323,0.584257,0.613825,0.564760,0.737437,0.569722,0.605232,0.663300,0.510118,0.604012,0.611703,0.533813,0.738885,0.595425
0.502418,0.548375,0.510757,0.456105,0.455390,0.517135,0.480355,0.462569,0.410772,0.665907,0.407561,0.578976,0.488509,0.488469,0.395454,0.510507,0.517716,0.580797,0.468892,0.527464,0.668068,0.392771,0.634955,0.487535,0.360062,0.303769,0.612912,0.502249,0.162561,0.583697,0.561790,0.404325,0.637180,0.687887,0.696492,0.498770,0.561901,0.000000,0.519115,0.536932,0.600918,0.399012,0.632013,0.394924,0.479472,0.461967,0.570782,0.660204,0.277835,0.573361,0.442291,0.736039,0.493974,0.547016,0.424178,0.581955,0.480619,0.605767,0.562386,0.525664,0.343808,0.784646,0.710155,0.619130,0.625183,0.519920,0.545974,0.489858,0.364588,0.728402,0.442094,0.522494,0.583526,0.435026,0.557954,0.503407,0.576871,0.496516,0.453961,0.563102,0.601491,0.274364,0.599422,0.372055,0.651505,0.591195,0.628992,0.501053,0.572938,0.683340,0.612553,0.485031,0.445880,0.441341,0.526978,0.635395,0.715353,0.518973,0.495942,0.639693,0.339758
0.502942,0.514032,0.631582,0.380773,0.546761,0.509543,0.532103,0.392654,0.465794,0.588825,0.466342,0.599985,0.395273,0.506737,0.655360,0.454479,0.641976,0.363853,0.415272,0.476419,0.646694,0.379988,0.508073,0.579440,0.358650,0.501138,0.608017,0.493662,0.522137,0.514698,0.538261,0.435178,0.618447,0.612501,0.544607,0.469254,0.601723,0.519115,0.000000,0.469505,0.412199,0.424782,0.665285,0.444627,0.448812,0.411816,0.566526,0.527972,0.477838,0.561507,0.454676,0.660311,0.578551,0.550468,0.448660,0.689994,0.450702,0.554948,0.485468,0.637833,0.379289,0.646940,0.615197,0.589857,0.523505,0.507605,0.535359,0.528203,0.406012,0.699744,0.555678,0.460434,0.763280,0.426316,0.507503,0.454498,0.543352,0.509515,0.517509,0.504064,0.642313,0.408169,0.714063,0.538183,0.667566,0.539852,0.601316,0.506698,0.275396,0.672180,0.643044,0.496314,0.520974,0.640996,0.464595,0.609294,0.718395,0.316251,0.497314,0.596245,0.494784
0.503827,0.551866,0.659611,0.352662,0.538476,0.527821,0.512323,0.424459,0.419647,0.675263,0.472625,0.614923,0.273063,0.567084,0.679645,0.407380,0.660460,0.591076,0.474548,0.391487,0.699099,0.367946,0.649300,0.586593,0.385338,0.487451,0.560050,0.444163,0.552181,0.469585,0.561921,0.419413,0.680681,0.654404,0.707185,0.408770,0.598425,0.536932,0.469505,0.000000,0.540494,0.348349,0.677958,0.403528,0.397712,0.430787,0.581989,0.568813,0.485524,0.467718,0.432470,0.756331,0.496281,0.464451,0.378405,0.655597,0.478074,0.528474,0.395919,0.652572,0.352598,0.788704,0.661633,0.573973,0.522155,0.525370,0.549582,0.596931,0.379531,0.734121,0.470167,0.382213,0.719337,0.367980,0.410613,0.497767,0.575033,0.399812,0.248081,0.343293,0.687720,0.365190,0.712844,0.541582,0.682557,0.281568,0.645732,0.468186,0.497874,0.678836,0.581958,0.464620,0.500978,0.624880,0.457467,0.672334,0.765386,0.438720,0.417660,0.566011,0.538387
0.504444,0.515815,0.644945,0.493343,0.644594,0.570812,0.644897,0.462241,0.560196,0.602649,0.634466,0.620959,0.506659,0.540266,0.658566,0.531907,0.590610,0.341425,0.494695,0.589836,0.577900,0.474174,0.489572,0.692953,0.451097,0.594463,0.664949,0.577981,0.603633,0.604607,0.619986,0.509251,0.597379,0.646406,0.585615,0.551861,0.541323,0.600918,0.412199,0.540494,0.000000,0.480935,0.658228,0.592726,0.561728,0.480427,0.659328,0.577164,0.583770,0.645279,0.641486,0.655257,0.621152,0.622033,0.550486,0.661419,0.484383,0.671420,0.564165,0.580302,0.571143,0.641454,0.683059,0.573526,0.584973,0.523491,0.660314,0.681397,0.547485,0.683641,0.633464,0.568771,0.717560,0.521760,0.607333,0.571224,0.659889,0.655863,0.497106,0.587413,0.605281,0.613238,0.754534,0.596294,0.635212,0.486889,0.651069,0.532045,0.352737,0.572161,0.603982,0.706580,0.504970,0.577360,0.492715,0.599593,0.676086,0.506130,0.586879,0.695132,0.613233
0.505288,0.597567,0.650077,0.335883,0.497091,0.558044,0.495873,0.455517,0.393863,0.645964,0.471921,0.626291,0.347740,0.547016,0.615823,0.323699,0.645375,0.481843,0.449730,0.375910,0.749551,0.381733,0.610129,0.535692,0.333395,0.408305,0.564110,0.469690,0.449131,0.460899,0.554135,0.340709,0.699599,0.651678,0.629322,0.337805,0.503073,0.399012,0.424782,0.348349,0.480935,0.000000,0.666299,0.328019,0.404723,0.382553,0.583297,0.599869,0.393640,0.458286,0.470365,0.780739,0.504803,0.424768,0.105026,0.580554,0.414139,0.539380,0.456537,0.646575,0.307561,0.802245,0.654240,0.555116,0.567593,0.558681,0.557017,0.545876,0.315883,0.820593,0.460638,0.339309,0.647176,0.159352,0.429728,0.430514,0.553339,0.460985,0.267466,0.426506,0.692539,0.337118,0.661992,0.460235,0.684395,0.405134,0.682277,0.426599,0.465438,0.661837,0.505114,0.469665,0.334099,0.543701,0.432452,0.688060,0.774344,0.410641,0.469735,0.616265,0.450141
0.505678,0.517808,0.552088,0.614943,0.524112,0.710686,0.571225,0.666025,0.638457,0.769951,0.641551,0.546633,0.614022,0.390130,0.582066,0.672304,0.367853,0.588292,0.545764,0.628212,0.623088,0.649437,0.709610,0.487739,0.676272,0.589594,0.692042,0.719386,0.695168,0.642411,0.439175,0.584656,0.504435,0.674152,0.738436,0.707790,0.523322,0.632013,0.665285,0.677958,0.658228,0.666299,0.000000,0.616016,0.719045,0.568032,0.665854,0.679980,0.558706,0.616273,0.606437,0.611327,0.567362,0.720216,0.737964,0.407416,0.541006,0.535372,0.590355,0.331811,0.630046,0.753057,0.726190,0.603737,0.707063,0.714197,0.596993,0.600889,0.598362,0.616606,0.684220,0.639079,0.689660,0.700561,0.659243,0.602182,0.712492,0.566860,0.682802,0.620667,0.348424,0.635324,0.371640,0.601674,0.571908,0.680766,0.722735,0.577242,0.676201,0.502825,0.582027,0.687476,0.691762,0.596467,0.542261,0.464538,0.618937,0.657664,0.599058,0.612700,0.590354
0.507247,0.509403,0.480463,0.361492,0.358342,0.497805,0.404430,0.458252,0.355386,0.608998,0.272883,0.554531,0.397862,0.493893,0.437233,0.358823,0.582878,0.522503,0.470389,0.359561,0.712283,0.367695,0.602609,0.392255,0.384102,0.406052,0.591098,0.466532,0.459051,0.401100,0.423727,0.429818,0.587360,0.674896,0.624378,0.373294,0.591460,0.394924,0.444627,0.403528,0.592726,0.328019,0.616016,0.000000,0.429420,0.482660,0.500238,0.630714,0.365586,0.497872,0.305642,0.793325,0.476993,0.426579,0.366513,0.617216,0.520631,0.505133,0.457552,0.584057,0.235829,0.810779,0.623243,0.556337,0.571376,0.537025,0.506807,0.442118,0.042985,0.778400,0.481905,0.369422,0.615758,0.375851,0.414039,0.378087,0.555003,0.336791,0.442774,0.420187,0.616108,0.208427,0.607605,0.297895,0.645684,0.533035,0.646883,0.553731,0.552103,0.658446,0.573444,0.329339,0.442704,0.515691,0.523969,0.592910,0.699963,0.458897,0.344423,0.535912,0.423813
